32, 32, 3, 30
0.81960785 0.8235294 0.83137256 0.8392157 0.84313726 0.84313726 0.84705883 0.8509804 0.85490197 0.8627451 0.8745098 0.8901961 0.91764706 0.9254902 0.9372549 0.94509804 0.9529412 0.9529412 0.9411765 0.93333334 0.9372549 0.93333334 0.92941177 0.92156863 0.9098039 0.9137255 0.9137255 0.90588236 0.8901961 0.81960785 0.7490196 0.72156864
0.827451 0.8352941 0.83137256 0.84313726 0.84705883 0.8509804 0.85882354 0.8627451 0.85882354 0.8666667 0.8784314 0.9019608 0.9254902 0.93333334 0.94509804 0.9490196 0.9529412 0.94509804 0.9411765 0.9372549 0.9372549 0.93333334 0.93333334 0.92156863 0.9098039 0.9098039 0.9137255 0.9098039 0.88235295 0.8117647 0.7647059 0.7372549
0.8235294 0.84313726 0.8352941 0.8392157 0.8509804 0.8627451 0.8666667 0.87058824 0.87058824 0.8666667 0.8745098 0.9019608 0.9254902 0.93333334 0.9411765 0.94509804 0.94509804 0.9411765 0.9411765 0.93333334 0.92941177 0.92941177 0.92941177 0.92156863 0.9098039 0.9098039 0.9098039 0.9098039 0.85882354 0.7921569 0.7607843 0.7607843
0.827451 0.83137256 0.827451 0.8352941 0.85490197 0.8627451 0.8784314 0.8784314 0.8745098 0.87058824 0.87058824 0.89411765 0.9254902 0.9254902 0.92941177 0.9372549 0.94509804 0.9411765 0.9411765 0.92941177 0.92156863 0.91764706 0.92156863 0.91764706 0.9137255 0.9137255 0.9137255 0.90588236 0.85882354 0.7764706 0.7529412 0.7764706
0.83137256 0.827451 0.8352941 0.84313726 0.8627451 0.8784314 0.8862745 0.88235295 0.8784314 0.8784314 0.8745098 0.8901961 0.9137255 0.91764706 0.9254902 0.93333334 0.94509804 0.9490196 0.9490196 0.9372549 0.93333334 0.93333334 0.92156863 0.92156863 0.91764706 0.92156863 0.9137255 0.8980392 0.85882354 0.7764706 0.76862746 0.7921569
0.83137256 0.8352941 0.8352941 0.84705883 0.8745098 0.89411765 0.89411765 0.88235295 0.8745098 0.8745098 0.8784314 0.8862745 0.90588236 0.91764706 0.92156863 0.92941177 0.9372549 0.9529412 0.9529412 0.9490196 0.9490196 0.9529412 0.93333334 0.92156863 0.91764706 0.9137255 0.9019608 0.88235295 0.8392157 0.78039217 0.7647059 0.77254903
0.827451 0.83137256 0.8392157 0.85490197 0.8862745 0.8980392 0.9019608 0.8745098 0.85882354 0.8509804 0.8666667 0.88235295 0.9019608 0.9098039 0.91764706 0.92156863 0.9254902 0.9529412 0.9529412 0.9529412 0.9490196 0.9372549 0.92941177 0.92156863 0.9137255 0.9137255 0.8901961 0.85882354 0.83137256 0.7764706 0.75686276 0.77254903
0.83137256 0.8352941 0.84313726 0.8666667 0.8862745 0.89411765 0.9019608 0.8745098 0.8509804 0.84313726 0.8627451 0.8980392 0.90588236 0.9098039 0.9137255 0.9137255 0.92941177 0.9411765 0.9529412 0.95686275 0.9372549 0.91764706 0.9137255 0.8980392 0.90588236 0.9019608 0.8627451 0.8235294 0.80784315 0.7764706 0.7607843 0.7764706
0.83137256 0.8392157 0.84705883 0.8666667 0.89411765 0.9019608 0.8862745 0.8784314 0.87058824 0.85490197 0.8666667 0.8980392 0.9098039 0.91764706 0.91764706 0.9137255 0.91764706 0.92156863 0.9411765 0.9490196 0.92156863 0.9137255 0.9019608 0.8745098 0.8784314 0.8784314 0.8352941 0.8156863 0.8 0.78431374 0.7607843 0.77254903
0.83137256 0.8392157 0.8509804 0.8666667 0.89411765 0.9098039 0.8862745 0.8745098 0.8784314 0.8666667 0.8666667 0.8784314 0.8980392 0.9019608 0.90588236 0.9137255 0.91764706 0.91764706 0.93333334 0.93333334 0.91764706 0.9098039 0.8901961 0.87058824 0.8666667 0.8627451 0.84313726 0.8156863 0.79607844 0.78039217 0.7607843 0.7764706
0.8352941 0.8392157 0.8392157 0.85882354 0.88235295 0.9098039 0.90588236 0.88235295 0.8666667 0.85490197 0.85882354 0.8666667 0.8784314 0.8784314 0.89411765 0.9019608 0.9137255 0.92156863 0.9254902 0.91764706 0.91764706 0.8980392 0.88235295 0.8745098 0.8666667 0.85882354 0.8627451 0.8235294 0.79607844 0.78039217 0.77254903 0.7882353
0.8392157 0.8352941 0.827451 0.8509804 0.8627451 0.88235295 0.9019608 0.8745098 0.85882354 0.8627451 0.8745098 0.8745098 0.87058824 0.87058824 0.8862745 0.8980392 0.90588236 0.9098039 0.9137255 0.90588236 0.8980392 0.88235295 0.8745098 0.8784314 0.8627451 0.8509804 0.85490197 0.8156863 0.78039217 0.78431374 0.78431374 0.7882353
0.8235294 0.8117647 0.8117647 0.8392157 0.8509804 0.85882354 0.8745098 0.8627451 0.8745098 0.8509804 0.73333335 0.8156863 0.8745098 0.87058824 0.8901961 0.8980392 0.8980392 0.90588236 0.9137255 0.89411765 0.87058824 0.8666667 0.8666667 0.87058824 0.85882354 0.8509804 0.8509804 0.8235294 0.78039217 0.7921569 0.7882353 0.78431374
0.8039216 0.7921569 0.7921569 0.8235294 0.84705883 0.85490197 0.85882354 0.85882354 0.8156863 0.74509805 0.53333336 0.68235296 0.85490197 0.87058824 0.88235295 0.8980392 0.8980392 0.89411765 0.9019608 0.8784314 0.85490197 0.85490197 0.8627451 0.8627451 0.85490197 0.85490197 0.84313726 0.83137256 0.7921569 0.78431374 0.78431374 0.78039217
0.7882353 0.7882353 0.7882353 0.8 0.83137256 0.84705883 0.8509804 0.84705883 0.5294118 0.61960787 0.48235294 0.6 0.85490197 0.8627451 0.8862745 0.89411765 0.89411765 0.8862745 0.8862745 0.8745098 0.8509804 0.8509804 0.85490197 0.8509804 0.8509804 0.84705883 0.8352941 0.83137256 0.80784315 0.78039217 0.78039217 0.78039217
0.78431374 0.78431374 0.7882353 0.8039216 0.83137256 0.8392157 0.8392157 0.8235294 0.3882353 0.3882353 0.49411765 0.34509805 0.4862745 0.8627451 0.8784314 0.8784314 0.8862745 0.8862745 0.8784314 0.8745098 0.85490197 0.84705883 0.84705883 0.84705883 0.8392157 0.83137256 0.81960785 0.827451 0.81960785 0.7882353 0.7764706 0.78039217
0.78039217 0.78039217 0.78431374 0.8039216 0.827451 0.8352941 0.83137256 0.85490197 0.6 0.21960784 0.45882353 0.32156864 0.23137255 0.7411765 0.8666667 0.8745098 0.88235295 0.8862745 0.8784314 0.87058824 0.85882354 0.8509804 0.84313726 0.84313726 0.8392157 0.83137256 0.81960785 0.81960785 0.8039216 0.78039217 0.77254903 0.78431374
0.7882353 0.78039217 0.78431374 0.8 0.81960785 0.83137256 0.8352941 0.85882354 0.8627451 0.4117647 0.39607844 0.49019608 0.42352942 0.5803922 0.8 0.85490197 0.8745098 0.88235295 0.87058824 0.87058824 0.8627451 0.85882354 0.84705883 0.84313726 0.8392157 0.83137256 0.8156863 0.8117647 0.7921569 0.7764706 0.77254903 0.7882353
0.8 0.7921569 0.7921569 0.80784315 0.8235294 0.827451 0.83137256 0.85490197 0.8745098 0.8039216 0.40784314 0.2784314 0.4745098 0.4627451 0.6666667 0.85490197 0.85490197 0.85882354 0.8627451 0.85882354 0.8627451 0.85490197 0.8509804 0.8509804 0.8509804 0.83137256 0.8156863 0.80784315 0.8 0.7764706 0.76862746 0.7764706
0.79607844 0.7882353 0.7882353 0.8039216 0.8235294 0.81960785 0.827451 0.84705883 0.87058824 0.7607843 0.49803922 0.34117648 0.42745098 0.6627451 0.7372549 0.8509804 0.85882354 0.8509804 0.84705883 0.85490197 0.85882354 0.85490197 0.8509804 0.8509804 0.84705883 0.83137256 0.81960785 0.8156863 0.8235294 0.78431374 0.76862746 0.7764706
0.7882353 0.78039217 0.78431374 0.8 0.81960785 0.8117647 0.827451 0.85882354 0.8666667 0.7254902 0.5686275 0.6784314 0.6392157 0.84705883 0.8392157 0.8509804 0.8509804 0.84705883 0.8392157 0.8509804 0.85490197 0.85882354 0.85882354 0.85490197 0.84313726 0.8352941 0.8235294 0.8117647 0.8235294 0.7882353 0.78431374 0.7882353
0.7882353 0.78431374 0.7921569 0.8039216 0.8117647 0.80784315 0.81960785 0.84313726 0.8666667 0.8980392 0.8352941 0.8784314 0.85882354 0.8352941 0.84313726 0.8509804 0.8509804 0.8509804 0.85490197 0.8627451 0.8666667 0.85882354 0.85882354 0.85882354 0.8509804 0.8352941 0.8235294 0.8117647 0.8156863 0.7921569 0.7882353 0.8
0.7882353 0.7921569 0.8039216 0.8039216 0.80784315 0.8039216 0.81960785 0.83137256 0.85490197 0.7137255 0.78039217 0.85882354 0.84705883 0.84313726 0.84705883 0.85490197 0.84705883 0.8509804 0.8666667 0.87058824 0.87058824 0.8666667 0.87058824 0.8666667 0.8627451 0.84705883 0.83137256 0.83137256 0.8235294 0.8 0.7921569 0.80784315
0.78431374 0.79607844 0.8039216 0.8 0.8039216 0.8039216 0.8156863 0.8392157 0.8509804 0.6 0.65882355 0.84313726 0.84313726 0.84705883 0.8509804 0.85490197 0.85490197 0.85882354 0.8666667 0.8666667 0.87058824 0.8784314 0.8784314 0.8745098 0.87058824 0.85882354 0.84313726 0.83137256 0.81960785 0.8039216 0.78431374 0.79607844
0.7882353 0.8 0.8039216 0.8 0.80784315 0.80784315 0.8156863 0.827451 0.84705883 0.6745098 0.6156863 0.827451 0.85882354 0.85490197 0.85490197 0.8627451 0.8627451 0.8627451 0.85882354 0.8666667 0.8666667 0.8666667 0.8745098 0.8862745 0.8745098 0.85882354 0.8509804 0.81960785 0.79607844 0.78431374 0.77254903 0.7882353
0.7921569 0.79607844 0.8 0.8 0.80784315 0.8156863 0.81960785 0.827451 0.8745098 0.83137256 0.80784315 0.85882354 0.8509804 0.85882354 0.8666667 0.87058824 0.8627451 0.85882354 0.8509804 0.8627451 0.87058824 0.8627451 0.87058824 0.88235295 0.87058824 0.85490197 0.84705883 0.8117647 0.77254903 0.76862746 0.76862746 0.78431374
0.78431374 0.7921569 0.79607844 0.8 0.80784315 0.8156863 0.81960785 0.83137256 0.8509804 0.8039216 0.8352941 0.87058824 0.8627451 0.8666667 0.8745098 0.8745098 0.8666667 0.85882354 0.8509804 0.85490197 0.87058824 0.8627451 0.8666667 0.87058824 0.8627451 0.85882354 0.85490197 0.8156863 0.78039217 0.77254903 0.76862746 0.78039217
0.78039217 0.7882353 0.7921569 0.8 0.80784315 0.8117647 0.81960785 0.827451 0.8666667 0.87058824 0.85490197 0.87058824 0.8784314 0.8784314 0.8784314 0.88235295 0.87058824 0.85882354 0.85490197 0.8666667 0.8784314 0.87058824 0.87058824 0.8627451 0.8627451 0.8666667 0.8509804 0.8117647 0.76862746 0.76862746 0.7764706 0.77254903
0.78039217 0.7882353 0.7882353 0.8 0.80784315 0.80784315 0.81960785 0.827451 0.9019608 0.8745098 0.85882354 0.88235295 0.88235295 0.88235295 0.8901961 0.89411765 0.8784314 0.8627451 0.85490197 0.87058824 0.8745098 0.8666667 0.87058824 0.8627451 0.87058824 0.8745098 0.85882354 0.81960785 0.75686276 0.76862746 0.7764706 0.7764706
0.7764706 0.7882353 0.7882353 0.79607844 0.8039216 0.80784315 0.8156863 0.8352941 0.9372549 0.89411765 0.8745098 0.8862745 0.8901961 0.8901961 0.8980392 0.90588236 0.89411765 0.87058824 0.8666667 0.8745098 0.8784314 0.8745098 0.8745098 0.87058824 0.8784314 0.88235295 0.87058824 0.84705883 0.78039217 0.76862746 0.76862746 0.77254903
0.7647059 0.78039217 0.7921569 0.8 0.8039216 0.8039216 0.8156863 0.8352941 0.9137255 0.89411765 0.8745098 0.8901961 0.89411765 0.9019608 0.90588236 0.9137255 0.90588236 0.8901961 0.88235295 0.8862745 0.8901961 0.8862745 0.8784314 0.8862745 0.9019608 0.8980392 0.8745098 0.84705883 0.7921569 0.77254903 0.7607843 0.7647059
0.7607843 0.7647059 0.7764706 0.7882353 0.8 0.8039216 0.8156863 0.8352941 0.9019608 0.89411765 0.8784314 0.8980392 0.9019608 0.9137255 0.9254902 0.92941177 0.91764706 0.9137255 0.90588236 0.89411765 0.8901961 0.9019608 0.8901961 0.9137255 0.92156863 0.91764706 0.8862745 0.8509804 0.7921569 0.76862746 0.7529412 0.7607843
0.88235295 0.88235295 0.8901961 0.8901961 0.8862745 0.8862745 0.88235295 0.8862745 0.8784314 0.88235295 0.8901961 0.89411765 0.9137255 0.92156863 0.92941177 0.9411765 0.9529412 0.9529412 0.9490196 0.93333334 0.93333334 0.93333334 0.92941177 0.92156863 0.9098039 0.9137255 0.9137255 0.90588236 0.90588236 0.85882354 0.8156863 0.78431374
0.89411765 0.8901961 0.8901961 0.89411765 0.8901961 0.89411765 0.8980392 0.89411765 0.88235295 0.8862745 0.8901961 0.9019608 0.92156863 0.92941177 0.9411765 0.95686275 0.9607843 0.95686275 0.9490196 0.9411765 0.9372549 0.9411765 0.93333334 0.92156863 0.9098039 0.9098039 0.9137255 0.9098039 0.9019608 0.85490197 0.83137256 0.7921569
0.9019608 0.8980392 0.89411765 0.8901961 0.8980392 0.90588236 0.90588236 0.9019608 0.89411765 0.8862745 0.8980392 0.9137255 0.93333334 0.9411765 0.9490196 0.95686275 0.9607843 0.95686275 0.9529412 0.9411765 0.9372549 0.94509804 0.9372549 0.9254902 0.91764706 0.9137255 0.9098039 0.9098039 0.88235295 0.85490197 0.8235294 0.8039216
0.8980392 0.8980392 0.8901961 0.89411765 0.9019608 0.90588236 0.90588236 0.9019608 0.8980392 0.89411765 0.8980392 0.9098039 0.9372549 0.94509804 0.9529412 0.95686275 0.9647059 0.9647059 0.9647059 0.9490196 0.94509804 0.9490196 0.94509804 0.92941177 0.92941177 0.9254902 0.9137255 0.9098039 0.8862745 0.84705883 0.8156863 0.80784315
0.89411765 0.8901961 0.89411765 0.8980392 0.90588236 0.9137255 0.9137255 0.9019608 0.9019608 0.9019608 0.9019608 0.90588236 0.92941177 0.9372549 0.94509804 0.9529412 0.9647059 0.972549 0.972549 0.9607843 0.95686275 0.95686275 0.95686275 0.9490196 0.9411765 0.9411765 0.91764706 0.9098039 0.8862745 0.8392157 0.81960785 0.8156863
0.8862745 0.8862745 0.8901961 0.8980392 0.9098039 0.92156863 0.91764706 0.90588236 0.8980392 0.8980392 0.9019608 0.9019608 0.9137255 0.92941177 0.9411765 0.9490196 0.9607843 0.972549 0.9764706 0.972549 0.96862745 0.972549 0.96862745 0.9529412 0.94509804 0.92941177 0.9137255 0.90588236 0.8745098 0.84705883 0.8235294 0.8
0.8784314 0.88235295 0.8901961 0.9019608 0.91764706 0.92156863 0.9254902 0.9098039 0.89411765 0.8901961 0.89411765 0.8980392 0.90588236 0.92156863 0.9372549 0.94509804 0.94509804 0.96862745 0.9764706 0.9764706 0.9764706 0.96862745 0.9529412 0.9411765 0.9372549 0.92156863 0.90588236 0.8862745 0.8784314 0.85882354 0.8235294 0.80784315
0.88235295 0.8901961 0.9019608 0.9098039 0.92156863 0.93333334 0.92941177 0.9098039 0.89411765 0.8862745 0.8901961 0.9019608 0.9098039 0.91764706 0.9254902 0.92941177 0.9411765 0.9607843 0.9764706 0.9764706 0.972549 0.95686275 0.9372549 0.9137255 0.91764706 0.91764706 0.8901961 0.8627451 0.8627451 0.85882354 0.827451 0.8117647
0.88235295 0.89411765 0.90588236 0.9098039 0.92156863 0.92941177 0.92156863 0.9019608 0.9019608 0.8901961 0.8980392 0.9098039 0.9137255 0.91764706 0.91764706 0.91764706 0.92156863 0.94509804 0.9647059 0.972549 0.9529412 0.92941177 0.92156863 0.9019608 0.9019608 0.90588236 0.8745098 0.8666667 0.8666667 0.85490197 0.8235294 0.8117647
0.8784314 0.8862745 0.89411765 0.90588236 0.9137255 0.92156863 0.9137255 0.8980392 0.9019608 0.89411765 0.8980392 0.90588236 0.9137255 0.9098039 0.90588236 0.9137255 0.9137255 0.93333334 0.9490196 0.95686275 0.93333334 0.9137255 0.90588236 0.9019608 0.9019608 0.8980392 0.8784314 0.8666667 0.8666667 0.84705883 0.81960785 0.8117647
0.8784314 0.88235295 0.88235295 0.8980392 0.9098039 0.9137255 0.91764706 0.90588236 0.8980392 0.8901961 0.8862745 0.8980392 0.90588236 0.8980392 0.8980392 0.9098039 0.9098039 0.91764706 0.9254902 0.93333334 0.9254902 0.90588236 0.9019608 0.9019608 0.8980392 0.8901961 0.8862745 0.8666667 0.8666667 0.8509804 0.827451 0.8156863
0.8745098 0.87058824 0.8627451 0.8862745 0.9019608 0.90588236 0.9098039 0.9019608 0.8901961 0.8901961 0.90588236 0.90588236 0.89411765 0.89411765 0.8980392 0.90588236 0.90588236 0.9098039 0.91764706 0.9137255 0.90588236 0.8980392 0.89411765 0.90588236 0.9019608 0.88235295 0.88235295 0.85882354 0.85490197 0.85490197 0.8352941 0.8156863
0.8666667 0.85882354 0.85490197 0.8745098 0.8901961 0.89411765 0.89411765 0.8901961 0.9098039 0.85490197 0.7137255 0.8392157 0.89411765 0.8901961 0.8980392 0.9019608 0.9019608 0.9098039 0.9098039 0.9019608 0.89411765 0.8862745 0.8862745 0.89411765 0.89411765 0.88235295 0.8745098 0.8627451 0.84705883 0.8509804 0.827451 0.8039216
0.8509804 0.84313726 0.84705883 0.85882354 0.8745098 0.8862745 0.8862745 0.8784314 0.76862746 0.7254902 0.50980395 0.52156866 0.88235295 0.8901961 0.89411765 0.9019608 0.9019608 0.8980392 0.9019608 0.89411765 0.88235295 0.8745098 0.88235295 0.8862745 0.8784314 0.8784314 0.8627451 0.8627451 0.8509804 0.84313726 0.81960785 0.79607844
0.8352941 0.83137256 0.8392157 0.8509804 0.8627451 0.87058824 0.8745098 0.84705883 0.5058824 0.53333336 0.5921569 0.59607846 0.827451 0.8862745 0.89411765 0.8980392 0.9019608 0.89411765 0.8980392 0.89411765 0.8745098 0.87058824 0.8745098 0.8745098 0.8666667 0.8666667 0.85490197 0.85490197 0.85490197 0.84705883 0.827451 0.80784315
0.83137256 0.827451 0.83137256 0.84705883 0.85490197 0.85882354 0.8627451 0.8627451 0.4862745 0.38431373 0.5803922 0.40784314 0.41568628 0.87058824 0.8862745 0.8901961 0.89411765 0.89411765 0.8901961 0.8862745 0.8666667 0.8666667 0.8666667 0.8627451 0.85882354 0.85882354 0.8509804 0.85490197 0.85882354 0.8509804 0.83137256 0.80784315
0.827451 0.827451 0.83137256 0.84705883 0.85490197 0.85882354 0.85882354 0.8666667 0.6745098 0.34509805 0.4117647 0.33333334 0.2 0.69411767 0.8901961 0.88235295 0.8901961 0.89411765 0.8862745 0.8784314 0.8666667 0.87058824 0.8666667 0.85882354 0.85882354 0.85490197 0.8509804 0.84705883 0.84705883 0.8392157 0.83137256 0.80784315
0.8352941 0.83137256 0.83137256 0.84313726 0.8509804 0.85490197 0.85490197 0.8627451 0.8784314 0.49803922 0.40392157 0.46666667 0.46666667 0.6392157 0.7882353 0.8627451 0.88235295 0.8901961 0.88235295 0.8784314 0.87058824 0.87058824 0.85882354 0.85882354 0.85882354 0.85490197 0.8509804 0.84313726 0.84313726 0.84313726 0.8235294 0.80784315
0.8392157 0.8235294 0.827451 0.8392157 0.84313726 0.8509804 0.85490197 0.8627451 0.8745098 0.8117647 0.44705883 0.34901962 0.5019608 0.5803922 0.69803923 0.85882354 0.8627451 0.8666667 0.87058824 0.8666667 0.87058824 0.8627451 0.85490197 0.8666667 0.8627451 0.85490197 0.85490197 0.84705883 0.85490197 0.84705883 0.8117647 0.8
0.83137256 0.8235294 0.827451 0.8352941 0.84705883 0.8509804 0.8509804 0.8627451 0.8745098 0.75686276 0.5176471 0.4627451 0.46666667 0.7176471 0.77254903 0.85490197 0.8666667 0.85882354 0.85490197 0.8627451 0.8666667 0.85882354 0.85882354 0.85882354 0.85882354 0.8509804 0.8509804 0.85882354 0.88235295 0.8509804 0.8156863 0.8039216
0.827451 0.81960785 0.81960785 0.83137256 0.84313726 0.84705883 0.84705883 0.85490197 0.8745098 0.7294118 0.5803922 0.7372549 0.69803923 0.8627451 0.85490197 0.85490197 0.85490197 0.8509804 0.8509804 0.85882354 0.8627451 0.8627451 0.8627451 0.8627451 0.85490197 0.8509804 0.84705883 0.85490197 0.8862745 0.85490197 0.827451 0.8156863
0.8235294 0.8117647 0.81960785 0.83137256 0.8392157 0.8392157 0.84313726 0.8509804 0.88235295 0.84313726 0.78039217 0.8666667 0.85490197 0.8392157 0.84705883 0.85490197 0.85490197 0.85490197 0.85882354 0.8666667 0.87058824 0.8627451 0.8627451 0.8666667 0.8627451 0.85490197 0.84705883 0.84313726 0.8745098 0.85490197 0.83137256 0.8235294
0.8156863 0.8156863 0.8235294 0.83137256 0.8352941 0.8392157 0.8392157 0.84705883 0.85882354 0.67058825 0.73333335 0.8745098 0.84705883 0.84313726 0.8509804 0.85490197 0.85490197 0.85490197 0.87058824 0.8745098 0.8745098 0.87058824 0.87058824 0.87058824 0.8745098 0.8666667 0.85882354 0.85490197 0.88235295 0.85882354 0.83137256 0.827451
0.8156863 0.81960785 0.827451 0.8235294 0.83137256 0.83137256 0.8392157 0.8392157 0.85490197 0.64705884 0.5686275 0.79607844 0.85490197 0.8509804 0.85490197 0.85882354 0.85490197 0.85882354 0.8666667 0.87058824 0.8745098 0.88235295 0.88235295 0.88235295 0.88235295 0.8745098 0.85882354 0.85882354 0.8745098 0.8627451 0.827451 0.8156863
0.81960785 0.8235294 0.827451 0.8235294 0.83137256 0.83137256 0.8392157 0.84705883 0.85882354 0.5254902 0.14509805 0.7294118 0.85882354 0.85490197 0.85882354 0.85882354 0.85882354 0.85882354 0.8627451 0.87058824 0.87058824 0.87058824 0.88235295 0.89411765 0.88235295 0.87058824 0.85882354 0.85490197 0.85882354 0.8509804 0.81960785 0.8039216
0.8235294 0.81960785 0.81960785 0.8235294 0.83137256 0.8352941 0.8392157 0.84313726 0.8862745 0.7607843 0.6784314 0.8627451 0.8509804 0.85490197 0.8627451 0.8666667 0.85882354 0.85490197 0.85490197 0.8666667 0.8745098 0.8666667 0.8745098 0.8901961 0.8784314 0.8666667 0.85882354 0.84705883 0.84313726 0.8392157 0.8156863 0.8
0.8156863 0.8117647 0.8156863 0.81960785 0.827451 0.8392157 0.8392157 0.83137256 0.8666667 0.8352941 0.87058824 0.85882354 0.8627451 0.8627451 0.87058824 0.8745098 0.8666667 0.85882354 0.85490197 0.85882354 0.8745098 0.8666667 0.87058824 0.8784314 0.8745098 0.87058824 0.8666667 0.84313726 0.827451 0.827451 0.81960785 0.8039216
0.8156863 0.8117647 0.8117647 0.81960785 0.827451 0.83137256 0.83137256 0.8352941 0.8862745 0.8784314 0.84313726 0.87058824 0.8745098 0.8745098 0.8784314 0.8784314 0.87058824 0.8627451 0.85490197 0.8666667 0.8784314 0.8745098 0.8784314 0.87058824 0.8666667 0.8745098 0.8666667 0.8392157 0.8117647 0.8156863 0.8235294 0.8
0.8156863 0.80784315 0.80784315 0.81960785 0.827451 0.827451 0.83137256 0.8392157 0.92156863 0.8862745 0.85490197 0.8784314 0.88235295 0.88235295 0.8901961 0.8901961 0.8784314 0.8627451 0.85882354 0.87058824 0.8784314 0.8745098 0.8784314 0.87058824 0.8784314 0.8862745 0.8745098 0.84313726 0.8 0.8156863 0.8235294 0.8
0.80784315 0.8039216 0.80784315 0.8156863 0.827451 0.827451 0.827451 0.84705883 0.9490196 0.9019608 0.87058824 0.8862745 0.8862745 0.8862745 0.8901961 0.89411765 0.8862745 0.87058824 0.8666667 0.8745098 0.88235295 0.88235295 0.88235295 0.88235295 0.89411765 0.8980392 0.8784314 0.85882354 0.81960785 0.81960785 0.81960785 0.8039216
0.80784315 0.8039216 0.8117647 0.81960785 0.8235294 0.8235294 0.827451 0.8392157 0.92156863 0.89411765 0.87058824 0.8862745 0.8901961 0.8862745 0.89411765 0.8980392 0.89411765 0.8862745 0.8862745 0.8862745 0.8901961 0.89411765 0.8862745 0.8901961 0.9019608 0.9019608 0.8901961 0.87058824 0.8352941 0.827451 0.8156863 0.79607844
0.8039216 0.8039216 0.80784315 0.81960785 0.827451 0.827451 0.83137256 0.84705883 0.9137255 0.8980392 0.8784314 0.89411765 0.89411765 0.8980392 0.9098039 0.9098039 0.9019608 0.9019608 0.8980392 0.89411765 0.89411765 0.9019608 0.8980392 0.9098039 0.9137255 0.90588236 0.9019608 0.8784314 0.84313726 0.827451 0.8117647 0.79607844
0.87058824 0.87058824 0.8784314 0.88235295 0.8745098 0.87058824 0.87058824 0.8745098 0.87058824 0.8745098 0.8745098 0.8862745 0.9098039 0.9254902 0.93333334 0.94509804 0.9529412 0.9529412 0.94509804 0.93333334 0.93333334 0.9254902 0.92156863 0.9137255 0.9019608 0.90588236 0.90588236 0.8980392 0.89411765 0.84313726 0.79607844 0.7607843
0.88235295 0.8784314 0.8784314 0.8862745 0.8784314 0.8784314 0.8862745 0.88235295 0.8745098 0.8784314 0.8784314 0.89411765 0.91764706 0.93333334 0.9411765 0.9529412 0.95686275 0.9529412 0.94509804 0.9411765 0.93333334 0.92941177 0.9254902 0.9137255 0.9019608 0.9019608 0.90588236 0.9019608 0.8862745 0.8392157 0.80784315 0.76862746
0.8862745 0.8901961 0.88235295 0.8784314 0.8862745 0.8862745 0.8901961 0.8901961 0.8862745 0.88235295 0.88235295 0.9019608 0.9254902 0.9372549 0.94509804 0.9529412 0.95686275 0.9529412 0.9490196 0.9372549 0.93333334 0.93333334 0.9254902 0.9137255 0.90588236 0.90588236 0.9019608 0.9019608 0.87058824 0.8392157 0.8 0.78039217
0.88235295 0.88235295 0.87058824 0.8745098 0.88235295 0.88235295 0.8901961 0.89411765 0.8901961 0.8862745 0.88235295 0.89411765 0.9254902 0.9372549 0.9490196 0.9529412 0.95686275 0.95686275 0.95686275 0.9411765 0.9372549 0.93333334 0.9254902 0.9137255 0.9137255 0.9137255 0.90588236 0.9019608 0.87058824 0.8235294 0.7882353 0.78431374
0.88235295 0.8745098 0.8745098 0.88235295 0.8862745 0.89411765 0.8980392 0.89411765 0.89411765 0.8901961 0.8862745 0.8901961 0.9137255 0.9254902 0.9411765 0.9490196 0.9607843 0.9647059 0.9647059 0.9529412 0.9529412 0.95686275 0.94509804 0.92941177 0.9254902 0.9254902 0.9098039 0.8980392 0.87058824 0.8156863 0.7921569 0.79607844
0.87058824 0.87058824 0.8745098 0.8784314 0.89411765 0.90588236 0.9019608 0.8980392 0.8901961 0.8862745 0.8862745 0.8862745 0.9019608 0.91764706 0.93333334 0.94509804 0.9529412 0.96862745 0.972549 0.96862745 0.96862745 0.9764706 0.9607843 0.9372549 0.92941177 0.91764706 0.9019608 0.8862745 0.85882354 0.8235294 0.79607844 0.78039217
0.85882354 0.8627451 0.8745098 0.8862745 0.9019608 0.90588236 0.9098039 0.8980392 0.88235295 0.8745098 0.8745098 0.88235295 0.89411765 0.90588236 0.9254902 0.9372549 0.9411765 0.9647059 0.9764706 0.9764706 0.9764706 0.9607843 0.94509804 0.92941177 0.92156863 0.9098039 0.8901961 0.87058824 0.85490197 0.827451 0.79607844 0.78431374
0.8627451 0.87058824 0.88235295 0.89411765 0.9098039 0.91764706 0.91764706 0.8901961 0.8745098 0.8627451 0.8745098 0.8901961 0.8980392 0.90588236 0.9137255 0.91764706 0.92941177 0.9490196 0.972549 0.98039216 0.9647059 0.9372549 0.9137255 0.89411765 0.89411765 0.8980392 0.8666667 0.84313726 0.84705883 0.83137256 0.8 0.7882353
0.8666667 0.8745098 0.8862745 0.89411765 0.9098039 0.91764706 0.90588236 0.8901961 0.88235295 0.87058824 0.88235295 0.8980392 0.90588236 0.9098039 0.9098039 0.9098039 0.9137255 0.92941177 0.95686275 0.96862745 0.9411765 0.9137255 0.8980392 0.8745098 0.8745098 0.8784314 0.84313726 0.8392157 0.84705883 0.83137256 0.79607844 0.78431374
0.8627451 0.87058824 0.8784314 0.8901961 0.9019608 0.9098039 0.89411765 0.88235295 0.8862745 0.8784314 0.8784314 0.8862745 0.8980392 0.8980392 0.8980392 0.9019608 0.9019608 0.9137255 0.93333334 0.94509804 0.92156863 0.8980392 0.8901961 0.8784314 0.87058824 0.87058824 0.84705883 0.8392157 0.84313726 0.8235294 0.7921569 0.7882353
0.8627451 0.8666667 0.8666667 0.8862745 0.89411765 0.90588236 0.90588236 0.8901961 0.8784314 0.87058824 0.87058824 0.88235295 0.8901961 0.88235295 0.8901961 0.89411765 0.89411765 0.9019608 0.9098039 0.9137255 0.90588236 0.8862745 0.8862745 0.8784314 0.8666667 0.85882354 0.8627451 0.84313726 0.84313726 0.827451 0.8 0.79607844
0.8627451 0.85490197 0.84313726 0.87058824 0.8784314 0.8901961 0.8980392 0.8784314 0.87058824 0.87058824 0.8901961 0.8862745 0.88235295 0.8745098 0.8862745 0.8901961 0.8862745 0.8901961 0.8980392 0.89411765 0.8862745 0.8745098 0.87058824 0.8784314 0.87058824 0.85490197 0.85490197 0.83137256 0.8352941 0.83137256 0.8117647 0.7921569
0.8509804 0.8392157 0.83137256 0.85490197 0.8666667 0.8745098 0.88235295 0.88235295 0.89411765 0.8509804 0.6901961 0.8156863 0.8745098 0.8745098 0.8862745 0.8862745 0.88235295 0.8901961 0.89411765 0.88235295 0.87058824 0.8627451 0.8627451 0.87058824 0.8627451 0.85490197 0.8509804 0.8352941 0.8235294 0.83137256 0.80784315 0.78431374
0.8352941 0.8235294 0.81960785 0.8392157 0.85882354 0.8666667 0.87058824 0.8666667 0.7490196 0.7058824 0.48235294 0.5058824 0.8666667 0.8745098 0.88235295 0.8862745 0.88235295 0.88235295 0.8862745 0.87058824 0.85882354 0.85882354 0.85490197 0.85882354 0.8509804 0.85490197 0.84313726 0.8352941 0.8235294 0.8235294 0.8 0.78039217
0.81960785 0.8117647 0.8117647 0.8235294 0.84313726 0.85490197 0.85882354 0.8352941 0.48235294 0.49411765 0.54901963 0.54509807 0.8039216 0.87058824 0.88235295 0.88235295 0.88235295 0.8745098 0.8784314 0.87058824 0.8509804 0.85490197 0.8509804 0.84705883 0.84313726 0.84313726 0.8352941 0.827451 0.827451 0.8235294 0.8039216 0.7882353
0.80784315 0.80784315 0.8156863 0.83137256 0.8392157 0.84313726 0.84705883 0.8509804 0.45490196 0.3254902 0.53333336 0.3647059 0.38039216 0.84313726 0.8784314 0.8745098 0.8745098 0.87058824 0.87058824 0.8627451 0.84705883 0.84705883 0.84313726 0.8392157 0.8352941 0.83137256 0.81960785 0.8235294 0.8235294 0.827451 0.8039216 0.7882353
0.8039216 0.8039216 0.8156863 0.83137256 0.8392157 0.84313726 0.8392157 0.85490197 0.6627451 0.2901961 0.3372549 0.30980393 0.17254902 0.6745098 0.85882354 0.87058824 0.8745098 0.87058824 0.8627451 0.85882354 0.84705883 0.84705883 0.84313726 0.8352941 0.8352941 0.827451 0.81960785 0.8156863 0.8117647 0.8156863 0.8039216 0.7882353
0.80784315 0.80784315 0.8156863 0.827451 0.8352941 0.8392157 0.84313726 0.84705883 0.8784314 0.48235294 0.32941177 0.42352942 0.4117647 0.5921569 0.75686276 0.8509804 0.8666667 0.8666667 0.85882354 0.85882354 0.8509804 0.84705883 0.8352941 0.8352941 0.8352941 0.827451 0.81960785 0.8117647 0.8117647 0.81960785 0.79607844 0.7921569
0.8156863 0.80784315 0.8156863 0.827451 0.83137256 0.8352941 0.8392157 0.84705883 0.8627451 0.8 0.3882353 0.2901961 0.45882353 0.5372549 0.6666667 0.84705883 0.84705883 0.84313726 0.8509804 0.84705883 0.8509804 0.84313726 0.8352941 0.84313726 0.84313726 0.83137256 0.81960785 0.8156863 0.827451 0.81960785 0.7882353 0.78039217
0.8117647 0.8039216 0.80784315 0.81960785 0.83137256 0.83137256 0.8352941 0.8509804 0.85882354 0.7411765 0.45490196 0.43529412 0.44705883 0.69411767 0.7490196 0.8392157 0.84705883 0.8352941 0.8352941 0.84313726 0.84705883 0.8392157 0.8392157 0.8352941 0.83137256 0.8235294 0.81960785 0.83137256 0.8666667 0.8352941 0.79607844 0.78039217
0.8039216 0.79607844 0.8 0.8117647 0.827451 0.827451 0.83137256 0.84705883 0.8666667 0.70980394 0.5254902 0.72156864 0.6784314 0.84313726 0.8352941 0.83137256 0.8352941 0.83137256 0.827451 0.8352941 0.8392157 0.8392157 0.8392157 0.8392157 0.827451 0.8235294 0.8156863 0.827451 0.87058824 0.8392157 0.80784315 0.7882353
0.8 0.79607844 0.8039216 0.8156863 0.81960785 0.81960785 0.827451 0.8392157 0.87058824 0.8392157 0.7490196 0.84705883 0.84705883 0.81960785 0.827451 0.8352941 0.8352941 0.8352941 0.8392157 0.84313726 0.84705883 0.8392157 0.8392157 0.8392157 0.83137256 0.8235294 0.8117647 0.8156863 0.8509804 0.8352941 0.80784315 0.79607844
0.8 0.8 0.80784315 0.8156863 0.81960785 0.81960785 0.8235294 0.8352941 0.8509804 0.65882355 0.7019608 0.8627451 0.83137256 0.827451 0.83137256 0.8392157 0.83137256 0.8352941 0.84313726 0.84705883 0.84705883 0.84313726 0.84313726 0.8392157 0.8392157 0.827451 0.8156863 0.827451 0.85882354 0.8352941 0.8039216 0.8
0.79607844 0.8039216 0.8117647 0.80784315 0.8156863 0.8156863 0.81960785 0.827451 0.84705883 0.6117647 0.49019608 0.7647059 0.84705883 0.8352941 0.8352941 0.8392157 0.8392157 0.84313726 0.84313726 0.84313726 0.84705883 0.8509804 0.8509804 0.84313726 0.84313726 0.8392157 0.8235294 0.83137256 0.85490197 0.84313726 0.8 0.7882353
0.8 0.80784315 0.8117647 0.80784315 0.8156863 0.8156863 0.81960785 0.827451 0.84313726 0.52156866 0.13725491 0.69803923 0.8352941 0.8392157 0.8352941 0.8392157 0.8392157 0.8392157 0.8392157 0.84705883 0.84313726 0.84705883 0.8509804 0.84705883 0.84313726 0.8352941 0.83137256 0.827451 0.8392157 0.827451 0.7921569 0.78039217
0.8039216 0.8039216 0.8039216 0.80784315 0.8156863 0.81960785 0.8235294 0.827451 0.8666667 0.7529412 0.67058825 0.84705883 0.85490197 0.8352941 0.84313726 0.84705883 0.8392157 0.8352941 0.8235294 0.8352941 0.84313726 0.84313726 0.84313726 0.84705883 0.8392157 0.83137256 0.83137256 0.8156863 0.80784315 0.80784315 0.7882353 0.7764706
0.8 0.79607844 0.8 0.8039216 0.8117647 0.8235294 0.81960785 0.8235294 0.8509804 0.827451 0.84313726 0.8392157 0.8392157 0.84313726 0.84705883 0.84705883 0.8392157 0.83137256 0.8235294 0.827451 0.84313726 0.8392157 0.84313726 0.8352941 0.83137256 0.8392157 0.8392157 0.8156863 0.7921569 0.8 0.79607844 0.78039217
0.79607844 0.79607844 0.79607844 0.8039216 0.8117647 0.8156863 0.8156863 0.8235294 0.8745098 0.8745098 0.827451 0.8627451 0.8509804 0.8509804 0.8509804 0.8509804 0.84313726 0.83137256 0.8235294 0.8352941 0.84705883 0.8392157 0.8392157 0.83137256 0.8352941 0.8352941 0.83137256 0.79607844 0.7764706 0.7882353 0.79607844 0.77254903
0.79607844 0.79607844 0.7921569 0.8039216 0.8117647 0.8117647 0.8156863 0.81960785 0.9137255 0.87058824 0.8392157 0.85490197 0.85490197 0.8509804 0.85882354 0.85882354 0.84705883 0.83137256 0.827451 0.8392157 0.84313726 0.83137256 0.8352941 0.8352941 0.8392157 0.8352941 0.83137256 0.79607844 0.7607843 0.78431374 0.79607844 0.77254903
0.7882353 0.7921569 0.7921569 0.8 0.8117647 0.8117647 0.8156863 0.827451 0.9411765 0.8901961 0.8509804 0.85882354 0.8509804 0.8509804 0.85490197 0.85882354 0.8509804 0.8352941 0.8352941 0.84313726 0.84705883 0.8392157 0.8392157 0.8392157 0.84705883 0.84313726 0.8392157 0.81960785 0.78039217 0.7882353 0.7921569 0.7764706
0.78431374 0.7882353 0.79607844 0.8039216 0.80784315 0.80784315 0.8156863 0.8235294 0.91764706 0.8862745 0.85490197 0.8666667 0.8627451 0.85882354 0.8666667 0.87058824 0.8666667 0.85882354 0.85490197 0.85490197 0.85490197 0.8509804 0.84313726 0.8509804 0.8627451 0.8666667 0.8509804 0.8235294 0.79607844 0.7921569 0.7882353 0.76862746
0.77254903 0.78039217 0.7882353 0.8 0.80784315 0.8117647 0.8117647 0.83137256 0.9137255 0.8901961 0.85882354 0.8745098 0.8745098 0.88235295 0.8901961 0.8901961 0.88235295 0.88235295 0.87058824 0.8627451 0.85882354 0.85882354 0.85490197 0.8745098 0.88235295 0.8745098 0.85490197 0.83137256 0.8039216 0.79607844 0.7764706 0.7607843
2 3 2
8 18 2
20 11 2
15 13 2
25 10 0
25 11 2
19 26 1
8 19 2
8 20 2
23 9 2
21 13 1
5 2 1
12 23 2
19 27 1
21 11 1
11 25 2
3 7 2
11 13 2
3 20 2
10 10 2
10 18 2
26 8 1
21 9 0
16 24 1
10 23 2
20 12 2
27 24 1
6 13 2
24 29 2
26 28 2
