32, 32, 3, 30
0.26666668 0.27058825 0.26666668 0.26666668 0.30588236 0.43529412 0.39215687 0.3372549 0.3764706 0.4 0.36078432 0.32941177 0.34509805 0.3882353 0.3764706 0.35686275 0.34117648 0.41568628 0.5372549 0.5058824 0.38039216 0.3529412 0.4117647 0.50980395 0.54509807 0.5019608 0.4392157 0.5372549 0.6392157 0.5529412 0.43137255 0.3647059
0.27058825 0.26666668 0.25882354 0.2784314 0.34117648 0.4509804 0.3647059 0.2901961 0.28627452 0.28627452 0.2784314 0.2784314 0.2901961 0.31764707 0.32941177 0.31764707 0.39215687 0.53333336 0.5254902 0.4627451 0.38431373 0.3882353 0.49019608 0.5882353 0.6117647 0.5647059 0.48235294 0.58431375 0.63529414 0.5254902 0.3882353 0.3254902
0.30588236 0.28235295 0.28627452 0.3137255 0.34117648 0.3137255 0.28627452 0.28627452 0.29803923 0.3019608 0.30588236 0.3019608 0.32156864 0.4 0.45882353 0.47058824 0.5647059 0.57254905 0.46666667 0.39215687 0.36862746 0.41960785 0.50980395 0.5686275 0.5647059 0.5647059 0.5254902 0.6313726 0.62352943 0.46666667 0.3529412 0.32941177
0.31764707 0.29411766 0.30980393 0.31764707 0.32941177 0.30588236 0.30588236 0.31764707 0.32941177 0.33333334 0.34509805 0.3529412 0.35686275 0.40784314 0.4627451 0.52156866 0.62352943 0.5529412 0.43529412 0.38431373 0.39607844 0.45882353 0.5176471 0.54901963 0.5137255 0.5137255 0.5921569 0.7019608 0.6431373 0.46666667 0.39215687 0.37254903
0.27450982 0.27450982 0.2784314 0.26666668 0.2901961 0.30980393 0.30980393 0.3254902 0.3254902 0.3254902 0.3372549 0.34117648 0.34509805 0.3529412 0.37254903 0.4862745 0.5764706 0.49411765 0.39607844 0.39607844 0.43137255 0.49803922 0.5529412 0.5529412 0.49803922 0.48235294 0.6117647 0.7058824 0.56078434 0.42745098 0.3882353 0.3647059
0.25882354 0.2627451 0.24705882 0.24313726 0.2509804 0.26666668 0.28627452 0.2901961 0.2901961 0.2901961 0.30588236 0.29803923 0.29803923 0.3019608 0.3529412 0.5019608 0.5176471 0.42352942 0.38039216 0.3882353 0.44313726 0.49803922 0.5294118 0.49411765 0.43137255 0.45490196 0.62352943 0.63529414 0.39215687 0.32156864 0.3372549 0.34117648
0.27450982 0.2627451 0.24705882 0.25490198 0.2509804 0.25882354 0.2784314 0.27058825 0.2627451 0.27058825 0.2901961 0.2901961 0.27058825 0.25882354 0.38431373 0.5019608 0.4627451 0.39607844 0.38431373 0.39607844 0.4745098 0.5176471 0.5058824 0.44313726 0.40784314 0.47843137 0.64705884 0.5647059 0.30980393 0.27450982 0.31764707 0.32941177
0.27450982 0.25882354 0.24313726 0.25882354 0.26666668 0.2627451 0.2784314 0.29411766 0.28235295 0.2784314 0.28627452 0.27450982 0.26666668 0.2784314 0.43529412 0.47843137 0.42352942 0.36862746 0.37254903 0.43137255 0.49019608 0.5254902 0.4862745 0.40392157 0.4117647 0.5176471 0.6431373 0.45882353 0.27450982 0.26666668 0.28235295 0.2901961
0.24705882 0.25490198 0.27058825 0.26666668 0.2784314 0.27450982 0.28627452 0.30588236 0.30588236 0.2901961 0.28235295 0.28235295 0.3019608 0.40392157 0.49411765 0.47058824 0.39607844 0.3529412 0.36862746 0.4509804 0.49019608 0.5372549 0.47058824 0.3882353 0.43529412 0.5529412 0.62352943 0.38039216 0.2627451 0.25882354 0.25490198 0.2627451
0.29411766 0.27058825 0.25490198 0.26666668 0.26666668 0.27058825 0.2901961 0.2901961 0.26666668 0.2627451 0.27058825 0.28627452 0.3137255 0.49019608 0.5058824 0.44313726 0.3647059 0.34509805 0.4 0.45490196 0.4862745 0.50980395 0.40784314 0.3764706 0.4392157 0.56078434 0.5803922 0.32156864 0.24313726 0.25882354 0.26666668 0.26666668
0.2901961 0.26666668 0.23529412 0.25882354 0.27450982 0.2627451 0.26666668 0.25882354 0.2509804 0.27058825 0.26666668 0.2627451 0.3372549 0.4862745 0.4627451 0.3882353 0.34901962 0.3529412 0.43529412 0.4627451 0.5176471 0.47058824 0.3882353 0.40784314 0.4627451 0.57254905 0.5294118 0.27450982 0.24705882 0.25882354 0.25490198 0.24313726
0.23137255 0.23921569 0.23921569 0.23921569 0.2509804 0.2509804 0.23137255 0.24313726 0.26666668 0.2627451 0.24313726 0.23137255 0.40784314 0.4862745 0.43137255 0.3529412 0.3137255 0.36078432 0.4509804 0.4627451 0.53333336 0.46666667 0.43529412 0.4862745 0.5686275 0.6313726 0.49411765 0.31764707 0.26666668 0.2509804 0.2509804 0.23529412
0.22352941 0.21568628 0.22745098 0.23921569 0.22745098 0.23529412 0.23529412 0.24705882 0.25882354 0.27058825 0.24705882 0.28235295 0.46666667 0.4745098 0.4 0.3254902 0.31764707 0.4 0.4392157 0.4745098 0.49411765 0.40392157 0.41960785 0.49803922 0.59607846 0.6156863 0.39607844 0.31764707 0.29411766 0.28235295 0.30588236 0.31764707
0.25882354 0.24313726 0.2509804 0.25490198 0.24313726 0.23137255 0.23921569 0.24313726 0.23921569 0.24705882 0.23921569 0.3647059 0.4745098 0.44705883 0.3529412 0.30980393 0.36078432 0.43137255 0.4509804 0.49411765 0.43137255 0.3647059 0.41568628 0.5019608 0.6 0.5254902 0.28627452 0.26666668 0.28627452 0.29411766 0.32156864 0.36078432
0.2509804 0.24705882 0.23529412 0.23137255 0.25490198 0.27058825 0.2627451 0.24705882 0.2509804 0.22745098 0.27058825 0.4392157 0.47058824 0.4 0.3019608 0.30588236 0.39215687 0.43529412 0.49019608 0.45490196 0.36078432 0.36862746 0.43137255 0.53333336 0.6 0.4117647 0.23921569 0.24705882 0.23529412 0.26666668 0.28235295 0.3372549
0.21176471 0.21960784 0.24313726 0.23137255 0.2627451 0.28627452 0.2627451 0.25882354 0.26666668 0.28235295 0.38431373 0.52156866 0.4862745 0.38431373 0.34509805 0.44705883 0.45490196 0.45490196 0.53333336 0.4 0.34901962 0.40392157 0.48235294 0.57254905 0.5686275 0.32156864 0.23529412 0.24705882 0.25490198 0.23921569 0.24313726 0.3019608
0.2 0.2 0.24705882 0.24705882 0.23137255 0.21960784 0.23137255 0.21960784 0.21960784 0.28235295 0.43137255 0.5176471 0.43529412 0.36078432 0.39607844 0.56078434 0.5019608 0.54509807 0.5254902 0.3647059 0.40392157 0.45882353 0.52156866 0.59607846 0.50980395 0.3137255 0.25490198 0.23529412 0.25490198 0.25882354 0.24705882 0.2509804
0.18431373 0.19215687 0.18431373 0.19607843 0.19215687 0.21176471 0.2509804 0.2627451 0.20392157 0.27058825 0.49019608 0.46666667 0.36078432 0.3254902 0.42352942 0.5882353 0.56078434 0.5647059 0.44705883 0.3764706 0.4509804 0.4862745 0.5411765 0.59607846 0.43529412 0.28627452 0.27450982 0.24313726 0.22745098 0.23137255 0.24705882 0.2509804
0.21176471 0.22352941 0.20784314 0.21568628 0.22745098 0.2509804 0.34117648 0.34901962 0.2509804 0.34509805 0.5137255 0.41568628 0.43529412 0.56078434 0.627451 0.7137255 0.7411765 0.67058825 0.5176471 0.41960785 0.49411765 0.49019608 0.56078434 0.54509807 0.34901962 0.27450982 0.28627452 0.27058825 0.23529412 0.21568628 0.22745098 0.25490198
0.20784314 0.23137255 0.22745098 0.22745098 0.24313726 0.27058825 0.40784314 0.42745098 0.40392157 0.5137255 0.5372549 0.47843137 0.54509807 0.6784314 0.6745098 0.7372549 0.6666667 0.5803922 0.5568628 0.53333336 0.53333336 0.53333336 0.5921569 0.5058824 0.32156864 0.32156864 0.29411766 0.2627451 0.22352941 0.20392157 0.21568628 0.2509804
0.20784314 0.21176471 0.20392157 0.18039216 0.18431373 0.22352941 0.44313726 0.48235294 0.5137255 0.6 0.5568628 0.5568628 0.61960787 0.61960787 0.6392157 0.70980394 0.5764706 0.5176471 0.5764706 0.60784316 0.58431375 0.6 0.6509804 0.5411765 0.38039216 0.30588236 0.24705882 0.23921569 0.22745098 0.21568628 0.21960784 0.23921569
0.2 0.19607843 0.21176471 0.22745098 0.22745098 0.22745098 0.56078434 0.7137255 0.72156864 0.7529412 0.7294118 0.7019608 0.84705883 0.80784315 0.7921569 0.87058824 0.8235294 0.7882353 0.7058824 0.6392157 0.64705884 0.68235296 0.6431373 0.38039216 0.2784314 0.21960784 0.22745098 0.23921569 0.22745098 0.21960784 0.21568628 0.23921569
0.21176471 0.23529412 0.21568628 0.28627452 0.31764707 0.32156864 0.44705883 0.62352943 0.6627451 0.7294118 0.80784315 0.76862746 0.7529412 0.87058824 0.9411765 0.8509804 0.7921569 0.8352941 0.8039216 0.76862746 0.6784314 0.72156864 0.5568628 0.25490198 0.2509804 0.23137255 0.22352941 0.21960784 0.21960784 0.19607843 0.21176471 0.22745098
0.26666668 0.2784314 0.25882354 0.28627452 0.28627452 0.30588236 0.32941177 0.40784314 0.42352942 0.41568628 0.46666667 0.4627451 0.43529412 0.6509804 0.9098039 0.6392157 0.47058824 0.4117647 0.36862746 0.3254902 0.30588236 0.3764706 0.36078432 0.1882353 0.21960784 0.24313726 0.2509804 0.25882354 0.23921569 0.24705882 0.23529412 0.25882354
0.28627452 0.2784314 0.28627452 0.3019608 0.29411766 0.29803923 0.27058825 0.3019608 0.3019608 0.34117648 0.34901962 0.36862746 0.3882353 0.44705883 0.7294118 0.59607846 0.40392157 0.3254902 0.3254902 0.28235295 0.24313726 0.24313726 0.2627451 0.20784314 0.21176471 0.23137255 0.2509804 0.2784314 0.31764707 0.32941177 0.26666668 0.23137255
0.25882354 0.2901961 0.3137255 0.27450982 0.27450982 0.2784314 0.25882354 0.29411766 0.2627451 0.30588236 0.29411766 0.30980393 0.29803923 0.39215687 0.70980394 0.5137255 0.35686275 0.40784314 0.49803922 0.45882353 0.31764707 0.3647059 0.3764706 0.33333334 0.23529412 0.21176471 0.23137255 0.24313726 0.29803923 0.34509805 0.29803923 0.24313726
0.24313726 0.3137255 0.3254902 0.22352941 0.20784314 0.23529412 0.23529412 0.24313726 0.23137255 0.25882354 0.24313726 0.22352941 0.2509804 0.33333334 0.42352942 0.29803923 0.25490198 0.29803923 0.37254903 0.3529412 0.27058825 0.30980393 0.32941177 0.3019608 0.24705882 0.21960784 0.23137255 0.24313726 0.2784314 0.32156864 0.32941177 0.34117648
0.23137255 0.27058825 0.24705882 0.19215687 0.20392157 0.22352941 0.22352941 0.22352941 0.23921569 0.24705882 0.22352941 0.16470589 0.1764706 0.19607843 0.18039216 0.21568628 0.2627451 0.2901961 0.28627452 0.29803923 0.30980393 0.28627452 0.2784314 0.26666668 0.29803923 0.30980393 0.30588236 0.29803923 0.30588236 0.3137255 0.32156864 0.32941177
0.20392157 0.1764706 0.16470589 0.16862746 0.18039216 0.19607843 0.18431373 0.16862746 0.20392157 0.24313726 0.23137255 0.20784314 0.18039216 0.19607843 0.1882353 0.19215687 0.21960784 0.2901961 0.25490198 0.27058825 0.30588236 0.30588236 0.3019608 0.29803923 0.3019608 0.3019608 0.3137255 0.30980393 0.28235295 0.2784314 0.2627451 0.25490198
0.15294118 0.16470589 0.16078432 0.19215687 0.21176471 0.19607843 0.21176471 0.21960784 0.23529412 0.24313726 0.2509804 0.24705882 0.24313726 0.23921569 0.21960784 0.21960784 0.25490198 0.31764707 0.30588236 0.2784314 0.25490198 0.27058825 0.2627451 0.23529412 0.21568628 0.24313726 0.23137255 0.2509804 0.24313726 0.24313726 0.25490198 0.27058825
0.21176471 0.19215687 0.21176471 0.23137255 0.2627451 0.22352941 0.23137255 0.24313726 0.25490198 0.24705882 0.2627451 0.24705882 0.23529412 0.22352941 0.20392157 0.21568628 0.23921569 0.27450982 0.32156864 0.32941177 0.2901961 0.28235295 0.25882354 0.23529412 0.21176471 0.21568628 0.18039216 0.19215687 0.1882353 0.23921569 0.26666668 0.28235295
0.20392157 0.2 0.20392157 0.19607843 0.21960784 0.23921569 0.21568628 0.21568628 0.23529412 0.24313726 0.24313726 0.23921569 0.23529412 0.20784314 0.20392157 0.22352941 0.23137255 0.23137255 0.2627451 0.2901961 0.2784314 0.26666668 0.24313726 0.2509804 0.22352941 0.21568628 0.22745098 0.21960784 0.20784314 0.24313726 0.2627451 0.28235295
0.34117648 0.3372549 0.34901962 0.36862746 0.40392157 0.49019608 0.45882353 0.43529412 0.47058824 0.47058824 0.4392157 0.43529412 0.4509804 0.46666667 0.4392157 0.42352942 0.41568628 0.49019608 0.60784316 0.5764706 0.47058824 0.43137255 0.4862745 0.5764706 0.59607846 0.5647059 0.5176471 0.6039216 0.6862745 0.6117647 0.5137255 0.44705883
0.34509805 0.3372549 0.34509805 0.37254903 0.43529412 0.5137255 0.44313726 0.39215687 0.39215687 0.38039216 0.37254903 0.3764706 0.38431373 0.40392157 0.4117647 0.4 0.45882353 0.59607846 0.59607846 0.5372549 0.4745098 0.47058824 0.56078434 0.6431373 0.6509804 0.6156863 0.5529412 0.6509804 0.68235296 0.58431375 0.47058824 0.40784314
0.38431373 0.35686275 0.37254903 0.4 0.43529412 0.4117647 0.3882353 0.38039216 0.38431373 0.39215687 0.39215687 0.3882353 0.4 0.45882353 0.50980395 0.5137255 0.6156863 0.627451 0.5411765 0.47058824 0.45490196 0.49803922 0.5803922 0.627451 0.61960787 0.6156863 0.58431375 0.69411767 0.6666667 0.5294118 0.43137255 0.40392157
0.39607844 0.3764706 0.39215687 0.40392157 0.41568628 0.4 0.4 0.40392157 0.40392157 0.41568628 0.43529412 0.44313726 0.43529412 0.47058824 0.5058824 0.5647059 0.6666667 0.60784316 0.5137255 0.46666667 0.47843137 0.5372549 0.59607846 0.62352943 0.58431375 0.57254905 0.6392157 0.74509805 0.6745098 0.5254902 0.45490196 0.4392157
0.3529412 0.34509805 0.34901962 0.34509805 0.37254903 0.4 0.40392157 0.41960785 0.41568628 0.4117647 0.42352942 0.43137255 0.4509804 0.4392157 0.4392157 0.54901963 0.6313726 0.5686275 0.48235294 0.4862745 0.5137255 0.5764706 0.6313726 0.6313726 0.5764706 0.5568628 0.6627451 0.74509805 0.60784316 0.49411765 0.45490196 0.44705883
0.3372549 0.32941177 0.30588236 0.3137255 0.33333334 0.34901962 0.3764706 0.38431373 0.3882353 0.38431373 0.39215687 0.39215687 0.4117647 0.4 0.43529412 0.5803922 0.5882353 0.50980395 0.47058824 0.47843137 0.5254902 0.5764706 0.6117647 0.5764706 0.5137255 0.5411765 0.68235296 0.69803923 0.4862745 0.41568628 0.43137255 0.43137255
0.34117648 0.32156864 0.30588236 0.31764707 0.3137255 0.32941177 0.36078432 0.3529412 0.34509805 0.3529412 0.3764706 0.3764706 0.36078432 0.3529412 0.47058824 0.58431375 0.54509807 0.4862745 0.4745098 0.48235294 0.5568628 0.59607846 0.5921569 0.5372549 0.49803922 0.5529412 0.7019608 0.6313726 0.40392157 0.36862746 0.40784314 0.41960785
0.3372549 0.31764707 0.3019608 0.31764707 0.3254902 0.32941177 0.36078432 0.37254903 0.36078432 0.36078432 0.37254903 0.3529412 0.3372549 0.3647059 0.5176471 0.56078434 0.50980395 0.45490196 0.45882353 0.5176471 0.5764706 0.60784316 0.57254905 0.49803922 0.5019608 0.5921569 0.7058824 0.5294118 0.35686275 0.3529412 0.36862746 0.3764706
0.30980393 0.31764707 0.32941177 0.32941177 0.3372549 0.34509805 0.3647059 0.3882353 0.3882353 0.37254903 0.36862746 0.36078432 0.36078432 0.48235294 0.5764706 0.5529412 0.48235294 0.4392157 0.45490196 0.5372549 0.57254905 0.61960787 0.56078434 0.48235294 0.5294118 0.627451 0.6901961 0.45882353 0.33333334 0.34117648 0.34117648 0.34509805
0.3529412 0.32941177 0.31764707 0.32941177 0.32941177 0.34117648 0.36862746 0.37254903 0.34901962 0.34509805 0.3529412 0.3647059 0.38431373 0.5686275 0.5882353 0.5294118 0.44705883 0.42745098 0.48235294 0.5372549 0.5686275 0.5882353 0.49019608 0.4627451 0.5294118 0.6392157 0.64705884 0.40392157 0.32156864 0.34509805 0.35686275 0.35686275
0.34509805 0.32941177 0.29803923 0.32156864 0.33333334 0.33333334 0.34509805 0.3372549 0.32941177 0.34901962 0.34117648 0.34509805 0.42352942 0.57254905 0.54901963 0.4745098 0.43137255 0.43529412 0.5137255 0.5411765 0.5921569 0.54901963 0.4627451 0.48235294 0.5411765 0.6431373 0.59607846 0.35686275 0.32941177 0.34117648 0.3372549 0.3254902
0.28627452 0.29803923 0.29803923 0.3019608 0.3137255 0.32156864 0.30980393 0.32156864 0.34509805 0.34117648 0.32156864 0.30980393 0.49411765 0.57254905 0.5176471 0.4392157 0.39215687 0.4392157 0.5294118 0.5411765 0.6 0.5294118 0.49411765 0.54509807 0.62352943 0.68235296 0.5647059 0.39215687 0.3372549 0.32156864 0.32156864 0.3019608
0.2784314 0.27058825 0.28627452 0.29411766 0.28627452 0.3019608 0.30980393 0.31764707 0.32941177 0.34117648 0.32156864 0.36078432 0.54901963 0.56078434 0.48235294 0.40392157 0.39607844 0.47843137 0.5176471 0.5529412 0.5568628 0.45882353 0.4745098 0.54901963 0.6392157 0.65882355 0.4627451 0.38039216 0.3529412 0.34901962 0.37254903 0.3882353
0.3137255 0.29411766 0.3019608 0.30588236 0.29411766 0.2901961 0.3019608 0.30588236 0.3019608 0.30980393 0.3019608 0.43137255 0.5529412 0.5254902 0.43137255 0.3882353 0.4392157 0.50980395 0.5294118 0.57254905 0.49803922 0.42745098 0.4745098 0.5568628 0.6509804 0.57254905 0.34117648 0.31764707 0.34117648 0.36078432 0.3882353 0.43137255
0.3019608 0.29803923 0.28627452 0.28235295 0.30588236 0.3254902 0.3254902 0.30980393 0.30980393 0.2901961 0.33333334 0.5058824 0.54901963 0.47843137 0.38039216 0.3882353 0.4745098 0.5137255 0.57254905 0.5372549 0.42745098 0.43137255 0.49019608 0.58431375 0.6509804 0.45882353 0.28627452 0.29803923 0.2901961 0.32941177 0.34509805 0.40392157
0.2627451 0.27058825 0.29411766 0.28235295 0.31764707 0.34509805 0.3254902 0.32156864 0.32941177 0.34509805 0.44705883 0.5921569 0.5686275 0.46666667 0.41960785 0.4862745 0.52156866 0.5372549 0.6117647 0.48235294 0.41960785 0.46666667 0.5411765 0.627451 0.6156863 0.37254903 0.28627452 0.29803923 0.30980393 0.29803923 0.30588236 0.3647059
0.24705882 0.2509804 0.29803923 0.30980393 0.30588236 0.2901961 0.28235295 0.28627452 0.29803923 0.3529412 0.49411765 0.5803922 0.50980395 0.43137255 0.4627451 0.5568628 0.5372549 0.61960787 0.58431375 0.44313726 0.4745098 0.52156866 0.5764706 0.6431373 0.56078434 0.3647059 0.30588236 0.28235295 0.30980393 0.32156864 0.30980393 0.3137255
0.23529412 0.24313726 0.23137255 0.25882354 0.25882354 0.27450982 0.29411766 0.3254902 0.2784314 0.3372549 0.54901963 0.5294118 0.43137255 0.40784314 0.48235294 0.54901963 0.5764706 0.627451 0.5019608 0.45882353 0.5176471 0.54901963 0.59607846 0.6431373 0.4862745 0.34117648 0.33333334 0.31764707 0.3019608 0.29411766 0.30980393 0.3137255
0.2627451 0.27450982 0.25882354 0.26666668 0.28235295 0.3019608 0.38039216 0.40392157 0.30980393 0.4 0.57254905 0.4862745 0.45490196 0.54901963 0.6156863 0.6313726 0.7019608 0.6627451 0.5019608 0.49803922 0.56078434 0.5529412 0.61960787 0.6 0.40392157 0.32941177 0.34509805 0.34509805 0.3019608 0.2784314 0.2901961 0.31764707
0.25882354 0.28235295 0.2784314 0.28627452 0.30588236 0.32941177 0.45882353 0.4862745 0.45490196 0.56078434 0.5921569 0.5372549 0.5647059 0.654902 0.6431373 0.6313726 0.627451 0.5686275 0.54509807 0.5921569 0.5882353 0.5803922 0.6431373 0.56078434 0.3764706 0.37254903 0.34901962 0.31764707 0.2784314 0.2627451 0.27450982 0.30980393
0.25882354 0.2627451 0.25490198 0.23137255 0.24313726 0.27058825 0.4392157 0.50980395 0.5568628 0.654902 0.6039216 0.6 0.6627451 0.6862745 0.6627451 0.6156863 0.56078434 0.56078434 0.6313726 0.654902 0.6509804 0.67058825 0.7019608 0.5882353 0.43137255 0.35686275 0.3019608 0.2901961 0.28235295 0.26666668 0.27058825 0.2901961
0.25490198 0.24705882 0.2627451 0.28235295 0.2784314 0.28627452 0.4392157 0.5411765 0.65882355 0.74509805 0.72156864 0.6745098 0.76862746 0.7647059 0.78431374 0.8 0.7647059 0.7764706 0.73333335 0.6627451 0.64705884 0.6627451 0.6117647 0.42745098 0.32941177 0.27058825 0.2784314 0.2901961 0.2784314 0.27058825 0.2627451 0.2901961
0.2627451 0.28627452 0.27058825 0.34117648 0.36862746 0.38431373 0.39215687 0.43529412 0.5137255 0.6313726 0.74509805 0.69411767 0.6784314 0.7764706 0.8666667 0.75686276 0.7019608 0.77254903 0.7490196 0.69411767 0.5294118 0.5058824 0.4117647 0.30980393 0.3137255 0.28235295 0.27450982 0.27058825 0.27058825 0.24705882 0.26666668 0.28235295
0.30588236 0.32941177 0.30588236 0.33333334 0.33333334 0.36078432 0.36078432 0.4 0.44313726 0.44705883 0.5058824 0.49803922 0.46666667 0.6156863 0.8352941 0.5529412 0.46666667 0.43137255 0.39215687 0.34901962 0.33333334 0.38039216 0.35686275 0.24313726 0.28235295 0.29411766 0.3019608 0.3137255 0.29411766 0.30980393 0.30980393 0.31764707
0.3254902 0.32156864 0.32941177 0.35686275 0.34509805 0.34117648 0.32941177 0.34901962 0.3529412 0.39607844 0.39607844 0.41960785 0.41568628 0.4509804 0.63529414 0.49411765 0.43529412 0.35686275 0.34117648 0.30588236 0.29411766 0.29803923 0.3019608 0.2509804 0.26666668 0.28627452 0.3019608 0.33333334 0.37254903 0.3882353 0.3372549 0.28627452
0.30980393 0.32941177 0.34509805 0.32156864 0.3254902 0.32156864 0.30980393 0.34509805 0.31764707 0.3647059 0.34509805 0.35686275 0.3647059 0.38039216 0.54901963 0.4509804 0.39215687 0.42352942 0.48235294 0.44705883 0.35686275 0.4117647 0.40784314 0.3764706 0.28627452 0.26666668 0.28235295 0.29411766 0.34901962 0.39215687 0.36078432 0.29803923
0.29411766 0.3529412 0.36078432 0.26666668 0.25882354 0.28235295 0.28235295 0.2901961 0.2901961 0.31764707 0.3019608 0.2784314 0.31764707 0.3137255 0.34901962 0.3372549 0.3254902 0.35686275 0.4117647 0.39215687 0.32941177 0.36078432 0.37254903 0.3529412 0.29803923 0.27058825 0.28627452 0.29411766 0.33333334 0.3764706 0.3882353 0.40392157
0.27450982 0.30980393 0.2901961 0.24313726 0.25490198 0.27450982 0.27450982 0.27450982 0.2901961 0.29803923 0.27450982 0.21960784 0.23137255 0.22352941 0.23137255 0.27058825 0.31764707 0.3529412 0.34117648 0.3529412 0.36862746 0.34509805 0.34117648 0.3254902 0.35686275 0.37254903 0.3647059 0.36078432 0.3647059 0.3764706 0.38039216 0.38431373
0.25882354 0.23137255 0.21176471 0.21568628 0.23137255 0.24705882 0.23529412 0.21960784 0.25490198 0.29411766 0.28235295 0.2627451 0.24313726 0.25490198 0.25882354 0.23137255 0.25882354 0.3372549 0.3019608 0.32156864 0.36078432 0.3647059 0.36078432 0.3529412 0.36078432 0.3647059 0.3764706 0.36862746 0.34117648 0.3372549 0.31764707 0.3019608
0.21176471 0.22745098 0.21568628 0.23921569 0.25882354 0.24313726 0.2627451 0.27058825 0.28627452 0.29803923 0.30588236 0.3019608 0.30588236 0.30588236 0.2784314 0.27058825 0.29803923 0.36078432 0.35686275 0.33333334 0.30588236 0.32941177 0.32156864 0.28627452 0.27058825 0.3019608 0.2901961 0.30980393 0.3019608 0.29803923 0.30980393 0.32156864
0.27058825 0.2509804 0.25882354 0.27450982 0.3019608 0.26666668 0.28627452 0.29803923 0.30980393 0.3019608 0.31764707 0.29803923 0.2901961 0.2784314 0.25882354 0.27058825 0.29411766 0.3254902 0.37254903 0.38431373 0.33333334 0.3372549 0.32156864 0.2901961 0.26666668 0.2784314 0.24313726 0.25882354 0.24705882 0.28627452 0.31764707 0.33333334
0.25490198 0.2509804 0.2509804 0.23921569 0.2627451 0.2901961 0.27058825 0.27058825 0.28627452 0.29411766 0.29411766 0.2901961 0.28627452 0.2627451 0.25882354 0.2784314 0.28235295 0.28235295 0.30980393 0.3372549 0.31764707 0.31764707 0.30588236 0.30588236 0.27450982 0.27058825 0.28235295 0.2784314 0.2627451 0.2901961 0.30980393 0.32941177
0.3254902 0.32156864 0.32941177 0.33333334 0.34509805 0.41568628 0.4 0.3764706 0.39607844 0.3882353 0.38431373 0.39607844 0.40784314 0.42352942 0.40392157 0.3764706 0.38431373 0.48235294 0.60784316 0.5647059 0.44313726 0.40392157 0.46666667 0.56078434 0.5921569 0.56078434 0.5058824 0.59607846 0.69803923 0.6117647 0.4862745 0.4117647
0.3137255 0.31764707 0.3254902 0.34509805 0.36862746 0.41568628 0.37254903 0.34509805 0.36078432 0.36078432 0.35686275 0.34509805 0.35686275 0.34901962 0.3529412 0.3529412 0.43529412 0.5921569 0.5921569 0.50980395 0.4392157 0.44313726 0.5411765 0.63529414 0.6431373 0.59607846 0.53333336 0.6431373 0.69411767 0.58431375 0.44313726 0.37254903
0.34509805 0.32941177 0.34509805 0.3647059 0.38039216 0.34509805 0.33333334 0.33333334 0.34509805 0.3529412 0.3372549 0.33333334 0.3529412 0.38039216 0.41960785 0.44705883 0.58431375 0.62352943 0.5254902 0.43529412 0.41960785 0.46666667 0.5568628 0.6156863 0.6 0.5764706 0.5568628 0.6862745 0.6745098 0.5176471 0.40392157 0.3647059
0.36078432 0.34117648 0.35686275 0.36078432 0.36862746 0.34901962 0.34901962 0.35686275 0.36078432 0.3647059 0.3647059 0.37254903 0.36862746 0.3882353 0.41568628 0.49019608 0.6313726 0.59607846 0.4862745 0.42745098 0.44313726 0.5019608 0.5647059 0.6 0.5568628 0.52156866 0.6117647 0.7411765 0.6666667 0.4862745 0.4117647 0.39607844
0.31764707 0.3137255 0.3137255 0.30980393 0.3372549 0.35686275 0.3529412 0.36862746 0.36862746 0.3647059 0.37254903 0.37254903 0.3764706 0.37254903 0.36862746 0.49411765 0.6 0.5294118 0.43137255 0.43137255 0.47058824 0.5411765 0.5921569 0.5921569 0.53333336 0.49019608 0.627451 0.7411765 0.5686275 0.42745098 0.3882353 0.38431373
0.3019608 0.29803923 0.2784314 0.2901961 0.30980393 0.3137255 0.32941177 0.3372549 0.3372549 0.3372549 0.34509805 0.3372549 0.34117648 0.34901962 0.38039216 0.5372549 0.5529412 0.45490196 0.40784314 0.41960785 0.47843137 0.5411765 0.5686275 0.5294118 0.47058824 0.49019608 0.6627451 0.6784314 0.41960785 0.3529412 0.36862746 0.36078432
0.3019608 0.29803923 0.28627452 0.29803923 0.29803923 0.3019608 0.32156864 0.3137255 0.30588236 0.3137255 0.32941177 0.32941177 0.31764707 0.3137255 0.43137255 0.54509807 0.5019608 0.43529412 0.42352942 0.43137255 0.5176471 0.5686275 0.5529412 0.4862745 0.4509804 0.5254902 0.69411767 0.60784316 0.34509805 0.30588236 0.34901962 0.35686275
0.29803923 0.28627452 0.27450982 0.2901961 0.29803923 0.29411766 0.3137255 0.32941177 0.31764707 0.3137255 0.3254902 0.30980393 0.3019608 0.32941177 0.48235294 0.5254902 0.4627451 0.40784314 0.4117647 0.46666667 0.5411765 0.5803922 0.53333336 0.44705883 0.45490196 0.56078434 0.69411767 0.5019608 0.30588236 0.29803923 0.31764707 0.3254902
0.27058825 0.2784314 0.2901961 0.2901961 0.29803923 0.29803923 0.30980393 0.33333334 0.33333334 0.31764707 0.32156864 0.31764707 0.32941177 0.44705883 0.5411765 0.5176471 0.43529412 0.39215687 0.40784314 0.49019608 0.5372549 0.5921569 0.52156866 0.43137255 0.47843137 0.6 0.6784314 0.42745098 0.2901961 0.3019608 0.3019608 0.30588236
0.30588236 0.28235295 0.27058825 0.28627452 0.2901961 0.29803923 0.3254902 0.3254902 0.29803923 0.29803923 0.30588236 0.32156864 0.34509805 0.5294118 0.54509807 0.4862745 0.39607844 0.37254903 0.43137255 0.49411765 0.5294118 0.54509807 0.4392157 0.41568628 0.48235294 0.61960787 0.6431373 0.37254903 0.2784314 0.3019608 0.30980393 0.30980393
0.29411766 0.2784314 0.24705882 0.2784314 0.29411766 0.29803923 0.30980393 0.29803923 0.28627452 0.30980393 0.3019608 0.29803923 0.3764706 0.5254902 0.5019608 0.42352942 0.3764706 0.38039216 0.46666667 0.5019608 0.54901963 0.49411765 0.40784314 0.4392157 0.49803922 0.6313726 0.58431375 0.31764707 0.29411766 0.30980393 0.3019608 0.2901961
0.2509804 0.2627451 0.2627451 0.2627451 0.27058825 0.28235295 0.27450982 0.28235295 0.3019608 0.29803923 0.2784314 0.26666668 0.44705883 0.5254902 0.47058824 0.39215687 0.3529412 0.4 0.4862745 0.49803922 0.56078434 0.4745098 0.44313726 0.5058824 0.5882353 0.67058825 0.5176471 0.33333334 0.30588236 0.28235295 0.28235295 0.2627451
0.24313726 0.23921569 0.25490198 0.2627451 0.2509804 0.27058825 0.27450982 0.28235295 0.2901961 0.3019608 0.2784314 0.31764707 0.5019608 0.50980395 0.42745098 0.3529412 0.35686275 0.4392157 0.47843137 0.5137255 0.5176471 0.40784314 0.42745098 0.5137255 0.6156863 0.6431373 0.40784314 0.3254902 0.31764707 0.28627452 0.30588236 0.3137255
0.26666668 0.25882354 0.26666668 0.27450982 0.26666668 0.25882354 0.27450982 0.27450982 0.27058825 0.27450982 0.2627451 0.3882353 0.50980395 0.47843137 0.3764706 0.33333334 0.39607844 0.47058824 0.49019608 0.53333336 0.45490196 0.3764706 0.42352942 0.5137255 0.6313726 0.56078434 0.30980393 0.2901961 0.29803923 0.29803923 0.31764707 0.33333334
0.2627451 0.2627451 0.2509804 0.24313726 0.27058825 0.28627452 0.28235295 0.27058825 0.27058825 0.24705882 0.28235295 0.45882353 0.5058824 0.43529412 0.33333334 0.32941177 0.42352942 0.47058824 0.5254902 0.49019608 0.38039216 0.38039216 0.4392157 0.54509807 0.6313726 0.44705883 0.2627451 0.27450982 0.2509804 0.2784314 0.2901961 0.3254902
0.23529412 0.23529412 0.25882354 0.23921569 0.26666668 0.29411766 0.2784314 0.27450982 0.28235295 0.29411766 0.38431373 0.5254902 0.49803922 0.4 0.36078432 0.40784314 0.46666667 0.49411765 0.5568628 0.42352942 0.3647059 0.41568628 0.49019608 0.58431375 0.6 0.35686275 0.25882354 0.27450982 0.27058825 0.25882354 0.2627451 0.30980393
0.23529412 0.21960784 0.2627451 0.26666668 0.25490198 0.23529412 0.2509804 0.24705882 0.2509804 0.30588236 0.44313726 0.5137255 0.4392157 0.36862746 0.38039216 0.43137255 0.45490196 0.57254905 0.5137255 0.3764706 0.40392157 0.47058824 0.54509807 0.6156863 0.5254902 0.32156864 0.27450982 0.26666668 0.27058825 0.28235295 0.27058825 0.2784314
0.21568628 0.21176471 0.19607843 0.23137255 0.23921569 0.23921569 0.25882354 0.2784314 0.23529412 0.30980393 0.52156866 0.4862745 0.38039216 0.34117648 0.40392157 0.41568628 0.4862745 0.58431375 0.42745098 0.39215687 0.44705883 0.49803922 0.5686275 0.6156863 0.4392157 0.28627452 0.28627452 0.28235295 0.25490198 0.25490198 0.27058825 0.2784314
0.23137255 0.23921569 0.22352941 0.23921569 0.2627451 0.2627451 0.29803923 0.31764707 0.25882354 0.38039216 0.54509807 0.4392157 0.4 0.44313726 0.4745098 0.4509804 0.53333336 0.54901963 0.42745098 0.4392157 0.49803922 0.5058824 0.58431375 0.5529412 0.34901962 0.2784314 0.29411766 0.2901961 0.2627451 0.24313726 0.2509804 0.27058825
0.22745098 0.2509804 0.24705882 0.2509804 0.26666668 0.27450982 0.32941177 0.34509805 0.34117648 0.49803922 0.5411765 0.46666667 0.5176471 0.5882353 0.5254902 0.4509804 0.47058824 0.46666667 0.4745098 0.5411765 0.53333336 0.5372549 0.6039216 0.50980395 0.30980393 0.32156864 0.29411766 0.2627451 0.23529412 0.22745098 0.23529412 0.25490198
0.23137255 0.23137255 0.22352941 0.21960784 0.23921569 0.25490198 0.34901962 0.36862746 0.44705883 0.5882353 0.5372549 0.5372549 0.6117647 0.6745098 0.6745098 0.5137255 0.49803922 0.5568628 0.6313726 0.6431373 0.6313726 0.65882355 0.69803923 0.5764706 0.3882353 0.30980393 0.25490198 0.24313726 0.23529412 0.23529412 0.23921569 0.24705882
0.22745098 0.20784314 0.21960784 0.23529412 0.22745098 0.23137255 0.36078432 0.4392157 0.5803922 0.6156863 0.5568628 0.5686275 0.49803922 0.6117647 0.69803923 0.5764706 0.5294118 0.63529414 0.6627451 0.5764706 0.5882353 0.6039216 0.5686275 0.39215687 0.2901961 0.23529412 0.24313726 0.25490198 0.24705882 0.24313726 0.23921569 0.25882354
0.22745098 0.24313726 0.22352941 0.27058825 0.2784314 0.28627452 0.29411766 0.34901962 0.42745098 0.41568628 0.42745098 0.44313726 0.3764706 0.44313726 0.56078434 0.4117647 0.41568628 0.47058824 0.4627451 0.43529412 0.40392157 0.41568628 0.33333334 0.24705882 0.2627451 0.2509804 0.24705882 0.23921569 0.23921569 0.21568628 0.23137255 0.22745098
0.2509804 0.2784314 0.2627451 0.2784314 0.27450982 0.28235295 0.27450982 0.30980393 0.36862746 0.3372549 0.38039216 0.3764706 0.36078432 0.41960785 0.5647059 0.3372549 0.37254903 0.34901962 0.31764707 0.29411766 0.3019608 0.34901962 0.28627452 0.21176471 0.24313726 0.25882354 0.26666668 0.26666668 0.23137255 0.24313726 0.24705882 0.25490198
0.26666668 0.26666668 0.25490198 0.2627451 0.27450982 0.2784314 0.25490198 0.2627451 0.2901961 0.29803923 0.29803923 0.3137255 0.3019608 0.34901962 0.46666667 0.33333334 0.34901962 0.2784314 0.27058825 0.24705882 0.24313726 0.25882354 0.23529412 0.21960784 0.23921569 0.24705882 0.26666668 0.28627452 0.30588236 0.30588236 0.26666668 0.23921569
0.2509804 0.2627451 0.27450982 0.24705882 0.2627451 0.27058825 0.2627451 0.27058825 0.25882354 0.28235295 0.25882354 0.27058825 0.27450982 0.29803923 0.3019608 0.2784314 0.30980393 0.29803923 0.33333334 0.3137255 0.25490198 0.29803923 0.3019608 0.3019608 0.24705882 0.22745098 0.24705882 0.2627451 0.2901961 0.3019608 0.28235295 0.23921569
0.24705882 0.28235295 0.28627452 0.21960784 0.21960784 0.23529412 0.2509804 0.23137255 0.22745098 0.25490198 0.24313726 0.22745098 0.2627451 0.25490198 0.23137255 0.25490198 0.2627451 0.26666668 0.2901961 0.2784314 0.2509804 0.2784314 0.28235295 0.27058825 0.23921569 0.21960784 0.23529412 0.24705882 0.26666668 0.2784314 0.28627452 0.28235295
0.24313726 0.2627451 0.23137255 0.19607843 0.21960784 0.23137255 0.24313726 0.23529412 0.24705882 0.2509804 0.22352941 0.18431373 0.20784314 0.21176471 0.20784314 0.24313726 0.26666668 0.27450982 0.27058825 0.27450982 0.28627452 0.27058825 0.25882354 0.24705882 0.27450982 0.28627452 0.2784314 0.27450982 0.2784314 0.2784314 0.28235295 0.28627452
0.22745098 0.20784314 0.18431373 0.18431373 0.19607843 0.21176471 0.19607843 0.18431373 0.21960784 0.2509804 0.23137255 0.22745098 0.20392157 0.21568628 0.2 0.20392157 0.21568628 0.25882354 0.24705882 0.25490198 0.27450982 0.27058825 0.27450982 0.28235295 0.2784314 0.27058825 0.28627452 0.2784314 0.25490198 0.26666668 0.25490198 0.2509804
0.1764706 0.19607843 0.18039216 0.2 0.21176471 0.20392157 0.21568628 0.22352941 0.23137255 0.23529412 0.2509804 0.25490198 0.24705882 0.2509804 0.23921569 0.22352941 0.24313726 0.2901961 0.2784314 0.25490198 0.23529412 0.25490198 0.25490198 0.23529412 0.21568628 0.23921569 0.22745098 0.2509804 0.24705882 0.24313726 0.24705882 0.25490198
0.22352941 0.2 0.21176471 0.22352941 0.2509804 0.21960784 0.23529412 0.24313726 0.2509804 0.24313726 0.25882354 0.24705882 0.23137255 0.22745098 0.21568628 0.21960784 0.23529412 0.2627451 0.29411766 0.29803923 0.26666668 0.25882354 0.23921569 0.23529412 0.22745098 0.23921569 0.20392157 0.21568628 0.20784314 0.23921569 0.2509804 0.25882354
0.21960784 0.20784314 0.20392157 0.2 0.23137255 0.24705882 0.21960784 0.22352941 0.23921569 0.24705882 0.24705882 0.2509804 0.23529412 0.21176471 0.21176471 0.22745098 0.23529412 0.23529412 0.25490198 0.27450982 0.2627451 0.2509804 0.22352941 0.24313726 0.23529412 0.23529412 0.23921569 0.21960784 0.20392157 0.23921569 0.25490198 0.25882354
22 19 0
28 6 1
22 19 1
22 16 1
22 15 0
29 0 0
21 14 1
27 12 0
21 11 1
11 25 2
21 15 0
29 1 0
21 12 0
22 15 1
29 2 2
22 16 0
7 26 2
2 9 0
7 28 1
7 28 2
21 11 2
22 9 1
5 29 2
28 6 2
26 6 2
27 13 0
21 20 0
21 10 1
21 19 1
25 25 2
