32, 32, 3, 30
0.7764706 0.7411765 0.7411765 0.7294118 0.7254902 0.72156864 0.70980394 0.7137255 0.7137255 0.7058824 0.7058824 0.7019608 0.70980394 0.69803923 0.6901961 0.69803923 0.69411767 0.68235296 0.6784314 0.6862745 0.6901961 0.68235296 0.69411767 0.7019608 0.7058824 0.7176471 0.7176471 0.72156864 0.7529412 0.74509805 0.7490196 0.7647059
0.74509805 0.7254902 0.7254902 0.70980394 0.7058824 0.70980394 0.7019608 0.70980394 0.7137255 0.70980394 0.7058824 0.7058824 0.7058824 0.69411767 0.6784314 0.6745098 0.6745098 0.67058825 0.6666667 0.67058825 0.6784314 0.6784314 0.69411767 0.7058824 0.69803923 0.7019608 0.72156864 0.7294118 0.75686276 0.76862746 0.76862746 0.78039217
0.7372549 0.7176471 0.7058824 0.6901961 0.6862745 0.6901961 0.6901961 0.69803923 0.69411767 0.6901961 0.6862745 0.68235296 0.67058825 0.6627451 0.6509804 0.64705884 0.6392157 0.63529414 0.6392157 0.6431373 0.654902 0.6666667 0.6862745 0.69411767 0.6901961 0.69411767 0.70980394 0.7176471 0.74509805 0.76862746 0.77254903 0.78039217
0.7411765 0.7058824 0.6901961 0.68235296 0.68235296 0.68235296 0.6862745 0.6901961 0.6745098 0.67058825 0.67058825 0.65882355 0.6392157 0.6313726 0.62352943 0.62352943 0.61960787 0.61960787 0.627451 0.6313726 0.64705884 0.6666667 0.6784314 0.6901961 0.7019608 0.70980394 0.7058824 0.70980394 0.74509805 0.7607843 0.7647059 0.7764706
0.7254902 0.6901961 0.6862745 0.6745098 0.6627451 0.6666667 0.6784314 0.6666667 0.6509804 0.64705884 0.6509804 0.63529414 0.6156863 0.6117647 0.6039216 0.6039216 0.60784316 0.6156863 0.62352943 0.63529414 0.64705884 0.65882355 0.6745098 0.6862745 0.7019608 0.7137255 0.70980394 0.70980394 0.73333335 0.7411765 0.74509805 0.7607843
0.70980394 0.68235296 0.68235296 0.6627451 0.64705884 0.6509804 0.65882355 0.6431373 0.63529414 0.6313726 0.627451 0.60784316 0.6 0.6039216 0.6 0.6039216 0.60784316 0.6 0.5921569 0.63529414 0.6392157 0.654902 0.67058825 0.6901961 0.69803923 0.7058824 0.70980394 0.7019608 0.7176471 0.73333335 0.7490196 0.76862746
0.7058824 0.6784314 0.64705884 0.61960787 0.65882355 0.65882355 0.6509804 0.64705884 0.6431373 0.6431373 0.63529414 0.6039216 0.5921569 0.58431375 0.5921569 0.5921569 0.59607846 0.58431375 0.5568628 0.6313726 0.6392157 0.6509804 0.67058825 0.6862745 0.6901961 0.69803923 0.69803923 0.6901961 0.7137255 0.7372549 0.75686276 0.78039217
0.7176471 0.6784314 0.5686275 0.52156866 0.6862745 0.7058824 0.68235296 0.6745098 0.6666667 0.65882355 0.6627451 0.6431373 0.6117647 0.5647059 0.5647059 0.5764706 0.5921569 0.5803922 0.5529412 0.627451 0.6313726 0.6392157 0.6627451 0.6745098 0.6745098 0.6862745 0.69803923 0.7019608 0.7176471 0.7411765 0.75686276 0.78431374
0.7176471 0.6745098 0.4509804 0.37254903 0.6156863 0.7254902 0.6862745 0.6745098 0.67058825 0.6627451 0.6627451 0.6627451 0.63529414 0.5803922 0.54901963 0.5647059 0.5803922 0.5686275 0.54509807 0.61960787 0.6156863 0.63529414 0.64705884 0.654902 0.6666667 0.6784314 0.6901961 0.69803923 0.7137255 0.7372549 0.7411765 0.77254903
0.7254902 0.6156863 0.36078432 0.34901962 0.4627451 0.70980394 0.6784314 0.67058825 0.67058825 0.6666667 0.6627451 0.6509804 0.6313726 0.58431375 0.54901963 0.5529412 0.5686275 0.5764706 0.5529412 0.61960787 0.6156863 0.627451 0.654902 0.64705884 0.6509804 0.67058825 0.6784314 0.6784314 0.7019608 0.7176471 0.72156864 0.75686276
0.73333335 0.54901963 0.33333334 0.3647059 0.3529412 0.69411767 0.6901961 0.6666667 0.654902 0.654902 0.654902 0.63529414 0.627451 0.5568628 0.5411765 0.56078434 0.5411765 0.50980395 0.5137255 0.6 0.54509807 0.54901963 0.6784314 0.6666667 0.62352943 0.6509804 0.67058825 0.6784314 0.69411767 0.69803923 0.73333335 0.7764706
0.5294118 0.5254902 0.44705883 0.3882353 0.29803923 0.6666667 0.6901961 0.6745098 0.67058825 0.65882355 0.64705884 0.63529414 0.61960787 0.42745098 0.41568628 0.45490196 0.41568628 0.37254903 0.4 0.46666667 0.40392157 0.49803922 0.6901961 0.72156864 0.654902 0.6784314 0.6784314 0.68235296 0.69803923 0.7294118 0.7764706 0.7921569
0.1882353 0.2509804 0.4117647 0.4862745 0.45490196 0.6784314 0.6901961 0.6431373 0.5921569 0.5921569 0.5686275 0.53333336 0.5176471 0.36078432 0.34509805 0.37254903 0.35686275 0.3529412 0.33333334 0.40392157 0.4392157 0.52156866 0.6117647 0.6509804 0.6392157 0.6784314 0.69803923 0.7137255 0.77254903 0.78039217 0.78431374 0.8
0.21176471 0.14901961 0.20392157 0.2627451 0.34509805 0.57254905 0.6784314 0.5254902 0.34509805 0.3372549 0.3254902 0.28235295 0.28627452 0.29411766 0.33333334 0.30980393 0.24705882 0.33333334 0.34117648 0.34509805 0.4 0.4117647 0.43137255 0.43529412 0.4392157 0.48235294 0.50980395 0.5372549 0.7764706 0.90588236 0.7921569 0.7764706
0.5568628 0.40392157 0.25490198 0.1882353 0.1882353 0.19607843 0.30980393 0.4745098 0.5764706 0.5372549 0.4117647 0.32941177 0.22745098 0.27450982 0.35686275 0.28235295 0.2 0.32941177 0.3137255 0.23529412 0.3372549 0.37254903 0.38039216 0.34117648 0.32941177 0.39215687 0.40392157 0.37254903 0.54509807 0.9529412 0.8235294 0.76862746
0.53333336 0.40784314 0.24705882 0.23137255 0.23529412 0.20784314 0.21176471 0.2 0.25882354 0.4627451 0.67058825 0.6901961 0.54509807 0.43529412 0.38431373 0.32156864 0.28627452 0.34117648 0.34901962 0.33333334 0.38039216 0.39607844 0.40784314 0.36078432 0.28235295 0.29411766 0.27450982 0.27450982 0.59607846 0.9098039 0.80784315 0.7647059
0.63529414 0.6117647 0.3372549 0.1764706 0.25490198 0.23921569 0.21960784 0.21568628 0.2 0.17254902 0.21176471 0.3882353 0.6509804 0.7372549 0.6313726 0.44705883 0.30980393 0.30588236 0.32941177 0.34509805 0.37254903 0.4117647 0.4117647 0.34901962 0.36862746 0.3882353 0.3647059 0.40392157 0.6431373 0.78039217 0.8666667 0.7882353
0.6745098 0.68235296 0.4627451 0.35686275 0.42352942 0.28627452 0.22745098 0.19607843 0.19607843 0.19215687 0.17254902 0.14509805 0.16470589 0.33333334 0.5764706 0.7058824 0.6313726 0.5137255 0.4627451 0.4 0.33333334 0.36078432 0.37254903 0.3137255 0.4117647 0.45490196 0.4627451 0.49019608 0.54509807 0.62352943 0.81960785 0.8745098
0.6509804 0.6392157 0.4392157 0.48235294 0.654902 0.57254905 0.4509804 0.32941177 0.23921569 0.20784314 0.19607843 0.16470589 0.14901961 0.13725491 0.15294118 0.28627452 0.5372549 0.7176471 0.73333335 0.6862745 0.5647059 0.31764707 0.28627452 0.2784314 0.36862746 0.4 0.40392157 0.39607844 0.4117647 0.44313726 0.5254902 0.69803923
0.64705884 0.6392157 0.5686275 0.5921569 0.64705884 0.63529414 0.6313726 0.6039216 0.53333336 0.43529412 0.34901962 0.27058825 0.23529412 0.21568628 0.17254902 0.12941177 0.14509805 0.2784314 0.5019608 0.6392157 0.6901961 0.3647059 0.20784314 0.20784314 0.2509804 0.2627451 0.24705882 0.22745098 0.23137255 0.2901961 0.40392157 0.62352943
0.64705884 0.63529414 0.6431373 0.6392157 0.6431373 0.62352943 0.61960787 0.61960787 0.627451 0.62352943 0.60784316 0.5529412 0.4862745 0.43529412 0.3529412 0.26666668 0.24313726 0.17254902 0.19215687 0.2784314 0.40392157 0.2509804 0.13725491 0.13725491 0.16470589 0.19607843 0.19607843 0.21176471 0.23921569 0.49411765 0.7019608 0.74509805
0.6392157 0.6313726 0.627451 0.63529414 0.6431373 0.62352943 0.6117647 0.6117647 0.6117647 0.6117647 0.61960787 0.6117647 0.6117647 0.6313726 0.5764706 0.48235294 0.49803922 0.37254903 0.38431373 0.3647059 0.27450982 0.18431373 0.16470589 0.101960786 0.21960784 0.3647059 0.3882353 0.42745098 0.5176471 0.8 0.7764706 0.7058824
0.6 0.6039216 0.60784316 0.6117647 0.6039216 0.59607846 0.6 0.59607846 0.5921569 0.5921569 0.5921569 0.5803922 0.5529412 0.5529412 0.5176471 0.4509804 0.50980395 0.48235294 0.49803922 0.47843137 0.41960785 0.34509805 0.28235295 0.23137255 0.38431373 0.53333336 0.52156866 0.5176471 0.627451 0.8745098 0.7411765 0.61960787
0.52156866 0.5294118 0.5411765 0.5529412 0.5529412 0.5686275 0.5882353 0.5803922 0.5647059 0.54509807 0.52156866 0.50980395 0.4862745 0.4627451 0.42352942 0.38039216 0.43529412 0.43137255 0.45490196 0.45882353 0.42745098 0.46666667 0.43137255 0.43137255 0.47058824 0.5019608 0.49411765 0.49803922 0.6745098 0.8784314 0.69803923 0.5529412
0.49019608 0.46666667 0.48235294 0.49019608 0.4862745 0.5176471 0.54901963 0.54509807 0.5058824 0.4627451 0.44313726 0.4509804 0.45490196 0.44313726 0.42745098 0.4 0.4117647 0.4 0.42745098 0.4745098 0.41960785 0.43529412 0.45490196 0.44313726 0.45490196 0.4745098 0.46666667 0.47843137 0.72156864 0.8666667 0.6627451 0.53333336
0.49411765 0.46666667 0.45882353 0.4509804 0.43529412 0.44313726 0.45882353 0.4745098 0.43137255 0.36862746 0.3764706 0.4 0.41568628 0.41568628 0.4392157 0.41960785 0.40784314 0.3764706 0.4117647 0.47843137 0.44313726 0.41568628 0.44313726 0.43137255 0.43529412 0.44705883 0.44313726 0.45882353 0.7372549 0.84313726 0.627451 0.5058824
0.4862745 0.4745098 0.4392157 0.43529412 0.42352942 0.40784314 0.39215687 0.42745098 0.40784314 0.36078432 0.37254903 0.3764706 0.38431373 0.3764706 0.41960785 0.4117647 0.41568628 0.4 0.41568628 0.46666667 0.45882353 0.42352942 0.4117647 0.4117647 0.41960785 0.41568628 0.41960785 0.44313726 0.7058824 0.78431374 0.5803922 0.4745098
0.4745098 0.4627451 0.42352942 0.42352942 0.40784314 0.39607844 0.3882353 0.41568628 0.39215687 0.38039216 0.39607844 0.39215687 0.39215687 0.35686275 0.38039216 0.39607844 0.42352942 0.4392157 0.43137255 0.4509804 0.4509804 0.40784314 0.36862746 0.3764706 0.39607844 0.39607844 0.39607844 0.4117647 0.6313726 0.7019608 0.5372549 0.4509804
0.46666667 0.43529412 0.40784314 0.41960785 0.39607844 0.36078432 0.38431373 0.38431373 0.36078432 0.3647059 0.3882353 0.3882353 0.36862746 0.32156864 0.3529412 0.3764706 0.40392157 0.43137255 0.41960785 0.43529412 0.41568628 0.37254903 0.34901962 0.3529412 0.3647059 0.37254903 0.3764706 0.3764706 0.47843137 0.58431375 0.48235294 0.41960785
0.45490196 0.3882353 0.38431373 0.39607844 0.3529412 0.32156864 0.37254903 0.3647059 0.3529412 0.34509805 0.38039216 0.39215687 0.36078432 0.3137255 0.3529412 0.38039216 0.3882353 0.4 0.40784314 0.43137255 0.3647059 0.3529412 0.33333334 0.3372549 0.34901962 0.34117648 0.32941177 0.34117648 0.35686275 0.4 0.40784314 0.3882353
0.41568628 0.3529412 0.34901962 0.35686275 0.32156864 0.33333334 0.34509805 0.3529412 0.33333334 0.32941177 0.3647059 0.38431373 0.35686275 0.33333334 0.3529412 0.38039216 0.3764706 0.38039216 0.3764706 0.3764706 0.32156864 0.32941177 0.32156864 0.31764707 0.3137255 0.3019608 0.29803923 0.30588236 0.32941177 0.32156864 0.35686275 0.4
0.43529412 0.40784314 0.39215687 0.4 0.38431373 0.34117648 0.29411766 0.2901961 0.3019608 0.29803923 0.32156864 0.35686275 0.32941177 0.30588236 0.3254902 0.37254903 0.35686275 0.3372549 0.32156864 0.30980393 0.30588236 0.28235295 0.26666668 0.27058825 0.28235295 0.28235295 0.27450982 0.29411766 0.30980393 0.34509805 0.4117647 0.45490196
0.7764706 0.7411765 0.7411765 0.7294118 0.7254902 0.72156864 0.70980394 0.7137255 0.7137255 0.7058824 0.7058824 0.7019608 0.70980394 0.69803923 0.6901961 0.69803923 0.69411767 0.68235296 0.6784314 0.6862745 0.6901961 0.68235296 0.69411767 0.7019608 0.7058824 0.7176471 0.7176471 0.72156864 0.7529412 0.74509805 0.7490196 0.7647059
0.74509805 0.7254902 0.7254902 0.70980394 0.7058824 0.70980394 0.7019608 0.70980394 0.7137255 0.70980394 0.7058824 0.7058824 0.7058824 0.69411767 0.6784314 0.6745098 0.6745098 0.67058825 0.6666667 0.67058825 0.6784314 0.6784314 0.69411767 0.7058824 0.69803923 0.7019608 0.72156864 0.7294118 0.75686276 0.76862746 0.76862746 0.78039217
0.7372549 0.7176471 0.7058824 0.6901961 0.6862745 0.6901961 0.6901961 0.69803923 0.69411767 0.6901961 0.6862745 0.68235296 0.67058825 0.6627451 0.6509804 0.64705884 0.6392157 0.63529414 0.6392157 0.6431373 0.654902 0.6666667 0.6862745 0.69411767 0.6901961 0.69411767 0.70980394 0.7176471 0.74509805 0.76862746 0.77254903 0.78039217
0.7411765 0.7058824 0.6901961 0.68235296 0.68235296 0.68235296 0.6862745 0.6901961 0.6745098 0.67058825 0.67058825 0.65882355 0.6392157 0.6313726 0.62352943 0.62352943 0.61960787 0.61960787 0.627451 0.6313726 0.64705884 0.6666667 0.6784314 0.6901961 0.7019608 0.70980394 0.7058824 0.70980394 0.74509805 0.7607843 0.7647059 0.7764706
0.7254902 0.6901961 0.6862745 0.6745098 0.6627451 0.6666667 0.6784314 0.6666667 0.6509804 0.64705884 0.6509804 0.63529414 0.6156863 0.6117647 0.6039216 0.6039216 0.60784316 0.6156863 0.62352943 0.63529414 0.64705884 0.65882355 0.6745098 0.6862745 0.7019608 0.7137255 0.70980394 0.70980394 0.73333335 0.7411765 0.74509805 0.7607843
0.70980394 0.68235296 0.68235296 0.6627451 0.64705884 0.6509804 0.65882355 0.6431373 0.63529414 0.6313726 0.627451 0.60784316 0.6 0.6039216 0.6 0.6039216 0.60784316 0.6 0.5921569 0.63529414 0.6392157 0.654902 0.67058825 0.6901961 0.69803923 0.7058824 0.70980394 0.7019608 0.7176471 0.73333335 0.7490196 0.76862746
0.7058824 0.6784314 0.64705884 0.61960787 0.65882355 0.65882355 0.6509804 0.64705884 0.6431373 0.6431373 0.63529414 0.6039216 0.5921569 0.58431375 0.5921569 0.5921569 0.59607846 0.58431375 0.5568628 0.6313726 0.6392157 0.6509804 0.67058825 0.6862745 0.6901961 0.69803923 0.69803923 0.6901961 0.7137255 0.7372549 0.75686276 0.78039217
0.7176471 0.6784314 0.5686275 0.52156866 0.6862745 0.7058824 0.68235296 0.6745098 0.6666667 0.65882355 0.6627451 0.6431373 0.6117647 0.5647059 0.5647059 0.5764706 0.5921569 0.5803922 0.5529412 0.627451 0.6313726 0.6392157 0.6627451 0.6745098 0.6745098 0.6862745 0.69803923 0.7019608 0.7176471 0.7411765 0.75686276 0.78431374
0.7176471 0.6745098 0.4509804 0.37254903 0.6156863 0.7254902 0.6862745 0.6745098 0.67058825 0.6627451 0.6627451 0.6627451 0.63529414 0.5803922 0.54901963 0.5647059 0.5803922 0.5686275 0.54509807 0.61960787 0.6156863 0.63529414 0.64705884 0.654902 0.6666667 0.6784314 0.6901961 0.69803923 0.7137255 0.7372549 0.7411765 0.77254903
0.7254902 0.6156863 0.36078432 0.34901962 0.4627451 0.70980394 0.6784314 0.67058825 0.67058825 0.6666667 0.6627451 0.6509804 0.6313726 0.58431375 0.54901963 0.5529412 0.5686275 0.5764706 0.5529412 0.61960787 0.6156863 0.627451 0.654902 0.64705884 0.6509804 0.67058825 0.6784314 0.6784314 0.7019608 0.7176471 0.72156864 0.75686276
0.73333335 0.54901963 0.33333334 0.3647059 0.3529412 0.69411767 0.6901961 0.6666667 0.654902 0.654902 0.654902 0.63529414 0.627451 0.5568628 0.5411765 0.56078434 0.5411765 0.50980395 0.5137255 0.6 0.54509807 0.54901963 0.6784314 0.6666667 0.62352943 0.6509804 0.67058825 0.6784314 0.69411767 0.69803923 0.73333335 0.7764706
0.5294118 0.5254902 0.44705883 0.3882353 0.29803923 0.6666667 0.6901961 0.6745098 0.67058825 0.65882355 0.64705884 0.63529414 0.61960787 0.42745098 0.41568628 0.45490196 0.41568628 0.37254903 0.4 0.46666667 0.40392157 0.49803922 0.6901961 0.72156864 0.654902 0.6784314 0.6784314 0.68235296 0.69803923 0.7294118 0.7764706 0.7921569
0.1882353 0.2509804 0.4117647 0.4862745 0.45490196 0.6784314 0.6901961 0.6431373 0.5921569 0.5921569 0.5686275 0.53333336 0.5176471 0.36078432 0.34509805 0.37254903 0.35686275 0.3529412 0.33333334 0.40392157 0.4392157 0.52156866 0.6117647 0.6509804 0.6392157 0.6784314 0.69803923 0.7137255 0.77254903 0.78039217 0.78431374 0.8
0.21176471 0.14901961 0.20392157 0.2627451 0.34509805 0.57254905 0.6784314 0.5254902 0.34509805 0.3372549 0.3254902 0.28235295 0.28627452 0.29411766 0.33333334 0.30980393 0.24705882 0.33333334 0.34117648 0.34509805 0.4 0.4117647 0.43137255 0.43529412 0.4392157 0.48235294 0.50980395 0.5372549 0.7764706 0.90588236 0.7921569 0.7764706
0.5568628 0.40392157 0.25490198 0.1882353 0.1882353 0.19607843 0.30980393 0.4745098 0.5764706 0.5372549 0.4117647 0.32941177 0.22745098 0.27450982 0.35686275 0.28235295 0.2 0.32941177 0.3137255 0.23529412 0.3372549 0.37254903 0.38039216 0.34117648 0.32941177 0.39215687 0.40392157 0.37254903 0.54509807 0.9529412 0.8235294 0.76862746
0.53333336 0.40784314 0.24705882 0.23137255 0.23529412 0.20784314 0.21176471 0.2 0.25882354 0.4627451 0.67058825 0.6901961 0.54509807 0.43529412 0.38431373 0.32156864 0.28627452 0.34117648 0.34901962 0.33333334 0.38039216 0.39607844 0.40784314 0.36078432 0.28235295 0.29411766 0.27450982 0.27450982 0.59607846 0.9098039 0.80784315 0.7647059
0.63529414 0.6117647 0.3372549 0.1764706 0.25490198 0.23921569 0.21960784 0.21568628 0.2 0.17254902 0.21176471 0.3882353 0.6509804 0.7372549 0.6313726 0.44705883 0.30980393 0.30588236 0.32941177 0.34509805 0.37254903 0.4117647 0.4117647 0.34901962 0.36862746 0.3882353 0.3647059 0.40392157 0.6431373 0.78039217 0.8666667 0.7882353
0.6745098 0.68235296 0.4627451 0.35686275 0.42352942 0.28627452 0.22745098 0.19607843 0.19607843 0.19215687 0.17254902 0.14509805 0.16470589 0.33333334 0.5764706 0.7058824 0.6313726 0.5137255 0.4627451 0.4 0.33333334 0.36078432 0.37254903 0.3137255 0.4117647 0.45490196 0.4627451 0.49019608 0.54509807 0.62352943 0.81960785 0.8745098
0.6509804 0.6392157 0.4392157 0.48235294 0.654902 0.57254905 0.4509804 0.32941177 0.23921569 0.20784314 0.19607843 0.16470589 0.14901961 0.13725491 0.15294118 0.28627452 0.5372549 0.7176471 0.73333335 0.6862745 0.5647059 0.31764707 0.28627452 0.2784314 0.36862746 0.4 0.40392157 0.39607844 0.4117647 0.44313726 0.5254902 0.69803923
0.64705884 0.6392157 0.5686275 0.5921569 0.64705884 0.63529414 0.6313726 0.6039216 0.53333336 0.43529412 0.34901962 0.27058825 0.23529412 0.21568628 0.17254902 0.12941177 0.14509805 0.2784314 0.5019608 0.6392157 0.6901961 0.3647059 0.20784314 0.20784314 0.2509804 0.2627451 0.24705882 0.22745098 0.23137255 0.2901961 0.40392157 0.62352943
0.64705884 0.63529414 0.6431373 0.6392157 0.6431373 0.62352943 0.61960787 0.61960787 0.627451 0.62352943 0.60784316 0.5529412 0.4862745 0.43529412 0.3529412 0.26666668 0.24313726 0.17254902 0.19215687 0.2784314 0.40392157 0.2509804 0.13725491 0.13725491 0.16470589 0.19607843 0.19607843 0.21176471 0.23921569 0.49411765 0.7019608 0.74509805
0.6392157 0.6313726 0.627451 0.63529414 0.6431373 0.62352943 0.6117647 0.6117647 0.6117647 0.6117647 0.61960787 0.6117647 0.6117647 0.6313726 0.5764706 0.48235294 0.49803922 0.37254903 0.38431373 0.3647059 0.27450982 0.18431373 0.16470589 0.101960786 0.21960784 0.3647059 0.3882353 0.42745098 0.5176471 0.8 0.7764706 0.7058824
0.6 0.6039216 0.60784316 0.6117647 0.6039216 0.59607846 0.6 0.59607846 0.5921569 0.5921569 0.5921569 0.5803922 0.5529412 0.5529412 0.5176471 0.4509804 0.50980395 0.48235294 0.49803922 0.47843137 0.41960785 0.34509805 0.28235295 0.23137255 0.38431373 0.53333336 0.52156866 0.5176471 0.627451 0.8745098 0.7411765 0.61960787
0.52156866 0.5294118 0.5411765 0.5529412 0.5529412 0.5686275 0.5882353 0.5803922 0.5647059 0.54509807 0.52156866 0.50980395 0.4862745 0.4627451 0.42352942 0.38039216 0.43529412 0.43137255 0.45490196 0.45882353 0.42745098 0.46666667 0.43137255 0.43137255 0.47058824 0.5019608 0.49411765 0.49803922 0.6745098 0.8784314 0.69803923 0.5529412
0.49019608 0.46666667 0.48235294 0.49019608 0.4862745 0.5176471 0.54901963 0.54509807 0.5058824 0.4627451 0.44313726 0.4509804 0.45490196 0.44313726 0.42745098 0.4 0.4117647 0.4 0.42745098 0.4745098 0.41960785 0.43529412 0.45490196 0.44313726 0.45490196 0.4745098 0.46666667 0.47843137 0.72156864 0.8666667 0.6627451 0.53333336
0.49411765 0.46666667 0.45882353 0.4509804 0.43529412 0.44313726 0.45882353 0.4745098 0.43137255 0.36862746 0.3764706 0.4 0.41568628 0.41568628 0.4392157 0.41960785 0.40784314 0.3764706 0.4117647 0.47843137 0.44313726 0.41568628 0.44313726 0.43137255 0.43529412 0.44705883 0.44313726 0.45882353 0.7372549 0.84313726 0.627451 0.5058824
0.4862745 0.4745098 0.4392157 0.43529412 0.42352942 0.40784314 0.39215687 0.42745098 0.40784314 0.36078432 0.37254903 0.3764706 0.38431373 0.3764706 0.41960785 0.4117647 0.41568628 0.4 0.41568628 0.46666667 0.45882353 0.42352942 0.4117647 0.4117647 0.41960785 0.41568628 0.41960785 0.44313726 0.7058824 0.78431374 0.5803922 0.4745098
0.4745098 0.4627451 0.42352942 0.42352942 0.40784314 0.39607844 0.3882353 0.41568628 0.39215687 0.38039216 0.39607844 0.39215687 0.39215687 0.35686275 0.38039216 0.39607844 0.42352942 0.4392157 0.43137255 0.4509804 0.4509804 0.40784314 0.36862746 0.3764706 0.39607844 0.39607844 0.39607844 0.4117647 0.6313726 0.7019608 0.5372549 0.4509804
0.46666667 0.43529412 0.40784314 0.41960785 0.39607844 0.36078432 0.38431373 0.38431373 0.36078432 0.3647059 0.3882353 0.3882353 0.36862746 0.32156864 0.3529412 0.3764706 0.40392157 0.43137255 0.41960785 0.43529412 0.41568628 0.37254903 0.34901962 0.3529412 0.3647059 0.37254903 0.3764706 0.3764706 0.47843137 0.58431375 0.48235294 0.41960785
0.45490196 0.3882353 0.38431373 0.39607844 0.3529412 0.32156864 0.37254903 0.3647059 0.3529412 0.34509805 0.38039216 0.39215687 0.36078432 0.3137255 0.3529412 0.38039216 0.3882353 0.4 0.40784314 0.43137255 0.3647059 0.3529412 0.33333334 0.3372549 0.34901962 0.34117648 0.32941177 0.34117648 0.35686275 0.4 0.40784314 0.3882353
0.41568628 0.3529412 0.34901962 0.35686275 0.32156864 0.33333334 0.34509805 0.3529412 0.33333334 0.32941177 0.3647059 0.38431373 0.35686275 0.33333334 0.3529412 0.38039216 0.3764706 0.38039216 0.3764706 0.3764706 0.32156864 0.32941177 0.32156864 0.31764707 0.3137255 0.3019608 0.29803923 0.30588236 0.32941177 0.32156864 0.35686275 0.4
0.43529412 0.40784314 0.39215687 0.4 0.38431373 0.34117648 0.29411766 0.2901961 0.3019608 0.29803923 0.32156864 0.35686275 0.32941177 0.30588236 0.3254902 0.37254903 0.35686275 0.3372549 0.32156864 0.30980393 0.30588236 0.28235295 0.26666668 0.27058825 0.28235295 0.28235295 0.27450982 0.29411766 0.30980393 0.34509805 0.4117647 0.45490196
0.7764706 0.7411765 0.7411765 0.7294118 0.7254902 0.72156864 0.70980394 0.7137255 0.7137255 0.7058824 0.7058824 0.7019608 0.70980394 0.69803923 0.6901961 0.69803923 0.69411767 0.68235296 0.6784314 0.6862745 0.6901961 0.68235296 0.69411767 0.7019608 0.7058824 0.7176471 0.7176471 0.72156864 0.7529412 0.74509805 0.7490196 0.7647059
0.74509805 0.7254902 0.7254902 0.70980394 0.7058824 0.70980394 0.7019608 0.70980394 0.7137255 0.70980394 0.7058824 0.7058824 0.7058824 0.69411767 0.6784314 0.6745098 0.6745098 0.67058825 0.6666667 0.67058825 0.6784314 0.6784314 0.69411767 0.7058824 0.69803923 0.7019608 0.72156864 0.7294118 0.75686276 0.76862746 0.76862746 0.78039217
0.7372549 0.7176471 0.7058824 0.6901961 0.6862745 0.6901961 0.6901961 0.69803923 0.69411767 0.6901961 0.6862745 0.68235296 0.67058825 0.6627451 0.6509804 0.64705884 0.6392157 0.63529414 0.6392157 0.6431373 0.654902 0.6666667 0.6862745 0.69411767 0.6901961 0.69411767 0.70980394 0.7176471 0.74509805 0.76862746 0.77254903 0.78039217
0.7411765 0.7058824 0.6901961 0.68235296 0.68235296 0.68235296 0.6862745 0.6901961 0.6745098 0.67058825 0.67058825 0.65882355 0.6392157 0.6313726 0.62352943 0.62352943 0.61960787 0.61960787 0.627451 0.6313726 0.64705884 0.6666667 0.6784314 0.6901961 0.7019608 0.70980394 0.7058824 0.70980394 0.74509805 0.7607843 0.7647059 0.7764706
0.7254902 0.6901961 0.6862745 0.6745098 0.6627451 0.6666667 0.6784314 0.6666667 0.6509804 0.64705884 0.6509804 0.63529414 0.6156863 0.6117647 0.6039216 0.6039216 0.60784316 0.6156863 0.62352943 0.63529414 0.64705884 0.65882355 0.6745098 0.6862745 0.7019608 0.7137255 0.70980394 0.70980394 0.73333335 0.7411765 0.74509805 0.7607843
0.70980394 0.68235296 0.68235296 0.6627451 0.64705884 0.6509804 0.65882355 0.6431373 0.63529414 0.6313726 0.627451 0.60784316 0.6 0.6039216 0.6 0.6039216 0.60784316 0.6 0.5921569 0.63529414 0.6392157 0.654902 0.67058825 0.6901961 0.69803923 0.7058824 0.70980394 0.7019608 0.7176471 0.73333335 0.7490196 0.76862746
0.7058824 0.6784314 0.64705884 0.61960787 0.65882355 0.65882355 0.6509804 0.64705884 0.6431373 0.6431373 0.63529414 0.6039216 0.5921569 0.58431375 0.5921569 0.5921569 0.59607846 0.58431375 0.5568628 0.6313726 0.6392157 0.6509804 0.67058825 0.6862745 0.6901961 0.69803923 0.69803923 0.6901961 0.7137255 0.7372549 0.75686276 0.78039217
0.7176471 0.6784314 0.5686275 0.52156866 0.6862745 0.7058824 0.68235296 0.6745098 0.6666667 0.65882355 0.6627451 0.6431373 0.6117647 0.5647059 0.5647059 0.5764706 0.5921569 0.5803922 0.5529412 0.627451 0.6313726 0.6392157 0.6627451 0.6745098 0.6745098 0.6862745 0.69803923 0.7019608 0.7176471 0.7411765 0.75686276 0.78431374
0.7176471 0.6745098 0.4509804 0.37254903 0.6156863 0.7254902 0.6862745 0.6745098 0.67058825 0.6627451 0.6627451 0.6627451 0.63529414 0.5803922 0.54901963 0.5647059 0.5803922 0.5686275 0.54509807 0.61960787 0.6156863 0.63529414 0.64705884 0.654902 0.6666667 0.6784314 0.6901961 0.69803923 0.7137255 0.7372549 0.7411765 0.77254903
0.7254902 0.6156863 0.36078432 0.34901962 0.4627451 0.70980394 0.6784314 0.67058825 0.67058825 0.6666667 0.6627451 0.6509804 0.6313726 0.58431375 0.54901963 0.5529412 0.5686275 0.5764706 0.5529412 0.61960787 0.6156863 0.627451 0.654902 0.64705884 0.6509804 0.67058825 0.6784314 0.6784314 0.7019608 0.7176471 0.72156864 0.75686276
0.73333335 0.54901963 0.33333334 0.3647059 0.3529412 0.69411767 0.6901961 0.6666667 0.654902 0.654902 0.654902 0.63529414 0.627451 0.5568628 0.5411765 0.56078434 0.5411765 0.50980395 0.5137255 0.6 0.54509807 0.54901963 0.6784314 0.6666667 0.62352943 0.6509804 0.67058825 0.6784314 0.69411767 0.69803923 0.73333335 0.7764706
0.5294118 0.5254902 0.44705883 0.3882353 0.29803923 0.6666667 0.6901961 0.6745098 0.67058825 0.65882355 0.64705884 0.63529414 0.61960787 0.42745098 0.41568628 0.45490196 0.41568628 0.37254903 0.4 0.46666667 0.40392157 0.49803922 0.6901961 0.72156864 0.654902 0.6784314 0.6784314 0.68235296 0.69803923 0.7294118 0.7764706 0.7921569
0.1882353 0.2509804 0.4117647 0.4862745 0.45490196 0.6784314 0.6901961 0.6431373 0.5921569 0.5921569 0.5686275 0.53333336 0.5176471 0.36078432 0.34509805 0.37254903 0.35686275 0.3529412 0.33333334 0.40392157 0.4392157 0.52156866 0.6117647 0.6509804 0.6392157 0.6784314 0.69803923 0.7137255 0.77254903 0.78039217 0.78431374 0.8
0.21176471 0.14901961 0.20392157 0.2627451 0.34509805 0.57254905 0.6784314 0.5254902 0.34509805 0.3372549 0.3254902 0.28235295 0.28627452 0.29411766 0.33333334 0.30980393 0.24705882 0.33333334 0.34117648 0.34509805 0.4 0.4117647 0.43137255 0.43529412 0.4392157 0.48235294 0.50980395 0.5372549 0.7764706 0.90588236 0.7921569 0.7764706
0.5568628 0.40392157 0.25490198 0.1882353 0.1882353 0.19607843 0.30980393 0.4745098 0.5764706 0.5372549 0.4117647 0.32941177 0.22745098 0.27450982 0.35686275 0.28235295 0.2 0.32941177 0.3137255 0.23529412 0.3372549 0.37254903 0.38039216 0.34117648 0.32941177 0.39215687 0.40392157 0.37254903 0.54509807 0.9529412 0.8235294 0.76862746
0.53333336 0.40784314 0.24705882 0.23137255 0.23529412 0.20784314 0.21176471 0.2 0.25882354 0.4627451 0.67058825 0.6901961 0.54509807 0.43529412 0.38431373 0.32156864 0.28627452 0.34117648 0.34901962 0.33333334 0.38039216 0.39607844 0.40784314 0.36078432 0.28235295 0.29411766 0.27450982 0.27450982 0.59607846 0.9098039 0.80784315 0.7647059
0.63529414 0.6117647 0.3372549 0.1764706 0.25490198 0.23921569 0.21960784 0.21568628 0.2 0.17254902 0.21176471 0.3882353 0.6509804 0.7372549 0.6313726 0.44705883 0.30980393 0.30588236 0.32941177 0.34509805 0.37254903 0.4117647 0.4117647 0.34901962 0.36862746 0.3882353 0.3647059 0.40392157 0.6431373 0.78039217 0.8666667 0.7882353
0.6745098 0.68235296 0.4627451 0.35686275 0.42352942 0.28627452 0.22745098 0.19607843 0.19607843 0.19215687 0.17254902 0.14509805 0.16470589 0.33333334 0.5764706 0.7058824 0.6313726 0.5137255 0.4627451 0.4 0.33333334 0.36078432 0.37254903 0.3137255 0.4117647 0.45490196 0.4627451 0.49019608 0.54509807 0.62352943 0.81960785 0.8745098
0.6509804 0.6392157 0.4392157 0.48235294 0.654902 0.57254905 0.4509804 0.32941177 0.23921569 0.20784314 0.19607843 0.16470589 0.14901961 0.13725491 0.15294118 0.28627452 0.5372549 0.7176471 0.73333335 0.6862745 0.5647059 0.31764707 0.28627452 0.2784314 0.36862746 0.4 0.40392157 0.39607844 0.4117647 0.44313726 0.5254902 0.69803923
0.64705884 0.6392157 0.5686275 0.5921569 0.64705884 0.63529414 0.6313726 0.6039216 0.53333336 0.43529412 0.34901962 0.27058825 0.23529412 0.21568628 0.17254902 0.12941177 0.14509805 0.2784314 0.5019608 0.6392157 0.6901961 0.3647059 0.20784314 0.20784314 0.2509804 0.2627451 0.24705882 0.22745098 0.23137255 0.2901961 0.40392157 0.62352943
0.64705884 0.63529414 0.6431373 0.6392157 0.6431373 0.62352943 0.61960787 0.61960787 0.627451 0.62352943 0.60784316 0.5529412 0.4862745 0.43529412 0.3529412 0.26666668 0.24313726 0.17254902 0.19215687 0.2784314 0.40392157 0.2509804 0.13725491 0.13725491 0.16470589 0.19607843 0.19607843 0.21176471 0.23921569 0.49411765 0.7019608 0.74509805
0.6392157 0.6313726 0.627451 0.63529414 0.6431373 0.62352943 0.6117647 0.6117647 0.6117647 0.6117647 0.61960787 0.6117647 0.6117647 0.6313726 0.5764706 0.48235294 0.49803922 0.37254903 0.38431373 0.3647059 0.27450982 0.18431373 0.16470589 0.101960786 0.21960784 0.3647059 0.3882353 0.42745098 0.5176471 0.8 0.7764706 0.7058824
0.6 0.6039216 0.60784316 0.6117647 0.6039216 0.59607846 0.6 0.59607846 0.5921569 0.5921569 0.5921569 0.5803922 0.5529412 0.5529412 0.5176471 0.4509804 0.50980395 0.48235294 0.49803922 0.47843137 0.41960785 0.34509805 0.28235295 0.23137255 0.38431373 0.53333336 0.52156866 0.5176471 0.627451 0.8745098 0.7411765 0.61960787
0.52156866 0.5294118 0.5411765 0.5529412 0.5529412 0.5686275 0.5882353 0.5803922 0.5647059 0.54509807 0.52156866 0.50980395 0.4862745 0.4627451 0.42352942 0.38039216 0.43529412 0.43137255 0.45490196 0.45882353 0.42745098 0.46666667 0.43137255 0.43137255 0.47058824 0.5019608 0.49411765 0.49803922 0.6745098 0.8784314 0.69803923 0.5529412
0.49019608 0.46666667 0.48235294 0.49019608 0.4862745 0.5176471 0.54901963 0.54509807 0.5058824 0.4627451 0.44313726 0.4509804 0.45490196 0.44313726 0.42745098 0.4 0.4117647 0.4 0.42745098 0.4745098 0.41960785 0.43529412 0.45490196 0.44313726 0.45490196 0.4745098 0.46666667 0.47843137 0.72156864 0.8666667 0.6627451 0.53333336
0.49411765 0.46666667 0.45882353 0.4509804 0.43529412 0.44313726 0.45882353 0.4745098 0.43137255 0.36862746 0.3764706 0.4 0.41568628 0.41568628 0.4392157 0.41960785 0.40784314 0.3764706 0.4117647 0.47843137 0.44313726 0.41568628 0.44313726 0.43137255 0.43529412 0.44705883 0.44313726 0.45882353 0.7372549 0.84313726 0.627451 0.5058824
0.4862745 0.4745098 0.4392157 0.43529412 0.42352942 0.40784314 0.39215687 0.42745098 0.40784314 0.36078432 0.37254903 0.3764706 0.38431373 0.3764706 0.41960785 0.4117647 0.41568628 0.4 0.41568628 0.46666667 0.45882353 0.42352942 0.4117647 0.4117647 0.41960785 0.41568628 0.41960785 0.44313726 0.7058824 0.78431374 0.5803922 0.4745098
0.4745098 0.4627451 0.42352942 0.42352942 0.40784314 0.39607844 0.3882353 0.41568628 0.39215687 0.38039216 0.39607844 0.39215687 0.39215687 0.35686275 0.38039216 0.39607844 0.42352942 0.4392157 0.43137255 0.4509804 0.4509804 0.40784314 0.36862746 0.3764706 0.39607844 0.39607844 0.39607844 0.4117647 0.6313726 0.7019608 0.5372549 0.4509804
0.46666667 0.43529412 0.40784314 0.41960785 0.39607844 0.36078432 0.38431373 0.38431373 0.36078432 0.3647059 0.3882353 0.3882353 0.36862746 0.32156864 0.3529412 0.3764706 0.40392157 0.43137255 0.41960785 0.43529412 0.41568628 0.37254903 0.34901962 0.3529412 0.3647059 0.37254903 0.3764706 0.3764706 0.47843137 0.58431375 0.48235294 0.41960785
0.45490196 0.3882353 0.38431373 0.39607844 0.3529412 0.32156864 0.37254903 0.3647059 0.3529412 0.34509805 0.38039216 0.39215687 0.36078432 0.3137255 0.3529412 0.38039216 0.3882353 0.4 0.40784314 0.43137255 0.3647059 0.3529412 0.33333334 0.3372549 0.34901962 0.34117648 0.32941177 0.34117648 0.35686275 0.4 0.40784314 0.3882353
0.41568628 0.3529412 0.34901962 0.35686275 0.32156864 0.33333334 0.34509805 0.3529412 0.33333334 0.32941177 0.3647059 0.38431373 0.35686275 0.33333334 0.3529412 0.38039216 0.3764706 0.38039216 0.3764706 0.3764706 0.32156864 0.32941177 0.32156864 0.31764707 0.3137255 0.3019608 0.29803923 0.30588236 0.32941177 0.32156864 0.35686275 0.4
0.43529412 0.40784314 0.39215687 0.4 0.38431373 0.34117648 0.29411766 0.2901961 0.3019608 0.29803923 0.32156864 0.35686275 0.32941177 0.30588236 0.3254902 0.37254903 0.35686275 0.3372549 0.32156864 0.30980393 0.30588236 0.28235295 0.26666668 0.27058825 0.28235295 0.28235295 0.27450982 0.29411766 0.30980393 0.34509805 0.4117647 0.45490196
18 17 2
13 1 0
19 13 0
26 29 2
21 29 2
16 3 2
19 12 0
19 15 0
19 14 0
16 9 1
12 29 0
25 29 2
17 6 2
12 0 0
14 3 0
18 14 0
13 3 1
22 29 2
17 12 0
17 6 0
18 8 1
17 30 2
19 7 1
20 25 1
11 4 0
26 29 0
25 29 1
18 18 0
1 2 2
19 16 0
