32, 32, 3, 30
0.4392157 0.44705883 0.3882353 0.27450982 0.52156866 0.43137255 0.105882354 0.050980393 0.0627451 0.0627451 0.07058824 0.078431375 0.09411765 0.09019608 0.16078432 0.3019608 0.3372549 0.79607844 0.9372549 0.85490197 0.8156863 0.84313726 0.53333336 0.78039217 0.4745098 0.3137255 0.5254902 0.22745098 0.18431373 0.25882354 0.5254902 0.70980394
0.41960785 0.5019608 0.41568628 0.21568628 0.5254902 0.43137255 0.09411765 0.043137256 0.05490196 0.05490196 0.050980393 0.06666667 0.078431375 0.07058824 0.16862746 0.34509805 0.3764706 0.5764706 0.8745098 0.76862746 0.7411765 0.68235296 0.40392157 0.56078434 0.40784314 0.2509804 0.34901962 0.17254902 0.15294118 0.14901961 0.4117647 0.65882355
0.35686275 0.41568628 0.40392157 0.35686275 0.5254902 0.44313726 0.09019608 0.039215688 0.050980393 0.0627451 0.05882353 0.07450981 0.07058824 0.07450981 0.14509805 0.21176471 0.2509804 0.43137255 0.627451 0.6666667 0.6156863 0.49411765 0.44705883 0.4862745 0.24705882 0.31764707 0.30588236 0.11372549 0.13333334 0.15294118 0.29803923 0.45490196
0.16078432 0.24705882 0.43137255 0.49411765 0.5529412 0.4392157 0.09411765 0.03529412 0.05882353 0.0627451 0.06666667 0.09411765 0.09019608 0.09411765 0.1254902 0.2 0.17254902 0.35686275 0.5137255 0.60784316 0.57254905 0.43529412 0.40392157 0.4509804 0.3019608 0.34509805 0.30980393 0.12941177 0.10980392 0.13333334 0.24705882 0.39607844
0.105882354 0.22745098 0.4745098 0.62352943 0.627451 0.5176471 0.10980392 0.05882353 0.06666667 0.078431375 0.08235294 0.08627451 0.09803922 0.14509805 0.40392157 0.31764707 0.3254902 0.49803922 0.6745098 0.81960785 0.7372549 0.56078434 0.4509804 0.5568628 0.43529412 0.45882353 0.44705883 0.27450982 0.15294118 0.13333334 0.29411766 0.40784314
0.09019608 0.21176471 0.31764707 0.57254905 0.65882355 0.57254905 0.16078432 0.09803922 0.09803922 0.105882354 0.105882354 0.09411765 0.11372549 0.22352941 0.7058824 0.52156866 0.6627451 0.5882353 0.63529414 0.62352943 0.6784314 0.59607846 0.58431375 0.57254905 0.4745098 0.5176471 0.53333336 0.4 0.2784314 0.27450982 0.35686275 0.41960785
0.05882353 0.09019608 0.1764706 0.49411765 0.627451 0.53333336 0.23529412 0.12941177 0.14509805 0.1254902 0.11764706 0.101960786 0.1882353 0.28627452 0.57254905 0.7176471 0.6745098 0.6039216 0.47843137 0.4862745 0.77254903 0.7607843 0.7490196 0.69411767 0.6509804 0.62352943 0.61960787 0.5372549 0.45490196 0.46666667 0.5058824 0.5058824
0.039215688 0.10980392 0.18039216 0.38431373 0.49411765 0.4509804 0.26666668 0.18431373 0.21176471 0.14509805 0.15294118 0.29803923 0.47058824 0.67058825 0.8156863 0.9254902 0.8627451 0.7137255 0.4627451 0.41960785 0.5764706 0.7058824 0.7372549 0.7411765 0.7372549 0.74509805 0.7137255 0.67058825 0.6156863 0.5921569 0.5647059 0.54509807
0.03529412 0.16862746 0.15686275 0.17254902 0.23529412 0.23921569 0.2901961 0.3137255 0.29411766 0.23529412 0.2901961 0.3137255 0.31764707 0.38039216 0.8156863 0.9254902 0.7882353 0.7058824 0.654902 0.6 0.52156866 0.7254902 0.7058824 0.6392157 0.6117647 0.59607846 0.5686275 0.5647059 0.5686275 0.54509807 0.5372549 0.53333336
0.078431375 0.4 0.40392157 0.25490198 0.2509804 0.27450982 0.42352942 0.45882353 0.37254903 0.33333334 0.24705882 0.23137255 0.24705882 0.48235294 0.72156864 0.42352942 0.25882354 0.23137255 0.20784314 0.22745098 0.28235295 0.50980395 0.7254902 0.7607843 0.7137255 0.6666667 0.63529414 0.57254905 0.46666667 0.4 0.37254903 0.37254903
0.12941177 0.4627451 0.5019608 0.23921569 0.24313726 0.25490198 0.34509805 0.4627451 0.43137255 0.34901962 0.23921569 0.21568628 0.4 0.78039217 0.34901962 0.29411766 0.3137255 0.27058825 0.14117648 0.1254902 0.19215687 0.25882354 0.3647059 0.75686276 0.7882353 0.7921569 0.8039216 0.78039217 0.69411767 0.5686275 0.45490196 0.3764706
0.14901961 0.3019608 0.3529412 0.38039216 0.45490196 0.5058824 0.5803922 0.45490196 0.50980395 0.5019608 0.3647059 0.3254902 0.8235294 0.5764706 0.1882353 0.3254902 0.43529412 0.32156864 0.1764706 0.11372549 0.21568628 0.3254902 0.25882354 0.43137255 0.77254903 0.78431374 0.7764706 0.76862746 0.73333335 0.6745098 0.58431375 0.4509804
0.18431373 0.17254902 0.6862745 0.88235295 0.9372549 0.972549 0.92941177 0.68235296 0.53333336 0.38039216 0.39215687 0.7490196 0.98039216 0.5686275 0.2 0.25882354 0.3254902 0.13725491 0.11372549 0.08627451 0.13333334 0.23921569 0.25490198 0.22352941 0.57254905 0.6901961 0.6392157 0.6117647 0.5882353 0.5647059 0.5254902 0.44705883
0.15686275 0.18431373 0.78431374 0.98039216 1.0 0.9882353 0.9843137 0.972549 0.88235295 0.75686276 0.827451 0.98039216 0.9764706 0.827451 0.30588236 0.17254902 0.09411765 0.08627451 0.101960786 0.07058824 0.07058824 0.09411765 0.12941177 0.16470589 0.28235295 0.627451 0.64705884 0.57254905 0.5568628 0.5411765 0.5019608 0.42745098
0.10980392 0.16078432 0.5686275 0.90588236 0.99215686 0.98039216 0.972549 0.9882353 0.9764706 0.99215686 0.99607843 0.972549 0.96862745 0.95686275 0.68235296 0.3764706 0.3254902 0.29803923 0.29803923 0.2784314 0.25490198 0.20784314 0.18039216 0.1764706 0.23921569 0.65882355 0.87058824 0.7411765 0.58431375 0.5176471 0.49411765 0.43137255
0.20784314 0.24313726 0.25882354 0.44705883 0.64705884 0.7647059 0.5568628 0.7019608 0.8392157 0.80784315 0.8117647 0.72156864 0.654902 0.5647059 0.44705883 0.49411765 0.41568628 0.34509805 0.3372549 0.34117648 0.3764706 0.43529412 0.3764706 0.50980395 0.4392157 0.48235294 0.68235296 0.827451 0.8392157 0.6392157 0.49803922 0.44313726
0.5568628 0.69411767 0.29411766 0.4117647 0.53333336 0.5882353 0.33333334 0.5764706 0.84705883 0.8156863 0.8352941 0.7058824 0.68235296 0.58431375 0.48235294 0.7372549 0.6862745 0.47843137 0.4627451 0.49019608 0.5176471 0.7294118 0.61960787 0.67058825 0.59607846 0.4117647 0.47843137 0.69411767 0.9019608 0.84313726 0.5176471 0.43137255
0.6431373 0.92941177 0.6313726 0.4392157 0.5686275 0.54509807 0.70980394 0.74509805 0.74509805 0.7137255 0.68235296 0.64705884 0.5921569 0.5686275 0.5882353 0.5764706 0.52156866 0.49019608 0.45882353 0.45490196 0.4627451 0.45490196 0.45882353 0.68235296 0.65882355 0.4392157 0.4862745 0.67058825 0.4509804 0.7764706 0.5764706 0.43137255
0.60784316 0.78431374 0.9254902 0.6627451 0.5372549 0.46666667 0.3764706 0.19215687 0.16862746 0.16862746 0.16862746 0.15686275 0.18431373 0.21568628 0.26666668 0.23921569 0.2 0.22352941 0.23921569 0.27450982 0.3137255 0.35686275 0.36078432 0.68235296 0.6627451 0.4 0.43529412 0.30588236 0.12156863 0.4745098 0.58431375 0.4117647
0.5686275 0.5568628 0.89411765 0.9764706 0.7411765 0.5137255 0.50980395 0.4745098 0.52156866 0.5764706 0.63529414 0.654902 0.5921569 0.5137255 0.6392157 0.7490196 0.78039217 0.8352941 0.84705883 0.83137256 0.83137256 0.8156863 0.7647059 0.77254903 0.73333335 0.6784314 0.6 0.23921569 0.12941177 0.32156864 0.5764706 0.3647059
0.56078434 0.62352943 0.58431375 0.7764706 0.972549 0.9098039 0.89411765 0.9098039 0.9137255 0.92941177 0.99607843 0.8235294 0.35686275 0.21176471 0.29803923 0.81960785 0.87058824 0.7254902 0.7019608 0.6509804 0.65882355 0.6627451 0.6784314 0.7254902 0.77254903 0.7921569 0.67058825 0.1882353 0.101960786 0.34509805 0.61960787 0.30588236
0.5294118 0.62352943 0.7058824 0.45882353 0.58431375 0.59607846 0.5568628 0.5686275 0.58431375 0.67058825 0.94509804 0.45490196 0.22745098 0.23137255 0.18039216 0.53333336 0.92941177 0.8745098 0.90588236 0.9098039 0.92156863 0.95686275 0.98039216 0.99607843 0.99215686 0.98039216 0.6862745 0.16862746 0.1254902 0.2901961 0.44313726 0.2784314
0.49411765 0.627451 0.8784314 0.84313726 0.7176471 0.7254902 0.76862746 0.827451 0.87058824 0.9137255 0.8901961 0.31764707 0.2509804 0.17254902 0.21176471 0.40392157 0.9843137 1.0 1.0 1.0 0.99215686 0.9882353 0.98039216 0.9607843 0.95686275 0.9098039 0.5176471 0.14509805 0.14117648 0.23921569 0.30588236 0.28235295
0.44705883 0.62352943 0.9019608 0.98039216 1.0 1.0 1.0 1.0 0.99607843 0.9843137 0.7411765 0.27058825 0.13333334 0.078431375 0.13725491 0.40784314 0.94509804 0.972549 0.96862745 0.96862745 0.9411765 0.8980392 0.8352941 0.7254902 0.6392157 0.50980395 0.25490198 0.09411765 0.11372549 0.15294118 0.2627451 0.27058825
0.44313726 0.4745098 0.7529412 0.9411765 0.9764706 0.972549 0.972549 0.9843137 0.9843137 0.96862745 0.5803922 0.19215687 0.14117648 0.11372549 0.14509805 0.46666667 0.94509804 0.9019608 0.8392157 0.7490196 0.60784316 0.49019608 0.3647059 0.24705882 0.18039216 0.13333334 0.101960786 0.09019608 0.11372549 0.14117648 0.26666668 0.27058825
0.42745098 0.41960785 0.44313726 0.81960785 0.9372549 0.9372549 0.9254902 0.9411765 0.93333334 0.9137255 0.4745098 0.16862746 0.25490198 0.3019608 0.19215687 0.42745098 0.61960787 0.46666667 0.37254903 0.29411766 0.21960784 0.16078432 0.11764706 0.09019608 0.09019608 0.1254902 0.15294118 0.101960786 0.18039216 0.2509804 0.25882354 0.25490198
0.42745098 0.41568628 0.24313726 0.4862745 0.85490197 0.8745098 0.8980392 0.92941177 0.9372549 0.93333334 0.43529412 0.17254902 0.28235295 0.32941177 0.23529412 0.24313726 0.19607843 0.13725491 0.11764706 0.101960786 0.08627451 0.08627451 0.11764706 0.2 0.3254902 0.42352942 0.45490196 0.3372549 0.28627452 0.25882354 0.23921569 0.21568628
0.41568628 0.42745098 0.2901961 0.15686275 0.2901961 0.34117648 0.4 0.45490196 0.4745098 0.6 0.35686275 0.1882353 0.18431373 0.24313726 0.25490198 0.14117648 0.08627451 0.07058824 0.07058824 0.11372549 0.19215687 0.31764707 0.44705883 0.5529412 0.5882353 0.5921569 0.5686275 0.49803922 0.4 0.29803923 0.25882354 0.24313726
0.40784314 0.43529412 0.36862746 0.14117648 0.09411765 0.101960786 0.09803922 0.08627451 0.09411765 0.11764706 0.16078432 0.1764706 0.09019608 0.15686275 0.25882354 0.10980392 0.13725491 0.23921569 0.3647059 0.49411765 0.5882353 0.64705884 0.62352943 0.5803922 0.56078434 0.5294118 0.5529412 0.5019608 0.41960785 0.34509805 0.2627451 0.25882354
0.4117647 0.42745098 0.41960785 0.23137255 0.09411765 0.101960786 0.09019608 0.08235294 0.078431375 0.08235294 0.09803922 0.1764706 0.1764706 0.22352941 0.1882353 0.30980393 0.5019608 0.62352943 0.6666667 0.7058824 0.7058824 0.69411767 0.63529414 0.5294118 0.47843137 0.41960785 0.42745098 0.42745098 0.39215687 0.3529412 0.30588236 0.3019608
0.40784314 0.43529412 0.43529412 0.3764706 0.19215687 0.105882354 0.09019608 0.105882354 0.11372549 0.14509805 0.1764706 0.17254902 0.21568628 0.24705882 0.31764707 0.59607846 0.6862745 0.7019608 0.70980394 0.7137255 0.72156864 0.6901961 0.654902 0.5686275 0.46666667 0.38039216 0.32156864 0.3019608 0.29803923 0.30980393 0.32156864 0.3254902
0.39215687 0.43137255 0.43137255 0.46666667 0.38039216 0.24313726 0.23137255 0.29803923 0.3647059 0.44313726 0.5176471 0.4 0.39607844 0.4862745 0.60784316 0.65882355 0.6745098 0.6862745 0.6901961 0.7137255 0.7058824 0.6627451 0.6392157 0.60784316 0.5411765 0.43137255 0.3647059 0.29411766 0.24705882 0.25882354 0.2784314 0.2901961
0.25490198 0.2784314 0.28235295 0.19215687 0.33333334 0.2901961 0.15686275 0.14117648 0.14901961 0.15294118 0.15686275 0.16470589 0.1882353 0.15686275 0.17254902 0.2 0.20784314 0.6509804 0.8 0.7882353 0.75686276 0.7764706 0.47843137 0.7411765 0.43137255 0.26666668 0.48235294 0.18431373 0.16078432 0.23137255 0.45882353 0.65882355
0.28627452 0.36078432 0.3019608 0.10980392 0.33333334 0.30588236 0.15686275 0.14901961 0.15294118 0.15294118 0.14901961 0.14901961 0.17254902 0.15294118 0.19607843 0.21960784 0.21176471 0.38431373 0.6666667 0.62352943 0.627451 0.5921569 0.32941177 0.49803922 0.34117648 0.18039216 0.28235295 0.1254902 0.13333334 0.1254902 0.34901962 0.5647059
0.2784314 0.30980393 0.29411766 0.22745098 0.32941177 0.32941177 0.15686275 0.14901961 0.16078432 0.17254902 0.16470589 0.15294118 0.16078432 0.15686275 0.18431373 0.18431373 0.21176471 0.3529412 0.49803922 0.47058824 0.4509804 0.3764706 0.34901962 0.39215687 0.14901961 0.21568628 0.20392157 0.05490196 0.105882354 0.1254902 0.22352941 0.3137255
0.13725491 0.1882353 0.34117648 0.3529412 0.36078432 0.3254902 0.15294118 0.13725491 0.16078432 0.16862746 0.16470589 0.16470589 0.16862746 0.16078432 0.15294118 0.2 0.18039216 0.32941177 0.40784314 0.3647059 0.36862746 0.29803923 0.27450982 0.3254902 0.17254902 0.20784314 0.1764706 0.039215688 0.05882353 0.078431375 0.14901961 0.21960784
0.13333334 0.21960784 0.40784314 0.48235294 0.44313726 0.4 0.13725491 0.14117648 0.14901961 0.16470589 0.16470589 0.15686275 0.16470589 0.18431373 0.38039216 0.18039216 0.19215687 0.34117648 0.43137255 0.5254902 0.52156866 0.4117647 0.29411766 0.39607844 0.26666668 0.2901961 0.28235295 0.15294118 0.06666667 0.043137256 0.16078432 0.21176471
0.14509805 0.24313726 0.28235295 0.44313726 0.48235294 0.44705883 0.15686275 0.15294118 0.15686275 0.16470589 0.16862746 0.15686275 0.17254902 0.22745098 0.62352943 0.24705882 0.4 0.30980393 0.27058825 0.3019608 0.47058824 0.4509804 0.40392157 0.3882353 0.28627452 0.32941177 0.34901962 0.25490198 0.16862746 0.16078432 0.2 0.22745098
0.13725491 0.14901961 0.16862746 0.38039216 0.4627451 0.4 0.2 0.16078432 0.18431373 0.16862746 0.16470589 0.16862746 0.23137255 0.2627451 0.4509804 0.43529412 0.42745098 0.3529412 0.14117648 0.18431373 0.5764706 0.6156863 0.56078434 0.5019608 0.45490196 0.42352942 0.42352942 0.38039216 0.33333334 0.34117648 0.34117648 0.32941177
0.16862746 0.16470589 0.21960784 0.3647059 0.43137255 0.3764706 0.21176471 0.1254902 0.20392157 0.19607843 0.22745098 0.3647059 0.5137255 0.6666667 0.75686276 0.8039216 0.75686276 0.59607846 0.3019608 0.2627451 0.45490196 0.58431375 0.5803922 0.6 0.58431375 0.5764706 0.5647059 0.5137255 0.47843137 0.47058824 0.43529412 0.40784314
0.14509805 0.16470589 0.1764706 0.19607843 0.23529412 0.20392157 0.21960784 0.20784314 0.26666668 0.29411766 0.38039216 0.37254903 0.35686275 0.39215687 0.8039216 0.89411765 0.7490196 0.6627451 0.60784316 0.5529412 0.45882353 0.6313726 0.5882353 0.5372549 0.4862745 0.4509804 0.4509804 0.41960785 0.42352942 0.42352942 0.43137255 0.41960785
0.101960786 0.31764707 0.3372549 0.24313726 0.22352941 0.21960784 0.3529412 0.39607844 0.37254903 0.3882353 0.3137255 0.26666668 0.2627451 0.47058824 0.69411767 0.3764706 0.21960784 0.20392157 0.1882353 0.20392157 0.23921569 0.44313726 0.6431373 0.6666667 0.5882353 0.5176471 0.5058824 0.43137255 0.3254902 0.27058825 0.25882354 0.25882354
0.09803922 0.33333334 0.38431373 0.19215687 0.1882353 0.1882353 0.27450982 0.44313726 0.45882353 0.40392157 0.27450982 0.22745098 0.39215687 0.7529412 0.30588236 0.23529412 0.27450982 0.26666668 0.15686275 0.1254902 0.18431373 0.23137255 0.31764707 0.6784314 0.6627451 0.6392157 0.6666667 0.64705884 0.56078434 0.4392157 0.3254902 0.2627451
0.1254902 0.19607843 0.24313726 0.30588236 0.38039216 0.43529412 0.5176471 0.45882353 0.5529412 0.54509807 0.3764706 0.3137255 0.8 0.5372549 0.14117648 0.27058825 0.40784314 0.32941177 0.21568628 0.13725491 0.22745098 0.3254902 0.24705882 0.3764706 0.6627451 0.6392157 0.64705884 0.6431373 0.6039216 0.5411765 0.44705883 0.34509805
0.1882353 0.105882354 0.6039216 0.8 0.8627451 0.9137255 0.8862745 0.6862745 0.5686275 0.40784314 0.38039216 0.7294118 0.9529412 0.53333336 0.16078432 0.22352941 0.30980393 0.15294118 0.15686275 0.10980392 0.15294118 0.25490198 0.26666668 0.2 0.49019608 0.5686275 0.5254902 0.49803922 0.4627451 0.42352942 0.3764706 0.34117648
0.16862746 0.12941177 0.7019608 0.90588236 0.9411765 0.9490196 0.9607843 0.9607843 0.89411765 0.7647059 0.80784315 0.95686275 0.9607843 0.8039216 0.28235295 0.16470589 0.09411765 0.105882354 0.12941177 0.08627451 0.08627451 0.10980392 0.15294118 0.17254902 0.23529412 0.5294118 0.54901963 0.46666667 0.43529412 0.4 0.34509805 0.30588236
0.09803922 0.08235294 0.45490196 0.827451 0.9411765 0.95686275 0.96862745 0.95686275 0.96862745 0.9882353 0.972549 0.95686275 0.95686275 0.94509804 0.6745098 0.39607844 0.34901962 0.3137255 0.3137255 0.2784314 0.25490198 0.21960784 0.2 0.20784314 0.21960784 0.58431375 0.7921569 0.6392157 0.4627451 0.3764706 0.33333334 0.29411766
0.13333334 0.14509805 0.14117648 0.29411766 0.47058824 0.6666667 0.58431375 0.6745098 0.81960785 0.79607844 0.7882353 0.7058824 0.64705884 0.57254905 0.4627451 0.5058824 0.43137255 0.3647059 0.36078432 0.36078432 0.39607844 0.45882353 0.4 0.54509807 0.4509804 0.46666667 0.64705884 0.7490196 0.7372549 0.50980395 0.34901962 0.29411766
0.40392157 0.6 0.22352941 0.14509805 0.11764706 0.30980393 0.3882353 0.59607846 0.84313726 0.8117647 0.83137256 0.7137255 0.7058824 0.6313726 0.5411765 0.7411765 0.7019608 0.53333336 0.5411765 0.5568628 0.5764706 0.7764706 0.6509804 0.6784314 0.63529414 0.47058824 0.5019608 0.654902 0.83137256 0.74509805 0.4 0.29411766
0.48235294 0.8352941 0.5568628 0.16078432 0.13333334 0.22745098 0.7019608 0.78431374 0.77254903 0.7411765 0.7137255 0.7058824 0.6627451 0.6431373 0.6627451 0.62352943 0.5803922 0.57254905 0.5568628 0.52156866 0.50980395 0.49019608 0.47843137 0.67058825 0.6745098 0.4745098 0.49803922 0.6313726 0.38431373 0.68235296 0.45882353 0.30588236
0.4509804 0.69411767 0.85490197 0.41960785 0.15294118 0.15686275 0.3137255 0.23529412 0.21568628 0.21568628 0.21960784 0.22745098 0.25490198 0.27450982 0.31764707 0.29803923 0.2627451 0.28627452 0.29803923 0.31764707 0.34509805 0.37254903 0.3647059 0.6431373 0.63529414 0.39215687 0.42352942 0.2627451 0.0627451 0.38431373 0.4745098 0.30980393
0.41960785 0.45490196 0.81960785 0.84313726 0.48235294 0.27450982 0.4392157 0.49019608 0.54509807 0.6 0.65882355 0.7058824 0.63529414 0.5372549 0.6431373 0.7882353 0.8156863 0.8509804 0.84705883 0.8392157 0.83137256 0.8039216 0.7411765 0.7019608 0.6666667 0.6313726 0.5568628 0.2 0.07450981 0.23921569 0.4745098 0.28627452
0.41960785 0.5176471 0.50980395 0.72156864 0.85882354 0.78431374 0.85490197 0.8862745 0.8862745 0.90588236 0.96862745 0.8117647 0.33333334 0.16470589 0.23529412 0.7921569 0.8352941 0.6666667 0.62352943 0.6156863 0.627451 0.6156863 0.62352943 0.6431373 0.6784314 0.7137255 0.6117647 0.14901961 0.05490196 0.27058825 0.52156866 0.23921569
0.3882353 0.50980395 0.62352943 0.44705883 0.5372549 0.5411765 0.5294118 0.50980395 0.52156866 0.60784316 0.8901961 0.38431373 0.14901961 0.14509805 0.08627451 0.45490196 0.85882354 0.78039217 0.8039216 0.8509804 0.8627451 0.8901961 0.9019608 0.9098039 0.8862745 0.8862745 0.61960787 0.13333334 0.08235294 0.22352941 0.35686275 0.21176471
0.3529412 0.50980395 0.7882353 0.81960785 0.6862745 0.68235296 0.7176471 0.7647059 0.81960785 0.85882354 0.8352941 0.24313726 0.1882353 0.12156863 0.16078432 0.34509805 0.93333334 0.9372549 0.93333334 0.93333334 0.92156863 0.8980392 0.88235295 0.8666667 0.84313726 0.8 0.4509804 0.11372549 0.101960786 0.17254902 0.21960784 0.20784314
0.30588236 0.5019608 0.80784315 0.92156863 0.9529412 0.9529412 0.94509804 0.9529412 0.9529412 0.9411765 0.69803923 0.21568628 0.09019608 0.050980393 0.12156863 0.34509805 0.88235295 0.90588236 0.8980392 0.8862745 0.8509804 0.8039216 0.73333335 0.6509804 0.5411765 0.40784314 0.1882353 0.0627451 0.07450981 0.09019608 0.18431373 0.19215687
0.28235295 0.33333334 0.65882355 0.87058824 0.91764706 0.9254902 0.92941177 0.91764706 0.92156863 0.9254902 0.54901963 0.17254902 0.11764706 0.08627451 0.10980392 0.3647059 0.83137256 0.7882353 0.7254902 0.6392157 0.5058824 0.40392157 0.2901961 0.20392157 0.12941177 0.06666667 0.03137255 0.047058824 0.07058824 0.09019608 0.20392157 0.20784314
0.25882354 0.27450982 0.34509805 0.73333335 0.85882354 0.8666667 0.8627451 0.84705883 0.84705883 0.84313726 0.41568628 0.12941177 0.20784314 0.23921569 0.12156863 0.3372549 0.5294118 0.3764706 0.28627452 0.21568628 0.14901961 0.105882354 0.07058824 0.043137256 0.03529412 0.047058824 0.05490196 0.02745098 0.12156863 0.1882353 0.2 0.19215687
0.2627451 0.26666668 0.13725491 0.39607844 0.7607843 0.7764706 0.7921569 0.8156863 0.83137256 0.8352941 0.3529412 0.09803922 0.2 0.23137255 0.13725491 0.2 0.16470589 0.10980392 0.09019608 0.06666667 0.047058824 0.043137256 0.07058824 0.11764706 0.22352941 0.30588236 0.3254902 0.22745098 0.19215687 0.18039216 0.1764706 0.15686275
0.25490198 0.27450982 0.1764706 0.09019608 0.21568628 0.25490198 0.3019608 0.3647059 0.3882353 0.5176471 0.28235295 0.11764706 0.105882354 0.15294118 0.16078432 0.09803922 0.05490196 0.043137256 0.043137256 0.07450981 0.13725491 0.24313726 0.3529412 0.42745098 0.44313726 0.4392157 0.40784314 0.3529412 0.2784314 0.20784314 0.19607843 0.18039216
0.2509804 0.27450982 0.24705882 0.105882354 0.05882353 0.05490196 0.047058824 0.050980393 0.05882353 0.078431375 0.11764706 0.14509805 0.05882353 0.105882354 0.2 0.03529412 0.05882353 0.16470589 0.2901961 0.39607844 0.47058824 0.5058824 0.4627451 0.41568628 0.39215687 0.36078432 0.38431373 0.34117648 0.28235295 0.24313726 0.19215687 0.1882353
0.2627451 0.26666668 0.2901961 0.1882353 0.07058824 0.08235294 0.07450981 0.07450981 0.06666667 0.0627451 0.07058824 0.16078432 0.15686275 0.19215687 0.14117648 0.1882353 0.36078432 0.48235294 0.5294118 0.54509807 0.5294118 0.5058824 0.43137255 0.34901962 0.30980393 0.25490198 0.27058825 0.28235295 0.2627451 0.2509804 0.22745098 0.22352941
0.25882354 0.26666668 0.2901961 0.27450982 0.12156863 0.07058824 0.07450981 0.07450981 0.07450981 0.09019608 0.10980392 0.11372549 0.14901961 0.16862746 0.22352941 0.4392157 0.5137255 0.53333336 0.5372549 0.5294118 0.5294118 0.5019608 0.46666667 0.40392157 0.3137255 0.23921569 0.19215687 0.18431373 0.1882353 0.21176471 0.23137255 0.23529412
0.24705882 0.2627451 0.27450982 0.29411766 0.24313726 0.15686275 0.18431373 0.22352941 0.27058825 0.32941177 0.38431373 0.27058825 0.2627451 0.3372549 0.4509804 0.49019608 0.5019608 0.5176471 0.5254902 0.5294118 0.5294118 0.5019608 0.49411765 0.4627451 0.40392157 0.3137255 0.2627451 0.20784314 0.16078432 0.16862746 0.18431373 0.19607843
0.29411766 0.30980393 0.29803923 0.23137255 0.34117648 0.29803923 0.20784314 0.23529412 0.24705882 0.24705882 0.2509804 0.2509804 0.28627452 0.24313726 0.23529412 0.28627452 0.27058825 0.6745098 0.7921569 0.78431374 0.7529412 0.7607843 0.4509804 0.7058824 0.43529412 0.29411766 0.49019608 0.18039216 0.14901961 0.22352941 0.4627451 0.6784314
0.3137255 0.36862746 0.2901961 0.101960786 0.30588236 0.29803923 0.21176471 0.23529412 0.24705882 0.24313726 0.23921569 0.22745098 0.27058825 0.25490198 0.28235295 0.33333334 0.2901961 0.4 0.63529414 0.6 0.6117647 0.57254905 0.3137255 0.47058824 0.34901962 0.21568628 0.29803923 0.11372549 0.10980392 0.101960786 0.3372549 0.58431375
0.3019608 0.30588236 0.2627451 0.18431373 0.26666668 0.30980393 0.21960784 0.23529412 0.24705882 0.25882354 0.2509804 0.23529412 0.26666668 0.27058825 0.28235295 0.29803923 0.2784314 0.34509805 0.4392157 0.42745098 0.41568628 0.34901962 0.33333334 0.3647059 0.15294118 0.24705882 0.21960784 0.0627451 0.10980392 0.12941177 0.24313726 0.3372549
0.16078432 0.1882353 0.3137255 0.29411766 0.28235295 0.3019608 0.22352941 0.23137255 0.2509804 0.25882354 0.25490198 0.2509804 0.27450982 0.27450982 0.24705882 0.31764707 0.25490198 0.3372549 0.38039216 0.32156864 0.3137255 0.2509804 0.24313726 0.28235295 0.16078432 0.22352941 0.1764706 0.078431375 0.105882354 0.12941177 0.20784314 0.2509804
0.16470589 0.23529412 0.41568628 0.43529412 0.37254903 0.38039216 0.21960784 0.23921569 0.24705882 0.25882354 0.25882354 0.24705882 0.26666668 0.2784314 0.4509804 0.28627452 0.2784314 0.39607844 0.48235294 0.49411765 0.4509804 0.3372549 0.23137255 0.32941177 0.23529412 0.28235295 0.25882354 0.19215687 0.12156863 0.09803922 0.22745098 0.23529412
0.19215687 0.2901961 0.33333334 0.42745098 0.42352942 0.43137255 0.24313726 0.25882354 0.2627451 0.27058825 0.27058825 0.25882354 0.27058825 0.3019608 0.654902 0.27450982 0.41960785 0.3529412 0.34901962 0.28235295 0.3882353 0.34509805 0.3019608 0.28627452 0.21960784 0.28627452 0.28627452 0.23921569 0.16078432 0.15686275 0.20784314 0.21960784
0.19607843 0.21960784 0.25882354 0.3882353 0.42352942 0.4 0.29411766 0.27058825 0.29411766 0.2784314 0.27450982 0.2784314 0.33333334 0.31764707 0.44705883 0.34117648 0.33333334 0.31764707 0.1764706 0.16078432 0.49411765 0.49019608 0.43137255 0.37254903 0.36078432 0.3529412 0.33333334 0.29803923 0.2509804 0.25882354 0.27058825 0.28235295
0.27450982 0.30980393 0.3529412 0.45882353 0.49019608 0.41960785 0.27058825 0.17254902 0.2627451 0.2784314 0.3372549 0.49803922 0.62352943 0.7254902 0.76862746 0.7647059 0.72156864 0.6039216 0.3529412 0.29411766 0.44705883 0.53333336 0.5058824 0.5058824 0.5058824 0.50980395 0.4862745 0.45490196 0.4117647 0.39215687 0.3529412 0.34509805
0.2784314 0.34117648 0.31764707 0.3372549 0.34509805 0.27058825 0.2509804 0.21568628 0.2901961 0.36078432 0.49019608 0.50980395 0.46666667 0.4509804 0.83137256 0.9254902 0.7921569 0.72156864 0.6784314 0.61960787 0.5019608 0.63529414 0.56078434 0.47843137 0.42352942 0.3882353 0.3764706 0.38039216 0.39215687 0.3764706 0.38039216 0.39215687
0.22352941 0.4627451 0.4392157 0.34901962 0.30980393 0.27058825 0.37254903 0.4117647 0.40392157 0.4627451 0.43137255 0.38431373 0.3529412 0.52156866 0.7176471 0.40392157 0.2509804 0.24705882 0.23921569 0.2627451 0.28627452 0.4509804 0.61960787 0.6117647 0.5294118 0.45490196 0.42745098 0.37254903 0.2784314 0.23529412 0.23529412 0.28235295
0.1882353 0.42745098 0.42745098 0.2627451 0.2509804 0.22352941 0.28627452 0.46666667 0.5019608 0.4862745 0.39215687 0.3137255 0.45882353 0.7921569 0.32941177 0.2627451 0.30588236 0.29411766 0.19215687 0.18431373 0.23137255 0.24705882 0.30980393 0.6392157 0.61960787 0.58431375 0.5921569 0.57254905 0.50980395 0.41568628 0.33333334 0.32156864
0.17254902 0.23529412 0.22745098 0.34117648 0.41960785 0.45490196 0.5294118 0.49411765 0.6039216 0.61960787 0.47843137 0.3764706 0.84313726 0.5764706 0.17254902 0.3019608 0.43529412 0.35686275 0.24705882 0.2 0.28235295 0.35686275 0.25490198 0.35686275 0.6392157 0.6 0.5803922 0.5686275 0.5529412 0.5294118 0.47058824 0.3882353
0.21176471 0.11764706 0.57254905 0.8117647 0.8862745 0.92941177 0.90588236 0.7254902 0.6156863 0.46666667 0.45882353 0.76862746 0.9843137 0.5764706 0.20784314 0.26666668 0.3529412 0.20392157 0.20784314 0.18431373 0.21960784 0.3019608 0.3019608 0.21568628 0.49411765 0.5529412 0.47843137 0.43529412 0.41960785 0.41960785 0.40392157 0.3529412
0.18431373 0.15294118 0.69411767 0.9137255 0.95686275 0.972549 0.9882353 1.0 0.92941177 0.8039216 0.8509804 0.98039216 0.9843137 0.8509804 0.3529412 0.22352941 0.16078432 0.18431373 0.21568628 0.1764706 0.16862746 0.18039216 0.20784314 0.21960784 0.27058825 0.5411765 0.5254902 0.42745098 0.40784314 0.39607844 0.36078432 0.30980393
0.13333334 0.14117648 0.49803922 0.8352941 0.95686275 0.9843137 1.0 1.0 0.99215686 1.0 0.9882353 0.972549 0.9843137 0.9882353 0.7490196 0.4745098 0.43529412 0.41568628 0.42352942 0.38431373 0.34901962 0.3019608 0.2784314 0.2901961 0.28627452 0.62352943 0.7882353 0.62352943 0.4509804 0.37254903 0.3372549 0.32156864
0.16862746 0.21176471 0.2 0.3137255 0.48235294 0.70980394 0.67058825 0.7254902 0.84705883 0.8117647 0.8039216 0.7607843 0.7294118 0.68235296 0.5882353 0.62352943 0.5568628 0.5137255 0.5254902 0.49803922 0.52156866 0.57254905 0.5058824 0.62352943 0.5372549 0.54509807 0.7019608 0.76862746 0.7411765 0.50980395 0.34901962 0.3372549
0.41568628 0.62352943 0.25882354 0.18431373 0.13333334 0.3764706 0.54901963 0.67058825 0.8862745 0.85490197 0.8784314 0.8 0.8117647 0.75686276 0.6666667 0.84705883 0.8235294 0.68235296 0.70980394 0.70980394 0.7254902 0.90588236 0.7764706 0.7490196 0.73333335 0.60784316 0.63529414 0.69803923 0.84313726 0.7529412 0.40784314 0.3254902
0.49411765 0.85882354 0.5882353 0.21960784 0.16862746 0.3019608 0.85490197 0.9137255 0.9098039 0.88235295 0.8509804 0.8117647 0.76862746 0.75686276 0.7764706 0.73333335 0.69803923 0.7019608 0.6901961 0.6509804 0.63529414 0.60784316 0.5882353 0.7411765 0.7607843 0.58431375 0.59607846 0.67058825 0.4 0.69411767 0.47058824 0.34117648
0.46666667 0.7137255 0.8901961 0.49411765 0.20392157 0.22745098 0.4509804 0.44313726 0.43529412 0.43529412 0.44313726 0.44705883 0.46666667 0.47843137 0.5137255 0.5058824 0.4745098 0.49411765 0.5019608 0.4509804 0.4509804 0.46666667 0.45490196 0.7019608 0.7019608 0.45882353 0.47058824 0.29411766 0.078431375 0.4 0.49019608 0.3372549
0.43529412 0.47058824 0.84313726 0.9019608 0.5254902 0.3254902 0.53333336 0.64705884 0.70980394 0.7647059 0.79607844 0.8117647 0.73333335 0.62352943 0.7137255 0.87058824 0.8901961 0.91764706 0.90588236 0.9098039 0.8980392 0.85882354 0.79607844 0.74509805 0.7058824 0.654902 0.5647059 0.22352941 0.101960786 0.25882354 0.49019608 0.3137255
0.43529412 0.53333336 0.52156866 0.7490196 0.88235295 0.8117647 0.89411765 0.93333334 0.9411765 0.9529412 1.0 0.8745098 0.39215687 0.21176471 0.26666668 0.827451 0.8627451 0.6745098 0.61960787 0.64705884 0.65882355 0.6392157 0.6392157 0.6627451 0.6862745 0.7019608 0.59607846 0.17254902 0.08627451 0.29803923 0.5411765 0.27058825
0.40784314 0.5254902 0.6313726 0.44705883 0.54509807 0.5568628 0.54901963 0.5058824 0.5137255 0.6 0.8901961 0.45882353 0.23529412 0.22352941 0.15686275 0.50980395 0.89411765 0.8 0.8156863 0.8509804 0.85882354 0.8745098 0.8784314 0.9019608 0.8666667 0.85882354 0.60784316 0.16078432 0.11764706 0.25490198 0.38039216 0.2509804
0.3764706 0.52156866 0.7882353 0.8039216 0.69411767 0.70980394 0.7411765 0.77254903 0.81960785 0.8627451 0.8352941 0.23921569 0.18431373 0.1254902 0.16862746 0.29803923 0.87058824 0.87058824 0.8627451 0.89411765 0.8862745 0.85490197 0.83137256 0.827451 0.79607844 0.76862746 0.45490196 0.14901961 0.14117648 0.21176471 0.2509804 0.25490198
0.33333334 0.5137255 0.8039216 0.90588236 0.96862745 0.99607843 0.9764706 0.99215686 0.99607843 0.9843137 0.7411765 0.2627451 0.14901961 0.12156863 0.19607843 0.3529412 0.8745098 0.8980392 0.8862745 0.8509804 0.80784315 0.7490196 0.6745098 0.60784316 0.49803922 0.38431373 0.21568628 0.10980392 0.11372549 0.12941177 0.21568628 0.23921569
0.31764707 0.36078432 0.6666667 0.8745098 0.92156863 0.9137255 0.8980392 0.9137255 0.92941177 0.94509804 0.5803922 0.23137255 0.18039216 0.14509805 0.16078432 0.37254903 0.8235294 0.76862746 0.69411767 0.6117647 0.48235294 0.39215687 0.2901961 0.22745098 0.16078432 0.09803922 0.078431375 0.09411765 0.11372549 0.12941177 0.23529412 0.25490198
0.29803923 0.30588236 0.36078432 0.7294118 0.8352941 0.81960785 0.8 0.80784315 0.81960785 0.83137256 0.42352942 0.18431373 0.2627451 0.28627452 0.15686275 0.35686275 0.53333336 0.36862746 0.26666668 0.21568628 0.16078432 0.1254902 0.101960786 0.08235294 0.078431375 0.09019608 0.09803922 0.0627451 0.15686275 0.22745098 0.23529412 0.23921569
0.29803923 0.3019608 0.15294118 0.37254903 0.7254902 0.7294118 0.7411765 0.77254903 0.79607844 0.8156863 0.34509805 0.16862746 0.27450982 0.29803923 0.19607843 0.25882354 0.21960784 0.14901961 0.11764706 0.101960786 0.08627451 0.07450981 0.09411765 0.1254902 0.23137255 0.31764707 0.3372549 0.23137255 0.20392157 0.20784314 0.21568628 0.2
0.2901961 0.30980393 0.19607843 0.08235294 0.20392157 0.23921569 0.28627452 0.34901962 0.3764706 0.5176471 0.2901961 0.1882353 0.18431373 0.22352941 0.22352941 0.16078432 0.11372549 0.08627451 0.07450981 0.105882354 0.16470589 0.2509804 0.34509805 0.4 0.41568628 0.42352942 0.4 0.3372549 0.27450982 0.22745098 0.23529412 0.22352941
0.28627452 0.30980393 0.27450982 0.13333334 0.09411765 0.09411765 0.09019608 0.08627451 0.09411765 0.10980392 0.15686275 0.2 0.10980392 0.14901961 0.23529412 0.05882353 0.07450981 0.16470589 0.2784314 0.38039216 0.44313726 0.45882353 0.40392157 0.35686275 0.34509805 0.32941177 0.36862746 0.32156864 0.27450982 0.2627451 0.23529412 0.22745098
0.29411766 0.3019608 0.32156864 0.24705882 0.13725491 0.15294118 0.15294118 0.14117648 0.12941177 0.11764706 0.12156863 0.19607843 0.18431373 0.20784314 0.14901961 0.16470589 0.3254902 0.43137255 0.4627451 0.4745098 0.45490196 0.41960785 0.34117648 0.2784314 0.25882354 0.23137255 0.25882354 0.27450982 0.26666668 0.2784314 0.27058825 0.25882354
0.2901961 0.30588236 0.3254902 0.32156864 0.1764706 0.12941177 0.13725491 0.13333334 0.12156863 0.1254902 0.13725491 0.13333334 0.16470589 0.1764706 0.21960784 0.39215687 0.4509804 0.45490196 0.4509804 0.4392157 0.4392157 0.41568628 0.38431373 0.34509805 0.2784314 0.23137255 0.20392157 0.21176471 0.21960784 0.25490198 0.2784314 0.27058825
0.2784314 0.3019608 0.30980393 0.3137255 0.2627451 0.18039216 0.20784314 0.24313726 0.2784314 0.32156864 0.37254903 0.28627452 0.27450982 0.34117648 0.44313726 0.44705883 0.44313726 0.44705883 0.44313726 0.44705883 0.45882353 0.44313726 0.44313726 0.42352942 0.38431373 0.32156864 0.29803923 0.25882354 0.21176471 0.21568628 0.23137255 0.23137255
19 15 1
20 4 2
19 16 1
28 5 1
19 2 0
22 23 0
21 24 2
2 27 1
16 4 1
19 18 1
13 8 1
26 22 1
19 17 1
28 3 1
28 7 1
21 24 1
14 13 2
25 3 2
14 8 0
27 3 1
19 2 2
28 8 1
24 25 1
7 14 1
18 28 1
26 21 1
24 23 1
26 17 1
26 7 0
21 23 2
