32, 32, 3, 30
0.8235294 0.6431373 0.6745098 0.654902 0.62352943 0.5803922 0.5921569 0.6117647 0.6117647 0.6313726 0.61960787 0.6156863 0.63529414 0.6313726 0.6313726 0.63529414 0.62352943 0.6 0.6 0.60784316 0.5882353 0.5882353 0.6 0.6039216 0.61960787 0.627451 0.6156863 0.6 0.6039216 0.5882353 0.54901963 0.48235294
0.8117647 0.62352943 0.65882355 0.6509804 0.61960787 0.6117647 0.6784314 0.69411767 0.654902 0.65882355 0.62352943 0.61960787 0.61960787 0.5921569 0.6039216 0.6039216 0.60784316 0.6117647 0.6039216 0.5921569 0.5647059 0.5803922 0.5882353 0.59607846 0.60784316 0.60784316 0.59607846 0.58431375 0.6039216 0.6 0.5686275 0.5137255
0.8039216 0.60784316 0.64705884 0.654902 0.6039216 0.6509804 0.75686276 0.81960785 0.75686276 0.6039216 0.50980395 0.6 0.6117647 0.5882353 0.5921569 0.5921569 0.60784316 0.6313726 0.627451 0.6 0.5764706 0.5882353 0.5882353 0.59607846 0.6 0.6 0.5921569 0.5882353 0.6156863 0.627451 0.6 0.5529412
0.8039216 0.5882353 0.61960787 0.6117647 0.50980395 0.6 0.63529414 0.85882354 0.8627451 0.8117647 0.6509804 0.5686275 0.6117647 0.59607846 0.59607846 0.6 0.61960787 0.64705884 0.6509804 0.61960787 0.6 0.60784316 0.6039216 0.6117647 0.6 0.5921569 0.5921569 0.5921569 0.60784316 0.6313726 0.6156863 0.5882353
0.79607844 0.5764706 0.60784316 0.5803922 0.49019608 0.6431373 0.49803922 0.40784314 0.4862745 0.6313726 0.7411765 0.6156863 0.6392157 0.60784316 0.6156863 0.6156863 0.64705884 0.67058825 0.67058825 0.654902 0.6392157 0.6313726 0.62352943 0.61960787 0.59607846 0.5882353 0.5882353 0.5803922 0.5921569 0.6156863 0.6039216 0.5921569
0.7921569 0.5686275 0.60784316 0.5764706 0.5254902 0.62352943 0.7137255 0.5647059 0.44313726 0.7294118 0.70980394 0.54901963 0.6901961 0.6666667 0.6313726 0.61960787 0.6431373 0.654902 0.65882355 0.65882355 0.6509804 0.63529414 0.6313726 0.61960787 0.59607846 0.6 0.59607846 0.5803922 0.5882353 0.6039216 0.5921569 0.58431375
0.8 0.5764706 0.6039216 0.5764706 0.5254902 0.5803922 0.8235294 0.9372549 0.75686276 0.6901961 0.7607843 0.6901961 0.73333335 0.76862746 0.6862745 0.6313726 0.6156863 0.63529414 0.6313726 0.63529414 0.6509804 0.6509804 0.6509804 0.6313726 0.6156863 0.61960787 0.6156863 0.59607846 0.59607846 0.6 0.6 0.6
0.80784315 0.5882353 0.6 0.5764706 0.5058824 0.52156866 0.7529412 0.8784314 0.9137255 0.6627451 0.7254902 0.7882353 0.7607843 0.7647059 0.69411767 0.6313726 0.67058825 0.6392157 0.5882353 0.6039216 0.6392157 0.65882355 0.654902 0.64705884 0.63529414 0.63529414 0.627451 0.6117647 0.6039216 0.6039216 0.6156863 0.62352943
0.8117647 0.59607846 0.59607846 0.54901963 0.5019608 0.49803922 0.7254902 0.8235294 0.8117647 0.6862745 0.80784315 0.8862745 0.78431374 0.69803923 0.6039216 0.5647059 0.58431375 0.64705884 0.6 0.57254905 0.63529414 0.65882355 0.654902 0.654902 0.6392157 0.6313726 0.61960787 0.60784316 0.6117647 0.60784316 0.62352943 0.6313726
0.8156863 0.5921569 0.5803922 0.53333336 0.4509804 0.4745098 0.62352943 0.69411767 0.77254903 0.7882353 0.7882353 0.7647059 0.67058825 0.6431373 0.6431373 0.6156863 0.54509807 0.58431375 0.6509804 0.6117647 0.6156863 0.6431373 0.654902 0.6627451 0.6392157 0.6156863 0.60784316 0.59607846 0.59607846 0.6 0.61960787 0.62352943
0.80784315 0.56078434 0.57254905 0.6039216 0.5411765 0.5372549 0.61960787 0.7529412 0.81960785 0.7490196 0.69803923 0.6392157 0.5058824 0.6313726 0.65882355 0.64705884 0.63529414 0.62352943 0.65882355 0.64705884 0.5882353 0.6156863 0.6509804 0.65882355 0.6431373 0.62352943 0.60784316 0.59607846 0.6039216 0.6 0.60784316 0.6117647
0.8 0.5372549 0.5568628 0.63529414 0.6901961 0.7882353 0.8352941 0.79607844 0.8 0.70980394 0.654902 0.5803922 0.5372549 0.5529412 0.6392157 0.65882355 0.6509804 0.6392157 0.63529414 0.60784316 0.5529412 0.5882353 0.63529414 0.654902 0.654902 0.6392157 0.62352943 0.6117647 0.6039216 0.5882353 0.5882353 0.5882353
0.79607844 0.52156866 0.5176471 0.57254905 0.6431373 0.7490196 0.84313726 0.75686276 0.6862745 0.64705884 0.58431375 0.54509807 0.6117647 0.60784316 0.5686275 0.6392157 0.627451 0.6627451 0.6392157 0.59607846 0.5647059 0.57254905 0.6039216 0.6313726 0.64705884 0.6392157 0.62352943 0.6 0.5686275 0.54901963 0.54901963 0.54901963
0.79607844 0.5254902 0.48235294 0.50980395 0.5921569 0.67058825 0.68235296 0.7058824 0.63529414 0.654902 0.62352943 0.54901963 0.60784316 0.6666667 0.5803922 0.54509807 0.5568628 0.5686275 0.6666667 0.6666667 0.69411767 0.5647059 0.5764706 0.60784316 0.62352943 0.63529414 0.62352943 0.59607846 0.54901963 0.5176471 0.52156866 0.5254902
0.8039216 0.54901963 0.47058824 0.46666667 0.5803922 0.62352943 0.6392157 0.6431373 0.58431375 0.6431373 0.65882355 0.60784316 0.6039216 0.63529414 0.58431375 0.54901963 0.5254902 0.48235294 0.5254902 0.627451 0.7294118 0.56078434 0.5647059 0.6 0.6 0.6156863 0.62352943 0.59607846 0.53333336 0.5019608 0.5137255 0.53333336
0.8 0.57254905 0.49411765 0.45490196 0.5372549 0.5568628 0.58431375 0.6313726 0.53333336 0.59607846 0.627451 0.6509804 0.6784314 0.6627451 0.63529414 0.6117647 0.67058825 0.63529414 0.63529414 0.6627451 0.59607846 0.6666667 0.7294118 0.7019608 0.59607846 0.6156863 0.64705884 0.6156863 0.53333336 0.49411765 0.49019608 0.5176471
0.78039217 0.54901963 0.5294118 0.46666667 0.49019608 0.5764706 0.5803922 0.63529414 0.5411765 0.53333336 0.60784316 0.6509804 0.63529414 0.6509804 0.654902 0.7019608 0.77254903 0.6901961 0.67058825 0.654902 0.5921569 0.6901961 0.68235296 0.64705884 0.6117647 0.6627451 0.6627451 0.6509804 0.58431375 0.5176471 0.46666667 0.47058824
0.76862746 0.52156866 0.5647059 0.5019608 0.49411765 0.5294118 0.56078434 0.65882355 0.6313726 0.53333336 0.627451 0.6862745 0.6901961 0.75686276 0.75686276 0.7411765 0.6392157 0.64705884 0.6627451 0.6117647 0.6039216 0.65882355 0.63529414 0.6392157 0.6745098 0.73333335 0.6666667 0.6627451 0.6392157 0.5764706 0.49803922 0.47843137
0.76862746 0.50980395 0.5529412 0.5254902 0.5019608 0.4862745 0.50980395 0.58431375 0.65882355 0.61960787 0.54509807 0.6666667 0.7372549 0.69803923 0.6627451 0.6392157 0.5882353 0.5803922 0.63529414 0.6901961 0.6666667 0.58431375 0.61960787 0.654902 0.59607846 0.68235296 0.6509804 0.60784316 0.64705884 0.62352943 0.5686275 0.54901963
0.78431374 0.52156866 0.5294118 0.5372549 0.54509807 0.49411765 0.50980395 0.5647059 0.6117647 0.6901961 0.6509804 0.56078434 0.6509804 0.65882355 0.62352943 0.62352943 0.627451 0.6117647 0.6431373 0.6666667 0.5803922 0.5294118 0.5882353 0.6039216 0.6509804 0.6431373 0.7294118 0.63529414 0.61960787 0.59607846 0.58431375 0.56078434
0.8 0.5647059 0.5568628 0.54901963 0.5686275 0.52156866 0.5137255 0.59607846 0.627451 0.6862745 0.7176471 0.7019608 0.54509807 0.53333336 0.5137255 0.54509807 0.6156863 0.6313726 0.60784316 0.5647059 0.5294118 0.5411765 0.6 0.5568628 0.49803922 0.4117647 0.6509804 0.7137255 0.73333335 0.58431375 0.5137255 0.5058824
0.8156863 0.62352943 0.64705884 0.6117647 0.56078434 0.5372549 0.53333336 0.60784316 0.6862745 0.7607843 0.6784314 0.78431374 0.7647059 0.6392157 0.6431373 0.69803923 0.69803923 0.6313726 0.6117647 0.5529412 0.53333336 0.5411765 0.57254905 0.5529412 0.43529412 0.32156864 0.50980395 0.627451 0.5294118 0.6627451 0.6 0.50980395
0.8 0.58431375 0.6627451 0.70980394 0.6745098 0.6117647 0.54901963 0.5882353 0.6745098 0.8117647 0.7372549 0.7372549 0.8392157 0.78039217 0.75686276 0.8784314 0.85882354 0.75686276 0.69803923 0.64705884 0.6 0.62352943 0.62352943 0.58431375 0.5372549 0.49411765 0.5372549 0.6392157 0.40392157 0.3647059 0.5529412 0.5882353
0.8039216 0.54509807 0.6627451 0.7882353 0.81960785 0.7764706 0.6509804 0.5764706 0.62352943 0.7490196 0.76862746 0.7647059 0.8392157 0.85882354 0.72156864 0.7647059 0.85882354 0.76862746 0.7490196 0.73333335 0.75686276 0.7529412 0.7137255 0.654902 0.6156863 0.6117647 0.5882353 0.57254905 0.5568628 0.41568628 0.4 0.54509807
0.78039217 0.5529412 0.69411767 0.74509805 0.7490196 0.8039216 0.78039217 0.6392157 0.5647059 0.627451 0.7254902 0.78431374 0.81960785 0.85882354 0.83137256 0.7607843 0.8039216 0.8117647 0.7490196 0.827451 0.83137256 0.75686276 0.68235296 0.65882355 0.6313726 0.62352943 0.6039216 0.5921569 0.5803922 0.5803922 0.52156866 0.47058824
0.7607843 0.54509807 0.65882355 0.74509805 0.627451 0.7372549 0.8352941 0.76862746 0.6745098 0.5921569 0.60784316 0.654902 0.7529412 0.8235294 0.81960785 0.84313726 0.8666667 0.8784314 0.8627451 0.8666667 0.7921569 0.7137255 0.67058825 0.6313726 0.63529414 0.6509804 0.627451 0.5882353 0.5568628 0.5647059 0.5647059 0.5254902
0.7490196 0.5294118 0.67058825 0.8 0.6745098 0.7490196 0.8392157 0.7490196 0.7647059 0.70980394 0.5882353 0.52156866 0.6156863 0.7019608 0.73333335 0.76862746 0.8392157 0.7882353 0.7411765 0.78039217 0.7254902 0.7019608 0.67058825 0.6156863 0.61960787 0.67058825 0.6666667 0.62352943 0.5882353 0.5882353 0.5686275 0.5568628
0.7372549 0.5882353 0.74509805 0.7529412 0.7411765 0.8235294 0.8862745 0.7607843 0.7294118 0.7176471 0.6509804 0.6313726 0.7137255 0.6862745 0.5647059 0.61960787 0.6313726 0.50980395 0.42352942 0.6039216 0.6666667 0.7137255 0.67058825 0.627451 0.6117647 0.6509804 0.6666667 0.64705884 0.6313726 0.62352943 0.5921569 0.58431375
0.7294118 0.5529412 0.76862746 0.8117647 0.7764706 0.7764706 0.8392157 0.84313726 0.72156864 0.7411765 0.72156864 0.73333335 0.69803923 0.5058824 0.3372549 0.5764706 0.7411765 0.61960787 0.40784314 0.5529412 0.654902 0.7529412 0.7058824 0.64705884 0.6392157 0.654902 0.654902 0.65882355 0.6627451 0.64705884 0.6 0.6
0.7294118 0.50980395 0.6784314 0.7529412 0.8509804 0.7921569 0.7882353 0.8156863 0.76862746 0.7176471 0.75686276 0.7490196 0.5372549 0.2784314 0.39215687 0.67058825 0.8666667 0.79607844 0.49411765 0.627451 0.7647059 0.7607843 0.7490196 0.69803923 0.6862745 0.67058825 0.627451 0.62352943 0.627451 0.59607846 0.5529412 0.56078434
0.6784314 0.3764706 0.45490196 0.4627451 0.64705884 0.78039217 0.7058824 0.49019608 0.4627451 0.5921569 0.7137255 0.6901961 0.5254902 0.41568628 0.5137255 0.5764706 0.62352943 0.6039216 0.41568628 0.5372549 0.81960785 0.654902 0.68235296 0.6745098 0.627451 0.58431375 0.5176471 0.47058824 0.45882353 0.4392157 0.42352942 0.44313726
0.78431374 0.56078434 0.6117647 0.6039216 0.62352943 0.69411767 0.67058825 0.5294118 0.5137255 0.61960787 0.72156864 0.7372549 0.7411765 0.7607843 0.73333335 0.6901961 0.64705884 0.6627451 0.627451 0.67058825 0.8509804 0.75686276 0.78039217 0.8039216 0.75686276 0.7411765 0.6862745 0.63529414 0.627451 0.62352943 0.62352943 0.6313726
0.80784315 0.6 0.60784316 0.57254905 0.5529412 0.5294118 0.5254902 0.53333336 0.5254902 0.5058824 0.49411765 0.5137255 0.52156866 0.5137255 0.5176471 0.52156866 0.50980395 0.49019608 0.4862745 0.49019608 0.47058824 0.46666667 0.47843137 0.48235294 0.49803922 0.5058824 0.49411765 0.47843137 0.49019608 0.5019608 0.4509804 0.3647059
0.78431374 0.5529412 0.5764706 0.54901963 0.5176471 0.53333336 0.58431375 0.6 0.5764706 0.5568628 0.5137255 0.5137255 0.5019608 0.4745098 0.4862745 0.4862745 0.4862745 0.4862745 0.4745098 0.4627451 0.44313726 0.45882353 0.46666667 0.4745098 0.4862745 0.4862745 0.4745098 0.4627451 0.49019608 0.5019608 0.45882353 0.39215687
0.76862746 0.5058824 0.54509807 0.5372549 0.4862745 0.5529412 0.64705884 0.7294118 0.6862745 0.5294118 0.41568628 0.4862745 0.49019608 0.46666667 0.4745098 0.47058824 0.4745098 0.49411765 0.49019608 0.45490196 0.44705883 0.46666667 0.46666667 0.4745098 0.47843137 0.4745098 0.47058824 0.46666667 0.49411765 0.5176471 0.48235294 0.41960785
0.75686276 0.46666667 0.5019608 0.49411765 0.39215687 0.5019608 0.53333336 0.78039217 0.8039216 0.77254903 0.58431375 0.44705883 0.49019608 0.4745098 0.4745098 0.4745098 0.48235294 0.5019608 0.5019608 0.46666667 0.46666667 0.48235294 0.47843137 0.48235294 0.4745098 0.46666667 0.46666667 0.46666667 0.4862745 0.5137255 0.4862745 0.44705883
0.7490196 0.4392157 0.48235294 0.46666667 0.38039216 0.54901963 0.40784314 0.3254902 0.41568628 0.5764706 0.6666667 0.49019608 0.5176471 0.49019608 0.49411765 0.49411765 0.5058824 0.52156866 0.52156866 0.5058824 0.50980395 0.5137255 0.5058824 0.5019608 0.4745098 0.4627451 0.45882353 0.4509804 0.46666667 0.49411765 0.4745098 0.44705883
0.7411765 0.4392157 0.47843137 0.45882353 0.40784314 0.5294118 0.6392157 0.5019608 0.3647059 0.6392157 0.60784316 0.43529412 0.5764706 0.5529412 0.5176471 0.50980395 0.5254902 0.53333336 0.5372549 0.53333336 0.54509807 0.5372549 0.53333336 0.52156866 0.48235294 0.46666667 0.45882353 0.44313726 0.45882353 0.4862745 0.46666667 0.44705883
0.74509805 0.44705883 0.48235294 0.45490196 0.4 0.4745098 0.7411765 0.8862745 0.69803923 0.6 0.6627451 0.5803922 0.62352943 0.654902 0.57254905 0.52156866 0.52156866 0.5411765 0.5411765 0.5411765 0.5529412 0.54901963 0.54901963 0.53333336 0.5019608 0.48235294 0.47843137 0.45882353 0.4627451 0.47843137 0.47058824 0.45490196
0.7529412 0.45882353 0.4745098 0.45882353 0.38431373 0.4117647 0.654902 0.8117647 0.85882354 0.5803922 0.6313726 0.6784314 0.64705884 0.64705884 0.5764706 0.52156866 0.5803922 0.56078434 0.50980395 0.5294118 0.5411765 0.5411765 0.5372549 0.53333336 0.50980395 0.49803922 0.49019608 0.4745098 0.47058824 0.4745098 0.4745098 0.46666667
0.7607843 0.4627451 0.4627451 0.44313726 0.40392157 0.40392157 0.627451 0.7490196 0.74509805 0.59607846 0.7137255 0.78039217 0.67058825 0.5803922 0.4862745 0.4509804 0.4862745 0.5529412 0.5137255 0.49019608 0.5254902 0.5294118 0.5254902 0.5294118 0.50980395 0.49411765 0.48235294 0.47058824 0.4745098 0.47058824 0.47058824 0.4627451
0.7607843 0.45490196 0.4392157 0.44705883 0.3882353 0.40392157 0.5372549 0.6156863 0.69411767 0.69411767 0.6901961 0.6509804 0.5568628 0.5254902 0.52156866 0.5019608 0.41960785 0.45882353 0.53333336 0.49803922 0.49019608 0.5058824 0.5176471 0.5254902 0.5019608 0.47843137 0.47058824 0.45882353 0.45490196 0.4509804 0.45490196 0.44705883
0.7607843 0.43529412 0.4509804 0.5294118 0.5019608 0.49803922 0.5647059 0.6784314 0.7254902 0.6313726 0.5803922 0.5254902 0.38039216 0.49803922 0.5294118 0.5176471 0.49803922 0.4862745 0.5294118 0.5254902 0.47058824 0.49019608 0.5137255 0.5137255 0.49411765 0.47058824 0.45882353 0.44705883 0.4509804 0.44313726 0.4392157 0.43137255
0.7529412 0.41568628 0.45490196 0.56078434 0.6431373 0.76862746 0.79607844 0.7254902 0.69803923 0.57254905 0.5137255 0.45882353 0.39607844 0.40784314 0.49803922 0.5176471 0.50980395 0.5019608 0.50980395 0.49411765 0.44313726 0.47058824 0.49803922 0.5019608 0.49411765 0.4745098 0.45882353 0.44705883 0.44313726 0.42745098 0.41568628 0.4
0.7411765 0.39215687 0.39607844 0.47843137 0.5764706 0.7019608 0.78039217 0.6666667 0.5686275 0.49019608 0.42745098 0.40392157 0.4627451 0.45882353 0.41960785 0.49019608 0.47843137 0.52156866 0.50980395 0.47843137 0.44705883 0.44705883 0.46666667 0.4862745 0.49019608 0.48235294 0.46666667 0.44313726 0.4117647 0.3882353 0.3764706 0.36078432
0.7372549 0.38431373 0.34117648 0.38431373 0.49411765 0.5921569 0.5882353 0.5921569 0.49803922 0.4745098 0.4392157 0.39607844 0.45490196 0.5137255 0.42745098 0.3882353 0.4 0.41960785 0.5294118 0.5372549 0.5686275 0.43529412 0.43529412 0.45882353 0.47058824 0.48235294 0.4745098 0.44313726 0.39607844 0.3529412 0.34509805 0.3372549
0.7490196 0.39607844 0.30588236 0.31764707 0.45882353 0.5254902 0.52156866 0.5019608 0.42352942 0.44705883 0.45882353 0.43529412 0.44313726 0.47058824 0.41960785 0.38431373 0.35686275 0.32156864 0.38039216 0.49019608 0.6039216 0.43137255 0.42352942 0.44705883 0.44705883 0.47058824 0.47843137 0.4509804 0.3882353 0.34117648 0.3372549 0.34117648
0.7411765 0.4117647 0.31764707 0.2901961 0.39607844 0.4392157 0.44705883 0.47058824 0.36078432 0.3882353 0.4117647 0.46666667 0.5137255 0.49803922 0.47058824 0.44705883 0.5019608 0.4745098 0.48235294 0.5176471 0.46666667 0.5411765 0.5882353 0.54901963 0.44313726 0.47843137 0.50980395 0.4745098 0.39215687 0.33333334 0.3137255 0.3254902
0.70980394 0.38431373 0.3647059 0.3254902 0.3529412 0.43529412 0.42745098 0.46666667 0.36078432 0.34117648 0.4 0.45490196 0.4745098 0.5019608 0.52156866 0.5764706 0.6392157 0.54509807 0.5176471 0.49019608 0.44705883 0.5568628 0.54509807 0.5058824 0.4745098 0.5372549 0.5372549 0.5176471 0.4509804 0.38431373 0.31764707 0.3019608
0.69803923 0.3647059 0.41568628 0.3764706 0.36078432 0.38431373 0.40392157 0.49803922 0.45882353 0.3529412 0.43137255 0.49019608 0.5137255 0.59607846 0.60784316 0.60784316 0.5058824 0.5019608 0.5058824 0.4392157 0.4509804 0.5176471 0.49411765 0.5019608 0.54509807 0.61960787 0.54901963 0.5372549 0.5137255 0.4509804 0.36078432 0.3254902
0.70980394 0.3647059 0.41568628 0.4 0.36862746 0.34117648 0.3529412 0.42745098 0.50980395 0.45882353 0.36862746 0.48235294 0.54509807 0.5058824 0.47843137 0.4627451 0.42745098 0.42352942 0.47058824 0.52156866 0.5176471 0.4509804 0.48235294 0.5176471 0.46666667 0.5686275 0.5372549 0.4862745 0.5254902 0.49411765 0.43137255 0.4117647
0.7294118 0.3882353 0.4 0.41568628 0.4117647 0.34509805 0.3529412 0.41568628 0.48235294 0.54901963 0.49803922 0.39607844 0.46666667 0.46666667 0.42352942 0.42745098 0.44313726 0.43529412 0.47058824 0.49803922 0.43137255 0.3882353 0.4509804 0.4627451 0.52156866 0.5294118 0.6117647 0.52156866 0.5019608 0.4627451 0.4509804 0.43529412
0.7529412 0.43529412 0.43137255 0.43137255 0.43529412 0.37254903 0.3529412 0.45490196 0.5176471 0.5647059 0.5803922 0.5529412 0.38431373 0.35686275 0.3254902 0.34901962 0.41568628 0.4392157 0.42745098 0.4 0.38039216 0.39607844 0.45490196 0.4117647 0.3647059 0.2901961 0.5294118 0.59607846 0.60784316 0.44705883 0.3882353 0.3882353
0.77254903 0.5058824 0.5294118 0.49019608 0.42745098 0.39607844 0.38431373 0.47843137 0.5882353 0.6509804 0.56078434 0.654902 0.63529414 0.49019608 0.47843137 0.5137255 0.5019608 0.43529412 0.42745098 0.37254903 0.3764706 0.39215687 0.42352942 0.40784314 0.29803923 0.2 0.39215687 0.50980395 0.4117647 0.5372549 0.48235294 0.40392157
0.76862746 0.49019608 0.54509807 0.58431375 0.5411765 0.48235294 0.4117647 0.46666667 0.5882353 0.72156864 0.64705884 0.64705884 0.7529412 0.6745098 0.61960787 0.72156864 0.7019608 0.59607846 0.5254902 0.46666667 0.4392157 0.48235294 0.48235294 0.4509804 0.41568628 0.3764706 0.43137255 0.5411765 0.3137255 0.27058825 0.4627451 0.49803922
0.75686276 0.41960785 0.5254902 0.67058825 0.70980394 0.6509804 0.5019608 0.4392157 0.52156866 0.6666667 0.7058824 0.7137255 0.79607844 0.8 0.6392157 0.6627451 0.7607843 0.6627451 0.6313726 0.6 0.6313726 0.6392157 0.6039216 0.5568628 0.5176471 0.5019608 0.49019608 0.49019608 0.4745098 0.3254902 0.30980393 0.45490196
0.70980394 0.39215687 0.5372549 0.63529414 0.64705884 0.6784314 0.627451 0.49019608 0.44313726 0.5372549 0.6627451 0.74509805 0.8 0.83137256 0.7921569 0.7137255 0.75686276 0.75686276 0.6784314 0.74509805 0.74509805 0.6666667 0.6039216 0.5921569 0.5568628 0.52156866 0.5137255 0.5137255 0.5019608 0.49019608 0.43137255 0.38039216
0.68235296 0.3647059 0.5058824 0.62352943 0.5019608 0.60784316 0.7058824 0.6313726 0.5411765 0.47843137 0.5137255 0.58431375 0.7137255 0.78431374 0.7764706 0.8039216 0.8235294 0.8235294 0.79607844 0.78431374 0.70980394 0.63529414 0.59607846 0.5803922 0.5686275 0.5568628 0.54509807 0.5137255 0.4862745 0.47843137 0.4745098 0.43529412
0.6745098 0.3529412 0.5372549 0.65882355 0.5137255 0.6156863 0.74509805 0.64705884 0.61960787 0.5647059 0.44313726 0.3882353 0.5176471 0.6156863 0.654902 0.69803923 0.75686276 0.69411767 0.6313726 0.65882355 0.62352943 0.6156863 0.5921569 0.56078434 0.5568628 0.58431375 0.5882353 0.56078434 0.5254902 0.49803922 0.4745098 0.4627451
0.654902 0.40784314 0.6156863 0.6117647 0.57254905 0.6862745 0.78431374 0.654902 0.59607846 0.5764706 0.49411765 0.49019608 0.627451 0.5803922 0.43529412 0.4862745 0.5058824 0.36862746 0.26666668 0.45490196 0.5529412 0.627451 0.6 0.5803922 0.5647059 0.58431375 0.6039216 0.5921569 0.57254905 0.5294118 0.49803922 0.49019608
0.6431373 0.3529412 0.60784316 0.6784314 0.6431373 0.654902 0.73333335 0.7411765 0.62352943 0.63529414 0.60784316 0.6313726 0.62352943 0.3764706 0.16470589 0.4117647 0.60784316 0.46666667 0.23921569 0.41568628 0.5411765 0.6509804 0.6313726 0.6 0.5921569 0.5921569 0.5921569 0.5921569 0.5921569 0.54901963 0.49803922 0.5019608
0.6392157 0.2901961 0.46666667 0.6 0.7254902 0.6784314 0.6862745 0.7176471 0.6666667 0.6117647 0.64705884 0.63529414 0.4 0.10980392 0.21176471 0.52156866 0.7294118 0.6313726 0.3137255 0.4745098 0.6313726 0.63529414 0.6392157 0.60784316 0.6039216 0.58431375 0.54509807 0.5411765 0.5372549 0.49019608 0.44705883 0.45490196
0.6 0.18431373 0.24313726 0.27450982 0.47843137 0.61960787 0.56078434 0.34509805 0.3019608 0.43137255 0.54901963 0.53333336 0.36862746 0.23921569 0.35686275 0.45490196 0.45882353 0.38431373 0.18431373 0.33333334 0.67058825 0.5411765 0.57254905 0.57254905 0.53333336 0.5019608 0.43529412 0.3882353 0.37254903 0.34509805 0.3254902 0.34509805
0.7490196 0.4627451 0.5019608 0.4862745 0.5019608 0.58431375 0.57254905 0.42745098 0.39607844 0.49803922 0.6 0.627451 0.65882355 0.6666667 0.64705884 0.62352943 0.54509807 0.5176471 0.47058824 0.5294118 0.77254903 0.70980394 0.7254902 0.7490196 0.7058824 0.69411767 0.63529414 0.58431375 0.5764706 0.57254905 0.5686275 0.5803922
0.84313726 0.6862745 0.6862745 0.6156863 0.5921569 0.5686275 0.54901963 0.5019608 0.42745098 0.3764706 0.3647059 0.3882353 0.37254903 0.36078432 0.3647059 0.36862746 0.3529412 0.3372549 0.34901962 0.36862746 0.34901962 0.34509805 0.35686275 0.36078432 0.3764706 0.38431373 0.37254903 0.35686275 0.36862746 0.37254903 0.3372549 0.27450982
0.79607844 0.5882353 0.6 0.5294118 0.49803922 0.52156866 0.5254902 0.49803922 0.47058824 0.4392157 0.40392157 0.4 0.36078432 0.33333334 0.34509805 0.34509805 0.3372549 0.34901962 0.3529412 0.3529412 0.32941177 0.34117648 0.3529412 0.35686275 0.36862746 0.36862746 0.35686275 0.34901962 0.37254903 0.38431373 0.3529412 0.3019608
0.74509805 0.4745098 0.5019608 0.4745098 0.44705883 0.5254902 0.54509807 0.5803922 0.5686275 0.42745098 0.32156864 0.38431373 0.3647059 0.3372549 0.34117648 0.34117648 0.34117648 0.36862746 0.38039216 0.36078432 0.34509805 0.36078432 0.36078432 0.36862746 0.37254903 0.36862746 0.3647059 0.36078432 0.38431373 0.4 0.3764706 0.3372549
0.7019608 0.37254903 0.4 0.4117647 0.3764706 0.5019608 0.43137255 0.60784316 0.6784314 0.68235296 0.5137255 0.36078432 0.36862746 0.34901962 0.3529412 0.3529412 0.36078432 0.39215687 0.40784314 0.38431373 0.3764706 0.3882353 0.38431373 0.39215687 0.38431373 0.37254903 0.37254903 0.37254903 0.3882353 0.4 0.38431373 0.3647059
0.67058825 0.32156864 0.35686275 0.38039216 0.35686275 0.5372549 0.31764707 0.16862746 0.3019608 0.50980395 0.59607846 0.4117647 0.4117647 0.3882353 0.39215687 0.38431373 0.3882353 0.4117647 0.42352942 0.41960785 0.41568628 0.41568628 0.40392157 0.4 0.38039216 0.37254903 0.36862746 0.3647059 0.37254903 0.3882353 0.3764706 0.3647059
0.6627451 0.3137255 0.36862746 0.36862746 0.3254902 0.43529412 0.5254902 0.35686275 0.26666668 0.58431375 0.5137255 0.36078432 0.49019608 0.4862745 0.45490196 0.41568628 0.39607844 0.4 0.4117647 0.41960785 0.41960785 0.4117647 0.40784314 0.39215687 0.37254903 0.38039216 0.37254903 0.35686275 0.36862746 0.39215687 0.3764706 0.36078432
0.6862745 0.3254902 0.36078432 0.3647059 0.3019608 0.3372549 0.5647059 0.67058825 0.5294118 0.49803922 0.53333336 0.49411765 0.5411765 0.6039216 0.52156866 0.43529412 0.38431373 0.39215687 0.39215687 0.39215687 0.41568628 0.41960785 0.41960785 0.4 0.3882353 0.39607844 0.39215687 0.37254903 0.3764706 0.3882353 0.38039216 0.37254903
0.7058824 0.34509805 0.35686275 0.38039216 0.3019608 0.26666668 0.44705883 0.54509807 0.63529414 0.4392157 0.4862745 0.58431375 0.5803922 0.60784316 0.53333336 0.44705883 0.45882353 0.41960785 0.35686275 0.3647059 0.39607844 0.41960785 0.41568628 0.40784314 0.4 0.4117647 0.40392157 0.3882353 0.38039216 0.38431373 0.3882353 0.38431373
0.70980394 0.36862746 0.38039216 0.4 0.34901962 0.28627452 0.4509804 0.50980395 0.54509807 0.4745098 0.57254905 0.6901961 0.6117647 0.54509807 0.45490196 0.39215687 0.40392157 0.4509804 0.3882353 0.34509805 0.3882353 0.40784314 0.40392157 0.40784314 0.4 0.40784314 0.39607844 0.38431373 0.3882353 0.38431373 0.39215687 0.3882353
0.69411767 0.3764706 0.40784314 0.44313726 0.36862746 0.34117648 0.43529412 0.46666667 0.5803922 0.627451 0.5803922 0.5803922 0.5058824 0.5019608 0.49803922 0.4509804 0.38431373 0.41568628 0.45490196 0.39215687 0.37254903 0.3882353 0.4 0.40784314 0.39607844 0.39215687 0.38431373 0.37254903 0.36862746 0.36862746 0.3764706 0.3764706
0.6862745 0.3647059 0.4392157 0.54901963 0.5019608 0.4745098 0.5254902 0.60784316 0.65882355 0.58431375 0.49803922 0.4509804 0.32941177 0.46666667 0.49411765 0.47058824 0.45882353 0.44705883 0.48235294 0.4627451 0.3647059 0.3647059 0.40784314 0.42352942 0.40784314 0.38431373 0.37254903 0.36078432 0.3647059 0.36078432 0.36078432 0.3529412
0.68235296 0.34509805 0.4392157 0.5764706 0.64705884 0.7529412 0.7764706 0.6901961 0.63529414 0.50980395 0.44313726 0.38039216 0.34509805 0.36078432 0.44705883 0.46666667 0.44705883 0.44705883 0.46666667 0.45490196 0.35686275 0.35686275 0.40392157 0.42745098 0.41960785 0.39215687 0.37254903 0.36078432 0.35686275 0.34117648 0.33333334 0.32156864
0.6784314 0.3254902 0.3764706 0.4862745 0.57254905 0.6784314 0.7529412 0.6313726 0.5137255 0.43529412 0.36078432 0.32941177 0.40784314 0.40392157 0.3647059 0.43137255 0.4117647 0.45490196 0.45882353 0.43529412 0.3882353 0.37254903 0.38039216 0.3882353 0.40392157 0.40784314 0.3882353 0.3647059 0.33333334 0.3137255 0.30588236 0.29411766
0.6862745 0.31764707 0.3137255 0.38431373 0.48235294 0.56078434 0.5529412 0.54901963 0.44705883 0.42745098 0.38431373 0.3254902 0.39215687 0.45490196 0.36862746 0.32941177 0.3254902 0.34509805 0.47058824 0.4862745 0.5254902 0.38039216 0.36078432 0.3647059 0.38039216 0.41568628 0.40392157 0.3764706 0.32941177 0.2901961 0.28627452 0.28235295
0.7019608 0.32941177 0.27450982 0.30980393 0.43529412 0.48235294 0.47058824 0.45882353 0.38431373 0.40392157 0.40784314 0.36862746 0.3764706 0.40784314 0.35686275 0.31764707 0.2784314 0.24313726 0.30980393 0.43137255 0.54509807 0.36862746 0.35686275 0.38039216 0.38039216 0.40392157 0.41568628 0.3882353 0.32156864 0.28235295 0.28627452 0.29411766
0.7019608 0.34901962 0.28235295 0.27450982 0.36862746 0.39215687 0.39215687 0.42352942 0.32156864 0.34901962 0.36862746 0.40392157 0.44705883 0.43137255 0.40784314 0.38039216 0.42352942 0.39607844 0.40784314 0.4509804 0.3882353 0.46666667 0.5294118 0.5137255 0.40392157 0.41960785 0.45490196 0.42352942 0.34117648 0.28627452 0.27058825 0.28627452
0.6784314 0.3372549 0.32941177 0.3019608 0.3254902 0.4 0.38431373 0.41960785 0.3137255 0.29411766 0.35686275 0.40392157 0.40784314 0.44313726 0.4745098 0.5372549 0.58431375 0.4745098 0.44313726 0.40784314 0.3764706 0.49803922 0.49411765 0.46666667 0.42745098 0.49019608 0.50980395 0.52156866 0.45882353 0.36078432 0.28235295 0.2627451
0.654902 0.30980393 0.36078432 0.34509805 0.3372549 0.34901962 0.36078432 0.44705883 0.40784314 0.3019608 0.3882353 0.44313726 0.45490196 0.54509807 0.57254905 0.5764706 0.45490196 0.4392157 0.43137255 0.3529412 0.38039216 0.45882353 0.43137255 0.4392157 0.47843137 0.56078434 0.5137255 0.5411765 0.5254902 0.43529412 0.32941177 0.28627452
0.6509804 0.29411766 0.34509805 0.3647059 0.34509805 0.30588236 0.30980393 0.3764706 0.44705883 0.4 0.31764707 0.43529412 0.49803922 0.4627451 0.4392157 0.42352942 0.37254903 0.35686275 0.4 0.4509804 0.44313726 0.37254903 0.40392157 0.4392157 0.3882353 0.49803922 0.48235294 0.45490196 0.5058824 0.47058824 0.40392157 0.38039216
0.6784314 0.32156864 0.3372549 0.38431373 0.3882353 0.3137255 0.30980393 0.36078432 0.41568628 0.4862745 0.4392157 0.34117648 0.41960785 0.41960785 0.37254903 0.36862746 0.3764706 0.36862746 0.40784314 0.4392157 0.36862746 0.3254902 0.38431373 0.4 0.45882353 0.4745098 0.5647059 0.47843137 0.4627451 0.43529412 0.42745098 0.41960785
0.7254902 0.39607844 0.4 0.40784314 0.4117647 0.34117648 0.3137255 0.39607844 0.44313726 0.49411765 0.5137255 0.49411765 0.3372549 0.3019608 0.25882354 0.27058825 0.33333334 0.36862746 0.37254903 0.3529412 0.34901962 0.36862746 0.42352942 0.38039216 0.3372549 0.27058825 0.5058824 0.5686275 0.5764706 0.41568628 0.3647059 0.38039216
0.7764706 0.5019608 0.5176471 0.47843137 0.40392157 0.3529412 0.34117648 0.43529412 0.53333336 0.5921569 0.49411765 0.5921569 0.5764706 0.42352942 0.39215687 0.41960785 0.40784314 0.34901962 0.3529412 0.3137255 0.3254902 0.36078432 0.40392157 0.3882353 0.2901961 0.2 0.39215687 0.50980395 0.40392157 0.5176471 0.47058824 0.40392157
0.78039217 0.49803922 0.53333336 0.5803922 0.52156866 0.41960785 0.3647059 0.45490196 0.5803922 0.69803923 0.6039216 0.5921569 0.69411767 0.6039216 0.53333336 0.61960787 0.58431375 0.47843137 0.41568628 0.36078432 0.33333334 0.40392157 0.4509804 0.42352942 0.39215687 0.38431373 0.44313726 0.56078434 0.33333334 0.28235295 0.47058824 0.50980395
0.7411765 0.40392157 0.49411765 0.64705884 0.6745098 0.5882353 0.4509804 0.41568628 0.5137255 0.654902 0.69803923 0.7019608 0.7647059 0.7490196 0.5686275 0.5764706 0.6431373 0.5411765 0.5137255 0.4862745 0.5294118 0.5803922 0.5921569 0.5411765 0.5019608 0.5137255 0.5058824 0.5176471 0.5058824 0.34901962 0.33333334 0.47843137
0.6745098 0.34509805 0.49411765 0.5921569 0.6 0.62352943 0.5686275 0.44313726 0.41568628 0.5254902 0.6784314 0.76862746 0.7882353 0.8039216 0.74509805 0.6431373 0.654902 0.64705884 0.5764706 0.6431373 0.6745098 0.6509804 0.6156863 0.5921569 0.5529412 0.5372549 0.5411765 0.54901963 0.5411765 0.52156866 0.4627451 0.4117647
0.6431373 0.30588236 0.45882353 0.5764706 0.45490196 0.56078434 0.63529414 0.5568628 0.49411765 0.45882353 0.5254902 0.6117647 0.72156864 0.77254903 0.7411765 0.7411765 0.7411765 0.7411765 0.7176471 0.7137255 0.6666667 0.63529414 0.6156863 0.5764706 0.5647059 0.5803922 0.5764706 0.56078434 0.5294118 0.5176471 0.50980395 0.4745098
0.6392157 0.29803923 0.5058824 0.6156863 0.46666667 0.5803922 0.654902 0.5411765 0.56078434 0.5294118 0.42745098 0.3882353 0.5372549 0.6117647 0.61960787 0.6431373 0.7058824 0.64705884 0.5921569 0.62352943 0.6 0.61960787 0.60784316 0.54509807 0.5411765 0.6156863 0.6313726 0.60784316 0.5764706 0.54509807 0.52156866 0.50980395
0.6392157 0.3647059 0.5686275 0.5568628 0.5176471 0.6313726 0.69803923 0.5529412 0.5137255 0.5176471 0.46666667 0.48235294 0.6392157 0.5803922 0.4117647 0.44313726 0.4627451 0.34117648 0.2509804 0.44313726 0.52156866 0.6 0.59607846 0.5764706 0.5686275 0.60784316 0.6313726 0.62352943 0.60784316 0.5803922 0.54901963 0.5411765
0.627451 0.3137255 0.5372549 0.6039216 0.5686275 0.5764706 0.6509804 0.6431373 0.5137255 0.5568628 0.5647059 0.6117647 0.62352943 0.3764706 0.14509805 0.36862746 0.54509807 0.41568628 0.20392157 0.38431373 0.4862745 0.59607846 0.60784316 0.6117647 0.61960787 0.6156863 0.6117647 0.6156863 0.61960787 0.59607846 0.5529412 0.5529412
0.6117647 0.2509804 0.41568628 0.53333336 0.64705884 0.59607846 0.6 0.62352943 0.5686275 0.53333336 0.59607846 0.6039216 0.4 0.09803922 0.1882353 0.4627451 0.6392157 0.5529412 0.25490198 0.41568628 0.5647059 0.5803922 0.6156863 0.60784316 0.627451 0.6156863 0.57254905 0.5686275 0.57254905 0.5411765 0.49803922 0.5058824
0.5686275 0.14509805 0.21568628 0.24313726 0.43137255 0.57254905 0.50980395 0.2901961 0.25490198 0.39607844 0.5254902 0.5176471 0.35686275 0.22745098 0.32941177 0.4 0.38039216 0.32156864 0.13725491 0.2901961 0.61960787 0.49411765 0.54509807 0.5647059 0.54901963 0.5294118 0.4627451 0.41568628 0.40392157 0.39215687 0.3764706 0.39607844
0.7254902 0.43529412 0.49411765 0.48235294 0.49019608 0.5686275 0.5529412 0.41568628 0.39607844 0.5019608 0.6039216 0.62352943 0.6392157 0.6509804 0.6313726 0.59607846 0.5019608 0.49019608 0.4627451 0.5254902 0.74509805 0.6745098 0.70980394 0.7411765 0.7137255 0.7137255 0.654902 0.6039216 0.6 0.6039216 0.6039216 0.6156863
30 2 2
30 1 1
30 1 2
29 2 0
29 13 1
29 13 2
29 14 1
3 8 1
24 17 2
29 16 0
31 23 0
30 13 1
22 12 0
30 20 0
29 5 0
8 8 0
29 1 2
31 23 2
28 14 2
28 11 2
30 20 1
30 18 2
22 15 0
26 12 0
23 10 2
23 19 0
28 11 0
29 15 0
29 18 1
28 28 2
