32, 32, 3, 30
0.3882353 0.38431373 0.38431373 0.39215687 0.39607844 0.39215687 0.3764706 0.37254903 0.37254903 0.3647059 0.36078432 0.3529412 0.34117648 0.3372549 0.3372549 0.3372549 0.32941177 0.3254902 0.30980393 0.29803923 0.2901961 0.28627452 0.29411766 0.29803923 0.29803923 0.26666668 0.21960784 0.15294118 0.11372549 0.13333334 0.12941177 0.1254902
0.4 0.39607844 0.39607844 0.4 0.4 0.39215687 0.38039216 0.3764706 0.37254903 0.36862746 0.36862746 0.35686275 0.34117648 0.34117648 0.34117648 0.34117648 0.33333334 0.3254902 0.3137255 0.29803923 0.29411766 0.2901961 0.29411766 0.3019608 0.3019608 0.27450982 0.22352941 0.15686275 0.11764706 0.13333334 0.12941177 0.1254902
0.4117647 0.40392157 0.40784314 0.40784314 0.40392157 0.4 0.38431373 0.37254903 0.36862746 0.36862746 0.37254903 0.3647059 0.34901962 0.34509805 0.34117648 0.34117648 0.33333334 0.3254902 0.3137255 0.29803923 0.29411766 0.2901961 0.29803923 0.30588236 0.30588236 0.2784314 0.22352941 0.15686275 0.11764706 0.13333334 0.12941177 0.1254902
0.42352942 0.42352942 0.43137255 0.42745098 0.41568628 0.40392157 0.3882353 0.37254903 0.37254903 0.37254903 0.3764706 0.37254903 0.35686275 0.34901962 0.34509805 0.34509805 0.3372549 0.32941177 0.31764707 0.3019608 0.29411766 0.2901961 0.29803923 0.30588236 0.30588236 0.2784314 0.22352941 0.15686275 0.11764706 0.13333334 0.12941177 0.1254902
0.43529412 0.44313726 0.4509804 0.44313726 0.42745098 0.40784314 0.38431373 0.3764706 0.3764706 0.3764706 0.38039216 0.37254903 0.35686275 0.3529412 0.34901962 0.34901962 0.34117648 0.33333334 0.31764707 0.30588236 0.29411766 0.2901961 0.29803923 0.30588236 0.30588236 0.27450982 0.22352941 0.15686275 0.11764706 0.13333334 0.12941177 0.1254902
0.43529412 0.44313726 0.45490196 0.4509804 0.43137255 0.4117647 0.3882353 0.37254903 0.37254903 0.37254903 0.37254903 0.37254903 0.36078432 0.35686275 0.34901962 0.34509805 0.3372549 0.32941177 0.3137255 0.29803923 0.29803923 0.29803923 0.29803923 0.29803923 0.2901961 0.2627451 0.21568628 0.15686275 0.11764706 0.12156863 0.1254902 0.12156863
0.43529412 0.4509804 0.4627451 0.4627451 0.44705883 0.41960785 0.39607844 0.3764706 0.37254903 0.37254903 0.37254903 0.37254903 0.36862746 0.36078432 0.35686275 0.34901962 0.34509805 0.33333334 0.31764707 0.3019608 0.3019608 0.30588236 0.29803923 0.29411766 0.28235295 0.25882354 0.21568628 0.16078432 0.12156863 0.12156863 0.12156863 0.12156863
0.44705883 0.46666667 0.48235294 0.4745098 0.45882353 0.43137255 0.40392157 0.38431373 0.38039216 0.38039216 0.38039216 0.38039216 0.37254903 0.36862746 0.3647059 0.36078432 0.35686275 0.34901962 0.33333334 0.3137255 0.3019608 0.29803923 0.29803923 0.29411766 0.28627452 0.2627451 0.22352941 0.17254902 0.12941177 0.1254902 0.1254902 0.1254902
0.4509804 0.4745098 0.49019608 0.48235294 0.4627451 0.4392157 0.41568628 0.3882353 0.38039216 0.38431373 0.38039216 0.38039216 0.37254903 0.36862746 0.36862746 0.3647059 0.34509805 0.33333334 0.32941177 0.32156864 0.30588236 0.2901961 0.29411766 0.29411766 0.2901961 0.26666668 0.22745098 0.18039216 0.13725491 0.13333334 0.13333334 0.13333334
0.4509804 0.4745098 0.4862745 0.4862745 0.47058824 0.44705883 0.42352942 0.4 0.38431373 0.38431373 0.38039216 0.3764706 0.37254903 0.3647059 0.3647059 0.36078432 0.3372549 0.31764707 0.30588236 0.29803923 0.28627452 0.28235295 0.2901961 0.29411766 0.29411766 0.27450982 0.23529412 0.1882353 0.14901961 0.14901961 0.14117648 0.14117648
0.4509804 0.47058824 0.48235294 0.48235294 0.4745098 0.45490196 0.43137255 0.41568628 0.39607844 0.3882353 0.38039216 0.3764706 0.37254903 0.36862746 0.3647059 0.3647059 0.3764706 0.32941177 0.3254902 0.3372549 0.36862746 0.3137255 0.28235295 0.29803923 0.30588236 0.28235295 0.24313726 0.19607843 0.16470589 0.16470589 0.14901961 0.15294118
0.45490196 0.4627451 0.4745098 0.48235294 0.47843137 0.45490196 0.43529412 0.42352942 0.40784314 0.39607844 0.38431373 0.38039216 0.38039216 0.3647059 0.34901962 0.3647059 0.39215687 0.39215687 0.38039216 0.3647059 0.42745098 0.4 0.3019608 0.28627452 0.3019608 0.28627452 0.25490198 0.21568628 0.19215687 0.18039216 0.16862746 0.17254902
0.45490196 0.45882353 0.46666667 0.47843137 0.47843137 0.45490196 0.43529412 0.41960785 0.4117647 0.4 0.39607844 0.38039216 0.36862746 0.36078432 0.3372549 0.38431373 0.4509804 0.49411765 0.29411766 0.1882353 0.38039216 0.40784314 0.39215687 0.30588236 0.29411766 0.28627452 0.26666668 0.23529412 0.21176471 0.19607843 0.18431373 0.1882353
0.45882353 0.4627451 0.47058824 0.47843137 0.48235294 0.46666667 0.44705883 0.43137255 0.41960785 0.41960785 0.4117647 0.40392157 0.38431373 0.36862746 0.31764707 0.3647059 0.4509804 0.5137255 0.4117647 0.30980393 0.4509804 0.4392157 0.41568628 0.37254903 0.2901961 0.29803923 0.2784314 0.2509804 0.22745098 0.20392157 0.19215687 0.19215687
0.47843137 0.47058824 0.4745098 0.47843137 0.48235294 0.47843137 0.4627451 0.44705883 0.43529412 0.4392157 0.43137255 0.41960785 0.39607844 0.37254903 0.32941177 0.34901962 0.32156864 0.3137255 0.40784314 0.4509804 0.49019608 0.48235294 0.40784314 0.41960785 0.29803923 0.30980393 0.2901961 0.2627451 0.23529412 0.21568628 0.2 0.19215687
0.49019608 0.47843137 0.47843137 0.4745098 0.47843137 0.4745098 0.46666667 0.45882353 0.44705883 0.4509804 0.45490196 0.4392157 0.42745098 0.42745098 0.41960785 0.40392157 0.32941177 0.17254902 0.25882354 0.42745098 0.43137255 0.45490196 0.44313726 0.4745098 0.3529412 0.32156864 0.30588236 0.27058825 0.24313726 0.22745098 0.20392157 0.1882353
0.49411765 0.47843137 0.47843137 0.47058824 0.47058824 0.47058824 0.45882353 0.45882353 0.45490196 0.45882353 0.46666667 0.4627451 0.45490196 0.4509804 0.44313726 0.43529412 0.40392157 0.25882354 0.36078432 0.5294118 0.46666667 0.43529412 0.44705883 0.4745098 0.39607844 0.34117648 0.32156864 0.28235295 0.25490198 0.23529412 0.20784314 0.1882353
0.49019608 0.48235294 0.48235294 0.4745098 0.4745098 0.4745098 0.47058824 0.47058824 0.47058824 0.47843137 0.48235294 0.47843137 0.45882353 0.45882353 0.4509804 0.44313726 0.4117647 0.3137255 0.44313726 0.54901963 0.49803922 0.44313726 0.47058824 0.5019608 0.41960785 0.34901962 0.32941177 0.29803923 0.27058825 0.24705882 0.22352941 0.20784314
0.49411765 0.4862745 0.4862745 0.48235294 0.4862745 0.49019608 0.49019608 0.49019608 0.49411765 0.49803922 0.5058824 0.49803922 0.47843137 0.4745098 0.4627451 0.4509804 0.40392157 0.4117647 0.4627451 0.49803922 0.4862745 0.49803922 0.5176471 0.5058824 0.41960785 0.3529412 0.3372549 0.30980393 0.28627452 0.26666668 0.2509804 0.24313726
0.5058824 0.49411765 0.49411765 0.49019608 0.49411765 0.49803922 0.49803922 0.49803922 0.49803922 0.5019608 0.5019608 0.5019608 0.49803922 0.4745098 0.45882353 0.4 0.3764706 0.43529412 0.47058824 0.5137255 0.50980395 0.54509807 0.53333336 0.52156866 0.42745098 0.35686275 0.3372549 0.30980393 0.2901961 0.28627452 0.2784314 0.27450982
0.5137255 0.50980395 0.50980395 0.5058824 0.50980395 0.5137255 0.5137255 0.50980395 0.5058824 0.5058824 0.5019608 0.5058824 0.50980395 0.4745098 0.45882353 0.41960785 0.39607844 0.42745098 0.46666667 0.48235294 0.5176471 0.54509807 0.53333336 0.5254902 0.41568628 0.34509805 0.3372549 0.31764707 0.30588236 0.31764707 0.3137255 0.30980393
0.5176471 0.5137255 0.5137255 0.50980395 0.5137255 0.5176471 0.52156866 0.5176471 0.5137255 0.5137255 0.50980395 0.5137255 0.5137255 0.4745098 0.4627451 0.44705883 0.45490196 0.4745098 0.4745098 0.44705883 0.4745098 0.5019608 0.5176471 0.50980395 0.4117647 0.34901962 0.34901962 0.3372549 0.3372549 0.34901962 0.34509805 0.34117648
0.50980395 0.5058824 0.50980395 0.5019608 0.5058824 0.5137255 0.5176471 0.5176471 0.5176471 0.5176471 0.5137255 0.5176471 0.5058824 0.4745098 0.43529412 0.4509804 0.4862745 0.48235294 0.47058824 0.40392157 0.41568628 0.44705883 0.48235294 0.4862745 0.42352942 0.37254903 0.3764706 0.37254903 0.37254903 0.38039216 0.38039216 0.38039216
0.5058824 0.49803922 0.5019608 0.49803922 0.49803922 0.5058824 0.5058824 0.5137255 0.5176471 0.5176471 0.5176471 0.5176471 0.5019608 0.46666667 0.45490196 0.49411765 0.5058824 0.49411765 0.47843137 0.4117647 0.40784314 0.40784314 0.4392157 0.49019608 0.44313726 0.4 0.40784314 0.40784314 0.40784314 0.4117647 0.4117647 0.41568628
0.5058824 0.49411765 0.49411765 0.49803922 0.5019608 0.5019608 0.5019608 0.5058824 0.50980395 0.50980395 0.50980395 0.50980395 0.5058824 0.49019608 0.49803922 0.5137255 0.5137255 0.5019608 0.49411765 0.4392157 0.39607844 0.38039216 0.43529412 0.49411765 0.44313726 0.42745098 0.43529412 0.4392157 0.4392157 0.43529412 0.43529412 0.43529412
0.49803922 0.49019608 0.49019608 0.49803922 0.49803922 0.49803922 0.49803922 0.49803922 0.49803922 0.49803922 0.49803922 0.49803922 0.49411765 0.49411765 0.5058824 0.50980395 0.5058824 0.49411765 0.4862745 0.44705883 0.3529412 0.34509805 0.42352942 0.4862745 0.4392157 0.4509804 0.45490196 0.45490196 0.45490196 0.4509804 0.44705883 0.44705883
0.47843137 0.4745098 0.47843137 0.48235294 0.4862745 0.4862745 0.4862745 0.48235294 0.47843137 0.47843137 0.4745098 0.4745098 0.4745098 0.4745098 0.4862745 0.49019608 0.49019608 0.48235294 0.4627451 0.44313726 0.33333334 0.3137255 0.41960785 0.4862745 0.4392157 0.45490196 0.45490196 0.45490196 0.45490196 0.4509804 0.44705883 0.44313726
0.4509804 0.44313726 0.44705883 0.45882353 0.4627451 0.4627451 0.4627451 0.45490196 0.4509804 0.44705883 0.44705883 0.44705883 0.44705883 0.4509804 0.45882353 0.4627451 0.46666667 0.45882353 0.44313726 0.43137255 0.33333334 0.3019608 0.42352942 0.49411765 0.44313726 0.4392157 0.4392157 0.4392157 0.4392157 0.43529412 0.43137255 0.42745098
0.41960785 0.40784314 0.4117647 0.41960785 0.42352942 0.42745098 0.42745098 0.42745098 0.42352942 0.42352942 0.42745098 0.42352942 0.42352942 0.42745098 0.43529412 0.4392157 0.44313726 0.43529412 0.41568628 0.41568628 0.3372549 0.28235295 0.40392157 0.49411765 0.45490196 0.4117647 0.4117647 0.4117647 0.4117647 0.40784314 0.40392157 0.4
0.39215687 0.3764706 0.38039216 0.3882353 0.39215687 0.39607844 0.39607844 0.4 0.40392157 0.40392157 0.4 0.4 0.40392157 0.40784314 0.41568628 0.42352942 0.42352942 0.41960785 0.39607844 0.3882353 0.3372549 0.2784314 0.39607844 0.48235294 0.44313726 0.3882353 0.39215687 0.39215687 0.3882353 0.38431373 0.38039216 0.3764706
0.36862746 0.3529412 0.34901962 0.36078432 0.3647059 0.3647059 0.3647059 0.37254903 0.38039216 0.38039216 0.3764706 0.38039216 0.38431373 0.38431373 0.38431373 0.39215687 0.40392157 0.39607844 0.3764706 0.37254903 0.32941177 0.2901961 0.40784314 0.4392157 0.39215687 0.36862746 0.36862746 0.36862746 0.3647059 0.36078432 0.36078432 0.3529412
0.3529412 0.34117648 0.3372549 0.34509805 0.34901962 0.34509805 0.34509805 0.35686275 0.3647059 0.3647059 0.3647059 0.3647059 0.37254903 0.37254903 0.37254903 0.38039216 0.3882353 0.38039216 0.3647059 0.3647059 0.31764707 0.25490198 0.41568628 0.44705883 0.3647059 0.3529412 0.35686275 0.35686275 0.34901962 0.34901962 0.34901962 0.34509805
0.3764706 0.37254903 0.37254903 0.37254903 0.36862746 0.3647059 0.3529412 0.34117648 0.3254902 0.3137255 0.3019608 0.2901961 0.2901961 0.2901961 0.2901961 0.2901961 0.2901961 0.29411766 0.2901961 0.28627452 0.28235295 0.2784314 0.28627452 0.2901961 0.29411766 0.3019608 0.32156864 0.34509805 0.34509805 0.33333334 0.3254902 0.32156864
0.38431373 0.3764706 0.38039216 0.3764706 0.37254903 0.3647059 0.3529412 0.34117648 0.32941177 0.31764707 0.30588236 0.29411766 0.29411766 0.29411766 0.29411766 0.29411766 0.29411766 0.29411766 0.29411766 0.28627452 0.28627452 0.28235295 0.28627452 0.2901961 0.29411766 0.30588236 0.32941177 0.34509805 0.34901962 0.3372549 0.32941177 0.3254902
0.38431373 0.3764706 0.38039216 0.38039216 0.3764706 0.37254903 0.35686275 0.34117648 0.3254902 0.31764707 0.30980393 0.3019608 0.3019608 0.29803923 0.29411766 0.29411766 0.29411766 0.29411766 0.29411766 0.28627452 0.28627452 0.28235295 0.2901961 0.29411766 0.3019608 0.30980393 0.32941177 0.34901962 0.34901962 0.3372549 0.32941177 0.3254902
0.3882353 0.38431373 0.39215687 0.39607844 0.3882353 0.3764706 0.36078432 0.34117648 0.3254902 0.32156864 0.3137255 0.30980393 0.30588236 0.3019608 0.29803923 0.29803923 0.29803923 0.29803923 0.29803923 0.2901961 0.28627452 0.28235295 0.2901961 0.29803923 0.3019608 0.30980393 0.3254902 0.34509805 0.34901962 0.3372549 0.32941177 0.3254902
0.39607844 0.40392157 0.41568628 0.41568628 0.4 0.38039216 0.36078432 0.34117648 0.32941177 0.3254902 0.31764707 0.3137255 0.30980393 0.30588236 0.3019608 0.3019608 0.3019608 0.3019608 0.3019608 0.29411766 0.28627452 0.28235295 0.2901961 0.29803923 0.3019608 0.30980393 0.3254902 0.34509805 0.34901962 0.3372549 0.32941177 0.3254902
0.40392157 0.42352942 0.4392157 0.4392157 0.41960785 0.3882353 0.36078432 0.3372549 0.32941177 0.32941177 0.3254902 0.3254902 0.32156864 0.3137255 0.30980393 0.30588236 0.30980393 0.30980393 0.30980393 0.30588236 0.2901961 0.28235295 0.29411766 0.3019608 0.30588236 0.30980393 0.32941177 0.34509805 0.34901962 0.34117648 0.33333334 0.3254902
0.4117647 0.4392157 0.45882353 0.4627451 0.44313726 0.40392157 0.36862746 0.34117648 0.33333334 0.33333334 0.33333334 0.33333334 0.33333334 0.3254902 0.32156864 0.31764707 0.31764707 0.31764707 0.3137255 0.30588236 0.29411766 0.2901961 0.29803923 0.30588236 0.30980393 0.30980393 0.32941177 0.34901962 0.34901962 0.34509805 0.33333334 0.32156864
0.42352942 0.45490196 0.4745098 0.4745098 0.45490196 0.4117647 0.3764706 0.34901962 0.34509805 0.34509805 0.34509805 0.34509805 0.34117648 0.3372549 0.33333334 0.32941177 0.32941177 0.3254902 0.31764707 0.3019608 0.29411766 0.29803923 0.3019608 0.3019608 0.30588236 0.30588236 0.3254902 0.34901962 0.3529412 0.34117648 0.33333334 0.32156864
0.43137255 0.4627451 0.4862745 0.48235294 0.45882353 0.42352942 0.3882353 0.36078432 0.35686275 0.36078432 0.36078432 0.35686275 0.34901962 0.34509805 0.34509805 0.34117648 0.3372549 0.32941177 0.32156864 0.30588236 0.30588236 0.3019608 0.3019608 0.3019608 0.3019608 0.3019608 0.3254902 0.34901962 0.3529412 0.34509805 0.33333334 0.32156864
0.43137255 0.45882353 0.48235294 0.4862745 0.46666667 0.43137255 0.39607844 0.3764706 0.36862746 0.36862746 0.3647059 0.36078432 0.35686275 0.3529412 0.34901962 0.34901962 0.36862746 0.36078432 0.3372549 0.32156864 0.30588236 0.30588236 0.30588236 0.3019608 0.3019608 0.3019608 0.32941177 0.3529412 0.35686275 0.3529412 0.33333334 0.3254902
0.43137255 0.45882353 0.47843137 0.48235294 0.47058824 0.43529412 0.40392157 0.39215687 0.38431373 0.3764706 0.36862746 0.3647059 0.36078432 0.35686275 0.34901962 0.3647059 0.4509804 0.42745098 0.40784314 0.40784314 0.41960785 0.34901962 0.30980393 0.30980393 0.3019608 0.30588236 0.32941177 0.35686275 0.36862746 0.36078432 0.34117648 0.33333334
0.43529412 0.45490196 0.4745098 0.47843137 0.4745098 0.44705883 0.41960785 0.40784314 0.4 0.3882353 0.3764706 0.36862746 0.36078432 0.35686275 0.34901962 0.38431373 0.4862745 0.50980395 0.47058824 0.4392157 0.47843137 0.44705883 0.34901962 0.30588236 0.3019608 0.30980393 0.33333334 0.36078432 0.3764706 0.36862746 0.34901962 0.34117648
0.4392157 0.4509804 0.47058824 0.47843137 0.4745098 0.4509804 0.43137255 0.41568628 0.40784314 0.39607844 0.39215687 0.3764706 0.36862746 0.38039216 0.38431373 0.44705883 0.54509807 0.5921569 0.36862746 0.24313726 0.42352942 0.46666667 0.4627451 0.34509805 0.30588236 0.31764707 0.34117648 0.3647059 0.38039216 0.3764706 0.35686275 0.34509805
0.43529412 0.4509804 0.46666667 0.4745098 0.47843137 0.4627451 0.44313726 0.42745098 0.41568628 0.41568628 0.40392157 0.4117647 0.42745098 0.42745098 0.39607844 0.4509804 0.52156866 0.5764706 0.4745098 0.37254903 0.5058824 0.5019608 0.49019608 0.42745098 0.31764707 0.3254902 0.34901962 0.3764706 0.3882353 0.38039216 0.3647059 0.3529412
0.44705883 0.45490196 0.46666667 0.4745098 0.47843137 0.4745098 0.45882353 0.44313726 0.43137255 0.43529412 0.42745098 0.42352942 0.42352942 0.41568628 0.38039216 0.40784314 0.3647059 0.34901962 0.45490196 0.5058824 0.54509807 0.5411765 0.4745098 0.49019608 0.34117648 0.32941177 0.35686275 0.38431373 0.39215687 0.38431373 0.3647059 0.36078432
0.45490196 0.45882353 0.46666667 0.47058824 0.47843137 0.4745098 0.46666667 0.45490196 0.44313726 0.44705883 0.45490196 0.4392157 0.42745098 0.42745098 0.42352942 0.4117647 0.34117648 0.19215687 0.28627452 0.45490196 0.4745098 0.49411765 0.4862745 0.5411765 0.4 0.34117648 0.36862746 0.3882353 0.39215687 0.3882353 0.36862746 0.3647059
0.45882353 0.45490196 0.4627451 0.47058824 0.4745098 0.4745098 0.46666667 0.4627451 0.45882353 0.4627451 0.47058824 0.46666667 0.45882353 0.4509804 0.4392157 0.43137255 0.41960785 0.27450982 0.3647059 0.5254902 0.48235294 0.4509804 0.4627451 0.5294118 0.44705883 0.35686275 0.38039216 0.39607844 0.4 0.39215687 0.3764706 0.3764706
0.45882353 0.45490196 0.4627451 0.4627451 0.46666667 0.47058824 0.46666667 0.4627451 0.45882353 0.4627451 0.46666667 0.47058824 0.46666667 0.4627451 0.45490196 0.44705883 0.42745098 0.3254902 0.44313726 0.5411765 0.5019608 0.4509804 0.47843137 0.5411765 0.45490196 0.3647059 0.38431373 0.4 0.40392157 0.39607844 0.38039216 0.38039216
0.45490196 0.44705883 0.44705883 0.4509804 0.45490196 0.45882353 0.45882353 0.4509804 0.44705883 0.45490196 0.45882353 0.45882353 0.4627451 0.45882353 0.45882353 0.45882353 0.41568628 0.42352942 0.47843137 0.50980395 0.49803922 0.5058824 0.5372549 0.5294118 0.44313726 0.3764706 0.39215687 0.40392157 0.40784314 0.4 0.3882353 0.38431373
0.44705883 0.43529412 0.43529412 0.43529412 0.4392157 0.44313726 0.44705883 0.44705883 0.4509804 0.45490196 0.45490196 0.45490196 0.45490196 0.4509804 0.45882353 0.4117647 0.39215687 0.45490196 0.49411765 0.5411765 0.52156866 0.5529412 0.5568628 0.54509807 0.45490196 0.39607844 0.40784314 0.41568628 0.41568628 0.40784314 0.4 0.39607844
0.4392157 0.43529412 0.43529412 0.43529412 0.4392157 0.44705883 0.44705883 0.44705883 0.45490196 0.45490196 0.4509804 0.4509804 0.44705883 0.44705883 0.4627451 0.43529412 0.40392157 0.43529412 0.49019608 0.5176471 0.53333336 0.5568628 0.5568628 0.5529412 0.4509804 0.4 0.40784314 0.41960785 0.41960785 0.4117647 0.40392157 0.40392157
0.43529412 0.43137255 0.43529412 0.43529412 0.44313726 0.44705883 0.4509804 0.45490196 0.45490196 0.45490196 0.45490196 0.4509804 0.43529412 0.44705883 0.46666667 0.44705883 0.4392157 0.4627451 0.48235294 0.46666667 0.49019608 0.5137255 0.5411765 0.5372549 0.44705883 0.39607844 0.4117647 0.41960785 0.41960785 0.41568628 0.40392157 0.40784314
0.4392157 0.43529412 0.4392157 0.4392157 0.44313726 0.4509804 0.45490196 0.45490196 0.45490196 0.45490196 0.4509804 0.44705883 0.43529412 0.45882353 0.4392157 0.41960785 0.43529412 0.4392157 0.4509804 0.4 0.42352942 0.4627451 0.50980395 0.5176471 0.45490196 0.40392157 0.41568628 0.41960785 0.41960785 0.41568628 0.41568628 0.41960785
0.4392157 0.43529412 0.4392157 0.44313726 0.44705883 0.45490196 0.45490196 0.45490196 0.4509804 0.4509804 0.44705883 0.44705883 0.44313726 0.44705883 0.43137255 0.43529412 0.43137255 0.43529412 0.44313726 0.39607844 0.4117647 0.41960785 0.45882353 0.5176471 0.4627451 0.40784314 0.41568628 0.42352942 0.42352942 0.41960785 0.42352942 0.42745098
0.43529412 0.43137255 0.4392157 0.4509804 0.45490196 0.45490196 0.45490196 0.45490196 0.4509804 0.4509804 0.4509804 0.4509804 0.44705883 0.4392157 0.43529412 0.43529412 0.43529412 0.44313726 0.45490196 0.41568628 0.4 0.3882353 0.43529412 0.5137255 0.45882353 0.41960785 0.42352942 0.43137255 0.43137255 0.42745098 0.42745098 0.42745098
0.43137255 0.43529412 0.44705883 0.45882353 0.4627451 0.4627451 0.4627451 0.4627451 0.4627451 0.4627451 0.4627451 0.4627451 0.4627451 0.45490196 0.4509804 0.44705883 0.4509804 0.45882353 0.46666667 0.44313726 0.36862746 0.35686275 0.41960785 0.49803922 0.4509804 0.44313726 0.44313726 0.44313726 0.44313726 0.4392157 0.4392157 0.43529412
0.4392157 0.44705883 0.45882353 0.4745098 0.47843137 0.47843137 0.47843137 0.47843137 0.48235294 0.48235294 0.48235294 0.48235294 0.48235294 0.4745098 0.4745098 0.4745098 0.47058824 0.47843137 0.48235294 0.47843137 0.37254903 0.32941177 0.41568628 0.49411765 0.45490196 0.45882353 0.45882353 0.4627451 0.45882353 0.45490196 0.4509804 0.44705883
0.45882353 0.4627451 0.47843137 0.49411765 0.5019608 0.5019608 0.49803922 0.5019608 0.5058824 0.5058824 0.5019608 0.5058824 0.5058824 0.5019608 0.49411765 0.49019608 0.4862745 0.49019608 0.5019608 0.5058824 0.39215687 0.32156864 0.41568628 0.49019608 0.46666667 0.47843137 0.47843137 0.47843137 0.47843137 0.47058824 0.46666667 0.4627451
0.4862745 0.48235294 0.49803922 0.5137255 0.52156866 0.52156866 0.52156866 0.52156866 0.52156866 0.52156866 0.5254902 0.5254902 0.5254902 0.52156866 0.5137255 0.50980395 0.49803922 0.5019608 0.5137255 0.5254902 0.41568628 0.30980393 0.39607844 0.4862745 0.49019608 0.49411765 0.49803922 0.49803922 0.49411765 0.49019608 0.48235294 0.47843137
0.5058824 0.5019608 0.5137255 0.5254902 0.53333336 0.5372549 0.5372549 0.5372549 0.53333336 0.53333336 0.5294118 0.5294118 0.53333336 0.5294118 0.5294118 0.5254902 0.50980395 0.5137255 0.5176471 0.5254902 0.43529412 0.3137255 0.39215687 0.46666667 0.4862745 0.5058824 0.50980395 0.50980395 0.50980395 0.5019608 0.49803922 0.49411765
0.5176471 0.5176471 0.5254902 0.53333336 0.5372549 0.5372549 0.5372549 0.5411765 0.5372549 0.5372549 0.5372549 0.5372549 0.53333336 0.53333336 0.5294118 0.53333336 0.5254902 0.52156866 0.5176471 0.5254902 0.45490196 0.33333334 0.40392157 0.43529412 0.45882353 0.5176471 0.52156866 0.52156866 0.5176471 0.5176471 0.5176471 0.50980395
0.5176471 0.5176471 0.52156866 0.5294118 0.53333336 0.5294118 0.53333336 0.53333336 0.53333336 0.53333336 0.53333336 0.53333336 0.5254902 0.5254902 0.5254902 0.53333336 0.5254902 0.5176471 0.5176471 0.5294118 0.45490196 0.3019608 0.41568628 0.44705883 0.4392157 0.5176471 0.5254902 0.5254902 0.5137255 0.5176471 0.5176471 0.5137255
0.40392157 0.4 0.4 0.4 0.4 0.39607844 0.38039216 0.37254903 0.3647059 0.34509805 0.32156864 0.30588236 0.30588236 0.30588236 0.30588236 0.30980393 0.30980393 0.3137255 0.32156864 0.31764707 0.31764707 0.32156864 0.3372549 0.34901962 0.35686275 0.3647059 0.38039216 0.39607844 0.39607844 0.40392157 0.4 0.39607844
0.4117647 0.40392157 0.40784314 0.40392157 0.40392157 0.39607844 0.38431373 0.3764706 0.3647059 0.34901962 0.32941177 0.3137255 0.30980393 0.30980393 0.30980393 0.30980393 0.3137255 0.31764707 0.32156864 0.32156864 0.32156864 0.3254902 0.34117648 0.3529412 0.36078432 0.36862746 0.38431373 0.39607844 0.39607844 0.40784314 0.40392157 0.4
0.41568628 0.40784314 0.4117647 0.4117647 0.40784314 0.40392157 0.3882353 0.37254903 0.36078432 0.3529412 0.33333334 0.32156864 0.31764707 0.3137255 0.30980393 0.30980393 0.3137255 0.31764707 0.32156864 0.32156864 0.32156864 0.3254902 0.34117648 0.35686275 0.36862746 0.37254903 0.38431373 0.39607844 0.4 0.40784314 0.40392157 0.4
0.42352942 0.41960785 0.42745098 0.42745098 0.41960785 0.40784314 0.39215687 0.37254903 0.3647059 0.3529412 0.3372549 0.3254902 0.32156864 0.31764707 0.3137255 0.3137255 0.31764707 0.32156864 0.3254902 0.3254902 0.32156864 0.3254902 0.34117648 0.35686275 0.36862746 0.37254903 0.38431373 0.39607844 0.4 0.40784314 0.40392157 0.4
0.43137255 0.4392157 0.4509804 0.44705883 0.43137255 0.4117647 0.39215687 0.3764706 0.36862746 0.35686275 0.34509805 0.32941177 0.3254902 0.32156864 0.31764707 0.31764707 0.32156864 0.3254902 0.32941177 0.32941177 0.32156864 0.3254902 0.34117648 0.35686275 0.36862746 0.37254903 0.38431373 0.39607844 0.39607844 0.40784314 0.40392157 0.4
0.43529412 0.45490196 0.47843137 0.4745098 0.4509804 0.42352942 0.4 0.3764706 0.3647059 0.3647059 0.35686275 0.3529412 0.34117648 0.33333334 0.32941177 0.3254902 0.33333334 0.33333334 0.33333334 0.3254902 0.3254902 0.3372549 0.34509805 0.34901962 0.36078432 0.36862746 0.38039216 0.39607844 0.39607844 0.40784314 0.40392157 0.39607844
0.4392157 0.47058824 0.5019608 0.49803922 0.4745098 0.4392157 0.4117647 0.38039216 0.36862746 0.36862746 0.37254903 0.36862746 0.3529412 0.34509805 0.34117648 0.3372549 0.3372549 0.3372549 0.3372549 0.32941177 0.3372549 0.34509805 0.34509805 0.34901962 0.35686275 0.3647059 0.38039216 0.4 0.4 0.40784314 0.40392157 0.39607844
0.4509804 0.49019608 0.5176471 0.5137255 0.4862745 0.4509804 0.41960785 0.3882353 0.38039216 0.38039216 0.38039216 0.3764706 0.3647059 0.35686275 0.35686275 0.34901962 0.3372549 0.3372549 0.34509805 0.34509805 0.34509805 0.34901962 0.34901962 0.34901962 0.35686275 0.3647059 0.38431373 0.40392157 0.40392157 0.40392157 0.39607844 0.3882353
0.45882353 0.49803922 0.5294118 0.52156866 0.49019608 0.45882353 0.42745098 0.4 0.3882353 0.3882353 0.3882353 0.38431373 0.3764706 0.37254903 0.37254903 0.36862746 0.3529412 0.34901962 0.36078432 0.3647059 0.3647059 0.35686275 0.35686275 0.35686275 0.36078432 0.3647059 0.38431373 0.40784314 0.40392157 0.4 0.39215687 0.38431373
0.45882353 0.49411765 0.5254902 0.52156866 0.49803922 0.46666667 0.4392157 0.4117647 0.39607844 0.39607844 0.39215687 0.3882353 0.3882353 0.38431373 0.38431373 0.38431373 0.4117647 0.40784314 0.39215687 0.3764706 0.3647059 0.36862746 0.36862746 0.36862746 0.36862746 0.36862746 0.3882353 0.4117647 0.4117647 0.40392157 0.39215687 0.38431373
0.45882353 0.49019608 0.52156866 0.52156866 0.5019608 0.4745098 0.44313726 0.42745098 0.4117647 0.40392157 0.39607844 0.39215687 0.39607844 0.39215687 0.38431373 0.40784314 0.5294118 0.50980395 0.47058824 0.4509804 0.46666667 0.40784314 0.37254903 0.3764706 0.3764706 0.37254903 0.39215687 0.41568628 0.42352942 0.4117647 0.39215687 0.3882353
0.4627451 0.48235294 0.5019608 0.5058824 0.49803922 0.4745098 0.4509804 0.43529412 0.42745098 0.4117647 0.40392157 0.39607844 0.3882353 0.39215687 0.39215687 0.4392157 0.54901963 0.5647059 0.5058824 0.4509804 0.49019608 0.47058824 0.39215687 0.3764706 0.3882353 0.38039216 0.4 0.42352942 0.43137255 0.4117647 0.3882353 0.38039216
0.4627451 0.4745098 0.49019608 0.49411765 0.49411765 0.47058824 0.4509804 0.4392157 0.43529412 0.42745098 0.41960785 0.40784314 0.40784314 0.42745098 0.4509804 0.52156866 0.57254905 0.59607846 0.36862746 0.23529412 0.40392157 0.45490196 0.4862745 0.41960785 0.4 0.39215687 0.40784314 0.42745098 0.43137255 0.40784314 0.38039216 0.3647059
0.46666667 0.4745098 0.49019608 0.49803922 0.5019608 0.4862745 0.46666667 0.4509804 0.44705883 0.44705883 0.43529412 0.44705883 0.48235294 0.49411765 0.4745098 0.5372549 0.54509807 0.57254905 0.47058824 0.3647059 0.4862745 0.49019608 0.5137255 0.49803922 0.40392157 0.39215687 0.40784314 0.42352942 0.42745098 0.39607844 0.37254903 0.35686275
0.46666667 0.47058824 0.47843137 0.49019608 0.5019608 0.49411765 0.47843137 0.46666667 0.45882353 0.4627451 0.45490196 0.4509804 0.45490196 0.4509804 0.42745098 0.4509804 0.36862746 0.34117648 0.4392157 0.49019608 0.5137255 0.5176471 0.49019608 0.54509807 0.40784314 0.38431373 0.40392157 0.41960785 0.41960785 0.38431373 0.35686275 0.34117648
0.44705883 0.44705883 0.4509804 0.46666667 0.48235294 0.47843137 0.46666667 0.45882353 0.45490196 0.45882353 0.4627451 0.44313726 0.40784314 0.4117647 0.41568628 0.40392157 0.34117648 0.18431373 0.25882354 0.41568628 0.41960785 0.45490196 0.48235294 0.57254905 0.44313726 0.38039216 0.4 0.4117647 0.40784314 0.36862746 0.3372549 0.32156864
0.41960785 0.4117647 0.41568628 0.43137255 0.44705883 0.44705883 0.43529412 0.43529412 0.43529412 0.44313726 0.4509804 0.44313726 0.42745098 0.41960785 0.40784314 0.40392157 0.42745098 0.2784314 0.32941177 0.45882353 0.39607844 0.38431373 0.43529412 0.5294118 0.4627451 0.38431373 0.40392157 0.4117647 0.40392157 0.36078432 0.32941177 0.3137255
0.39607844 0.39215687 0.39607844 0.40784314 0.41960785 0.41960785 0.41568628 0.41960785 0.42352942 0.42745098 0.43529412 0.43529412 0.4392157 0.43137255 0.41960785 0.41960785 0.43529412 0.32156864 0.39215687 0.44705883 0.40784314 0.37254903 0.42745098 0.5176471 0.45882353 0.38431373 0.39607844 0.40784314 0.39607844 0.34901962 0.31764707 0.3019608
0.3764706 0.36862746 0.37254903 0.38039216 0.39607844 0.39607844 0.39607844 0.4 0.40784314 0.4117647 0.41960785 0.41960785 0.42352942 0.41568628 0.41568628 0.42745098 0.40392157 0.39607844 0.4117647 0.40392157 0.4117647 0.43529412 0.46666667 0.49803922 0.44313726 0.38431373 0.3882353 0.3882353 0.3764706 0.32941177 0.30588236 0.2901961
0.3529412 0.34509805 0.34509805 0.35686275 0.36862746 0.37254903 0.37254903 0.3764706 0.38431373 0.3882353 0.3882353 0.3882353 0.3882353 0.4 0.42352942 0.39215687 0.38039216 0.42745098 0.43137255 0.44705883 0.44313726 0.47843137 0.48235294 0.5058824 0.43529412 0.36862746 0.3647059 0.3647059 0.34901962 0.31764707 0.3019608 0.28627452
0.32941177 0.32941177 0.32941177 0.34117648 0.35686275 0.36078432 0.36078432 0.36078432 0.36078432 0.3647059 0.36078432 0.35686275 0.35686275 0.3882353 0.43529412 0.41568628 0.38431373 0.40392157 0.43529412 0.44705883 0.45882353 0.4745098 0.4745098 0.5058824 0.4117647 0.3372549 0.3372549 0.34117648 0.33333334 0.3137255 0.29803923 0.28627452
0.3254902 0.3254902 0.3254902 0.3372549 0.34901962 0.35686275 0.35686275 0.35686275 0.3529412 0.3529412 0.34901962 0.34509805 0.34117648 0.39215687 0.4392157 0.4117647 0.39607844 0.41568628 0.43137255 0.40784314 0.41960785 0.42745098 0.4509804 0.48235294 0.39607844 0.31764707 0.3254902 0.3254902 0.3254902 0.32156864 0.30588236 0.29803923
0.33333334 0.33333334 0.33333334 0.34509805 0.35686275 0.3647059 0.36862746 0.3647059 0.35686275 0.3529412 0.3529412 0.34509805 0.34509805 0.41568628 0.40392157 0.3647059 0.36078432 0.37254903 0.39215687 0.34901962 0.34901962 0.3647059 0.4117647 0.45882353 0.40392157 0.32156864 0.33333334 0.33333334 0.3372549 0.34117648 0.32941177 0.3254902
0.34509805 0.34117648 0.34117648 0.35686275 0.36862746 0.37254903 0.3764706 0.37254903 0.3647059 0.36078432 0.36078432 0.35686275 0.36078432 0.39607844 0.38431373 0.36078432 0.34117648 0.34901962 0.36862746 0.3372549 0.3372549 0.3254902 0.36862746 0.45490196 0.4117647 0.3372549 0.34901962 0.3529412 0.3529412 0.3647059 0.36078432 0.3529412
0.3529412 0.34901962 0.3529412 0.3647059 0.36862746 0.37254903 0.37254903 0.36862746 0.36862746 0.36862746 0.36862746 0.36862746 0.36862746 0.3647059 0.3647059 0.36078432 0.34901962 0.34509805 0.35686275 0.34509805 0.32941177 0.30980393 0.36078432 0.44705883 0.39215687 0.3529412 0.35686275 0.3647059 0.3647059 0.37254903 0.37254903 0.36862746
0.34901962 0.34901962 0.3529412 0.3647059 0.36862746 0.36862746 0.36862746 0.36862746 0.36862746 0.36862746 0.36862746 0.36862746 0.3647059 0.36078432 0.36078432 0.3647059 0.36078432 0.34509805 0.3529412 0.3529412 0.2901961 0.28235295 0.3529412 0.42352942 0.3764706 0.36862746 0.37254903 0.37254903 0.37254903 0.37254903 0.37254903 0.37254903
0.3372549 0.34117648 0.34901962 0.36078432 0.3647059 0.3647059 0.3647059 0.3647059 0.3647059 0.3647059 0.36078432 0.3647059 0.36078432 0.35686275 0.36078432 0.3647059 0.36862746 0.35686275 0.34901962 0.36078432 0.28627452 0.2627451 0.34901962 0.41568628 0.36862746 0.36862746 0.36862746 0.37254903 0.37254903 0.37254903 0.37254903 0.36862746
0.3372549 0.3372549 0.34901962 0.36078432 0.36862746 0.36862746 0.3647059 0.3647059 0.3647059 0.3647059 0.3647059 0.3647059 0.3647059 0.3647059 0.36078432 0.3647059 0.37254903 0.35686275 0.34117648 0.35686275 0.29803923 0.2627451 0.3529412 0.4117647 0.3647059 0.36078432 0.36078432 0.36078432 0.36078432 0.3647059 0.3647059 0.36078432
0.33333334 0.32941177 0.34117648 0.3529412 0.36078432 0.3647059 0.36078432 0.36078432 0.36078432 0.36078432 0.3647059 0.3647059 0.36078432 0.36078432 0.36078432 0.36078432 0.37254903 0.35686275 0.33333334 0.34901962 0.31764707 0.25490198 0.33333334 0.4 0.37254903 0.34509805 0.34901962 0.34901962 0.34901962 0.35686275 0.3529412 0.34901962
0.32941177 0.3254902 0.33333334 0.34509805 0.34901962 0.3529412 0.3529412 0.3529412 0.3529412 0.3529412 0.3529412 0.3529412 0.35686275 0.35686275 0.35686275 0.36078432 0.37254903 0.3529412 0.3254902 0.32941177 0.3254902 0.26666668 0.3254902 0.3764706 0.36078432 0.34509805 0.34117648 0.34117648 0.34509805 0.34509805 0.34117648 0.3372549
0.31764707 0.30980393 0.31764707 0.3254902 0.33333334 0.33333334 0.33333334 0.3372549 0.3372549 0.3372549 0.3372549 0.3372549 0.34901962 0.34901962 0.34901962 0.3529412 0.35686275 0.34509805 0.32156864 0.31764707 0.30980393 0.30980393 0.34509805 0.32941177 0.3529412 0.34901962 0.32941177 0.3254902 0.32941177 0.32156864 0.32156864 0.3137255
0.30588236 0.3019608 0.30588236 0.31764707 0.32156864 0.31764707 0.32156864 0.3254902 0.3254902 0.3254902 0.3254902 0.32941177 0.34117648 0.34117648 0.34117648 0.34901962 0.34509805 0.33333334 0.31764707 0.3137255 0.29803923 0.2901961 0.35686275 0.33333334 0.34117648 0.34509805 0.32156864 0.31764707 0.32156864 0.3137255 0.30980393 0.30588236
9 28 0
12 28 0
9 29 0
12 29 0
1 30 0
1 28 2
2 29 0
30 2 2
4 29 0
1 29 2
30 1 2
28 21 2
9 27 1
9 27 0
1 27 2
16 17 2
1 27 1
16 17 1
30 3 2
1 3 2
18 28 0
4 21 0
10 27 0
1 19 2
31 1 0
1 26 2
14 29 0
31 2 2
4 14 1
9 16 1
