32, 32, 3, 30
1.0 1.0 1.0 1.0 1.0 1.0 1.0 1.0 1.0 1.0 0.90588236 0.7882353 0.85882354 0.93333334 1.0 1.0 1.0 1.0 1.0 1.0 1.0 1.0 1.0 1.0 0.96862745 0.93333334 0.9490196 1.0 1.0 1.0 1.0 1.0
1.0 0.99607843 1.0 1.0 1.0 1.0 1.0 1.0 0.99607843 1.0 0.88235295 0.8 0.83137256 0.78039217 0.9019608 0.99607843 1.0 1.0 1.0 1.0 1.0 1.0 0.9882353 0.91764706 0.8352941 0.81960785 0.84705883 0.98039216 0.99215686 0.9882353 0.94509804 0.9137255
1.0 1.0 1.0 1.0 1.0 1.0 1.0 1.0 1.0 1.0 0.90588236 0.8509804 0.9098039 0.827451 0.6901961 0.78431374 0.9411765 0.8862745 0.80784315 0.8627451 0.9137255 0.827451 0.70980394 0.7647059 0.85490197 0.8627451 0.87058824 0.9843137 0.99215686 0.9764706 0.8117647 0.8039216
1.0 0.99607843 1.0 1.0 1.0 1.0 1.0 1.0 1.0 1.0 0.9372549 0.8 0.84313726 0.8352941 0.6862745 0.5803922 0.58431375 0.4392157 0.16862746 0.36078432 0.5882353 0.6 0.6117647 0.7921569 0.92156863 0.89411765 0.8980392 0.9882353 0.9882353 0.9843137 0.7764706 0.7411765
1.0 0.99607843 1.0 1.0 1.0 1.0 1.0 1.0 1.0 1.0 0.9764706 0.7607843 0.7176471 0.7294118 0.69803923 0.6901961 0.5411765 0.47058824 0.33333334 0.3254902 0.58431375 0.6784314 0.6745098 0.7607843 0.8039216 0.8039216 0.9254902 1.0 0.99607843 0.972549 0.78039217 0.7882353
1.0 0.99607843 1.0 1.0 1.0 1.0 1.0 1.0 1.0 1.0 0.98039216 0.7294118 0.61960787 0.57254905 0.5764706 0.6313726 0.46666667 0.5058824 0.50980395 0.36078432 0.5294118 0.6431373 0.5803922 0.61960787 0.62352943 0.7529412 0.9764706 1.0 1.0 0.8745098 0.6784314 0.7764706
1.0 0.99607843 1.0 1.0 1.0 1.0 1.0 1.0 1.0 0.99607843 0.972549 0.7529412 0.6745098 0.61960787 0.48235294 0.52156866 0.36862746 0.43137255 0.43529412 0.3764706 0.47058824 0.4862745 0.5568628 0.6509804 0.62352943 0.7137255 0.9764706 1.0 1.0 0.9607843 0.8666667 0.88235295
1.0 0.99607843 1.0 1.0 1.0 1.0 1.0 1.0 0.99607843 1.0 0.87058824 0.60784316 0.5764706 0.61960787 0.5921569 0.654902 0.50980395 0.4 0.46666667 0.5058824 0.6431373 0.4862745 0.50980395 0.5529412 0.5529412 0.6862745 0.9411765 1.0 0.99607843 0.99607843 0.827451 0.827451
1.0 0.99607843 1.0 1.0 1.0 1.0 1.0 0.99607843 1.0 0.972549 0.5921569 0.40392157 0.45882353 0.5686275 0.5764706 0.5411765 0.5882353 0.6392157 0.654902 0.65882355 0.5882353 0.5294118 0.65882355 0.5137255 0.4117647 0.41960785 0.7647059 1.0 0.9882353 0.9882353 0.80784315 0.81960785
1.0 0.99607843 1.0 1.0 1.0 1.0 1.0 0.99215686 1.0 0.9137255 0.6313726 0.6745098 0.58431375 0.6 0.67058825 0.4862745 0.37254903 0.5294118 0.6156863 0.3882353 0.4 0.5803922 0.5568628 0.5921569 0.7176471 0.59607846 0.72156864 0.98039216 0.99215686 0.93333334 0.7607843 0.75686276
1.0 0.99607843 1.0 1.0 1.0 1.0 1.0 0.99215686 1.0 0.9019608 0.57254905 0.54901963 0.44313726 0.35686275 0.61960787 0.7058824 0.41568628 0.5137255 0.59607846 0.3529412 0.5254902 0.74509805 0.52156866 0.53333336 0.7254902 0.7176471 0.77254903 0.9764706 0.99607843 0.9372549 0.7490196 0.76862746
1.0 0.99607843 1.0 1.0 1.0 1.0 1.0 0.9882353 1.0 0.8627451 0.4745098 0.6313726 0.50980395 0.3764706 0.49019608 0.7647059 0.73333335 0.59607846 0.56078434 0.654902 0.73333335 0.5019608 0.40784314 0.5764706 0.6666667 0.5921569 0.72156864 0.98039216 0.99607843 0.92156863 0.69411767 0.76862746
1.0 0.99607843 1.0 1.0 1.0 0.99607843 0.99607843 0.99607843 0.99215686 0.91764706 0.69803923 0.64705884 0.5294118 0.5176471 0.7411765 0.9372549 0.9843137 0.72156864 0.63529414 0.9137255 0.93333334 0.7490196 0.654902 0.69803923 0.627451 0.46666667 0.49803922 0.88235295 1.0 0.9607843 0.7607843 0.73333335
1.0 0.99607843 1.0 1.0 0.99607843 0.99215686 0.99215686 0.91764706 0.81960785 0.72156864 0.54901963 0.48235294 0.5921569 0.6862745 0.89411765 0.9882353 0.99215686 0.9372549 0.9254902 1.0 0.99607843 0.90588236 0.7607843 0.75686276 0.7019608 0.63529414 0.39215687 0.6745098 0.9882353 0.9882353 0.80784315 0.7058824
1.0 0.99607843 1.0 1.0 0.99607843 1.0 0.8980392 0.69411767 0.6784314 0.57254905 0.61960787 0.654902 0.6627451 0.70980394 0.7294118 0.8039216 0.9529412 0.9607843 0.9490196 0.91764706 0.79607844 0.7137255 0.70980394 0.6666667 0.5882353 0.6666667 0.43529412 0.41568628 0.7294118 0.8784314 0.81960785 0.78431374
1.0 0.99607843 1.0 1.0 1.0 0.9647059 0.72156864 0.6666667 0.62352943 0.32156864 0.60784316 0.73333335 0.64705884 0.6431373 0.67058825 0.6745098 0.76862746 0.8392157 0.8156863 0.69411767 0.654902 0.7294118 0.70980394 0.59607846 0.6431373 0.7019608 0.49803922 0.32156864 0.5254902 0.6901961 0.7176471 0.85490197
1.0 0.99607843 1.0 1.0 1.0 0.8352941 0.6745098 0.7019608 0.5921569 0.30588236 0.32156864 0.60784316 0.70980394 0.7019608 0.6745098 0.65882355 0.6509804 0.6509804 0.6431373 0.6392157 0.6392157 0.6627451 0.72156864 0.7294118 0.70980394 0.627451 0.42745098 0.32156864 0.45490196 0.6156863 0.6 0.79607844
1.0 0.99215686 1.0 1.0 0.9764706 0.7254902 0.6862745 0.67058825 0.61960787 0.63529414 0.4862745 0.5647059 0.69411767 0.7019608 0.7019608 0.6431373 0.63529414 0.6862745 0.654902 0.65882355 0.6666667 0.654902 0.6901961 0.6901961 0.6431373 0.49411765 0.42352942 0.45490196 0.43529412 0.50980395 0.5764706 0.7647059
1.0 1.0 1.0 1.0 0.9254902 0.68235296 0.69803923 0.62352943 0.6392157 0.73333335 0.6431373 0.60784316 0.654902 0.6666667 0.69411767 0.7372549 0.6862745 0.6431373 0.6392157 0.6862745 0.6901961 0.69803923 0.7254902 0.6784314 0.58431375 0.5568628 0.6627451 0.63529414 0.4392157 0.37254903 0.4862745 0.7137255
0.7607843 0.84705883 0.96862745 1.0 0.8666667 0.6745098 0.6666667 0.5372549 0.6117647 0.6156863 0.5803922 0.5647059 0.65882355 0.7294118 0.7058824 0.69411767 0.6901961 0.6784314 0.77254903 0.83137256 0.827451 0.7529412 0.70980394 0.70980394 0.69411767 0.69411767 0.73333335 0.62352943 0.2901961 0.45490196 0.5176471 0.6509804
0.64705884 0.6509804 0.74509805 0.84313726 0.7411765 0.69803923 0.6117647 0.28627452 0.3372549 0.30588236 0.30588236 0.4745098 0.68235296 0.69411767 0.7137255 0.7529412 0.7490196 0.70980394 0.77254903 0.8784314 0.91764706 0.8627451 0.81960785 0.7058824 0.7019608 0.7058824 0.5882353 0.33333334 0.39215687 0.6313726 0.4862745 0.5647059
0.6313726 0.69411767 0.69803923 0.72156864 0.6313726 0.65882355 0.6431373 0.53333336 0.54901963 0.62352943 0.5529412 0.3254902 0.35686275 0.627451 0.7529412 0.73333335 0.7411765 0.7137255 0.6862745 0.8117647 0.8352941 0.7882353 0.7372549 0.7647059 0.7921569 0.65882355 0.41568628 0.5411765 0.6431373 0.64705884 0.50980395 0.5176471
0.5176471 0.56078434 0.6666667 0.6627451 0.57254905 0.64705884 0.5882353 0.44313726 0.45490196 0.5254902 0.57254905 0.5568628 0.5411765 0.7607843 0.85490197 0.8 0.78039217 0.7764706 0.7294118 0.8901961 0.8784314 0.7647059 0.65882355 0.7921569 0.8980392 0.6862745 0.6901961 0.70980394 0.6117647 0.68235296 0.59607846 0.53333336
0.83137256 0.60784316 0.5294118 0.5137255 0.58431375 0.63529414 0.5647059 0.49803922 0.56078434 0.5764706 0.5254902 0.50980395 0.67058825 0.81960785 0.8745098 0.8352941 0.8392157 0.78431374 0.7529412 0.8980392 0.9098039 0.84313726 0.73333335 0.84313726 0.87058824 0.6627451 0.5647059 0.5686275 0.5529412 0.50980395 0.47058824 0.4862745
1.0 0.9490196 0.87058824 0.8666667 0.91764706 0.8117647 0.5803922 0.48235294 0.5411765 0.56078434 0.57254905 0.6745098 0.7294118 0.7254902 0.7882353 0.8 0.8235294 0.83137256 0.7607843 0.8745098 0.8509804 0.83137256 0.79607844 0.8392157 0.8509804 0.6392157 0.42352942 0.49411765 0.56078434 0.43529412 0.27450982 0.49019608
1.0 1.0 1.0 1.0 1.0 0.9098039 0.39607844 0.40392157 0.42745098 0.46666667 0.60784316 0.6039216 0.6862745 0.78039217 0.7058824 0.6862745 0.72156864 0.75686276 0.81960785 0.90588236 0.79607844 0.7529412 0.8392157 0.84313726 0.75686276 0.6392157 0.5176471 0.3882353 0.38039216 0.65882355 0.47058824 0.63529414
1.0 0.99607843 1.0 0.99215686 1.0 0.6862745 0.28235295 0.3764706 0.4627451 0.6745098 0.6862745 0.6156863 0.59607846 0.6509804 0.654902 0.72156864 0.7254902 0.67058825 0.7176471 0.94509804 0.8392157 0.7411765 0.7764706 0.7294118 0.6156863 0.6431373 0.65882355 0.6156863 0.27058825 0.45490196 0.5372549 0.6666667
1.0 1.0 1.0 1.0 0.9490196 0.59607846 0.30588236 0.38431373 0.5882353 0.67058825 0.7019608 0.69411767 0.60784316 0.61960787 0.69803923 0.70980394 0.654902 0.63529414 0.69411767 0.8392157 0.78039217 0.72156864 0.654902 0.6784314 0.69803923 0.6509804 0.6156863 0.6392157 0.4627451 0.3529412 0.5294118 0.78039217
1.0 1.0 1.0 1.0 0.92156863 0.73333335 0.5019608 0.4862745 0.5058824 0.5647059 0.6901961 0.6039216 0.64705884 0.7607843 0.7254902 0.69803923 0.6 0.62352943 0.7490196 0.7647059 0.7294118 0.7019608 0.6745098 0.6666667 0.6862745 0.5803922 0.5686275 0.60784316 0.5058824 0.5294118 0.73333335 0.8745098
1.0 1.0 1.0 1.0 0.99215686 0.9411765 0.73333335 0.6509804 0.49019608 0.33333334 0.68235296 0.5058824 0.50980395 0.6392157 0.6745098 0.6745098 0.58431375 0.59607846 0.68235296 0.7372549 0.6392157 0.61960787 0.65882355 0.65882355 0.627451 0.54901963 0.5529412 0.6666667 0.79607844 0.8862745 0.85490197 0.7607843
1.0 0.99607843 1.0 1.0 1.0 0.9843137 0.9137255 0.8862745 0.8 0.76862746 0.827451 0.6509804 0.5294118 0.5686275 0.68235296 0.60784316 0.6 0.72156864 0.7137255 0.627451 0.62352943 0.6313726 0.6392157 0.6509804 0.4745098 0.5372549 0.59607846 0.80784315 0.9372549 0.8235294 0.70980394 0.7058824
1.0 1.0 1.0 1.0 1.0 1.0 1.0 1.0 1.0 1.0 0.9764706 0.8352941 0.78039217 0.79607844 0.90588236 0.8745098 0.9019608 0.9764706 0.9843137 0.88235295 0.6901961 0.6117647 0.64705884 0.63529414 0.54901963 0.7607843 0.8980392 0.9372549 0.91764706 0.8980392 0.8745098 0.93333334
1.0 1.0 1.0 1.0 1.0 1.0 1.0 1.0 1.0 1.0 0.89411765 0.7764706 0.8509804 0.92156863 0.99607843 1.0 1.0 1.0 1.0 1.0 1.0 1.0 1.0 1.0 0.96862745 0.93333334 0.9490196 1.0 1.0 1.0 1.0 1.0
1.0 0.99607843 1.0 1.0 1.0 1.0 1.0 1.0 0.99607843 1.0 0.8745098 0.7764706 0.79607844 0.74509805 0.8862745 0.99607843 1.0 1.0 1.0 1.0 1.0 1.0 0.9843137 0.90588236 0.8117647 0.7921569 0.83137256 0.98039216 0.99215686 0.9882353 0.94509804 0.9137255
1.0 1.0 1.0 1.0 1.0 1.0 1.0 1.0 1.0 1.0 0.90588236 0.8156863 0.84313726 0.76862746 0.6745098 0.7882353 0.9411765 0.8862745 0.80784315 0.8627451 0.9137255 0.81960785 0.6901961 0.7254902 0.8 0.8 0.84313726 0.9843137 0.99215686 0.9764706 0.8117647 0.8039216
1.0 0.99607843 1.0 1.0 1.0 1.0 1.0 1.0 1.0 1.0 0.93333334 0.75686276 0.75686276 0.7647059 0.6666667 0.58431375 0.58431375 0.4392157 0.16470589 0.36078432 0.58431375 0.5882353 0.58431375 0.74509805 0.8509804 0.8117647 0.8627451 0.9882353 0.9882353 0.9843137 0.7764706 0.7411765
1.0 0.99607843 1.0 1.0 1.0 1.0 1.0 1.0 1.0 1.0 0.972549 0.73333335 0.6745098 0.6901961 0.6784314 0.68235296 0.5294118 0.45882353 0.32156864 0.3137255 0.57254905 0.67058825 0.65882355 0.7294118 0.7607843 0.7529412 0.90588236 1.0 0.99607843 0.972549 0.78039217 0.7882353
1.0 0.99607843 1.0 1.0 1.0 1.0 1.0 1.0 1.0 1.0 0.9764706 0.72156864 0.6117647 0.56078434 0.5647059 0.61960787 0.4509804 0.49411765 0.49411765 0.34901962 0.52156866 0.6431373 0.5764706 0.60784316 0.6039216 0.7294118 0.96862745 1.0 1.0 0.8745098 0.6784314 0.7764706
1.0 0.99607843 1.0 1.0 1.0 1.0 1.0 1.0 1.0 0.99607843 0.972549 0.75686276 0.6784314 0.61960787 0.48235294 0.5254902 0.36862746 0.42745098 0.43529412 0.3764706 0.47058824 0.49803922 0.5686275 0.6509804 0.60784316 0.69411767 0.96862745 1.0 1.0 0.9607843 0.8666667 0.88235295
1.0 0.99607843 1.0 1.0 1.0 1.0 1.0 1.0 0.99607843 1.0 0.8745098 0.6156863 0.58431375 0.627451 0.6 0.6627451 0.5176471 0.4117647 0.4745098 0.5137255 0.65882355 0.5137255 0.5372549 0.5647059 0.5529412 0.6745098 0.9372549 1.0 0.99607843 0.99607843 0.827451 0.827451
1.0 0.99607843 1.0 1.0 1.0 1.0 1.0 0.99607843 1.0 0.9764706 0.6039216 0.41960785 0.4745098 0.58431375 0.5921569 0.5568628 0.60784316 0.6627451 0.6784314 0.6784314 0.6117647 0.5686275 0.69411767 0.5372549 0.41960785 0.41568628 0.7647059 1.0 0.9882353 0.9882353 0.80784315 0.81960785
1.0 0.99607843 1.0 1.0 1.0 1.0 1.0 0.99215686 1.0 0.9137255 0.63529414 0.68235296 0.59607846 0.60784316 0.6784314 0.49803922 0.3882353 0.54509807 0.6313726 0.40392157 0.41568628 0.59607846 0.57254905 0.6039216 0.72156864 0.5921569 0.72156864 0.98039216 0.99215686 0.93333334 0.7607843 0.75686276
1.0 0.99607843 1.0 1.0 1.0 1.0 1.0 0.99215686 1.0 0.9019608 0.57254905 0.54901963 0.44313726 0.35686275 0.61960787 0.69803923 0.4117647 0.50980395 0.59607846 0.34901962 0.5176471 0.7411765 0.52156866 0.5294118 0.7254902 0.7176471 0.77254903 0.9764706 0.99607843 0.9372549 0.7490196 0.76862746
1.0 0.99607843 1.0 1.0 1.0 1.0 1.0 0.9882353 1.0 0.8627451 0.4745098 0.6313726 0.50980395 0.3764706 0.49019608 0.7490196 0.7058824 0.5686275 0.5372549 0.6313726 0.7058824 0.49411765 0.4117647 0.5764706 0.6666667 0.5921569 0.72156864 0.98039216 0.99607843 0.92156863 0.69411767 0.76862746
1.0 0.99607843 1.0 1.0 1.0 0.99607843 0.99607843 0.99607843 0.99215686 0.91764706 0.69803923 0.64705884 0.5294118 0.5176471 0.7411765 0.9254902 0.9607843 0.69803923 0.6117647 0.8901961 0.9137255 0.74509805 0.654902 0.69803923 0.627451 0.46666667 0.49803922 0.88235295 1.0 0.9607843 0.7607843 0.73333335
1.0 0.99607843 1.0 1.0 0.99607843 0.99215686 0.99215686 0.91764706 0.81960785 0.72156864 0.54901963 0.48235294 0.5921569 0.68235296 0.89411765 0.9843137 0.9882353 0.93333334 0.9254902 0.99607843 0.9882353 0.9019608 0.7607843 0.75686276 0.7019608 0.63529414 0.39215687 0.6745098 0.9882353 0.99215686 0.80784315 0.70980394
1.0 0.99607843 1.0 1.0 0.99607843 1.0 0.8980392 0.69411767 0.6784314 0.57254905 0.6156863 0.6509804 0.65882355 0.7137255 0.73333335 0.8039216 0.9529412 0.972549 0.96862745 0.93333334 0.8039216 0.7176471 0.7294118 0.69803923 0.6 0.6392157 0.4 0.39607844 0.7176471 0.8745098 0.8117647 0.7764706
1.0 0.99607843 1.0 1.0 1.0 0.9647059 0.72156864 0.6666667 0.62352943 0.32156864 0.6039216 0.7294118 0.64705884 0.64705884 0.6784314 0.6666667 0.7490196 0.827451 0.8117647 0.6901961 0.63529414 0.68235296 0.68235296 0.59607846 0.64705884 0.6862745 0.45490196 0.2784314 0.49803922 0.6745098 0.7058824 0.84313726
1.0 0.99607843 1.0 1.0 1.0 0.8352941 0.6745098 0.7058824 0.5882353 0.30588236 0.3254902 0.6117647 0.70980394 0.7019608 0.67058825 0.6666667 0.6627451 0.64705884 0.63529414 0.63529414 0.6431373 0.6431373 0.67058825 0.6666667 0.6862745 0.654902 0.42745098 0.28235295 0.41568628 0.5882353 0.5921569 0.79607844
1.0 0.99215686 1.0 1.0 0.9764706 0.7254902 0.6862745 0.67058825 0.61960787 0.6392157 0.5058824 0.5803922 0.69803923 0.6901961 0.6784314 0.654902 0.6666667 0.67058825 0.6156863 0.6313726 0.6745098 0.70980394 0.7137255 0.6745098 0.61960787 0.49411765 0.42352942 0.41960785 0.3764706 0.45882353 0.5686275 0.78039217
1.0 1.0 1.0 1.0 0.9254902 0.68235296 0.69803923 0.62352943 0.6392157 0.7411765 0.6784314 0.6431373 0.6627451 0.6509804 0.67058825 0.61960787 0.4392157 0.32156864 0.27450982 0.34509805 0.39607844 0.49019608 0.63529414 0.6745098 0.59607846 0.5372549 0.654902 0.60784316 0.3647059 0.30588236 0.48235294 0.7411765
0.7607843 0.84705883 0.96862745 1.0 0.8627451 0.6627451 0.6666667 0.5372549 0.6156863 0.627451 0.61960787 0.5803922 0.654902 0.68235296 0.5019608 0.26666668 0.1254902 0.07450981 0.13725491 0.20784314 0.23137255 0.19607843 0.24705882 0.49411765 0.7058824 0.70980394 0.72156864 0.5803922 0.19215687 0.36862746 0.52156866 0.69411767
0.64705884 0.6509804 0.74509805 0.84313726 0.73333335 0.68235296 0.60784316 0.28627452 0.32941177 0.29803923 0.3254902 0.45882353 0.627451 0.5019608 0.2 0.078431375 0.12156863 0.101960786 0.1764706 0.25490198 0.29803923 0.23921569 0.11764706 0.20392157 0.54901963 0.69803923 0.6156863 0.32941177 0.30588236 0.5372549 0.4745098 0.59607846
0.6313726 0.69411767 0.69803923 0.72156864 0.6431373 0.68235296 0.6392157 0.5019608 0.5058824 0.5686275 0.52156866 0.32941177 0.2 0.16470589 0.11764706 0.09411765 0.1254902 0.12156863 0.101960786 0.19607843 0.20392157 0.1882353 0.15686275 0.15294118 0.28627452 0.49019608 0.45882353 0.54509807 0.5686275 0.5568628 0.46666667 0.52156866
0.5176471 0.56078434 0.6666667 0.6627451 0.59607846 0.68235296 0.5686275 0.3764706 0.3882353 0.46666667 0.52156866 0.49411765 0.20392157 0.09019608 0.14901961 0.16862746 0.15686275 0.1764706 0.13725491 0.2784314 0.23529412 0.16470589 0.15294118 0.12156863 0.14901961 0.31764707 0.5529412 0.53333336 0.43529412 0.54901963 0.54901963 0.5372549
0.83137256 0.60784316 0.5294118 0.5137255 0.59607846 0.6392157 0.5058824 0.4 0.49411765 0.5686275 0.50980395 0.26666668 0.1254902 0.11764706 0.18039216 0.18431373 0.21568628 0.18431373 0.16078432 0.28627452 0.2627451 0.22352941 0.1882353 0.2 0.15294118 0.14509805 0.3137255 0.39607844 0.38039216 0.38039216 0.39607844 0.45882353
1.0 0.9490196 0.87058824 0.8666667 0.91764706 0.7921569 0.50980395 0.4 0.50980395 0.6117647 0.5921569 0.35686275 0.12941177 0.101960786 0.1764706 0.16862746 0.18431373 0.2 0.13333334 0.25882354 0.22352941 0.19215687 0.21960784 0.23137255 0.18431373 0.050980393 0.21176471 0.5019608 0.5372549 0.37254903 0.1882353 0.43529412
1.0 1.0 1.0 1.0 1.0 0.88235295 0.3647059 0.38431373 0.44313726 0.5019608 0.54901963 0.40784314 0.37254903 0.40392157 0.32156864 0.2509804 0.21568628 0.18039216 0.16862746 0.24705882 0.15686275 0.13333334 0.23921569 0.1764706 0.08627451 0.1764706 0.36862746 0.42352942 0.43529412 0.6509804 0.4392157 0.6392157
1.0 0.99607843 1.0 0.99607843 0.9882353 0.627451 0.26666668 0.38039216 0.43137255 0.5803922 0.5294118 0.50980395 0.56078434 0.6039216 0.5411765 0.5803922 0.58431375 0.41568628 0.22352941 0.27450982 0.15686275 0.1254902 0.16078432 0.24313726 0.3137255 0.4 0.5137255 0.6156863 0.3137255 0.44705883 0.50980395 0.6666667
1.0 1.0 1.0 1.0 0.9098039 0.49803922 0.27058825 0.37254903 0.5058824 0.53333336 0.65882355 0.6431373 0.5176471 0.54901963 0.6784314 0.7176471 0.69803923 0.6 0.36862746 0.3254902 0.3137255 0.30980393 0.2784314 0.5411765 0.7058824 0.43137255 0.37254903 0.5921569 0.49803922 0.34509805 0.49019608 0.7607843
1.0 1.0 1.0 1.0 0.8862745 0.6431373 0.40392157 0.39215687 0.42352942 0.5176471 0.7058824 0.54509807 0.49411765 0.6313726 0.69803923 0.7019608 0.6431373 0.58431375 0.41568628 0.4 0.6117647 0.6666667 0.5882353 0.56078434 0.58431375 0.44313726 0.38431373 0.5176471 0.53333336 0.5254902 0.68235296 0.84705883
1.0 1.0 1.0 1.0 0.9882353 0.89411765 0.6039216 0.49803922 0.42745098 0.34117648 0.5882353 0.41568628 0.49019608 0.654902 0.69411767 0.69411767 0.62352943 0.46666667 0.2627451 0.40784314 0.61960787 0.6431373 0.73333335 0.6509804 0.5058824 0.49411765 0.42745098 0.5529412 0.80784315 0.87058824 0.79607844 0.7058824
1.0 0.99607843 1.0 1.0 0.99607843 0.9647059 0.8509804 0.8156863 0.75686276 0.7529412 0.7607843 0.5803922 0.5058824 0.5764706 0.69803923 0.654902 0.59607846 0.53333336 0.40784314 0.43137255 0.5921569 0.62352943 0.65882355 0.6666667 0.45882353 0.52156866 0.5058824 0.7176471 0.91764706 0.7921569 0.627451 0.5921569
1.0 1.0 1.0 1.0 1.0 1.0 1.0 1.0 1.0 1.0 0.94509804 0.7882353 0.7529412 0.78431374 0.9098039 0.9254902 0.94509804 0.9490196 0.9372549 0.85882354 0.69803923 0.6156863 0.6431373 0.6313726 0.5529412 0.7607843 0.8627451 0.8980392 0.9098039 0.89411765 0.83137256 0.87058824
1.0 1.0 1.0 1.0 1.0 1.0 1.0 1.0 1.0 1.0 0.9019608 0.7607843 0.8156863 0.8980392 0.99607843 1.0 1.0 1.0 1.0 1.0 1.0 1.0 1.0 1.0 0.96862745 0.92941177 0.9490196 1.0 1.0 1.0 1.0 1.0
1.0 0.99607843 1.0 1.0 1.0 1.0 1.0 1.0 0.99607843 1.0 0.87058824 0.75686276 0.7647059 0.7176471 0.8745098 0.99607843 1.0 1.0 1.0 1.0 1.0 0.99215686 0.972549 0.8862745 0.7921569 0.76862746 0.8235294 0.98039216 0.99215686 0.9882353 0.94509804 0.9137255
1.0 1.0 1.0 1.0 1.0 1.0 1.0 1.0 1.0 1.0 0.8901961 0.7882353 0.80784315 0.7372549 0.6509804 0.78039217 0.9411765 0.8862745 0.80784315 0.8627451 0.9137255 0.80784315 0.67058825 0.69803923 0.7607843 0.7529412 0.81960785 0.9843137 0.99215686 0.9764706 0.8117647 0.8039216
1.0 0.99607843 1.0 1.0 1.0 1.0 1.0 1.0 1.0 1.0 0.91764706 0.7254902 0.72156864 0.7294118 0.6392157 0.57254905 0.58431375 0.4392157 0.16862746 0.36078432 0.58431375 0.5764706 0.5647059 0.7058824 0.79607844 0.74509805 0.8352941 0.9882353 0.9843137 0.9843137 0.7764706 0.7411765
1.0 0.99607843 1.0 1.0 1.0 1.0 1.0 1.0 1.0 1.0 0.95686275 0.7137255 0.65882355 0.67058825 0.6627451 0.6784314 0.5372549 0.47058824 0.32941177 0.32156864 0.5803922 0.6745098 0.654902 0.70980394 0.7254902 0.70980394 0.88235295 1.0 0.99607843 0.972549 0.78039217 0.7882353
1.0 0.99607843 1.0 1.0 1.0 1.0 1.0 1.0 1.0 0.99607843 0.96862745 0.70980394 0.6 0.54901963 0.5529412 0.6156863 0.45882353 0.5019608 0.5019608 0.3529412 0.5254902 0.6509804 0.5803922 0.6 0.58431375 0.7058824 0.9607843 1.0 1.0 0.8745098 0.6784314 0.7764706
1.0 0.99607843 1.0 1.0 1.0 1.0 1.0 1.0 1.0 0.99607843 0.9607843 0.7372549 0.65882355 0.6 0.4627451 0.50980395 0.36078432 0.42352942 0.42745098 0.36862746 0.4627451 0.4862745 0.5529412 0.63529414 0.59607846 0.68235296 0.9607843 1.0 1.0 0.9607843 0.8666667 0.88235295
1.0 0.99607843 1.0 1.0 1.0 1.0 1.0 1.0 0.99607843 1.0 0.85882354 0.59607846 0.5647059 0.60784316 0.5803922 0.6431373 0.49411765 0.3882353 0.4509804 0.49019608 0.6313726 0.47843137 0.5058824 0.54509807 0.54509807 0.6745098 0.9411765 1.0 0.99607843 0.99607843 0.827451 0.827451
1.0 0.99607843 1.0 1.0 1.0 1.0 1.0 0.99607843 1.0 0.972549 0.5882353 0.4 0.45490196 0.5647059 0.57254905 0.5294118 0.57254905 0.62352943 0.6392157 0.6431373 0.57254905 0.5176471 0.6509804 0.5137255 0.41568628 0.42745098 0.76862746 1.0 0.9882353 0.9882353 0.80784315 0.81960785
1.0 0.99607843 1.0 1.0 1.0 1.0 1.0 0.99215686 1.0 0.9137255 0.627451 0.6745098 0.58431375 0.59607846 0.6666667 0.4862745 0.36862746 0.5137255 0.59607846 0.38039216 0.4 0.57254905 0.5529412 0.5921569 0.72156864 0.6 0.72156864 0.98039216 0.99215686 0.93333334 0.7607843 0.75686276
1.0 0.99607843 1.0 1.0 1.0 1.0 1.0 0.99215686 1.0 0.9019608 0.57254905 0.54901963 0.44313726 0.35686275 0.61960787 0.7019608 0.4 0.47058824 0.54901963 0.3254902 0.5176471 0.74509805 0.52156866 0.5294118 0.7254902 0.7176471 0.76862746 0.9764706 0.99607843 0.9372549 0.7490196 0.76862746
1.0 0.99607843 1.0 1.0 1.0 1.0 1.0 0.9882353 1.0 0.8627451 0.4745098 0.6313726 0.50980395 0.3764706 0.49019608 0.7490196 0.6862745 0.52156866 0.48235294 0.59607846 0.7019608 0.49803922 0.4117647 0.5764706 0.6666667 0.5921569 0.72156864 0.98039216 0.99607843 0.92156863 0.69411767 0.76862746
1.0 0.99607843 1.0 1.0 1.0 0.99607843 0.99607843 0.99607843 0.99215686 0.91764706 0.69803923 0.64705884 0.5294118 0.5176471 0.7411765 0.92941177 0.95686275 0.6627451 0.57254905 0.8745098 0.91764706 0.7490196 0.654902 0.69803923 0.627451 0.46666667 0.49803922 0.88235295 1.0 0.9607843 0.7607843 0.73333335
1.0 0.99607843 1.0 1.0 0.99607843 0.99215686 0.99215686 0.91764706 0.81960785 0.72156864 0.54901963 0.48235294 0.5921569 0.68235296 0.89411765 0.99215686 1.0 0.9254902 0.9098039 1.0 1.0 0.90588236 0.7607843 0.75686276 0.7019608 0.63529414 0.39215687 0.6745098 0.9882353 0.99215686 0.80784315 0.70980394
1.0 0.99607843 1.0 1.0 0.99607843 1.0 0.8980392 0.69411767 0.6784314 0.57254905 0.61960787 0.6509804 0.6627451 0.7137255 0.73333335 0.8156863 0.9647059 0.9764706 0.9647059 0.9372549 0.81960785 0.7254902 0.7294118 0.6901961 0.59607846 0.6431373 0.40392157 0.39607844 0.7137255 0.87058824 0.80784315 0.7764706
1.0 0.99607843 1.0 1.0 1.0 0.9647059 0.72156864 0.6666667 0.62352943 0.32156864 0.60784316 0.7294118 0.64705884 0.64705884 0.6745098 0.6745098 0.7647059 0.8392157 0.8235294 0.7019608 0.6509804 0.70980394 0.7019608 0.6 0.64705884 0.6862745 0.45490196 0.27450982 0.49019608 0.6627451 0.6901961 0.8352941
1.0 0.99607843 1.0 1.0 1.0 0.8352941 0.6745098 0.7058824 0.5882353 0.30588236 0.3254902 0.6117647 0.70980394 0.7019608 0.6745098 0.6666667 0.67058825 0.65882355 0.64705884 0.64705884 0.64705884 0.6392157 0.6784314 0.68235296 0.69411767 0.6431373 0.41568628 0.2784314 0.4117647 0.5803922 0.5764706 0.78431374
1.0 0.99215686 1.0 1.0 0.9764706 0.7254902 0.6862745 0.67058825 0.61960787 0.63529414 0.49803922 0.5764706 0.69803923 0.69411767 0.6862745 0.6392157 0.63529414 0.654902 0.60784316 0.62352943 0.64705884 0.6509804 0.67058825 0.65882355 0.62352943 0.5019608 0.41568628 0.4117647 0.38039216 0.45882353 0.5529412 0.7607843
1.0 1.0 1.0 1.0 0.9254902 0.68235296 0.69803923 0.62352943 0.6392157 0.7372549 0.6666667 0.6313726 0.65882355 0.654902 0.68235296 0.62352943 0.4509804 0.35686275 0.3254902 0.3882353 0.42352942 0.49411765 0.6156863 0.64705884 0.5882353 0.5529412 0.654902 0.59607846 0.37254903 0.30980393 0.46666667 0.72156864
0.7607843 0.84705883 0.96862745 1.0 0.8627451 0.6627451 0.65882355 0.53333336 0.60784316 0.6156863 0.60784316 0.58431375 0.65882355 0.68235296 0.53333336 0.32941177 0.20392157 0.16470589 0.23921569 0.30588236 0.3254902 0.28235295 0.3137255 0.5019608 0.67058825 0.7019608 0.72156864 0.5764706 0.20784314 0.38039216 0.5019608 0.6666667
0.64705884 0.6509804 0.74509805 0.84313726 0.7294118 0.67058825 0.5921569 0.27058825 0.31764707 0.28627452 0.3254902 0.4862745 0.6509804 0.5254902 0.26666668 0.17254902 0.20784314 0.18039216 0.2509804 0.34117648 0.38431373 0.3137255 0.21568628 0.2509804 0.5254902 0.6745098 0.5921569 0.3137255 0.31764707 0.54901963 0.45882353 0.57254905
0.6313726 0.69411767 0.69803923 0.72156864 0.6313726 0.65882355 0.62352943 0.49803922 0.5019608 0.57254905 0.53333336 0.32941177 0.22352941 0.24313726 0.20784314 0.17254902 0.20392157 0.19215687 0.16862746 0.2784314 0.2901961 0.25882354 0.21176471 0.22745098 0.3647059 0.5019608 0.42352942 0.5254902 0.5764706 0.5686275 0.4627451 0.5058824
0.5176471 0.56078434 0.6666667 0.6627451 0.5803922 0.6509804 0.5568628 0.38431373 0.39215687 0.4745098 0.5372549 0.49411765 0.24705882 0.2 0.2509804 0.24705882 0.23921569 0.2509804 0.21176471 0.36078432 0.32941177 0.23921569 0.18039216 0.20784314 0.2901961 0.37254903 0.5686275 0.5764706 0.4745098 0.5764706 0.54509807 0.52156866
0.83137256 0.60784316 0.5294118 0.5137255 0.58431375 0.61960787 0.5058824 0.41568628 0.49803922 0.5568628 0.50980395 0.3019608 0.2 0.21176471 0.2627451 0.26666668 0.3019608 0.2627451 0.23921569 0.36862746 0.35686275 0.30980393 0.23137255 0.27058825 0.26666668 0.22352941 0.35686275 0.4392157 0.41960785 0.40784314 0.40392157 0.45490196
1.0 0.9490196 0.87058824 0.8666667 0.9137255 0.78431374 0.5137255 0.4117647 0.5019608 0.5803922 0.5686275 0.4117647 0.22352941 0.1764706 0.24313726 0.2509804 0.27058825 0.2784314 0.20784314 0.3372549 0.30588236 0.27450982 0.27058825 0.2901961 0.28627452 0.14901961 0.23529412 0.48235294 0.5294118 0.3764706 0.2 0.4392157
1.0 1.0 1.0 1.0 1.0 0.8784314 0.35686275 0.3764706 0.41960785 0.47058824 0.5411765 0.43137255 0.41960785 0.45490196 0.3647059 0.30588236 0.27450982 0.23137255 0.23529412 0.32941177 0.23921569 0.18431373 0.2901961 0.27450982 0.21176471 0.2509804 0.38039216 0.39607844 0.4 0.63529414 0.43137255 0.62352943
1.0 0.99607843 1.0 0.99607843 0.99607843 0.63529414 0.25490198 0.3647059 0.42745098 0.59607846 0.5686275 0.5294118 0.54901963 0.58431375 0.5411765 0.6039216 0.59607846 0.41568628 0.27058825 0.3764706 0.26666668 0.20392157 0.24705882 0.30588236 0.33333334 0.41568628 0.5294118 0.6 0.28235295 0.43529412 0.49803922 0.654902
1.0 1.0 1.0 1.0 0.92156863 0.5176471 0.2627451 0.36078432 0.5137255 0.5647059 0.6627451 0.65882355 0.54509807 0.57254905 0.6862745 0.74509805 0.7137255 0.58431375 0.40392157 0.40392157 0.38039216 0.36862746 0.32941177 0.52156866 0.64705884 0.45490196 0.42745098 0.5921569 0.47058824 0.32941177 0.4862745 0.75686276
1.0 1.0 1.0 1.0 0.8901961 0.65882355 0.41960785 0.40392157 0.43529412 0.5137255 0.67058825 0.5411765 0.53333336 0.67058825 0.70980394 0.7254902 0.64705884 0.57254905 0.47058824 0.4627451 0.6 0.6431373 0.5803922 0.56078434 0.58431375 0.45490196 0.42352942 0.5294118 0.5058824 0.50980395 0.68235296 0.84705883
1.0 1.0 1.0 1.0 0.9843137 0.9019608 0.63529414 0.5372549 0.43529412 0.32156864 0.5803922 0.40392157 0.47058824 0.63529414 0.68235296 0.6862745 0.5882353 0.4627451 0.34901962 0.47843137 0.6039216 0.627451 0.69803923 0.6431373 0.5294118 0.49411765 0.4509804 0.5764706 0.7882353 0.8627451 0.8039216 0.7176471
1.0 0.99607843 1.0 1.0 0.99607843 0.9764706 0.8784314 0.84705883 0.77254903 0.75686276 0.78039217 0.59607846 0.5058824 0.5686275 0.69411767 0.62352943 0.5647059 0.5647059 0.47843137 0.46666667 0.5764706 0.62352943 0.6509804 0.65882355 0.4627451 0.52156866 0.53333336 0.7490196 0.9254902 0.8 0.654902 0.6313726
1.0 1.0 1.0 1.0 1.0 1.0 1.0 1.0 1.0 1.0 0.9647059 0.80784315 0.7647059 0.7882353 0.9098039 0.8980392 0.9137255 0.94509804 0.9411765 0.84705883 0.6745098 0.6117647 0.64705884 0.63529414 0.5529412 0.7607843 0.8784314 0.91764706 0.9137255 0.89411765 0.8509804 0.8980392
29 5 2
29 5 1
11 27 1
30 5 0
11 27 2
2 29 1
11 8 0
12 16 0
12 16 1
15 4 1
31 9 2
14 29 2
29 29 0
10 28 2
18 3 1
29 5 0
13 16 0
2 2 2
12 20 0
14 3 1
12 8 0
7 29 2
13 29 2
15 4 2
10 27 1
16 1 2
1 28 2
9 7 2
3 3 1
13 29 1
