32, 32, 3, 30
0.42745098 0.40784314 0.4117647 0.44705883 0.47843137 0.46666667 0.4117647 0.42352942 0.45882353 0.41960785 0.40392157 0.47058824 0.5254902 0.4745098 0.42352942 0.44313726 0.4509804 0.4509804 0.44705883 0.45882353 0.49803922 0.48235294 0.56078434 0.6509804 0.7882353 0.8156863 0.64705884 0.6745098 0.52156866 0.5529412 0.4862745 0.40784314
0.41960785 0.38039216 0.40392157 0.44705883 0.4745098 0.47058824 0.42745098 0.4 0.43529412 0.41960785 0.4392157 0.49411765 0.54509807 0.49803922 0.43529412 0.45490196 0.4627451 0.45882353 0.44705883 0.43137255 0.47843137 0.5019608 0.5529412 0.60784316 0.6156863 0.6156863 0.5921569 0.62352943 0.49019608 0.49803922 0.48235294 0.42745098
0.40392157 0.3764706 0.40392157 0.44313726 0.4862745 0.48235294 0.4392157 0.4392157 0.46666667 0.43137255 0.4627451 0.5137255 0.54509807 0.5137255 0.44313726 0.4392157 0.44313726 0.45490196 0.44705883 0.4392157 0.48235294 0.5058824 0.50980395 0.49411765 0.5137255 0.52156866 0.5372549 0.5254902 0.47843137 0.48235294 0.45882353 0.44313726
0.40392157 0.40784314 0.4509804 0.4745098 0.48235294 0.4627451 0.41568628 0.4509804 0.46666667 0.43137255 0.44313726 0.49803922 0.5372549 0.5137255 0.4627451 0.4509804 0.44313726 0.44705883 0.45882353 0.4862745 0.48235294 0.49019608 0.54901963 0.5294118 0.57254905 0.59607846 0.54901963 0.5019608 0.4627451 0.47058824 0.4627451 0.45490196
0.43529412 0.4392157 0.4509804 0.44313726 0.4745098 0.48235294 0.4509804 0.4509804 0.46666667 0.45882353 0.4627451 0.5176471 0.5686275 0.52156866 0.46666667 0.45882353 0.47058824 0.48235294 0.48235294 0.47843137 0.4627451 0.4627451 0.5254902 0.5372549 0.54509807 0.56078434 0.54509807 0.53333336 0.47058824 0.4862745 0.45882353 0.45882353
0.4627451 0.43529412 0.45882353 0.48235294 0.5529412 0.5686275 0.53333336 0.5372549 0.5529412 0.54509807 0.5529412 0.5686275 0.5882353 0.5764706 0.5568628 0.54509807 0.5764706 0.6117647 0.6117647 0.5803922 0.49803922 0.4627451 0.4862745 0.5411765 0.5568628 0.5686275 0.54509807 0.5529412 0.5176471 0.50980395 0.49019608 0.4745098
0.44705883 0.49803922 0.5568628 0.5647059 0.57254905 0.53333336 0.4862745 0.5411765 0.5647059 0.5647059 0.57254905 0.58431375 0.5882353 0.5921569 0.5803922 0.58431375 0.6 0.6039216 0.627451 0.6666667 0.5921569 0.47058824 0.4745098 0.52156866 0.5294118 0.5568628 0.5372549 0.5529412 0.5411765 0.5019608 0.49803922 0.46666667
0.5254902 0.7176471 0.60784316 0.50980395 0.41960785 0.40392157 0.42352942 0.45882353 0.5137255 0.54901963 0.56078434 0.5568628 0.5529412 0.53333336 0.5137255 0.5176471 0.52156866 0.5058824 0.5372549 0.5921569 0.5921569 0.50980395 0.47843137 0.5019608 0.5137255 0.54901963 0.54509807 0.54509807 0.5137255 0.5137255 0.49019608 0.47058824
0.6627451 0.6862745 0.5176471 0.4117647 0.3137255 0.36862746 0.43137255 0.4862745 0.54901963 0.5647059 0.54509807 0.5372549 0.5294118 0.5058824 0.49803922 0.48235294 0.49019608 0.49803922 0.52156866 0.5372549 0.5568628 0.5686275 0.5254902 0.5372549 0.54901963 0.5647059 0.5647059 0.5529412 0.5411765 0.5529412 0.5372549 0.49411765
0.7137255 0.62352943 0.4862745 0.39215687 0.3647059 0.40392157 0.4509804 0.5294118 0.5647059 0.5411765 0.50980395 0.50980395 0.5137255 0.5019608 0.49803922 0.4745098 0.49803922 0.53333336 0.54509807 0.5176471 0.5411765 0.62352943 0.59607846 0.54901963 0.5411765 0.56078434 0.57254905 0.5686275 0.5411765 0.5176471 0.50980395 0.5294118
0.6117647 0.5764706 0.5058824 0.48235294 0.41960785 0.41960785 0.49411765 0.5176471 0.50980395 0.5137255 0.50980395 0.49411765 0.5058824 0.53333336 0.53333336 0.50980395 0.54509807 0.5764706 0.56078434 0.5254902 0.54901963 0.6313726 0.65882355 0.5529412 0.5372549 0.5568628 0.56078434 0.5411765 0.41960785 0.37254903 0.41568628 0.5647059
0.5294118 0.5647059 0.5372549 0.4745098 0.39215687 0.40392157 0.4745098 0.46666667 0.4627451 0.47843137 0.4862745 0.4862745 0.49803922 0.5372549 0.54901963 0.5568628 0.5411765 0.5254902 0.5372549 0.5411765 0.5764706 0.62352943 0.6784314 0.6156863 0.5568628 0.58431375 0.5686275 0.4392157 0.41960785 0.49019608 0.5294118 0.54901963
0.5137255 0.5647059 0.5529412 0.4627451 0.38039216 0.38039216 0.43137255 0.43529412 0.41568628 0.41568628 0.4117647 0.43137255 0.44313726 0.4745098 0.5137255 0.5176471 0.45882353 0.4627451 0.49019608 0.56078434 0.6431373 0.6509804 0.67058825 0.6784314 0.6156863 0.6156863 0.5411765 0.4509804 0.5411765 0.54509807 0.5176471 0.5294118
0.49411765 0.5568628 0.54901963 0.4509804 0.36862746 0.38039216 0.44705883 0.44313726 0.3882353 0.34117648 0.33333334 0.37254903 0.4 0.43137255 0.45490196 0.44313726 0.43529412 0.45490196 0.4627451 0.5803922 0.6862745 0.6627451 0.654902 0.68235296 0.65882355 0.627451 0.52156866 0.5294118 0.57254905 0.47058824 0.5058824 0.60784316
0.49019608 0.5647059 0.5411765 0.41568628 0.3764706 0.40784314 0.4509804 0.43137255 0.37254903 0.3254902 0.30980393 0.32941177 0.38431373 0.47058824 0.52156866 0.47843137 0.4509804 0.40392157 0.43529412 0.5764706 0.6666667 0.6509804 0.64705884 0.65882355 0.6666667 0.6313726 0.5137255 0.54901963 0.5647059 0.48235294 0.5764706 0.6509804
0.50980395 0.5803922 0.5019608 0.3882353 0.38431373 0.45882353 0.47843137 0.4392157 0.36862746 0.33333334 0.32156864 0.30588236 0.33333334 0.4117647 0.50980395 0.49019608 0.4 0.3647059 0.3882353 0.5176471 0.6313726 0.63529414 0.6392157 0.63529414 0.6392157 0.62352943 0.5019608 0.5686275 0.54901963 0.5176471 0.5764706 0.6156863
0.54509807 0.5647059 0.42745098 0.35686275 0.42352942 0.50980395 0.6039216 0.59607846 0.49803922 0.40392157 0.33333334 0.29803923 0.3019608 0.30588236 0.34509805 0.40784314 0.37254903 0.3372549 0.31764707 0.43137255 0.6039216 0.6313726 0.63529414 0.6 0.58431375 0.6313726 0.49019608 0.5529412 0.53333336 0.5529412 0.5882353 0.5764706
0.6 0.5137255 0.3882353 0.38431373 0.49019608 0.45490196 0.5411765 0.6431373 0.60784316 0.54509807 0.4862745 0.4392157 0.44313726 0.38039216 0.3019608 0.38431373 0.40392157 0.33333334 0.2901961 0.36862746 0.5058824 0.6 0.64705884 0.6 0.5294118 0.58431375 0.4745098 0.53333336 0.54901963 0.5764706 0.60784316 0.6
0.6117647 0.4509804 0.3882353 0.48235294 0.54509807 0.4117647 0.3764706 0.5568628 0.5803922 0.56078434 0.58431375 0.5803922 0.5568628 0.47058824 0.34901962 0.33333334 0.36862746 0.36862746 0.29803923 0.36078432 0.4862745 0.5803922 0.63529414 0.6039216 0.5058824 0.5019608 0.45882353 0.52156866 0.56078434 0.5647059 0.6039216 0.6313726
0.57254905 0.41568628 0.45490196 0.54509807 0.5568628 0.41568628 0.3372549 0.53333336 0.5686275 0.54509807 0.5647059 0.5803922 0.5647059 0.52156866 0.39607844 0.3137255 0.3647059 0.35686275 0.33333334 0.41568628 0.5921569 0.6431373 0.6039216 0.5686275 0.52156866 0.4745098 0.43529412 0.50980395 0.56078434 0.5529412 0.5803922 0.6156863
0.50980395 0.4 0.4509804 0.47843137 0.4862745 0.3647059 0.3647059 0.57254905 0.53333336 0.5019608 0.5529412 0.5294118 0.5137255 0.5568628 0.40392157 0.31764707 0.38431373 0.3372549 0.41568628 0.5176471 0.627451 0.69803923 0.6117647 0.5647059 0.53333336 0.5019608 0.4509804 0.49411765 0.5921569 0.5764706 0.5647059 0.6039216
0.45490196 0.43137255 0.43529412 0.46666667 0.50980395 0.3529412 0.4 0.5764706 0.5647059 0.54509807 0.58431375 0.47058824 0.41568628 0.48235294 0.4 0.3529412 0.40784314 0.34509805 0.44313726 0.5568628 0.61960787 0.6862745 0.6039216 0.5058824 0.46666667 0.47058824 0.41960785 0.49803922 0.62352943 0.58431375 0.5529412 0.59607846
0.5176471 0.52156866 0.4509804 0.46666667 0.56078434 0.39607844 0.43529412 0.5882353 0.5764706 0.58431375 0.60784316 0.49019608 0.47843137 0.50980395 0.38431373 0.3764706 0.44313726 0.38039216 0.45490196 0.53333336 0.5764706 0.6039216 0.5686275 0.4745098 0.41960785 0.39607844 0.34901962 0.49803922 0.5647059 0.57254905 0.5686275 0.5647059
0.5764706 0.45882353 0.32941177 0.36862746 0.46666667 0.37254903 0.48235294 0.60784316 0.6 0.60784316 0.5882353 0.49803922 0.49411765 0.5019608 0.3764706 0.40784314 0.50980395 0.4 0.45882353 0.52156866 0.5137255 0.5411765 0.5254902 0.5176471 0.5019608 0.4392157 0.36862746 0.39607844 0.49019608 0.5294118 0.5529412 0.5568628
0.5529412 0.4 0.3372549 0.3764706 0.43137255 0.3647059 0.4862745 0.6117647 0.6117647 0.5803922 0.5254902 0.5058824 0.5137255 0.5137255 0.3882353 0.47058824 0.5372549 0.43137255 0.42745098 0.4745098 0.5019608 0.5294118 0.49411765 0.52156866 0.5686275 0.46666667 0.3647059 0.34117648 0.44705883 0.5019608 0.49019608 0.5686275
0.5803922 0.4862745 0.4862745 0.49803922 0.54509807 0.43529412 0.45882353 0.5764706 0.58431375 0.5529412 0.5529412 0.57254905 0.57254905 0.49803922 0.38039216 0.45490196 0.4509804 0.42745098 0.43137255 0.45490196 0.5019608 0.5294118 0.49411765 0.54509807 0.5411765 0.43137255 0.34117648 0.34901962 0.47058824 0.43137255 0.47843137 0.54509807
0.67058825 0.59607846 0.6 0.5882353 0.59607846 0.5294118 0.5137255 0.6 0.61960787 0.6156863 0.60784316 0.5764706 0.5411765 0.47058824 0.38431373 0.42745098 0.43529412 0.44313726 0.41568628 0.47843137 0.4862745 0.4745098 0.4627451 0.49411765 0.4862745 0.45882353 0.40784314 0.34509805 0.43529412 0.3882353 0.38039216 0.50980395
0.67058825 0.6 0.6313726 0.61960787 0.5921569 0.5921569 0.5529412 0.6 0.62352943 0.62352943 0.6 0.5176471 0.5019608 0.45882353 0.41568628 0.4627451 0.49411765 0.49019608 0.43137255 0.46666667 0.4745098 0.4627451 0.47058824 0.47843137 0.47843137 0.4627451 0.4392157 0.36078432 0.41960785 0.43137255 0.37254903 0.4392157
0.7019608 0.62352943 0.61960787 0.6156863 0.5764706 0.5882353 0.5529412 0.58431375 0.6117647 0.6 0.5882353 0.49019608 0.4745098 0.43529412 0.45882353 0.5058824 0.5254902 0.50980395 0.46666667 0.4745098 0.44705883 0.4392157 0.45490196 0.46666667 0.45882353 0.41568628 0.43529412 0.3647059 0.40784314 0.4862745 0.41568628 0.42352942
0.7019608 0.6392157 0.60784316 0.5411765 0.54509807 0.4862745 0.49019608 0.49019608 0.6156863 0.68235296 0.5882353 0.5372549 0.5137255 0.4392157 0.46666667 0.54509807 0.5372549 0.5176471 0.47058824 0.5058824 0.47058824 0.4509804 0.45882353 0.47843137 0.52156866 0.45490196 0.4392157 0.3529412 0.3647059 0.47843137 0.44313726 0.46666667
0.6392157 0.58431375 0.5529412 0.46666667 0.45882353 0.47058824 0.49803922 0.5019608 0.5176471 0.60784316 0.64705884 0.5686275 0.5529412 0.4745098 0.48235294 0.5529412 0.5529412 0.5372549 0.5019608 0.49411765 0.4862745 0.4862745 0.4745098 0.5019608 0.54509807 0.5176471 0.40392157 0.31764707 0.38431373 0.5137255 0.5137255 0.48235294
0.6156863 0.5411765 0.49803922 0.5058824 0.52156866 0.5647059 0.5686275 0.62352943 0.5568628 0.5372549 0.67058825 0.64705884 0.5882353 0.5411765 0.5764706 0.58431375 0.59607846 0.58431375 0.5803922 0.54509807 0.50980395 0.52156866 0.5176471 0.53333336 0.59607846 0.5882353 0.49019608 0.4392157 0.5254902 0.61960787 0.60784316 0.49803922
0.35686275 0.3254902 0.31764707 0.34509805 0.3764706 0.37254903 0.32941177 0.35686275 0.38431373 0.33333334 0.30980393 0.36078432 0.4117647 0.38039216 0.3372549 0.35686275 0.3647059 0.36078432 0.35686275 0.36862746 0.4117647 0.39607844 0.4627451 0.5647059 0.76862746 0.8 0.5882353 0.59607846 0.4509804 0.48235294 0.41568628 0.3254902
0.34901962 0.29803923 0.30980393 0.34117648 0.3647059 0.36862746 0.3372549 0.32156864 0.3529412 0.3254902 0.33333334 0.38039216 0.42745098 0.39215687 0.34117648 0.36078432 0.36862746 0.3647059 0.34901962 0.33333334 0.38431373 0.4117647 0.44705883 0.50980395 0.5686275 0.5764706 0.52156866 0.5372549 0.40784314 0.41568628 0.4 0.34117648
0.33333334 0.29411766 0.3137255 0.3372549 0.3647059 0.3647059 0.34117648 0.3529412 0.37254903 0.32941177 0.34901962 0.39215687 0.41960785 0.40392157 0.34117648 0.3372549 0.3372549 0.3529412 0.34117648 0.33333334 0.38039216 0.40784314 0.4 0.38039216 0.43529412 0.4509804 0.45490196 0.43529412 0.3882353 0.39215687 0.36862746 0.34901962
0.33333334 0.32156864 0.35686275 0.36862746 0.3529412 0.34117648 0.30588236 0.3529412 0.3647059 0.32156864 0.32156864 0.3647059 0.4 0.3882353 0.34901962 0.3372549 0.32941177 0.32941177 0.34117648 0.36862746 0.36862746 0.38039216 0.43137255 0.40392157 0.46666667 0.5019608 0.45490196 0.4117647 0.36862746 0.3764706 0.36862746 0.35686275
0.3647059 0.35686275 0.35686275 0.33333334 0.3372549 0.3529412 0.33333334 0.34509805 0.35686275 0.3372549 0.33333334 0.3764706 0.42352942 0.3882353 0.34117648 0.3372549 0.34901962 0.35686275 0.35686275 0.3529412 0.3372549 0.34117648 0.40392157 0.40784314 0.41568628 0.44705883 0.4509804 0.43529412 0.37254903 0.38431373 0.36078432 0.35686275
0.37254903 0.3254902 0.34117648 0.36078432 0.39607844 0.4117647 0.39215687 0.40392157 0.41568628 0.39607844 0.4 0.4117647 0.42745098 0.41568628 0.4 0.3882353 0.41960785 0.45882353 0.45882353 0.41960785 0.34509805 0.34509805 0.38039216 0.4117647 0.43137255 0.4509804 0.4392157 0.4509804 0.41568628 0.40784314 0.39215687 0.37254903
0.34117648 0.35686275 0.41568628 0.43137255 0.41960785 0.37254903 0.3254902 0.38039216 0.39607844 0.39215687 0.4 0.4117647 0.41568628 0.4117647 0.39607844 0.4 0.41568628 0.41960785 0.44705883 0.47058824 0.40784314 0.35686275 0.38039216 0.40392157 0.4117647 0.44313726 0.42745098 0.44705883 0.44313726 0.4 0.4 0.3647059
0.42352942 0.5764706 0.4627451 0.3882353 0.30980393 0.28627452 0.28627452 0.29803923 0.34509805 0.38039216 0.39215687 0.39215687 0.38431373 0.36862746 0.3529412 0.35686275 0.3647059 0.34117648 0.35686275 0.40392157 0.41960785 0.38039216 0.37254903 0.3882353 0.4 0.43529412 0.43529412 0.4392157 0.41568628 0.41568628 0.39215687 0.37254903
0.56078434 0.54901963 0.37254903 0.29411766 0.23529412 0.27058825 0.30588236 0.32941177 0.3882353 0.40784314 0.3882353 0.3764706 0.37254903 0.3647059 0.36078432 0.34117648 0.3529412 0.3529412 0.34509805 0.3647059 0.4 0.42745098 0.40392157 0.42352942 0.43529412 0.45490196 0.45490196 0.4509804 0.44313726 0.45490196 0.4392157 0.39607844
0.6156863 0.48235294 0.3372549 0.27450982 0.28235295 0.30588236 0.32941177 0.3882353 0.41568628 0.39215687 0.36078432 0.36078432 0.3647059 0.3647059 0.36862746 0.34117648 0.3647059 0.39215687 0.37254903 0.36078432 0.4 0.4745098 0.45490196 0.43529412 0.43137255 0.45490196 0.46666667 0.46666667 0.44313726 0.41960785 0.4117647 0.42745098
0.5176471 0.4392157 0.36078432 0.34901962 0.29803923 0.29411766 0.3647059 0.38431373 0.37254903 0.36862746 0.3647059 0.34901962 0.3647059 0.3882353 0.3882353 0.3647059 0.40392157 0.42352942 0.39215687 0.3882353 0.42352942 0.4745098 0.50980395 0.44313726 0.43137255 0.4509804 0.45490196 0.44313726 0.32156864 0.27450982 0.32156864 0.45882353
0.43529412 0.42352942 0.3882353 0.33333334 0.25490198 0.27450982 0.3529412 0.35686275 0.34509805 0.34901962 0.3529412 0.34901962 0.35686275 0.39215687 0.4 0.4117647 0.39215687 0.37254903 0.38039216 0.40392157 0.4392157 0.45882353 0.5176471 0.4862745 0.43529412 0.47058824 0.45882353 0.33333334 0.3137255 0.3882353 0.42745098 0.43529412
0.42352942 0.43137255 0.40392157 0.32941177 0.2627451 0.27058825 0.33333334 0.34509805 0.3254902 0.3137255 0.29803923 0.3019608 0.3019608 0.33333334 0.37254903 0.38039216 0.32156864 0.32941177 0.3529412 0.4 0.45882353 0.4627451 0.49019608 0.5137255 0.47058824 0.4862745 0.42352942 0.34117648 0.43137255 0.43137255 0.40392157 0.4117647
0.39607844 0.42352942 0.40784314 0.32156864 0.25490198 0.27058825 0.3372549 0.3372549 0.29411766 0.25490198 0.23137255 0.25882354 0.27450982 0.3019608 0.3254902 0.30980393 0.3019608 0.32156864 0.3372549 0.41960785 0.49803922 0.47843137 0.4745098 0.5058824 0.5058824 0.49411765 0.40392157 0.41568628 0.45882353 0.3529412 0.39215687 0.49019608
0.38431373 0.42745098 0.40392157 0.2901961 0.25490198 0.28627452 0.32156864 0.29411766 0.25882354 0.23529412 0.21568628 0.23137255 0.2784314 0.35686275 0.40392157 0.3529412 0.32156864 0.2784314 0.31764707 0.42745098 0.49019608 0.47843137 0.47058824 0.48235294 0.50980395 0.49803922 0.39215687 0.4392157 0.45490196 0.3647059 0.4627451 0.5372549
0.39607844 0.44313726 0.37254903 0.27058825 0.2627451 0.3254902 0.32941177 0.27450982 0.22745098 0.21960784 0.21176471 0.20392157 0.23137255 0.30588236 0.4 0.3764706 0.2784314 0.2509804 0.2784314 0.3764706 0.46666667 0.47058824 0.46666667 0.45490196 0.47843137 0.49019608 0.3764706 0.45490196 0.4392157 0.40392157 0.4627451 0.5058824
0.42352942 0.42745098 0.30588236 0.25490198 0.30588236 0.37254903 0.4392157 0.40784314 0.3254902 0.25490198 0.2 0.1764706 0.19215687 0.20392157 0.24313726 0.30588236 0.2627451 0.23529412 0.21176471 0.29411766 0.43529412 0.47058824 0.46666667 0.41960785 0.42352942 0.49411765 0.3647059 0.44313726 0.42352942 0.4392157 0.47843137 0.47058824
0.47058824 0.38039216 0.27058825 0.28235295 0.3764706 0.31764707 0.37254903 0.4509804 0.41960785 0.3764706 0.32941177 0.29803923 0.3137255 0.27058825 0.2 0.28235295 0.3019608 0.23921569 0.19215687 0.23529412 0.34117648 0.4392157 0.47843137 0.41960785 0.37254903 0.44705883 0.34509805 0.42352942 0.44313726 0.4627451 0.49411765 0.49411765
0.4862745 0.32156864 0.27058825 0.37254903 0.42745098 0.29411766 0.24313726 0.3882353 0.42745098 0.41960785 0.41568628 0.40784314 0.4 0.34901962 0.24313726 0.22745098 0.2627451 0.26666668 0.20392157 0.24313726 0.33333334 0.40392157 0.45490196 0.4392157 0.3529412 0.36078432 0.32941177 0.41960785 0.45882353 0.44313726 0.47058824 0.5019608
0.4509804 0.29411766 0.3372549 0.42745098 0.4392157 0.30588236 0.21960784 0.38431373 0.4392157 0.43137255 0.40784314 0.4117647 0.41568628 0.40392157 0.2901961 0.20392157 0.25490198 0.24705882 0.23137255 0.2901961 0.4392157 0.44705883 0.41568628 0.41568628 0.3764706 0.3372549 0.3019608 0.39215687 0.44313726 0.42745098 0.45490196 0.49803922
0.39607844 0.28627452 0.34117648 0.36862746 0.3647059 0.25490198 0.24705882 0.42352942 0.40784314 0.4 0.41568628 0.39215687 0.39215687 0.4509804 0.3019608 0.21176471 0.27450982 0.21960784 0.2901961 0.38039216 0.4627451 0.5019608 0.42352942 0.41568628 0.39215687 0.36862746 0.3254902 0.36078432 0.45490196 0.4509804 0.45882353 0.50980395
0.3529412 0.33333334 0.33333334 0.35686275 0.3882353 0.24313726 0.28235295 0.43137255 0.4392157 0.4392157 0.4509804 0.34509805 0.31764707 0.3882353 0.29803923 0.24705882 0.29803923 0.22745098 0.30980393 0.41568628 0.4627451 0.5019608 0.43137255 0.36862746 0.33333334 0.34901962 0.3019608 0.3529412 0.47843137 0.4627451 0.45882353 0.50980395
0.41960785 0.42745098 0.35686275 0.36078432 0.4392157 0.28235295 0.31764707 0.44313726 0.4392157 0.45490196 0.45882353 0.3529412 0.3764706 0.41568628 0.28235295 0.27450982 0.3372549 0.26666668 0.32941177 0.40784314 0.4392157 0.4509804 0.41960785 0.34117648 0.2901961 0.2784314 0.23921569 0.36862746 0.43137255 0.4509804 0.45882353 0.45490196
0.4862745 0.37254903 0.23921569 0.26666668 0.34509805 0.25882354 0.36862746 0.47058824 0.4509804 0.4509804 0.4117647 0.34117648 0.37254903 0.4 0.27058825 0.30588236 0.40784314 0.29803923 0.3529412 0.41568628 0.40392157 0.41960785 0.39607844 0.39215687 0.38039216 0.3254902 0.2627451 0.28235295 0.37254903 0.40784314 0.41960785 0.4117647
0.46666667 0.30980393 0.23529412 0.26666668 0.31764707 0.25490198 0.36862746 0.48235294 0.45882353 0.40784314 0.35686275 0.3529412 0.3882353 0.4117647 0.29411766 0.36862746 0.4392157 0.33333334 0.31764707 0.36862746 0.39607844 0.41568628 0.37254903 0.39607844 0.44313726 0.34509805 0.24705882 0.23529412 0.34509805 0.38431373 0.35686275 0.42745098
0.47843137 0.38039216 0.35686275 0.36862746 0.43137255 0.3137255 0.32941177 0.44313726 0.43137255 0.38431373 0.39607844 0.43529412 0.44705883 0.4 0.28627452 0.35686275 0.35686275 0.32941177 0.3137255 0.32941177 0.38431373 0.4117647 0.37254903 0.4117647 0.40784314 0.29803923 0.20784314 0.23921569 0.36862746 0.31764707 0.35686275 0.4117647
0.54509807 0.46666667 0.4509804 0.4392157 0.46666667 0.39215687 0.36078432 0.44705883 0.45882353 0.45490196 0.45882353 0.43137255 0.40392157 0.36078432 0.2784314 0.31764707 0.32941177 0.3372549 0.29411766 0.35686275 0.3647059 0.35686275 0.34117648 0.3647059 0.3529412 0.32156864 0.27058825 0.23529412 0.33333334 0.27058825 0.2509804 0.3647059
0.5254902 0.4509804 0.4627451 0.4509804 0.45490196 0.4392157 0.3882353 0.43137255 0.45882353 0.46666667 0.44705883 0.37254903 0.3647059 0.33333334 0.29411766 0.34509805 0.38039216 0.3764706 0.3137255 0.34509805 0.35686275 0.34509805 0.34901962 0.34901962 0.34901962 0.3254902 0.3019608 0.24705882 0.31764707 0.31764707 0.23921569 0.2901961
0.56078434 0.47058824 0.4509804 0.4509804 0.44313726 0.44313726 0.39215687 0.41960785 0.44705883 0.44313726 0.43529412 0.34509805 0.33333334 0.29803923 0.33333334 0.38039216 0.40392157 0.3882353 0.34509805 0.3529412 0.3254902 0.32156864 0.33333334 0.3372549 0.32941177 0.2784314 0.3019608 0.2509804 0.30588236 0.37254903 0.28627452 0.27450982
0.57254905 0.5019608 0.45490196 0.39215687 0.43529412 0.3647059 0.3529412 0.34117648 0.45882353 0.52156866 0.4392157 0.39607844 0.37254903 0.3019608 0.33333334 0.41960785 0.41568628 0.39215687 0.34901962 0.38431373 0.3529412 0.3372549 0.33333334 0.34901962 0.3882353 0.32156864 0.3019608 0.23529412 0.2627451 0.37254903 0.31764707 0.32941177
0.5176471 0.45490196 0.40784314 0.32941177 0.3529412 0.3529412 0.3647059 0.35686275 0.36862746 0.4509804 0.4862745 0.41960785 0.40784314 0.3372549 0.3529412 0.42745098 0.43137255 0.40784314 0.37254903 0.3647059 0.36078432 0.36862746 0.35686275 0.38039216 0.41960785 0.39215687 0.27450982 0.2 0.27058825 0.39607844 0.38431373 0.34509805
0.49803922 0.4117647 0.36078432 0.37254903 0.39607844 0.43137255 0.41960785 0.47058824 0.41568628 0.39215687 0.49803922 0.4862745 0.4392157 0.40392157 0.44705883 0.45882353 0.4745098 0.45882353 0.43529412 0.40784314 0.3764706 0.4 0.40784314 0.41960785 0.48235294 0.47058824 0.37254903 0.32941177 0.39607844 0.46666667 0.45490196 0.34901962
0.26666668 0.23137255 0.21568628 0.23529412 0.2509804 0.23921569 0.19607843 0.21568628 0.2509804 0.20392157 0.17254902 0.21568628 0.2627451 0.2509804 0.21568628 0.23529412 0.24313726 0.24313726 0.2509804 0.25490198 0.28627452 0.2627451 0.30980393 0.41568628 0.654902 0.6784314 0.42352942 0.4392157 0.3137255 0.34509805 0.27450982 0.1882353
0.25882354 0.20392157 0.20784314 0.23137255 0.23921569 0.23921569 0.20392157 0.18431373 0.21960784 0.19607843 0.19607843 0.23137255 0.27450982 0.26666668 0.22352941 0.23921569 0.24705882 0.2509804 0.24705882 0.22352941 0.25882354 0.2784314 0.29411766 0.35686275 0.44705883 0.44313726 0.36078432 0.3882353 0.27450982 0.2784314 0.2627451 0.20392157
0.24313726 0.2 0.21176471 0.22745098 0.24313726 0.23921569 0.20784314 0.21960784 0.24313726 0.2 0.21960784 0.24313726 0.27058825 0.2784314 0.22745098 0.21960784 0.22352941 0.23921569 0.24313726 0.22745098 0.25882354 0.2784314 0.25490198 0.23529412 0.3019608 0.30980393 0.29411766 0.2901961 0.25490198 0.25882354 0.23529412 0.21568628
0.24313726 0.23137255 0.25490198 0.25490198 0.23137255 0.21568628 0.18039216 0.22352941 0.23921569 0.19607843 0.19215687 0.22352941 0.25490198 0.26666668 0.23921569 0.22352941 0.21568628 0.22352941 0.24313726 0.26666668 0.2509804 0.25490198 0.2901961 0.25882354 0.31764707 0.34901962 0.29803923 0.26666668 0.23529412 0.24313726 0.23529412 0.22352941
0.27450982 0.25882354 0.2509804 0.22352941 0.21960784 0.23137255 0.20784314 0.21568628 0.23529412 0.21568628 0.20392157 0.23921569 0.2784314 0.27058825 0.23137255 0.22352941 0.23921569 0.2509804 0.2627451 0.2509804 0.22352941 0.21960784 0.26666668 0.25882354 0.25882354 0.28627452 0.2901961 0.29411766 0.23921569 0.25490198 0.23137255 0.22352941
0.27450982 0.20784314 0.21568628 0.22745098 0.25490198 0.2784314 0.2627451 0.2901961 0.29803923 0.26666668 0.26666668 0.27450982 0.28627452 0.28235295 0.26666668 0.25882354 0.2901961 0.32941177 0.3372549 0.29803923 0.22352941 0.20784314 0.23529412 0.26666668 0.27450982 0.28235295 0.27450982 0.3019608 0.27450982 0.26666668 0.2509804 0.22352941
0.23137255 0.21568628 0.26666668 0.2784314 0.26666668 0.23529412 0.20392157 0.2784314 0.2784314 0.25490198 0.2627451 0.27450982 0.2784314 0.26666668 0.2509804 0.25490198 0.27058825 0.27450982 0.30588236 0.34117648 0.28235295 0.21176471 0.22745098 0.25490198 0.25490198 0.27058825 0.24705882 0.28235295 0.28627452 0.24705882 0.24313726 0.20784314
0.30980393 0.43529412 0.31764707 0.25490198 0.20392157 0.18039216 0.1764706 0.19215687 0.22745098 0.24705882 0.25882354 0.25882354 0.25490198 0.23921569 0.22352941 0.22745098 0.23529412 0.21568628 0.24313726 0.2901961 0.30588236 0.2509804 0.22352941 0.23137255 0.23529412 0.25882354 0.2509804 0.27450982 0.25882354 0.25882354 0.23529412 0.21568628
0.43529412 0.40784314 0.23529412 0.1882353 0.16862746 0.19607843 0.20784314 0.21568628 0.26666668 0.28235295 0.2627451 0.2509804 0.24705882 0.24313726 0.24313726 0.22352941 0.23137255 0.23921569 0.24705882 0.25882354 0.28235295 0.29411766 0.25490198 0.25882354 0.2627451 0.26666668 0.2627451 0.28235295 0.28627452 0.29803923 0.28235295 0.23921569
0.48235294 0.34117648 0.21176471 0.18039216 0.22745098 0.23529412 0.23137255 0.26666668 0.2901961 0.27450982 0.24313726 0.24313726 0.24705882 0.23529412 0.23529412 0.21176471 0.23529412 0.27058825 0.27450982 0.24705882 0.25490198 0.31764707 0.29411766 0.2627451 0.24705882 0.25882354 0.2627451 0.29411766 0.2901961 0.2627451 0.25882354 0.27058825
0.37254903 0.29803923 0.24313726 0.25882354 0.22745098 0.21176471 0.25882354 0.25882354 0.2509804 0.25882354 0.2509804 0.23921569 0.24705882 0.24705882 0.23921569 0.21176471 0.2509804 0.2784314 0.27058825 0.24313726 0.24313726 0.2784314 0.32156864 0.25882354 0.23921569 0.24705882 0.24313726 0.26666668 0.16470589 0.11764706 0.16470589 0.29803923
0.29411766 0.28235295 0.27058825 0.23921569 0.16862746 0.17254902 0.23921569 0.22745098 0.21960784 0.23529412 0.23921569 0.23921569 0.24313726 0.25490198 0.2509804 0.25882354 0.23529412 0.22352941 0.25490198 0.24705882 0.2509804 0.2509804 0.31764707 0.29411766 0.23137255 0.2627451 0.25490198 0.15686275 0.15686275 0.23529412 0.27058825 0.27058825
0.29411766 0.2901961 0.26666668 0.21568628 0.16862746 0.16862746 0.21176471 0.21568628 0.19607843 0.19607843 0.1882353 0.19607843 0.19607843 0.21960784 0.24705882 0.25490198 0.1882353 0.20392157 0.24705882 0.25882354 0.2784314 0.27450982 0.29803923 0.3019608 0.24313726 0.2784314 0.24705882 0.16862746 0.26666668 0.28627452 0.2509804 0.23529412
0.27058825 0.2784314 0.26666668 0.20784314 0.17254902 0.18039216 0.23529412 0.21960784 0.18039216 0.14509805 0.12941177 0.16078432 0.1764706 0.1764706 0.1882353 0.19215687 0.19607843 0.22352941 0.22352941 0.27058825 0.30980393 0.28235295 0.2784314 0.29803923 0.2784314 0.2901961 0.23921569 0.24313726 0.2901961 0.20392157 0.23137255 0.3019608
0.2509804 0.28627452 0.27450982 0.1882353 0.17254902 0.2 0.22745098 0.19215687 0.15686275 0.13725491 0.12156863 0.13725491 0.18039216 0.21176471 0.2509804 0.23921569 0.23921569 0.20392157 0.2 0.2627451 0.2901961 0.26666668 0.27058825 0.28235295 0.29803923 0.3019608 0.23529412 0.2627451 0.2784314 0.21176471 0.29803923 0.3372549
0.25490198 0.3019608 0.2509804 0.17254902 0.16862746 0.22745098 0.22352941 0.16078432 0.11764706 0.12156863 0.11372549 0.101960786 0.1254902 0.16470589 0.25882354 0.26666668 0.2 0.18039216 0.16470589 0.21960784 0.27058825 0.26666668 0.27450982 0.2627451 0.2784314 0.3019608 0.22745098 0.27450982 0.25490198 0.24313726 0.2901961 0.29411766
0.27450982 0.28235295 0.19215687 0.15294118 0.18039216 0.23921569 0.3019608 0.26666668 0.2 0.14117648 0.08235294 0.05490196 0.06666667 0.078431375 0.1254902 0.2 0.1764706 0.15294118 0.11764706 0.16078432 0.26666668 0.2901961 0.29411766 0.23921569 0.22745098 0.3137255 0.22352941 0.2627451 0.22745098 0.27058825 0.29411766 0.2509804
0.32156864 0.24313726 0.16078432 0.17254902 0.21568628 0.15686275 0.21568628 0.28627452 0.27058825 0.24313726 0.19215687 0.15294118 0.17254902 0.16470589 0.10980392 0.1882353 0.2 0.13725491 0.11764706 0.1254902 0.19607843 0.28235295 0.32156864 0.24313726 0.18431373 0.28235295 0.21176471 0.23921569 0.24705882 0.2901961 0.30588236 0.27058825
0.3529412 0.21176471 0.15294118 0.21960784 0.24705882 0.14901961 0.11764706 0.23921569 0.25882354 0.25882354 0.2627451 0.24705882 0.23921569 0.23921569 0.16078432 0.13333334 0.15686275 0.16862746 0.13333334 0.13333334 0.18431373 0.24705882 0.29803923 0.27450982 0.19607843 0.22745098 0.21176471 0.24705882 0.2784314 0.29411766 0.29803923 0.28235295
0.3254902 0.19607843 0.21568628 0.2627451 0.25490198 0.17254902 0.10980392 0.23529412 0.25882354 0.25490198 0.24313726 0.24313726 0.24705882 0.27450982 0.18431373 0.105882354 0.16470589 0.16470589 0.14509805 0.16470589 0.27058825 0.28235295 0.25882354 0.25882354 0.23529412 0.21960784 0.19607843 0.22745098 0.26666668 0.27058825 0.27058825 0.26666668
0.27450982 0.18039216 0.22352941 0.21960784 0.19215687 0.12941177 0.13333334 0.27058825 0.21568628 0.21176471 0.23921569 0.21960784 0.21960784 0.29411766 0.16470589 0.101960786 0.19215687 0.14901961 0.19215687 0.23137255 0.28235295 0.3254902 0.2627451 0.26666668 0.25882354 0.25490198 0.21960784 0.20392157 0.27058825 0.26666668 0.24705882 0.26666668
0.23529412 0.21176471 0.21960784 0.22745098 0.23137255 0.12156863 0.16470589 0.2627451 0.23529412 0.23921569 0.27058825 0.1764706 0.14901961 0.21568628 0.14509805 0.13333334 0.21176471 0.15686275 0.19215687 0.2509804 0.27450982 0.3254902 0.27450982 0.21960784 0.20392157 0.23921569 0.20784314 0.21568628 0.29803923 0.2627451 0.23921569 0.2784314
0.3019608 0.29803923 0.24313726 0.2509804 0.29803923 0.17254902 0.2 0.2627451 0.22352941 0.2509804 0.28235295 0.19607843 0.21960784 0.25882354 0.13333334 0.14901961 0.23137255 0.17254902 0.20784314 0.24313726 0.2627451 0.2901961 0.27450982 0.2 0.16862746 0.1764706 0.14901961 0.2509804 0.26666668 0.25490198 0.2627451 0.25882354
0.36862746 0.23529412 0.12941177 0.16862746 0.21176471 0.14901961 0.24313726 0.2784314 0.22745098 0.24705882 0.23921569 0.19215687 0.23137255 0.26666668 0.14117648 0.1764706 0.27450982 0.16862746 0.23137255 0.26666668 0.23921569 0.27450982 0.2627451 0.25490198 0.2627451 0.22745098 0.18039216 0.1882353 0.23529412 0.23137255 0.2509804 0.25490198
0.34117648 0.16470589 0.11764706 0.16470589 0.18039216 0.13333334 0.23529412 0.2901961 0.2627451 0.23529412 0.19215687 0.19215687 0.22352941 0.2509804 0.15294118 0.24705882 0.29803923 0.18039216 0.2 0.23921569 0.2509804 0.28235295 0.24313726 0.26666668 0.32941177 0.24705882 0.16078432 0.13725491 0.21960784 0.23137255 0.19607843 0.2509804
0.32941177 0.21960784 0.22352941 0.24705882 0.2784314 0.17254902 0.18039216 0.25490198 0.24705882 0.23137255 0.23137255 0.25882354 0.2627451 0.21568628 0.14117648 0.24313726 0.22352941 0.1764706 0.19607843 0.21568628 0.25882354 0.27450982 0.23529412 0.2901961 0.29411766 0.19607843 0.11764706 0.12941177 0.2509804 0.19215687 0.20392157 0.22352941
0.37254903 0.2784314 0.28627452 0.2901961 0.28627452 0.22745098 0.2 0.2509804 0.2509804 0.25882354 0.2784314 0.2784314 0.2627451 0.21960784 0.16078432 0.21568628 0.20784314 0.20392157 0.18431373 0.23921569 0.24313726 0.21960784 0.20392157 0.23921569 0.23921569 0.22352941 0.18431373 0.12941177 0.21568628 0.15294118 0.13725491 0.24313726
0.32941177 0.23921569 0.2784314 0.2784314 0.2509804 0.2627451 0.21960784 0.23921569 0.23921569 0.24313726 0.2627451 0.23137255 0.2509804 0.23137255 0.19215687 0.23529412 0.25490198 0.24705882 0.2 0.23137255 0.23137255 0.20784314 0.21176471 0.22745098 0.23529412 0.22745098 0.21568628 0.14901961 0.19607843 0.19215687 0.14117648 0.21568628
0.34901962 0.2509804 0.25490198 0.2627451 0.23137255 0.26666668 0.23529412 0.24705882 0.23529412 0.21960784 0.2509804 0.20392157 0.22745098 0.21176471 0.22352941 0.23921569 0.2509804 0.24705882 0.23137255 0.23921569 0.2 0.18431373 0.19607843 0.21568628 0.21176471 0.1764706 0.21176471 0.16470589 0.1882353 0.22745098 0.17254902 0.19607843
0.3647059 0.28235295 0.25882354 0.20784314 0.22745098 0.19607843 0.21176471 0.19607843 0.27058825 0.3137255 0.25882354 0.24705882 0.2509804 0.20784314 0.20784314 0.23921569 0.22352941 0.22745098 0.23529412 0.27058825 0.22745098 0.19607843 0.2 0.22745098 0.2784314 0.21960784 0.21960784 0.16862746 0.14509805 0.19215687 0.15686275 0.20784314
0.33333334 0.26666668 0.22745098 0.14509805 0.14901961 0.18431373 0.21960784 0.2 0.1882353 0.27058825 0.30980393 0.22745098 0.24313726 0.20392157 0.1882353 0.21568628 0.20392157 0.21568628 0.23529412 0.23137255 0.23529412 0.22352941 0.19215687 0.21960784 0.26666668 0.2509804 0.15294118 0.101960786 0.12941177 0.19215687 0.1882353 0.18039216
0.34901962 0.27450982 0.20392157 0.18431373 0.19607843 0.2509804 0.24313726 0.2627451 0.21176471 0.22745098 0.30980393 0.21960784 0.20392157 0.21176471 0.24705882 0.23137255 0.22745098 0.22745098 0.25490198 0.21960784 0.23529412 0.23921569 0.18431373 0.19607843 0.25882354 0.2627451 0.18431373 0.15686275 0.2 0.24705882 0.24313726 0.15686275
10 29 2
30 28 2
30 29 2
10 28 2
29 30 2
30 2 2
30 30 2
30 4 2
27 30 2
30 27 2
26 30 2
30 28 1
30 3 2
1 4 2
26 30 1
27 2 2
23 3 2
1 7 2
30 11 2
30 9 0
21 24 2
20 5 2
31 2 2
1 3 2
31 10 0
30 31 2
30 5 2
14 3 2
14 17 2
1 20 2
