32, 32, 3, 30
0.24705882 0.25882354 0.2627451 0.41568628 0.54901963 0.6117647 0.60784316 0.60784316 0.5686275 0.5686275 0.61960787 0.6509804 0.61960787 0.59607846 0.46666667 0.54509807 0.6313726 0.627451 0.62352943 0.59607846 0.6 0.5882353 0.5803922 0.6313726 0.6156863 0.5803922 0.5411765 0.54509807 0.5921569 0.6431373 0.654902 0.63529414
0.34901962 0.32156864 0.3019608 0.3764706 0.53333336 0.54509807 0.6117647 0.654902 0.63529414 0.6313726 0.6313726 0.6392157 0.6313726 0.6117647 0.5372549 0.6 0.60784316 0.6 0.6039216 0.6 0.5764706 0.5647059 0.6509804 0.6509804 0.63529414 0.54509807 0.5647059 0.5686275 0.58431375 0.67058825 0.6784314 0.6627451
0.42745098 0.3647059 0.37254903 0.39607844 0.4862745 0.5058824 0.54901963 0.6431373 0.6117647 0.6 0.6392157 0.6039216 0.5254902 0.5294118 0.54509807 0.58431375 0.5686275 0.5568628 0.58431375 0.6039216 0.5921569 0.5764706 0.62352943 0.6392157 0.63529414 0.57254905 0.5372549 0.5411765 0.5921569 0.68235296 0.64705884 0.5647059
0.45882353 0.4117647 0.41960785 0.3882353 0.4627451 0.5372549 0.50980395 0.6 0.5647059 0.56078434 0.61960787 0.56078434 0.4392157 0.5137255 0.53333336 0.56078434 0.6117647 0.5568628 0.5764706 0.6 0.61960787 0.6392157 0.61960787 0.627451 0.627451 0.6117647 0.48235294 0.5529412 0.5686275 0.61960787 0.65882355 0.59607846
0.47058824 0.5019608 0.4627451 0.44705883 0.5176471 0.5137255 0.49803922 0.5294118 0.56078434 0.5568628 0.59607846 0.54901963 0.47843137 0.5764706 0.57254905 0.61960787 0.654902 0.5294118 0.5137255 0.5803922 0.63529414 0.64705884 0.6392157 0.61960787 0.60784316 0.5411765 0.4627451 0.56078434 0.5647059 0.5803922 0.60784316 0.60784316
0.49411765 0.5647059 0.49019608 0.5647059 0.5803922 0.44705883 0.5568628 0.6509804 0.6901961 0.5803922 0.5921569 0.6509804 0.5921569 0.58431375 0.5803922 0.6509804 0.5568628 0.39215687 0.5137255 0.5764706 0.6039216 0.6 0.63529414 0.58431375 0.5254902 0.49019608 0.49803922 0.5254902 0.54901963 0.57254905 0.53333336 0.5803922
0.4862745 0.56078434 0.5568628 0.6431373 0.61960787 0.4745098 0.62352943 0.5921569 0.63529414 0.58431375 0.5882353 0.6745098 0.6039216 0.5568628 0.5686275 0.64705884 0.48235294 0.28235295 0.41568628 0.50980395 0.5372549 0.5529412 0.6 0.5254902 0.47843137 0.49019608 0.42745098 0.47843137 0.5411765 0.5411765 0.49019608 0.57254905
0.45882353 0.49803922 0.56078434 0.61960787 0.6039216 0.52156866 0.6862745 0.78039217 0.62352943 0.6039216 0.5019608 0.58431375 0.5921569 0.68235296 0.5921569 0.6431373 0.6 0.3882353 0.3137255 0.45490196 0.5568628 0.6 0.5764706 0.61960787 0.5921569 0.5411765 0.40784314 0.44705883 0.5647059 0.5529412 0.47843137 0.5411765
0.41568628 0.45490196 0.5411765 0.5176471 0.44313726 0.46666667 0.63529414 0.77254903 0.74509805 0.627451 0.46666667 0.5372549 0.69411767 0.76862746 0.65882355 0.4627451 0.48235294 0.49411765 0.34901962 0.46666667 0.5686275 0.56078434 0.59607846 0.62352943 0.6156863 0.56078434 0.45490196 0.44705883 0.5803922 0.5882353 0.54509807 0.54901963
0.4117647 0.45490196 0.53333336 0.46666667 0.41960785 0.49803922 0.54509807 0.5882353 0.6 0.63529414 0.5294118 0.5764706 0.7176471 0.69411767 0.627451 0.6 0.56078434 0.49803922 0.36078432 0.39215687 0.50980395 0.5176471 0.5764706 0.5254902 0.5568628 0.5764706 0.5294118 0.49019608 0.5411765 0.53333336 0.5058824 0.49803922
0.38039216 0.4117647 0.5254902 0.49411765 0.49803922 0.5254902 0.4392157 0.5058824 0.5411765 0.5803922 0.65882355 0.70980394 0.7058824 0.6156863 0.49019608 0.5176471 0.5372549 0.43137255 0.3529412 0.41960785 0.4862745 0.5176471 0.54901963 0.5294118 0.47843137 0.4745098 0.50980395 0.49019608 0.5176471 0.5137255 0.5019608 0.5058824
0.35686275 0.4 0.48235294 0.41960785 0.42352942 0.4862745 0.43529412 0.44705883 0.54901963 0.62352943 0.70980394 0.69803923 0.61960787 0.50980395 0.39215687 0.35686275 0.38039216 0.3372549 0.3882353 0.5372549 0.54509807 0.5254902 0.52156866 0.45490196 0.3882353 0.46666667 0.49803922 0.49019608 0.5137255 0.52156866 0.49803922 0.5019608
0.3764706 0.34509805 0.40392157 0.39607844 0.3647059 0.43137255 0.45882353 0.44705883 0.5411765 0.65882355 0.6901961 0.6117647 0.53333336 0.4392157 0.42745098 0.36078432 0.42745098 0.45490196 0.43529412 0.52156866 0.54509807 0.47843137 0.47843137 0.49019608 0.41960785 0.42352942 0.4392157 0.42352942 0.44313726 0.45882353 0.4627451 0.50980395
0.3647059 0.3372549 0.38039216 0.42352942 0.4 0.39607844 0.45490196 0.4745098 0.57254905 0.65882355 0.62352943 0.5568628 0.48235294 0.38039216 0.4509804 0.40784314 0.41568628 0.41960785 0.35686275 0.4392157 0.52156866 0.49411765 0.4745098 0.53333336 0.4862745 0.45882353 0.47058824 0.44705883 0.4117647 0.45882353 0.4627451 0.5137255
0.3882353 0.34901962 0.38431373 0.43137255 0.3529412 0.3882353 0.44313726 0.44705883 0.54509807 0.63529414 0.5764706 0.50980395 0.45882353 0.38039216 0.4745098 0.4862745 0.43137255 0.37254903 0.38039216 0.44705883 0.47843137 0.49411765 0.45490196 0.4745098 0.4509804 0.40392157 0.50980395 0.5058824 0.4745098 0.5803922 0.54509807 0.60784316
0.39607844 0.34901962 0.29411766 0.39607844 0.3254902 0.31764707 0.43529412 0.41960785 0.4862745 0.5803922 0.53333336 0.5058824 0.5058824 0.3764706 0.39607844 0.4392157 0.36862746 0.34509805 0.43137255 0.49019608 0.5372549 0.4745098 0.40392157 0.4745098 0.49411765 0.41960785 0.47843137 0.5058824 0.54509807 0.6509804 0.54901963 0.41960785
0.3254902 0.32941177 0.2509804 0.28235295 0.3019608 0.2509804 0.3372549 0.3882353 0.49019608 0.5294118 0.47058824 0.43529412 0.39215687 0.30588236 0.34117648 0.35686275 0.3019608 0.36078432 0.49411765 0.54509807 0.46666667 0.4509804 0.4117647 0.52156866 0.5882353 0.5176471 0.5529412 0.56078434 0.5803922 0.62352943 0.4745098 0.37254903
0.28235295 0.28627452 0.23921569 0.21568628 0.29803923 0.29411766 0.28235295 0.3647059 0.4862745 0.46666667 0.45490196 0.46666667 0.43529412 0.41568628 0.38431373 0.38431373 0.42352942 0.50980395 0.6117647 0.63529414 0.47843137 0.44705883 0.5137255 0.6431373 0.56078434 0.58431375 0.6156863 0.5568628 0.5411765 0.4509804 0.34509805 0.40784314
0.3137255 0.29411766 0.22745098 0.2901961 0.30980393 0.28235295 0.2627451 0.34509805 0.38039216 0.36862746 0.38431373 0.41568628 0.48235294 0.44705883 0.36862746 0.4627451 0.5372549 0.61960787 0.59607846 0.57254905 0.5803922 0.56078434 0.6039216 0.62352943 0.5254902 0.58431375 0.5686275 0.5921569 0.6313726 0.5372549 0.36862746 0.25490198
0.29411766 0.35686275 0.3019608 0.29803923 0.31764707 0.35686275 0.27058825 0.30588236 0.28235295 0.3529412 0.39607844 0.3137255 0.42745098 0.45490196 0.38431373 0.5137255 0.52156866 0.57254905 0.5647059 0.5568628 0.67058825 0.6627451 0.60784316 0.57254905 0.47843137 0.6 0.52156866 0.59607846 0.6 0.42745098 0.43137255 0.25490198
0.21960784 0.36078432 0.32156864 0.19607843 0.29411766 0.3647059 0.27450982 0.27058825 0.2784314 0.43529412 0.5176471 0.43529412 0.48235294 0.49411765 0.4392157 0.5803922 0.5647059 0.5686275 0.61960787 0.5686275 0.6784314 0.69411767 0.5803922 0.5803922 0.49803922 0.5764706 0.50980395 0.5254902 0.47843137 0.42745098 0.34509805 0.39607844
0.17254902 0.30980393 0.32941177 0.13725491 0.24705882 0.28627452 0.26666668 0.29411766 0.32941177 0.5137255 0.5372549 0.5254902 0.5294118 0.47843137 0.4745098 0.627451 0.6 0.5529412 0.64705884 0.5921569 0.6509804 0.63529414 0.5568628 0.62352943 0.48235294 0.42745098 0.4117647 0.3764706 0.3254902 0.47843137 0.41960785 0.40392157
0.28235295 0.24705882 0.34901962 0.21960784 0.24313726 0.27450982 0.28235295 0.34901962 0.3529412 0.47843137 0.44705883 0.41568628 0.43529412 0.46666667 0.5411765 0.57254905 0.52156866 0.53333336 0.5882353 0.61960787 0.6117647 0.5803922 0.49803922 0.5294118 0.45882353 0.30588236 0.27450982 0.30588236 0.27058825 0.40784314 0.46666667 0.2509804
0.32156864 0.18431373 0.28627452 0.38039216 0.3372549 0.34117648 0.3137255 0.40784314 0.38431373 0.39607844 0.4117647 0.43529412 0.3647059 0.3647059 0.4862745 0.53333336 0.52156866 0.50980395 0.5529412 0.61960787 0.57254905 0.5137255 0.4862745 0.4745098 0.5019608 0.34901962 0.2627451 0.43137255 0.29803923 0.32156864 0.35686275 0.20784314
0.21568628 0.26666668 0.25882354 0.39607844 0.4745098 0.3647059 0.31764707 0.42745098 0.3764706 0.3372549 0.3764706 0.3882353 0.38039216 0.3882353 0.49411765 0.50980395 0.5019608 0.50980395 0.54901963 0.6117647 0.58431375 0.5764706 0.5803922 0.49411765 0.5411765 0.4862745 0.43137255 0.49411765 0.40392157 0.41568628 0.34509805 0.2627451
0.23921569 0.25882354 0.27058825 0.38039216 0.4509804 0.40784314 0.34901962 0.4 0.39215687 0.47058824 0.34901962 0.2627451 0.37254903 0.48235294 0.57254905 0.5764706 0.5058824 0.4392157 0.5176471 0.58431375 0.58431375 0.6666667 0.63529414 0.5411765 0.4392157 0.46666667 0.5411765 0.56078434 0.5137255 0.44705883 0.28627452 0.23921569
0.1882353 0.1882353 0.2784314 0.39607844 0.41568628 0.38039216 0.43529412 0.45490196 0.3647059 0.40784314 0.3647059 0.29411766 0.39215687 0.5019608 0.54509807 0.59607846 0.6 0.5254902 0.5647059 0.5372549 0.52156866 0.6 0.57254905 0.56078434 0.5411765 0.5294118 0.5176471 0.52156866 0.60784316 0.49411765 0.34901962 0.35686275
0.21568628 0.2901961 0.28627452 0.4117647 0.47058824 0.3764706 0.43137255 0.49019608 0.39607844 0.38431373 0.41960785 0.31764707 0.40392157 0.47843137 0.5019608 0.5803922 0.6392157 0.6509804 0.6431373 0.59607846 0.5019608 0.5411765 0.53333336 0.52156866 0.5411765 0.5529412 0.4627451 0.41568628 0.4862745 0.41568628 0.47058824 0.49803922
0.26666668 0.32156864 0.4117647 0.54901963 0.52156866 0.40392157 0.41960785 0.5137255 0.4117647 0.35686275 0.38039216 0.32941177 0.41568628 0.41960785 0.44313726 0.50980395 0.5568628 0.6392157 0.6627451 0.6313726 0.6 0.5372549 0.47843137 0.4627451 0.43137255 0.42352942 0.46666667 0.43137255 0.40392157 0.42745098 0.47843137 0.4745098
0.28235295 0.3019608 0.40392157 0.52156866 0.52156866 0.4509804 0.46666667 0.52156866 0.44705883 0.38039216 0.35686275 0.32941177 0.3882353 0.4 0.40392157 0.43529412 0.40784314 0.5058824 0.54509807 0.4862745 0.60784316 0.5294118 0.38431373 0.39215687 0.34901962 0.3764706 0.41568628 0.4117647 0.37254903 0.4 0.36862746 0.43137255
0.32156864 0.3372549 0.36862746 0.47058824 0.5176471 0.47843137 0.5058824 0.5058824 0.45490196 0.45490196 0.42352942 0.34901962 0.38431373 0.40784314 0.39215687 0.40784314 0.36078432 0.38431373 0.4509804 0.4117647 0.5176471 0.5372549 0.3882353 0.3372549 0.2627451 0.29803923 0.2901961 0.30980393 0.3372549 0.35686275 0.32156864 0.32941177
0.34509805 0.3647059 0.39215687 0.4392157 0.44313726 0.44705883 0.4745098 0.41960785 0.36078432 0.42352942 0.4 0.34901962 0.3647059 0.32156864 0.3372549 0.34901962 0.31764707 0.3019608 0.38039216 0.38431373 0.44313726 0.5058824 0.5019608 0.2627451 0.15294118 0.27450982 0.25490198 0.22745098 0.25490198 0.32156864 0.25490198 0.23529412
0.28627452 0.27058825 0.2784314 0.47843137 0.6509804 0.7372549 0.75686276 0.7294118 0.69411767 0.7176471 0.75686276 0.79607844 0.77254903 0.7058824 0.53333336 0.64705884 0.7921569 0.7921569 0.78431374 0.7647059 0.7764706 0.7490196 0.7254902 0.7607843 0.7529412 0.70980394 0.69411767 0.7019608 0.69803923 0.7019608 0.654902 0.69411767
0.40784314 0.3529412 0.33333334 0.4392157 0.6156863 0.63529414 0.7529412 0.7372549 0.6666667 0.78431374 0.78431374 0.7921569 0.7921569 0.7137255 0.6117647 0.72156864 0.76862746 0.74509805 0.7764706 0.76862746 0.75686276 0.7411765 0.7607843 0.7372549 0.75686276 0.64705884 0.69803923 0.70980394 0.6862745 0.7294118 0.65882355 0.67058825
0.4862745 0.39607844 0.41568628 0.46666667 0.5921569 0.6117647 0.7019608 0.73333335 0.5686275 0.68235296 0.77254903 0.7490196 0.627451 0.627451 0.6313726 0.6745098 0.62352943 0.6431373 0.7294118 0.74509805 0.7529412 0.7372549 0.7058824 0.7137255 0.75686276 0.69803923 0.6666667 0.6392157 0.69803923 0.73333335 0.6745098 0.6156863
0.49411765 0.43529412 0.47843137 0.45882353 0.5647059 0.654902 0.64705884 0.7254902 0.5254902 0.54509807 0.7137255 0.69411767 0.43137255 0.5294118 0.62352943 0.56078434 0.5803922 0.63529414 0.69411767 0.7254902 0.7607843 0.78039217 0.70980394 0.7254902 0.7607843 0.7490196 0.6039216 0.65882355 0.68235296 0.6666667 0.59607846 0.6
0.5137255 0.5411765 0.5294118 0.54901963 0.62352943 0.6156863 0.62352943 0.6431373 0.5254902 0.48235294 0.67058825 0.6666667 0.44313726 0.4862745 0.56078434 0.53333336 0.61960787 0.6 0.6 0.7058824 0.76862746 0.78039217 0.7372549 0.73333335 0.7490196 0.6666667 0.5803922 0.6862745 0.65882355 0.6117647 0.53333336 0.6117647
0.54901963 0.62352943 0.57254905 0.6901961 0.69803923 0.5529412 0.67058825 0.654902 0.5803922 0.49803922 0.62352943 0.7176471 0.5803922 0.46666667 0.4745098 0.5529412 0.57254905 0.4509804 0.56078434 0.68235296 0.7411765 0.73333335 0.72156864 0.7019608 0.6431373 0.6 0.61960787 0.63529414 0.627451 0.5921569 0.56078434 0.6666667
0.5176471 0.6313726 0.6627451 0.76862746 0.7411765 0.57254905 0.64705884 0.6039216 0.5686275 0.5372549 0.56078434 0.65882355 0.61960787 0.4627451 0.45882353 0.56078434 0.44705883 0.3372549 0.46666667 0.5882353 0.6745098 0.69411767 0.6784314 0.59607846 0.54509807 0.5568628 0.5372549 0.5764706 0.627451 0.53333336 0.5411765 0.72156864
0.4862745 0.5372549 0.67058825 0.76862746 0.74509805 0.5058824 0.5647059 0.7058824 0.58431375 0.5058824 0.43137255 0.5568628 0.5647059 0.54509807 0.4862745 0.5568628 0.52156866 0.41960785 0.38039216 0.5254902 0.6666667 0.73333335 0.69411767 0.6901961 0.6392157 0.5803922 0.5176471 0.5529412 0.6392157 0.5372549 0.53333336 0.6901961
0.49411765 0.49411765 0.6509804 0.69803923 0.49803922 0.32156864 0.5019608 0.61960787 0.62352943 0.5176471 0.4 0.5019608 0.5686275 0.6313726 0.54901963 0.37254903 0.41960785 0.52156866 0.3882353 0.5137255 0.63529414 0.6666667 0.68235296 0.7137255 0.68235296 0.62352943 0.57254905 0.5529412 0.654902 0.5529412 0.5647059 0.6666667
0.47843137 0.5176471 0.6431373 0.6117647 0.38039216 0.3529412 0.40392157 0.43137255 0.4392157 0.48235294 0.41960785 0.45882353 0.5568628 0.5647059 0.50980395 0.49803922 0.48235294 0.5058824 0.41960785 0.42745098 0.56078434 0.6117647 0.654902 0.6117647 0.61960787 0.6745098 0.64705884 0.58431375 0.6 0.5568628 0.5686275 0.60784316
0.44313726 0.4745098 0.60784316 0.59607846 0.40392157 0.3882353 0.3019608 0.3529412 0.3764706 0.39215687 0.47843137 0.54509807 0.5647059 0.50980395 0.42352942 0.4509804 0.45882353 0.4117647 0.42352942 0.46666667 0.5176471 0.5764706 0.62352943 0.5921569 0.54509807 0.6 0.59607846 0.5803922 0.5764706 0.57254905 0.6039216 0.627451
0.39607844 0.45490196 0.54901963 0.4745098 0.3254902 0.3529412 0.30980393 0.31764707 0.39215687 0.4392157 0.5372549 0.5568628 0.49803922 0.43529412 0.4 0.35686275 0.3764706 0.34117648 0.44313726 0.5921569 0.5764706 0.5568628 0.57254905 0.5019608 0.4627451 0.58431375 0.58431375 0.5764706 0.5803922 0.5803922 0.6117647 0.6117647
0.40784314 0.39215687 0.47058824 0.43529412 0.28627452 0.3137255 0.33333334 0.32941177 0.39607844 0.5019608 0.54901963 0.5137255 0.45882353 0.44313726 0.47843137 0.4 0.47843137 0.49803922 0.50980395 0.5882353 0.5803922 0.50980395 0.54509807 0.5686275 0.49411765 0.5058824 0.5411765 0.52156866 0.53333336 0.53333336 0.5568628 0.6
0.41568628 0.3764706 0.42745098 0.48235294 0.37254903 0.29411766 0.3372549 0.35686275 0.43529412 0.5176471 0.49411765 0.47058824 0.45490196 0.45490196 0.5176471 0.4627451 0.48235294 0.46666667 0.43137255 0.49411765 0.5647059 0.5137255 0.5294118 0.627451 0.57254905 0.5176471 0.5411765 0.5529412 0.5254902 0.5529412 0.54509807 0.6117647
0.4509804 0.39607844 0.41960785 0.49019608 0.3764706 0.29411766 0.32156864 0.3372549 0.42745098 0.5019608 0.47843137 0.4745098 0.5058824 0.47843137 0.54901963 0.5568628 0.49803922 0.4 0.42352942 0.4745098 0.5137255 0.4627451 0.4627451 0.5294118 0.52156866 0.49019608 0.5686275 0.58431375 0.57254905 0.6666667 0.63529414 0.68235296
0.4509804 0.38431373 0.34117648 0.43137255 0.33333334 0.25882354 0.30588236 0.3137255 0.37254903 0.44705883 0.47843137 0.54509807 0.59607846 0.45882353 0.46666667 0.49019608 0.4117647 0.36862746 0.50980395 0.53333336 0.5411765 0.42745098 0.36078432 0.49803922 0.52156866 0.5019608 0.5372549 0.5764706 0.60784316 0.64705884 0.59607846 0.4862745
0.39215687 0.36862746 0.2784314 0.30980393 0.31764707 0.2627451 0.2509804 0.28235295 0.36862746 0.41568628 0.40784314 0.4627451 0.4509804 0.3372549 0.39215687 0.40392157 0.3372549 0.3647059 0.5411765 0.56078434 0.4509804 0.42745098 0.38431373 0.5882353 0.6784314 0.58431375 0.6117647 0.6313726 0.59607846 0.59607846 0.5647059 0.4745098
0.32941177 0.3254902 0.26666668 0.23529412 0.29803923 0.3019608 0.22352941 0.26666668 0.39215687 0.40392157 0.40392157 0.52156866 0.48235294 0.47058824 0.44313726 0.42352942 0.44313726 0.53333336 0.63529414 0.6156863 0.47058824 0.44313726 0.53333336 0.7372549 0.6627451 0.6509804 0.6901961 0.6392157 0.627451 0.5764706 0.49019608 0.50980395
0.34901962 0.3137255 0.25882354 0.30980393 0.29803923 0.29411766 0.22745098 0.25882354 0.32156864 0.34509805 0.36862746 0.44705883 0.53333336 0.5176471 0.43137255 0.49019608 0.5647059 0.6745098 0.6509804 0.5882353 0.5686275 0.5686275 0.6784314 0.7176471 0.5921569 0.6313726 0.6509804 0.6666667 0.7176471 0.61960787 0.5058824 0.36862746
0.3372549 0.3529412 0.34117648 0.3372549 0.3019608 0.32156864 0.27058825 0.22745098 0.27450982 0.3529412 0.37254903 0.36862746 0.4862745 0.50980395 0.43137255 0.54901963 0.56078434 0.6509804 0.64705884 0.6039216 0.6509804 0.654902 0.6666667 0.65882355 0.5372549 0.6156863 0.59607846 0.6627451 0.6392157 0.4862745 0.5058824 0.32156864
0.23137255 0.35686275 0.3529412 0.24705882 0.28627452 0.31764707 0.28627452 0.2 0.30588236 0.42745098 0.48235294 0.49019608 0.5372549 0.5529412 0.5019608 0.61960787 0.60784316 0.654902 0.6901961 0.61960787 0.7019608 0.69411767 0.6156863 0.63529414 0.5568628 0.59607846 0.5803922 0.5764706 0.5058824 0.44705883 0.3647059 0.40392157
0.20784314 0.29411766 0.33333334 0.18039216 0.23921569 0.2509804 0.28627452 0.23529412 0.34509805 0.46666667 0.5176471 0.6 0.6039216 0.53333336 0.5411765 0.65882355 0.62352943 0.6156863 0.7176471 0.654902 0.69411767 0.6666667 0.6117647 0.65882355 0.56078434 0.47058824 0.46666667 0.43137255 0.36862746 0.4745098 0.4117647 0.41568628
0.3137255 0.22352941 0.34117648 0.23529412 0.23529412 0.24705882 0.28627452 0.30588236 0.3529412 0.49019608 0.50980395 0.49019608 0.5058824 0.53333336 0.5803922 0.57254905 0.5686275 0.62352943 0.68235296 0.6627451 0.67058825 0.654902 0.60784316 0.62352943 0.5568628 0.39607844 0.34509805 0.35686275 0.30980393 0.40392157 0.4627451 0.25490198
0.3254902 0.1882353 0.30980393 0.3764706 0.30980393 0.33333334 0.30980393 0.3372549 0.39607844 0.49803922 0.4862745 0.5137255 0.43529412 0.42352942 0.52156866 0.5764706 0.6117647 0.6313726 0.654902 0.68235296 0.6784314 0.6 0.59607846 0.5803922 0.59607846 0.4509804 0.32156864 0.47058824 0.3137255 0.34509805 0.39215687 0.23137255
0.23921569 0.2784314 0.30588236 0.40784314 0.4117647 0.34509805 0.30588236 0.35686275 0.4 0.39215687 0.40392157 0.43137255 0.43137255 0.45882353 0.5647059 0.6039216 0.5921569 0.61960787 0.654902 0.69411767 0.6509804 0.65882355 0.654902 0.5803922 0.6039216 0.57254905 0.5176471 0.5529412 0.40784314 0.45490196 0.41568628 0.31764707
0.28627452 0.29803923 0.30980393 0.38039216 0.40392157 0.38431373 0.3647059 0.45490196 0.44705883 0.49019608 0.38039216 0.3019608 0.42352942 0.5411765 0.6431373 0.627451 0.5647059 0.56078434 0.6313726 0.67058825 0.62352943 0.68235296 0.69411767 0.62352943 0.5176471 0.50980395 0.6392157 0.63529414 0.50980395 0.48235294 0.3529412 0.29803923
0.25490198 0.21568628 0.32156864 0.39215687 0.40784314 0.34901962 0.4392157 0.5529412 0.43137255 0.46666667 0.44313726 0.3647059 0.45882353 0.5921569 0.60784316 0.6156863 0.6627451 0.60784316 0.654902 0.6509804 0.6 0.5921569 0.5921569 0.6117647 0.59607846 0.5882353 0.6039216 0.6156863 0.6784314 0.52156866 0.39215687 0.43137255
0.28627452 0.29803923 0.34117648 0.4392157 0.4745098 0.3647059 0.40392157 0.49803922 0.4509804 0.44705883 0.49019608 0.3529412 0.44705883 0.5686275 0.56078434 0.58431375 0.6666667 0.6862745 0.67058825 0.68235296 0.5921569 0.5647059 0.54509807 0.54509807 0.56078434 0.6 0.54901963 0.49803922 0.5921569 0.47058824 0.5137255 0.6
0.37254903 0.39607844 0.45882353 0.6156863 0.5529412 0.42352942 0.43137255 0.5372549 0.47843137 0.43137255 0.4627451 0.3647059 0.47058824 0.47843137 0.5058824 0.5372549 0.5647059 0.6392157 0.6666667 0.654902 0.61960787 0.5647059 0.5176471 0.4745098 0.44705883 0.45882353 0.5411765 0.5294118 0.50980395 0.52156866 0.54509807 0.5764706
0.40784314 0.42352942 0.4627451 0.59607846 0.57254905 0.5058824 0.54509807 0.6039216 0.5137255 0.4745098 0.42745098 0.3529412 0.45882353 0.4862745 0.49019608 0.5058824 0.43529412 0.5137255 0.56078434 0.5137255 0.62352943 0.5372549 0.42745098 0.41568628 0.39215687 0.41568628 0.45882353 0.5294118 0.47843137 0.52156866 0.49411765 0.5254902
0.4627451 0.47058824 0.45490196 0.5294118 0.6 0.5882353 0.5764706 0.58431375 0.5411765 0.54509807 0.49019608 0.3764706 0.47058824 0.53333336 0.52156866 0.49803922 0.41568628 0.4392157 0.48235294 0.44705883 0.57254905 0.54509807 0.42352942 0.39607844 0.33333334 0.32941177 0.34117648 0.43137255 0.4509804 0.4862745 0.47058824 0.44705883
0.49803922 0.4862745 0.49411765 0.50980395 0.54509807 0.5764706 0.53333336 0.5019608 0.46666667 0.50980395 0.4745098 0.41960785 0.45490196 0.44313726 0.45490196 0.45490196 0.4 0.39607844 0.42352942 0.4117647 0.49411765 0.52156866 0.5137255 0.33333334 0.20784314 0.34117648 0.36078432 0.34117648 0.3764706 0.43137255 0.34509805 0.33333334
0.14117648 0.1254902 0.13725491 0.23529412 0.2784314 0.24313726 0.20784314 0.22745098 0.20784314 0.1882353 0.2 0.23529412 0.23137255 0.20392157 0.19607843 0.21176471 0.19215687 0.1882353 0.18431373 0.14117648 0.15294118 0.13725491 0.1764706 0.2509804 0.24705882 0.25490198 0.18431373 0.14509805 0.21960784 0.2509804 0.2509804 0.2509804
0.16862746 0.15294118 0.13725491 0.16862746 0.2901961 0.25882354 0.21960784 0.28235295 0.3137255 0.16078432 0.1882353 0.20392157 0.19215687 0.25490198 0.22745098 0.25882354 0.19607843 0.20392157 0.15686275 0.14117648 0.15294118 0.1254902 0.24313726 0.2627451 0.23137255 0.2627451 0.25490198 0.25490198 0.26666668 0.27058825 0.2784314 0.28235295
0.1764706 0.16078432 0.17254902 0.18431373 0.21568628 0.23529412 0.22352941 0.24705882 0.34509805 0.21568628 0.21960784 0.2 0.17254902 0.24705882 0.28627452 0.29803923 0.2784314 0.25882354 0.19607843 0.20392157 0.18039216 0.14901961 0.24705882 0.2627451 0.21960784 0.24705882 0.25490198 0.34509805 0.2784314 0.24705882 0.24705882 0.21568628
0.19607843 0.19607843 0.21176471 0.19215687 0.2 0.22352941 0.2 0.20784314 0.31764707 0.32941177 0.28235295 0.16862746 0.2 0.28627452 0.30588236 0.3529412 0.3882353 0.23921569 0.20784314 0.21960784 0.2 0.23137255 0.27450982 0.23529412 0.19607843 0.24313726 0.20784314 0.30588236 0.29411766 0.23529412 0.20784314 0.21568628
0.22745098 0.23137255 0.2 0.14901961 0.2 0.23921569 0.2 0.2 0.2901961 0.35686275 0.2784314 0.16078432 0.21176471 0.34509805 0.34901962 0.4 0.42745098 0.27450982 0.23137255 0.20392157 0.23529412 0.23921569 0.2627451 0.23137255 0.21176471 0.2509804 0.23137255 0.27450982 0.36078432 0.29803923 0.22745098 0.21176471
0.20784314 0.20392157 0.14509805 0.13333334 0.15686275 0.16862746 0.22745098 0.3372549 0.41568628 0.37254903 0.3137255 0.22352941 0.2784314 0.30980393 0.32941177 0.43529412 0.35686275 0.1882353 0.2627451 0.20784314 0.20784314 0.22352941 0.2627451 0.23921569 0.26666668 0.29411766 0.3372549 0.3254902 0.34901962 0.28627452 0.24705882 0.2
0.20784314 0.21568628 0.1882353 0.21568628 0.1882353 0.1764706 0.33333334 0.36078432 0.38039216 0.37254903 0.36862746 0.3137255 0.30588236 0.27058825 0.32941177 0.4745098 0.3019608 0.101960786 0.19215687 0.21568628 0.13725491 0.16470589 0.25882354 0.24705882 0.25490198 0.25882354 0.23921569 0.25490198 0.3137255 0.24313726 0.21176471 0.18039216
0.20392157 0.23137255 0.21176471 0.18039216 0.13333334 0.2509804 0.49019608 0.6 0.39607844 0.38039216 0.3254902 0.31764707 0.30588236 0.3882353 0.36078432 0.48235294 0.4117647 0.20392157 0.12156863 0.23529412 0.26666668 0.21568628 0.19215687 0.24705882 0.26666668 0.23921569 0.16862746 0.18431373 0.31764707 0.27450982 0.21176471 0.1882353
0.18431373 0.1882353 0.14117648 0.0627451 0.105882354 0.23137255 0.4117647 0.5254902 0.5058824 0.41568628 0.29411766 0.25490198 0.3882353 0.47843137 0.40392157 0.3019608 0.32941177 0.3137255 0.16470589 0.25882354 0.3764706 0.2509804 0.21568628 0.21176471 0.28235295 0.25490198 0.1764706 0.18431373 0.3254902 0.26666668 0.23921569 0.2901961
0.18431373 0.1882353 0.16862746 0.12156863 0.1882353 0.26666668 0.2901961 0.32156864 0.32941177 0.3882353 0.31764707 0.30980393 0.41568628 0.40784314 0.36078432 0.3764706 0.41960785 0.34509805 0.14901961 0.1882353 0.2784314 0.18431373 0.18039216 0.1764706 0.24705882 0.23137255 0.23529412 0.25490198 0.23921569 0.25882354 0.24313726 0.2509804
0.1764706 0.16470589 0.18039216 0.18039216 0.23137255 0.2784314 0.20392157 0.25490198 0.27450982 0.2784314 0.34509805 0.4117647 0.42352942 0.36078432 0.2509804 0.28235295 0.3647059 0.31764707 0.15686275 0.18039216 0.21568628 0.19215687 0.18431373 0.22352941 0.20784314 0.15294118 0.24705882 0.23529412 0.22745098 0.26666668 0.21176471 0.24313726
0.18431373 0.17254902 0.1764706 0.2 0.1882353 0.23529412 0.20392157 0.22745098 0.2784314 0.3019608 0.4 0.42745098 0.37254903 0.2784314 0.19607843 0.15686275 0.18431373 0.17254902 0.16862746 0.24705882 0.22352941 0.22745098 0.23529412 0.22745098 0.15686275 0.15686275 0.22745098 0.23529412 0.27058825 0.28235295 0.18431373 0.20392157
0.2 0.16078432 0.16078432 0.1882353 0.15294118 0.19607843 0.22352941 0.24313726 0.29411766 0.37254903 0.41960785 0.3647059 0.29803923 0.22745098 0.21568628 0.19607843 0.22352941 0.2 0.19607843 0.24313726 0.27058825 0.24705882 0.22745098 0.23137255 0.17254902 0.18039216 0.21176471 0.21176471 0.24313726 0.24313726 0.1764706 0.16862746
0.19215687 0.18431373 0.17254902 0.16862746 0.11764706 0.16078432 0.21960784 0.26666668 0.33333334 0.39215687 0.36862746 0.28627452 0.24705882 0.18431373 0.21960784 0.22745098 0.18431373 0.1764706 0.15294118 0.19215687 0.27450982 0.2784314 0.28627452 0.27450982 0.17254902 0.21960784 0.21568628 0.22352941 0.18039216 0.16470589 0.2 0.20784314
0.21960784 0.18431373 0.21568628 0.15686275 0.08235294 0.14509805 0.19215687 0.23529412 0.3019608 0.36078432 0.3254902 0.26666668 0.25882354 0.22352941 0.25490198 0.22745098 0.16078432 0.12156863 0.16862746 0.22745098 0.23921569 0.2509804 0.23921569 0.2509804 0.20784314 0.21568628 0.24705882 0.22352941 0.21568628 0.18039216 0.23529412 0.28627452
0.21568628 0.1254902 0.14901961 0.15294118 0.101960786 0.105882354 0.1764706 0.21176471 0.25490198 0.30980393 0.29803923 0.3372549 0.39215687 0.2784314 0.19607843 0.16862746 0.15686275 0.12941177 0.1882353 0.2509804 0.30980393 0.25882354 0.18039216 0.25490198 0.20392157 0.21960784 0.2784314 0.27450982 0.29803923 0.26666668 0.2627451 0.24705882
0.16078432 0.1764706 0.11764706 0.101960786 0.12156863 0.09019608 0.13333334 0.1882353 0.24705882 0.27058825 0.20392157 0.23529412 0.24705882 0.17254902 0.16470589 0.1254902 0.10980392 0.16862746 0.2 0.25882354 0.24313726 0.22745098 0.1882353 0.22352941 0.18039216 0.23137255 0.30588236 0.3137255 0.2509804 0.1764706 0.23529412 0.18039216
0.09803922 0.14509805 0.13333334 0.08627451 0.11764706 0.11764706 0.11764706 0.15686275 0.24705882 0.22352941 0.1764706 0.2627451 0.25882354 0.1764706 0.19607843 0.18431373 0.1764706 0.23529412 0.20784314 0.27058825 0.23137255 0.20784314 0.19215687 0.22352941 0.21960784 0.2627451 0.34117648 0.2509804 0.27058825 0.1764706 0.1254902 0.16078432
0.11372549 0.14117648 0.12941177 0.12941177 0.10980392 0.105882354 0.101960786 0.14901961 0.18431373 0.14509805 0.16078432 0.21568628 0.25882354 0.21568628 0.17254902 0.21960784 0.21960784 0.26666668 0.23529412 0.25490198 0.2901961 0.24705882 0.27450982 0.3019608 0.2 0.22745098 0.28627452 0.23137255 0.25490198 0.23137255 0.11764706 0.101960786
0.1254902 0.18431373 0.18431373 0.15294118 0.14117648 0.14901961 0.105882354 0.12156863 0.12156863 0.12941177 0.17254902 0.16470589 0.20392157 0.20784314 0.2 0.21176471 0.21568628 0.23137255 0.23137255 0.27058825 0.30588236 0.22745098 0.26666668 0.26666668 0.16078432 0.1882353 0.20392157 0.2 0.14901961 0.17254902 0.16862746 0.12156863
0.07058824 0.16862746 0.18431373 0.11372549 0.14901961 0.16470589 0.12156863 0.101960786 0.1254902 0.18431373 0.23137255 0.23921569 0.25882354 0.22745098 0.23921569 0.23137255 0.2509804 0.24313726 0.2901961 0.2509804 0.26666668 0.23529412 0.21960784 0.19215687 0.17254902 0.17254902 0.22745098 0.24313726 0.13333334 0.13725491 0.12156863 0.11372549
0.07058824 0.13725491 0.16078432 0.06666667 0.10980392 0.11372549 0.12156863 0.105882354 0.14901961 0.23529412 0.27058825 0.32941177 0.31764707 0.23921569 0.21568628 0.23529412 0.24313726 0.24313726 0.29803923 0.22352941 0.23137255 0.24705882 0.23137255 0.19607843 0.18431373 0.14901961 0.19215687 0.20392157 0.11764706 0.1764706 0.14117648 0.1254902
0.12156863 0.10980392 0.15686275 0.08627451 0.09803922 0.105882354 0.11764706 0.1254902 0.14901961 0.1882353 0.21960784 0.27058825 0.27058825 0.25882354 0.2901961 0.21176471 0.16862746 0.22745098 0.25882354 0.26666668 0.23921569 0.23137255 0.1764706 0.21176471 0.1882353 0.10980392 0.105882354 0.14509805 0.12156863 0.18039216 0.21568628 0.12941177
0.13333334 0.07450981 0.15686275 0.16470589 0.14509805 0.13725491 0.12941177 0.14901961 0.17254902 0.20784314 0.21960784 0.24705882 0.18431373 0.20392157 0.26666668 0.21568628 0.18431373 0.2 0.23137255 0.24705882 0.20392157 0.2 0.16862746 0.18039216 0.21960784 0.14901961 0.11764706 0.23137255 0.14901961 0.14901961 0.2 0.11764706
0.08627451 0.10980392 0.12941177 0.17254902 0.2 0.14901961 0.12156863 0.18039216 0.15686275 0.19215687 0.20784314 0.21176471 0.21568628 0.21176471 0.22352941 0.21960784 0.18039216 0.21176471 0.21960784 0.24705882 0.24705882 0.24313726 0.25882354 0.20784314 0.25882354 0.20784314 0.19607843 0.28627452 0.20784314 0.20392157 0.21568628 0.14117648
0.08627451 0.105882354 0.12156863 0.16862746 0.15686275 0.1764706 0.13333334 0.17254902 0.15294118 0.25882354 0.22352941 0.15294118 0.1882353 0.21176471 0.24313726 0.25882354 0.20392157 0.15686275 0.19607843 0.20392157 0.21568628 0.29803923 0.27058825 0.25882354 0.19607843 0.19607843 0.27058825 0.34117648 0.24705882 0.20392157 0.19607843 0.105882354
0.078431375 0.07058824 0.07058824 0.16078432 0.16862746 0.13333334 0.15294118 0.1764706 0.15294118 0.1882353 0.19607843 0.2 0.21568628 0.23137255 0.24313726 0.27450982 0.29803923 0.20784314 0.22745098 0.20392157 0.16862746 0.24313726 0.2784314 0.28235295 0.2784314 0.23137255 0.2627451 0.32941177 0.34117648 0.2627451 0.20784314 0.19215687
0.101960786 0.11764706 0.0627451 0.1764706 0.21960784 0.14117648 0.14509805 0.17254902 0.14117648 0.15686275 0.1764706 0.13725491 0.19607843 0.26666668 0.22745098 0.24313726 0.27450982 0.29803923 0.29411766 0.27450982 0.1764706 0.1764706 0.25882354 0.2627451 0.26666668 0.23529412 0.22745098 0.24313726 0.27058825 0.2627451 0.28235295 0.21176471
0.12941177 0.13333334 0.11372549 0.2 0.21960784 0.14901961 0.1254902 0.17254902 0.13333334 0.11764706 0.15294118 0.105882354 0.1882353 0.23921569 0.24705882 0.23529412 0.20784314 0.28627452 0.30980393 0.30980393 0.27450982 0.20392157 0.20392157 0.23137255 0.1764706 0.16078432 0.23529412 0.21176471 0.20392157 0.2509804 0.25490198 0.15686275
0.11372549 0.101960786 0.12941177 0.11764706 0.14117648 0.16862746 0.14117648 0.17254902 0.15686275 0.10980392 0.10980392 0.11372549 0.14117648 0.18039216 0.20392157 0.21176471 0.14901961 0.20784314 0.23921569 0.22352941 0.2901961 0.21960784 0.14509805 0.18039216 0.13725491 0.12941177 0.16470589 0.18039216 0.19607843 0.2 0.15294118 0.15294118
0.11764706 0.11372549 0.13333334 0.101960786 0.1764706 0.19607843 0.16470589 0.14117648 0.14509805 0.14117648 0.11372549 0.11764706 0.16862746 0.15294118 0.14901961 0.14901961 0.105882354 0.13333334 0.17254902 0.16862746 0.23529412 0.23921569 0.15686275 0.13725491 0.10980392 0.11372549 0.101960786 0.11372549 0.18039216 0.14509805 0.1254902 0.11372549
0.13333334 0.14901961 0.14117648 0.1254902 0.17254902 0.16862746 0.16078432 0.1254902 0.105882354 0.13725491 0.11372549 0.11764706 0.1882353 0.13333334 0.17254902 0.18039216 0.105882354 0.08627451 0.13333334 0.15686275 0.19607843 0.21960784 0.20784314 0.101960786 0.07058824 0.11372549 0.105882354 0.078431375 0.12941177 0.14509805 0.08627451 0.09019608
29 1 2
29 4 2
27 3 2
30 1 2
26 1 0
29 3 2
30 16 2
30 23 2
15 5 2
30 24 2
29 2 2
27 2 2
1 28 2
30 11 2
29 1 0
22 25 2
31 8 2
1 29 2
23 24 1
29 30 2
30 15 2
27 7 2
21 25 2
21 24 2
1 30 2
1 27 2
26 3 2
15 4 2
2 1 2
21 5 2
