32, 32, 3, 30
0.14901961 0.101960786 0.1764706 0.13725491 0.1764706 0.21960784 0.22352941 0.26666668 0.33333334 0.4509804 0.46666667 0.5647059 0.6039216 0.3882353 0.15686275 0.23137255 0.3882353 0.38039216 0.40784314 0.40784314 0.47058824 0.5254902 0.5529412 0.5803922 0.5411765 0.4509804 0.3882353 0.4627451 0.41568628 0.3254902 0.3137255 0.27058825
0.26666668 0.12941177 0.18039216 0.17254902 0.13725491 0.18039216 0.21568628 0.19607843 0.23529412 0.33333334 0.39215687 0.52156866 0.5176471 0.4392157 0.21176471 0.2509804 0.35686275 0.38431373 0.4392157 0.5254902 0.5647059 0.63529414 0.6 0.5058824 0.48235294 0.49411765 0.5372549 0.4745098 0.2627451 0.17254902 0.2901961 0.2627451
0.26666668 0.29803923 0.3882353 0.30980393 0.25490198 0.2627451 0.2901961 0.34509805 0.2509804 0.2 0.33333334 0.4 0.3882353 0.44313726 0.3019608 0.25882354 0.36862746 0.39215687 0.3882353 0.54509807 0.5372549 0.44705883 0.47843137 0.5686275 0.5411765 0.47058824 0.5176471 0.5686275 0.3764706 0.27450982 0.3137255 0.40392157
0.19215687 0.3764706 0.49803922 0.5411765 0.50980395 0.5019608 0.5019608 0.58431375 0.45882353 0.30980393 0.33333334 0.3882353 0.39607844 0.3764706 0.2509804 0.19215687 0.3137255 0.27058825 0.3019608 0.49411765 0.43529412 0.3254902 0.36862746 0.4509804 0.5647059 0.42745098 0.27450982 0.42745098 0.44705883 0.45882353 0.28627452 0.28235295
0.21960784 0.3137255 0.3647059 0.5254902 0.42352942 0.37254903 0.40392157 0.36862746 0.32941177 0.30588236 0.4117647 0.42352942 0.38039216 0.32156864 0.3254902 0.29803923 0.26666668 0.1882353 0.30980393 0.34509805 0.29411766 0.22745098 0.28627452 0.3019608 0.40784314 0.43137255 0.43529412 0.3882353 0.3764706 0.52156866 0.49411765 0.38039216
0.32156864 0.2901961 0.31764707 0.40784314 0.27058825 0.23529412 0.19215687 0.19607843 0.31764707 0.22352941 0.25490198 0.25490198 0.27058825 0.20784314 0.23529412 0.2901961 0.3019608 0.2 0.25882354 0.25882354 0.20392157 0.26666668 0.27450982 0.31764707 0.29803923 0.2627451 0.4392157 0.47843137 0.45490196 0.3529412 0.41568628 0.4509804
0.27058825 0.28235295 0.41568628 0.43137255 0.47843137 0.39215687 0.33333334 0.30980393 0.34901962 0.27450982 0.19607843 0.23529412 0.3254902 0.3647059 0.37254903 0.3529412 0.3764706 0.28627452 0.28235295 0.38431373 0.33333334 0.34901962 0.32156864 0.33333334 0.2509804 0.2509804 0.34117648 0.46666667 0.4745098 0.34901962 0.29411766 0.28627452
0.26666668 0.26666668 0.3647059 0.36862746 0.47058824 0.5921569 0.38431373 0.3372549 0.28235295 0.28627452 0.37254903 0.43137255 0.39215687 0.40784314 0.41568628 0.41960785 0.3882353 0.38431373 0.3529412 0.52156866 0.42352942 0.31764707 0.32156864 0.3254902 0.29803923 0.38039216 0.37254903 0.41568628 0.45882353 0.5137255 0.45882353 0.43529412
0.34901962 0.3647059 0.36862746 0.4 0.41960785 0.627451 0.5411765 0.49019608 0.38039216 0.3372549 0.35686275 0.47058824 0.42745098 0.4 0.36862746 0.3764706 0.38431373 0.37254903 0.42745098 0.41568628 0.31764707 0.29803923 0.28235295 0.3137255 0.30980393 0.32156864 0.31764707 0.25882354 0.27058825 0.3647059 0.45882353 0.43137255
0.2509804 0.30588236 0.33333334 0.4117647 0.44705883 0.65882355 0.67058825 0.58431375 0.41568628 0.3764706 0.22352941 0.22745098 0.32941177 0.32156864 0.2901961 0.30588236 0.46666667 0.46666667 0.6156863 0.72156864 0.76862746 0.80784315 0.68235296 0.61960787 0.5019608 0.29411766 0.28235295 0.1882353 0.10980392 0.25490198 0.36078432 0.34509805
0.2901961 0.2784314 0.3372549 0.42352942 0.5058824 0.5058824 0.38039216 0.3529412 0.4509804 0.42352942 0.28235295 0.24313726 0.3254902 0.2784314 0.15686275 0.29411766 0.6117647 0.83137256 0.84705883 0.8745098 0.9490196 0.9490196 0.8235294 0.80784315 0.7254902 0.5294118 0.34509805 0.23921569 0.2 0.21568628 0.36078432 0.46666667
0.42745098 0.33333334 0.4392157 0.45882353 0.43137255 0.44313726 0.42745098 0.32156864 0.28235295 0.4745098 0.41568628 0.36078432 0.40784314 0.42745098 0.43529412 0.5294118 0.65882355 0.89411765 0.83137256 0.7372549 0.87058824 0.8901961 0.827451 0.9372549 0.7882353 0.8156863 0.6039216 0.23137255 0.28235295 0.26666668 0.27058825 0.38431373
0.39607844 0.34509805 0.44313726 0.4509804 0.3647059 0.41568628 0.43529412 0.4392157 0.27450982 0.4509804 0.54509807 0.4117647 0.4745098 0.47058824 0.5058824 0.6117647 0.7529412 0.9098039 0.8039216 0.73333335 0.83137256 0.8745098 0.8117647 0.8509804 0.7058824 0.6901961 0.6784314 0.30588236 0.3647059 0.33333334 0.28235295 0.3372549
0.36862746 0.32156864 0.41568628 0.37254903 0.37254903 0.40784314 0.4117647 0.34901962 0.3529412 0.4 0.5686275 0.42352942 0.5137255 0.5254902 0.45882353 0.6 0.8117647 0.9098039 0.72156864 0.6666667 0.7490196 0.7764706 0.60784316 0.59607846 0.5019608 0.6313726 0.61960787 0.4627451 0.53333336 0.37254903 0.27450982 0.30588236
0.49019608 0.41960785 0.44705883 0.3882353 0.32156864 0.3764706 0.4509804 0.44705883 0.30588236 0.3254902 0.4627451 0.58431375 0.56078434 0.4 0.44705883 0.53333336 0.65882355 0.8392157 0.7058824 0.5294118 0.64705884 0.5568628 0.4862745 0.53333336 0.49019608 0.6509804 0.41568628 0.4627451 0.58431375 0.49019608 0.23529412 0.24705882
0.54901963 0.49411765 0.53333336 0.49803922 0.37254903 0.49411765 0.47058824 0.4745098 0.39607844 0.3882353 0.3882353 0.50980395 0.56078434 0.39215687 0.4627451 0.47058824 0.4862745 0.7176471 0.65882355 0.40784314 0.3529412 0.2 0.48235294 0.6862745 0.5372549 0.5882353 0.41960785 0.5372549 0.54509807 0.44705883 0.36862746 0.28627452
0.5647059 0.59607846 0.5647059 0.5882353 0.50980395 0.6156863 0.48235294 0.39215687 0.45490196 0.5137255 0.42352942 0.42352942 0.6313726 0.5686275 0.5254902 0.34509805 0.27058825 0.4745098 0.63529414 0.4509804 0.08627451 0.16078432 0.49803922 0.61960787 0.47843137 0.7019608 0.47843137 0.5176471 0.6117647 0.5254902 0.60784316 0.44313726
0.6313726 0.6862745 0.6627451 0.7058824 0.6313726 0.6784314 0.5686275 0.4509804 0.4117647 0.4862745 0.34901962 0.42352942 0.7411765 0.5764706 0.48235294 0.32156864 0.16078432 0.23921569 0.5254902 0.627451 0.3647059 0.5529412 0.63529414 0.52156866 0.41960785 0.83137256 0.6392157 0.6 0.7176471 0.5882353 0.60784316 0.5176471
0.62352943 0.6666667 0.6862745 0.72156864 0.6627451 0.6117647 0.60784316 0.41568628 0.41568628 0.44313726 0.3137255 0.39607844 0.70980394 0.49411765 0.4117647 0.42352942 0.24705882 0.2901961 0.42745098 0.6784314 0.5176471 0.4509804 0.5568628 0.6 0.43137255 0.6745098 0.6313726 0.7019608 0.67058825 0.57254905 0.5294118 0.5686275
0.45882353 0.53333336 0.60784316 0.6156863 0.6117647 0.6156863 0.64705884 0.49019608 0.45882353 0.46666667 0.39607844 0.6392157 0.6156863 0.3882353 0.32941177 0.32941177 0.41568628 0.36862746 0.33333334 0.6 0.49019608 0.2509804 0.43137255 0.654902 0.5764706 0.6117647 0.54901963 0.6784314 0.5803922 0.54901963 0.5686275 0.57254905
0.3529412 0.41960785 0.5411765 0.42352942 0.5647059 0.6392157 0.6784314 0.57254905 0.49411765 0.5254902 0.47058824 0.60784316 0.45882353 0.3254902 0.23529412 0.29411766 0.3882353 0.29411766 0.24705882 0.59607846 0.44313726 0.16862746 0.44313726 0.7019608 0.6784314 0.5294118 0.49803922 0.63529414 0.69803923 0.6117647 0.6509804 0.627451
0.34117648 0.3372549 0.39607844 0.3254902 0.4745098 0.6862745 0.7137255 0.5921569 0.49803922 0.5176471 0.41960785 0.3764706 0.37254903 0.38039216 0.28235295 0.3019608 0.39215687 0.3254902 0.24313726 0.48235294 0.4627451 0.32156864 0.5647059 0.70980394 0.6431373 0.5568628 0.4745098 0.5686275 0.6627451 0.6117647 0.6509804 0.6627451
0.3254902 0.32941177 0.32941177 0.32941177 0.42745098 0.7372549 0.8117647 0.6745098 0.59607846 0.5803922 0.61960787 0.4862745 0.43137255 0.5294118 0.40392157 0.27058825 0.5176471 0.38039216 0.39215687 0.45490196 0.5568628 0.38431373 0.62352943 0.67058825 0.6039216 0.6784314 0.65882355 0.59607846 0.654902 0.6784314 0.6784314 0.6666667
0.27058825 0.35686275 0.31764707 0.39607844 0.48235294 0.7254902 0.77254903 0.76862746 0.7764706 0.73333335 0.6745098 0.6745098 0.654902 0.68235296 0.5764706 0.4 0.58431375 0.3882353 0.4862745 0.40784314 0.64705884 0.4509804 0.65882355 0.6392157 0.5882353 0.6392157 0.7058824 0.69411767 0.6392157 0.72156864 0.6627451 0.6509804
0.40784314 0.36078432 0.3529412 0.43137255 0.5294118 0.7019608 0.7411765 0.75686276 0.7607843 0.65882355 0.60784316 0.5411765 0.7490196 0.77254903 0.7254902 0.6392157 0.68235296 0.54509807 0.49019608 0.36078432 0.61960787 0.54509807 0.6745098 0.5921569 0.56078434 0.61960787 0.7137255 0.8 0.7137255 0.7294118 0.7019608 0.6509804
0.627451 0.49411765 0.5176471 0.49019608 0.5803922 0.68235296 0.7137255 0.6784314 0.57254905 0.49803922 0.5647059 0.49019608 0.5058824 0.6784314 0.7490196 0.7411765 0.7137255 0.7411765 0.627451 0.42745098 0.5803922 0.7137255 0.69803923 0.5882353 0.5921569 0.5686275 0.6862745 0.7372549 0.70980394 0.70980394 0.68235296 0.6313726
0.65882355 0.62352943 0.6313726 0.654902 0.6745098 0.7058824 0.67058825 0.6039216 0.43529412 0.44313726 0.46666667 0.43529412 0.3254902 0.5137255 0.5568628 0.5372549 0.50980395 0.76862746 0.7764706 0.6117647 0.54901963 0.6313726 0.6392157 0.6 0.5686275 0.6901961 0.7607843 0.67058825 0.68235296 0.6745098 0.62352943 0.62352943
0.6745098 0.5921569 0.64705884 0.6784314 0.6627451 0.69411767 0.6666667 0.6509804 0.49019608 0.45490196 0.44313726 0.42352942 0.28627452 0.3372549 0.42352942 0.34509805 0.32941177 0.69803923 0.70980394 0.70980394 0.54509807 0.53333336 0.67058825 0.67058825 0.627451 0.72156864 0.7647059 0.7607843 0.73333335 0.67058825 0.62352943 0.5529412
0.6509804 0.5647059 0.6039216 0.59607846 0.62352943 0.6431373 0.627451 0.7019608 0.49019608 0.5058824 0.47843137 0.47058824 0.29411766 0.29411766 0.37254903 0.25882354 0.25490198 0.6862745 0.6627451 0.5568628 0.48235294 0.57254905 0.7058824 0.5921569 0.6 0.7137255 0.7490196 0.8039216 0.7764706 0.7137255 0.6156863 0.5764706
0.6313726 0.49411765 0.50980395 0.47843137 0.54509807 0.5882353 0.64705884 0.7254902 0.5411765 0.49803922 0.49411765 0.54901963 0.35686275 0.34901962 0.47843137 0.3529412 0.31764707 0.59607846 0.6627451 0.5254902 0.45490196 0.4862745 0.5803922 0.5411765 0.5294118 0.74509805 0.8 0.7254902 0.7372549 0.7254902 0.65882355 0.627451
0.5803922 0.4 0.38431373 0.4117647 0.4 0.47843137 0.6666667 0.7176471 0.54901963 0.5058824 0.59607846 0.60784316 0.42745098 0.42352942 0.5176471 0.45490196 0.44313726 0.5411765 0.5529412 0.5137255 0.42745098 0.43137255 0.6313726 0.5372549 0.53333336 0.7764706 0.77254903 0.68235296 0.73333335 0.75686276 0.6784314 0.6862745
0.45490196 0.33333334 0.34117648 0.3137255 0.3254902 0.42745098 0.654902 0.654902 0.5647059 0.50980395 0.5568628 0.6039216 0.54509807 0.58431375 0.59607846 0.4509804 0.52156866 0.52156866 0.44705883 0.47058824 0.45882353 0.53333336 0.5372549 0.44313726 0.5294118 0.65882355 0.6745098 0.6 0.6862745 0.70980394 0.6666667 0.6666667
0.1882353 0.14509805 0.21960784 0.1764706 0.21960784 0.2627451 0.27450982 0.3137255 0.36862746 0.47058824 0.4745098 0.5568628 0.58431375 0.41568628 0.21960784 0.28627452 0.43529412 0.41568628 0.43137255 0.41960785 0.47843137 0.54509807 0.5686275 0.58431375 0.5372549 0.4392157 0.37254903 0.44705883 0.40784314 0.32941177 0.3254902 0.29411766
0.30588236 0.16862746 0.21960784 0.21568628 0.1764706 0.22352941 0.25882354 0.23921569 0.26666668 0.35686275 0.40392157 0.5294118 0.52156866 0.4627451 0.2509804 0.28627452 0.3882353 0.40784314 0.45490196 0.5294118 0.5647059 0.64705884 0.60784316 0.5058824 0.46666667 0.47058824 0.50980395 0.44705883 0.2509804 0.17254902 0.3019608 0.28627452
0.29803923 0.33333334 0.42352942 0.34509805 0.2901961 0.29803923 0.3254902 0.3764706 0.2784314 0.22745098 0.3647059 0.43137255 0.41568628 0.46666667 0.32941177 0.28235295 0.39215687 0.40784314 0.4 0.5529412 0.5411765 0.4627451 0.4862745 0.5686275 0.5254902 0.44705883 0.4862745 0.5372549 0.36078432 0.27450982 0.32156864 0.42352942
0.22745098 0.4117647 0.5372549 0.5803922 0.54901963 0.5411765 0.5294118 0.60784316 0.4862745 0.34117648 0.37254903 0.42745098 0.44313726 0.4117647 0.2784314 0.21960784 0.34117648 0.29411766 0.3254902 0.5176471 0.45490196 0.34509805 0.3882353 0.4627451 0.56078434 0.41568628 0.25882354 0.4117647 0.43529412 0.45490196 0.29411766 0.3019608
0.25490198 0.34509805 0.40392157 0.56078434 0.4627451 0.4117647 0.42745098 0.38431373 0.3529412 0.3372549 0.45490196 0.4745098 0.4392157 0.3764706 0.3647059 0.34117648 0.30588236 0.23137255 0.3529412 0.3882353 0.3372549 0.26666668 0.31764707 0.3254902 0.42745098 0.44705883 0.44313726 0.3882353 0.37254903 0.52156866 0.5058824 0.4
0.3529412 0.3254902 0.3529412 0.44313726 0.30980393 0.27058825 0.21176471 0.20784314 0.3372549 0.25882354 0.29803923 0.30980393 0.33333334 0.26666668 0.2901961 0.34117648 0.3529412 0.2509804 0.3137255 0.3137255 0.25490198 0.30588236 0.31764707 0.35686275 0.3372549 0.29803923 0.47843137 0.5058824 0.46666667 0.36078432 0.42745098 0.47058824
0.3019608 0.3137255 0.4509804 0.47058824 0.5176471 0.43137255 0.35686275 0.32156864 0.36862746 0.30980393 0.24313726 0.28627452 0.38039216 0.41960785 0.42745098 0.40392157 0.42352942 0.33333334 0.3254902 0.42745098 0.36862746 0.3764706 0.3529412 0.36862746 0.2901961 0.29411766 0.38431373 0.50980395 0.49803922 0.36862746 0.30588236 0.3019608
0.3019608 0.29803923 0.4 0.40784314 0.50980395 0.6313726 0.40392157 0.34901962 0.3019608 0.31764707 0.40784314 0.4745098 0.4392157 0.45490196 0.45882353 0.45490196 0.4117647 0.4 0.3647059 0.53333336 0.42745098 0.3137255 0.32941177 0.3372549 0.31764707 0.41568628 0.41960785 0.45882353 0.49803922 0.5372549 0.4745098 0.4509804
0.37254903 0.39215687 0.4 0.43137255 0.45490196 0.6627451 0.5647059 0.50980395 0.4 0.36862746 0.3882353 0.5058824 0.46666667 0.43137255 0.3882353 0.3882353 0.38431373 0.36078432 0.4117647 0.39215687 0.28627452 0.26666668 0.2509804 0.29803923 0.3137255 0.34117648 0.34509805 0.29803923 0.31764707 0.40392157 0.47843137 0.44313726
0.27058825 0.3254902 0.35686275 0.4392157 0.47843137 0.6862745 0.69411767 0.60784316 0.44313726 0.4 0.24313726 0.24705882 0.35686275 0.34901962 0.3019608 0.29803923 0.41568628 0.3764706 0.5058824 0.63529414 0.69411767 0.72156864 0.59607846 0.5411765 0.45490196 0.2627451 0.29411766 0.22352941 0.14901961 0.29411766 0.3882353 0.36078432
0.30980393 0.29803923 0.35686275 0.44705883 0.53333336 0.53333336 0.39215687 0.37254903 0.4862745 0.44705883 0.2784314 0.23529412 0.34117648 0.3137255 0.18039216 0.26666668 0.47843137 0.6 0.6 0.69803923 0.8117647 0.7921569 0.6509804 0.62352943 0.59607846 0.42352942 0.34901962 0.2784314 0.21960784 0.24313726 0.39215687 0.49803922
0.4509804 0.35686275 0.4627451 0.4862745 0.45490196 0.47058824 0.42745098 0.3372549 0.32156864 0.49411765 0.4 0.34117648 0.4117647 0.4627451 0.44705883 0.4392157 0.46666667 0.6313726 0.57254905 0.5294118 0.6901961 0.7058824 0.61960787 0.7137255 0.62352943 0.6745098 0.5882353 0.2627451 0.29803923 0.2901961 0.30588236 0.42352942
0.42745098 0.3764706 0.47058824 0.47843137 0.3882353 0.4392157 0.43529412 0.44705883 0.30588236 0.47058824 0.5294118 0.3882353 0.4745098 0.5019608 0.48235294 0.45882353 0.5058824 0.6666667 0.59607846 0.53333336 0.62352943 0.69411767 0.60784316 0.61960787 0.5294118 0.5372549 0.6509804 0.3254902 0.3882353 0.37254903 0.3254902 0.38431373
0.41568628 0.36078432 0.44705883 0.4 0.39607844 0.42745098 0.40392157 0.34901962 0.38039216 0.4117647 0.54901963 0.39215687 0.5019608 0.53333336 0.40392157 0.4 0.54509807 0.6862745 0.5529412 0.48235294 0.5411765 0.6117647 0.41568628 0.37254903 0.3254902 0.4745098 0.5882353 0.47843137 0.56078434 0.41568628 0.32941177 0.36078432
0.5411765 0.46666667 0.4862745 0.41568628 0.34509805 0.39607844 0.43529412 0.4392157 0.3254902 0.33333334 0.43529412 0.5372549 0.53333336 0.38039216 0.37254903 0.35686275 0.43137255 0.6431373 0.5529412 0.38039216 0.49019608 0.43137255 0.32941177 0.32941177 0.32941177 0.5058824 0.4 0.49411765 0.61960787 0.5411765 0.29411766 0.30588236
0.6156863 0.5529412 0.5764706 0.5254902 0.39607844 0.50980395 0.4509804 0.4627451 0.4117647 0.39215687 0.3529412 0.45490196 0.5176471 0.34509805 0.3882353 0.36078432 0.3372549 0.54901963 0.50980395 0.3019608 0.26666668 0.13333334 0.3764706 0.5254902 0.40784314 0.46666667 0.42352942 0.5882353 0.5882353 0.49803922 0.42745098 0.34901962
0.63529414 0.6627451 0.61960787 0.62352943 0.5372549 0.63529414 0.4627451 0.38431373 0.4745098 0.52156866 0.3882353 0.3647059 0.5764706 0.50980395 0.4627451 0.30980393 0.20392157 0.34509805 0.49411765 0.3764706 0.07058824 0.15294118 0.4392157 0.49803922 0.37254903 0.6039216 0.5058824 0.58431375 0.654902 0.57254905 0.6666667 0.5019608
0.70980394 0.75686276 0.72156864 0.74509805 0.65882355 0.69803923 0.5568628 0.45490196 0.44313726 0.5019608 0.31764707 0.3647059 0.6784314 0.52156866 0.45490196 0.32941177 0.14509805 0.14901961 0.41568628 0.5803922 0.37254903 0.58431375 0.6039216 0.41568628 0.32941177 0.7372549 0.67058825 0.6666667 0.7529412 0.62352943 0.654902 0.5686275
0.7058824 0.74509805 0.7490196 0.76862746 0.69411767 0.63529414 0.6039216 0.42745098 0.45882353 0.47058824 0.29411766 0.34509805 0.6509804 0.4627451 0.41568628 0.43529412 0.23529412 0.24313726 0.36862746 0.63529414 0.50980395 0.5019608 0.53333336 0.49411765 0.33333334 0.5764706 0.6509804 0.7607843 0.7019608 0.6039216 0.5686275 0.60784316
0.54509807 0.60784316 0.67058825 0.6666667 0.64705884 0.6431373 0.6509804 0.50980395 0.50980395 0.50980395 0.39215687 0.5921569 0.56078434 0.3882353 0.35686275 0.3137255 0.38039216 0.3529412 0.3254902 0.54509807 0.4392157 0.29411766 0.40784314 0.5411765 0.4627451 0.49411765 0.54901963 0.72156864 0.6 0.5686275 0.6039216 0.60784316
0.42352942 0.49411765 0.61960787 0.49411765 0.61960787 0.6862745 0.69411767 0.5921569 0.5372549 0.56078434 0.47058824 0.58431375 0.43137255 0.3372549 0.25882354 0.26666668 0.3529412 0.2901961 0.25490198 0.5568628 0.39607844 0.20784314 0.40392157 0.59607846 0.5921569 0.4117647 0.47843137 0.67058825 0.7137255 0.627451 0.68235296 0.654902
0.38431373 0.40784314 0.48235294 0.4117647 0.5568628 0.75686276 0.74509805 0.6039216 0.5137255 0.53333336 0.43137255 0.3882353 0.39215687 0.4 0.28627452 0.29803923 0.38431373 0.31764707 0.23529412 0.47058824 0.47058824 0.3647059 0.5137255 0.63529414 0.61960787 0.46666667 0.44313726 0.6 0.6862745 0.6313726 0.6784314 0.6901961
0.35686275 0.3882353 0.4117647 0.4117647 0.49803922 0.79607844 0.84313726 0.69411767 0.6156863 0.6 0.64705884 0.52156866 0.4745098 0.5568628 0.41960785 0.28235295 0.5294118 0.38431373 0.39215687 0.45490196 0.5686275 0.41960785 0.5803922 0.61960787 0.6117647 0.6039216 0.627451 0.61960787 0.67058825 0.69803923 0.7058824 0.69803923
0.29803923 0.40392157 0.38431373 0.45490196 0.5294118 0.7647059 0.8 0.79607844 0.8117647 0.7764706 0.72156864 0.7254902 0.7137255 0.7294118 0.6117647 0.43137255 0.60784316 0.40784314 0.49411765 0.41568628 0.65882355 0.4745098 0.62352943 0.6117647 0.62352943 0.5764706 0.67058825 0.7058824 0.6509804 0.7411765 0.6901961 0.6784314
0.42745098 0.4 0.40392157 0.47843137 0.5568628 0.7137255 0.7647059 0.7921569 0.80784315 0.7176471 0.6784314 0.6156863 0.827451 0.83137256 0.77254903 0.68235296 0.72156864 0.5764706 0.5176471 0.3764706 0.62352943 0.54901963 0.6392157 0.5921569 0.627451 0.58431375 0.6784314 0.79607844 0.72156864 0.74509805 0.7254902 0.6784314
0.6392157 0.5294118 0.5647059 0.53333336 0.6039216 0.6862745 0.7372549 0.72156864 0.6313726 0.57254905 0.64705884 0.57254905 0.5882353 0.7411765 0.8 0.79607844 0.76862746 0.7921569 0.6666667 0.45882353 0.5882353 0.70980394 0.6666667 0.6039216 0.68235296 0.54901963 0.654902 0.7254902 0.70980394 0.72156864 0.7058824 0.65882355
0.6745098 0.6627451 0.6784314 0.69803923 0.7019608 0.7137255 0.69803923 0.6509804 0.5019608 0.5254902 0.56078434 0.52156866 0.4 0.5686275 0.6039216 0.59607846 0.5764706 0.83137256 0.83137256 0.64705884 0.5568628 0.62352943 0.60784316 0.62352943 0.6745098 0.6784314 0.7294118 0.65882355 0.6784314 0.68235296 0.64705884 0.6509804
0.69411767 0.6392157 0.7058824 0.73333335 0.7019608 0.72156864 0.7019608 0.7019608 0.56078434 0.54509807 0.5372549 0.5058824 0.3529412 0.3882353 0.47058824 0.4117647 0.40784314 0.77254903 0.77254903 0.7490196 0.5647059 0.53333336 0.6392157 0.69411767 0.73333335 0.7137255 0.7411765 0.7529412 0.7294118 0.67058825 0.6431373 0.58431375
0.6745098 0.6117647 0.6745098 0.67058825 0.6901961 0.69411767 0.6627451 0.74509805 0.56078434 0.6 0.57254905 0.5529412 0.3529412 0.34117648 0.42352942 0.33333334 0.34509805 0.76862746 0.7254902 0.6 0.5058824 0.5882353 0.68235296 0.60784316 0.6901961 0.69803923 0.73333335 0.8117647 0.77254903 0.7137255 0.6313726 0.6
0.654902 0.54901963 0.5921569 0.57254905 0.63529414 0.6627451 0.6862745 0.7607843 0.6117647 0.5882353 0.5921569 0.6313726 0.41568628 0.39607844 0.53333336 0.43137255 0.41568628 0.6901961 0.7372549 0.5686275 0.47843137 0.5137255 0.5529412 0.5411765 0.6 0.7176471 0.7921569 0.7529412 0.73333335 0.72156864 0.6745098 0.654902
0.6039216 0.46666667 0.48235294 0.52156866 0.5019608 0.5686275 0.7058824 0.7490196 0.61960787 0.6 0.69803923 0.6901961 0.4862745 0.4745098 0.58431375 0.54509807 0.5568628 0.64705884 0.6313726 0.5529412 0.4509804 0.47058824 0.6039216 0.52156866 0.58431375 0.74509805 0.77254903 0.72156864 0.73333335 0.7529412 0.6901961 0.7137255
0.49019608 0.39215687 0.41960785 0.4117647 0.42352942 0.5294118 0.7058824 0.7019608 0.63529414 0.59607846 0.6392157 0.6745098 0.6039216 0.627451 0.6392157 0.50980395 0.5921569 0.5882353 0.49411765 0.49803922 0.47843137 0.54901963 0.5176471 0.43529412 0.5647059 0.64705884 0.6901961 0.6431373 0.7137255 0.7294118 0.6862745 0.6862745
0.14509805 0.101960786 0.17254902 0.12941177 0.16862746 0.20392157 0.19215687 0.21568628 0.25882354 0.3529412 0.34509805 0.41568628 0.4392157 0.2901961 0.11372549 0.17254902 0.30980393 0.2901961 0.32156864 0.32941177 0.38039216 0.40784314 0.43529412 0.46666667 0.43137255 0.34509805 0.28627452 0.36862746 0.34901962 0.2784314 0.28235295 0.2509804
0.2509804 0.11372549 0.16078432 0.15294118 0.11372549 0.15294118 0.1882353 0.15686275 0.18039216 0.25490198 0.28627452 0.4 0.38431373 0.34901962 0.15686275 0.18431373 0.27450982 0.29803923 0.3529412 0.44705883 0.47058824 0.5137255 0.47843137 0.38431373 0.35686275 0.3647059 0.40784314 0.35686275 0.18431373 0.11372549 0.24705882 0.23137255
0.23529412 0.26666668 0.34901962 0.26666668 0.20784314 0.21568628 0.2627451 0.32156864 0.21176471 0.14509805 0.25882354 0.3137255 0.2901961 0.35686275 0.23921569 0.18431373 0.29411766 0.3137255 0.3137255 0.4745098 0.45882353 0.34117648 0.3647059 0.4509804 0.41568628 0.34117648 0.38039216 0.4392157 0.28627452 0.20784314 0.25882354 0.35686275
0.15294118 0.32941177 0.44705883 0.4862745 0.4509804 0.4392157 0.4745098 0.5647059 0.43529412 0.27450982 0.28235295 0.3254902 0.32941177 0.3137255 0.19215687 0.12941177 0.2509804 0.20784314 0.24313726 0.4392157 0.3764706 0.24705882 0.28627452 0.36078432 0.46666667 0.31764707 0.15686275 0.3137255 0.3529412 0.38039216 0.21960784 0.22352941
0.16862746 0.25490198 0.3019608 0.4509804 0.34509805 0.29803923 0.36862746 0.34901962 0.30588236 0.2784314 0.3764706 0.38431373 0.34117648 0.28235295 0.28627452 0.25882354 0.22745098 0.15294118 0.27058825 0.30588236 0.25882354 0.1882353 0.23529412 0.24705882 0.34509805 0.36078432 0.36078432 0.30588236 0.2901961 0.4392157 0.41960785 0.30980393
0.2627451 0.22745098 0.24313726 0.32156864 0.1764706 0.14117648 0.14117648 0.15686275 0.28235295 0.19607843 0.22745098 0.22745098 0.24705882 0.1882353 0.21960784 0.27450982 0.28235295 0.18039216 0.23137255 0.22352941 0.16862746 0.24313726 0.2509804 0.29411766 0.27058825 0.23137255 0.40784314 0.43137255 0.3764706 0.27058825 0.3372549 0.3764706
0.21176471 0.21568628 0.34117648 0.34509805 0.38039216 0.29411766 0.25882354 0.2509804 0.29803923 0.23137255 0.16862746 0.21568628 0.30588236 0.35686275 0.3764706 0.3529412 0.37254903 0.27058825 0.24705882 0.33333334 0.2784314 0.3137255 0.2901961 0.30588236 0.22745098 0.22745098 0.32156864 0.44313726 0.40784314 0.2784314 0.21960784 0.20784314
0.21176471 0.2 0.2901961 0.2784314 0.37254903 0.49019608 0.28627452 0.2509804 0.21176471 0.22745098 0.32941177 0.40784314 0.37254903 0.40784314 0.43137255 0.42352942 0.38039216 0.3529412 0.29411766 0.4392157 0.32941177 0.23529412 0.2509804 0.2627451 0.24313726 0.34117648 0.34901962 0.3882353 0.40784314 0.44705883 0.3882353 0.36078432
0.28627452 0.29803923 0.28627452 0.30588236 0.31764707 0.5176471 0.42745098 0.38431373 0.28627452 0.26666668 0.30588236 0.4392157 0.40784314 0.4 0.38039216 0.38431373 0.3764706 0.32941177 0.34901962 0.3019608 0.18039216 0.16862746 0.16078432 0.20784314 0.22352941 0.25490198 0.2627451 0.21568628 0.22352941 0.30980393 0.39607844 0.35686275
0.1882353 0.23529412 0.2509804 0.3137255 0.3372549 0.5294118 0.5529412 0.4745098 0.31764707 0.2901961 0.15686275 0.18039216 0.3019608 0.3137255 0.28627452 0.27450982 0.3764706 0.3137255 0.42352942 0.5294118 0.57254905 0.5921569 0.46666667 0.41568628 0.34117648 0.18039216 0.22352941 0.14901961 0.06666667 0.20784314 0.30588236 0.27058825
0.22352941 0.21176471 0.25490198 0.3137255 0.3764706 0.3529412 0.2627451 0.25882354 0.36078432 0.3254902 0.18039216 0.16078432 0.27450982 0.2509804 0.10980392 0.1764706 0.35686275 0.4509804 0.4392157 0.54901963 0.6666667 0.62352943 0.45882353 0.44313726 0.45490196 0.34901962 0.29803923 0.23137255 0.16470589 0.17254902 0.30588236 0.39607844
0.34509805 0.25882354 0.34901962 0.34901962 0.29803923 0.29411766 0.29803923 0.21960784 0.18431373 0.36078432 0.28627452 0.2509804 0.3254902 0.37254903 0.34901962 0.33333334 0.32156864 0.4509804 0.38039216 0.3647059 0.54901963 0.5372549 0.42745098 0.5294118 0.47843137 0.60784316 0.5411765 0.21568628 0.23921569 0.21568628 0.21568628 0.3137255
0.2901961 0.2509804 0.34509805 0.34117648 0.23921569 0.28235295 0.3019608 0.3137255 0.16078432 0.32156864 0.39607844 0.27058825 0.36078432 0.38039216 0.36862746 0.3529412 0.37254903 0.47843137 0.3882353 0.3647059 0.49803922 0.54901963 0.4392157 0.45490196 0.39215687 0.46666667 0.58431375 0.25490198 0.30588236 0.27450982 0.21960784 0.2627451
0.2509804 0.21176471 0.30588236 0.25490198 0.25490198 0.28627452 0.27450982 0.21176471 0.22352941 0.25490198 0.40392157 0.2627451 0.3764706 0.39607844 0.2784314 0.3019608 0.41960785 0.49803922 0.34509805 0.32156864 0.43529412 0.49411765 0.27058825 0.21960784 0.19215687 0.39215687 0.49411765 0.3764706 0.4509804 0.29411766 0.2 0.22745098
0.34901962 0.2901961 0.32156864 0.26666668 0.20784314 0.2627451 0.30980393 0.30980393 0.18431373 0.1882353 0.3019608 0.41568628 0.41568628 0.25490198 0.25882354 0.26666668 0.31764707 0.47843137 0.37254903 0.23529412 0.39215687 0.32941177 0.2 0.19215687 0.19607843 0.40784314 0.27450982 0.3529412 0.47843137 0.39215687 0.14509805 0.15686275
0.4 0.34901962 0.3882353 0.36078432 0.24705882 0.3764706 0.3372549 0.34509805 0.28627452 0.26666668 0.24313726 0.3529412 0.41568628 0.23921569 0.29411766 0.2784314 0.24313726 0.42745098 0.3764706 0.18431373 0.1882353 0.05490196 0.25882354 0.39215687 0.27058825 0.3529412 0.26666668 0.40784314 0.42352942 0.33333334 0.2627451 0.18039216
0.40784314 0.4392157 0.4117647 0.43529412 0.37254903 0.48235294 0.34509805 0.26666668 0.35686275 0.41568628 0.3019608 0.28235295 0.49019608 0.43137255 0.4 0.24705882 0.13333334 0.2627451 0.40392157 0.29411766 0.011764706 0.09019608 0.32156864 0.3647059 0.23529412 0.4745098 0.32156864 0.37254903 0.4745098 0.39607844 0.4862745 0.32156864
0.47843137 0.52156866 0.49803922 0.5411765 0.47058824 0.5294118 0.41568628 0.32156864 0.31764707 0.39607844 0.23921569 0.29411766 0.6039216 0.45490196 0.4 0.28235295 0.09019608 0.09019608 0.34901962 0.50980395 0.30588236 0.5058824 0.49411765 0.29411766 0.19215687 0.6039216 0.4745098 0.4392157 0.5647059 0.44705883 0.46666667 0.38039216
0.47843137 0.5058824 0.5137255 0.5411765 0.48235294 0.44313726 0.43137255 0.2627451 0.30980393 0.34509805 0.2 0.25882354 0.5686275 0.3882353 0.36078432 0.39607844 0.2 0.18431373 0.29411766 0.5686275 0.4509804 0.41960785 0.43137255 0.3764706 0.20784314 0.44313726 0.44313726 0.52156866 0.5058824 0.42352942 0.37254903 0.4117647
0.32156864 0.36862746 0.42745098 0.42745098 0.41568628 0.42352942 0.44313726 0.3137255 0.32941177 0.36078432 0.27450982 0.49411765 0.46666667 0.29803923 0.2901961 0.28627452 0.35686275 0.28627452 0.23137255 0.47058824 0.39215687 0.21960784 0.30588236 0.43529412 0.34509805 0.3647059 0.34901962 0.48235294 0.40784314 0.3882353 0.40784314 0.40392157
0.21568628 0.2784314 0.3882353 0.2627451 0.3882353 0.45490196 0.46666667 0.3764706 0.3372549 0.39215687 0.34509805 0.48235294 0.34117648 0.25882354 0.20392157 0.24313726 0.32941177 0.22352941 0.15686275 0.46666667 0.3254902 0.11764706 0.3019608 0.48235294 0.45882353 0.2784314 0.29411766 0.44705883 0.5176471 0.4392157 0.48235294 0.4509804
0.20784314 0.23137255 0.3019608 0.21960784 0.3372549 0.5176471 0.5176471 0.38431373 0.30980393 0.34901962 0.28627452 0.2784314 0.3019608 0.34117648 0.24313726 0.25882354 0.33333334 0.2509804 0.14901961 0.36862746 0.35686275 0.23137255 0.39607844 0.49803922 0.4509804 0.3137255 0.2784314 0.4117647 0.4745098 0.42352942 0.47058824 0.4862745
0.19607843 0.23529412 0.2509804 0.23529412 0.29803923 0.5686275 0.62352943 0.48235294 0.40392157 0.4 0.46666667 0.35686275 0.32941177 0.4392157 0.30980393 0.18431373 0.42745098 0.28235295 0.28627452 0.34509805 0.44705883 0.27450982 0.44313726 0.46666667 0.42352942 0.4392157 0.45490196 0.43137255 0.45882353 0.4862745 0.49019608 0.4862745
0.14117648 0.25882354 0.23137255 0.2901961 0.34117648 0.5529412 0.59607846 0.5921569 0.5921569 0.54901963 0.49803922 0.5019608 0.49803922 0.5254902 0.42352942 0.25490198 0.44705883 0.25882354 0.3647059 0.2901961 0.5294118 0.3137255 0.47058824 0.4392157 0.41960785 0.40392157 0.49019608 0.5137255 0.44313726 0.5294118 0.47843137 0.46666667
0.26666668 0.24705882 0.24705882 0.30980393 0.36862746 0.5176471 0.5647059 0.5882353 0.58431375 0.4745098 0.42352942 0.35686275 0.5686275 0.58431375 0.53333336 0.45490196 0.5137255 0.38431373 0.34901962 0.23529412 0.47843137 0.38039216 0.47058824 0.4 0.40784314 0.4 0.49411765 0.6 0.5137255 0.53333336 0.5137255 0.47058824
0.45490196 0.34509805 0.38431373 0.3372549 0.39607844 0.4745098 0.5294118 0.50980395 0.4 0.32156864 0.3882353 0.31764707 0.34117648 0.5058824 0.5686275 0.56078434 0.5411765 0.5764706 0.4745098 0.28627452 0.42745098 0.5411765 0.49803922 0.40784314 0.45490196 0.3529412 0.4627451 0.5254902 0.5019608 0.5137255 0.49411765 0.4509804
0.45490196 0.44705883 0.45882353 0.4745098 0.47058824 0.48235294 0.47058824 0.42352942 0.2627451 0.2784314 0.32156864 0.3019608 0.20392157 0.38431373 0.4117647 0.38431373 0.35686275 0.6156863 0.61960787 0.4509804 0.38431373 0.4627451 0.44705883 0.43529412 0.4509804 0.4862745 0.5372549 0.4509804 0.46666667 0.4745098 0.43137255 0.44313726
0.45490196 0.4 0.4627451 0.4862745 0.45490196 0.47058824 0.45882353 0.4627451 0.31764707 0.30588236 0.3254902 0.3254902 0.20392157 0.24705882 0.31764707 0.23137255 0.2 0.5568628 0.56078434 0.5529412 0.39215687 0.3882353 0.49803922 0.5254902 0.5254902 0.5254902 0.54509807 0.5372549 0.5176471 0.46666667 0.43137255 0.37254903
0.43137255 0.3647059 0.42352942 0.41568628 0.43529412 0.4392157 0.41960785 0.5058824 0.31764707 0.3647059 0.3647059 0.38431373 0.21960784 0.21568628 0.28235295 0.15686275 0.14117648 0.5568628 0.5294118 0.42352942 0.35686275 0.4627451 0.5686275 0.47058824 0.50980395 0.5254902 0.53333336 0.5921569 0.56078434 0.50980395 0.42352942 0.39215687
0.42745098 0.30980393 0.34509805 0.3254902 0.3882353 0.42352942 0.45490196 0.5294118 0.36862746 0.34901962 0.36862746 0.4392157 0.25882354 0.24705882 0.36862746 0.23529412 0.2 0.47843137 0.5529412 0.41568628 0.35686275 0.41568628 0.47058824 0.43529412 0.44705883 0.5647059 0.59607846 0.5254902 0.52156866 0.52156866 0.46666667 0.44313726
0.39607844 0.24705882 0.2509804 0.28627452 0.27058825 0.34901962 0.4862745 0.5254902 0.3764706 0.34901962 0.4509804 0.47058824 0.28627452 0.2784314 0.3764706 0.32156864 0.31764707 0.42745098 0.45882353 0.43137255 0.3647059 0.39215687 0.54509807 0.44313726 0.45490196 0.6039216 0.57254905 0.4862745 0.52156866 0.54901963 0.48235294 0.5058824
0.30980393 0.20784314 0.23137255 0.20784314 0.21176471 0.30980393 0.4862745 0.45882353 0.3882353 0.38431373 0.4392157 0.44705883 0.3647059 0.40392157 0.41960785 0.29411766 0.39215687 0.41568628 0.36078432 0.40392157 0.40392157 0.48235294 0.45882353 0.36078432 0.4509804 0.5176471 0.50980395 0.43137255 0.49411765 0.5176471 0.4745098 0.47843137
1 29 2
9 28 2
30 2 2
9 28 0
29 29 1
28 17 1
23 5 1
12 21 0
28 2 1
30 4 2
29 18 1
1 28 2
30 1 2
1 28 0
9 27 1
18 17 1
1 2 2
22 25 0
2 6 2
4 17 1
13 16 0
23 26 1
25 24 1
4 21 0
28 28 1
29 25 1
27 16 2
1 3 2
29 4 1
24 20 1
