32, 32, 3, 30
0.7411765 0.7647059 0.7607843 0.7411765 0.7294118 0.7254902 0.72156864 0.7176471 0.72156864 0.72156864 0.7176471 0.7137255 0.7137255 0.69411767 0.7019608 0.7058824 0.67058825 0.65882355 0.6666667 0.6431373 0.60784316 0.6 0.62352943 0.6431373 0.6392157 0.6117647 0.5803922 0.56078434 0.5529412 0.5294118 0.5176471 0.5176471
0.6156863 0.6666667 0.65882355 0.61960787 0.60784316 0.60784316 0.60784316 0.60784316 0.6117647 0.62352943 0.627451 0.6313726 0.63529414 0.6431373 0.6509804 0.654902 0.654902 0.654902 0.67058825 0.6784314 0.6627451 0.63529414 0.69411767 0.7137255 0.7058824 0.69803923 0.69411767 0.69411767 0.69411767 0.6862745 0.6862745 0.6901961
0.7529412 0.7490196 0.7411765 0.74509805 0.7490196 0.7490196 0.7411765 0.7411765 0.7490196 0.7647059 0.80784315 0.7921569 0.7411765 0.7411765 0.7294118 0.7294118 0.7254902 0.7176471 0.7137255 0.6745098 0.6784314 0.6745098 0.70980394 0.7137255 0.7176471 0.7176471 0.70980394 0.7058824 0.7137255 0.7058824 0.7019608 0.7019608
0.6784314 0.67058825 0.6666667 0.6901961 0.6862745 0.68235296 0.6862745 0.6901961 0.7411765 0.73333335 0.8156863 0.83137256 0.74509805 0.69803923 0.6431373 0.6784314 0.6784314 0.67058825 0.6666667 0.654902 0.6666667 0.67058825 0.6784314 0.6862745 0.6862745 0.6862745 0.6862745 0.68235296 0.6862745 0.68235296 0.68235296 0.6862745
0.6313726 0.6392157 0.6313726 0.64705884 0.6431373 0.6392157 0.64705884 0.63529414 0.73333335 0.78431374 0.78431374 0.8156863 0.7529412 0.6901961 0.58431375 0.63529414 0.62352943 0.62352943 0.627451 0.61960787 0.60784316 0.5921569 0.6 0.6156863 0.6156863 0.59607846 0.57254905 0.5803922 0.5764706 0.5686275 0.5764706 0.5803922
0.5372549 0.5764706 0.57254905 0.53333336 0.5372549 0.5411765 0.54509807 0.5411765 0.6627451 0.827451 0.81960785 0.8235294 0.827451 0.67058825 0.5294118 0.62352943 0.627451 0.6392157 0.5686275 0.54509807 0.5411765 0.5411765 0.57254905 0.62352943 0.63529414 0.6039216 0.5882353 0.6117647 0.6117647 0.61960787 0.6313726 0.6392157
0.6745098 0.67058825 0.6784314 0.67058825 0.6666667 0.6666667 0.6666667 0.654902 0.64705884 0.7058824 0.76862746 0.8117647 0.89411765 0.7411765 0.4627451 0.7921569 0.90588236 0.8392157 0.7411765 0.70980394 0.7058824 0.69803923 0.7019608 0.70980394 0.70980394 0.7058824 0.7137255 0.7176471 0.7176471 0.7176471 0.7176471 0.7176471
0.7058824 0.69411767 0.68235296 0.69411767 0.69803923 0.69411767 0.6901961 0.6784314 0.61960787 0.67058825 0.7764706 0.9019608 0.9137255 0.8 0.4862745 0.75686276 0.9647059 0.9490196 0.9254902 0.7921569 0.70980394 0.69803923 0.6901961 0.6901961 0.69411767 0.69411767 0.6901961 0.6901961 0.69411767 0.69411767 0.69411767 0.69411767
0.6666667 0.6666667 0.654902 0.654902 0.654902 0.6509804 0.654902 0.61960787 0.5764706 0.7921569 0.9647059 0.9882353 0.98039216 0.8352941 0.63529414 0.6745098 0.83137256 0.83137256 0.9098039 0.87058824 0.7411765 0.6901961 0.6784314 0.6901961 0.69411767 0.6901961 0.69411767 0.69411767 0.6901961 0.6901961 0.6901961 0.69411767
0.64705884 0.6431373 0.63529414 0.627451 0.62352943 0.627451 0.627451 0.58431375 0.69803923 0.972549 1.0 0.9882353 0.92941177 0.73333335 0.654902 0.6666667 0.7490196 0.74509805 0.73333335 0.8980392 0.8 0.70980394 0.6901961 0.69803923 0.7019608 0.7019608 0.7137255 0.70980394 0.69803923 0.7019608 0.7058824 0.7137255
0.61960787 0.6156863 0.6156863 0.60784316 0.6039216 0.6117647 0.60784316 0.58431375 0.81960785 1.0 0.98039216 0.9607843 0.73333335 0.50980395 0.60784316 0.6 0.7058824 0.7647059 0.627451 0.77254903 0.84313726 0.7254902 0.65882355 0.6392157 0.6431373 0.61960787 0.60784316 0.6039216 0.6 0.6039216 0.5921569 0.5803922
0.47843137 0.5176471 0.54509807 0.47843137 0.4627451 0.45882353 0.45882353 0.49411765 0.75686276 0.9607843 0.96862745 0.92941177 0.61960787 0.3882353 0.69411767 0.5137255 0.64705884 0.6509804 0.5647059 0.6627451 0.827451 0.7058824 0.5764706 0.5882353 0.59607846 0.5294118 0.5019608 0.5137255 0.52156866 0.54509807 0.53333336 0.5137255
0.64705884 0.65882355 0.65882355 0.627451 0.61960787 0.6156863 0.61960787 0.60784316 0.6431373 0.9098039 0.9607843 0.9019608 0.7529412 0.61960787 0.74509805 0.56078434 0.5294118 0.50980395 0.53333336 0.7294118 0.76862746 0.7411765 0.7254902 0.7254902 0.73333335 0.7176471 0.7254902 0.7294118 0.73333335 0.7490196 0.7490196 0.7372549
0.69411767 0.6862745 0.6784314 0.6784314 0.6666667 0.67058825 0.6784314 0.6627451 0.61960787 0.8627451 0.91764706 0.9254902 0.8392157 0.7490196 0.77254903 0.5803922 0.47843137 0.4862745 0.5411765 0.6784314 0.7058824 0.7294118 0.75686276 0.70980394 0.70980394 0.7058824 0.7058824 0.7137255 0.72156864 0.7137255 0.70980394 0.70980394
0.654902 0.654902 0.6509804 0.6431373 0.6431373 0.6431373 0.6509804 0.6431373 0.67058825 0.8862745 0.9529412 0.9647059 0.8784314 0.8 0.73333335 0.52156866 0.4627451 0.56078434 0.42352942 0.56078434 0.6392157 0.7058824 0.80784315 0.76862746 0.7058824 0.6784314 0.69803923 0.69803923 0.7058824 0.70980394 0.7058824 0.7137255
0.6431373 0.63529414 0.6392157 0.6392157 0.6392157 0.6313726 0.627451 0.6392157 0.6156863 0.5803922 0.69803923 0.92156863 0.81960785 0.68235296 0.63529414 0.38431373 0.48235294 0.5921569 0.41568628 0.44705883 0.60784316 0.6862745 0.81960785 0.85882354 0.7882353 0.7019608 0.69411767 0.6901961 0.73333335 0.8 0.8627451 0.9019608
0.627451 0.6313726 0.627451 0.627451 0.61960787 0.60784316 0.60784316 0.62352943 0.6392157 0.78431374 0.5882353 0.63529414 0.7372549 0.5372549 0.41960785 0.3254902 0.5019608 0.5686275 0.3882353 0.37254903 0.5803922 0.627451 0.76862746 0.81960785 0.8235294 0.78431374 0.79607844 0.8627451 0.93333334 0.98039216 1.0 0.9764706
0.4745098 0.54509807 0.5764706 0.5058824 0.47843137 0.47843137 0.4745098 0.45490196 0.64705884 1.0 0.8862745 0.45490196 0.6117647 0.41960785 0.24705882 0.28235295 0.45490196 0.54901963 0.36078432 0.29803923 0.47843137 0.5803922 0.7176471 0.8 0.8156863 0.78431374 0.8235294 0.8745098 0.9529412 0.99215686 0.99607843 0.98039216
0.6392157 0.6431373 0.654902 0.6431373 0.6313726 0.6313726 0.627451 0.6117647 0.78431374 0.972549 0.9137255 0.6666667 0.4392157 0.28235295 0.21960784 0.27058825 0.34117648 0.5176471 0.36078432 0.25490198 0.38431373 0.5372549 0.6901961 0.7058824 0.7058824 0.7607843 0.79607844 0.81960785 0.9254902 0.93333334 0.9607843 1.0
0.6627451 0.65882355 0.654902 0.67058825 0.6627451 0.6627451 0.67058825 0.67058825 0.827451 0.92156863 0.85490197 0.84313726 0.46666667 0.2627451 0.23921569 0.28627452 0.3254902 0.44705883 0.37254903 0.2509804 0.31764707 0.45882353 0.6 0.7490196 0.83137256 0.8509804 0.93333334 0.99607843 0.99607843 0.95686275 0.94509804 0.9882353
0.64705884 0.654902 0.64705884 0.6431373 0.6431373 0.654902 0.65882355 0.62352943 0.6745098 0.76862746 0.5921569 0.6784314 0.28627452 0.27450982 0.28627452 0.30980393 0.39215687 0.4 0.3529412 0.25882354 0.3019608 0.41568628 0.56078434 0.68235296 0.92156863 0.9529412 0.9843137 1.0 0.99607843 0.9882353 0.9607843 0.96862745
0.6745098 0.67058825 0.67058825 0.654902 0.64705884 0.67058825 0.6745098 0.61960787 0.42352942 0.40392157 0.39607844 0.47843137 0.34117648 0.37254903 0.32156864 0.34901962 0.42352942 0.41960785 0.3529412 0.30588236 0.4117647 0.43137255 0.5921569 0.65882355 0.85882354 0.94509804 0.95686275 0.9843137 0.98039216 0.9764706 0.9647059 0.9607843
0.6313726 0.6431373 0.6509804 0.6392157 0.64705884 0.654902 0.654902 0.6431373 0.39607844 0.21176471 0.30588236 0.4509804 0.60784316 0.46666667 0.34509805 0.35686275 0.41568628 0.5411765 0.47843137 0.39607844 0.63529414 0.6509804 0.58431375 0.7019608 0.827451 0.8784314 0.91764706 0.95686275 0.9490196 0.95686275 0.94509804 0.93333334
0.34901962 0.39607844 0.4509804 0.3882353 0.3529412 0.34509805 0.36078432 0.3764706 0.34509805 0.23137255 0.22352941 0.3647059 0.47058824 0.40392157 0.36078432 0.35686275 0.4 0.5921569 0.6509804 0.59607846 0.8117647 0.91764706 0.7137255 0.6745098 0.80784315 0.85490197 0.8862745 0.9490196 0.91764706 0.93333334 0.9098039 0.8980392
0.28627452 0.28627452 0.28627452 0.27058825 0.25490198 0.25490198 0.25490198 0.2509804 0.28235295 0.29803923 0.3019608 0.3019608 0.2901961 0.32156864 0.3764706 0.35686275 0.37254903 0.59607846 0.78431374 0.8509804 0.9607843 0.9764706 0.8392157 0.6627451 0.73333335 0.8039216 0.8392157 0.9529412 0.9411765 0.9490196 0.9254902 0.88235295
0.3019608 0.29803923 0.28627452 0.3019608 0.29411766 0.29411766 0.28627452 0.28627452 0.3019608 0.2901961 0.30588236 0.3019608 0.29803923 0.32941177 0.4 0.3764706 0.3882353 0.6039216 0.8117647 0.91764706 0.9882353 0.9411765 0.89411765 0.7490196 0.79607844 0.7764706 0.8156863 0.9490196 0.96862745 0.94509804 0.9372549 0.92156863
0.30588236 0.3019608 0.29803923 0.30980393 0.29803923 0.28235295 0.2901961 0.2901961 0.2901961 0.29803923 0.3137255 0.3137255 0.30588236 0.32941177 0.40392157 0.4 0.40784314 0.59607846 0.7882353 0.90588236 0.95686275 0.90588236 0.8627451 0.8117647 0.78431374 0.74509805 0.7882353 0.92156863 0.9529412 0.91764706 0.91764706 0.9254902
0.31764707 0.3137255 0.31764707 0.30980393 0.3137255 0.3137255 0.34509805 0.3254902 0.31764707 0.3137255 0.31764707 0.31764707 0.3254902 0.34509805 0.42352942 0.41960785 0.41960785 0.57254905 0.77254903 0.9372549 0.9411765 0.8862745 0.8156863 0.7882353 0.69803923 0.7019608 0.77254903 0.8627451 0.8784314 0.8627451 0.8666667 0.8745098
0.31764707 0.3137255 0.33333334 0.30980393 0.3254902 0.34901962 0.36078432 0.3372549 0.34117648 0.34117648 0.34117648 0.3372549 0.33333334 0.34901962 0.42745098 0.42745098 0.42352942 0.5372549 0.8352941 0.9529412 0.93333334 0.85882354 0.7490196 0.74509805 0.6666667 0.6862745 0.73333335 0.78431374 0.7882353 0.8 0.80784315 0.80784315
0.34509805 0.3137255 0.3137255 0.29803923 0.31764707 0.34117648 0.34117648 0.33333334 0.34117648 0.3882353 0.35686275 0.35686275 0.33333334 0.34901962 0.41960785 0.42352942 0.4117647 0.5686275 0.85490197 0.9254902 0.90588236 0.8 0.7176471 0.7019608 0.63529414 0.5803922 0.60784316 0.65882355 0.7137255 0.74509805 0.7607843 0.7254902
0.2784314 0.26666668 0.29803923 0.2901961 0.27058825 0.27450982 0.2901961 0.2901961 0.29803923 0.32156864 0.30588236 0.29803923 0.28627452 0.3254902 0.4392157 0.43529412 0.42745098 0.5372549 0.7529412 0.8784314 0.8352941 0.7411765 0.7019608 0.69411767 0.59607846 0.4117647 0.4745098 0.58431375 0.63529414 0.654902 0.627451 0.5647059
0.28235295 0.29803923 0.3254902 0.30980393 0.2901961 0.2784314 0.27450982 0.28627452 0.2901961 0.2627451 0.26666668 0.25490198 0.24313726 0.2901961 0.43529412 0.44313726 0.44313726 0.49411765 0.6627451 0.8156863 0.7882353 0.7294118 0.63529414 0.65882355 0.5372549 0.38431373 0.52156866 0.6 0.53333336 0.49019608 0.40392157 0.35686275
0.7176471 0.7411765 0.7411765 0.73333335 0.7254902 0.72156864 0.7176471 0.7176471 0.72156864 0.72156864 0.7176471 0.7137255 0.7137255 0.69411767 0.7019608 0.7058824 0.67058825 0.65882355 0.6666667 0.6431373 0.60784316 0.6 0.62352943 0.6431373 0.6392157 0.6117647 0.58431375 0.5647059 0.5568628 0.53333336 0.5176471 0.5176471
0.6039216 0.654902 0.64705884 0.6156863 0.6039216 0.6039216 0.6039216 0.60784316 0.6117647 0.62352943 0.627451 0.6313726 0.63529414 0.6431373 0.6509804 0.654902 0.654902 0.654902 0.67058825 0.68235296 0.6666667 0.6392157 0.69803923 0.7176471 0.70980394 0.7019608 0.69803923 0.69803923 0.69803923 0.6901961 0.6862745 0.6901961
0.7529412 0.7490196 0.7411765 0.7411765 0.74509805 0.74509805 0.7372549 0.7411765 0.7490196 0.7647059 0.80784315 0.7921569 0.7411765 0.7411765 0.7294118 0.7294118 0.7254902 0.7176471 0.7137255 0.6784314 0.6784314 0.6784314 0.7137255 0.7176471 0.7176471 0.7176471 0.7137255 0.70980394 0.7176471 0.70980394 0.7019608 0.7019608
0.68235296 0.6745098 0.67058825 0.6862745 0.68235296 0.6784314 0.68235296 0.6901961 0.7411765 0.73333335 0.8156863 0.83137256 0.74509805 0.69803923 0.6431373 0.6784314 0.6784314 0.67058825 0.6666667 0.654902 0.6666667 0.67058825 0.6784314 0.68235296 0.68235296 0.6862745 0.6901961 0.68235296 0.6901961 0.6862745 0.68235296 0.6862745
0.63529414 0.6392157 0.63529414 0.64705884 0.6431373 0.6392157 0.64705884 0.63529414 0.73333335 0.78431374 0.78039217 0.8117647 0.74509805 0.6862745 0.5803922 0.63529414 0.62352943 0.627451 0.627451 0.61960787 0.6039216 0.5921569 0.59607846 0.6156863 0.6117647 0.5921569 0.57254905 0.5803922 0.5764706 0.5686275 0.5764706 0.5803922
0.5372549 0.5764706 0.57254905 0.53333336 0.5372549 0.5411765 0.54509807 0.5411765 0.6627451 0.827451 0.81960785 0.8156863 0.81960785 0.6627451 0.52156866 0.62352943 0.627451 0.6431373 0.5686275 0.54509807 0.5411765 0.5411765 0.57254905 0.62352943 0.63529414 0.6039216 0.5882353 0.6117647 0.6117647 0.61960787 0.6313726 0.6392157
0.6745098 0.67058825 0.6784314 0.67058825 0.6666667 0.6666667 0.6666667 0.654902 0.64705884 0.7058824 0.7647059 0.8039216 0.8862745 0.73333335 0.45490196 0.7882353 0.90588236 0.84313726 0.7411765 0.70980394 0.7058824 0.69803923 0.7019608 0.70980394 0.70980394 0.7058824 0.7137255 0.7176471 0.7176471 0.7176471 0.7176471 0.7176471
0.7058824 0.69411767 0.68235296 0.69411767 0.69803923 0.69411767 0.6901961 0.6784314 0.61960787 0.67058825 0.77254903 0.89411765 0.90588236 0.7921569 0.47843137 0.7529412 0.9647059 0.9490196 0.9254902 0.7921569 0.70980394 0.69803923 0.6901961 0.6901961 0.69411767 0.69411767 0.6901961 0.6901961 0.69411767 0.69411767 0.69411767 0.69411767
0.6666667 0.6666667 0.654902 0.654902 0.654902 0.6509804 0.654902 0.61960787 0.5764706 0.79607844 0.9607843 0.9843137 0.972549 0.827451 0.627451 0.6745098 0.83137256 0.83137256 0.9137255 0.87058824 0.7411765 0.6901961 0.6784314 0.6901961 0.69411767 0.6901961 0.69411767 0.69411767 0.6901961 0.6901961 0.6901961 0.69411767
0.64705884 0.6431373 0.63529414 0.627451 0.62352943 0.627451 0.627451 0.58431375 0.69803923 0.972549 1.0 0.9764706 0.91764706 0.73333335 0.6392157 0.6431373 0.7372549 0.7411765 0.73333335 0.8980392 0.79607844 0.7058824 0.6862745 0.69803923 0.7019608 0.7019608 0.7137255 0.70980394 0.69803923 0.7019608 0.7058824 0.7137255
0.61960787 0.6156863 0.6156863 0.60784316 0.6039216 0.6117647 0.60784316 0.58431375 0.81960785 1.0 0.972549 0.9411765 0.72156864 0.50980395 0.5882353 0.5647059 0.6901961 0.75686276 0.627451 0.76862746 0.8392157 0.72156864 0.654902 0.6392157 0.6431373 0.61960787 0.60784316 0.6039216 0.6 0.6039216 0.5921569 0.5803922
0.47843137 0.5176471 0.54509807 0.47843137 0.4627451 0.45882353 0.45882353 0.49411765 0.75686276 0.9607843 0.9607843 0.90588236 0.60784316 0.39215687 0.6745098 0.48235294 0.6313726 0.64705884 0.56078434 0.65882355 0.8235294 0.7019608 0.5764706 0.5921569 0.6 0.53333336 0.5019608 0.5137255 0.52156866 0.54509807 0.53333336 0.5137255
0.64705884 0.65882355 0.65882355 0.627451 0.61960787 0.6156863 0.61960787 0.60784316 0.6431373 0.9098039 0.9490196 0.8784314 0.7372549 0.61960787 0.7254902 0.5254902 0.5137255 0.5019608 0.5294118 0.7254902 0.7647059 0.7372549 0.7254902 0.7254902 0.7372549 0.72156864 0.7254902 0.7294118 0.73333335 0.7490196 0.7490196 0.7372549
0.69411767 0.6862745 0.6784314 0.6784314 0.6666667 0.67058825 0.6784314 0.6627451 0.61960787 0.8666667 0.9098039 0.90588236 0.827451 0.7490196 0.7529412 0.54509807 0.4627451 0.47843137 0.5372549 0.6745098 0.7019608 0.7254902 0.75686276 0.7058824 0.70980394 0.7058824 0.7058824 0.7176471 0.72156864 0.7137255 0.70980394 0.70980394
0.654902 0.654902 0.6509804 0.6431373 0.6431373 0.6431373 0.6509804 0.6431373 0.67058825 0.8862745 0.9490196 0.95686275 0.8745098 0.79607844 0.7176471 0.49411765 0.44313726 0.54509807 0.41568628 0.5568628 0.63529414 0.7019608 0.8 0.7647059 0.7019608 0.6745098 0.69803923 0.69803923 0.70980394 0.70980394 0.70980394 0.7137255
0.6431373 0.63529414 0.6392157 0.6392157 0.6392157 0.6313726 0.627451 0.6392157 0.6156863 0.5803922 0.69803923 0.91764706 0.8156863 0.68235296 0.62352943 0.3647059 0.45882353 0.5686275 0.40392157 0.44313726 0.6039216 0.68235296 0.8117647 0.84705883 0.7764706 0.69411767 0.69411767 0.6901961 0.73333335 0.8039216 0.8666667 0.8980392
0.627451 0.6313726 0.627451 0.627451 0.61960787 0.60784316 0.60784316 0.62352943 0.6392157 0.78431374 0.5882353 0.63529414 0.7372549 0.5372549 0.4117647 0.30588236 0.48235294 0.5529412 0.38039216 0.36862746 0.5764706 0.62352943 0.75686276 0.8039216 0.8039216 0.76862746 0.7921569 0.85490197 0.92941177 0.9764706 0.99215686 0.9647059
0.4745098 0.54509807 0.5764706 0.5058824 0.47843137 0.47843137 0.4745098 0.45490196 0.64705884 1.0 0.8862745 0.45882353 0.6156863 0.41960785 0.24705882 0.2784314 0.4509804 0.54509807 0.35686275 0.29411766 0.4745098 0.5764706 0.69803923 0.7764706 0.7882353 0.7647059 0.8039216 0.85882354 0.9372549 0.9764706 0.9843137 0.9607843
0.6392157 0.6431373 0.654902 0.6431373 0.6313726 0.6313726 0.627451 0.6117647 0.78431374 0.972549 0.9137255 0.6666667 0.44313726 0.28627452 0.21960784 0.27058825 0.34117648 0.5176471 0.36078432 0.2509804 0.38039216 0.5294118 0.6627451 0.67058825 0.67058825 0.7294118 0.7764706 0.8 0.90588236 0.9137255 0.9411765 0.98039216
0.6627451 0.65882355 0.654902 0.67058825 0.6627451 0.6627451 0.6666667 0.6666667 0.827451 0.92156863 0.85490197 0.8509804 0.47058824 0.25882354 0.23529412 0.28627452 0.32156864 0.44705883 0.36862746 0.24705882 0.30588236 0.44313726 0.5764706 0.72156864 0.79607844 0.8156863 0.91764706 0.9843137 0.9843137 0.92941177 0.8980392 0.95686275
0.64705884 0.654902 0.64705884 0.6431373 0.6431373 0.654902 0.654902 0.61960787 0.67058825 0.7647059 0.5921569 0.6862745 0.28627452 0.2627451 0.28235295 0.30980393 0.3882353 0.39607844 0.3529412 0.25490198 0.28627452 0.39215687 0.54509807 0.65882355 0.8862745 0.91764706 0.9647059 0.9882353 0.98039216 0.95686275 0.90588236 0.93333334
0.6745098 0.67058825 0.67058825 0.654902 0.64705884 0.67058825 0.6745098 0.6156863 0.41960785 0.4 0.40392157 0.4862745 0.34117648 0.3647059 0.31764707 0.34901962 0.41960785 0.41568628 0.3529412 0.3019608 0.39607844 0.4117647 0.5764706 0.63529414 0.8235294 0.9098039 0.92941177 0.95686275 0.9529412 0.94509804 0.92156863 0.92941177
0.6313726 0.6431373 0.6509804 0.6392157 0.64705884 0.654902 0.654902 0.6431373 0.39607844 0.20784314 0.30980393 0.4627451 0.60784316 0.45490196 0.34117648 0.35686275 0.4117647 0.5372549 0.47843137 0.39215687 0.61960787 0.6313726 0.5686275 0.6784314 0.7921569 0.84313726 0.88235295 0.92156863 0.9137255 0.92156863 0.9137255 0.90588236
0.34901962 0.39607844 0.4509804 0.3882353 0.3529412 0.34509805 0.36078432 0.3764706 0.34509805 0.23137255 0.22745098 0.3764706 0.47058824 0.39215687 0.35686275 0.35686275 0.39607844 0.5882353 0.6509804 0.5921569 0.8 0.8980392 0.69411767 0.6509804 0.77254903 0.8156863 0.84705883 0.9098039 0.8784314 0.9019608 0.8862745 0.87058824
0.28627452 0.28627452 0.28627452 0.26666668 0.2509804 0.2509804 0.2509804 0.24705882 0.2784314 0.29411766 0.3019608 0.3019608 0.28627452 0.31764707 0.37254903 0.35686275 0.36862746 0.5921569 0.7764706 0.84313726 0.94509804 0.9490196 0.8156863 0.63529414 0.7019608 0.77254903 0.80784315 0.92156863 0.9098039 0.91764706 0.9019608 0.85882354
0.3019608 0.29803923 0.28627452 0.29803923 0.2901961 0.2901961 0.28235295 0.28235295 0.29803923 0.28627452 0.3019608 0.29803923 0.29411766 0.3254902 0.39607844 0.3764706 0.3882353 0.6 0.8039216 0.9019608 0.9647059 0.90588236 0.8627451 0.72156864 0.76862746 0.7529412 0.7882353 0.92156863 0.9411765 0.91764706 0.9098039 0.89411765
0.30588236 0.3019608 0.29803923 0.30588236 0.29411766 0.2784314 0.28627452 0.28627452 0.28627452 0.29411766 0.30980393 0.30980393 0.3019608 0.3254902 0.4 0.4 0.40784314 0.5921569 0.78039217 0.89411765 0.93333334 0.87058824 0.8352941 0.78431374 0.75686276 0.7176471 0.7607843 0.89411765 0.9254902 0.8901961 0.8901961 0.8980392
0.31764707 0.3137255 0.31764707 0.30588236 0.30980393 0.30980393 0.34117648 0.32156864 0.3137255 0.30980393 0.3137255 0.3137255 0.32156864 0.34117648 0.41960785 0.41960785 0.41568628 0.5686275 0.7647059 0.9254902 0.91764706 0.8509804 0.78431374 0.7647059 0.67058825 0.6745098 0.74509805 0.8352941 0.8509804 0.8352941 0.8392157 0.84705883
0.31764707 0.3137255 0.33333334 0.30980393 0.32156864 0.34509805 0.35686275 0.33333334 0.3372549 0.3372549 0.3372549 0.33333334 0.32941177 0.34509805 0.42352942 0.42745098 0.42352942 0.53333336 0.827451 0.9411765 0.9098039 0.8235294 0.7176471 0.72156864 0.6392157 0.6627451 0.7058824 0.75686276 0.7607843 0.77254903 0.78039217 0.78039217
0.34509805 0.3137255 0.30980393 0.29803923 0.31764707 0.34117648 0.3372549 0.33333334 0.3372549 0.38431373 0.35686275 0.3529412 0.33333334 0.34509805 0.41960785 0.42352942 0.40784314 0.5647059 0.84705883 0.9098039 0.88235295 0.7647059 0.68235296 0.6784314 0.6156863 0.5647059 0.5882353 0.63529414 0.6901961 0.72156864 0.7411765 0.70980394
0.2784314 0.26666668 0.29803923 0.2901961 0.27058825 0.27450982 0.2901961 0.2901961 0.29803923 0.32156864 0.30588236 0.29803923 0.28627452 0.3254902 0.4392157 0.43529412 0.42352942 0.53333336 0.7490196 0.8666667 0.8117647 0.7058824 0.6666667 0.67058825 0.58431375 0.4 0.45490196 0.5647059 0.6156863 0.63529414 0.61960787 0.5568628
0.28235295 0.29803923 0.3254902 0.30980393 0.2901961 0.2784314 0.27450982 0.28627452 0.2901961 0.2627451 0.26666668 0.25490198 0.24313726 0.2901961 0.43529412 0.44313726 0.4392157 0.49019608 0.65882355 0.8117647 0.7764706 0.7019608 0.6 0.63529414 0.5254902 0.3764706 0.50980395 0.58431375 0.5176471 0.48235294 0.40392157 0.35686275
0.7176471 0.7411765 0.7411765 0.7254902 0.7176471 0.7137255 0.7137255 0.7176471 0.72156864 0.72156864 0.7176471 0.7137255 0.7137255 0.69411767 0.7019608 0.7058824 0.67058825 0.65882355 0.6666667 0.6431373 0.6039216 0.59607846 0.62352943 0.6431373 0.63529414 0.6117647 0.5921569 0.57254905 0.5647059 0.5411765 0.5254902 0.5254902
0.6 0.6509804 0.6431373 0.60784316 0.59607846 0.59607846 0.6 0.60784316 0.6117647 0.62352943 0.627451 0.6313726 0.63529414 0.6431373 0.6509804 0.654902 0.654902 0.654902 0.65882355 0.65882355 0.64705884 0.61960787 0.6784314 0.69411767 0.6901961 0.6862745 0.7019608 0.7058824 0.7058824 0.69803923 0.69411767 0.69803923
0.74509805 0.7411765 0.73333335 0.73333335 0.7372549 0.7372549 0.73333335 0.7372549 0.7490196 0.7647059 0.80784315 0.7921569 0.7411765 0.7411765 0.7294118 0.7294118 0.7254902 0.7176471 0.7058824 0.6627451 0.6666667 0.6666667 0.69803923 0.7058824 0.7058824 0.70980394 0.72156864 0.7176471 0.7254902 0.7176471 0.70980394 0.70980394
0.6745098 0.6666667 0.65882355 0.6784314 0.6745098 0.67058825 0.6784314 0.6901961 0.7411765 0.73333335 0.8156863 0.83137256 0.74509805 0.69803923 0.6431373 0.6784314 0.6784314 0.67058825 0.6745098 0.6666667 0.6784314 0.68235296 0.6901961 0.69803923 0.69803923 0.69803923 0.69803923 0.6901961 0.69803923 0.69411767 0.6901961 0.6901961
0.62352943 0.6313726 0.627451 0.6431373 0.6392157 0.6392157 0.6431373 0.63529414 0.73333335 0.78431374 0.78039217 0.8156863 0.7490196 0.6862745 0.5882353 0.6431373 0.62352943 0.6156863 0.627451 0.627451 0.6156863 0.6 0.6039216 0.62352943 0.62352943 0.6 0.5764706 0.58431375 0.5803922 0.57254905 0.5764706 0.5803922
0.5294118 0.5686275 0.5647059 0.53333336 0.5372549 0.5411765 0.54509807 0.5411765 0.6627451 0.827451 0.81960785 0.81960785 0.8235294 0.6666667 0.5372549 0.63529414 0.62352943 0.62352943 0.56078434 0.54509807 0.5411765 0.5411765 0.57254905 0.62352943 0.63529414 0.6039216 0.5882353 0.6117647 0.6117647 0.61960787 0.6313726 0.6392157
0.6666667 0.6627451 0.67058825 0.67058825 0.6666667 0.6666667 0.6666667 0.654902 0.64705884 0.7058824 0.76862746 0.80784315 0.8901961 0.7372549 0.47058824 0.8 0.90588236 0.827451 0.73333335 0.70980394 0.7058824 0.69803923 0.7019608 0.70980394 0.70980394 0.7058824 0.7137255 0.7176471 0.7176471 0.7176471 0.7176471 0.7176471
0.69803923 0.6862745 0.6745098 0.69411767 0.69803923 0.69411767 0.6901961 0.6784314 0.61960787 0.67058825 0.7764706 0.8980392 0.9098039 0.79607844 0.49411765 0.7647059 0.9647059 0.9372549 0.92156863 0.79607844 0.70980394 0.69803923 0.6901961 0.6901961 0.69411767 0.69411767 0.6901961 0.6901961 0.69411767 0.69411767 0.69411767 0.69411767
0.65882355 0.65882355 0.64705884 0.654902 0.654902 0.6509804 0.654902 0.61960787 0.5764706 0.79607844 0.9647059 0.9882353 0.9764706 0.83137256 0.6392157 0.68235296 0.827451 0.8156863 0.90588236 0.87058824 0.7411765 0.6901961 0.68235296 0.6901961 0.69411767 0.6901961 0.69411767 0.69411767 0.6901961 0.6901961 0.6901961 0.69411767
0.6392157 0.63529414 0.627451 0.627451 0.62352943 0.627451 0.627451 0.58431375 0.69803923 0.972549 1.0 0.9843137 0.92156863 0.73333335 0.6392157 0.63529414 0.7254902 0.7254902 0.72156864 0.8901961 0.7921569 0.7019608 0.69803923 0.70980394 0.7176471 0.7137255 0.7137255 0.7058824 0.69803923 0.7019608 0.7058824 0.7137255
0.6117647 0.60784316 0.60784316 0.60784316 0.6039216 0.6117647 0.60784316 0.58431375 0.81960785 1.0 0.9764706 0.9490196 0.7254902 0.50980395 0.5803922 0.5568628 0.67058825 0.7372549 0.6156863 0.7607843 0.83137256 0.7137255 0.654902 0.6392157 0.6431373 0.61960787 0.60784316 0.6039216 0.6 0.6039216 0.5921569 0.5803922
0.47058824 0.50980395 0.5372549 0.47843137 0.4627451 0.45882353 0.45882353 0.49411765 0.75686276 0.9607843 0.9607843 0.9137255 0.6117647 0.3882353 0.6666667 0.47058824 0.6117647 0.627451 0.54901963 0.6509804 0.8156863 0.69411767 0.56078434 0.5686275 0.5803922 0.5137255 0.5019608 0.5137255 0.52156866 0.54509807 0.53333336 0.5137255
0.6392157 0.6509804 0.654902 0.627451 0.61960787 0.6156863 0.61960787 0.60784316 0.6431373 0.9098039 0.9529412 0.8862745 0.7411765 0.61960787 0.72156864 0.5137255 0.49803922 0.48235294 0.5176471 0.72156864 0.75686276 0.7294118 0.7137255 0.7137255 0.72156864 0.70980394 0.7254902 0.7294118 0.73333335 0.7490196 0.7490196 0.7372549
0.6862745 0.6784314 0.67058825 0.6784314 0.6666667 0.67058825 0.6784314 0.6627451 0.61960787 0.8627451 0.9137255 0.9137255 0.83137256 0.7529412 0.74509805 0.5372549 0.44313726 0.45882353 0.5254902 0.6666667 0.69411767 0.72156864 0.7647059 0.7176471 0.72156864 0.7137255 0.70980394 0.7176471 0.72156864 0.7137255 0.70980394 0.70980394
0.64705884 0.64705884 0.6431373 0.6431373 0.6431373 0.6431373 0.6509804 0.6431373 0.67058825 0.8862745 0.9529412 0.96862745 0.8862745 0.8117647 0.7137255 0.4862745 0.44313726 0.5294118 0.4 0.54901963 0.627451 0.69411767 0.8039216 0.76862746 0.7058824 0.6784314 0.7019608 0.7019608 0.7137255 0.70980394 0.69803923 0.70980394
0.63529414 0.627451 0.6313726 0.6392157 0.6392157 0.6313726 0.627451 0.6392157 0.6156863 0.5803922 0.7019608 0.92941177 0.827451 0.69411767 0.6156863 0.36078432 0.4745098 0.56078434 0.39215687 0.4392157 0.59607846 0.6745098 0.8 0.8392157 0.76862746 0.6862745 0.69411767 0.6901961 0.73333335 0.8039216 0.8627451 0.8901961
0.61960787 0.62352943 0.62352943 0.627451 0.61960787 0.60784316 0.60784316 0.62352943 0.6392157 0.78431374 0.5882353 0.63529414 0.7372549 0.5372549 0.40392157 0.3137255 0.5058824 0.54901963 0.36862746 0.36078432 0.5686275 0.6156863 0.74509805 0.7921569 0.7921569 0.75686276 0.78431374 0.8509804 0.92156863 0.9764706 1.0 0.95686275
0.46666667 0.5372549 0.5686275 0.5058824 0.47843137 0.47843137 0.4745098 0.45490196 0.64705884 1.0 0.88235295 0.4509804 0.60784316 0.4117647 0.23921569 0.2901961 0.4745098 0.54901963 0.34901962 0.28627452 0.46666667 0.5647059 0.68235296 0.75686276 0.77254903 0.74509805 0.7921569 0.84313726 0.92156863 0.96862745 0.9843137 0.94509804
0.6313726 0.63529414 0.64705884 0.6392157 0.6313726 0.6313726 0.627451 0.6117647 0.7882353 0.972549 0.90588236 0.654902 0.42745098 0.26666668 0.21176471 0.28627452 0.37254903 0.5294118 0.3529412 0.24313726 0.37254903 0.52156866 0.6431373 0.64705884 0.64705884 0.7058824 0.7607843 0.78431374 0.8901961 0.89411765 0.9137255 0.9529412
0.654902 0.64705884 0.64705884 0.67058825 0.6627451 0.6627451 0.6745098 0.68235296 0.84313726 0.9372549 0.8666667 0.8509804 0.4627451 0.24705882 0.22352941 0.29411766 0.34509805 0.46666667 0.38039216 0.2509804 0.30588236 0.43137255 0.56078434 0.69803923 0.76862746 0.7882353 0.9019608 0.972549 0.972549 0.9098039 0.8666667 0.92941177
0.6392157 0.64705884 0.6431373 0.6431373 0.6431373 0.6509804 0.6627451 0.6431373 0.69411767 0.7882353 0.6117647 0.69803923 0.28627452 0.25490198 0.27058825 0.30980393 0.40392157 0.41960785 0.37254903 0.2627451 0.28627452 0.38431373 0.53333336 0.6392157 0.85882354 0.8862745 0.9490196 0.9764706 0.96862745 0.9411765 0.8784314 0.9098039
0.6666667 0.6627451 0.6627451 0.6509804 0.64705884 0.67058825 0.6784314 0.6313726 0.4392157 0.41568628 0.41960785 0.49803922 0.34117648 0.3529412 0.30588236 0.3529412 0.43529412 0.4392157 0.37254903 0.3137255 0.4 0.40392157 0.5647059 0.6156863 0.79607844 0.8784314 0.90588236 0.93333334 0.92941177 0.91764706 0.89411765 0.90588236
0.62352943 0.63529414 0.6431373 0.6392157 0.64705884 0.654902 0.65882355 0.64705884 0.4 0.21568628 0.31764707 0.47058824 0.60784316 0.44705883 0.32941177 0.35686275 0.42745098 0.56078434 0.49803922 0.4 0.62352943 0.62352943 0.5568628 0.65882355 0.7647059 0.80784315 0.85490197 0.89411765 0.8862745 0.8901961 0.8784314 0.8745098
0.34117648 0.3882353 0.44705883 0.3882353 0.3529412 0.34901962 0.3647059 0.37254903 0.34117648 0.23137255 0.23137255 0.38431373 0.47058824 0.38431373 0.34901962 0.35686275 0.4117647 0.6117647 0.67058825 0.6 0.8 0.8901961 0.68235296 0.6313726 0.74509805 0.78431374 0.8156863 0.8784314 0.84705883 0.8666667 0.8509804 0.84313726
0.2901961 0.2901961 0.2901961 0.28235295 0.26666668 0.27058825 0.26666668 0.2627451 0.2901961 0.30588236 0.31764707 0.32156864 0.3019608 0.32941177 0.3764706 0.35686275 0.38431373 0.6156863 0.79607844 0.84705883 0.9372549 0.9372549 0.79607844 0.6156863 0.6784314 0.74509805 0.78039217 0.89411765 0.88235295 0.8901961 0.8745098 0.83137256
0.30980393 0.30588236 0.29803923 0.32156864 0.3137255 0.3137255 0.30588236 0.30980393 0.32156864 0.30980393 0.3254902 0.32156864 0.31764707 0.34901962 0.40392157 0.3764706 0.40392157 0.62352943 0.81960785 0.9019608 0.95686275 0.89411765 0.84313726 0.69803923 0.74509805 0.7294118 0.7647059 0.8980392 0.91764706 0.89411765 0.8862745 0.87058824
0.3137255 0.30980393 0.30980393 0.3254902 0.31764707 0.3019608 0.30980393 0.30980393 0.30980393 0.31764707 0.33333334 0.33333334 0.3254902 0.34901962 0.40784314 0.4 0.42352942 0.6156863 0.79607844 0.89411765 0.9254902 0.85882354 0.8117647 0.7607843 0.73333335 0.69411767 0.7372549 0.87058824 0.9019608 0.8666667 0.8666667 0.87058824
0.3254902 0.32156864 0.32941177 0.32941177 0.33333334 0.33333334 0.3647059 0.34509805 0.3372549 0.33333334 0.3372549 0.3372549 0.34509805 0.3647059 0.42745098 0.41960785 0.43137255 0.5921569 0.78039217 0.9254902 0.9098039 0.8392157 0.7647059 0.7372549 0.64705884 0.6509804 0.72156864 0.8117647 0.827451 0.8117647 0.8156863 0.8235294
0.32941177 0.32156864 0.34117648 0.32941177 0.34509805 0.36862746 0.38039216 0.35686275 0.36078432 0.36078432 0.36078432 0.35686275 0.3529412 0.37254903 0.43137255 0.42745098 0.4392157 0.5568628 0.84313726 0.9411765 0.8980392 0.8117647 0.69803923 0.69411767 0.6156863 0.6392157 0.68235296 0.73333335 0.7372549 0.7490196 0.7607843 0.75686276
0.3529412 0.32156864 0.32156864 0.30980393 0.33333334 0.35686275 0.3529412 0.34509805 0.3529412 0.4 0.36862746 0.36862746 0.34901962 0.36078432 0.42352942 0.42352942 0.42352942 0.5882353 0.8627451 0.90588236 0.8627451 0.7372549 0.6627451 0.6509804 0.5921569 0.5568628 0.57254905 0.6156863 0.6745098 0.7019608 0.72156864 0.6862745
0.28627452 0.27450982 0.30588236 0.29803923 0.2784314 0.28235295 0.29803923 0.29803923 0.30588236 0.32941177 0.3137255 0.30588236 0.29411766 0.33333334 0.4392157 0.43529412 0.4392157 0.5568628 0.7647059 0.8627451 0.7882353 0.67058825 0.6509804 0.6392157 0.5568628 0.40392157 0.44313726 0.54509807 0.6 0.61960787 0.6 0.5372549
0.2901961 0.30588236 0.33333334 0.31764707 0.29803923 0.28627452 0.28235295 0.29411766 0.29803923 0.27058825 0.27450982 0.2627451 0.2509804 0.29803923 0.43529412 0.44313726 0.45490196 0.5137255 0.6784314 0.8156863 0.75686276 0.6745098 0.58431375 0.6 0.5019608 0.38039216 0.49803922 0.57254905 0.5058824 0.46666667 0.3882353 0.3372549
13 11 2
13 11 0
13 13 2
18 9 2
13 11 1
10 11 2
10 11 0
13 9 2
15 12 0
11 11 0
8 12 0
13 14 2
16 29 0
16 29 1
10 10 0
19 30 1
18 9 1
21 28 2
16 28 1
10 9 0
18 9 0
18 24 1
13 14 1
8 19 0
18 24 0
11 10 0
21 28 0
13 14 0
9 20 0
19 29 1
