32, 32, 3, 30
0.9882353 0.99215686 0.99607843 0.99607843 0.99607843 0.99607843 0.99607843 0.99607843 0.99607843 0.99607843 0.99607843 0.99607843 0.99607843 0.99607843 0.99607843 0.99607843 0.99607843 0.99607843 0.99607843 0.99607843 0.99607843 0.99607843 0.99607843 0.99607843 0.99607843 0.99607843 0.99607843 0.99607843 0.99607843 0.99607843 0.99607843 0.99607843
0.99215686 0.99607843 1.0 1.0 1.0 1.0 1.0 1.0 1.0 1.0 1.0 1.0 1.0 1.0 1.0 1.0 1.0 1.0 1.0 1.0 1.0 1.0 1.0 1.0 1.0 1.0 1.0 1.0 1.0 1.0 1.0 1.0
0.99607843 1.0 1.0 1.0 1.0 1.0 1.0 1.0 1.0 1.0 1.0 1.0 1.0 1.0 1.0 1.0 1.0 1.0 1.0 1.0 1.0 1.0 1.0 1.0 1.0 1.0 1.0 1.0 1.0 1.0 1.0 1.0
0.99607843 1.0 1.0 1.0 1.0 1.0 1.0 1.0 1.0 1.0 1.0 1.0 1.0 1.0 1.0 1.0 1.0 1.0 1.0 1.0 1.0 1.0 1.0 1.0 1.0 1.0 1.0 1.0 1.0 1.0 1.0 1.0
0.99607843 1.0 1.0 1.0 1.0 1.0 1.0 1.0 1.0 1.0 1.0 1.0 1.0 1.0 1.0 1.0 1.0 1.0 1.0 1.0 1.0 1.0 1.0 1.0 1.0 1.0 1.0 1.0 1.0 1.0 1.0 1.0
0.99607843 1.0 1.0 1.0 1.0 1.0 1.0 1.0 1.0 1.0 1.0 1.0 1.0 1.0 1.0 1.0 1.0 1.0 1.0 1.0 0.99215686 0.9882353 0.99215686 0.99607843 1.0 1.0 0.99607843 0.99607843 0.99607843 0.99215686 0.99215686 0.9882353
0.99607843 1.0 1.0 1.0 1.0 1.0 1.0 1.0 1.0 1.0 1.0 1.0 1.0 1.0 1.0 1.0 1.0 1.0 1.0 1.0 0.9882353 0.9764706 0.99215686 1.0 1.0 1.0 1.0 1.0 1.0 0.99607843 0.99215686 0.99215686
0.99607843 1.0 1.0 1.0 1.0 1.0 1.0 1.0 1.0 1.0 1.0 1.0 1.0 1.0 1.0 1.0 1.0 1.0 1.0 1.0 0.9254902 0.8117647 0.85490197 0.9098039 0.90588236 0.90588236 0.9137255 0.9411765 0.9137255 0.8784314 0.98039216 1.0
0.99607843 1.0 1.0 1.0 1.0 1.0 1.0 1.0 1.0 1.0 1.0 1.0 1.0 1.0 1.0 1.0 1.0 0.99607843 0.99607843 0.9843137 0.8 0.69411767 0.6627451 0.65882355 0.68235296 0.7176471 0.7176471 0.67058825 0.6313726 0.7019608 0.96862745 1.0
0.99607843 1.0 1.0 1.0 1.0 1.0 1.0 1.0 1.0 1.0 1.0 1.0 1.0 1.0 1.0 1.0 1.0 0.99607843 1.0 0.95686275 0.75686276 0.80784315 0.72156864 0.5686275 0.60784316 0.68235296 0.84313726 0.75686276 0.62352943 0.7019608 0.9647059 1.0
0.99607843 1.0 1.0 1.0 1.0 1.0 1.0 1.0 1.0 1.0 1.0 1.0 1.0 1.0 1.0 1.0 1.0 1.0 0.9843137 0.90588236 0.7921569 0.79607844 0.60784316 0.5019608 0.5372549 0.5137255 0.6901961 0.7411765 0.6431373 0.7294118 0.9764706 1.0
0.99607843 1.0 1.0 1.0 1.0 1.0 1.0 1.0 1.0 1.0 1.0 0.99607843 0.99215686 0.99215686 0.99607843 1.0 1.0 0.96862745 0.84313726 0.87058824 0.88235295 0.6862745 0.5294118 0.6 0.67058825 0.654902 0.68235296 0.6784314 0.7019608 0.7647059 0.92941177 0.96862745
0.99607843 1.0 1.0 1.0 1.0 1.0 1.0 1.0 1.0 1.0 1.0 0.99215686 0.99215686 0.99215686 0.9764706 0.9254902 0.85490197 0.7254902 0.54509807 0.76862746 0.8901961 0.7254902 0.5803922 0.78431374 0.9607843 0.8745098 0.69411767 0.63529414 0.7372549 0.7647059 0.7176471 0.84705883
0.99607843 1.0 1.0 1.0 1.0 1.0 1.0 1.0 1.0 1.0 1.0 0.9882353 0.92156863 0.87058824 0.8156863 0.7176471 0.74509805 0.78431374 0.49411765 0.5529412 0.8235294 0.6901961 0.5176471 0.7647059 0.9019608 0.83137256 0.7529412 0.7372549 0.7529412 0.7882353 0.81960785 0.81960785
0.99607843 1.0 1.0 1.0 1.0 1.0 0.99607843 0.99607843 0.9882353 0.96862745 0.8627451 0.76862746 0.6745098 0.6784314 0.7529412 0.67058825 0.6431373 0.7294118 0.6862745 0.7058824 0.78039217 0.68235296 0.5882353 0.7019608 0.78431374 0.7921569 0.7607843 0.78039217 0.81960785 0.90588236 0.8627451 0.7058824
0.99607843 1.0 1.0 1.0 1.0 0.99607843 0.9882353 0.972549 0.9490196 0.92941177 0.7294118 0.59607846 0.74509805 0.8745098 0.93333334 0.9137255 0.8509804 0.7882353 0.7647059 0.8235294 0.8745098 0.8 0.7372549 0.7019608 0.7294118 0.72156864 0.7411765 0.83137256 0.89411765 0.8352941 0.6666667 0.77254903
0.99215686 1.0 1.0 1.0 1.0 0.9764706 0.94509804 0.90588236 0.8980392 0.90588236 0.8509804 0.8117647 0.8509804 0.9019608 0.92156863 0.94509804 0.9647059 0.972549 0.8745098 0.84705883 0.8980392 0.91764706 0.9490196 0.8627451 0.8039216 0.72156864 0.78039217 0.92156863 0.85490197 0.65882355 0.7490196 0.95686275
0.99215686 0.99607843 0.99215686 0.9882353 0.95686275 0.91764706 0.9098039 0.89411765 0.8784314 0.85882354 0.9019608 0.93333334 0.8745098 0.81960785 0.8039216 0.8039216 0.8156863 0.9137255 0.9137255 0.8980392 0.88235295 0.9254902 0.99215686 0.94509804 0.9372549 0.90588236 0.88235295 0.8666667 0.76862746 0.8039216 0.9764706 1.0
0.99215686 0.99607843 0.9843137 0.9490196 0.92156863 0.9019608 0.8901961 0.9098039 0.9019608 0.8666667 0.9137255 0.94509804 0.9098039 0.9098039 0.89411765 0.87058824 0.8745098 0.9254902 0.92156863 0.91764706 0.88235295 0.9411765 0.9882353 0.972549 0.9490196 0.9019608 0.8392157 0.81960785 0.85490197 0.9529412 1.0 1.0
0.99215686 0.9764706 0.92941177 0.92941177 0.90588236 0.87058824 0.9137255 0.91764706 0.90588236 0.8784314 0.90588236 0.90588236 0.8980392 0.94509804 0.9411765 0.93333334 0.9254902 0.92156863 0.9137255 0.9137255 0.9137255 0.9529412 0.94509804 0.90588236 0.8666667 0.8156863 0.8117647 0.8980392 0.98039216 0.99607843 1.0 1.0
0.972549 0.91764706 0.92156863 0.93333334 0.84313726 0.87058824 0.9764706 0.95686275 0.94509804 0.92156863 0.9098039 0.9411765 0.9411765 0.92941177 0.9137255 0.9098039 0.9098039 0.9137255 0.9137255 0.92941177 0.92941177 0.8980392 0.8666667 0.827451 0.8039216 0.827451 0.93333334 0.99607843 0.99607843 0.99607843 1.0 1.0
0.8627451 0.8627451 0.9254902 0.93333334 0.8627451 0.92156863 0.9529412 0.94509804 0.9372549 0.9411765 0.9254902 0.9254902 0.92156863 0.91764706 0.92156863 0.9254902 0.92156863 0.91764706 0.8980392 0.88235295 0.85882354 0.827451 0.8 0.7921569 0.85882354 0.9490196 1.0 1.0 1.0 1.0 1.0 1.0
0.7490196 0.7647059 0.8156863 0.9098039 0.9019608 0.9137255 0.9137255 0.87058824 0.8156863 0.8117647 0.87058824 0.9254902 0.92156863 0.92941177 0.9137255 0.9137255 0.89411765 0.87058824 0.8392157 0.81960785 0.79607844 0.7921569 0.8039216 0.88235295 0.96862745 0.99215686 0.99607843 1.0 1.0 1.0 1.0 1.0
0.7490196 0.79607844 0.80784315 0.8392157 0.9254902 0.90588236 0.8117647 0.7411765 0.75686276 0.7529412 0.84705883 0.91764706 0.9098039 0.89411765 0.88235295 0.84313726 0.827451 0.80784315 0.7921569 0.78039217 0.79607844 0.8784314 0.9490196 0.99607843 1.0 0.99607843 1.0 1.0 1.0 1.0 1.0 1.0
0.81960785 0.8784314 0.91764706 0.87058824 0.9098039 0.89411765 0.8156863 0.7921569 0.8117647 0.8392157 0.88235295 0.8627451 0.85490197 0.8235294 0.8117647 0.80784315 0.8039216 0.80784315 0.8117647 0.85490197 0.94509804 0.99215686 1.0 1.0 1.0 1.0 1.0 1.0 1.0 1.0 1.0 1.0
0.85490197 0.81960785 0.9019608 0.9137255 0.89411765 0.87058824 0.85882354 0.8666667 0.8509804 0.827451 0.827451 0.8117647 0.8039216 0.8039216 0.8039216 0.8156863 0.85882354 0.9098039 0.9529412 0.9882353 1.0 1.0 0.99607843 1.0 1.0 1.0 1.0 1.0 1.0 1.0 1.0 1.0
0.9254902 0.8156863 0.8156863 0.8392157 0.827451 0.8156863 0.80784315 0.80784315 0.8039216 0.79607844 0.79607844 0.79607844 0.80784315 0.83137256 0.88235295 0.9372549 0.98039216 1.0 1.0 0.99607843 1.0 1.0 1.0 1.0 1.0 1.0 1.0 1.0 1.0 1.0 1.0 1.0
0.9843137 0.91764706 0.80784315 0.7882353 0.8 0.79607844 0.8039216 0.81960785 0.8235294 0.827451 0.8509804 0.87058824 0.91764706 0.9607843 0.9882353 1.0 1.0 0.99607843 1.0 1.0 1.0 1.0 1.0 1.0 1.0 1.0 1.0 1.0 1.0 1.0 1.0 1.0
0.9882353 0.99215686 0.9529412 0.90588236 0.8901961 0.8862745 0.9019608 0.92941177 0.9372549 0.9490196 0.9764706 0.99215686 0.99215686 0.99607843 1.0 1.0 1.0 1.0 1.0 1.0 1.0 1.0 1.0 1.0 1.0 1.0 1.0 1.0 1.0 1.0 1.0 1.0
0.99215686 0.99215686 0.99607843 1.0 1.0 1.0 1.0 1.0 1.0 1.0 0.99607843 0.99607843 0.99607843 1.0 1.0 1.0 1.0 1.0 1.0 1.0 1.0 1.0 1.0 1.0 1.0 1.0 1.0 1.0 1.0 1.0 1.0 1.0
0.99607843 1.0 1.0 1.0 0.99607843 0.99607843 0.99607843 0.99607843 0.99607843 1.0 1.0 1.0 1.0 1.0 1.0 1.0 1.0 1.0 1.0 1.0 1.0 1.0 1.0 1.0 1.0 1.0 1.0 1.0 1.0 1.0 1.0 1.0
0.99607843 1.0 1.0 1.0 1.0 1.0 1.0 1.0 1.0 1.0 1.0 1.0 1.0 1.0 1.0 1.0 1.0 1.0 1.0 1.0 1.0 1.0 1.0 1.0 1.0 1.0 1.0 1.0 1.0 1.0 1.0 1.0
0.9882353 0.99215686 0.99607843 0.99607843 0.99607843 0.99607843 0.99607843 0.99607843 0.99607843 0.99607843 0.99607843 0.99607843 0.99607843 0.99607843 0.99607843 0.99607843 0.99607843 0.99607843 0.99607843 0.99607843 0.99607843 0.99607843 0.99607843 0.99607843 0.99607843 0.99607843 0.99607843 0.99607843 0.99607843 0.99607843 0.99607843 0.99607843
0.99215686 0.99607843 1.0 1.0 1.0 1.0 1.0 1.0 1.0 1.0 1.0 1.0 1.0 1.0 1.0 1.0 1.0 1.0 1.0 1.0 1.0 1.0 1.0 1.0 1.0 1.0 1.0 1.0 1.0 1.0 1.0 1.0
0.99607843 1.0 1.0 1.0 1.0 1.0 1.0 1.0 1.0 1.0 1.0 1.0 1.0 1.0 1.0 1.0 1.0 1.0 1.0 1.0 1.0 1.0 1.0 1.0 1.0 1.0 1.0 1.0 1.0 1.0 1.0 1.0
0.99607843 1.0 1.0 1.0 1.0 1.0 1.0 1.0 1.0 1.0 1.0 1.0 1.0 1.0 1.0 1.0 1.0 1.0 1.0 1.0 1.0 1.0 1.0 1.0 1.0 1.0 1.0 1.0 1.0 1.0 1.0 1.0
0.99607843 1.0 1.0 1.0 1.0 1.0 1.0 1.0 1.0 1.0 1.0 1.0 1.0 1.0 1.0 1.0 1.0 1.0 1.0 1.0 1.0 1.0 1.0 1.0 1.0 1.0 1.0 1.0 1.0 1.0 1.0 1.0
0.99607843 1.0 1.0 1.0 1.0 1.0 1.0 1.0 1.0 1.0 1.0 1.0 1.0 1.0 1.0 1.0 1.0 1.0 1.0 1.0 0.99215686 0.9882353 0.99215686 0.99607843 1.0 1.0 0.99607843 0.99607843 0.99607843 0.99215686 0.99215686 0.9882353
0.99607843 1.0 1.0 1.0 1.0 1.0 1.0 1.0 1.0 1.0 1.0 1.0 1.0 1.0 1.0 1.0 1.0 1.0 1.0 1.0 0.9882353 0.9764706 0.99215686 1.0 1.0 1.0 1.0 1.0 1.0 0.99607843 0.99215686 0.99215686
0.99607843 1.0 1.0 1.0 1.0 1.0 1.0 1.0 1.0 1.0 1.0 1.0 1.0 1.0 1.0 1.0 1.0 1.0 1.0 1.0 0.9254902 0.8117647 0.85490197 0.9098039 0.90588236 0.90588236 0.9137255 0.9411765 0.9137255 0.8784314 0.98039216 1.0
0.99607843 1.0 1.0 1.0 1.0 1.0 1.0 1.0 1.0 1.0 1.0 1.0 1.0 1.0 1.0 1.0 1.0 0.99607843 0.99607843 0.9843137 0.8 0.69411767 0.6627451 0.65882355 0.68235296 0.7176471 0.7176471 0.67058825 0.6313726 0.7019608 0.96862745 1.0
0.99607843 1.0 1.0 1.0 1.0 1.0 1.0 1.0 1.0 1.0 1.0 1.0 1.0 1.0 1.0 1.0 1.0 0.99607843 1.0 0.95686275 0.75686276 0.80784315 0.72156864 0.5686275 0.60784316 0.68235296 0.84313726 0.75686276 0.62352943 0.7019608 0.9647059 1.0
0.99607843 1.0 1.0 1.0 1.0 1.0 1.0 1.0 1.0 1.0 1.0 1.0 1.0 1.0 1.0 1.0 1.0 1.0 0.9843137 0.90588236 0.7921569 0.79607844 0.60784316 0.5019608 0.5372549 0.5137255 0.6901961 0.7411765 0.6431373 0.7294118 0.9764706 1.0
0.99607843 1.0 1.0 1.0 1.0 1.0 1.0 1.0 1.0 1.0 1.0 0.99607843 0.99215686 0.99215686 0.99607843 1.0 1.0 0.96862745 0.84313726 0.87058824 0.88235295 0.6862745 0.5294118 0.6 0.67058825 0.654902 0.68235296 0.6784314 0.7019608 0.7647059 0.92941177 0.96862745
0.99607843 1.0 1.0 1.0 1.0 1.0 1.0 1.0 1.0 1.0 1.0 0.99215686 0.99215686 0.99215686 0.9764706 0.9254902 0.85490197 0.7254902 0.54509807 0.76862746 0.8901961 0.7254902 0.5803922 0.78431374 0.9607843 0.8745098 0.69411767 0.63529414 0.7372549 0.7647059 0.7176471 0.84705883
0.99607843 1.0 1.0 1.0 1.0 1.0 1.0 1.0 1.0 1.0 1.0 0.9882353 0.92156863 0.87058824 0.8156863 0.7176471 0.74509805 0.78431374 0.49411765 0.5529412 0.8235294 0.6901961 0.5176471 0.7647059 0.9019608 0.83137256 0.7529412 0.7372549 0.7529412 0.7882353 0.81960785 0.81960785
0.99607843 1.0 1.0 1.0 1.0 1.0 0.99607843 0.99607843 0.9882353 0.96862745 0.8627451 0.76862746 0.6745098 0.6784314 0.7529412 0.67058825 0.6431373 0.7294118 0.6862745 0.7058824 0.78039217 0.68235296 0.5882353 0.7019608 0.78431374 0.7921569 0.7607843 0.78039217 0.81960785 0.90588236 0.8627451 0.7058824
0.99607843 1.0 1.0 1.0 1.0 0.99607843 0.9882353 0.972549 0.9490196 0.92941177 0.7294118 0.59607846 0.74509805 0.8745098 0.93333334 0.9137255 0.8509804 0.7882353 0.7647059 0.8235294 0.8745098 0.8 0.7372549 0.7019608 0.7294118 0.72156864 0.7411765 0.83137256 0.89411765 0.8352941 0.6666667 0.77254903
0.99215686 1.0 1.0 1.0 1.0 0.9764706 0.94509804 0.90588236 0.8980392 0.90588236 0.8509804 0.8117647 0.8509804 0.9019608 0.92156863 0.94509804 0.9647059 0.972549 0.8745098 0.84705883 0.8980392 0.91764706 0.9490196 0.8627451 0.8039216 0.72156864 0.78039217 0.92156863 0.85490197 0.65882355 0.7490196 0.95686275
0.99215686 0.99607843 0.99215686 0.9882353 0.95686275 0.91764706 0.9098039 0.89411765 0.8784314 0.85882354 0.9019608 0.93333334 0.8745098 0.81960785 0.8039216 0.8039216 0.8156863 0.9137255 0.9137255 0.8980392 0.88235295 0.9254902 0.99215686 0.94509804 0.9372549 0.90588236 0.88235295 0.8666667 0.76862746 0.8039216 0.9764706 1.0
0.99215686 0.99607843 0.9843137 0.9490196 0.92156863 0.9019608 0.8901961 0.9098039 0.9019608 0.8666667 0.9137255 0.94509804 0.9098039 0.9098039 0.89411765 0.87058824 0.8745098 0.9254902 0.92156863 0.91764706 0.88235295 0.9411765 0.9882353 0.972549 0.9490196 0.9019608 0.8392157 0.81960785 0.85490197 0.9529412 1.0 1.0
0.99215686 0.9764706 0.92941177 0.92941177 0.90588236 0.87058824 0.9137255 0.91764706 0.90588236 0.8784314 0.90588236 0.90588236 0.8980392 0.94509804 0.9411765 0.93333334 0.9254902 0.92156863 0.9137255 0.9137255 0.9137255 0.9529412 0.94509804 0.90588236 0.8666667 0.8156863 0.8117647 0.8980392 0.98039216 0.99607843 1.0 1.0
0.972549 0.91764706 0.92156863 0.93333334 0.84313726 0.87058824 0.9764706 0.95686275 0.94509804 0.92156863 0.9098039 0.9411765 0.9411765 0.92941177 0.9137255 0.9098039 0.9098039 0.9137255 0.9137255 0.92941177 0.92941177 0.8980392 0.8666667 0.827451 0.8039216 0.827451 0.93333334 0.99607843 0.99607843 0.99607843 1.0 1.0
0.8627451 0.8627451 0.9254902 0.93333334 0.8627451 0.92156863 0.9529412 0.94509804 0.9372549 0.9411765 0.9254902 0.9254902 0.92156863 0.91764706 0.92156863 0.9254902 0.92156863 0.91764706 0.8980392 0.88235295 0.85882354 0.827451 0.8 0.7921569 0.85882354 0.9490196 1.0 1.0 1.0 1.0 1.0 1.0
0.7490196 0.7647059 0.8156863 0.9098039 0.9019608 0.9137255 0.9137255 0.87058824 0.8156863 0.8117647 0.87058824 0.9254902 0.92156863 0.92941177 0.9137255 0.9137255 0.89411765 0.87058824 0.8392157 0.81960785 0.79607844 0.7921569 0.8039216 0.88235295 0.96862745 0.99215686 0.99607843 1.0 1.0 1.0 1.0 1.0
0.7490196 0.79607844 0.80784315 0.8392157 0.9254902 0.90588236 0.8117647 0.7411765 0.75686276 0.7529412 0.84705883 0.91764706 0.9098039 0.89411765 0.88235295 0.84313726 0.827451 0.80784315 0.7921569 0.78039217 0.79607844 0.8784314 0.9490196 0.99607843 1.0 0.99607843 1.0 1.0 1.0 1.0 1.0 1.0
0.81960785 0.8784314 0.91764706 0.87058824 0.9098039 0.89411765 0.8156863 0.7921569 0.8117647 0.8392157 0.88235295 0.8627451 0.85490197 0.8235294 0.8117647 0.80784315 0.8039216 0.80784315 0.8117647 0.85490197 0.94509804 0.99215686 1.0 1.0 1.0 1.0 1.0 1.0 1.0 1.0 1.0 1.0
0.85490197 0.81960785 0.9019608 0.9137255 0.89411765 0.87058824 0.85882354 0.8666667 0.8509804 0.827451 0.827451 0.8117647 0.8039216 0.8039216 0.8039216 0.8156863 0.85882354 0.9098039 0.9529412 0.9882353 1.0 1.0 0.99607843 1.0 1.0 1.0 1.0 1.0 1.0 1.0 1.0 1.0
0.9254902 0.8156863 0.8156863 0.8392157 0.827451 0.8156863 0.80784315 0.80784315 0.8039216 0.79607844 0.79607844 0.79607844 0.80784315 0.83137256 0.88235295 0.9372549 0.98039216 1.0 1.0 0.99607843 1.0 1.0 1.0 1.0 1.0 1.0 1.0 1.0 1.0 1.0 1.0 1.0
0.9843137 0.91764706 0.80784315 0.7882353 0.8 0.79607844 0.8039216 0.81960785 0.8235294 0.827451 0.8509804 0.87058824 0.91764706 0.9607843 0.9882353 1.0 1.0 0.99607843 1.0 1.0 1.0 1.0 1.0 1.0 1.0 1.0 1.0 1.0 1.0 1.0 1.0 1.0
0.9882353 0.99215686 0.9529412 0.90588236 0.8901961 0.8862745 0.9019608 0.92941177 0.9372549 0.9490196 0.9764706 0.99215686 0.99215686 0.99607843 1.0 1.0 1.0 1.0 1.0 1.0 1.0 1.0 1.0 1.0 1.0 1.0 1.0 1.0 1.0 1.0 1.0 1.0
0.99215686 0.99215686 0.99607843 1.0 1.0 1.0 1.0 1.0 1.0 1.0 0.99607843 0.99607843 0.99607843 1.0 1.0 1.0 1.0 1.0 1.0 1.0 1.0 1.0 1.0 1.0 1.0 1.0 1.0 1.0 1.0 1.0 1.0 1.0
0.99607843 1.0 1.0 1.0 0.99607843 0.99607843 0.99607843 0.99607843 0.99607843 1.0 1.0 1.0 1.0 1.0 1.0 1.0 1.0 1.0 1.0 1.0 1.0 1.0 1.0 1.0 1.0 1.0 1.0 1.0 1.0 1.0 1.0 1.0
0.99607843 1.0 1.0 1.0 1.0 1.0 1.0 1.0 1.0 1.0 1.0 1.0 1.0 1.0 1.0 1.0 1.0 1.0 1.0 1.0 1.0 1.0 1.0 1.0 1.0 1.0 1.0 1.0 1.0 1.0 1.0 1.0
0.9882353 0.99215686 0.99607843 0.99607843 0.99607843 0.99607843 0.99607843 0.99607843 0.99607843 0.99607843 0.99607843 0.99607843 0.99607843 0.99607843 0.99607843 0.99607843 0.99607843 0.99607843 0.99607843 0.99607843 0.99607843 0.99607843 0.99607843 0.99607843 0.99607843 0.99607843 0.99607843 0.99607843 0.99607843 0.99607843 0.99607843 0.99607843
0.99215686 0.99607843 1.0 1.0 1.0 1.0 1.0 1.0 1.0 1.0 1.0 1.0 1.0 1.0 1.0 1.0 1.0 1.0 1.0 1.0 1.0 1.0 1.0 1.0 1.0 1.0 1.0 1.0 1.0 1.0 1.0 1.0
0.99607843 1.0 1.0 1.0 1.0 1.0 1.0 1.0 1.0 1.0 1.0 1.0 1.0 1.0 1.0 1.0 1.0 1.0 1.0 1.0 1.0 1.0 1.0 1.0 1.0 1.0 1.0 1.0 1.0 1.0 1.0 1.0
0.99607843 1.0 1.0 1.0 1.0 1.0 1.0 1.0 1.0 1.0 1.0 1.0 1.0 1.0 1.0 1.0 1.0 1.0 1.0 1.0 1.0 1.0 1.0 1.0 1.0 1.0 1.0 1.0 1.0 1.0 1.0 1.0
0.99607843 1.0 1.0 1.0 1.0 1.0 1.0 1.0 1.0 1.0 1.0 1.0 1.0 1.0 1.0 1.0 1.0 1.0 1.0 1.0 1.0 1.0 1.0 1.0 1.0 1.0 1.0 1.0 1.0 1.0 1.0 1.0
0.99607843 1.0 1.0 1.0 1.0 1.0 1.0 1.0 1.0 1.0 1.0 1.0 1.0 1.0 1.0 1.0 1.0 1.0 1.0 1.0 0.99215686 0.9882353 0.99215686 0.99607843 1.0 1.0 0.99607843 0.99607843 0.99607843 0.99215686 0.99215686 0.9882353
0.99607843 1.0 1.0 1.0 1.0 1.0 1.0 1.0 1.0 1.0 1.0 1.0 1.0 1.0 1.0 1.0 1.0 1.0 1.0 1.0 0.9882353 0.9764706 0.99215686 1.0 1.0 1.0 1.0 1.0 1.0 0.99607843 0.99215686 0.99215686
0.99607843 1.0 1.0 1.0 1.0 1.0 1.0 1.0 1.0 1.0 1.0 1.0 1.0 1.0 1.0 1.0 1.0 1.0 1.0 1.0 0.9254902 0.8117647 0.85490197 0.9098039 0.90588236 0.90588236 0.9137255 0.9411765 0.9137255 0.8784314 0.98039216 1.0
0.99607843 1.0 1.0 1.0 1.0 1.0 1.0 1.0 1.0 1.0 1.0 1.0 1.0 1.0 1.0 1.0 1.0 0.99607843 0.99607843 0.9843137 0.8 0.69411767 0.6627451 0.65882355 0.68235296 0.7176471 0.7176471 0.67058825 0.6313726 0.7019608 0.96862745 1.0
0.99607843 1.0 1.0 1.0 1.0 1.0 1.0 1.0 1.0 1.0 1.0 1.0 1.0 1.0 1.0 1.0 1.0 0.99607843 1.0 0.95686275 0.75686276 0.80784315 0.72156864 0.5686275 0.60784316 0.68235296 0.84313726 0.75686276 0.62352943 0.7019608 0.9647059 1.0
0.99607843 1.0 1.0 1.0 1.0 1.0 1.0 1.0 1.0 1.0 1.0 1.0 1.0 1.0 1.0 1.0 1.0 1.0 0.9843137 0.90588236 0.7921569 0.79607844 0.60784316 0.5019608 0.5372549 0.5137255 0.6901961 0.7411765 0.6431373 0.7294118 0.9764706 1.0
0.99607843 1.0 1.0 1.0 1.0 1.0 1.0 1.0 1.0 1.0 1.0 0.99607843 0.99215686 0.99215686 0.99607843 1.0 1.0 0.96862745 0.84313726 0.87058824 0.88235295 0.6862745 0.5294118 0.6 0.67058825 0.654902 0.68235296 0.6784314 0.7019608 0.7647059 0.92941177 0.96862745
0.99607843 1.0 1.0 1.0 1.0 1.0 1.0 1.0 1.0 1.0 1.0 0.99215686 0.99215686 0.99215686 0.9764706 0.9254902 0.85490197 0.7254902 0.54509807 0.76862746 0.8901961 0.7254902 0.5803922 0.78431374 0.9607843 0.8745098 0.69411767 0.63529414 0.7372549 0.7647059 0.7176471 0.84705883
0.99607843 1.0 1.0 1.0 1.0 1.0 1.0 1.0 1.0 1.0 1.0 0.9882353 0.92156863 0.87058824 0.8156863 0.7176471 0.74509805 0.78431374 0.49411765 0.5529412 0.8235294 0.6901961 0.5176471 0.7647059 0.9019608 0.83137256 0.7529412 0.7372549 0.7529412 0.7882353 0.81960785 0.81960785
0.99607843 1.0 1.0 1.0 1.0 1.0 0.99607843 0.99607843 0.9882353 0.96862745 0.8627451 0.76862746 0.6745098 0.6784314 0.7529412 0.67058825 0.6431373 0.7294118 0.6862745 0.7058824 0.78039217 0.68235296 0.5882353 0.7019608 0.78431374 0.7921569 0.7607843 0.78039217 0.81960785 0.90588236 0.8627451 0.7058824
0.99607843 1.0 1.0 1.0 1.0 0.99607843 0.9882353 0.972549 0.9490196 0.92941177 0.7294118 0.59607846 0.74509805 0.8745098 0.93333334 0.9137255 0.8509804 0.7882353 0.7647059 0.8235294 0.8745098 0.8 0.7372549 0.7019608 0.7294118 0.72156864 0.7411765 0.83137256 0.89411765 0.8352941 0.6666667 0.77254903
0.99215686 1.0 1.0 1.0 1.0 0.9764706 0.94509804 0.90588236 0.8980392 0.90588236 0.8509804 0.8117647 0.8509804 0.9019608 0.92156863 0.94509804 0.9647059 0.972549 0.8745098 0.84705883 0.8980392 0.91764706 0.9490196 0.8627451 0.8039216 0.72156864 0.78039217 0.92156863 0.85490197 0.65882355 0.7490196 0.95686275
0.99215686 0.99607843 0.99215686 0.9882353 0.95686275 0.91764706 0.9098039 0.89411765 0.8784314 0.85882354 0.9019608 0.93333334 0.8745098 0.81960785 0.8039216 0.8039216 0.8156863 0.9137255 0.9137255 0.8980392 0.88235295 0.9254902 0.99215686 0.94509804 0.9372549 0.90588236 0.88235295 0.8666667 0.76862746 0.8039216 0.9764706 1.0
0.99215686 0.99607843 0.9843137 0.9490196 0.92156863 0.9019608 0.8901961 0.9098039 0.9019608 0.8666667 0.9137255 0.94509804 0.9098039 0.9098039 0.89411765 0.87058824 0.8745098 0.9254902 0.92156863 0.91764706 0.88235295 0.9411765 0.9882353 0.972549 0.9490196 0.9019608 0.8392157 0.81960785 0.85490197 0.9529412 1.0 1.0
0.99215686 0.9764706 0.92941177 0.92941177 0.90588236 0.87058824 0.9137255 0.91764706 0.90588236 0.8784314 0.90588236 0.90588236 0.8980392 0.94509804 0.9411765 0.93333334 0.9254902 0.92156863 0.9137255 0.9137255 0.9137255 0.9529412 0.94509804 0.90588236 0.8666667 0.8156863 0.8117647 0.8980392 0.98039216 0.99607843 1.0 1.0
0.972549 0.91764706 0.92156863 0.93333334 0.84313726 0.87058824 0.9764706 0.95686275 0.94509804 0.92156863 0.9098039 0.9411765 0.9411765 0.92941177 0.9137255 0.9098039 0.9098039 0.9137255 0.9137255 0.92941177 0.92941177 0.8980392 0.8666667 0.827451 0.8039216 0.827451 0.93333334 0.99607843 0.99607843 0.99607843 1.0 1.0
0.8627451 0.8627451 0.9254902 0.93333334 0.8627451 0.92156863 0.9529412 0.94509804 0.9372549 0.9411765 0.9254902 0.9254902 0.92156863 0.91764706 0.92156863 0.9254902 0.92156863 0.91764706 0.8980392 0.88235295 0.85882354 0.827451 0.8 0.7921569 0.85882354 0.9490196 1.0 1.0 1.0 1.0 1.0 1.0
0.7490196 0.7647059 0.8156863 0.9098039 0.9019608 0.9137255 0.9137255 0.87058824 0.8156863 0.8117647 0.87058824 0.9254902 0.92156863 0.92941177 0.9137255 0.9137255 0.89411765 0.87058824 0.8392157 0.81960785 0.79607844 0.7921569 0.8039216 0.88235295 0.96862745 0.99215686 0.99607843 1.0 1.0 1.0 1.0 1.0
0.7490196 0.79607844 0.80784315 0.8392157 0.9254902 0.90588236 0.8117647 0.7411765 0.75686276 0.7529412 0.84705883 0.91764706 0.9098039 0.89411765 0.88235295 0.84313726 0.827451 0.80784315 0.7921569 0.78039217 0.79607844 0.8784314 0.9490196 0.99607843 1.0 0.99607843 1.0 1.0 1.0 1.0 1.0 1.0
0.81960785 0.8784314 0.91764706 0.87058824 0.9098039 0.89411765 0.8156863 0.7921569 0.8117647 0.8392157 0.88235295 0.8627451 0.85490197 0.8235294 0.8117647 0.80784315 0.8039216 0.80784315 0.8117647 0.85490197 0.94509804 0.99215686 1.0 1.0 1.0 1.0 1.0 1.0 1.0 1.0 1.0 1.0
0.85490197 0.81960785 0.9019608 0.9137255 0.89411765 0.87058824 0.85882354 0.8666667 0.8509804 0.827451 0.827451 0.8117647 0.8039216 0.8039216 0.8039216 0.8156863 0.85882354 0.9098039 0.9529412 0.9882353 1.0 1.0 0.99607843 1.0 1.0 1.0 1.0 1.0 1.0 1.0 1.0 1.0
0.9254902 0.8156863 0.8156863 0.8392157 0.827451 0.8156863 0.80784315 0.80784315 0.8039216 0.79607844 0.79607844 0.79607844 0.80784315 0.83137256 0.88235295 0.9372549 0.98039216 1.0 1.0 0.99607843 1.0 1.0 1.0 1.0 1.0 1.0 1.0 1.0 1.0 1.0 1.0 1.0
0.9843137 0.91764706 0.80784315 0.7882353 0.8 0.79607844 0.8039216 0.81960785 0.8235294 0.827451 0.8509804 0.87058824 0.91764706 0.9607843 0.9882353 1.0 1.0 0.99607843 1.0 1.0 1.0 1.0 1.0 1.0 1.0 1.0 1.0 1.0 1.0 1.0 1.0 1.0
0.9882353 0.99215686 0.9529412 0.90588236 0.8901961 0.8862745 0.9019608 0.92941177 0.9372549 0.9490196 0.9764706 0.99215686 0.99215686 0.99607843 1.0 1.0 1.0 1.0 1.0 1.0 1.0 1.0 1.0 1.0 1.0 1.0 1.0 1.0 1.0 1.0 1.0 1.0
0.99215686 0.99215686 0.99607843 1.0 1.0 1.0 1.0 1.0 1.0 1.0 0.99607843 0.99607843 0.99607843 1.0 1.0 1.0 1.0 1.0 1.0 1.0 1.0 1.0 1.0 1.0 1.0 1.0 1.0 1.0 1.0 1.0 1.0 1.0
0.99607843 1.0 1.0 1.0 0.99607843 0.99607843 0.99607843 0.99607843 0.99607843 1.0 1.0 1.0 1.0 1.0 1.0 1.0 1.0 1.0 1.0 1.0 1.0 1.0 1.0 1.0 1.0 1.0 1.0 1.0 1.0 1.0 1.0 1.0
0.99607843 1.0 1.0 1.0 1.0 1.0 1.0 1.0 1.0 1.0 1.0 1.0 1.0 1.0 1.0 1.0 1.0 1.0 1.0 1.0 1.0 1.0 1.0 1.0 1.0 1.0 1.0 1.0 1.0 1.0 1.0 1.0
2 3 2
11 17 2
16 11 2
1 2 2
16 15 2
18 16 2
7 26 2
1 3 2
26 10 2
18 15 1
1 1 2
1 26 2
18 17 1
27 2 2
29 1 2
1 30 2
28 18 2
3 6 2
18 16 1
29 2 2
31 8 1
23 18 1
25 22 2
13 24 2
2 26 2
7 26 1
27 15 2
16 11 1
26 15 1
24 21 1
