32, 32, 3, 30
0.89411765 0.88235295 0.8980392 0.81960785 0.6666667 0.64705884 0.59607846 0.59607846 0.6 0.54509807 0.627451 0.7058824 0.58431375 0.4862745 0.43137255 0.33333334 0.29803923 0.4392157 0.5137255 0.5803922 0.52156866 0.43137255 0.4 0.42745098 0.41568628 0.45882353 0.57254905 0.5411765 0.5176471 0.6156863 0.62352943 0.58431375
0.9137255 0.91764706 0.89411765 0.6901961 0.5764706 0.5411765 0.58431375 0.6156863 0.62352943 0.6 0.7058824 0.7176471 0.5803922 0.5372549 0.49019608 0.5176471 0.50980395 0.4627451 0.39607844 0.47058824 0.43529412 0.32941177 0.34901962 0.4627451 0.40392157 0.4627451 0.49411765 0.45882353 0.49411765 0.60784316 0.60784316 0.64705884
0.84313726 0.90588236 0.92941177 0.6392157 0.50980395 0.5058824 0.5686275 0.5372549 0.5803922 0.62352943 0.6509804 0.61960787 0.5137255 0.5058824 0.5686275 0.6156863 0.5372549 0.4745098 0.36862746 0.39215687 0.34117648 0.3529412 0.4862745 0.56078434 0.5921569 0.5058824 0.42745098 0.4627451 0.65882355 0.83137256 0.8627451 0.9019608
0.6039216 0.6862745 0.79607844 0.6392157 0.56078434 0.5411765 0.5882353 0.6627451 0.64705884 0.57254905 0.49803922 0.53333336 0.37254903 0.34509805 0.49803922 0.5411765 0.4745098 0.4509804 0.35686275 0.3529412 0.3529412 0.36862746 0.41960785 0.49411765 0.54509807 0.45882353 0.44705883 0.54901963 0.75686276 0.9411765 0.9490196 0.8352941
0.47843137 0.5254902 0.5764706 0.62352943 0.62352943 0.5882353 0.58431375 0.6156863 0.57254905 0.54509807 0.5137255 0.5137255 0.4 0.36862746 0.43529412 0.43137255 0.4627451 0.43529412 0.35686275 0.39215687 0.3882353 0.3372549 0.31764707 0.43529412 0.46666667 0.41568628 0.44313726 0.5176471 0.67058825 0.78431374 0.7529412 0.8039216
0.42352942 0.5058824 0.57254905 0.6 0.5647059 0.5058824 0.49019608 0.39607844 0.42352942 0.5411765 0.56078434 0.49411765 0.4509804 0.49803922 0.5411765 0.4627451 0.39607844 0.43137255 0.3764706 0.3764706 0.3529412 0.36078432 0.34117648 0.3372549 0.39215687 0.43529412 0.4392157 0.4745098 0.54509807 0.5921569 0.69411767 0.92156863
0.42352942 0.7254902 0.7137255 0.57254905 0.5372549 0.39607844 0.45490196 0.5254902 0.56078434 0.5372549 0.49803922 0.5058824 0.5294118 0.44313726 0.47058824 0.42352942 0.43137255 0.44705883 0.47058824 0.39607844 0.36862746 0.39215687 0.36862746 0.3529412 0.3529412 0.3764706 0.40392157 0.43529412 0.3647059 0.40784314 0.44313726 0.81960785
0.48235294 0.8235294 0.7019608 0.49019608 0.56078434 0.42745098 0.56078434 0.64705884 0.6 0.45882353 0.38039216 0.41568628 0.42745098 0.5019608 0.5647059 0.69411767 0.6627451 0.5529412 0.69411767 0.59607846 0.34901962 0.34509805 0.29803923 0.2784314 0.3137255 0.3254902 0.54901963 0.6039216 0.4627451 0.4392157 0.43137255 0.80784315
0.39215687 0.6666667 0.5411765 0.49019608 0.73333335 0.74509805 0.53333336 0.44705883 0.30980393 0.19215687 0.28627452 0.40392157 0.43529412 0.70980394 0.84313726 0.8235294 0.69803923 0.6156863 0.6901961 0.6392157 0.37254903 0.2627451 0.18039216 0.13725491 0.1764706 0.27450982 0.627451 0.6039216 0.49019608 0.5372549 0.54509807 0.8235294
0.4745098 0.6039216 0.5058824 0.58431375 0.85882354 0.85882354 0.5882353 0.41568628 0.27450982 0.21568628 0.3882353 0.52156866 0.6 0.87058824 0.8392157 0.6627451 0.5803922 0.5568628 0.65882355 0.64705884 0.45882353 0.16078432 0.0627451 0.05490196 0.05882353 0.13725491 0.37254903 0.49019608 0.49411765 0.5529412 0.5882353 0.8980392
0.81960785 0.8352941 0.7921569 0.78039217 0.77254903 0.68235296 0.52156866 0.43137255 0.48235294 0.43529412 0.5254902 0.61960787 0.6862745 0.8039216 0.69803923 0.6862745 0.6784314 0.5137255 0.52156866 0.6 0.53333336 0.21568628 0.09019608 0.09803922 0.11372549 0.14901961 0.26666668 0.41568628 0.49019608 0.6156863 0.69411767 0.9411765
0.92156863 0.92156863 0.8980392 0.84705883 0.74509805 0.6745098 0.627451 0.627451 0.6784314 0.6156863 0.65882355 0.7254902 0.60784316 0.5372549 0.57254905 0.6862745 0.6862745 0.46666667 0.4862745 0.63529414 0.6862745 0.627451 0.5058824 0.4627451 0.4745098 0.5176471 0.6039216 0.6509804 0.7411765 0.85490197 0.9019608 0.96862745
0.78431374 0.8156863 0.85490197 0.75686276 0.5294118 0.5019608 0.5647059 0.6039216 0.6 0.5568628 0.5058824 0.56078434 0.54901963 0.5647059 0.60784316 0.6862745 0.5764706 0.43137255 0.5411765 0.68235296 0.78039217 0.7882353 0.7294118 0.5803922 0.62352943 0.69803923 0.76862746 0.8862745 0.92156863 0.9254902 0.93333334 0.9411765
0.5921569 0.6117647 0.64705884 0.5294118 0.41568628 0.47058824 0.5411765 0.627451 0.65882355 0.5764706 0.50980395 0.5764706 0.62352943 0.5882353 0.62352943 0.6509804 0.5568628 0.40392157 0.37254903 0.5568628 0.69803923 0.7019608 0.627451 0.4392157 0.53333336 0.7058824 0.73333335 0.8627451 0.9254902 0.9098039 0.8862745 0.8784314
0.5647059 0.5529412 0.4862745 0.32156864 0.29803923 0.30980393 0.39607844 0.5058824 0.61960787 0.5803922 0.5411765 0.5921569 0.6117647 0.6 0.6313726 0.67058825 0.5803922 0.5254902 0.53333336 0.56078434 0.6 0.6431373 0.6627451 0.7058824 0.77254903 0.77254903 0.7372549 0.7490196 0.8745098 0.8862745 0.87058824 0.8784314
0.43137255 0.4627451 0.41960785 0.14117648 0.06666667 0.0627451 0.09019608 0.14901961 0.25882354 0.28235295 0.30588236 0.3764706 0.4392157 0.49803922 0.56078434 0.6117647 0.6 0.62352943 0.6666667 0.6862745 0.7019608 0.7254902 0.7607843 0.8 0.7882353 0.73333335 0.7058824 0.69411767 0.827451 0.8980392 0.88235295 0.8980392
0.34117648 0.3647059 0.37254903 0.22745098 0.08627451 0.09019608 0.11372549 0.10980392 0.09803922 0.07450981 0.07450981 0.08235294 0.09803922 0.13333334 0.19215687 0.25490198 0.30588236 0.31764707 0.34117648 0.38039216 0.40392157 0.43137255 0.44705883 0.45490196 0.4509804 0.42745098 0.42352942 0.40392157 0.6039216 0.90588236 0.9098039 0.92156863
0.34509805 0.34117648 0.3647059 0.33333334 0.09019608 0.09803922 0.15294118 0.19215687 0.21568628 0.21568628 0.21568628 0.16470589 0.12156863 0.09803922 0.10980392 0.13333334 0.14901961 0.11372549 0.05882353 0.0627451 0.0627451 0.07450981 0.08627451 0.09411765 0.09411765 0.08235294 0.06666667 0.23137255 0.7411765 0.9372549 0.9411765 0.9529412
0.35686275 0.3647059 0.3764706 0.39607844 0.23137255 0.11764706 0.101960786 0.16470589 0.19607843 0.25882354 0.31764707 0.29803923 0.28627452 0.27450982 0.27450982 0.27450982 0.2627451 0.25882354 0.24313726 0.24313726 0.23921569 0.2509804 0.26666668 0.2784314 0.28235295 0.26666668 0.36078432 0.7529412 0.9490196 0.94509804 0.94509804 0.9529412
0.32156864 0.37254903 0.34117648 0.35686275 0.2784314 0.12156863 0.105882354 0.10980392 0.1254902 0.1882353 0.24705882 0.28627452 0.2901961 0.29803923 0.29803923 0.2901961 0.28627452 0.29411766 0.3019608 0.3019608 0.3019608 0.3137255 0.3372549 0.3529412 0.3372549 0.24705882 0.4392157 0.5411765 0.7647059 0.8509804 0.9137255 0.84705883
0.2901961 0.33333334 0.41568628 0.32941177 0.15686275 0.14901961 0.1254902 0.06666667 0.105882354 0.09803922 0.101960786 0.1254902 0.1764706 0.1882353 0.1882353 0.20784314 0.22745098 0.25882354 0.28235295 0.3019608 0.30588236 0.3137255 0.3254902 0.34901962 0.36862746 0.20784314 0.24313726 0.10980392 0.4627451 0.75686276 0.88235295 0.72156864
0.25882354 0.2784314 0.28627452 0.34509805 0.31764707 0.20784314 0.12941177 0.09803922 0.09019608 0.08627451 0.039215688 0.023529412 0.05882353 0.06666667 0.09019608 0.11764706 0.14117648 0.18431373 0.22745098 0.2627451 0.28235295 0.29803923 0.30588236 0.2784314 0.43529412 0.41568628 0.21568628 0.0627451 0.35686275 0.8392157 0.85882354 0.6117647
0.2509804 0.2627451 0.23921569 0.25882354 0.20392157 0.3372549 0.12156863 0.08627451 0.08235294 0.1254902 0.14901961 0.07450981 0.07058824 0.0627451 0.06666667 0.05490196 0.0627451 0.09803922 0.16078432 0.21176471 0.24705882 0.28627452 0.30980393 0.19215687 0.2 0.3647059 0.20784314 0.18431373 0.4627451 0.7921569 0.7372549 0.49019608
0.18431373 0.23921569 0.23529412 0.18431373 0.14117648 0.35686275 0.11372549 0.039215688 0.05882353 0.08235294 0.12156863 0.09803922 0.105882354 0.105882354 0.101960786 0.08627451 0.07450981 0.105882354 0.14901961 0.20392157 0.25490198 0.2901961 0.30980393 0.27450982 0.13333334 0.105882354 0.11372549 0.29803923 0.5803922 0.69411767 0.69803923 0.5372549
0.11764706 0.18039216 0.22352941 0.24313726 0.24705882 0.21176471 0.13725491 0.14509805 0.11764706 0.09411765 0.14509805 0.13725491 0.08627451 0.105882354 0.11764706 0.12941177 0.13725491 0.15294118 0.18431373 0.23137255 0.25490198 0.2627451 0.21568628 0.15294118 0.09411765 0.0627451 0.05882353 0.16862746 0.38039216 0.5686275 0.63529414 0.5176471
0.21568628 0.25882354 0.3529412 0.42745098 0.41960785 0.5019608 0.39607844 0.3372549 0.23529412 0.14509805 0.2627451 0.19607843 0.11372549 0.11372549 0.11764706 0.12156863 0.12941177 0.14901961 0.18431373 0.21960784 0.25882354 0.2901961 0.16862746 0.09803922 0.12156863 0.18431373 0.14509805 0.15686275 0.22352941 0.32156864 0.4627451 0.33333334
0.41568628 0.54901963 0.62352943 0.5058824 0.3019608 0.4 0.32156864 0.29411766 0.25490198 0.2 0.20392157 0.16862746 0.13725491 0.12941177 0.13725491 0.14509805 0.14509805 0.15686275 0.18039216 0.1764706 0.19607843 0.20784314 0.1882353 0.1764706 0.21568628 0.2509804 0.18039216 0.1764706 0.1764706 0.16470589 0.21960784 0.16862746
0.30980393 0.4117647 0.42352942 0.32156864 0.22745098 0.22352941 0.1882353 0.22352941 0.24313726 0.22745098 0.20784314 0.2 0.19607843 0.1882353 0.18039216 0.18039216 0.1882353 0.19215687 0.19607843 0.19607843 0.20392157 0.21176471 0.22352941 0.23529412 0.2509804 0.2627451 0.24313726 0.24705882 0.23137255 0.24313726 0.23137255 0.14117648
0.16862746 0.2 0.20784314 0.21568628 0.23921569 0.21568628 0.16470589 0.15686275 0.22745098 0.22745098 0.23921569 0.23137255 0.23921569 0.24705882 0.24313726 0.22745098 0.23921569 0.23921569 0.22745098 0.21568628 0.20392157 0.20784314 0.22745098 0.2509804 0.29411766 0.27450982 0.25490198 0.26666668 0.3019608 0.33333334 0.27450982 0.09803922
0.15686275 0.18431373 0.20784314 0.20392157 0.22352941 0.21176471 0.19215687 0.1764706 0.19215687 0.15686275 0.21176471 0.25882354 0.27058825 0.25490198 0.2509804 0.25490198 0.2627451 0.26666668 0.2627451 0.25490198 0.24313726 0.22352941 0.22745098 0.23137255 0.27450982 0.26666668 0.22745098 0.24313726 0.2901961 0.33333334 0.25882354 0.0627451
0.14901961 0.2 0.20392157 0.1764706 0.19215687 0.24705882 0.24705882 0.21960784 0.17254902 0.1254902 0.16078432 0.25490198 0.29411766 0.28235295 0.26666668 0.2627451 0.27058825 0.28235295 0.28627452 0.28235295 0.2784314 0.26666668 0.2627451 0.25882354 0.32941177 0.36078432 0.30588236 0.23921569 0.2901961 0.32156864 0.30980393 0.21176471
0.2 0.21960784 0.20784314 0.21960784 0.23529412 0.26666668 0.26666668 0.23529412 0.19607843 0.18039216 0.18039216 0.21960784 0.28627452 0.30588236 0.3019608 0.2901961 0.29411766 0.29411766 0.30588236 0.3019608 0.30588236 0.31764707 0.30588236 0.30980393 0.41960785 0.48235294 0.43137255 0.2901961 0.32156864 0.3372549 0.32941177 0.25490198
0.90588236 0.89411765 0.9098039 0.827451 0.68235296 0.67058825 0.62352943 0.62352943 0.63529414 0.5803922 0.6509804 0.7294118 0.62352943 0.53333336 0.47843137 0.37254903 0.3137255 0.45490196 0.53333336 0.6039216 0.5529412 0.4627451 0.42745098 0.45882353 0.4392157 0.48235294 0.59607846 0.5686275 0.54509807 0.6313726 0.63529414 0.5764706
0.92941177 0.92941177 0.90588236 0.7058824 0.6039216 0.57254905 0.61960787 0.64705884 0.65882355 0.63529414 0.7372549 0.74509805 0.61960787 0.5803922 0.5372549 0.5568628 0.53333336 0.48235294 0.41568628 0.49411765 0.4627451 0.36078432 0.38039216 0.49411765 0.42352942 0.4862745 0.5254902 0.4862745 0.5137255 0.62352943 0.6156863 0.6392157
0.85490197 0.91764706 0.93333334 0.64705884 0.5254902 0.5294118 0.5921569 0.5686275 0.6156863 0.65882355 0.6862745 0.64705884 0.54509807 0.5372549 0.6039216 0.6509804 0.5647059 0.49803922 0.3882353 0.4117647 0.36862746 0.38431373 0.5176471 0.59607846 0.6117647 0.5294118 0.45882353 0.48235294 0.6666667 0.83137256 0.85882354 0.8862745
0.61960787 0.7019608 0.80784315 0.64705884 0.5647059 0.5529412 0.6 0.6862745 0.68235296 0.60784316 0.5372549 0.5647059 0.4 0.37254903 0.5294118 0.57254905 0.49803922 0.47058824 0.37254903 0.37254903 0.38039216 0.4 0.4509804 0.5254902 0.5647059 0.4745098 0.46666667 0.5568628 0.7529412 0.93333334 0.9372549 0.80784315
0.5019608 0.54901963 0.6039216 0.63529414 0.6313726 0.6 0.59607846 0.6392157 0.60784316 0.5803922 0.5529412 0.54901963 0.42745098 0.39215687 0.4627451 0.4627451 0.48235294 0.45490196 0.37254903 0.40784314 0.41568628 0.37254903 0.34901962 0.46666667 0.49019608 0.43137255 0.44705883 0.5176471 0.6666667 0.78039217 0.7411765 0.7764706
0.44313726 0.5019608 0.5764706 0.6117647 0.57254905 0.5137255 0.49411765 0.40392157 0.43529412 0.5647059 0.59607846 0.5294118 0.46666667 0.50980395 0.5529412 0.47058824 0.4 0.44313726 0.38431373 0.3764706 0.38039216 0.40392157 0.3882353 0.38431373 0.41568628 0.4392157 0.42745098 0.45490196 0.5294118 0.5764706 0.6666667 0.9019608
0.43529412 0.69803923 0.7019608 0.5764706 0.5411765 0.39215687 0.44705883 0.50980395 0.54901963 0.5372549 0.52156866 0.5254902 0.53333336 0.44313726 0.46666667 0.4117647 0.42352942 0.45490196 0.47058824 0.38039216 0.38039216 0.42352942 0.41960785 0.4117647 0.38039216 0.37254903 0.38039216 0.39215687 0.33333334 0.38039216 0.40784314 0.8039216
0.49411765 0.80784315 0.70980394 0.49411765 0.5529412 0.41960785 0.54901963 0.62352943 0.5686275 0.44313726 0.38431373 0.41960785 0.42745098 0.49411765 0.5568628 0.6784314 0.6509804 0.56078434 0.7019608 0.5803922 0.32941177 0.34509805 0.32941177 0.3254902 0.3529412 0.34117648 0.5254902 0.5372549 0.41568628 0.41568628 0.40784314 0.79607844
0.39607844 0.654902 0.56078434 0.49803922 0.72156864 0.73333335 0.5176471 0.41568628 0.27450982 0.17254902 0.2784314 0.40392157 0.43529412 0.7058824 0.8392157 0.8156863 0.6901961 0.63529414 0.70980394 0.6392157 0.34509805 0.2509804 0.20392157 0.18039216 0.23137255 0.30588236 0.60784316 0.53333336 0.44313726 0.5176471 0.5294118 0.8156863
0.45882353 0.5882353 0.52156866 0.59607846 0.8509804 0.84705883 0.57254905 0.39607844 0.25882354 0.21176471 0.39215687 0.53333336 0.6156863 0.88235295 0.8509804 0.67058825 0.5803922 0.5882353 0.7058824 0.6745098 0.45882353 0.16862746 0.09411765 0.101960786 0.11764706 0.1764706 0.3647059 0.44313726 0.45882353 0.5372549 0.5647059 0.8862745
0.7882353 0.8 0.7921569 0.7921569 0.77254903 0.6745098 0.5058824 0.42745098 0.49803922 0.45882353 0.5568628 0.654902 0.7294118 0.84705883 0.7411765 0.7176471 0.6901961 0.56078434 0.5921569 0.654902 0.57254905 0.25490198 0.13333334 0.13725491 0.15686275 0.1882353 0.27450982 0.40392157 0.48235294 0.59607846 0.65882355 0.9254902
0.8784314 0.8784314 0.8745098 0.85490197 0.75686276 0.6784314 0.61960787 0.6431373 0.7176471 0.6627451 0.70980394 0.78039217 0.67058825 0.6 0.63529414 0.7372549 0.7176471 0.5254902 0.5568628 0.7019608 0.7411765 0.6666667 0.5411765 0.50980395 0.5254902 0.5647059 0.63529414 0.6509804 0.7294118 0.83137256 0.8627451 0.9529412
0.7490196 0.78039217 0.8235294 0.76862746 0.56078434 0.52156866 0.5882353 0.63529414 0.6431373 0.6117647 0.5686275 0.627451 0.61960787 0.63529414 0.6784314 0.75686276 0.6431373 0.5058824 0.6156863 0.75686276 0.8392157 0.8117647 0.7647059 0.68235296 0.70980394 0.7607843 0.80784315 0.87058824 0.8862745 0.8980392 0.9137255 0.93333334
0.5686275 0.5882353 0.62352943 0.5568628 0.47058824 0.5137255 0.5882353 0.67058825 0.7019608 0.6313726 0.57254905 0.6392157 0.68235296 0.6509804 0.68235296 0.72156864 0.6666667 0.5137255 0.48235294 0.6666667 0.78431374 0.7490196 0.6901961 0.5647059 0.6156863 0.7529412 0.76862746 0.85490197 0.89411765 0.8862745 0.8745098 0.8784314
0.5568628 0.54901963 0.48235294 0.3647059 0.3647059 0.36862746 0.4627451 0.56078434 0.6666667 0.6392157 0.60784316 0.654902 0.65882355 0.6431373 0.6745098 0.7254902 0.6745098 0.627451 0.63529414 0.6627451 0.6745098 0.6901961 0.7176471 0.8039216 0.83137256 0.80784315 0.7764706 0.77254903 0.8627451 0.87058824 0.8627451 0.8745098
0.44705883 0.47843137 0.43137255 0.1882353 0.12941177 0.1254902 0.15686275 0.20392157 0.30588236 0.34117648 0.3764706 0.4392157 0.4862745 0.54509807 0.60784316 0.65882355 0.6509804 0.67058825 0.7176471 0.73333335 0.73333335 0.7411765 0.78039217 0.8392157 0.83137256 0.7882353 0.7647059 0.74509805 0.83137256 0.8784314 0.8627451 0.8784314
0.37254903 0.39607844 0.40784314 0.26666668 0.13725491 0.14509805 0.16862746 0.16078432 0.14509805 0.13333334 0.14509805 0.15686275 0.16862746 0.19607843 0.2627451 0.31764707 0.34509805 0.35686275 0.3764706 0.41960785 0.44313726 0.4745098 0.4862745 0.49411765 0.5058824 0.50980395 0.5019608 0.4627451 0.60784316 0.8745098 0.87058824 0.87058824
0.3882353 0.38431373 0.40784314 0.3647059 0.1254902 0.14117648 0.1882353 0.23137255 0.27058825 0.2784314 0.28627452 0.23921569 0.2 0.17254902 0.1882353 0.21176471 0.21960784 0.1882353 0.12941177 0.13725491 0.14509805 0.16470589 0.1764706 0.16862746 0.16470589 0.16862746 0.14117648 0.26666668 0.7294118 0.8980392 0.8862745 0.88235295
0.3882353 0.39607844 0.40784314 0.42352942 0.27450982 0.16862746 0.11764706 0.19215687 0.25490198 0.30980393 0.36078432 0.3372549 0.32941177 0.3137255 0.30980393 0.3137255 0.3254902 0.32156864 0.3137255 0.3137255 0.32156864 0.32941177 0.32941177 0.32156864 0.31764707 0.30588236 0.3882353 0.73333335 0.91764706 0.90588236 0.8862745 0.8980392
0.34509805 0.39607844 0.3647059 0.37254903 0.31764707 0.17254902 0.1254902 0.1254902 0.15294118 0.20784314 0.25490198 0.2901961 0.3019608 0.30588236 0.30588236 0.30588236 0.32156864 0.32941177 0.3372549 0.34509805 0.35686275 0.36078432 0.3647059 0.3647059 0.34509805 0.26666668 0.45490196 0.5254902 0.7372549 0.8117647 0.85490197 0.80784315
0.3137255 0.35686275 0.43529412 0.33333334 0.17254902 0.18431373 0.15686275 0.09019608 0.12941177 0.11372549 0.10980392 0.13333334 0.18431373 0.20392157 0.20392157 0.22352941 0.2509804 0.27450982 0.29803923 0.31764707 0.3372549 0.34509805 0.34901962 0.36078432 0.3764706 0.23529412 0.28235295 0.12941177 0.4509804 0.7176471 0.8235294 0.6784314
0.28235295 0.29803923 0.30588236 0.34509805 0.31764707 0.22352941 0.16078432 0.14901961 0.15294118 0.14901961 0.101960786 0.07058824 0.08235294 0.09411765 0.11764706 0.15294118 0.17254902 0.20392157 0.23529412 0.26666668 0.3019608 0.32156864 0.3254902 0.3019608 0.45882353 0.4627451 0.28235295 0.10980392 0.3647059 0.79607844 0.79607844 0.5686275
0.28235295 0.2901961 0.2627451 0.27450982 0.20392157 0.3372549 0.13725491 0.13725491 0.16078432 0.21176471 0.24313726 0.15294118 0.12156863 0.11764706 0.12156863 0.11372549 0.12941177 0.15686275 0.2 0.23921569 0.27450982 0.32156864 0.3529412 0.23921569 0.2627451 0.44705883 0.29803923 0.25882354 0.4745098 0.74509805 0.6745098 0.44705883
0.22352941 0.27450982 0.26666668 0.21960784 0.15294118 0.34117648 0.10980392 0.05490196 0.08627451 0.12156863 0.17254902 0.16470589 0.18431373 0.1882353 0.18039216 0.16862746 0.1882353 0.20392157 0.22745098 0.2627451 0.29803923 0.34117648 0.38039216 0.3529412 0.23529412 0.21960784 0.21568628 0.3764706 0.5921569 0.6509804 0.6392157 0.49019608
0.18431373 0.24705882 0.28627452 0.28235295 0.25490198 0.20392157 0.12941177 0.14509805 0.11764706 0.09803922 0.15686275 0.16862746 0.14117648 0.16078432 0.17254902 0.1882353 0.22745098 0.23529412 0.2509804 0.28627452 0.29411766 0.3254902 0.3254902 0.3019608 0.2509804 0.21568628 0.19607843 0.2784314 0.43529412 0.5764706 0.6117647 0.48235294
0.27058825 0.32156864 0.41960785 0.45490196 0.42352942 0.5019608 0.39215687 0.3372549 0.23921569 0.15294118 0.27058825 0.20784314 0.13333334 0.13333334 0.13725491 0.14509805 0.16862746 0.1882353 0.22745098 0.25490198 0.2784314 0.34509805 0.28627452 0.2627451 0.28627452 0.34117648 0.29411766 0.3019608 0.34117648 0.40392157 0.5058824 0.3372549
0.43137255 0.5686275 0.6431373 0.5294118 0.32156864 0.4117647 0.32941177 0.30588236 0.26666668 0.21176471 0.21568628 0.18431373 0.15686275 0.14901961 0.15686275 0.16470589 0.16862746 0.1764706 0.20392157 0.19215687 0.20392157 0.23137255 0.24313726 0.25882354 0.30980393 0.3529412 0.28235295 0.28235295 0.28627452 0.27058825 0.29411766 0.21960784
0.34117648 0.44705883 0.45882353 0.3647059 0.27450982 0.25882354 0.21568628 0.24705882 0.2627451 0.24705882 0.22352941 0.21568628 0.21568628 0.20784314 0.20392157 0.19607843 0.19607843 0.19607843 0.20392157 0.2 0.20392157 0.21176471 0.23137255 0.24705882 0.28627452 0.3137255 0.29803923 0.30980393 0.3019608 0.30588236 0.28627452 0.1882353
0.24313726 0.28235295 0.28627452 0.2784314 0.29803923 0.27058825 0.21568628 0.2 0.2627451 0.25882354 0.27058825 0.25490198 0.25882354 0.26666668 0.2627451 0.24313726 0.23921569 0.23921569 0.22352941 0.21176471 0.20392157 0.20392157 0.21960784 0.24313726 0.28235295 0.27450982 0.27058825 0.30588236 0.31764707 0.32941177 0.2784314 0.105882354
0.23921569 0.26666668 0.28627452 0.27058825 0.28627452 0.27450982 0.25490198 0.23137255 0.23921569 0.2 0.2509804 0.28627452 0.2901961 0.27450982 0.27058825 0.27058825 0.27058825 0.27450982 0.27058825 0.2627451 0.25490198 0.23529412 0.23921569 0.23921569 0.25490198 0.2509804 0.23529412 0.27450982 0.28235295 0.30588236 0.25490198 0.07450981
0.20392157 0.25490198 0.25490198 0.23137255 0.24705882 0.30588236 0.30588236 0.27450982 0.22745098 0.1882353 0.21568628 0.29411766 0.3137255 0.29803923 0.28235295 0.2784314 0.28235295 0.29411766 0.29803923 0.29411766 0.2901961 0.28235295 0.28235295 0.27450982 0.25882354 0.25490198 0.23921569 0.22352941 0.25882354 0.2784314 0.29411766 0.22352941
0.24313726 0.2627451 0.2509804 0.25490198 0.27058825 0.30588236 0.30588236 0.26666668 0.24705882 0.25882354 0.25490198 0.25882354 0.29803923 0.3137255 0.30588236 0.29411766 0.29411766 0.29411766 0.30588236 0.3019608 0.30588236 0.31764707 0.30588236 0.3019608 0.28627452 0.27450982 0.26666668 0.22352941 0.26666668 0.25882354 0.27450982 0.23137255
0.9647059 0.94509804 0.95686275 0.8156863 0.5921569 0.5294118 0.46666667 0.48235294 0.4745098 0.40392157 0.53333336 0.65882355 0.5176471 0.3882353 0.32941177 0.24705882 0.19215687 0.31764707 0.36862746 0.42745098 0.39215687 0.30980393 0.2784314 0.3137255 0.29803923 0.34901962 0.45882353 0.40392157 0.3764706 0.45490196 0.44313726 0.40784314
0.9607843 0.972549 0.95686275 0.63529414 0.42352942 0.3529412 0.39215687 0.46666667 0.49411765 0.45882353 0.59607846 0.6431373 0.49803922 0.43137255 0.38039216 0.40392157 0.36078432 0.30980393 0.24705882 0.33333334 0.32156864 0.21568628 0.22352941 0.33333334 0.30588236 0.34117648 0.3372549 0.3254902 0.3764706 0.45882353 0.4392157 0.47843137
0.8352941 0.91764706 0.9490196 0.5568628 0.32941177 0.3019608 0.3647059 0.3764706 0.4392157 0.47843137 0.5254902 0.5137255 0.40784314 0.39215687 0.4392157 0.47058824 0.36078432 0.30980393 0.22352941 0.26666668 0.23921569 0.24313726 0.35686275 0.42352942 0.5058824 0.39215687 0.26666668 0.35686275 0.5921569 0.7490196 0.7607843 0.80784315
0.5254902 0.61960787 0.7294118 0.52156866 0.3882353 0.34901962 0.40392157 0.5019608 0.5019608 0.42352942 0.3529412 0.39607844 0.24313726 0.22352941 0.36078432 0.3764706 0.30980393 0.29803923 0.21960784 0.23137255 0.23921569 0.25490198 0.29411766 0.36862746 0.44313726 0.35686275 0.3529412 0.49019608 0.7372549 0.9137255 0.9019608 0.7921569
0.3372549 0.3764706 0.41960785 0.45490196 0.43529412 0.38039216 0.39215687 0.44705883 0.42352942 0.39607844 0.35686275 0.3529412 0.25490198 0.23921569 0.28627452 0.2627451 0.3254902 0.30588236 0.23137255 0.26666668 0.25490198 0.21176471 0.19607843 0.32156864 0.34117648 0.33333334 0.42352942 0.50980395 0.654902 0.7490196 0.69803923 0.75686276
0.28235295 0.34901962 0.37254903 0.4 0.37254903 0.32156864 0.3254902 0.25490198 0.2901961 0.39607844 0.4 0.3254902 0.29803923 0.37254903 0.4117647 0.3254902 0.27450982 0.3254902 0.25882354 0.23529412 0.20784314 0.21960784 0.21176471 0.22745098 0.27450982 0.34117648 0.38431373 0.4117647 0.47843137 0.5176471 0.6117647 0.87058824
0.33333334 0.6156863 0.52156866 0.3764706 0.38431373 0.26666668 0.34901962 0.42745098 0.45490196 0.4117647 0.3529412 0.3529412 0.38431373 0.32156864 0.3764706 0.3372549 0.3372549 0.38039216 0.3882353 0.27058825 0.24705882 0.2627451 0.25882354 0.2784314 0.2784314 0.2784314 0.28627452 0.29803923 0.25490198 0.3019608 0.32941177 0.7764706
0.45490196 0.7411765 0.52156866 0.32941177 0.45490196 0.32941177 0.47843137 0.57254905 0.52156866 0.36862746 0.28627452 0.30980393 0.3137255 0.40392157 0.4862745 0.627451 0.62352943 0.56078434 0.69803923 0.5568628 0.26666668 0.25490198 0.24313726 0.27058825 0.29411766 0.27058825 0.45490196 0.47058824 0.35686275 0.3019608 0.25882354 0.74509805
0.39215687 0.5882353 0.3647059 0.35686275 0.65882355 0.6745098 0.4745098 0.39607844 0.26666668 0.15686275 0.25882354 0.36862746 0.38039216 0.6627451 0.80784315 0.8 0.7137255 0.69411767 0.7882353 0.69803923 0.32941177 0.19215687 0.14117648 0.14117648 0.18039216 0.24313726 0.54509807 0.46666667 0.37254903 0.37254903 0.34117648 0.7490196
0.4392157 0.5058824 0.3372549 0.44705883 0.77254903 0.7921569 0.5411765 0.39215687 0.27058825 0.23137255 0.42352942 0.56078434 0.63529414 0.9019608 0.8745098 0.69803923 0.627451 0.6784314 0.827451 0.7882353 0.47843137 0.12941177 0.03529412 0.047058824 0.050980393 0.09803922 0.27058825 0.33333334 0.34901962 0.38431373 0.40392157 0.83137256
0.69803923 0.6901961 0.6156863 0.60784316 0.62352943 0.58431375 0.47058824 0.41960785 0.5058824 0.4862745 0.60784316 0.7294118 0.8117647 0.9254902 0.81960785 0.78431374 0.72156864 0.64705884 0.72156864 0.8 0.6627451 0.2784314 0.105882354 0.09411765 0.06666667 0.05882353 0.12156863 0.22352941 0.29803923 0.4509804 0.57254905 0.89411765
0.78431374 0.78039217 0.75686276 0.7058824 0.6392157 0.62352943 0.6117647 0.6431373 0.73333335 0.69803923 0.77254903 0.87058824 0.78431374 0.70980394 0.74509805 0.827451 0.7607843 0.60784316 0.6784314 0.8392157 0.8784314 0.7647059 0.5882353 0.5294118 0.4745098 0.44705883 0.4627451 0.4509804 0.54509807 0.7176471 0.827451 0.9372549
0.72156864 0.75686276 0.79607844 0.7372549 0.5647059 0.57254905 0.63529414 0.6745098 0.69411767 0.67058825 0.63529414 0.7137255 0.7254902 0.74509805 0.78431374 0.85490197 0.7294118 0.6 0.7176471 0.8627451 0.9490196 0.92941177 0.8666667 0.75686276 0.7647059 0.75686276 0.72156864 0.7529412 0.7764706 0.8156863 0.85882354 0.89411765
0.5764706 0.59607846 0.6313726 0.56078434 0.5019608 0.57254905 0.63529414 0.70980394 0.7490196 0.6901961 0.63529414 0.7176471 0.78431374 0.7490196 0.78431374 0.81960785 0.7529412 0.6 0.5686275 0.74509805 0.85882354 0.8392157 0.77254903 0.627451 0.7019608 0.8509804 0.827451 0.85490197 0.81960785 0.76862746 0.7529412 0.7490196
0.5882353 0.5764706 0.50980395 0.38431373 0.3882353 0.40392157 0.49019608 0.5882353 0.7019608 0.68235296 0.65882355 0.72156864 0.7490196 0.7372549 0.7647059 0.8117647 0.7529412 0.7019608 0.7137255 0.73333335 0.73333335 0.7529412 0.78431374 0.84705883 0.8901961 0.94509804 0.92941177 0.8392157 0.7882353 0.7137255 0.6862745 0.67058825
0.49803922 0.5294118 0.4862745 0.22745098 0.14901961 0.13725491 0.17254902 0.21960784 0.3254902 0.36862746 0.40784314 0.49019608 0.56078434 0.61960787 0.68235296 0.73333335 0.73333335 0.75686276 0.8039216 0.8156863 0.8 0.8117647 0.8509804 0.89411765 0.87058824 0.8862745 0.89411765 0.8 0.7607843 0.74509805 0.7019608 0.6784314
0.44705883 0.47058824 0.48235294 0.3254902 0.15686275 0.14117648 0.17254902 0.16862746 0.14901961 0.14509805 0.16470589 0.1882353 0.21960784 0.2509804 0.3137255 0.38039216 0.42745098 0.44313726 0.4627451 0.5019608 0.5176471 0.54509807 0.56078434 0.5647059 0.5647059 0.57254905 0.57254905 0.50980395 0.58431375 0.8039216 0.78039217 0.75686276
0.4745098 0.47058824 0.49019608 0.4392157 0.15686275 0.12941177 0.19215687 0.23529412 0.2627451 0.27450982 0.2901961 0.25490198 0.22745098 0.20392157 0.21960784 0.25490198 0.28235295 0.2509804 0.19607843 0.2 0.20784314 0.22352941 0.23529412 0.23529412 0.25490198 0.23529412 0.18039216 0.3254902 0.7529412 0.8862745 0.87058824 0.85882354
0.45490196 0.45490196 0.46666667 0.49411765 0.3137255 0.16862746 0.13725491 0.19607843 0.21960784 0.26666668 0.30980393 0.29803923 0.30588236 0.30588236 0.31764707 0.32941177 0.34509805 0.34901962 0.34117648 0.34117648 0.32941177 0.3372549 0.3529412 0.36078432 0.36862746 0.34901962 0.40784314 0.7411765 0.9098039 0.8901961 0.8745098 0.8862745
0.40392157 0.4509804 0.41568628 0.43137255 0.34901962 0.18039216 0.16470589 0.15294118 0.14509805 0.1882353 0.22352941 0.25882354 0.2784314 0.28627452 0.2901961 0.29803923 0.31764707 0.33333334 0.34509805 0.34901962 0.34117648 0.34901962 0.36862746 0.38431373 0.3647059 0.2901961 0.47843137 0.5254902 0.7137255 0.7921569 0.84313726 0.7882353
0.37254903 0.41960785 0.5019608 0.38039216 0.1882353 0.19607843 0.2 0.14509805 0.16470589 0.14509805 0.13725491 0.15294118 0.19215687 0.19607843 0.18039216 0.2 0.24313726 0.27058825 0.2901961 0.30588236 0.32156864 0.33333334 0.3529412 0.3764706 0.39607844 0.27058825 0.32941177 0.16078432 0.4509804 0.7019608 0.8156863 0.6666667
0.3254902 0.35686275 0.3764706 0.38431373 0.32156864 0.23529412 0.20392157 0.2 0.19215687 0.1882353 0.14509805 0.11372549 0.11372549 0.10980392 0.11372549 0.14117648 0.18039216 0.21176471 0.23529412 0.25882354 0.29411766 0.32156864 0.34117648 0.32156864 0.49019608 0.5137255 0.34901962 0.16862746 0.3764706 0.7882353 0.8 0.5647059
0.2901961 0.32156864 0.3137255 0.30980393 0.21568628 0.34117648 0.16470589 0.16470589 0.1764706 0.23529412 0.27450982 0.19215687 0.17254902 0.16078432 0.15686275 0.14509805 0.18431373 0.2 0.22745098 0.25490198 0.29411766 0.34509805 0.3882353 0.28235295 0.31764707 0.5254902 0.38431373 0.32941177 0.49411765 0.74509805 0.68235296 0.44705883
0.19215687 0.27058825 0.28627452 0.2509804 0.16862746 0.34509805 0.11764706 0.0627451 0.09411765 0.13725491 0.19607843 0.20392157 0.24313726 0.2509804 0.25490198 0.25490198 0.28235295 0.28627452 0.2901961 0.30980393 0.3372549 0.38431373 0.43137255 0.41568628 0.32156864 0.32156864 0.3137255 0.44705883 0.6156863 0.654902 0.6509804 0.49803922
0.09411765 0.14117648 0.1882353 0.23921569 0.23921569 0.18431373 0.12156863 0.14509805 0.12156863 0.105882354 0.16470589 0.1882353 0.1764706 0.20784314 0.22745098 0.25490198 0.30980393 0.30980393 0.32156864 0.34509805 0.32941177 0.3764706 0.40784314 0.40784314 0.37254903 0.34509805 0.3254902 0.40392157 0.5137255 0.62352943 0.6509804 0.5058824
0.11372549 0.11372549 0.19607843 0.32156864 0.3529412 0.45490196 0.37254903 0.34117648 0.2509804 0.15686275 0.27058825 0.21176471 0.14509805 0.14901961 0.14901961 0.16470589 0.20784314 0.22745098 0.27058825 0.29411766 0.3019608 0.39215687 0.38039216 0.39215687 0.41960785 0.47058824 0.4392157 0.45882353 0.48235294 0.5137255 0.59607846 0.40392157
0.24705882 0.34509805 0.4117647 0.36078432 0.20784314 0.3372549 0.29411766 0.29803923 0.2784314 0.22352941 0.22745098 0.19607843 0.17254902 0.16470589 0.17254902 0.18039216 0.19215687 0.20392157 0.22745098 0.21960784 0.22745098 0.2784314 0.30980393 0.34509805 0.40392157 0.4509804 0.39215687 0.4 0.42352942 0.40784314 0.4117647 0.3137255
0.18039216 0.25490198 0.26666668 0.19215687 0.1254902 0.15686275 0.15686275 0.22352941 0.25490198 0.2509804 0.23921569 0.23529412 0.23137255 0.22352941 0.21960784 0.21176471 0.20784314 0.20784314 0.21568628 0.21568628 0.23137255 0.2509804 0.27058825 0.2901961 0.3372549 0.37254903 0.36862746 0.38431373 0.40392157 0.42352942 0.38039216 0.2627451
0.1254902 0.14117648 0.15686275 0.13725491 0.15686275 0.16078432 0.13333334 0.14117648 0.21960784 0.23529412 0.26666668 0.26666668 0.27450982 0.2784314 0.2784314 0.25882354 0.25490198 0.2509804 0.23921569 0.22745098 0.23137255 0.23137255 0.24313726 0.2627451 0.3137255 0.30980393 0.3137255 0.34901962 0.38039216 0.4 0.33333334 0.14509805
0.14117648 0.14901961 0.18431373 0.17254902 0.18039216 0.17254902 0.15294118 0.13333334 0.15294118 0.14509805 0.21960784 0.28235295 0.30588236 0.2901961 0.28627452 0.2901961 0.2901961 0.29803923 0.2901961 0.28627452 0.27450982 0.25490198 0.25882354 0.25882354 0.2784314 0.27450982 0.2627451 0.3019608 0.3372549 0.36862746 0.29803923 0.105882354
0.09019608 0.1254902 0.14509805 0.14117648 0.15686275 0.20392157 0.19607843 0.16470589 0.12156863 0.09411765 0.14509805 0.2627451 0.32156864 0.3137255 0.29803923 0.29803923 0.30980393 0.32156864 0.3254902 0.32156864 0.30588236 0.29803923 0.3019608 0.29411766 0.27058825 0.26666668 0.25882354 0.2627451 0.31764707 0.3372549 0.3529412 0.2784314
0.13333334 0.13333334 0.13725491 0.15686275 0.17254902 0.20392157 0.2 0.1764706 0.14901961 0.13725491 0.14901961 0.20392157 0.28627452 0.3137255 0.32156864 0.3137255 0.31764707 0.31764707 0.32941177 0.3254902 0.32941177 0.3372549 0.32941177 0.32156864 0.28627452 0.27058825 0.28235295 0.2784314 0.31764707 0.29803923 0.32941177 0.29803923
10 24 1
17 17 0
17 19 0
17 15 0
17 22 0
14 25 2
10 23 1
17 18 0
17 14 0
17 20 0
15 15 2
16 13 0
17 13 0
17 16 0
20 27 1
9 24 0
23 25 0
17 23 0
17 25 0
9 24 1
16 9 1
17 26 0
1 2 2
17 21 1
12 23 2
10 23 0
15 25 1
1 1 2
11 0 0
17 26 1
