32, 32, 3, 30
0.33333334 0.25490198 0.28235295 0.2784314 0.29803923 0.3137255 0.3137255 0.31764707 0.33333334 0.36078432 0.36862746 0.3019608 0.34901962 0.3529412 0.32941177 0.3372549 0.4 0.39215687 0.28235295 0.24705882 0.21568628 0.30588236 0.4 0.42745098 0.4 0.44313726 0.5882353 0.84705883 0.96862745 0.95686275 0.9490196 0.9372549
0.2784314 0.23137255 0.23921569 0.23529412 0.25882354 0.25882354 0.3137255 0.3254902 0.36078432 0.39215687 0.32156864 0.22745098 0.27058825 0.34901962 0.3372549 0.3882353 0.41960785 0.38431373 0.30588236 0.33333334 0.27058825 0.3019608 0.3529412 0.36862746 0.35686275 0.3529412 0.5803922 0.92941177 0.96862745 0.95686275 0.9529412 0.9411765
0.15686275 0.19607843 0.21960784 0.22352941 0.24313726 0.28235295 0.31764707 0.34509805 0.37254903 0.40784314 0.3764706 0.2627451 0.24705882 0.32941177 0.34901962 0.4 0.4745098 0.4745098 0.38039216 0.45882353 0.33333334 0.28627452 0.3529412 0.34901962 0.33333334 0.34901962 0.5294118 0.90588236 0.95686275 0.94509804 0.9411765 0.92941177
0.12941177 0.18431373 0.23529412 0.24705882 0.27058825 0.29411766 0.33333334 0.36862746 0.33333334 0.34901962 0.3372549 0.24705882 0.26666668 0.32156864 0.34509805 0.32941177 0.42745098 0.49803922 0.41960785 0.3882353 0.2901961 0.24705882 0.30980393 0.29411766 0.39215687 0.44705883 0.5176471 0.8392157 0.9647059 0.9529412 0.94509804 0.93333334
0.14509805 0.21176471 0.2509804 0.28235295 0.30980393 0.34509805 0.35686275 0.36862746 0.36862746 0.35686275 0.30588236 0.27058825 0.25882354 0.2901961 0.28235295 0.2901961 0.37254903 0.42745098 0.36862746 0.30588236 0.30980393 0.24313726 0.28235295 0.30980393 0.40392157 0.45490196 0.5764706 0.8901961 0.95686275 0.9490196 0.94509804 0.92941177
0.17254902 0.23137255 0.2784314 0.29803923 0.3019608 0.36078432 0.38431373 0.38431373 0.36078432 0.32941177 0.3372549 0.3372549 0.27058825 0.24705882 0.25882354 0.2901961 0.3254902 0.39607844 0.40392157 0.34901962 0.33333334 0.2784314 0.2784314 0.3254902 0.32156864 0.3647059 0.54901963 0.8352941 0.9490196 0.9490196 0.9490196 0.88235295
0.17254902 0.2 0.25882354 0.3019608 0.34509805 0.36862746 0.3529412 0.3372549 0.3137255 0.32941177 0.3647059 0.40392157 0.3137255 0.25882354 0.2901961 0.30588236 0.32941177 0.36078432 0.40784314 0.40784314 0.3764706 0.3019608 0.32941177 0.34509805 0.29803923 0.3137255 0.4117647 0.6156863 0.90588236 0.9529412 0.9411765 0.7607843
0.11372549 0.15686275 0.28627452 0.43137255 0.49019608 0.46666667 0.44705883 0.40784314 0.4 0.40392157 0.4117647 0.44705883 0.41568628 0.33333334 0.34509805 0.3529412 0.39215687 0.3882353 0.39215687 0.4117647 0.39607844 0.37254903 0.38039216 0.3137255 0.3137255 0.3019608 0.3254902 0.45490196 0.7647059 0.9607843 0.84313726 0.5568628
0.09803922 0.24705882 0.5764706 0.7137255 0.74509805 0.74509805 0.74509805 0.70980394 0.6901961 0.68235296 0.6666667 0.6627451 0.67058825 0.61960787 0.61960787 0.63529414 0.654902 0.63529414 0.6 0.6 0.5647059 0.60784316 0.5529412 0.32156864 0.30588236 0.29803923 0.2901961 0.36078432 0.60784316 0.8901961 0.6392157 0.36862746
0.13333334 0.3372549 0.60784316 0.7058824 0.78039217 0.79607844 0.8352941 0.81960785 0.81960785 0.8156863 0.76862746 0.7176471 0.7019608 0.7058824 0.7137255 0.70980394 0.7058824 0.6627451 0.63529414 0.6117647 0.5882353 0.63529414 0.6117647 0.3529412 0.30980393 0.28627452 0.2901961 0.32941177 0.4745098 0.6431373 0.48235294 0.27450982
0.3019608 0.49411765 0.49019608 0.53333336 0.6117647 0.69411767 0.73333335 0.70980394 0.7372549 0.7294118 0.6392157 0.6 0.5686275 0.56078434 0.5803922 0.5647059 0.5529412 0.53333336 0.5176471 0.50980395 0.5058824 0.52156866 0.5058824 0.4 0.33333334 0.27058825 0.29803923 0.33333334 0.41960785 0.4627451 0.42745098 0.29803923
0.6392157 0.7137255 0.4509804 0.49411765 0.52156866 0.60784316 0.60784316 0.5568628 0.6392157 0.6313726 0.6039216 0.6 0.54901963 0.5058824 0.50980395 0.44705883 0.4745098 0.5058824 0.49411765 0.49019608 0.49411765 0.5019608 0.49019608 0.41960785 0.3137255 0.25882354 0.3019608 0.30980393 0.34509805 0.40392157 0.40392157 0.30980393
0.7490196 0.78431374 0.42352942 0.49411765 0.5058824 0.5372549 0.52156866 0.38431373 0.5254902 0.56078434 0.5568628 0.5764706 0.52156866 0.49019608 0.4862745 0.3254902 0.39607844 0.49803922 0.48235294 0.47843137 0.4745098 0.48235294 0.4745098 0.40784314 0.4 0.41960785 0.43529412 0.38039216 0.3137255 0.58431375 0.5019608 0.26666668
0.73333335 0.79607844 0.42352942 0.47843137 0.5529412 0.5921569 0.5294118 0.3372549 0.5058824 0.5882353 0.57254905 0.54901963 0.5372549 0.52156866 0.49803922 0.29411766 0.37254903 0.50980395 0.5058824 0.5137255 0.50980395 0.4862745 0.47843137 0.35686275 0.42745098 0.40784314 0.5058824 0.46666667 0.29411766 0.6 0.49411765 0.23921569
0.61960787 0.7607843 0.5137255 0.60784316 0.6509804 0.69411767 0.59607846 0.4509804 0.59607846 0.7019608 0.6901961 0.6509804 0.6862745 0.6784314 0.627451 0.44705883 0.5176471 0.65882355 0.6745098 0.6862745 0.67058825 0.61960787 0.60784316 0.36078432 0.36862746 0.33333334 0.47843137 0.5019608 0.3019608 0.41568628 0.4117647 0.27058825
0.3019608 0.5568628 0.7647059 0.8 0.8117647 0.8392157 0.78431374 0.54901963 0.75686276 0.85882354 0.8509804 0.8235294 0.80784315 0.79607844 0.8039216 0.5019608 0.627451 0.8352941 0.8117647 0.8117647 0.80784315 0.80784315 0.7372549 0.36078432 0.49019608 0.61960787 0.62352943 0.67058825 0.6431373 0.56078434 0.42352942 0.27450982
0.20392157 0.3882353 0.79607844 0.8352941 0.84705883 0.8745098 0.7921569 0.47843137 0.75686276 0.8784314 0.8627451 0.8352941 0.8117647 0.8117647 0.8235294 0.44313726 0.59607846 0.8352941 0.80784315 0.78039217 0.72156864 0.7294118 0.654902 0.34901962 0.62352943 0.85490197 0.8235294 0.80784315 0.83137256 0.76862746 0.65882355 0.36078432
0.30588236 0.39215687 0.78431374 0.7490196 0.6156863 0.7921569 0.80784315 0.6117647 0.8156863 0.87058824 0.85882354 0.81960785 0.80784315 0.827451 0.83137256 0.54509807 0.63529414 0.84313726 0.7764706 0.43137255 0.25882354 0.3137255 0.3882353 0.29411766 0.60784316 0.8509804 0.8117647 0.78039217 0.79607844 0.49803922 0.45882353 0.4745098
0.28627452 0.54509807 0.77254903 0.43529412 0.3254902 0.5254902 0.83137256 0.7882353 0.8509804 0.84313726 0.81960785 0.8039216 0.7764706 0.76862746 0.80784315 0.7607843 0.76862746 0.76862746 0.54901963 0.1882353 0.2509804 0.29803923 0.34901962 0.24313726 0.48235294 0.7490196 0.6901961 0.6784314 0.6392157 0.3019608 0.23921569 0.3529412
0.21568628 0.5294118 0.57254905 0.29411766 0.3254902 0.41568628 0.76862746 0.87058824 0.827451 0.6156863 0.49803922 0.49411765 0.44313726 0.4117647 0.6431373 0.78431374 0.7294118 0.45490196 0.2509804 0.1882353 0.27450982 0.32941177 0.34901962 0.2784314 0.3882353 0.5764706 0.5411765 0.48235294 0.3882353 0.2509804 0.23921569 0.28235295
0.14509805 0.28627452 0.30588236 0.28235295 0.35686275 0.3647059 0.5529412 0.6313726 0.5686275 0.3254902 0.21960784 0.23921569 0.23137255 0.21176471 0.34117648 0.43137255 0.37254903 0.22745098 0.20784314 0.15686275 0.20784314 0.3764706 0.3372549 0.28627452 0.3137255 0.35686275 0.34117648 0.2509804 0.23921569 0.24705882 0.24313726 0.27058825
0.16078432 0.30980393 0.4 0.34117648 0.39607844 0.31764707 0.31764707 0.3254902 0.32156864 0.32156864 0.33333334 0.34117648 0.3372549 0.30588236 0.25882354 0.23921569 0.2509804 0.29411766 0.31764707 0.3019608 0.28235295 0.39215687 0.3764706 0.34901962 0.34901962 0.37254903 0.38431373 0.36862746 0.36078432 0.3372549 0.31764707 0.32156864
0.25882354 0.40784314 0.4862745 0.4509804 0.47843137 0.46666667 0.50980395 0.5254902 0.56078434 0.59607846 0.6156863 0.60784316 0.59607846 0.5686275 0.50980395 0.49019608 0.49803922 0.50980395 0.5176471 0.5019608 0.48235294 0.4745098 0.48235294 0.47843137 0.48235294 0.5019608 0.5176471 0.50980395 0.5019608 0.47843137 0.45490196 0.4392157
0.3764706 0.48235294 0.5568628 0.59607846 0.62352943 0.64705884 0.6627451 0.6862745 0.68235296 0.6627451 0.6509804 0.62352943 0.6117647 0.5921569 0.57254905 0.57254905 0.56078434 0.54509807 0.5372549 0.53333336 0.50980395 0.49803922 0.49019608 0.4862745 0.49411765 0.5058824 0.50980395 0.5058824 0.50980395 0.49803922 0.49803922 0.47843137
0.43529412 0.52156866 0.5568628 0.5882353 0.6117647 0.6313726 0.62352943 0.6156863 0.6 0.5764706 0.57254905 0.5568628 0.5529412 0.5411765 0.5372549 0.54509807 0.5372549 0.5294118 0.52156866 0.5058824 0.48235294 0.4745098 0.4745098 0.48235294 0.48235294 0.48235294 0.49803922 0.5058824 0.50980395 0.49411765 0.4862745 0.48235294
0.44705883 0.5137255 0.5294118 0.54901963 0.5529412 0.5686275 0.5686275 0.5568628 0.5411765 0.53333336 0.5294118 0.5058824 0.49019608 0.49411765 0.49411765 0.49411765 0.49019608 0.4862745 0.48235294 0.4745098 0.46666667 0.45490196 0.45490196 0.4627451 0.45882353 0.4745098 0.5058824 0.5137255 0.5058824 0.49019608 0.4745098 0.47843137
0.4392157 0.47843137 0.4745098 0.49411765 0.5058824 0.52156866 0.5294118 0.52156866 0.50980395 0.49803922 0.49411765 0.4745098 0.45490196 0.4509804 0.4509804 0.44313726 0.44313726 0.44313726 0.45490196 0.4627451 0.45490196 0.43529412 0.4392157 0.44313726 0.4509804 0.47843137 0.5058824 0.50980395 0.5019608 0.48235294 0.47058824 0.4745098
0.39607844 0.40392157 0.4117647 0.43529412 0.46666667 0.48235294 0.5019608 0.49411765 0.4745098 0.4745098 0.46666667 0.44705883 0.43137255 0.42352942 0.43137255 0.42745098 0.42352942 0.41960785 0.43137255 0.4392157 0.43137255 0.42352942 0.41960785 0.42745098 0.45490196 0.47843137 0.49411765 0.49803922 0.49803922 0.47843137 0.4745098 0.48235294
0.35686275 0.3882353 0.43529412 0.4392157 0.4392157 0.45882353 0.48235294 0.4745098 0.45882353 0.47058824 0.45882353 0.43137255 0.41960785 0.4117647 0.42745098 0.43137255 0.41960785 0.4117647 0.41960785 0.41960785 0.4117647 0.41568628 0.4117647 0.42745098 0.45490196 0.47843137 0.49411765 0.5019608 0.49411765 0.47843137 0.47843137 0.48235294
0.3647059 0.3882353 0.42745098 0.42352942 0.43137255 0.4627451 0.47058824 0.4509804 0.44705883 0.44705883 0.43529412 0.42745098 0.41960785 0.40392157 0.41568628 0.42352942 0.4117647 0.41568628 0.43137255 0.43529412 0.42352942 0.40784314 0.41960785 0.4392157 0.4627451 0.4862745 0.49803922 0.49019608 0.49019608 0.48235294 0.4745098 0.4745098
0.36078432 0.3764706 0.39607844 0.39607844 0.41568628 0.47058824 0.47058824 0.4509804 0.44313726 0.42745098 0.4392157 0.4392157 0.44705883 0.41960785 0.40784314 0.40784314 0.40784314 0.4117647 0.42745098 0.44313726 0.4392157 0.4117647 0.44313726 0.4745098 0.4745098 0.47843137 0.49019608 0.47843137 0.49019608 0.49019608 0.47843137 0.4745098
0.32156864 0.34117648 0.38431373 0.38431373 0.40784314 0.47843137 0.4745098 0.44313726 0.44313726 0.4392157 0.44313726 0.4509804 0.4627451 0.42745098 0.40784314 0.4 0.40392157 0.4117647 0.43137255 0.4509804 0.44313726 0.44313726 0.45882353 0.4627451 0.4745098 0.52156866 0.49411765 0.48235294 0.49803922 0.49803922 0.49019608 0.49019608
0.33333334 0.25490198 0.28235295 0.2784314 0.29803923 0.3137255 0.3137255 0.31764707 0.33333334 0.36078432 0.36862746 0.3019608 0.34901962 0.3529412 0.32941177 0.3372549 0.4 0.39215687 0.28235295 0.24705882 0.21568628 0.30588236 0.4 0.42745098 0.4 0.44313726 0.5882353 0.84705883 0.96862745 0.95686275 0.9490196 0.9372549
0.2784314 0.23137255 0.23921569 0.23529412 0.25882354 0.25882354 0.3137255 0.3254902 0.36078432 0.39215687 0.32156864 0.22745098 0.27058825 0.34901962 0.3372549 0.3882353 0.41960785 0.38431373 0.30588236 0.33333334 0.27058825 0.3019608 0.3529412 0.36862746 0.35686275 0.3529412 0.5803922 0.92941177 0.96862745 0.95686275 0.9529412 0.9411765
0.15686275 0.19607843 0.21960784 0.22352941 0.24313726 0.28235295 0.31764707 0.34509805 0.37254903 0.40784314 0.3764706 0.2627451 0.24705882 0.32941177 0.34901962 0.4 0.4745098 0.4745098 0.38039216 0.45882353 0.33333334 0.28627452 0.3529412 0.34901962 0.33333334 0.34901962 0.5294118 0.90588236 0.95686275 0.94509804 0.9411765 0.92941177
0.12941177 0.18431373 0.23529412 0.24705882 0.27058825 0.29411766 0.33333334 0.36862746 0.33333334 0.34901962 0.3372549 0.24705882 0.26666668 0.32156864 0.34509805 0.32941177 0.42745098 0.49803922 0.41960785 0.3882353 0.2901961 0.24705882 0.30980393 0.29411766 0.39215687 0.44705883 0.5176471 0.8392157 0.9647059 0.9529412 0.94509804 0.93333334
0.14509805 0.21176471 0.2509804 0.28235295 0.30980393 0.34509805 0.35686275 0.36862746 0.36862746 0.35686275 0.30588236 0.27058825 0.25882354 0.2901961 0.28235295 0.2901961 0.37254903 0.42745098 0.36862746 0.30588236 0.30980393 0.24313726 0.28235295 0.30980393 0.40392157 0.45490196 0.5764706 0.8901961 0.95686275 0.9490196 0.94509804 0.92941177
0.17254902 0.23137255 0.2784314 0.29803923 0.3019608 0.36078432 0.38431373 0.38431373 0.36078432 0.32941177 0.3372549 0.3372549 0.27058825 0.24705882 0.25882354 0.2901961 0.3254902 0.39607844 0.40392157 0.34901962 0.33333334 0.2784314 0.2784314 0.3254902 0.32156864 0.3647059 0.54901963 0.8352941 0.9490196 0.9490196 0.9490196 0.88235295
0.17254902 0.2 0.25882354 0.3019608 0.34509805 0.36862746 0.3529412 0.3372549 0.3137255 0.32941177 0.3647059 0.40392157 0.3137255 0.25882354 0.2901961 0.30588236 0.32941177 0.36078432 0.40784314 0.40784314 0.3764706 0.3019608 0.32941177 0.34509805 0.29803923 0.3137255 0.4117647 0.6156863 0.90588236 0.9529412 0.9411765 0.7607843
0.11372549 0.15686275 0.28627452 0.43137255 0.49019608 0.46666667 0.44705883 0.40784314 0.4 0.40392157 0.4117647 0.44705883 0.41568628 0.33333334 0.34509805 0.3529412 0.39215687 0.3882353 0.39215687 0.4117647 0.39607844 0.37254903 0.38039216 0.3137255 0.3137255 0.3019608 0.3254902 0.45490196 0.7647059 0.9607843 0.84313726 0.5568628
0.09803922 0.24705882 0.5764706 0.7137255 0.74509805 0.74509805 0.74509805 0.70980394 0.6901961 0.68235296 0.6666667 0.6627451 0.67058825 0.61960787 0.61960787 0.63529414 0.654902 0.63529414 0.6 0.6 0.5647059 0.60784316 0.5529412 0.32156864 0.30588236 0.29803923 0.2901961 0.36078432 0.60784316 0.8901961 0.6392157 0.36862746
0.13333334 0.3372549 0.60784316 0.7058824 0.78039217 0.79607844 0.8352941 0.81960785 0.81960785 0.8156863 0.76862746 0.7176471 0.7019608 0.7058824 0.7137255 0.70980394 0.7058824 0.6627451 0.63529414 0.6117647 0.5882353 0.63529414 0.6117647 0.3529412 0.30980393 0.28627452 0.2901961 0.32941177 0.4745098 0.6431373 0.48235294 0.27450982
0.3019608 0.49411765 0.49019608 0.53333336 0.6117647 0.69411767 0.73333335 0.70980394 0.7372549 0.7294118 0.6392157 0.6 0.5686275 0.56078434 0.5803922 0.5647059 0.5529412 0.53333336 0.5176471 0.50980395 0.5058824 0.52156866 0.5058824 0.4 0.33333334 0.27058825 0.29803923 0.33333334 0.41960785 0.4627451 0.42745098 0.29803923
0.6392157 0.7137255 0.4509804 0.49411765 0.52156866 0.60784316 0.60784316 0.5568628 0.6392157 0.6313726 0.6039216 0.6 0.54901963 0.5058824 0.50980395 0.44705883 0.4745098 0.5058824 0.49411765 0.49019608 0.49411765 0.5019608 0.49019608 0.41960785 0.3137255 0.25882354 0.3019608 0.30980393 0.34509805 0.40392157 0.40392157 0.30980393
0.7490196 0.78431374 0.42352942 0.49411765 0.5058824 0.5372549 0.52156866 0.38431373 0.5254902 0.56078434 0.5568628 0.5764706 0.52156866 0.49019608 0.4862745 0.3254902 0.39607844 0.49803922 0.48235294 0.47843137 0.4745098 0.48235294 0.4745098 0.40784314 0.4 0.41960785 0.43529412 0.38039216 0.3137255 0.58431375 0.5019608 0.26666668
0.73333335 0.79607844 0.42352942 0.47843137 0.5529412 0.5921569 0.5294118 0.3372549 0.5058824 0.5882353 0.57254905 0.54901963 0.5372549 0.52156866 0.49803922 0.29411766 0.37254903 0.50980395 0.5058824 0.5137255 0.50980395 0.4862745 0.47843137 0.35686275 0.42745098 0.40784314 0.5058824 0.46666667 0.29411766 0.6 0.49411765 0.23921569
0.61960787 0.7607843 0.5137255 0.60784316 0.6509804 0.69411767 0.59607846 0.4509804 0.59607846 0.7019608 0.6901961 0.6509804 0.6862745 0.6784314 0.627451 0.44705883 0.5176471 0.65882355 0.6745098 0.6862745 0.67058825 0.61960787 0.60784316 0.36078432 0.36862746 0.33333334 0.47843137 0.5019608 0.3019608 0.41568628 0.4117647 0.27058825
0.3019608 0.5568628 0.7647059 0.8 0.8117647 0.8392157 0.78431374 0.54901963 0.75686276 0.85882354 0.8509804 0.8235294 0.80784315 0.79607844 0.8039216 0.5019608 0.627451 0.8352941 0.8117647 0.8117647 0.80784315 0.80784315 0.7372549 0.36078432 0.49019608 0.61960787 0.62352943 0.67058825 0.6431373 0.56078434 0.42352942 0.27450982
0.20392157 0.3882353 0.79607844 0.8352941 0.84705883 0.8745098 0.7921569 0.47843137 0.75686276 0.8784314 0.8627451 0.8352941 0.8117647 0.8117647 0.8235294 0.44313726 0.59607846 0.8352941 0.80784315 0.78039217 0.72156864 0.7294118 0.654902 0.34901962 0.62352943 0.85490197 0.8235294 0.80784315 0.83137256 0.76862746 0.65882355 0.36078432
0.30588236 0.39215687 0.78431374 0.7490196 0.6156863 0.7921569 0.80784315 0.6117647 0.8156863 0.87058824 0.85882354 0.81960785 0.80784315 0.827451 0.83137256 0.54509807 0.63529414 0.84313726 0.7764706 0.43137255 0.25882354 0.3137255 0.3882353 0.29411766 0.60784316 0.8509804 0.8117647 0.78039217 0.79607844 0.49803922 0.45882353 0.4745098
0.28627452 0.54509807 0.77254903 0.43529412 0.3254902 0.5254902 0.83137256 0.7882353 0.8509804 0.84313726 0.81960785 0.8039216 0.7764706 0.76862746 0.80784315 0.7607843 0.76862746 0.76862746 0.54901963 0.1882353 0.2509804 0.29803923 0.34901962 0.24313726 0.48235294 0.7490196 0.6901961 0.6784314 0.6392157 0.3019608 0.23921569 0.3529412
0.21568628 0.5294118 0.57254905 0.29411766 0.3254902 0.41568628 0.76862746 0.87058824 0.827451 0.6156863 0.49803922 0.49411765 0.44313726 0.4117647 0.6431373 0.78431374 0.7294118 0.45490196 0.2509804 0.1882353 0.27450982 0.32941177 0.34901962 0.2784314 0.3882353 0.5764706 0.5411765 0.48235294 0.3882353 0.2509804 0.23921569 0.28235295
0.14509805 0.28627452 0.30588236 0.28235295 0.35686275 0.3647059 0.5529412 0.6313726 0.5686275 0.3254902 0.21960784 0.23921569 0.23137255 0.21176471 0.34117648 0.43137255 0.37254903 0.22745098 0.20784314 0.15686275 0.20784314 0.3764706 0.3372549 0.28627452 0.3137255 0.35686275 0.34117648 0.2509804 0.23921569 0.24705882 0.24313726 0.27058825
0.16078432 0.30980393 0.4 0.34117648 0.39607844 0.31764707 0.31764707 0.3254902 0.32156864 0.32156864 0.33333334 0.34117648 0.3372549 0.30588236 0.25882354 0.23921569 0.2509804 0.29411766 0.31764707 0.3019608 0.28235295 0.39215687 0.3764706 0.34901962 0.34901962 0.37254903 0.38431373 0.36862746 0.36078432 0.3372549 0.31764707 0.32156864
0.25882354 0.40784314 0.4862745 0.4509804 0.47843137 0.46666667 0.50980395 0.5254902 0.56078434 0.59607846 0.6156863 0.60784316 0.59607846 0.5686275 0.50980395 0.49019608 0.49803922 0.50980395 0.5176471 0.5019608 0.48235294 0.4745098 0.48235294 0.47843137 0.48235294 0.5019608 0.5176471 0.50980395 0.5019608 0.47843137 0.45490196 0.4392157
0.3764706 0.48235294 0.5568628 0.59607846 0.62352943 0.64705884 0.6627451 0.6862745 0.68235296 0.6627451 0.6509804 0.62352943 0.6117647 0.5921569 0.57254905 0.57254905 0.56078434 0.54509807 0.5372549 0.53333336 0.50980395 0.49803922 0.49019608 0.4862745 0.49411765 0.5058824 0.50980395 0.5058824 0.50980395 0.49803922 0.49803922 0.47843137
0.43529412 0.52156866 0.5568628 0.5882353 0.6117647 0.6313726 0.62352943 0.6156863 0.6 0.5764706 0.57254905 0.5568628 0.5529412 0.5411765 0.5372549 0.54509807 0.5372549 0.5294118 0.52156866 0.5058824 0.48235294 0.4745098 0.4745098 0.48235294 0.48235294 0.48235294 0.49803922 0.5058824 0.50980395 0.49411765 0.4862745 0.48235294
0.44705883 0.5137255 0.5294118 0.54901963 0.5529412 0.5686275 0.5686275 0.5568628 0.5411765 0.53333336 0.5294118 0.5058824 0.49019608 0.49411765 0.49411765 0.49411765 0.49019608 0.4862745 0.48235294 0.4745098 0.46666667 0.45490196 0.45490196 0.4627451 0.45882353 0.4745098 0.5058824 0.5137255 0.5058824 0.49019608 0.4745098 0.47843137
0.4392157 0.47843137 0.4745098 0.49411765 0.5058824 0.52156866 0.5294118 0.52156866 0.50980395 0.49803922 0.49411765 0.4745098 0.45490196 0.4509804 0.4509804 0.44313726 0.44313726 0.44313726 0.45490196 0.4627451 0.45490196 0.43529412 0.4392157 0.44313726 0.4509804 0.47843137 0.5058824 0.50980395 0.5019608 0.48235294 0.47058824 0.4745098
0.39607844 0.40392157 0.4117647 0.43529412 0.46666667 0.48235294 0.5019608 0.49411765 0.4745098 0.4745098 0.46666667 0.44705883 0.43137255 0.42352942 0.43137255 0.42745098 0.42352942 0.41960785 0.43137255 0.4392157 0.43137255 0.42352942 0.41960785 0.42745098 0.45490196 0.47843137 0.49411765 0.49803922 0.49803922 0.47843137 0.4745098 0.48235294
0.35686275 0.3882353 0.43529412 0.4392157 0.4392157 0.45882353 0.48235294 0.4745098 0.45882353 0.47058824 0.45882353 0.43137255 0.41960785 0.4117647 0.42745098 0.43137255 0.41960785 0.4117647 0.41960785 0.41960785 0.4117647 0.41568628 0.4117647 0.42745098 0.45490196 0.47843137 0.49411765 0.5019608 0.49411765 0.47843137 0.47843137 0.48235294
0.3647059 0.3882353 0.42745098 0.42352942 0.43137255 0.4627451 0.47058824 0.4509804 0.44705883 0.44705883 0.43529412 0.42745098 0.41960785 0.40392157 0.41568628 0.42352942 0.4117647 0.41568628 0.43137255 0.43529412 0.42352942 0.40784314 0.41960785 0.4392157 0.4627451 0.4862745 0.49803922 0.49019608 0.49019608 0.48235294 0.4745098 0.4745098
0.36078432 0.3764706 0.39607844 0.39607844 0.41568628 0.47058824 0.47058824 0.4509804 0.44313726 0.42745098 0.4392157 0.4392157 0.44705883 0.41960785 0.40784314 0.40784314 0.40784314 0.4117647 0.42745098 0.44313726 0.4392157 0.4117647 0.44313726 0.4745098 0.4745098 0.47843137 0.49019608 0.47843137 0.49019608 0.49019608 0.47843137 0.4745098
0.32156864 0.34117648 0.38431373 0.38431373 0.40784314 0.47843137 0.4745098 0.44313726 0.44313726 0.4392157 0.44313726 0.4509804 0.4627451 0.42745098 0.40784314 0.4 0.40392157 0.4117647 0.43137255 0.4509804 0.44313726 0.44313726 0.45882353 0.4627451 0.4745098 0.52156866 0.49411765 0.48235294 0.49803922 0.49803922 0.49019608 0.49019608
0.33333334 0.25490198 0.28235295 0.2784314 0.29803923 0.3137255 0.3137255 0.31764707 0.33333334 0.36078432 0.36862746 0.3019608 0.34901962 0.3529412 0.32941177 0.3372549 0.4 0.39215687 0.28235295 0.24705882 0.21568628 0.30588236 0.4 0.42745098 0.4 0.44313726 0.5882353 0.84705883 0.96862745 0.95686275 0.9490196 0.9372549
0.2784314 0.23137255 0.23921569 0.23529412 0.25882354 0.25882354 0.3137255 0.3254902 0.36078432 0.39215687 0.32156864 0.22745098 0.27058825 0.34901962 0.3372549 0.3882353 0.41960785 0.38431373 0.30588236 0.33333334 0.27058825 0.3019608 0.3529412 0.36862746 0.35686275 0.3529412 0.5803922 0.92941177 0.96862745 0.95686275 0.9529412 0.9411765
0.15686275 0.19607843 0.21960784 0.22352941 0.24313726 0.28235295 0.31764707 0.34509805 0.37254903 0.40784314 0.3764706 0.2627451 0.24705882 0.32941177 0.34901962 0.4 0.4745098 0.4745098 0.38039216 0.45882353 0.33333334 0.28627452 0.3529412 0.34901962 0.33333334 0.34901962 0.5294118 0.90588236 0.95686275 0.94509804 0.9411765 0.92941177
0.12941177 0.18431373 0.23529412 0.24705882 0.27058825 0.29411766 0.33333334 0.36862746 0.33333334 0.34901962 0.3372549 0.24705882 0.26666668 0.32156864 0.34509805 0.32941177 0.42745098 0.49803922 0.41960785 0.3882353 0.2901961 0.24705882 0.30980393 0.29411766 0.39215687 0.44705883 0.5176471 0.8392157 0.9647059 0.9529412 0.94509804 0.93333334
0.14509805 0.21176471 0.2509804 0.28235295 0.30980393 0.34509805 0.35686275 0.36862746 0.36862746 0.35686275 0.30588236 0.27058825 0.25882354 0.2901961 0.28235295 0.2901961 0.37254903 0.42745098 0.36862746 0.30588236 0.30980393 0.24313726 0.28235295 0.30980393 0.40392157 0.45490196 0.5764706 0.8901961 0.95686275 0.9490196 0.94509804 0.92941177
0.17254902 0.23137255 0.2784314 0.29803923 0.3019608 0.36078432 0.38431373 0.38431373 0.36078432 0.32941177 0.3372549 0.3372549 0.27058825 0.24705882 0.25882354 0.2901961 0.3254902 0.39607844 0.40392157 0.34901962 0.33333334 0.2784314 0.2784314 0.3254902 0.32156864 0.3647059 0.54901963 0.8352941 0.9490196 0.9490196 0.9490196 0.88235295
0.17254902 0.2 0.25882354 0.3019608 0.34509805 0.36862746 0.3529412 0.3372549 0.3137255 0.32941177 0.3647059 0.40392157 0.3137255 0.25882354 0.2901961 0.30588236 0.32941177 0.36078432 0.40784314 0.40784314 0.3764706 0.3019608 0.32941177 0.34509805 0.29803923 0.3137255 0.4117647 0.6156863 0.90588236 0.9529412 0.9411765 0.7607843
0.11372549 0.15686275 0.28627452 0.43137255 0.49019608 0.46666667 0.44705883 0.40784314 0.4 0.40392157 0.4117647 0.44705883 0.41568628 0.33333334 0.34509805 0.3529412 0.39215687 0.3882353 0.39215687 0.4117647 0.39607844 0.37254903 0.38039216 0.3137255 0.3137255 0.3019608 0.3254902 0.45490196 0.7647059 0.9607843 0.84313726 0.5568628
0.09803922 0.24705882 0.5764706 0.7137255 0.74509805 0.74509805 0.74509805 0.70980394 0.6901961 0.68235296 0.6666667 0.6627451 0.67058825 0.61960787 0.61960787 0.63529414 0.654902 0.63529414 0.6 0.6 0.5647059 0.60784316 0.5529412 0.32156864 0.30588236 0.29803923 0.2901961 0.36078432 0.60784316 0.8901961 0.6392157 0.36862746
0.13333334 0.3372549 0.60784316 0.7058824 0.78039217 0.79607844 0.8352941 0.81960785 0.81960785 0.8156863 0.76862746 0.7176471 0.7019608 0.7058824 0.7137255 0.70980394 0.7058824 0.6627451 0.63529414 0.6117647 0.5882353 0.63529414 0.6117647 0.3529412 0.30980393 0.28627452 0.2901961 0.32941177 0.4745098 0.6431373 0.48235294 0.27450982
0.3019608 0.49411765 0.49019608 0.53333336 0.6117647 0.69411767 0.73333335 0.70980394 0.7372549 0.7294118 0.6392157 0.6 0.5686275 0.56078434 0.5803922 0.5647059 0.5529412 0.53333336 0.5176471 0.50980395 0.5058824 0.52156866 0.5058824 0.4 0.33333334 0.27058825 0.29803923 0.33333334 0.41960785 0.4627451 0.42745098 0.29803923
0.6392157 0.7137255 0.4509804 0.49411765 0.52156866 0.60784316 0.60784316 0.5568628 0.6392157 0.6313726 0.6039216 0.6 0.54901963 0.5058824 0.50980395 0.44705883 0.4745098 0.5058824 0.49411765 0.49019608 0.49411765 0.5019608 0.49019608 0.41960785 0.3137255 0.25882354 0.3019608 0.30980393 0.34509805 0.40392157 0.40392157 0.30980393
0.7490196 0.78431374 0.42352942 0.49411765 0.5058824 0.5372549 0.52156866 0.38431373 0.5254902 0.56078434 0.5568628 0.5764706 0.52156866 0.49019608 0.4862745 0.3254902 0.39607844 0.49803922 0.48235294 0.47843137 0.4745098 0.48235294 0.4745098 0.40784314 0.4 0.41960785 0.43529412 0.38039216 0.3137255 0.58431375 0.5019608 0.26666668
0.73333335 0.79607844 0.42352942 0.47843137 0.5529412 0.5921569 0.5294118 0.3372549 0.5058824 0.5882353 0.57254905 0.54901963 0.5372549 0.52156866 0.49803922 0.29411766 0.37254903 0.50980395 0.5058824 0.5137255 0.50980395 0.4862745 0.47843137 0.35686275 0.42745098 0.40784314 0.5058824 0.46666667 0.29411766 0.6 0.49411765 0.23921569
0.61960787 0.7607843 0.5137255 0.60784316 0.6509804 0.69411767 0.59607846 0.4509804 0.59607846 0.7019608 0.6901961 0.6509804 0.6862745 0.6784314 0.627451 0.44705883 0.5176471 0.65882355 0.6745098 0.6862745 0.67058825 0.61960787 0.60784316 0.36078432 0.36862746 0.33333334 0.47843137 0.5019608 0.3019608 0.41568628 0.4117647 0.27058825
0.3019608 0.5568628 0.7647059 0.8 0.8117647 0.8392157 0.78431374 0.54901963 0.75686276 0.85882354 0.8509804 0.8235294 0.80784315 0.79607844 0.8039216 0.5019608 0.627451 0.8352941 0.8117647 0.8117647 0.80784315 0.80784315 0.7372549 0.36078432 0.49019608 0.61960787 0.62352943 0.67058825 0.6431373 0.56078434 0.42352942 0.27450982
0.20392157 0.3882353 0.79607844 0.8352941 0.84705883 0.8745098 0.7921569 0.47843137 0.75686276 0.8784314 0.8627451 0.8352941 0.8117647 0.8117647 0.8235294 0.44313726 0.59607846 0.8352941 0.80784315 0.78039217 0.72156864 0.7294118 0.654902 0.34901962 0.62352943 0.85490197 0.8235294 0.80784315 0.83137256 0.76862746 0.65882355 0.36078432
0.30588236 0.39215687 0.78431374 0.7490196 0.6156863 0.7921569 0.80784315 0.6117647 0.8156863 0.87058824 0.85882354 0.81960785 0.80784315 0.827451 0.83137256 0.54509807 0.63529414 0.84313726 0.7764706 0.43137255 0.25882354 0.3137255 0.3882353 0.29411766 0.60784316 0.8509804 0.8117647 0.78039217 0.79607844 0.49803922 0.45882353 0.4745098
0.28627452 0.54509807 0.77254903 0.43529412 0.3254902 0.5254902 0.83137256 0.7882353 0.8509804 0.84313726 0.81960785 0.8039216 0.7764706 0.76862746 0.80784315 0.7607843 0.76862746 0.76862746 0.54901963 0.1882353 0.2509804 0.29803923 0.34901962 0.24313726 0.48235294 0.7490196 0.6901961 0.6784314 0.6392157 0.3019608 0.23921569 0.3529412
0.21568628 0.5294118 0.57254905 0.29411766 0.3254902 0.41568628 0.76862746 0.87058824 0.827451 0.6156863 0.49803922 0.49411765 0.44313726 0.4117647 0.6431373 0.78431374 0.7294118 0.45490196 0.2509804 0.1882353 0.27450982 0.32941177 0.34901962 0.2784314 0.3882353 0.5764706 0.5411765 0.48235294 0.3882353 0.2509804 0.23921569 0.28235295
0.14509805 0.28627452 0.30588236 0.28235295 0.35686275 0.3647059 0.5529412 0.6313726 0.5686275 0.3254902 0.21960784 0.23921569 0.23137255 0.21176471 0.34117648 0.43137255 0.37254903 0.22745098 0.20784314 0.15686275 0.20784314 0.3764706 0.3372549 0.28627452 0.3137255 0.35686275 0.34117648 0.2509804 0.23921569 0.24705882 0.24313726 0.27058825
0.16078432 0.30980393 0.4 0.34117648 0.39607844 0.31764707 0.31764707 0.3254902 0.32156864 0.32156864 0.33333334 0.34117648 0.3372549 0.30588236 0.25882354 0.23921569 0.2509804 0.29411766 0.31764707 0.3019608 0.28235295 0.39215687 0.3764706 0.34901962 0.34901962 0.37254903 0.38431373 0.36862746 0.36078432 0.3372549 0.31764707 0.32156864
0.25882354 0.40784314 0.4862745 0.4509804 0.47843137 0.46666667 0.50980395 0.5254902 0.56078434 0.59607846 0.6156863 0.60784316 0.59607846 0.5686275 0.50980395 0.49019608 0.49803922 0.50980395 0.5176471 0.5019608 0.48235294 0.4745098 0.48235294 0.47843137 0.48235294 0.5019608 0.5176471 0.50980395 0.5019608 0.47843137 0.45490196 0.4392157
0.3764706 0.48235294 0.5568628 0.59607846 0.62352943 0.64705884 0.6627451 0.6862745 0.68235296 0.6627451 0.6509804 0.62352943 0.6117647 0.5921569 0.57254905 0.57254905 0.56078434 0.54509807 0.5372549 0.53333336 0.50980395 0.49803922 0.49019608 0.4862745 0.49411765 0.5058824 0.50980395 0.5058824 0.50980395 0.49803922 0.49803922 0.47843137
0.43529412 0.52156866 0.5568628 0.5882353 0.6117647 0.6313726 0.62352943 0.6156863 0.6 0.5764706 0.57254905 0.5568628 0.5529412 0.5411765 0.5372549 0.54509807 0.5372549 0.5294118 0.52156866 0.5058824 0.48235294 0.4745098 0.4745098 0.48235294 0.48235294 0.48235294 0.49803922 0.5058824 0.50980395 0.49411765 0.4862745 0.48235294
0.44705883 0.5137255 0.5294118 0.54901963 0.5529412 0.5686275 0.5686275 0.5568628 0.5411765 0.53333336 0.5294118 0.5058824 0.49019608 0.49411765 0.49411765 0.49411765 0.49019608 0.4862745 0.48235294 0.4745098 0.46666667 0.45490196 0.45490196 0.4627451 0.45882353 0.4745098 0.5058824 0.5137255 0.5058824 0.49019608 0.4745098 0.47843137
0.4392157 0.47843137 0.4745098 0.49411765 0.5058824 0.52156866 0.5294118 0.52156866 0.50980395 0.49803922 0.49411765 0.4745098 0.45490196 0.4509804 0.4509804 0.44313726 0.44313726 0.44313726 0.45490196 0.4627451 0.45490196 0.43529412 0.4392157 0.44313726 0.4509804 0.47843137 0.5058824 0.50980395 0.5019608 0.48235294 0.47058824 0.4745098
0.39607844 0.40392157 0.4117647 0.43529412 0.46666667 0.48235294 0.5019608 0.49411765 0.4745098 0.4745098 0.46666667 0.44705883 0.43137255 0.42352942 0.43137255 0.42745098 0.42352942 0.41960785 0.43137255 0.4392157 0.43137255 0.42352942 0.41960785 0.42745098 0.45490196 0.47843137 0.49411765 0.49803922 0.49803922 0.47843137 0.4745098 0.48235294
0.35686275 0.3882353 0.43529412 0.4392157 0.4392157 0.45882353 0.48235294 0.4745098 0.45882353 0.47058824 0.45882353 0.43137255 0.41960785 0.4117647 0.42745098 0.43137255 0.41960785 0.4117647 0.41960785 0.41960785 0.4117647 0.41568628 0.4117647 0.42745098 0.45490196 0.47843137 0.49411765 0.5019608 0.49411765 0.47843137 0.47843137 0.48235294
0.3647059 0.3882353 0.42745098 0.42352942 0.43137255 0.4627451 0.47058824 0.4509804 0.44705883 0.44705883 0.43529412 0.42745098 0.41960785 0.40392157 0.41568628 0.42352942 0.4117647 0.41568628 0.43137255 0.43529412 0.42352942 0.40784314 0.41960785 0.4392157 0.4627451 0.4862745 0.49803922 0.49019608 0.49019608 0.48235294 0.4745098 0.4745098
0.36078432 0.3764706 0.39607844 0.39607844 0.41568628 0.47058824 0.47058824 0.4509804 0.44313726 0.42745098 0.4392157 0.4392157 0.44705883 0.41960785 0.40784314 0.40784314 0.40784314 0.4117647 0.42745098 0.44313726 0.4392157 0.4117647 0.44313726 0.4745098 0.4745098 0.47843137 0.49019608 0.47843137 0.49019608 0.49019608 0.47843137 0.4745098
0.32156864 0.34117648 0.38431373 0.38431373 0.40784314 0.47843137 0.4745098 0.44313726 0.44313726 0.4392157 0.44313726 0.4509804 0.4627451 0.42745098 0.40784314 0.4 0.40392157 0.4117647 0.43137255 0.4509804 0.44313726 0.44313726 0.45882353 0.4627451 0.4745098 0.52156866 0.49411765 0.48235294 0.49803922 0.49803922 0.49019608 0.49019608
1 27 2
7 29 1
16 2 0
8 29 1
1 30 2
1 28 2
2 27 2
19 15 2
17 5 2
19 7 0
2 28 2
20 0 2
9 0 1
15 4 2
15 20 2
19 7 1
1 29 2
17 2 2
20 13 0
9 12 2
3 27 1
2 29 2
17 5 1
16 20 2
16 4 2
2 28 1
15 17 2
18 25 0
8 6 1
3 29 2
