32, 32, 3, 30
1.0 0.9882353 0.99215686 0.9882353 0.9882353 0.8901961 0.85882354 0.96862745 0.9882353 0.7372549 0.61960787 0.92156863 0.99215686 0.9882353 0.9882353 0.99215686 0.9882353 0.9882353 0.9882353 0.9882353 0.9882353 0.99215686 0.99215686 0.99215686 0.99215686 0.99215686 0.99215686 0.99215686 0.99215686 0.99215686 0.9882353 1.0
1.0 1.0 1.0 1.0 1.0 0.9490196 0.77254903 0.85490197 1.0 0.73333335 0.46666667 0.79607844 1.0 1.0 1.0 1.0 1.0 1.0 1.0 1.0 1.0 1.0 1.0 1.0 1.0 1.0 1.0 1.0 1.0 1.0 1.0 1.0
1.0 0.99215686 0.99607843 0.99607843 0.99215686 0.99607843 0.89411765 0.7529412 0.827451 0.7137255 0.4392157 0.61960787 0.95686275 0.99215686 0.99215686 0.99215686 0.9843137 0.98039216 0.9882353 0.99215686 0.99215686 0.99607843 0.99607843 0.99607843 0.99607843 0.99607843 0.99607843 0.99607843 0.99607843 0.99607843 0.99607843 1.0
1.0 0.99607843 0.99607843 0.99607843 1.0 1.0 0.99215686 0.9098039 0.69803923 0.5921569 0.45882353 0.5137255 0.88235295 1.0 0.99215686 0.99607843 0.96862745 0.87058824 0.9254902 0.99215686 0.99607843 1.0 1.0 1.0 1.0 1.0 1.0 1.0 1.0 1.0 0.99607843 1.0
1.0 0.99607843 1.0 0.99607843 0.99607843 0.99215686 0.9882353 0.9882353 0.88235295 0.5294118 0.43529412 0.4627451 0.7490196 0.99215686 0.99215686 1.0 0.90588236 0.69803923 0.7647059 0.92941177 0.99215686 0.99607843 0.99607843 0.99607843 1.0 1.0 1.0 1.0 1.0 1.0 0.99607843 1.0
0.93333334 0.9647059 0.9882353 0.99607843 0.99607843 0.99215686 0.9843137 0.9882353 0.88235295 0.46666667 0.4 0.5058824 0.65882355 0.8745098 0.9490196 0.9843137 0.81960785 0.6431373 0.67058825 0.7921569 0.9647059 0.99607843 0.99607843 1.0 1.0 1.0 1.0 1.0 1.0 1.0 0.99607843 1.0
0.59607846 0.654902 0.7607843 0.84313726 0.9098039 0.96862745 0.99215686 0.95686275 0.627451 0.42745098 0.5019608 0.5803922 0.6392157 0.6901961 0.7529412 0.8156863 0.76862746 0.70980394 0.7058824 0.7058824 0.85882354 0.98039216 0.9843137 0.9882353 0.99607843 1.0 1.0 1.0 1.0 1.0 0.99607843 1.0
0.6901961 0.4627451 0.46666667 0.52156866 0.6392157 0.7058824 0.827451 0.85882354 0.5137255 0.4509804 0.5019608 0.5294118 0.5764706 0.6156863 0.6392157 0.65882355 0.6627451 0.6901961 0.7176471 0.7372549 0.75686276 0.9372549 1.0 1.0 0.99215686 0.99607843 1.0 1.0 1.0 1.0 0.99607843 1.0
0.99215686 0.80784315 0.5882353 0.5058824 0.47058824 0.49803922 0.5254902 0.57254905 0.53333336 0.45882353 0.42352942 0.40392157 0.41568628 0.44313726 0.47058824 0.49411765 0.49019608 0.5137255 0.5176471 0.54509807 0.6039216 0.73333335 0.8509804 0.8862745 0.9490196 0.99215686 0.99607843 1.0 1.0 1.0 0.99607843 1.0
1.0 0.9882353 0.94509804 0.8156863 0.5764706 0.46666667 0.4509804 0.4745098 0.49803922 0.5019608 0.45882353 0.4 0.42745098 0.42745098 0.3764706 0.37254903 0.35686275 0.34509805 0.3372549 0.34117648 0.35686275 0.38039216 0.41960785 0.4509804 0.78431374 0.99607843 0.99215686 1.0 1.0 1.0 0.99607843 1.0
1.0 0.9882353 0.99215686 0.9843137 0.90588236 0.69411767 0.54901963 0.49411765 0.45490196 0.47058824 0.4627451 0.41568628 0.42352942 0.42352942 0.36078432 0.34509805 0.3647059 0.34901962 0.3254902 0.32941177 0.32941177 0.32941177 0.3647059 0.40784314 0.6117647 0.9529412 0.99607843 0.99215686 0.99607843 1.0 0.99607843 1.0
1.0 0.99215686 0.99215686 0.99215686 0.99607843 0.9607843 0.85882354 0.7294118 0.5294118 0.43529412 0.44313726 0.43137255 0.40392157 0.36862746 0.34509805 0.33333334 0.33333334 0.3529412 0.34509805 0.33333334 0.33333334 0.32941177 0.43529412 0.627451 0.57254905 0.8627451 1.0 0.99215686 0.99607843 1.0 0.99607843 1.0
1.0 0.99607843 1.0 0.99607843 0.99215686 0.99215686 0.99215686 0.9647059 0.83137256 0.6431373 0.5176471 0.42745098 0.40392157 0.36862746 0.3372549 0.3372549 0.3764706 0.3529412 0.3372549 0.32156864 0.3254902 0.32941177 0.40392157 0.6039216 0.6 0.79607844 0.9882353 0.99215686 0.99607843 1.0 0.99607843 1.0
1.0 0.99607843 1.0 1.0 0.99607843 0.99607843 0.99215686 0.9882353 0.9882353 0.9372549 0.8392157 0.63529414 0.43137255 0.37254903 0.34901962 0.36862746 0.54901963 0.36862746 0.35686275 0.3529412 0.32156864 0.33333334 0.3529412 0.42352942 0.5372549 0.69411767 0.8666667 0.99215686 0.99215686 1.0 0.99607843 1.0
1.0 0.99607843 1.0 1.0 1.0 1.0 1.0 0.99607843 0.99215686 0.99215686 0.99215686 0.93333334 0.7490196 0.49019608 0.3882353 0.3647059 0.44705883 0.34509805 0.42745098 0.4745098 0.41568628 0.34901962 0.34901962 0.36078432 0.39607844 0.42745098 0.6313726 0.96862745 0.99215686 0.99607843 0.99607843 1.0
1.0 0.99607843 1.0 1.0 1.0 1.0 1.0 1.0 1.0 0.99607843 0.98039216 0.9764706 0.96862745 0.73333335 0.5058824 0.43529412 0.31764707 0.30588236 0.41960785 0.49411765 0.49803922 0.38039216 0.34901962 0.36862746 0.35686275 0.3529412 0.5254902 0.8666667 1.0 0.99215686 0.99607843 1.0
1.0 0.99607843 1.0 1.0 1.0 1.0 1.0 1.0 1.0 1.0 0.9882353 0.972549 0.95686275 0.7411765 0.58431375 0.78431374 0.6392157 0.40392157 0.39215687 0.38039216 0.45490196 0.39215687 0.34901962 0.3764706 0.38431373 0.35686275 0.3882353 0.627451 0.98039216 0.99607843 0.99607843 1.0
1.0 0.99607843 1.0 1.0 1.0 1.0 1.0 1.0 1.0 1.0 0.9882353 0.9882353 0.8980392 0.6745098 0.6666667 0.95686275 0.9764706 0.8352941 0.6784314 0.47843137 0.38431373 0.38039216 0.3764706 0.36862746 0.3647059 0.34901962 0.3372549 0.4392157 0.8627451 1.0 0.99215686 1.0
1.0 0.99607843 1.0 1.0 1.0 1.0 1.0 1.0 1.0 1.0 0.99215686 0.98039216 0.78431374 0.64705884 0.73333335 0.9882353 0.99607843 0.9882353 0.96862745 0.827451 0.57254905 0.43137255 0.38431373 0.37254903 0.37254903 0.35686275 0.34901962 0.35686275 0.6901961 1.0 0.99215686 1.0
1.0 0.99607843 1.0 1.0 1.0 1.0 1.0 0.99607843 0.99215686 0.99607843 1.0 0.9137255 0.6862745 0.65882355 0.78039217 0.99215686 0.9882353 0.9882353 0.9882353 0.9882353 0.91764706 0.7176471 0.5686275 0.43529412 0.38039216 0.3647059 0.36078432 0.34117648 0.4745098 0.90588236 0.99607843 1.0
1.0 0.99607843 1.0 1.0 1.0 1.0 1.0 0.99607843 0.9882353 0.99607843 0.9411765 0.7294118 0.58431375 0.65882355 0.8117647 0.9882353 0.99215686 0.99215686 0.9882353 0.9843137 0.9882353 0.98039216 0.9137255 0.7372549 0.54901963 0.42745098 0.37254903 0.35686275 0.34509805 0.7019608 0.9882353 1.0
1.0 0.99607843 1.0 1.0 1.0 1.0 1.0 1.0 0.99215686 0.9607843 0.83137256 0.654902 0.5372549 0.6313726 0.7490196 0.8784314 0.99215686 0.99607843 0.9882353 0.9882353 0.9882353 0.99607843 0.99607843 0.972549 0.8666667 0.7372549 0.56078434 0.39215687 0.3254902 0.45490196 0.84705883 1.0
1.0 0.99607843 1.0 1.0 1.0 1.0 1.0 1.0 0.99607843 0.9490196 0.7921569 0.7294118 0.5647059 0.59607846 0.68235296 0.6784314 0.90588236 0.99607843 0.9843137 0.99215686 0.99607843 1.0 0.99607843 0.9882353 0.9882353 0.9647059 0.8901961 0.6745098 0.4117647 0.33333334 0.5647059 0.972549
1.0 0.99607843 1.0 1.0 1.0 1.0 1.0 0.99607843 0.9843137 0.9882353 0.827451 0.74509805 0.627451 0.59607846 0.63529414 0.6 0.6862745 0.92156863 0.99215686 0.9882353 0.99607843 0.99607843 0.99607843 0.99607843 0.9882353 0.9882353 0.99607843 0.9529412 0.7647059 0.6 0.47058824 0.7764706
1.0 0.99607843 1.0 1.0 1.0 1.0 1.0 0.99607843 0.9843137 1.0 0.8901961 0.7411765 0.62352943 0.63529414 0.62352943 0.5803922 0.59607846 0.7411765 0.9647059 0.9882353 0.9843137 1.0 1.0 0.99607843 1.0 1.0 0.99215686 0.99607843 0.99215686 0.98039216 0.8392157 0.72156864
1.0 0.99607843 1.0 1.0 1.0 1.0 1.0 0.99607843 0.99215686 1.0 0.92941177 0.78039217 0.63529414 0.6156863 0.6313726 0.5803922 0.61960787 0.6431373 0.8039216 0.96862745 0.9843137 0.99607843 0.99607843 1.0 1.0 1.0 1.0 0.99607843 0.9882353 0.99215686 0.99607843 0.96862745
1.0 0.99607843 1.0 1.0 1.0 1.0 1.0 1.0 1.0 0.99607843 0.96862745 0.84705883 0.7137255 0.60784316 0.5882353 0.59607846 0.58431375 0.627451 0.6745098 0.8117647 0.972549 0.99607843 0.99607843 1.0 1.0 1.0 1.0 1.0 0.99607843 0.99215686 0.9882353 1.0
1.0 0.99607843 1.0 1.0 1.0 1.0 1.0 1.0 1.0 0.99215686 0.98039216 0.90588236 0.75686276 0.64705884 0.5803922 0.5647059 0.57254905 0.6156863 0.6627451 0.6901961 0.8627451 0.99215686 0.99607843 1.0 1.0 1.0 1.0 1.0 1.0 0.99607843 0.99215686 1.0
1.0 0.99607843 1.0 1.0 1.0 1.0 1.0 1.0 1.0 0.99607843 0.99607843 0.9411765 0.7764706 0.67058825 0.6117647 0.54901963 0.5647059 0.62352943 0.65882355 0.6862745 0.8039216 0.9843137 0.99607843 1.0 1.0 1.0 1.0 1.0 1.0 1.0 0.99607843 1.0
1.0 0.99607843 1.0 1.0 1.0 1.0 1.0 1.0 1.0 1.0 0.99607843 0.972549 0.80784315 0.6627451 0.60784316 0.5568628 0.5647059 0.6392157 0.7411765 0.8117647 0.91764706 0.99215686 0.99607843 1.0 1.0 1.0 1.0 1.0 1.0 1.0 0.99607843 1.0
1.0 0.99607843 1.0 1.0 1.0 1.0 1.0 1.0 1.0 1.0 0.99607843 0.99607843 0.8666667 0.6745098 0.6039216 0.5372549 0.61960787 0.7882353 0.9254902 0.9490196 0.9764706 0.99607843 0.99607843 1.0 1.0 1.0 1.0 1.0 1.0 1.0 0.99607843 1.0
1.0 0.99607843 1.0 1.0 1.0 1.0 1.0 1.0 1.0 1.0 0.99607843 1.0 0.92156863 0.7137255 0.6862745 0.67058825 0.8392157 0.96862745 0.99215686 0.9764706 0.9764706 1.0 1.0 1.0 1.0 1.0 1.0 1.0 1.0 1.0 0.99607843 1.0
1.0 0.9882353 0.99215686 0.9882353 0.9882353 0.8901961 0.85882354 0.96862745 0.9882353 0.7372549 0.6156863 0.91764706 0.99215686 0.9882353 0.9882353 0.99215686 0.9882353 0.9882353 0.9882353 0.9882353 0.9882353 0.99215686 0.99215686 0.99215686 0.99215686 0.99215686 0.99215686 0.99215686 0.99215686 0.99215686 0.9882353 1.0
1.0 1.0 1.0 1.0 1.0 0.9490196 0.77254903 0.85490197 1.0 0.73333335 0.46666667 0.7921569 1.0 1.0 1.0 1.0 1.0 1.0 1.0 1.0 1.0 1.0 1.0 1.0 1.0 1.0 1.0 1.0 1.0 1.0 1.0 1.0
1.0 0.99215686 0.99607843 0.99607843 0.99215686 0.99607843 0.89411765 0.7529412 0.827451 0.7137255 0.4392157 0.61960787 0.95686275 0.99215686 0.99215686 0.99215686 0.9843137 0.98039216 0.9882353 0.99215686 0.99607843 0.99607843 0.99607843 0.99607843 0.99607843 0.99607843 0.99607843 0.99607843 0.99607843 0.99607843 0.99607843 1.0
1.0 0.99607843 0.99607843 0.99607843 1.0 1.0 0.99215686 0.9098039 0.69803923 0.5921569 0.45882353 0.50980395 0.88235295 1.0 0.99215686 0.99607843 0.96862745 0.87058824 0.9254902 0.99215686 0.99607843 1.0 1.0 1.0 1.0 1.0 1.0 1.0 1.0 1.0 0.99607843 1.0
1.0 0.99607843 1.0 0.99607843 0.99607843 0.99215686 0.9882353 0.9882353 0.88235295 0.5294118 0.43137255 0.45882353 0.74509805 0.99215686 0.99215686 1.0 0.90588236 0.69411767 0.7607843 0.92941177 0.99215686 0.99607843 0.99607843 0.99607843 1.0 1.0 1.0 1.0 1.0 1.0 0.99607843 1.0
0.93333334 0.9647059 0.9882353 0.99607843 0.99607843 0.99215686 0.9843137 0.9882353 0.88235295 0.46666667 0.39607844 0.5019608 0.65882355 0.8745098 0.9490196 0.9843137 0.8156863 0.6392157 0.67058825 0.7882353 0.9647059 0.99607843 0.99607843 1.0 1.0 1.0 1.0 1.0 1.0 1.0 0.99607843 1.0
0.59607846 0.654902 0.7607843 0.84313726 0.9098039 0.9647059 0.99215686 0.95686275 0.627451 0.42745098 0.49803922 0.5764706 0.63529414 0.6862745 0.7490196 0.8117647 0.7647059 0.7058824 0.7019608 0.7019608 0.85882354 0.98039216 0.9843137 0.9882353 0.99607843 1.0 1.0 1.0 1.0 1.0 0.99607843 1.0
0.6901961 0.4627451 0.46666667 0.52156866 0.63529414 0.7019608 0.8235294 0.85490197 0.5137255 0.4509804 0.49803922 0.5254902 0.57254905 0.6117647 0.63529414 0.654902 0.65882355 0.6862745 0.7137255 0.73333335 0.7529412 0.9372549 1.0 1.0 0.99215686 0.99607843 1.0 1.0 1.0 1.0 0.99607843 1.0
0.99215686 0.80784315 0.5882353 0.5019608 0.47058824 0.49411765 0.52156866 0.5686275 0.5294118 0.45490196 0.41960785 0.4 0.4117647 0.4392157 0.46666667 0.49019608 0.4862745 0.50980395 0.5137255 0.5411765 0.6039216 0.73333335 0.8509804 0.88235295 0.9490196 0.99215686 0.99607843 1.0 1.0 1.0 0.99607843 1.0
1.0 0.9882353 0.94509804 0.8156863 0.57254905 0.46666667 0.4509804 0.4745098 0.49411765 0.49803922 0.45490196 0.39215687 0.42352942 0.42352942 0.37254903 0.36862746 0.3529412 0.34117648 0.33333334 0.34117648 0.35686275 0.38039216 0.41960785 0.44705883 0.78431374 0.99607843 0.99215686 1.0 1.0 1.0 0.99607843 1.0
1.0 0.9882353 0.99215686 0.9843137 0.90588236 0.69411767 0.54901963 0.49411765 0.4509804 0.46666667 0.45882353 0.4117647 0.41960785 0.41960785 0.35686275 0.34117648 0.36078432 0.34509805 0.3254902 0.32941177 0.32941177 0.32941177 0.36078432 0.40392157 0.60784316 0.9529412 0.99607843 0.99215686 0.99607843 1.0 0.99607843 1.0
1.0 0.99215686 0.99215686 0.99215686 0.99607843 0.9607843 0.85882354 0.7294118 0.5254902 0.43529412 0.4392157 0.42745098 0.4 0.3647059 0.34117648 0.32941177 0.32941177 0.34901962 0.34509805 0.33333334 0.33333334 0.32941177 0.43137255 0.62352943 0.5686275 0.8627451 1.0 0.99215686 0.99607843 1.0 0.99607843 1.0
1.0 0.99607843 1.0 0.99607843 0.99215686 0.99215686 0.99215686 0.9647059 0.83137256 0.6431373 0.5176471 0.42352942 0.4 0.3647059 0.33333334 0.33333334 0.3764706 0.34901962 0.3372549 0.32156864 0.3254902 0.32941177 0.4 0.6 0.5921569 0.7921569 0.9882353 0.99215686 0.99607843 1.0 0.99607843 1.0
1.0 0.99607843 1.0 1.0 0.99607843 0.99607843 0.99215686 0.99215686 0.99215686 0.9411765 0.8392157 0.63529414 0.42745098 0.3764706 0.34509805 0.36078432 0.54901963 0.36862746 0.35686275 0.3529412 0.31764707 0.33333334 0.34901962 0.41960785 0.53333336 0.6901961 0.8666667 0.9882353 0.99215686 1.0 0.99607843 1.0
1.0 0.99607843 1.0 1.0 1.0 1.0 1.0 1.0 0.99607843 0.99607843 0.99607843 0.9411765 0.7490196 0.4862745 0.3647059 0.34901962 0.44705883 0.34509805 0.42352942 0.47058824 0.41568628 0.34901962 0.34901962 0.36078432 0.39607844 0.42352942 0.627451 0.96862745 0.99215686 0.99607843 0.99607843 1.0
1.0 0.99607843 1.0 1.0 1.0 1.0 1.0 0.99607843 1.0 0.99607843 0.9882353 0.99215686 0.972549 0.6901961 0.43529412 0.4117647 0.3254902 0.30588236 0.41568628 0.49019608 0.49411765 0.38039216 0.34901962 0.36862746 0.35686275 0.34901962 0.52156866 0.8627451 1.0 0.99215686 0.99607843 1.0
1.0 0.99607843 1.0 1.0 1.0 1.0 1.0 1.0 0.99607843 0.99607843 0.99607843 0.9882353 0.95686275 0.64705884 0.47058824 0.7529412 0.6431373 0.40392157 0.39215687 0.3764706 0.4509804 0.39215687 0.34901962 0.3764706 0.38431373 0.3529412 0.38039216 0.62352943 0.98039216 0.99607843 0.99607843 1.0
1.0 0.99607843 1.0 1.0 1.0 1.0 1.0 1.0 0.99607843 0.99607843 0.99215686 1.0 0.87058824 0.53333336 0.5372549 0.93333334 0.98039216 0.8352941 0.6784314 0.4745098 0.38039216 0.38039216 0.3764706 0.37254903 0.3647059 0.34509805 0.33333334 0.43529412 0.8627451 1.0 0.99215686 1.0
1.0 0.99607843 1.0 1.0 1.0 1.0 1.0 1.0 0.99607843 0.99607843 0.99215686 0.9764706 0.7176471 0.4745098 0.6156863 0.98039216 0.99607843 0.9882353 0.96862745 0.827451 0.57254905 0.43137255 0.38431373 0.37254903 0.37254903 0.3529412 0.34509805 0.3529412 0.6901961 1.0 0.99215686 1.0
1.0 0.99607843 1.0 1.0 1.0 1.0 1.0 1.0 1.0 0.99607843 0.9882353 0.8862745 0.57254905 0.47058824 0.6901961 1.0 0.9882353 0.9882353 0.9882353 0.9882353 0.91764706 0.7176471 0.5686275 0.43529412 0.38039216 0.36078432 0.35686275 0.34117648 0.4745098 0.90588236 0.99607843 1.0
1.0 0.99607843 1.0 1.0 1.0 1.0 1.0 0.99607843 0.99607843 0.99215686 0.8862745 0.6431373 0.44313726 0.4745098 0.7058824 0.9764706 0.9843137 0.9882353 0.9882353 0.99215686 0.99607843 0.98039216 0.9137255 0.7372549 0.54901963 0.42352942 0.37254903 0.3529412 0.34509805 0.7019608 0.9882353 1.0
1.0 0.99607843 1.0 1.0 1.0 1.0 1.0 0.99607843 0.99607843 0.9529412 0.7176471 0.49803922 0.38431373 0.45490196 0.59607846 0.80784315 0.972549 0.9882353 0.99607843 0.99607843 0.99607843 0.99607843 0.99607843 0.972549 0.8666667 0.73333335 0.56078434 0.39215687 0.3254902 0.45490196 0.84705883 1.0
1.0 0.99607843 1.0 1.0 1.0 1.0 1.0 0.99607843 1.0 0.9372549 0.6627451 0.5372549 0.39215687 0.41568628 0.5137255 0.5686275 0.85882354 0.99215686 0.99215686 0.99215686 0.9882353 0.99607843 0.99607843 0.9882353 0.9882353 0.9647059 0.8901961 0.6745098 0.4117647 0.33333334 0.5647059 0.972549
1.0 0.99607843 1.0 1.0 1.0 1.0 1.0 1.0 1.0 0.9843137 0.70980394 0.5411765 0.44313726 0.4117647 0.4509804 0.4509804 0.5764706 0.8745098 0.99607843 0.9882353 0.9882353 0.99607843 0.99607843 0.99607843 0.9882353 0.9882353 0.99607843 0.9529412 0.7647059 0.6 0.47058824 0.7764706
1.0 0.99607843 1.0 1.0 1.0 1.0 1.0 1.0 1.0 1.0 0.8039216 0.5411765 0.42352942 0.44705883 0.43137255 0.40784314 0.41568628 0.6117647 0.93333334 0.99607843 0.99215686 1.0 1.0 0.99607843 1.0 1.0 0.99215686 0.99607843 0.99215686 0.98039216 0.8392157 0.72156864
1.0 0.99607843 1.0 1.0 1.0 1.0 1.0 1.0 1.0 1.0 0.88235295 0.6117647 0.43529412 0.42745098 0.44705883 0.4 0.41568628 0.45490196 0.7058824 0.9490196 0.99607843 0.99607843 0.99607843 1.0 1.0 1.0 1.0 0.99607843 0.9882353 0.99215686 0.99607843 0.96862745
1.0 0.99607843 1.0 1.0 1.0 1.0 1.0 1.0 0.99607843 1.0 0.95686275 0.72156864 0.50980395 0.41568628 0.41960785 0.41960785 0.4117647 0.44313726 0.5019608 0.7176471 0.95686275 0.99607843 0.99607843 1.0 1.0 1.0 1.0 1.0 0.99607843 0.99215686 0.9882353 1.0
1.0 0.99607843 1.0 1.0 1.0 1.0 1.0 1.0 0.99607843 0.99607843 0.99215686 0.8235294 0.5647059 0.4509804 0.41960785 0.40784314 0.43137255 0.44313726 0.45490196 0.52156866 0.7882353 0.9882353 0.99607843 1.0 1.0 1.0 1.0 1.0 1.0 0.99607843 0.99215686 1.0
1.0 0.99607843 1.0 1.0 1.0 1.0 1.0 1.0 1.0 0.99607843 1.0 0.9098039 0.60784316 0.45882353 0.44705883 0.41568628 0.4117647 0.44705883 0.46666667 0.50980395 0.70980394 0.98039216 0.99607843 1.0 1.0 1.0 1.0 1.0 1.0 1.0 0.99607843 1.0
1.0 0.99607843 1.0 1.0 1.0 1.0 1.0 1.0 1.0 1.0 1.0 0.9607843 0.6784314 0.4509804 0.42352942 0.43137255 0.4117647 0.47058824 0.6 0.7137255 0.8745098 0.99215686 0.99607843 1.0 1.0 1.0 1.0 1.0 1.0 1.0 0.99607843 1.0
1.0 0.99607843 1.0 1.0 1.0 1.0 1.0 1.0 1.0 1.0 0.99607843 0.99215686 0.78039217 0.48235294 0.41568628 0.42745098 0.5019608 0.6784314 0.8627451 0.9372549 0.9882353 0.99607843 0.99607843 1.0 1.0 1.0 1.0 1.0 1.0 1.0 0.99607843 1.0
1.0 0.99607843 1.0 1.0 1.0 1.0 1.0 1.0 1.0 1.0 0.99607843 1.0 0.8784314 0.56078434 0.52156866 0.58431375 0.7882353 0.9372549 0.9882353 0.99215686 0.99607843 1.0 1.0 1.0 1.0 1.0 1.0 1.0 1.0 1.0 0.99607843 1.0
1.0 0.9882353 0.99215686 0.9882353 0.9882353 0.8901961 0.85882354 0.96862745 0.9882353 0.7411765 0.6313726 0.92941177 0.9882353 0.98039216 0.98039216 0.9843137 0.9882353 0.99215686 0.9882353 0.9882353 0.9843137 0.99215686 0.99215686 0.99215686 0.99215686 0.99215686 0.99215686 0.99215686 0.99215686 0.99215686 0.9882353 1.0
1.0 1.0 1.0 1.0 1.0 0.9490196 0.77254903 0.85490197 1.0 0.7411765 0.48235294 0.80784315 1.0 0.99607843 0.99607843 0.99607843 1.0 1.0 1.0 0.99215686 0.99607843 1.0 1.0 1.0 1.0 1.0 1.0 1.0 1.0 1.0 1.0 1.0
1.0 0.99215686 0.99607843 0.99607843 0.99215686 0.99607843 0.89411765 0.7529412 0.827451 0.7176471 0.45490196 0.63529414 0.95686275 0.99215686 0.99215686 0.99215686 0.9882353 0.98039216 0.9843137 0.98039216 0.9843137 0.99607843 0.99607843 0.99607843 0.99607843 0.99607843 0.99607843 0.99607843 0.99607843 0.99607843 0.99607843 1.0
1.0 0.99607843 0.99607843 0.99607843 1.0 1.0 0.99607843 0.9098039 0.69803923 0.59607846 0.4745098 0.5254902 0.8862745 1.0 0.99215686 0.99607843 0.972549 0.8745098 0.9254902 0.9843137 0.9882353 1.0 1.0 1.0 1.0 1.0 1.0 1.0 1.0 1.0 0.99607843 1.0
1.0 0.99607843 1.0 0.99607843 0.99607843 0.99215686 0.9882353 0.9882353 0.88235295 0.53333336 0.44705883 0.47843137 0.75686276 0.99607843 0.99607843 1.0 0.91764706 0.7137255 0.7764706 0.93333334 0.99215686 0.99607843 0.99607843 0.99607843 1.0 1.0 1.0 1.0 1.0 1.0 0.99607843 1.0
0.93333334 0.9647059 0.9882353 0.99607843 0.99607843 0.99607843 0.9843137 0.9882353 0.88235295 0.47058824 0.4117647 0.5176471 0.67058825 0.88235295 0.95686275 0.99215686 0.8392157 0.67058825 0.69411767 0.80784315 0.972549 0.99607843 0.99607843 1.0 1.0 1.0 1.0 1.0 1.0 1.0 0.99607843 1.0
0.59607846 0.654902 0.7607843 0.84705883 0.92156863 0.9764706 1.0 0.9647059 0.627451 0.43529412 0.5176471 0.59607846 0.65882355 0.70980394 0.76862746 0.8352941 0.79607844 0.7411765 0.7254902 0.7254902 0.8745098 0.9843137 0.9882353 0.9882353 0.99607843 1.0 1.0 1.0 1.0 1.0 0.99607843 1.0
0.6901961 0.4627451 0.46666667 0.53333336 0.654902 0.7176471 0.84313726 0.87058824 0.52156866 0.4627451 0.52156866 0.54901963 0.6 0.6431373 0.6666667 0.6862745 0.6901961 0.7137255 0.7372549 0.7529412 0.76862746 0.94509804 1.0 1.0 0.99215686 0.99607843 1.0 1.0 1.0 1.0 0.99607843 1.0
0.99215686 0.80784315 0.5882353 0.5137255 0.4862745 0.5137255 0.5372549 0.5882353 0.54509807 0.4745098 0.44705883 0.43137255 0.4392157 0.4627451 0.49019608 0.5137255 0.5137255 0.53333336 0.53333336 0.5568628 0.6156863 0.7411765 0.85882354 0.8901961 0.9529412 0.99215686 0.99607843 1.0 1.0 1.0 0.99607843 1.0
1.0 0.9882353 0.94509804 0.8235294 0.58431375 0.47843137 0.45882353 0.4862745 0.5137255 0.52156866 0.4862745 0.42745098 0.4509804 0.44705883 0.39607844 0.39215687 0.3764706 0.3647059 0.3529412 0.3529412 0.3647059 0.3882353 0.43137255 0.46666667 0.79607844 0.99607843 0.99215686 1.0 1.0 1.0 0.99607843 1.0
1.0 0.9882353 0.99215686 0.9882353 0.9137255 0.69803923 0.5529412 0.5019608 0.46666667 0.4862745 0.4862745 0.44313726 0.4392157 0.4392157 0.3764706 0.36078432 0.38431373 0.36862746 0.3372549 0.33333334 0.33333334 0.33333334 0.3764706 0.42745098 0.6313726 0.95686275 0.99607843 0.99215686 0.99607843 1.0 0.99607843 1.0
1.0 0.99215686 0.99215686 0.99607843 0.99607843 0.9647059 0.85882354 0.7294118 0.5294118 0.44313726 0.45490196 0.44705883 0.41960785 0.38431373 0.36078432 0.34509805 0.34901962 0.36862746 0.3529412 0.33333334 0.33333334 0.33333334 0.44705883 0.6509804 0.6 0.87058824 1.0 0.99215686 0.99607843 1.0 0.99607843 1.0
1.0 0.99607843 1.0 0.99607843 0.99215686 0.99215686 0.99215686 0.9647059 0.8235294 0.6392157 0.52156866 0.43529412 0.41568628 0.38039216 0.34509805 0.34901962 0.39215687 0.3647059 0.34509805 0.32156864 0.3254902 0.33333334 0.41568628 0.6313726 0.6313726 0.8039216 0.9882353 0.99215686 0.99607843 1.0 0.99607843 1.0
1.0 0.99607843 1.0 1.0 0.99607843 0.99607843 0.99215686 0.9882353 0.98039216 0.9372549 0.84705883 0.64705884 0.44313726 0.3882353 0.3372549 0.36078432 0.5647059 0.38039216 0.36862746 0.3647059 0.32941177 0.3372549 0.3647059 0.44313726 0.56078434 0.7058824 0.8745098 0.99607843 0.99607843 1.0 0.99607843 1.0
1.0 0.99607843 1.0 1.0 1.0 1.0 1.0 0.99607843 0.99215686 0.99607843 1.0 0.9490196 0.7647059 0.4862745 0.34117648 0.3372549 0.45882353 0.3529412 0.4392157 0.49411765 0.43137255 0.35686275 0.35686275 0.36862746 0.40784314 0.44313726 0.64705884 0.9764706 0.99607843 0.99607843 0.99607843 1.0
1.0 0.99607843 1.0 1.0 1.0 1.0 1.0 0.99607843 1.0 0.99607843 0.9882353 0.99215686 0.96862745 0.67058825 0.40784314 0.39607844 0.3254902 0.3137255 0.43137255 0.5137255 0.5137255 0.3882353 0.35686275 0.3764706 0.36862746 0.36862746 0.5411765 0.8745098 1.0 0.99607843 0.99607843 1.0
1.0 0.99607843 1.0 1.0 1.0 1.0 1.0 1.0 1.0 1.0 0.99607843 0.9882353 0.92941177 0.6 0.4392157 0.7411765 0.6392157 0.40784314 0.4 0.39607844 0.47058824 0.4 0.35686275 0.38431373 0.39607844 0.37254903 0.40392157 0.6392157 0.9843137 0.99607843 0.99607843 1.0
1.0 0.99607843 1.0 1.0 1.0 1.0 1.0 1.0 1.0 0.99607843 0.9882353 0.99215686 0.83137256 0.45882353 0.49411765 0.92156863 0.96862745 0.8352941 0.68235296 0.49019608 0.39607844 0.3882353 0.38431373 0.3764706 0.3764706 0.36862746 0.3529412 0.4509804 0.87058824 1.0 0.99215686 1.0
1.0 0.99607843 1.0 1.0 1.0 1.0 1.0 1.0 1.0 0.99607843 0.9843137 0.9647059 0.6745098 0.38039216 0.5686275 0.98039216 0.9843137 0.9843137 0.96862745 0.8352941 0.5803922 0.4392157 0.39215687 0.38039216 0.38039216 0.3764706 0.36862746 0.36862746 0.69803923 1.0 0.99215686 1.0
1.0 0.99607843 1.0 1.0 1.0 1.0 1.0 1.0 1.0 0.99215686 0.9764706 0.8745098 0.5372549 0.3647059 0.63529414 1.0 0.98039216 0.98039216 0.9843137 0.99215686 0.92156863 0.7254902 0.5764706 0.44313726 0.39215687 0.38431373 0.3764706 0.35686275 0.48235294 0.9098039 0.99607843 1.0
1.0 0.99607843 1.0 1.0 1.0 1.0 1.0 0.99607843 0.99607843 0.9882353 0.8509804 0.6117647 0.40392157 0.3764706 0.6431373 0.972549 0.98039216 0.9843137 0.9882353 0.99215686 0.99215686 0.98039216 0.91764706 0.7411765 0.5529412 0.4392157 0.3882353 0.36862746 0.3529412 0.7058824 0.9882353 1.0
1.0 0.99607843 1.0 1.0 1.0 1.0 1.0 0.9882353 0.99607843 0.9490196 0.654902 0.43137255 0.33333334 0.37254903 0.5254902 0.78431374 0.96862745 0.9882353 0.99607843 0.99215686 0.9882353 0.99607843 0.99607843 0.972549 0.87058824 0.7411765 0.5686275 0.4 0.33333334 0.45490196 0.84705883 1.0
1.0 0.99607843 1.0 1.0 1.0 1.0 1.0 0.99215686 1.0 0.9254902 0.5921569 0.45882353 0.3372549 0.34509805 0.44313726 0.53333336 0.8392157 0.9764706 0.99215686 0.99607843 0.99215686 0.99607843 0.99607843 0.9882353 0.9882353 0.96862745 0.89411765 0.68235296 0.41960785 0.3372549 0.5647059 0.972549
1.0 0.99607843 1.0 1.0 1.0 1.0 1.0 0.99607843 0.99607843 0.96862745 0.64705884 0.45490196 0.38039216 0.34509805 0.38039216 0.40392157 0.54509807 0.84705883 0.98039216 0.99607843 0.99607843 0.99607843 0.99607843 0.99607843 0.9882353 0.9882353 0.99607843 0.95686275 0.76862746 0.6039216 0.47058824 0.7764706
1.0 0.99607843 1.0 1.0 1.0 1.0 1.0 1.0 0.99607843 0.99215686 0.75686276 0.45490196 0.34901962 0.38039216 0.3647059 0.34901962 0.38039216 0.5764706 0.9019608 0.9882353 0.99607843 1.0 1.0 0.99607843 1.0 1.0 0.99215686 0.99215686 0.99215686 0.98039216 0.8392157 0.72156864
1.0 0.99607843 1.0 1.0 1.0 1.0 1.0 1.0 0.99215686 0.99215686 0.85490197 0.5294118 0.3372549 0.34509805 0.38431373 0.3372549 0.36078432 0.40784314 0.65882355 0.92156863 0.9882353 0.99607843 0.99607843 1.0 1.0 0.99215686 0.99607843 0.99215686 0.9843137 0.99215686 0.99607843 0.96862745
1.0 0.99607843 1.0 1.0 1.0 1.0 1.0 1.0 0.99215686 0.99215686 0.9529412 0.64705884 0.39215687 0.32156864 0.3529412 0.35686275 0.3372549 0.36862746 0.4509804 0.68235296 0.9411765 0.99607843 0.99607843 1.0 1.0 0.99215686 0.99215686 0.99215686 0.9882353 0.9882353 0.9882353 1.0
1.0 0.99607843 1.0 1.0 1.0 1.0 1.0 1.0 0.99215686 0.9882353 0.9882353 0.76862746 0.4509804 0.34509805 0.34509805 0.3372549 0.3372549 0.34901962 0.38431373 0.48235294 0.77254903 0.9882353 0.99607843 1.0 1.0 0.99607843 0.99215686 0.99215686 0.99215686 0.99607843 0.99215686 1.0
1.0 0.99607843 1.0 1.0 1.0 1.0 1.0 1.0 0.99607843 0.99215686 0.99215686 0.88235295 0.5254902 0.3529412 0.36078432 0.3372549 0.3254902 0.36078432 0.3882353 0.45490196 0.68235296 0.98039216 0.99607843 1.0 1.0 1.0 1.0 1.0 1.0 1.0 0.99607843 1.0
1.0 0.99607843 1.0 1.0 1.0 1.0 1.0 1.0 1.0 0.99215686 0.9882353 0.9372549 0.6039216 0.3529412 0.34901962 0.36078432 0.3529412 0.41960785 0.5411765 0.6627451 0.84705883 0.99215686 0.99607843 1.0 1.0 1.0 1.0 1.0 1.0 1.0 0.99607843 1.0
1.0 0.99607843 1.0 1.0 1.0 1.0 1.0 1.0 1.0 0.99607843 0.9843137 0.96862745 0.7137255 0.39607844 0.35686275 0.37254903 0.47058824 0.6666667 0.8392157 0.9098039 0.96862745 0.99607843 0.99607843 1.0 1.0 1.0 1.0 1.0 1.0 1.0 0.99607843 1.0
1.0 0.99607843 1.0 1.0 1.0 1.0 1.0 1.0 1.0 0.99607843 0.9843137 0.9843137 0.81960785 0.48235294 0.47058824 0.54901963 0.77254903 0.9411765 0.9843137 0.9882353 0.99215686 1.0 1.0 1.0 1.0 1.0 1.0 1.0 1.0 1.0 0.99607843 1.0
15 1 2
2 1 1
20 4 2
25 6 1
2 17 1
14 22 0
27 31 0
13 4 1
25 2 0
9 27 1
10 18 0
14 28 0
18 25 1
29 9 2
11 5 1
14 7 0
27 23 0
22 30 0
28 15 1
30 24 1
24 4 1
22 21 0
23 18 2
15 17 0
13 14 1
24 10 0
18 29 2
7 12 0
14 10 0
17 29 1
