32, 32, 3, 30
0.6901961 0.6901961 0.7607843 0.8 0.75686276 0.7137255 0.7058824 0.73333335 0.7372549 0.74509805 0.78431374 0.8156863 0.80784315 0.7882353 0.7607843 0.7411765 0.7294118 0.7490196 0.7411765 0.7529412 0.7647059 0.75686276 0.7607843 0.7607843 0.78431374 0.80784315 0.78431374 0.7764706 0.7882353 0.8039216 0.8117647 0.8039216
0.654902 0.6627451 0.7372549 0.7764706 0.74509805 0.7137255 0.7019608 0.69411767 0.7019608 0.73333335 0.7882353 0.7882353 0.76862746 0.74509805 0.7176471 0.7019608 0.73333335 0.75686276 0.7254902 0.73333335 0.74509805 0.75686276 0.76862746 0.7490196 0.75686276 0.7764706 0.75686276 0.7529412 0.76862746 0.78039217 0.78039217 0.7764706
0.64705884 0.654902 0.6901961 0.7176471 0.7294118 0.7254902 0.74509805 0.7372549 0.7294118 0.7372549 0.75686276 0.7490196 0.7529412 0.73333335 0.73333335 0.69411767 0.7137255 0.7411765 0.7411765 0.7607843 0.74509805 0.74509805 0.76862746 0.77254903 0.78431374 0.7882353 0.7647059 0.7490196 0.7529412 0.78039217 0.76862746 0.76862746
0.627451 0.6313726 0.65882355 0.6862745 0.73333335 0.7490196 0.79607844 0.7647059 0.69803923 0.7294118 0.7529412 0.75686276 0.7372549 0.70980394 0.74509805 0.7019608 0.70980394 0.77254903 0.7921569 0.78431374 0.7490196 0.7647059 0.8039216 0.79607844 0.7921569 0.79607844 0.7882353 0.7647059 0.7529412 0.78039217 0.8 0.8117647
0.64705884 0.654902 0.6862745 0.70980394 0.7372549 0.72156864 0.7254902 0.7019608 0.67058825 0.7058824 0.7411765 0.73333335 0.7058824 0.7137255 0.7294118 0.7176471 0.7529412 0.8117647 0.7882353 0.7490196 0.74509805 0.80784315 0.8235294 0.7764706 0.7647059 0.75686276 0.77254903 0.7921569 0.7764706 0.7607843 0.81960785 0.8352941
0.68235296 0.6509804 0.69411767 0.7490196 0.69803923 0.6392157 0.627451 0.6392157 0.6784314 0.69803923 0.6784314 0.67058825 0.69411767 0.7137255 0.7058824 0.7137255 0.73333335 0.7490196 0.7411765 0.7294118 0.74509805 0.827451 0.8117647 0.7529412 0.7529412 0.74509805 0.7607843 0.8117647 0.8039216 0.7921569 0.8156863 0.8156863
0.627451 0.6392157 0.7137255 0.7294118 0.67058825 0.6156863 0.6156863 0.64705884 0.69411767 0.67058825 0.64705884 0.6627451 0.6627451 0.6627451 0.65882355 0.6862745 0.72156864 0.7019608 0.7058824 0.76862746 0.80784315 0.83137256 0.7882353 0.7254902 0.7490196 0.77254903 0.7490196 0.75686276 0.78039217 0.7921569 0.80784315 0.8156863
0.627451 0.6627451 0.67058825 0.6431373 0.62352943 0.6156863 0.6392157 0.64705884 0.65882355 0.61960787 0.61960787 0.6392157 0.6431373 0.6431373 0.627451 0.6666667 0.7176471 0.7294118 0.7254902 0.7490196 0.7607843 0.7529412 0.74509805 0.7176471 0.7137255 0.75686276 0.7647059 0.7764706 0.7921569 0.7490196 0.7882353 0.8117647
0.7058824 0.68235296 0.6039216 0.6039216 0.6392157 0.6392157 0.6392157 0.64705884 0.6509804 0.6039216 0.6039216 0.61960787 0.6509804 0.6627451 0.627451 0.65882355 0.7058824 0.7529412 0.78431374 0.75686276 0.67058825 0.6901961 0.78039217 0.7411765 0.6862745 0.7137255 0.7647059 0.7882353 0.7921569 0.75686276 0.8 0.8392157
0.6666667 0.61960787 0.5647059 0.5686275 0.5921569 0.6 0.59607846 0.60784316 0.627451 0.6 0.5921569 0.61960787 0.68235296 0.6862745 0.6666667 0.68235296 0.7058824 0.70980394 0.7019608 0.6862745 0.67058825 0.7137255 0.78431374 0.7529412 0.69803923 0.7137255 0.7764706 0.7764706 0.7921569 0.8117647 0.8352941 0.84705883
0.5568628 0.5372549 0.53333336 0.56078434 0.56078434 0.5647059 0.5764706 0.60784316 0.6156863 0.6313726 0.59607846 0.6 0.64705884 0.6901961 0.69411767 0.67058825 0.6627451 0.65882355 0.6784314 0.6745098 0.73333335 0.74509805 0.7058824 0.7058824 0.7058824 0.74509805 0.827451 0.8235294 0.80784315 0.827451 0.85490197 0.8862745
0.52156866 0.5294118 0.5411765 0.5686275 0.56078434 0.54901963 0.5686275 0.62352943 0.6509804 0.6862745 0.6117647 0.5764706 0.59607846 0.6392157 0.6627451 0.5647059 0.56078434 0.6901961 0.69411767 0.6627451 0.7294118 0.7254902 0.6627451 0.6784314 0.70980394 0.78431374 0.83137256 0.8156863 0.8039216 0.8156863 0.827451 0.8666667
0.5019608 0.5137255 0.52156866 0.5294118 0.54901963 0.5647059 0.56078434 0.5803922 0.6156863 0.6313726 0.5921569 0.5568628 0.54901963 0.5647059 0.64705884 0.41960785 0.35686275 0.54509807 0.5294118 0.5803922 0.6745098 0.7411765 0.70980394 0.72156864 0.77254903 0.8039216 0.75686276 0.7411765 0.8117647 0.84313726 0.827451 0.8235294
0.49803922 0.5019608 0.5058824 0.50980395 0.54509807 0.5764706 0.5686275 0.57254905 0.57254905 0.5411765 0.49411765 0.47843137 0.45882353 0.5372549 0.6313726 0.28627452 0.19607843 0.2509804 0.07058824 0.14117648 0.31764707 0.5882353 0.74509805 0.70980394 0.7294118 0.7529412 0.7137255 0.70980394 0.7921569 0.8509804 0.827451 0.78431374
0.5254902 0.5137255 0.50980395 0.49411765 0.41568628 0.4627451 0.4745098 0.5058824 0.5176471 0.5058824 0.49803922 0.49411765 0.49411765 0.5764706 0.6039216 0.21568628 0.11372549 0.15294118 0.19607843 0.22352941 0.2627451 0.4392157 0.7019608 0.7490196 0.72156864 0.7137255 0.65882355 0.69411767 0.69803923 0.7529412 0.7764706 0.8039216
0.5686275 0.50980395 0.50980395 0.4392157 0.34901962 0.3764706 0.32941177 0.34117648 0.3647059 0.3764706 0.39215687 0.4117647 0.49411765 0.58431375 0.62352943 0.29411766 0.1254902 0.0627451 0.2627451 0.30980393 0.42352942 0.4627451 0.5176471 0.56078434 0.53333336 0.49803922 0.53333336 0.69803923 0.69803923 0.7176471 0.7647059 0.7921569
0.5058824 0.48235294 0.5058824 0.39607844 0.52156866 0.5411765 0.4509804 0.39607844 0.34117648 0.30588236 0.3137255 0.32941177 0.41568628 0.59607846 0.6509804 0.35686275 0.18431373 0.03137255 0.019607844 0.047058824 0.24313726 0.30980393 0.3137255 0.30588236 0.3019608 0.3764706 0.5529412 0.69411767 0.72156864 0.68235296 0.7882353 0.827451
0.46666667 0.47843137 0.50980395 0.48235294 0.5372549 0.5137255 0.56078434 0.49803922 0.36078432 0.42352942 0.39215687 0.36862746 0.42352942 0.6627451 0.5254902 0.23921569 0.21176471 0.043137256 0.003921569 0.007843138 0.07450981 0.21960784 0.2 0.35686275 0.5254902 0.64705884 0.76862746 0.6431373 0.7058824 0.7137255 0.8235294 0.87058824
0.45882353 0.4862745 0.57254905 0.60784316 0.5372549 0.47843137 0.5803922 0.5137255 0.4392157 0.6666667 0.58431375 0.35686275 0.52156866 0.7372549 0.39607844 0.13333334 0.22352941 0.07058824 0.019607844 0.015686275 0.18431373 0.48235294 0.20784314 0.41960785 0.6901961 0.7058824 0.75686276 0.74509805 0.78039217 0.79607844 0.85882354 0.87058824
0.44705883 0.50980395 0.6745098 0.67058825 0.5686275 0.5137255 0.6117647 0.45882353 0.5568628 0.75686276 0.62352943 0.31764707 0.68235296 0.81960785 0.34117648 0.105882354 0.20392157 0.047058824 0.18431373 0.078431375 0.27058825 0.6431373 0.2627451 0.2901961 0.60784316 0.627451 0.6862745 0.8156863 0.8862745 0.827451 0.83137256 0.84313726
0.43137255 0.5058824 0.6627451 0.6156863 0.50980395 0.49019608 0.5372549 0.4627451 0.54509807 0.69803923 0.5882353 0.34901962 0.7294118 0.8627451 0.30588236 0.05882353 0.14509805 0.14117648 0.4862745 0.13333334 0.24705882 0.69411767 0.38431373 0.2901961 0.5803922 0.5882353 0.6313726 0.76862746 0.8862745 0.8352941 0.7607843 0.7607843
0.42352942 0.53333336 0.7019608 0.627451 0.5058824 0.46666667 0.48235294 0.5019608 0.5058824 0.6784314 0.5411765 0.41960785 0.7254902 0.8901961 0.6 0.16862746 0.078431375 0.4117647 0.68235296 0.18431373 0.24313726 0.75686276 0.67058825 0.5803922 0.6 0.6313726 0.6745098 0.73333335 0.8156863 0.8156863 0.7764706 0.79607844
0.43137255 0.5176471 0.5882353 0.54509807 0.49411765 0.4627451 0.47058824 0.4862745 0.5176471 0.7137255 0.52156866 0.60784316 0.75686276 0.8784314 0.8 0.30980393 0.09803922 0.6313726 0.78431374 0.27058825 0.23921569 0.7607843 0.78431374 0.74509805 0.6862745 0.69411767 0.6862745 0.75686276 0.84705883 0.84705883 0.8509804 0.85490197
0.42745098 0.45882353 0.4627451 0.45490196 0.4627451 0.45882353 0.4627451 0.5058824 0.6509804 0.7490196 0.5764706 0.69803923 0.6627451 0.75686276 0.5764706 0.16078432 0.18431373 0.6745098 0.79607844 0.42745098 0.36078432 0.80784315 0.8392157 0.7921569 0.78039217 0.6784314 0.60784316 0.7529412 0.8352941 0.84313726 0.87058824 0.8352941
0.39215687 0.40784314 0.42745098 0.49019608 0.5372549 0.5137255 0.52156866 0.5764706 0.75686276 0.7647059 0.6784314 0.64705884 0.5921569 0.6627451 0.49019608 0.11372549 0.34901962 0.60784316 0.5921569 0.54509807 0.61960787 0.81960785 0.8039216 0.7882353 0.74509805 0.61960787 0.6 0.76862746 0.8156863 0.79607844 0.8156863 0.76862746
0.37254903 0.38431373 0.4117647 0.54901963 0.6509804 0.6117647 0.6666667 0.70980394 0.77254903 0.7411765 0.6862745 0.6 0.5529412 0.64705884 0.50980395 0.13333334 0.4745098 0.6 0.5019608 0.5294118 0.6431373 0.7411765 0.6745098 0.6156863 0.5764706 0.53333336 0.6117647 0.76862746 0.73333335 0.7294118 0.6862745 0.6784314
0.37254903 0.40392157 0.41568628 0.47058824 0.5529412 0.59607846 0.6666667 0.6901961 0.6745098 0.6313726 0.5647059 0.5411765 0.5882353 0.7411765 0.54509807 0.2 0.58431375 0.65882355 0.5254902 0.49411765 0.5411765 0.59607846 0.5647059 0.5058824 0.49019608 0.4862745 0.5372549 0.63529414 0.6039216 0.61960787 0.6745098 0.7254902
0.38039216 0.54509807 0.5294118 0.41568628 0.43137255 0.5372549 0.61960787 0.5921569 0.56078434 0.57254905 0.5921569 0.5921569 0.654902 0.75686276 0.56078434 0.42352942 0.7529412 0.7411765 0.5568628 0.49803922 0.5686275 0.5686275 0.49411765 0.47843137 0.48235294 0.4745098 0.4745098 0.5411765 0.63529414 0.654902 0.6901961 0.68235296
0.3764706 0.6 0.60784316 0.41568628 0.44705883 0.64705884 0.73333335 0.7019608 0.6901961 0.6313726 0.6901961 0.6313726 0.56078434 0.53333336 0.5137255 0.5803922 0.69803923 0.6117647 0.5019608 0.4745098 0.6117647 0.62352943 0.47843137 0.4509804 0.45490196 0.45882353 0.45882353 0.56078434 0.7607843 0.76862746 0.7019608 0.6117647
0.3647059 0.44705883 0.4509804 0.4117647 0.46666667 0.69411767 0.7176471 0.68235296 0.67058825 0.6313726 0.627451 0.5019608 0.48235294 0.49019608 0.49019608 0.5137255 0.5254902 0.5019608 0.50980395 0.5019608 0.62352943 0.6627451 0.50980395 0.44705883 0.45490196 0.43529412 0.43529412 0.5411765 0.69411767 0.6745098 0.62352943 0.5686275
0.41960785 0.4117647 0.4 0.41568628 0.44313726 0.5882353 0.54509807 0.49019608 0.5137255 0.6666667 0.6627451 0.5137255 0.5529412 0.61960787 0.5921569 0.49803922 0.43529412 0.47843137 0.52156866 0.48235294 0.5921569 0.60784316 0.49803922 0.50980395 0.57254905 0.46666667 0.44313726 0.5686275 0.6745098 0.54509807 0.5764706 0.69803923
0.53333336 0.48235294 0.50980395 0.53333336 0.58431375 0.56078434 0.5137255 0.56078434 0.61960787 0.67058825 0.77254903 0.73333335 0.62352943 0.5568628 0.5254902 0.45882353 0.4117647 0.40784314 0.4117647 0.40392157 0.44313726 0.47843137 0.49411765 0.6117647 0.6509804 0.49411765 0.4117647 0.45490196 0.5058824 0.44313726 0.4509804 0.5647059
0.7647059 0.75686276 0.8039216 0.8156863 0.7921569 0.76862746 0.77254903 0.7921569 0.79607844 0.7921569 0.81960785 0.84313726 0.8352941 0.8117647 0.7882353 0.7882353 0.78039217 0.8 0.8039216 0.80784315 0.8117647 0.80784315 0.8156863 0.8039216 0.8235294 0.8392157 0.81960785 0.81960785 0.827451 0.83137256 0.8392157 0.84705883
0.7529412 0.7529412 0.8 0.81960785 0.8 0.7764706 0.77254903 0.77254903 0.7882353 0.8039216 0.83137256 0.8235294 0.80784315 0.78431374 0.7647059 0.76862746 0.8 0.8117647 0.7921569 0.79607844 0.8039216 0.8156863 0.83137256 0.80784315 0.80784315 0.8235294 0.80784315 0.8117647 0.827451 0.827451 0.827451 0.83137256
0.75686276 0.75686276 0.76862746 0.78039217 0.79607844 0.7921569 0.8 0.79607844 0.8039216 0.7921569 0.8 0.79607844 0.80784315 0.79607844 0.79607844 0.7647059 0.7764706 0.79607844 0.8 0.8235294 0.8117647 0.80784315 0.81960785 0.83137256 0.84705883 0.84313726 0.81960785 0.8156863 0.81960785 0.8392157 0.8235294 0.8235294
0.7411765 0.7372549 0.7411765 0.75686276 0.8 0.8039216 0.83137256 0.8156863 0.78039217 0.7921569 0.8 0.80784315 0.80784315 0.7882353 0.80784315 0.77254903 0.76862746 0.8156863 0.8352941 0.83137256 0.8039216 0.8156863 0.84313726 0.84313726 0.84705883 0.84313726 0.8392157 0.81960785 0.8156863 0.8392157 0.84705883 0.85490197
0.74509805 0.7490196 0.75686276 0.7764706 0.8 0.78431374 0.78431374 0.78039217 0.76862746 0.78431374 0.8039216 0.8039216 0.78431374 0.7921569 0.7882353 0.7764706 0.8039216 0.84705883 0.8235294 0.79607844 0.80784315 0.8509804 0.8509804 0.81960785 0.8117647 0.8 0.81960785 0.8392157 0.827451 0.8156863 0.85882354 0.8666667
0.7647059 0.7372549 0.7607843 0.80784315 0.7764706 0.73333335 0.7372549 0.74509805 0.7647059 0.7764706 0.76862746 0.7647059 0.7764706 0.7921569 0.7764706 0.76862746 0.78431374 0.8117647 0.8039216 0.7921569 0.80784315 0.8627451 0.84313726 0.80784315 0.80784315 0.8 0.8117647 0.85490197 0.84313726 0.8392157 0.84705883 0.8392157
0.7372549 0.7490196 0.8 0.8 0.7607843 0.7254902 0.73333335 0.7490196 0.78431374 0.76862746 0.7490196 0.7647059 0.7607843 0.75686276 0.75686276 0.7607843 0.78039217 0.78039217 0.79607844 0.83137256 0.84313726 0.85882354 0.83137256 0.7921569 0.8156863 0.8352941 0.8 0.79607844 0.81960785 0.84705883 0.84313726 0.84705883
0.7294118 0.7607843 0.7607843 0.7372549 0.7254902 0.7294118 0.7490196 0.74509805 0.75686276 0.7411765 0.7411765 0.7490196 0.7529412 0.75686276 0.74509805 0.7529412 0.78431374 0.79607844 0.7921569 0.8117647 0.8117647 0.8039216 0.8039216 0.7882353 0.7921569 0.8235294 0.81960785 0.81960785 0.83137256 0.8039216 0.827451 0.84705883
0.78039217 0.7607843 0.7058824 0.7254902 0.7607843 0.75686276 0.7529412 0.7529412 0.75686276 0.73333335 0.7372549 0.7411765 0.7607843 0.7647059 0.7411765 0.74509805 0.7764706 0.8117647 0.83137256 0.827451 0.76862746 0.77254903 0.8392157 0.80784315 0.77254903 0.78431374 0.81960785 0.83137256 0.827451 0.8039216 0.83137256 0.8666667
0.75686276 0.7294118 0.7058824 0.70980394 0.7254902 0.72156864 0.7176471 0.7254902 0.7372549 0.7294118 0.7294118 0.7411765 0.77254903 0.7647059 0.75686276 0.7529412 0.76862746 0.78431374 0.78039217 0.7764706 0.77254903 0.7921569 0.8352941 0.80784315 0.77254903 0.78039217 0.827451 0.8156863 0.827451 0.84313726 0.8509804 0.8627451
0.6862745 0.6862745 0.69803923 0.69803923 0.69803923 0.69803923 0.7058824 0.7254902 0.72156864 0.73333335 0.7294118 0.7372549 0.7529412 0.76862746 0.7764706 0.74509805 0.7411765 0.74509805 0.76862746 0.76862746 0.8039216 0.8039216 0.78039217 0.7882353 0.7882353 0.8039216 0.87058824 0.85882354 0.84705883 0.8627451 0.8745098 0.8901961
0.6784314 0.6862745 0.69411767 0.7058824 0.7019608 0.69411767 0.7019608 0.7411765 0.7529412 0.7764706 0.73333335 0.72156864 0.7254902 0.7372549 0.7529412 0.6509804 0.65882355 0.7921569 0.78431374 0.7647059 0.79607844 0.7882353 0.7607843 0.7764706 0.78431374 0.827451 0.8745098 0.85490197 0.84313726 0.84705883 0.8509804 0.8784314
0.6666667 0.6745098 0.68235296 0.6862745 0.69411767 0.7058824 0.69803923 0.7058824 0.73333335 0.7372549 0.70980394 0.69411767 0.68235296 0.6745098 0.7372549 0.5176471 0.4745098 0.65882355 0.6313726 0.6901961 0.75686276 0.80784315 0.78039217 0.7882353 0.827451 0.84313726 0.81960785 0.8039216 0.84313726 0.8666667 0.85882354 0.8509804
0.6627451 0.65882355 0.6666667 0.6745098 0.6901961 0.7137255 0.70980394 0.7058824 0.7019608 0.6627451 0.6156863 0.6117647 0.59607846 0.6509804 0.72156864 0.4 0.34117648 0.3764706 0.15294118 0.23137255 0.39607844 0.65882355 0.8117647 0.77254903 0.78039217 0.79607844 0.7882353 0.7882353 0.8352941 0.88235295 0.8627451 0.827451
0.6666667 0.6666667 0.67058825 0.6392157 0.5372549 0.5921569 0.61960787 0.64705884 0.654902 0.64705884 0.6313726 0.6313726 0.62352943 0.6745098 0.6862745 0.34509805 0.2784314 0.29411766 0.28627452 0.3137255 0.35686275 0.5372549 0.7882353 0.8235294 0.8 0.7882353 0.7294118 0.7647059 0.76862746 0.8039216 0.8235294 0.84705883
0.69803923 0.65882355 0.6666667 0.56078434 0.44705883 0.49411765 0.47058824 0.47843137 0.50980395 0.53333336 0.5411765 0.5529412 0.61960787 0.6745098 0.69411767 0.43137255 0.3137255 0.21176471 0.3882353 0.4392157 0.56078434 0.59607846 0.627451 0.654902 0.6392157 0.6 0.5921569 0.7529412 0.7921569 0.7921569 0.8156863 0.83137256
0.6627451 0.6509804 0.6627451 0.5176471 0.6156863 0.627451 0.5568628 0.49411765 0.4745098 0.47058824 0.45490196 0.45882353 0.5686275 0.6862745 0.69803923 0.45882353 0.37254903 0.16470589 0.11372549 0.14901961 0.3764706 0.45882353 0.4509804 0.42745098 0.42352942 0.47058824 0.6 0.7372549 0.8 0.76862746 0.83137256 0.8392157
0.6431373 0.64705884 0.654902 0.6156863 0.6627451 0.627451 0.68235296 0.5882353 0.47058824 0.5411765 0.48235294 0.4745098 0.5647059 0.7372549 0.5568628 0.2901961 0.37254903 0.14509805 0.019607844 0.023529412 0.13725491 0.3254902 0.30980393 0.45490196 0.61960787 0.69411767 0.79607844 0.6901961 0.78039217 0.78039217 0.8509804 0.8745098
0.6392157 0.64705884 0.69411767 0.7254902 0.6745098 0.6313726 0.7019608 0.5568628 0.50980395 0.73333335 0.61960787 0.43529412 0.61960787 0.7882353 0.41960785 0.13725491 0.34117648 0.15686275 0.003921569 0.007843138 0.21960784 0.5568628 0.28627452 0.5019608 0.77254903 0.7490196 0.78431374 0.78431374 0.83137256 0.8235294 0.8745098 0.88235295
0.63529414 0.6627451 0.75686276 0.7490196 0.6901961 0.65882355 0.6901961 0.4392157 0.60784316 0.83137256 0.6431373 0.4 0.7607843 0.84313726 0.35686275 0.105882354 0.30588236 0.14117648 0.22352941 0.10980392 0.34509805 0.7411765 0.35686275 0.4 0.7294118 0.7294118 0.75686276 0.84313726 0.8784314 0.8352941 0.8509804 0.8627451
0.6313726 0.64705884 0.72156864 0.69411767 0.6509804 0.654902 0.64705884 0.49019608 0.63529414 0.7882353 0.6156863 0.46666667 0.8039216 0.8666667 0.31764707 0.09019608 0.27058825 0.2509804 0.5647059 0.17254902 0.30588236 0.78039217 0.47843137 0.40784314 0.7176471 0.7176471 0.7294118 0.80784315 0.8745098 0.85490197 0.8 0.7921569
0.61960787 0.67058825 0.7764706 0.7411765 0.67058825 0.6509804 0.654902 0.6392157 0.654902 0.7647059 0.5803922 0.5372549 0.7921569 0.8901961 0.6156863 0.23921569 0.21960784 0.5058824 0.74509805 0.21960784 0.2784314 0.8117647 0.7411765 0.6745098 0.7176471 0.7254902 0.75686276 0.78431374 0.83137256 0.8392157 0.80784315 0.8235294
0.6117647 0.65882355 0.70980394 0.6862745 0.6509804 0.63529414 0.6431373 0.654902 0.67058825 0.78039217 0.5764706 0.6666667 0.8117647 0.8901961 0.81960785 0.39215687 0.21176471 0.6862745 0.8235294 0.30588236 0.2901961 0.8039216 0.8156863 0.8 0.75686276 0.7607843 0.7647059 0.7921569 0.8627451 0.85490197 0.8509804 0.8666667
0.6117647 0.62352943 0.6156863 0.6117647 0.62352943 0.627451 0.63529414 0.6627451 0.75686276 0.8 0.63529414 0.7529412 0.7411765 0.8117647 0.6156863 0.21176471 0.2784314 0.74509805 0.84705883 0.46666667 0.38431373 0.80784315 0.8352941 0.80784315 0.8117647 0.7607843 0.7176471 0.8039216 0.8627451 0.8509804 0.8745098 0.8666667
0.58431375 0.59607846 0.6039216 0.6313726 0.6745098 0.64705884 0.654902 0.6784314 0.7921569 0.7882353 0.7372549 0.72156864 0.69803923 0.7372549 0.5372549 0.14117648 0.42745098 0.70980394 0.7019608 0.63529414 0.6666667 0.8352941 0.81960785 0.8235294 0.8 0.72156864 0.70980394 0.80784315 0.8392157 0.8235294 0.8392157 0.81960785
0.5686275 0.5803922 0.5921569 0.6745098 0.7607843 0.7058824 0.7529412 0.7647059 0.7882353 0.76862746 0.7647059 0.69411767 0.67058825 0.7137255 0.54901963 0.16078432 0.54901963 0.7058824 0.65882355 0.6784314 0.74509805 0.81960785 0.7607843 0.7254902 0.7019608 0.654902 0.7176471 0.8039216 0.77254903 0.7882353 0.7372549 0.74509805
0.5686275 0.5882353 0.5882353 0.61960787 0.68235296 0.7019608 0.7490196 0.7647059 0.7607843 0.73333335 0.68235296 0.6627451 0.7019608 0.77254903 0.5647059 0.24313726 0.6666667 0.7411765 0.6627451 0.6509804 0.6666667 0.7019608 0.69411767 0.654902 0.6509804 0.64705884 0.68235296 0.72156864 0.69803923 0.7137255 0.7490196 0.79607844
0.57254905 0.6666667 0.654902 0.5921569 0.6 0.6431373 0.6901961 0.67058825 0.6666667 0.6901961 0.7019608 0.69411767 0.74509805 0.7882353 0.6 0.4627451 0.79607844 0.7882353 0.6666667 0.6392157 0.6784314 0.67058825 0.654902 0.64705884 0.6392157 0.6431373 0.6509804 0.6666667 0.7254902 0.7411765 0.7607843 0.7607843
0.57254905 0.69803923 0.7137255 0.5921569 0.61960787 0.7254902 0.7647059 0.7529412 0.7647059 0.7254902 0.7529412 0.7176471 0.6784314 0.6627451 0.63529414 0.6745098 0.78039217 0.70980394 0.6431373 0.6431373 0.7294118 0.7176471 0.6431373 0.63529414 0.627451 0.6313726 0.63529414 0.68235296 0.8 0.8117647 0.7647059 0.7137255
0.56078434 0.59607846 0.6039216 0.5803922 0.61960787 0.76862746 0.7647059 0.7411765 0.7490196 0.72156864 0.7176471 0.627451 0.63529414 0.64705884 0.63529414 0.6509804 0.67058825 0.6431373 0.6509804 0.6509804 0.7254902 0.7372549 0.654902 0.62352943 0.6313726 0.627451 0.627451 0.68235296 0.75686276 0.73333335 0.70980394 0.6901961
0.5921569 0.5882353 0.5764706 0.58431375 0.5882353 0.6862745 0.654902 0.6117647 0.6039216 0.7254902 0.74509805 0.63529414 0.6666667 0.7176471 0.69803923 0.627451 0.58431375 0.62352943 0.65882355 0.62352943 0.6901961 0.7019608 0.64705884 0.6431373 0.6862745 0.6156863 0.6 0.68235296 0.7372549 0.6431373 0.6627451 0.7647059
0.6666667 0.627451 0.63529414 0.6509804 0.6862745 0.65882355 0.6313726 0.6627451 0.69411767 0.7137255 0.77254903 0.7647059 0.7058824 0.65882355 0.64705884 0.6117647 0.58431375 0.5803922 0.5921569 0.5921569 0.60784316 0.6117647 0.62352943 0.69803923 0.70980394 0.6431373 0.59607846 0.61960787 0.6509804 0.6313726 0.61960787 0.6784314
0.8352941 0.81960785 0.84705883 0.8509804 0.84313726 0.8392157 0.84705883 0.85882354 0.84313726 0.84705883 0.85882354 0.8745098 0.8745098 0.85882354 0.8392157 0.8509804 0.8509804 0.85882354 0.8509804 0.8509804 0.84705883 0.85490197 0.8627451 0.84705883 0.8627451 0.8745098 0.85490197 0.8627451 0.8745098 0.8666667 0.8745098 0.8784314
0.8352941 0.83137256 0.8627451 0.8784314 0.8666667 0.85490197 0.85882354 0.8509804 0.85882354 0.88235295 0.8901961 0.8745098 0.8666667 0.8509804 0.827451 0.84313726 0.8745098 0.8784314 0.84705883 0.8509804 0.85882354 0.8745098 0.8862745 0.85882354 0.85882354 0.87058824 0.85490197 0.8666667 0.88235295 0.87058824 0.8745098 0.8745098
0.8509804 0.84705883 0.84705883 0.85490197 0.87058824 0.8666667 0.87058824 0.85882354 0.8666667 0.8627451 0.8666667 0.85882354 0.8784314 0.8666667 0.8627451 0.84313726 0.85490197 0.85882354 0.85882354 0.88235295 0.8745098 0.8627451 0.87058824 0.8862745 0.9019608 0.89411765 0.8745098 0.87058824 0.8784314 0.8862745 0.87058824 0.87058824
0.8352941 0.827451 0.81960785 0.8392157 0.8745098 0.87058824 0.8901961 0.8745098 0.84705883 0.8627451 0.8627451 0.87058824 0.8745098 0.85490197 0.8745098 0.84705883 0.8352941 0.8666667 0.8862745 0.8901961 0.8666667 0.8627451 0.88235295 0.8862745 0.8980392 0.8901961 0.88235295 0.87058824 0.8666667 0.8784314 0.8901961 0.8980392
0.8352941 0.8392157 0.8392157 0.8509804 0.8745098 0.85490197 0.85882354 0.85882354 0.84705883 0.8627451 0.8745098 0.87058824 0.84705883 0.85490197 0.85882354 0.8509804 0.87058824 0.9019608 0.87058824 0.8509804 0.87058824 0.8980392 0.8862745 0.8666667 0.8627451 0.84313726 0.8627451 0.8862745 0.8745098 0.84705883 0.8980392 0.9098039
0.8509804 0.83137256 0.84705883 0.8745098 0.85490197 0.83137256 0.8392157 0.8352941 0.8392157 0.84705883 0.85490197 0.84705883 0.84705883 0.85490197 0.8509804 0.84705883 0.85490197 0.8745098 0.8627451 0.84705883 0.8627451 0.90588236 0.88235295 0.8666667 0.8627451 0.85490197 0.8627451 0.90588236 0.8901961 0.8745098 0.88235295 0.8901961
0.81960785 0.83137256 0.8784314 0.87058824 0.84705883 0.8235294 0.8352941 0.8352941 0.8627451 0.85490197 0.8392157 0.85490197 0.84705883 0.84313726 0.8392157 0.8392157 0.84705883 0.84313726 0.8745098 0.8862745 0.8745098 0.8901961 0.8862745 0.85882354 0.88235295 0.89411765 0.85490197 0.84705883 0.87058824 0.8862745 0.88235295 0.8980392
0.8235294 0.84705883 0.84705883 0.8235294 0.81960785 0.827451 0.84705883 0.83137256 0.84313726 0.84313726 0.8352941 0.84313726 0.8509804 0.85882354 0.8392157 0.8392157 0.84705883 0.8509804 0.8509804 0.8666667 0.8627451 0.85490197 0.8666667 0.8627451 0.87058824 0.8901961 0.8745098 0.87058824 0.8784314 0.85490197 0.87058824 0.8980392
0.88235295 0.8627451 0.80784315 0.827451 0.85882354 0.8509804 0.8509804 0.84313726 0.84705883 0.84313726 0.8392157 0.83137256 0.85882354 0.8666667 0.8392157 0.83137256 0.84313726 0.8627451 0.87058824 0.8901961 0.85490197 0.8509804 0.8980392 0.8745098 0.85490197 0.8509804 0.87058824 0.88235295 0.8784314 0.85882354 0.87058824 0.9137255
0.84705883 0.8352941 0.81960785 0.81960785 0.83137256 0.81960785 0.81960785 0.827451 0.83137256 0.8392157 0.83137256 0.8352941 0.8666667 0.8509804 0.84705883 0.84313726 0.8509804 0.85882354 0.8509804 0.85882354 0.85882354 0.8666667 0.8901961 0.8627451 0.8509804 0.84705883 0.88235295 0.8666667 0.8784314 0.89411765 0.88235295 0.8901961
0.78431374 0.79607844 0.8117647 0.8117647 0.8117647 0.8117647 0.81960785 0.83137256 0.81960785 0.827451 0.83137256 0.84313726 0.8509804 0.8509804 0.85490197 0.84313726 0.8352941 0.827451 0.85490197 0.8509804 0.87058824 0.8627451 0.84313726 0.84705883 0.8509804 0.8666667 0.90588236 0.8862745 0.8901961 0.90588236 0.9019608 0.9098039
0.8 0.80784315 0.8156863 0.81960785 0.81960785 0.8156863 0.81960785 0.84705883 0.8509804 0.8627451 0.8352941 0.8352941 0.8352941 0.83137256 0.8235294 0.7607843 0.76862746 0.8745098 0.8745098 0.8509804 0.8666667 0.85490197 0.84313726 0.8627451 0.85490197 0.88235295 0.9019608 0.88235295 0.8862745 0.89411765 0.8862745 0.90588236
0.8039216 0.8039216 0.80784315 0.8039216 0.8039216 0.8156863 0.8117647 0.81960785 0.8392157 0.8352941 0.80784315 0.80784315 0.8 0.7764706 0.8156863 0.63529414 0.6 0.7607843 0.7254902 0.78039217 0.8392157 0.8901961 0.87058824 0.8784314 0.8980392 0.88235295 0.87058824 0.8627451 0.8901961 0.90588236 0.89411765 0.8901961
0.8039216 0.79607844 0.8039216 0.8039216 0.79607844 0.81960785 0.8235294 0.827451 0.81960785 0.7764706 0.72156864 0.7254902 0.72156864 0.7607843 0.8117647 0.5254902 0.4862745 0.49411765 0.23921569 0.30588236 0.47058824 0.7294118 0.8784314 0.83137256 0.8352941 0.84313726 0.8627451 0.8745098 0.8862745 0.92156863 0.9019608 0.87058824
0.79607844 0.8039216 0.8117647 0.76862746 0.6431373 0.7058824 0.7490196 0.77254903 0.78431374 0.77254903 0.7490196 0.7529412 0.7490196 0.7882353 0.78039217 0.48235294 0.44313726 0.43529412 0.38039216 0.39607844 0.44313726 0.62352943 0.8627451 0.8862745 0.8666667 0.87058824 0.81960785 0.84705883 0.827451 0.85490197 0.8745098 0.89411765
0.8156863 0.79607844 0.8156863 0.6901961 0.5568628 0.61960787 0.6117647 0.6117647 0.6431373 0.6666667 0.6745098 0.6901961 0.7490196 0.78039217 0.7921569 0.57254905 0.4862745 0.37254903 0.5137255 0.54901963 0.68235296 0.7372549 0.7490196 0.7647059 0.7529412 0.7254902 0.6901961 0.8235294 0.85490197 0.85882354 0.8745098 0.8745098
0.7921569 0.78431374 0.8039216 0.64705884 0.73333335 0.74509805 0.68235296 0.6156863 0.6 0.59607846 0.5882353 0.6117647 0.6901961 0.78039217 0.7882353 0.6039216 0.5372549 0.3254902 0.25490198 0.26666668 0.5137255 0.6156863 0.6 0.5647059 0.54901963 0.5803922 0.68235296 0.7921569 0.8627451 0.84313726 0.8784314 0.87058824
0.7764706 0.78039217 0.78431374 0.7254902 0.76862746 0.7372549 0.7882353 0.6862745 0.5882353 0.6745098 0.6 0.6 0.6666667 0.8117647 0.61960787 0.3882353 0.5176471 0.29803923 0.11372549 0.09411765 0.21568628 0.4392157 0.43529412 0.5686275 0.7176471 0.7647059 0.84705883 0.7490196 0.8509804 0.84705883 0.8901961 0.89411765
0.78039217 0.78039217 0.80784315 0.8156863 0.78431374 0.7529412 0.79607844 0.61960787 0.6039216 0.84313726 0.7019608 0.5254902 0.69803923 0.8352941 0.44313726 0.17254902 0.4745098 0.30588236 0.07058824 0.043137256 0.26666668 0.6431373 0.3882353 0.59607846 0.8627451 0.8156863 0.8392157 0.8392157 0.8901961 0.88235295 0.9137255 0.90588236
0.78039217 0.7882353 0.85882354 0.84313726 0.8156863 0.8 0.7882353 0.4862745 0.6745098 0.8901961 0.69411767 0.4745098 0.827451 0.8666667 0.36078432 0.11764706 0.44705883 0.28627452 0.3137255 0.1764706 0.42352942 0.8392157 0.45882353 0.5019608 0.8352941 0.827451 0.8392157 0.8901961 0.9019608 0.88235295 0.8980392 0.8980392
0.78039217 0.77254903 0.8117647 0.7882353 0.78431374 0.79607844 0.74509805 0.5568628 0.7176471 0.84705883 0.6745098 0.54509807 0.8745098 0.8784314 0.32156864 0.10980392 0.4392157 0.3764706 0.64705884 0.24705882 0.4 0.88235295 0.5764706 0.5137255 0.827451 0.827451 0.8235294 0.8666667 0.9019608 0.8980392 0.85882354 0.85490197
0.76862746 0.7921569 0.8627451 0.8352941 0.79607844 0.78039217 0.7607843 0.7411765 0.76862746 0.8392157 0.6509804 0.627451 0.85882354 0.8980392 0.627451 0.29803923 0.39607844 0.5921569 0.7882353 0.27058825 0.35686275 0.89411765 0.8156863 0.7607843 0.8156863 0.8156863 0.8509804 0.8627451 0.8784314 0.8784314 0.8627451 0.8862745
0.75686276 0.7764706 0.8117647 0.8 0.7764706 0.76862746 0.77254903 0.7882353 0.78431374 0.83137256 0.63529414 0.7647059 0.87058824 0.9019608 0.85490197 0.49411765 0.36078432 0.7529412 0.85882354 0.37254903 0.3764706 0.87058824 0.8745098 0.87058824 0.84313726 0.8509804 0.8509804 0.85882354 0.89411765 0.88235295 0.8784314 0.9019608
0.7647059 0.7607843 0.74509805 0.74509805 0.75686276 0.76862746 0.77254903 0.7882353 0.85490197 0.8627451 0.69803923 0.8509804 0.81960785 0.85882354 0.67058825 0.3019608 0.40784314 0.83137256 0.92156863 0.5568628 0.4745098 0.8666667 0.88235295 0.8745098 0.8901961 0.85490197 0.79607844 0.85490197 0.88235295 0.88235295 0.90588236 0.9098039
0.74509805 0.7529412 0.7529412 0.75686276 0.79607844 0.7647059 0.77254903 0.77254903 0.84705883 0.85490197 0.8117647 0.8235294 0.8 0.8235294 0.6117647 0.21568628 0.5372549 0.8117647 0.80784315 0.7372549 0.74509805 0.88235295 0.8627451 0.8862745 0.8784314 0.827451 0.8039216 0.8745098 0.8745098 0.8666667 0.8862745 0.8862745
0.73333335 0.7411765 0.74509805 0.79607844 0.8666667 0.8 0.84313726 0.8352941 0.8352941 0.827451 0.84705883 0.8039216 0.7764706 0.8039216 0.627451 0.23529412 0.64705884 0.80784315 0.78039217 0.7882353 0.827451 0.8784314 0.8235294 0.8039216 0.79607844 0.78431374 0.83137256 0.9019608 0.8509804 0.85882354 0.8 0.8235294
0.7294118 0.7411765 0.7411765 0.7647059 0.8117647 0.8117647 0.84705883 0.85490197 0.84705883 0.8156863 0.78431374 0.78039217 0.8 0.84313726 0.627451 0.32941177 0.77254903 0.827451 0.78431374 0.77254903 0.77254903 0.8039216 0.8039216 0.78039217 0.7921569 0.7921569 0.8 0.8352941 0.80784315 0.8156863 0.83137256 0.8784314
0.73333335 0.78431374 0.78431374 0.7529412 0.7411765 0.7607843 0.8039216 0.7882353 0.78431374 0.7921569 0.8117647 0.8235294 0.84705883 0.85882354 0.6784314 0.54901963 0.8784314 0.8627451 0.78431374 0.7647059 0.78431374 0.7882353 0.80784315 0.8 0.7921569 0.78431374 0.77254903 0.7764706 0.8039216 0.8156863 0.8352941 0.84705883
0.7372549 0.79607844 0.83137256 0.74509805 0.7490196 0.8235294 0.85490197 0.827451 0.85490197 0.8235294 0.8392157 0.8235294 0.8039216 0.78431374 0.7607843 0.7764706 0.8666667 0.8117647 0.7764706 0.78039217 0.84705883 0.81960785 0.78039217 0.7764706 0.7764706 0.7921569 0.8039216 0.81960785 0.8745098 0.8784314 0.83137256 0.8039216
0.7294118 0.73333335 0.74509805 0.7372549 0.74509805 0.8627451 0.8392157 0.79607844 0.8235294 0.8117647 0.8117647 0.7490196 0.7647059 0.77254903 0.7529412 0.7647059 0.78431374 0.7764706 0.7921569 0.7882353 0.8352941 0.827451 0.77254903 0.7529412 0.78431374 0.78431374 0.78039217 0.8039216 0.8352941 0.84705883 0.8156863 0.7921569
0.7490196 0.7411765 0.72156864 0.7411765 0.72156864 0.7921569 0.7764706 0.7294118 0.7176471 0.827451 0.8627451 0.7764706 0.79607844 0.8235294 0.8156863 0.7607843 0.73333335 0.7764706 0.8 0.7490196 0.79607844 0.827451 0.8117647 0.78039217 0.8235294 0.7607843 0.74509805 0.8039216 0.8235294 0.74509805 0.77254903 0.85882354
0.78039217 0.7607843 0.7529412 0.76862746 0.7921569 0.75686276 0.7607843 0.7921569 0.80784315 0.8 0.83137256 0.84705883 0.81960785 0.7882353 0.7882353 0.7764706 0.7647059 0.75686276 0.7490196 0.7372549 0.7490196 0.7647059 0.78431374 0.8039216 0.8156863 0.78039217 0.7490196 0.76862746 0.78039217 0.7647059 0.76862746 0.8235294
3 18 2
26 25 1
7 0 2
21 17 1
8 28 0
3 8 0
17 9 0
4 30 0
7 10 2
27 14 1
12 22 1
17 25 2
13 8 2
14 15 1
15 17 0
29 24 2
9 9 1
7 25 2
22 10 1
13 27 2
21 1 1
8 25 0
15 2 2
18 21 0
25 6 1
25 21 2
5 3 0
11 23 0
29 27 2
8 12 2
