32, 32, 3, 30
1.0 1.0 1.0 1.0 1.0 1.0 1.0 1.0 1.0 1.0 1.0 0.99607843 0.9882353 0.99215686 0.99215686 0.9882353 0.95686275 0.90588236 0.9843137 0.9882353 0.99215686 0.9882353 0.9843137 0.9882353 0.9843137 0.9843137 0.99607843 1.0 1.0 1.0 1.0 1.0
1.0 1.0 1.0 1.0 1.0 1.0 1.0 1.0 1.0 1.0 0.99607843 0.99607843 1.0 1.0 0.99215686 0.9764706 0.87058824 0.8352941 0.8901961 0.8745098 0.87058824 0.9019608 0.92941177 0.94509804 0.9843137 0.99607843 0.99215686 1.0 1.0 1.0 1.0 1.0
1.0 1.0 1.0 1.0 1.0 1.0 1.0 1.0 1.0 0.99607843 0.99607843 0.98039216 0.8627451 0.69411767 0.5803922 0.42352942 0.2627451 0.23137255 0.2509804 0.22352941 0.21568628 0.24313726 0.47058824 0.75686276 0.7882353 0.92941177 0.9843137 1.0 1.0 1.0 1.0 1.0
1.0 1.0 1.0 1.0 1.0 1.0 1.0 0.99607843 0.99607843 0.9882353 0.98039216 0.87058824 0.49803922 0.15294118 0.09019608 0.043137256 0.003921569 0.015686275 0.015686275 0.019607844 0.011764706 0.0 0.34117648 0.78431374 0.7019608 0.7019608 0.84705883 0.9647059 0.99607843 1.0 1.0 1.0
1.0 1.0 1.0 1.0 1.0 1.0 1.0 0.99215686 0.99215686 0.99215686 0.88235295 0.56078434 0.16470589 0.08627451 0.019607844 0.03137255 0.043137256 0.019607844 0.019607844 0.019607844 0.019607844 0.02745098 0.4 0.8156863 0.77254903 0.6745098 0.7764706 0.8901961 1.0 1.0 1.0 1.0
1.0 1.0 1.0 1.0 1.0 1.0 1.0 0.99607843 0.9843137 0.94509804 0.67058825 0.18039216 0.07450981 0.08627451 0.039215688 0.05490196 0.02745098 0.019607844 0.02745098 0.015686275 0.015686275 0.023529412 0.41568628 0.8392157 0.8039216 0.7019608 0.7921569 0.83137256 0.98039216 1.0 1.0 1.0
1.0 1.0 1.0 1.0 1.0 1.0 1.0 0.99607843 0.9843137 0.7647059 0.3137255 0.105882354 0.08235294 0.039215688 0.050980393 0.03137255 0.019607844 0.019607844 0.05490196 0.043137256 0.050980393 0.05882353 0.4745098 0.8509804 0.8352941 0.75686276 0.7882353 0.79607844 0.92156863 1.0 1.0 1.0
1.0 1.0 1.0 1.0 1.0 0.99607843 0.972549 0.9882353 0.8784314 0.5294118 0.12156863 0.07450981 0.07058824 0.023529412 0.05490196 0.03529412 0.03137255 0.015686275 0.039215688 0.039215688 0.043137256 0.03137255 0.5137255 0.85490197 0.87058824 0.8039216 0.7607843 0.8039216 0.8352941 0.972549 0.99215686 1.0
1.0 1.0 1.0 0.99607843 0.99607843 0.98039216 0.9843137 0.972549 0.6901961 0.32941177 0.11764706 0.105882354 0.09803922 0.043137256 0.06666667 0.003921569 0.011764706 0.019607844 0.03137255 0.019607844 0.047058824 0.05490196 0.5411765 0.8509804 0.7647059 0.77254903 0.74509805 0.8039216 0.7921569 0.96862745 0.99607843 1.0
1.0 1.0 1.0 0.99215686 0.99215686 0.9764706 0.8352941 0.77254903 0.50980395 0.08627451 0.05882353 0.047058824 0.07450981 0.105882354 0.12156863 0.06666667 0.039215688 0.05882353 0.03529412 0.007843138 0.015686275 0.047058824 0.53333336 0.5254902 0.5921569 0.6039216 0.6745098 0.7529412 0.74509805 0.9254902 0.9882353 1.0
1.0 1.0 1.0 0.9882353 0.9882353 0.93333334 0.6862745 0.49411765 0.49803922 0.4627451 0.57254905 0.6117647 0.654902 0.6509804 0.63529414 0.59607846 0.5058824 0.48235294 0.43529412 0.4117647 0.3647059 0.35686275 0.5254902 0.20784314 0.38431373 0.53333336 0.6117647 0.6509804 0.61960787 0.77254903 0.972549 1.0
1.0 0.9882353 0.99215686 0.9882353 0.9764706 0.88235295 0.78039217 0.80784315 0.88235295 0.9254902 0.92156863 0.92941177 0.91764706 0.8980392 0.85490197 0.8 0.78431374 0.75686276 0.7137255 0.64705884 0.69803923 0.7647059 0.627451 0.61960787 0.7137255 0.73333335 0.6862745 0.60784316 0.61960787 0.72156864 0.91764706 1.0
1.0 0.9882353 0.972549 0.9529412 0.8666667 0.8509804 0.93333334 0.90588236 0.8862745 0.8627451 0.827451 0.8039216 0.74509805 0.7372549 0.7019608 0.7176471 0.73333335 0.7294118 0.73333335 0.74509805 0.8901961 0.8117647 0.7176471 0.8901961 0.8862745 0.85490197 0.87058824 0.84313726 0.8509804 0.8392157 0.8862745 0.9843137
1.0 0.98039216 0.92941177 0.8352941 0.8509804 0.80784315 0.7764706 0.7607843 0.75686276 0.73333335 0.70980394 0.7176471 0.69803923 0.7137255 0.73333335 0.7058824 0.6431373 0.5764706 0.6666667 0.83137256 0.8862745 0.827451 0.8392157 0.90588236 0.8666667 0.85490197 0.84705883 0.8392157 0.8627451 0.85490197 0.83137256 0.9647059
0.99607843 0.9647059 0.69803923 0.7294118 0.8156863 0.8039216 0.8 0.78039217 0.6666667 0.7294118 0.8627451 0.8352941 0.8156863 0.7176471 0.60784316 0.5254902 0.49803922 0.41960785 0.69803923 0.84705883 0.8862745 0.85882354 0.8156863 0.80784315 0.7921569 0.7882353 0.76862746 0.75686276 0.8235294 0.8235294 0.79607844 0.9372549
0.99607843 0.9490196 0.52156866 0.5529412 0.67058825 0.72156864 0.6901961 0.48235294 0.43137255 0.3529412 0.5764706 0.5686275 0.5568628 0.47843137 0.45882353 0.5137255 0.5882353 0.4509804 0.6313726 0.7058824 0.7529412 0.6784314 0.7294118 0.69803923 0.7137255 0.7294118 0.72156864 0.7176471 0.74509805 0.75686276 0.75686276 0.8980392
0.99215686 0.8862745 0.49019608 0.53333336 0.6 0.74509805 0.75686276 0.59607846 0.44313726 0.6156863 0.7647059 0.7607843 0.64705884 0.52156866 0.45882353 0.5294118 0.5058824 0.42352942 0.5803922 0.654902 0.41568628 0.18431373 0.654902 0.7137255 0.70980394 0.69803923 0.7058824 0.72156864 0.7254902 0.74509805 0.7607843 0.8901961
0.99215686 0.8745098 0.5686275 0.62352943 0.70980394 0.84705883 0.8627451 0.827451 0.7647059 0.8509804 0.85490197 0.80784315 0.7372549 0.69411767 0.69411767 0.62352943 0.54901963 0.4862745 0.627451 0.6666667 0.2784314 0.11372549 0.5137255 0.69411767 0.7019608 0.72156864 0.7137255 0.69803923 0.7176471 0.7490196 0.6509804 0.89411765
0.99215686 0.83137256 0.78431374 0.8117647 0.81960785 0.49411765 0.29803923 0.32941177 0.34117648 0.3019608 0.2901961 0.7176471 0.7921569 0.79607844 0.7372549 0.6862745 0.62352943 0.5019608 0.5294118 0.56078434 0.1764706 0.15294118 0.42352942 0.654902 0.64705884 0.63529414 0.6509804 0.6666667 0.6745098 0.65882355 0.27058825 0.79607844
0.99215686 0.83137256 0.7921569 0.8156863 0.80784315 0.36078432 0.0 0.0 0.003921569 0.015686275 0.06666667 0.68235296 0.7647059 0.74509805 0.7372549 0.69411767 0.54509807 0.40392157 0.42352942 0.44313726 0.34901962 0.21960784 0.4117647 0.6117647 0.5882353 0.59607846 0.5882353 0.5686275 0.6 0.6117647 0.15294118 0.6509804
0.99607843 0.8784314 0.654902 0.6431373 0.61960787 0.30588236 0.043137256 0.03137255 0.019607844 0.02745098 0.078431375 0.4392157 0.4862745 0.47058824 0.43529412 0.4627451 0.5176471 0.41960785 0.4862745 0.43529412 0.42352942 0.4117647 0.36078432 0.64705884 0.6156863 0.61960787 0.6117647 0.61960787 0.6627451 0.59607846 0.3019608 0.6509804
0.99607843 0.8627451 0.42745098 0.21568628 0.09019608 0.08235294 0.09019608 0.09019608 0.09019608 0.105882354 0.08235294 0.0627451 0.043137256 0.03529412 0.21960784 0.40784314 0.5137255 0.42745098 0.48235294 0.41568628 0.32156864 0.39607844 0.34509805 0.6039216 0.59607846 0.5882353 0.5803922 0.5764706 0.6117647 0.49803922 0.44705883 0.7411765
0.99215686 0.8980392 0.54901963 0.22745098 0.015686275 0.02745098 0.07058824 0.12156863 0.14901961 0.14901961 0.14117648 0.047058824 0.023529412 0.015686275 0.14509805 0.43137255 0.5019608 0.3882353 0.4627451 0.49019608 0.43137255 0.4862745 0.31764707 0.5294118 0.49411765 0.48235294 0.49019608 0.5176471 0.57254905 0.41960785 0.48235294 0.7411765
0.99215686 0.94509804 0.6901961 0.49019608 0.3764706 0.32941177 0.3019608 0.30980393 0.31764707 0.29411766 0.3372549 0.35686275 0.39215687 0.49019608 0.5372549 0.65882355 0.5764706 0.5019608 0.5254902 0.40392157 0.50980395 0.5529412 0.3529412 0.57254905 0.6039216 0.6156863 0.6313726 0.64705884 0.6627451 0.41568628 0.50980395 0.80784315
0.99607843 0.94509804 0.8117647 0.8901961 0.9098039 0.8745098 0.8666667 0.8666667 0.87058824 0.8666667 0.8745098 0.8745098 0.8784314 0.85490197 0.85490197 0.75686276 0.6117647 0.5058824 0.5058824 0.3137255 0.49411765 0.42352942 0.44705883 0.70980394 0.8235294 0.8117647 0.78431374 0.77254903 0.7294118 0.40392157 0.62352943 0.85490197
0.99607843 0.93333334 0.56078434 0.49411765 0.4745098 0.4745098 0.47843137 0.44313726 0.4 0.4 0.41568628 0.4117647 0.41960785 0.40392157 0.3529412 0.33333334 0.2901961 0.23529412 0.24705882 0.26666668 0.6627451 0.58431375 0.35686275 0.45882353 0.4 0.38431373 0.3372549 0.35686275 0.3764706 0.2627451 0.6039216 0.8392157
1.0 0.9607843 0.24313726 0.07058824 0.07058824 0.03529412 0.003921569 0.007843138 0.11372549 0.2 0.16862746 0.15294118 0.13725491 0.14117648 0.12941177 0.019607844 0.007843138 0.0 0.03529412 0.24313726 0.42745098 0.57254905 0.33333334 0.69411767 0.6745098 0.6666667 0.6901961 0.67058825 0.101960786 0.09019608 0.4745098 0.81960785
0.99607843 0.96862745 0.4 0.078431375 0.08627451 0.078431375 0.05882353 0.42352942 0.83137256 0.9254902 0.9019608 0.8862745 0.87058824 0.87058824 0.7490196 0.101960786 0.03529412 0.023529412 0.019607844 0.14509805 0.3529412 0.44705883 0.44705883 0.9882353 1.0 1.0 1.0 0.95686275 0.20392157 0.07058824 0.4509804 0.8666667
0.99607843 0.99607843 0.6784314 0.105882354 0.08627451 0.078431375 0.12941177 0.83137256 1.0 1.0 1.0 1.0 1.0 1.0 0.96862745 0.2509804 0.03529412 0.12941177 0.043137256 0.05882353 0.49411765 0.3764706 0.6313726 0.9607843 0.9647059 0.9882353 0.9882353 0.972549 0.3647059 0.0 0.20784314 0.91764706
0.9764706 0.9098039 0.78039217 0.21960784 0.05490196 0.03529412 0.1764706 0.62352943 0.627451 0.58431375 0.5647059 0.54509807 0.50980395 0.4627451 0.43529412 0.18039216 0.0 0.105882354 0.019607844 0.0 0.078431375 0.07058824 0.24705882 0.33333334 0.38431373 0.4627451 0.52156866 0.5803922 0.47843137 0.3254902 0.5137255 0.84313726
0.95686275 0.8862745 0.7647059 0.67058825 0.5882353 0.5568628 0.54509807 0.49411765 0.46666667 0.43137255 0.4117647 0.38039216 0.34901962 0.32156864 0.30980393 0.32156864 0.3254902 0.32941177 0.34117648 0.3529412 0.37254903 0.44313726 0.5137255 0.6 0.6627451 0.70980394 0.78431374 0.8156863 0.8745098 0.9529412 0.9647059 0.9529412
0.99215686 0.99215686 0.98039216 0.99215686 1.0 1.0 0.99215686 0.98039216 0.9764706 0.972549 0.96862745 0.96862745 0.9647059 0.9529412 0.9529412 0.94509804 0.94509804 0.94509804 0.9529412 0.9647059 0.972549 0.98039216 1.0 1.0 1.0 1.0 1.0 0.99607843 0.9843137 0.99215686 0.99215686 0.99607843
1.0 1.0 1.0 1.0 1.0 1.0 1.0 1.0 1.0 1.0 1.0 0.99607843 0.9882353 0.9882353 0.99215686 0.99215686 0.9764706 0.93333334 0.99607843 1.0 1.0 1.0 1.0 1.0 0.99607843 0.99607843 0.99607843 1.0 1.0 1.0 1.0 1.0
1.0 1.0 1.0 1.0 1.0 1.0 1.0 1.0 1.0 1.0 0.99607843 0.99607843 1.0 1.0 0.99215686 0.972549 0.8392157 0.7882353 0.8235294 0.8039216 0.7921569 0.81960785 0.8509804 0.8901961 0.9647059 0.99607843 0.99215686 1.0 1.0 1.0 1.0 1.0
1.0 1.0 1.0 1.0 1.0 1.0 1.0 1.0 1.0 0.99607843 0.99215686 0.98039216 0.8784314 0.70980394 0.58431375 0.41960785 0.23921569 0.20392157 0.18431373 0.14901961 0.1254902 0.14509805 0.2509804 0.5803922 0.69411767 0.8784314 0.99215686 1.0 1.0 1.0 1.0 1.0
1.0 1.0 1.0 1.0 1.0 1.0 1.0 0.99607843 0.99607843 0.99215686 0.9607843 0.87058824 0.5686275 0.2627451 0.14117648 0.05882353 0.007843138 0.019607844 0.03529412 0.02745098 0.03137255 0.023529412 0.15686275 0.73333335 0.69411767 0.6784314 0.827451 0.9647059 0.99215686 1.0 1.0 1.0
1.0 1.0 1.0 1.0 1.0 1.0 1.0 0.99215686 0.99215686 0.9882353 0.8784314 0.6313726 0.3019608 0.2 0.09411765 0.06666667 0.043137256 0.019607844 0.011764706 0.015686275 0.007843138 0.007843138 0.21176471 0.8117647 0.80784315 0.69803923 0.7529412 0.84313726 0.99215686 1.0 1.0 1.0
1.0 1.0 1.0 1.0 1.0 1.0 1.0 0.99607843 0.9843137 0.9372549 0.72156864 0.3254902 0.23921569 0.15686275 0.12941177 0.14509805 0.03137255 0.019607844 0.05882353 0.08235294 0.12156863 0.09019608 0.2627451 0.83137256 0.83137256 0.73333335 0.79607844 0.75686276 0.96862745 1.0 1.0 1.0
1.0 1.0 1.0 1.0 1.0 1.0 1.0 0.99607843 0.9843137 0.76862746 0.41568628 0.24705882 0.21960784 0.09019608 0.15686275 0.14509805 0.023529412 0.023529412 0.14901961 0.20784314 0.21176471 0.11764706 0.32941177 0.84705883 0.8392157 0.7490196 0.81960785 0.7529412 0.8980392 1.0 1.0 1.0
1.0 1.0 1.0 1.0 1.0 0.99215686 0.9882353 0.9764706 0.8862745 0.5921569 0.28627452 0.25882354 0.21960784 0.08235294 0.15686275 0.07058824 0.015686275 0.019607844 0.12941177 0.18039216 0.16862746 0.019607844 0.38039216 0.8509804 0.89411765 0.827451 0.7764706 0.7882353 0.77254903 0.9882353 0.9843137 1.0
1.0 1.0 1.0 0.99607843 0.99607843 0.9882353 1.0 0.98039216 0.7176471 0.44705883 0.2627451 0.21176471 0.16470589 0.07058824 0.13333334 0.03137255 0.015686275 0.023529412 0.03137255 0.039215688 0.13333334 0.039215688 0.3764706 0.8156863 0.5529412 0.627451 0.7607843 0.8039216 0.7019608 0.9254902 0.99215686 1.0
1.0 1.0 1.0 0.99215686 0.99215686 0.9372549 0.6431373 0.7411765 0.59607846 0.23921569 0.15294118 0.06666667 0.05490196 0.09019608 0.101960786 0.050980393 0.03137255 0.019607844 0.015686275 0.015686275 0.05490196 0.047058824 0.3647059 0.3647059 0.12156863 0.36078432 0.7019608 0.76862746 0.65882355 0.8039216 0.9882353 1.0
1.0 1.0 1.0 0.9882353 0.99215686 0.8784314 0.28627452 0.3137255 0.4117647 0.3647059 0.3882353 0.41568628 0.4117647 0.38431373 0.29411766 0.21176471 0.16470589 0.09803922 0.08627451 0.09019608 0.078431375 0.105882354 0.24705882 0.14901961 0.23137255 0.48235294 0.6392157 0.69803923 0.5764706 0.6627451 0.9764706 1.0
1.0 0.99607843 0.9882353 0.9882353 0.9607843 0.8039216 0.52156866 0.6666667 0.8039216 0.9019608 0.90588236 0.85882354 0.77254903 0.6392157 0.5019608 0.36862746 0.27450982 0.20392157 0.15686275 0.15294118 0.25882354 0.45490196 0.21960784 0.6039216 0.6666667 0.67058825 0.5921569 0.5411765 0.4862745 0.49803922 0.85882354 0.99215686
1.0 0.9882353 0.99215686 0.91764706 0.7490196 0.7647059 0.84313726 0.78431374 0.6509804 0.50980395 0.39215687 0.30980393 0.2627451 0.1882353 0.17254902 0.16078432 0.1882353 0.21176471 0.16470589 0.32156864 0.6666667 0.56078434 0.4117647 0.78431374 0.6784314 0.627451 0.62352943 0.6156863 0.56078434 0.45490196 0.6627451 0.9882353
1.0 0.99215686 0.8235294 0.59607846 0.53333336 0.45490196 0.36862746 0.3019608 0.24313726 0.20392157 0.18039216 0.15686275 0.15294118 0.16470589 0.13725491 0.13725491 0.14901961 0.17254902 0.21960784 0.49019608 0.67058825 0.5372549 0.69803923 0.74509805 0.6117647 0.5411765 0.53333336 0.5568628 0.5058824 0.45490196 0.49803922 0.96862745
1.0 0.98039216 0.56078434 0.34117648 0.32156864 0.38431373 0.44705883 0.44705883 0.40392157 0.49411765 0.57254905 0.5294118 0.4627451 0.3647059 0.34901962 0.3529412 0.41568628 0.4117647 0.49019608 0.46666667 0.63529414 0.67058825 0.4862745 0.41568628 0.34509805 0.3019608 0.3137255 0.37254903 0.34117648 0.3647059 0.3647059 0.8745098
0.99607843 0.9529412 0.5294118 0.5137255 0.45882353 0.42352942 0.4627451 0.3764706 0.4627451 0.2784314 0.39215687 0.3529412 0.39607844 0.4509804 0.4745098 0.56078434 0.6313726 0.50980395 0.38431373 0.18039216 0.2901961 0.30980393 0.12156863 0.13333334 0.11372549 0.10980392 0.12941177 0.1764706 0.14901961 0.1764706 0.19215687 0.79607844
0.99607843 0.91764706 0.5019608 0.54901963 0.47058824 0.43529412 0.4627451 0.41960785 0.42745098 0.4862745 0.49803922 0.5019608 0.45882353 0.46666667 0.43529412 0.4509804 0.40784314 0.3372549 0.18039216 0.13333334 0.09411765 0.023529412 0.16470589 0.13725491 0.12156863 0.13725491 0.13333334 0.13725491 0.14117648 0.14901961 0.18039216 0.76862746
0.99607843 0.80784315 0.3529412 0.39607844 0.50980395 0.6784314 0.7490196 0.7254902 0.6901961 0.7607843 0.7137255 0.69411767 0.54509807 0.3882353 0.2901961 0.16470589 0.13333334 0.12156863 0.15686275 0.22352941 0.18431373 0.15294118 0.19215687 0.21176471 0.14117648 0.1254902 0.13333334 0.15294118 0.16078432 0.13333334 0.14117648 0.7176471
0.99607843 0.6156863 0.34509805 0.4 0.47843137 0.3372549 0.2509804 0.27058825 0.25490198 0.22745098 0.22352941 0.42745098 0.38039216 0.29803923 0.23529412 0.18039216 0.12156863 0.07058824 0.09803922 0.16470589 0.12156863 0.17254902 0.15294118 0.24313726 0.24705882 0.24313726 0.23137255 0.20392157 0.23529412 0.27450982 0.13333334 0.62352943
0.99607843 0.6117647 0.31764707 0.34117648 0.3764706 0.21568628 0.011764706 0.007843138 0.003921569 0.007843138 0.047058824 0.2627451 0.19607843 0.17254902 0.14509805 0.13333334 0.11372549 0.05882353 0.0627451 0.08627451 0.3254902 0.23137255 0.12156863 0.11764706 0.1254902 0.12156863 0.1254902 0.1254902 0.13333334 0.16470589 0.10980392 0.53333336
0.99607843 0.69803923 0.28627452 0.2784314 0.3019608 0.18431373 0.019607844 0.023529412 0.02745098 0.02745098 0.0627451 0.21176471 0.20392157 0.18431373 0.18431373 0.18431373 0.11372549 0.07058824 0.101960786 0.14509805 0.4392157 0.42745098 0.13725491 0.14117648 0.13725491 0.1254902 0.1254902 0.13333334 0.14509805 0.18431373 0.3137255 0.6039216
1.0 0.7372549 0.30980393 0.19607843 0.09019608 0.09411765 0.09803922 0.10980392 0.12156863 0.1254902 0.11764706 0.08627451 0.07058824 0.02745098 0.20392157 0.3647059 0.12156863 0.047058824 0.07450981 0.1882353 0.33333334 0.4117647 0.21568628 0.13725491 0.12156863 0.11764706 0.12156863 0.12156863 0.12941177 0.1882353 0.45882353 0.70980394
0.99607843 0.827451 0.46666667 0.26666668 0.05882353 0.08235294 0.13333334 0.15686275 0.16078432 0.16078432 0.13725491 0.08235294 0.039215688 0.007843138 0.20784314 0.42745098 0.16470589 0.043137256 0.043137256 0.32941177 0.44705883 0.5019608 0.24705882 0.11764706 0.09019608 0.08627451 0.09019608 0.101960786 0.1254902 0.21960784 0.5058824 0.7294118
0.99607843 0.8784314 0.44313726 0.34509805 0.25490198 0.19607843 0.16470589 0.16078432 0.16078432 0.15294118 0.16470589 0.19215687 0.21960784 0.29411766 0.31764707 0.3254902 0.11764706 0.07450981 0.07450981 0.28627452 0.5294118 0.5686275 0.3137255 0.16078432 0.21176471 0.20784314 0.21960784 0.23921569 0.21176471 0.25882354 0.5568628 0.80784315
1.0 0.8784314 0.35686275 0.42745098 0.49019608 0.50980395 0.5254902 0.5176471 0.50980395 0.5019608 0.49803922 0.49019608 0.47058824 0.42745098 0.3019608 0.15294118 0.11372549 0.09411765 0.105882354 0.22745098 0.5176471 0.4392157 0.39607844 0.21176471 0.35686275 0.3372549 0.25490198 0.18039216 0.13333334 0.19215687 0.6509804 0.85490197
1.0 0.91764706 0.29803923 0.21568628 0.21176471 0.2 0.19607843 0.18039216 0.16470589 0.13725491 0.12156863 0.11764706 0.11764706 0.10980392 0.09803922 0.08627451 0.05490196 0.05490196 0.0627451 0.22745098 0.6745098 0.59607846 0.26666668 0.101960786 0.08627451 0.08235294 0.09019608 0.12156863 0.10980392 0.16078432 0.60784316 0.8392157
1.0 0.9607843 0.2627451 0.06666667 0.023529412 0.023529412 0.011764706 0.007843138 0.09803922 0.19215687 0.19607843 0.18039216 0.15686275 0.15686275 0.11764706 0.023529412 0.015686275 0.023529412 0.015686275 0.25882354 0.4392157 0.58431375 0.32156864 0.62352943 0.6627451 0.7019608 0.7372549 0.69411767 0.105882354 0.11764706 0.5372549 0.8235294
0.99607843 0.9764706 0.40392157 0.09019608 0.078431375 0.05882353 0.039215688 0.4117647 0.827451 0.9254902 0.9137255 0.8980392 0.8901961 0.8862745 0.74509805 0.08627451 0.019607844 0.011764706 0.019607844 0.15686275 0.37254903 0.4627451 0.46666667 1.0 1.0 1.0 1.0 0.9529412 0.18431373 0.047058824 0.4627451 0.8666667
0.99607843 0.99607843 0.6745098 0.11372549 0.09803922 0.08627451 0.12941177 0.83137256 1.0 1.0 1.0 1.0 1.0 1.0 0.972549 0.25490198 0.03529412 0.1254902 0.043137256 0.05882353 0.5137255 0.4 0.6392157 0.9607843 0.9647059 0.9882353 0.9843137 0.972549 0.3647059 0.0 0.20392157 0.91764706
0.9764706 0.9098039 0.78039217 0.21960784 0.05490196 0.03529412 0.17254902 0.61960787 0.627451 0.58431375 0.5647059 0.54509807 0.50980395 0.4627451 0.43529412 0.18039216 0.0 0.105882354 0.019607844 0.0 0.08627451 0.08627451 0.2509804 0.33333334 0.38431373 0.4627451 0.52156866 0.5803922 0.47843137 0.3254902 0.5137255 0.84313726
0.95686275 0.8862745 0.7647059 0.67058825 0.5882353 0.5529412 0.5411765 0.49411765 0.46666667 0.43137255 0.4117647 0.38039216 0.34901962 0.32156864 0.30980393 0.32156864 0.3254902 0.32941177 0.3372549 0.3529412 0.37254903 0.44313726 0.5137255 0.6 0.6627451 0.70980394 0.78431374 0.8156863 0.8745098 0.9529412 0.9647059 0.9529412
0.99215686 0.99215686 0.98039216 0.99215686 1.0 1.0 0.99215686 0.98039216 0.9764706 0.972549 0.96862745 0.96862745 0.9647059 0.9529412 0.9529412 0.94509804 0.94509804 0.94509804 0.9529412 0.9647059 0.972549 0.98039216 1.0 1.0 1.0 1.0 1.0 0.99607843 0.9843137 0.99215686 0.99215686 0.99607843
1.0 1.0 1.0 1.0 1.0 1.0 1.0 1.0 1.0 1.0 1.0 0.99607843 0.9843137 0.9843137 0.99215686 0.9882353 0.972549 0.92156863 1.0 1.0 1.0 1.0 1.0 1.0 0.99607843 0.99215686 0.99607843 1.0 1.0 1.0 1.0 1.0
1.0 1.0 1.0 1.0 1.0 1.0 1.0 1.0 1.0 1.0 0.99607843 0.99607843 1.0 1.0 0.99215686 0.972549 0.8352941 0.78431374 0.8039216 0.7764706 0.7607843 0.7882353 0.827451 0.89411765 0.9764706 0.99607843 0.99215686 1.0 1.0 1.0 1.0 1.0
1.0 1.0 1.0 1.0 1.0 1.0 1.0 1.0 1.0 0.99607843 0.99215686 0.9843137 0.8901961 0.72156864 0.58431375 0.41960785 0.22745098 0.1882353 0.1764706 0.14509805 0.11764706 0.13725491 0.23529412 0.57254905 0.7137255 0.8980392 0.9882353 1.0 1.0 1.0 1.0 1.0
1.0 1.0 1.0 1.0 1.0 1.0 1.0 0.99607843 0.99607843 0.99215686 0.95686275 0.8862745 0.60784316 0.30980393 0.15686275 0.08627451 0.007843138 0.015686275 0.039215688 0.039215688 0.023529412 0.007843138 0.15294118 0.7490196 0.7294118 0.7176471 0.84705883 0.9490196 0.9843137 1.0 1.0 1.0
1.0 1.0 1.0 1.0 1.0 1.0 1.0 0.99215686 0.99215686 0.9843137 0.88235295 0.6901961 0.3764706 0.23921569 0.10980392 0.09019608 0.047058824 0.019607844 0.007843138 0.007843138 0.011764706 0.015686275 0.20392157 0.8352941 0.84705883 0.73333335 0.78431374 0.8509804 0.9882353 1.0 1.0 1.0
1.0 1.0 1.0 1.0 1.0 1.0 1.0 0.99607843 0.9843137 0.9411765 0.7607843 0.4 0.31764707 0.1764706 0.14117648 0.14901961 0.02745098 0.019607844 0.05882353 0.07450981 0.11764706 0.078431375 0.23529412 0.8509804 0.87058824 0.7607843 0.83137256 0.7921569 0.9607843 1.0 1.0 1.0
1.0 1.0 1.0 1.0 1.0 1.0 1.0 0.99607843 0.9843137 0.7882353 0.49411765 0.29803923 0.24705882 0.09411765 0.1764706 0.14901961 0.019607844 0.023529412 0.1764706 0.22352941 0.22745098 0.11764706 0.29411766 0.8666667 0.8862745 0.7921569 0.85490197 0.7921569 0.89411765 1.0 1.0 1.0
1.0 1.0 1.0 1.0 1.0 0.972549 0.9843137 0.9607843 0.8862745 0.627451 0.33333334 0.28235295 0.23529412 0.05882353 0.17254902 0.09019608 0.03137255 0.015686275 0.15294118 0.2 0.17254902 0.043137256 0.35686275 0.89411765 0.9372549 0.8862745 0.827451 0.827451 0.7764706 0.96862745 0.9882353 1.0
1.0 1.0 1.0 0.99607843 0.99607843 1.0 1.0 0.99607843 0.75686276 0.5137255 0.34117648 0.28235295 0.21176471 0.08235294 0.13333334 0.023529412 0.019607844 0.043137256 0.050980393 0.050980393 0.16078432 0.07058824 0.3647059 0.8627451 0.5568628 0.61960787 0.8117647 0.84313726 0.7254902 0.9254902 0.99215686 1.0
1.0 1.0 1.0 0.99215686 0.99215686 0.9254902 0.56078434 0.7372549 0.63529414 0.2627451 0.13725491 0.050980393 0.003921569 0.043137256 0.09411765 0.03137255 0.0 0.007843138 0.03137255 0.02745098 0.06666667 0.03137255 0.35686275 0.33333334 0.015686275 0.32156864 0.74509805 0.8117647 0.7019608 0.827451 0.9882353 1.0
1.0 1.0 1.0 0.99215686 0.99607843 0.84705883 0.1254902 0.2784314 0.43529412 0.4117647 0.41960785 0.4392157 0.4392157 0.38431373 0.26666668 0.1882353 0.14117648 0.03137255 0.015686275 0.023529412 0.011764706 0.0627451 0.20392157 0.13333334 0.21960784 0.5137255 0.6862745 0.7411765 0.6313726 0.68235296 0.9764706 1.0
1.0 0.99607843 0.972549 0.98039216 0.9529412 0.7882353 0.4862745 0.68235296 0.8156863 0.92156863 0.94509804 0.8901961 0.8039216 0.67058825 0.50980395 0.4 0.25490198 0.14117648 0.05490196 0.043137256 0.2 0.43529412 0.16862746 0.63529414 0.7372549 0.7137255 0.6392157 0.5882353 0.54509807 0.53333336 0.8784314 0.99607843
1.0 0.9764706 1.0 0.9254902 0.7490196 0.78039217 0.8862745 0.827451 0.6862745 0.49803922 0.31764707 0.23137255 0.16470589 0.101960786 0.07058824 0.08627451 0.15294118 0.1882353 0.078431375 0.25490198 0.7176471 0.54509807 0.3372549 0.8117647 0.7137255 0.654902 0.65882355 0.6431373 0.60784316 0.49019608 0.6627451 0.9843137
1.0 0.9843137 0.7764706 0.54509807 0.5058824 0.3764706 0.2509804 0.18039216 0.101960786 0.05490196 0.03137255 0.007843138 0.007843138 0.011764706 0.019607844 0.023529412 0.02745098 0.07058824 0.18431373 0.5294118 0.7411765 0.5647059 0.6784314 0.80784315 0.6627451 0.60784316 0.59607846 0.60784316 0.5803922 0.52156866 0.50980395 0.94509804
0.99607843 0.9764706 0.52156866 0.23137255 0.22352941 0.29803923 0.36862746 0.41568628 0.40392157 0.49803922 0.5882353 0.5254902 0.4627451 0.3372549 0.3137255 0.31764707 0.41960785 0.41568628 0.5019608 0.49411765 0.6392157 0.6627451 0.4745098 0.38431373 0.3137255 0.2784314 0.2901961 0.34509805 0.34509805 0.3882353 0.37254903 0.85490197
0.99607843 0.9411765 0.5764706 0.57254905 0.47843137 0.4 0.45490196 0.3529412 0.4627451 0.28235295 0.37254903 0.34509805 0.38431373 0.46666667 0.5019608 0.6 0.6666667 0.53333336 0.33333334 0.08627451 0.2509804 0.28235295 0.03529412 0.007843138 0.015686275 0.011764706 0.023529412 0.05882353 0.03529412 0.08235294 0.12941177 0.7764706
0.99607843 0.8980392 0.49411765 0.57254905 0.45882353 0.3764706 0.41568628 0.3882353 0.45882353 0.47058824 0.45882353 0.48235294 0.44313726 0.5058824 0.42745098 0.4392157 0.4 0.32156864 0.09019608 0.015686275 0.03529412 0.011764706 0.07450981 0.043137256 0.019607844 0.011764706 0.019607844 0.023529412 0.015686275 0.03137255 0.07450981 0.7254902
0.99607843 0.77254903 0.30980393 0.3529412 0.5019608 0.6745098 0.7372549 0.7058824 0.68235296 0.7294118 0.7058824 0.69411767 0.5568628 0.41568628 0.2901961 0.11764706 0.078431375 0.039215688 0.06666667 0.14509805 0.16470589 0.15686275 0.14509805 0.12156863 0.05882353 0.0627451 0.05882353 0.043137256 0.047058824 0.0627451 0.07058824 0.6784314
0.99607843 0.5411765 0.30588236 0.36862746 0.47058824 0.3254902 0.22352941 0.23921569 0.22745098 0.19215687 0.19607843 0.41960785 0.37254903 0.25882354 0.15294118 0.07058824 0.03529412 0.015686275 0.039215688 0.105882354 0.10980392 0.15686275 0.11372549 0.1764706 0.18039216 0.18039216 0.16862746 0.12941177 0.14509805 0.1882353 0.08627451 0.60784316
0.99607843 0.49803922 0.2 0.29803923 0.32941177 0.2 0.015686275 0.019607844 0.015686275 0.03137255 0.0627451 0.24313726 0.13333334 0.06666667 0.039215688 0.019607844 0.007843138 0.015686275 0.019607844 0.050980393 0.3529412 0.25882354 0.101960786 0.050980393 0.047058824 0.03137255 0.043137256 0.043137256 0.047058824 0.11764706 0.1254902 0.5254902
0.99607843 0.60784316 0.13333334 0.23137255 0.24705882 0.16470589 0.023529412 0.023529412 0.023529412 0.02745098 0.06666667 0.15294118 0.14901961 0.105882354 0.10980392 0.12156863 0.02745098 0.011764706 0.043137256 0.1254902 0.45882353 0.46666667 0.105882354 0.019607844 0.011764706 0.015686275 0.011764706 0.007843138 0.011764706 0.101960786 0.33333334 0.5764706
1.0 0.6784314 0.26666668 0.20784314 0.07450981 0.08235294 0.09411765 0.101960786 0.10980392 0.10980392 0.11764706 0.06666667 0.06666667 0.03137255 0.24313726 0.42745098 0.08627451 0.015686275 0.02745098 0.16470589 0.36078432 0.44705883 0.1882353 0.02745098 0.02745098 0.015686275 0.023529412 0.023529412 0.015686275 0.09803922 0.50980395 0.69803923
0.99607843 0.78431374 0.41960785 0.27450982 0.05490196 0.07058824 0.11764706 0.15294118 0.16862746 0.15686275 0.13333334 0.0627451 0.011764706 0.003921569 0.19607843 0.4117647 0.12941177 0.003921569 0.003921569 0.30980393 0.4862745 0.5411765 0.23529412 0.02745098 0.03137255 0.015686275 0.023529412 0.03529412 0.043137256 0.15294118 0.54509807 0.73333335
0.99607843 0.8235294 0.3647059 0.33333334 0.24313726 0.1882353 0.15686275 0.15294118 0.14901961 0.13725491 0.13725491 0.1764706 0.24705882 0.3529412 0.37254903 0.31764707 0.05882353 0.015686275 0.019607844 0.2627451 0.57254905 0.6 0.3137255 0.07450981 0.17254902 0.16862746 0.18431373 0.1764706 0.13725491 0.20784314 0.5686275 0.8117647
1.0 0.83137256 0.22745098 0.40392157 0.49019608 0.49411765 0.49411765 0.48235294 0.47058824 0.4627451 0.46666667 0.4627451 0.45490196 0.41568628 0.27450982 0.078431375 0.02745098 0.03137255 0.047058824 0.21176471 0.5568628 0.45490196 0.38431373 0.10980392 0.3019608 0.30588236 0.23529412 0.13333334 0.039215688 0.16862746 0.6745098 0.8509804
1.0 0.8980392 0.16078432 0.047058824 0.05490196 0.09019608 0.105882354 0.105882354 0.101960786 0.05882353 0.02745098 0.023529412 0.007843138 0.0 0.0 0.007843138 0.039215688 0.050980393 0.0627451 0.23921569 0.7019608 0.61960787 0.27058825 0.039215688 0.043137256 0.050980393 0.05490196 0.07450981 0.043137256 0.16862746 0.6666667 0.8392157
1.0 0.94509804 0.25490198 0.05882353 0.043137256 0.03529412 0.015686275 0.02745098 0.1254902 0.2 0.1764706 0.17254902 0.16470589 0.16862746 0.16078432 0.0627451 0.015686275 0.011764706 0.023529412 0.28235295 0.45882353 0.6156863 0.34901962 0.6431373 0.6784314 0.7176471 0.74509805 0.7058824 0.11372549 0.12156863 0.5647059 0.8235294
0.99607843 0.96862745 0.3882353 0.039215688 0.050980393 0.050980393 0.03529412 0.4117647 0.83137256 0.92941177 0.9137255 0.89411765 0.8627451 0.8666667 0.73333335 0.078431375 0.023529412 0.003921569 0.015686275 0.18039216 0.3882353 0.49019608 0.4627451 1.0 1.0 1.0 1.0 0.9490196 0.19607843 0.0627451 0.47843137 0.8666667
0.99607843 0.99607843 0.6745098 0.078431375 0.050980393 0.043137256 0.105882354 0.827451 1.0 1.0 1.0 1.0 1.0 1.0 0.9647059 0.2509804 0.03529412 0.1254902 0.043137256 0.05882353 0.5294118 0.42352942 0.64705884 0.95686275 0.9647059 0.99215686 0.9882353 0.96862745 0.3647059 0.0 0.20392157 0.91764706
0.9764706 0.9098039 0.78039217 0.21960784 0.05490196 0.03137255 0.1882353 0.63529414 0.627451 0.58431375 0.5647059 0.54509807 0.50980395 0.4627451 0.43529412 0.18039216 0.0 0.105882354 0.019607844 0.0 0.09803922 0.09803922 0.25882354 0.33333334 0.38431373 0.4627451 0.52156866 0.5803922 0.47843137 0.3254902 0.5137255 0.84313726
0.95686275 0.8862745 0.7647059 0.6784314 0.59607846 0.56078434 0.5647059 0.5137255 0.46666667 0.43137255 0.4117647 0.38039216 0.34901962 0.32156864 0.30980393 0.32156864 0.3254902 0.32941177 0.3372549 0.3529412 0.3764706 0.44705883 0.5137255 0.6 0.6627451 0.70980394 0.78431374 0.8156863 0.8745098 0.9529412 0.9647059 0.9529412
0.99215686 0.99215686 0.98039216 0.9882353 0.99607843 0.99215686 0.99215686 0.9882353 0.9764706 0.972549 0.96862745 0.96862745 0.9647059 0.9529412 0.9529412 0.94509804 0.94509804 0.94509804 0.9529412 0.9647059 0.96862745 0.9764706 1.0 1.0 1.0 1.0 1.0 0.99607843 0.9843137 0.99215686 0.99215686 0.99607843
3 10 2
21 15 0
24 26 1
6 23 2
17 1 0
4 23 1
31 5 2
18 23 1
13 10 2
10 10 1
6 16 0
11 14 0
8 4 1
1 25 0
2 3 0
15 14 1
15 28 0
31 26 0
18 10 2
23 10 1
1 22 2
16 24 0
11 23 0
9 9 1
16 11 2
3 28 2
6 7 2
15 24 0
12 26 1
19 14 1
