32, 32, 3, 30
0.14117648 0.31764707 0.5686275 0.35686275 0.2901961 0.28627452 0.38039216 0.5803922 0.2784314 0.13333334 0.14509805 0.14117648 0.14117648 0.15686275 0.16078432 0.15294118 0.1254902 0.13333334 0.14117648 0.13333334 0.13333334 0.14117648 0.14901961 0.13333334 0.1254902 0.14509805 0.14901961 0.14901961 0.16078432 0.14117648 0.13725491 0.13725491
0.31764707 0.6431373 0.3137255 0.1254902 0.14901961 0.14901961 0.14117648 0.39215687 0.5882353 0.19215687 0.14509805 0.15686275 0.16078432 0.22352941 0.23137255 0.13725491 0.13725491 0.13725491 0.14509805 0.13333334 0.13725491 0.14117648 0.14901961 0.14901961 0.14509805 0.15294118 0.15686275 0.14509805 0.15294118 0.14117648 0.13725491 0.14509805
0.67058825 0.41568628 0.11372549 0.14509805 0.16078432 0.15686275 0.12941177 0.15686275 0.38431373 0.21960784 0.13725491 0.19607843 0.2901961 0.24705882 0.2509804 0.12941177 0.16470589 0.15294118 0.15686275 0.14509805 0.15294118 0.15686275 0.15294118 0.15686275 0.15294118 0.15686275 0.16078432 0.14509805 0.14117648 0.15294118 0.15686275 0.16470589
0.69803923 0.16470589 0.2784314 0.24313726 0.22352941 0.2509804 0.21960784 0.21960784 0.24313726 0.21568628 0.24313726 0.31764707 0.4509804 0.24705882 0.20784314 0.20784314 0.29803923 0.22745098 0.28235295 0.1882353 0.2509804 0.2627451 0.22745098 0.21568628 0.16078432 0.14901961 0.14901961 0.14509805 0.15294118 0.16078432 0.16078432 0.16078432
0.5294118 0.21176471 0.42745098 0.38431373 0.32941177 0.39607844 0.4 0.32941177 0.4117647 0.34509805 0.49411765 0.4392157 0.5176471 0.39607844 0.35686275 0.3254902 0.42745098 0.33333334 0.46666667 0.33333334 0.49019608 0.41960785 0.35686275 0.2901961 0.16078432 0.15294118 0.14901961 0.14509805 0.14901961 0.15686275 0.15686275 0.14901961
0.41568628 0.3529412 0.24705882 0.37254903 0.34509805 0.36862746 0.47843137 0.31764707 0.39607844 0.34117648 0.43529412 0.28627452 0.41568628 0.3137255 0.44705883 0.3529412 0.19607843 0.25882354 0.43529412 0.4 0.45490196 0.2901961 0.4745098 0.30980393 0.14901961 0.15294118 0.16078432 0.14901961 0.14509805 0.15294118 0.14901961 0.14509805
0.39215687 0.42745098 0.21176471 0.3647059 0.36862746 0.34901962 0.49411765 0.31764707 0.37254903 0.3254902 0.34509805 0.22352941 0.39215687 0.30588236 0.49411765 0.40392157 0.14901961 0.32941177 0.48235294 0.4 0.39607844 0.19215687 0.4745098 0.4509804 0.15686275 0.14901961 0.16078432 0.15294118 0.14509805 0.14117648 0.13333334 0.15294118
0.46666667 0.41568628 0.35686275 0.3647059 0.40784314 0.32941177 0.41568628 0.42745098 0.45882353 0.3529412 0.3647059 0.22352941 0.4392157 0.34509805 0.45490196 0.47843137 0.2509804 0.4627451 0.45882353 0.4 0.41960785 0.20392157 0.29803923 0.42352942 0.18431373 0.14901961 0.14901961 0.15686275 0.15686275 0.14117648 0.12941177 0.15294118
0.6156863 0.27058825 0.4392157 0.30588236 0.3882353 0.2901961 0.24705882 0.47843137 0.40392157 0.29803923 0.30980393 0.18431373 0.3882353 0.3137255 0.3019608 0.4117647 0.36078432 0.39607844 0.40392157 0.3372549 0.39607844 0.28627452 0.40784314 0.3764706 0.23137255 0.19215687 0.16470589 0.15294118 0.14901961 0.15294118 0.14509805 0.15686275
0.7254902 0.28627452 0.23137255 0.18431373 0.23529412 0.2 0.14509805 0.23921569 0.3019608 0.22745098 0.18039216 0.15294118 0.21568628 0.19215687 0.16862746 0.21960784 0.24313726 0.21176471 0.30980393 0.44705883 0.49803922 0.4862745 0.5411765 0.52156866 0.52156866 0.5019608 0.4627451 0.32941177 0.1882353 0.15686275 0.15294118 0.15294118
0.5294118 0.5686275 0.18431373 0.13333334 0.14509805 0.14509805 0.12941177 0.21960784 0.50980395 0.22352941 0.14901961 0.15294118 0.14117648 0.15294118 0.14509805 0.15294118 0.15294118 0.22352941 0.48235294 0.5764706 0.5372549 0.49803922 0.49019608 0.5176471 0.5529412 0.5882353 0.67058825 0.73333335 0.4509804 0.18431373 0.14117648 0.14901961
0.22352941 0.47058824 0.5058824 0.2509804 0.17254902 0.1764706 0.2901961 0.5294118 0.40392157 0.15294118 0.14901961 0.14509805 0.12941177 0.15294118 0.15686275 0.15686275 0.1882353 0.39607844 0.5372549 0.49411765 0.43137255 0.3882353 0.38039216 0.40784314 0.40784314 0.42352942 0.6 0.9411765 0.78431374 0.30588236 0.11764706 0.14509805
0.14901961 0.1882353 0.34901962 0.44705883 0.45490196 0.45882353 0.43529412 0.32156864 0.14901961 0.13333334 0.14901961 0.14901961 0.14509805 0.14509805 0.14509805 0.15686275 0.28235295 0.47058824 0.4509804 0.3882353 0.34117648 0.3019608 0.3254902 0.3647059 0.34509805 0.3137255 0.5176471 0.95686275 0.95686275 0.5764706 0.15686275 0.14117648
0.14901961 0.14117648 0.15686275 0.20392157 0.20784314 0.20784314 0.19215687 0.14117648 0.13725491 0.14509805 0.15294118 0.14901961 0.15294118 0.13725491 0.16078432 0.27058825 0.3882353 0.44705883 0.39607844 0.31764707 0.28235295 0.23529412 0.2627451 0.29411766 0.29803923 0.24313726 0.5411765 0.95686275 0.9843137 0.81960785 0.27450982 0.13725491
0.14117648 0.14509805 0.15686275 0.14509805 0.13333334 0.12941177 0.14901961 0.15294118 0.14509805 0.14509805 0.16470589 0.15294118 0.13725491 0.12941177 0.19607843 0.47058824 0.60784316 0.7137255 0.7294118 0.6509804 0.5294118 0.39607844 0.34901962 0.30980393 0.27058825 0.24313726 0.68235296 0.95686275 0.9411765 0.9254902 0.46666667 0.13725491
0.14509805 0.13725491 0.15686275 0.16470589 0.16470589 0.16078432 0.16862746 0.15294118 0.14901961 0.14509805 0.15686275 0.14901961 0.13725491 0.20784314 0.47058824 0.8 0.8666667 0.87058824 0.88235295 0.88235295 0.87058824 0.8352941 0.80784315 0.75686276 0.68235296 0.68235296 0.89411765 0.9019608 0.7294118 0.8392157 0.79607844 0.2627451
0.14901961 0.14901961 0.14901961 0.15686275 0.15686275 0.14901961 0.14901961 0.15294118 0.16078432 0.15294118 0.14509805 0.14509805 0.1764706 0.5019608 0.7411765 0.7372549 0.7294118 0.7411765 0.7490196 0.7490196 0.7529412 0.75686276 0.7607843 0.77254903 0.8039216 0.88235295 0.8784314 0.70980394 0.4862745 0.7254902 1.0 0.6627451
0.15294118 0.15294118 0.13725491 0.14901961 0.16470589 0.15686275 0.14117648 0.14901961 0.16078432 0.14117648 0.13725491 0.14117648 0.23921569 0.5686275 0.6313726 0.59607846 0.58431375 0.5803922 0.6039216 0.61960787 0.62352943 0.62352943 0.6627451 0.73333335 0.7921569 0.92156863 0.9098039 0.69803923 0.7921569 0.8666667 0.9019608 0.77254903
0.16078432 0.15686275 0.14117648 0.14509805 0.14117648 0.14509805 0.15686275 0.14509805 0.13333334 0.13333334 0.14117648 0.14117648 0.23921569 0.45882353 0.54901963 0.58431375 0.4862745 0.29803923 0.49411765 0.5882353 0.5882353 0.6039216 0.6156863 0.75686276 0.85490197 0.91764706 0.8392157 0.69803923 0.67058825 0.5764706 0.54901963 0.5882353
0.14509805 0.14509805 0.14509805 0.14509805 0.14117648 0.14901961 0.15294118 0.14117648 0.12941177 0.14117648 0.15686275 0.14117648 0.2627451 0.4509804 0.5803922 0.6039216 0.50980395 0.40392157 0.54509807 0.59607846 0.54901963 0.5647059 0.5254902 0.6039216 0.7254902 0.7490196 0.5176471 0.43529412 0.41960785 0.4 0.3764706 0.47843137
0.13725491 0.13725491 0.14509805 0.14901961 0.14509805 0.14901961 0.14509805 0.14117648 0.13725491 0.14117648 0.15686275 0.14509805 0.22745098 0.39215687 0.4862745 0.5019608 0.5137255 0.5647059 0.59607846 0.59607846 0.52156866 0.5058824 0.50980395 0.56078434 0.5529412 0.5019608 0.17254902 0.30980393 0.3764706 0.40392157 0.4117647 0.30588236
0.15686275 0.15294118 0.15686275 0.15294118 0.13725491 0.14117648 0.14509805 0.14901961 0.15294118 0.15294118 0.14901961 0.14509805 0.19215687 0.1254902 0.1254902 0.14509805 0.21568628 0.30980393 0.34509805 0.3529412 0.39215687 0.46666667 0.5137255 0.4509804 0.3882353 0.3529412 0.14509805 0.28235295 0.40392157 0.44705883 0.47843137 0.23529412
0.15686275 0.14901961 0.14901961 0.14901961 0.15294118 0.14509805 0.13725491 0.14117648 0.14117648 0.14509805 0.13725491 0.14117648 0.20392157 0.09411765 0.023529412 0.039215688 0.07450981 0.05882353 0.03137255 0.039215688 0.07450981 0.13725491 0.32156864 0.32941177 0.30588236 0.2627451 0.1882353 0.27058825 0.3647059 0.34117648 0.3372549 0.25882354
0.14901961 0.14509805 0.15686275 0.16078432 0.15294118 0.14509805 0.13333334 0.13725491 0.14509805 0.15294118 0.14117648 0.13725491 0.21568628 0.19607843 0.078431375 0.047058824 0.06666667 0.047058824 0.039215688 0.050980393 0.06666667 0.14117648 0.25882354 0.26666668 0.27450982 0.21568628 0.21568628 0.25882354 0.32156864 0.32156864 0.31764707 0.26666668
0.16078432 0.15686275 0.16470589 0.16470589 0.14901961 0.14509805 0.13333334 0.13725491 0.16470589 0.15686275 0.13333334 0.13333334 0.23529412 0.29411766 0.21568628 0.14117648 0.11372549 0.11372549 0.101960786 0.15686275 0.24705882 0.27450982 0.30588236 0.34117648 0.3372549 0.21176471 0.22745098 0.2901961 0.37254903 0.4 0.3529412 0.2627451
0.16862746 0.16078432 0.16078432 0.15294118 0.14509805 0.14117648 0.13333334 0.14117648 0.16862746 0.15294118 0.12156863 0.14117648 0.16862746 0.15294118 0.16470589 0.28235295 0.21176471 0.29803923 0.3019608 0.2627451 0.39607844 0.4117647 0.49803922 0.53333336 0.44313726 0.23921569 0.28235295 0.3764706 0.4392157 0.43529412 0.34117648 0.32941177
0.15294118 0.15294118 0.14117648 0.14509805 0.14901961 0.14509805 0.14117648 0.15294118 0.1764706 0.16470589 0.14509805 0.18431373 0.15686275 0.03137255 0.043137256 0.1764706 0.16470589 0.3254902 0.34117648 0.13725491 0.18039216 0.20784314 0.2784314 0.33333334 0.27058825 0.23529412 0.3529412 0.30980393 0.34509805 0.32941177 0.22352941 0.42745098
0.16470589 0.16470589 0.15686275 0.1764706 0.19215687 0.2 0.21176471 0.22745098 0.24313726 0.2509804 0.2509804 0.2901961 0.23921569 0.047058824 0.03529412 0.13725491 0.15686275 0.15686275 0.16078432 0.07058824 0.043137256 0.02745098 0.039215688 0.11764706 0.09803922 0.16862746 0.42352942 0.20392157 0.19607843 0.16078432 0.078431375 0.34901962
0.23137255 0.2509804 0.27058825 0.28627452 0.29803923 0.31764707 0.3254902 0.33333334 0.32941177 0.3372549 0.34901962 0.35686275 0.28235295 0.05490196 0.02745098 0.16862746 0.20784314 0.16470589 0.15294118 0.12156863 0.0627451 0.047058824 0.043137256 0.101960786 0.05490196 0.105882354 0.36078432 0.21568628 0.26666668 0.20392157 0.019607844 0.23137255
0.32941177 0.34117648 0.34509805 0.35686275 0.35686275 0.3647059 0.3647059 0.36862746 0.36862746 0.3647059 0.36078432 0.3372549 0.24705882 0.11372549 0.050980393 0.08235294 0.08235294 0.06666667 0.05882353 0.047058824 0.03529412 0.03529412 0.02745098 0.039215688 0.03137255 0.09803922 0.24313726 0.09803922 0.14117648 0.13725491 0.05882353 0.19215687
0.36862746 0.3647059 0.36078432 0.3647059 0.3647059 0.37254903 0.36862746 0.3529412 0.3647059 0.36078432 0.3529412 0.34117648 0.30980393 0.26666668 0.22352941 0.2 0.17254902 0.1254902 0.101960786 0.08627451 0.078431375 0.07058824 0.0627451 0.05490196 0.043137256 0.047058824 0.14117648 0.16470589 0.2 0.22745098 0.25882354 0.28235295
0.3647059 0.3647059 0.36078432 0.3647059 0.3647059 0.3647059 0.3647059 0.37254903 0.36078432 0.36862746 0.3647059 0.36862746 0.36078432 0.35686275 0.34117648 0.34901962 0.32941177 0.3137255 0.30980393 0.29411766 0.2784314 0.2509804 0.23921569 0.23529412 0.22352941 0.20392157 0.25490198 0.3019608 0.34509805 0.44705883 0.46666667 0.3529412
0.3137255 0.43529412 0.64705884 0.45882353 0.40392157 0.40392157 0.49803922 0.65882355 0.40392157 0.2901961 0.29411766 0.29411766 0.29411766 0.29803923 0.30980393 0.29803923 0.2901961 0.29803923 0.29803923 0.29411766 0.28235295 0.29803923 0.30980393 0.29411766 0.28235295 0.29803923 0.30588236 0.30588236 0.30980393 0.29411766 0.2901961 0.29411766
0.4509804 0.7254902 0.40392157 0.2627451 0.29803923 0.30588236 0.29411766 0.48235294 0.6627451 0.3372549 0.3137255 0.3137255 0.30980393 0.3647059 0.37254903 0.29803923 0.30588236 0.30588236 0.3137255 0.30980393 0.30588236 0.31764707 0.32156864 0.30980393 0.29411766 0.30588236 0.3137255 0.30588236 0.30588236 0.29411766 0.2901961 0.29803923
0.72156864 0.49019608 0.23921569 0.2901961 0.32156864 0.31764707 0.29803923 0.2901961 0.48235294 0.35686275 0.30588236 0.34117648 0.41960785 0.38039216 0.38431373 0.28235295 0.3137255 0.30588236 0.30588236 0.3137255 0.30588236 0.29803923 0.3137255 0.3137255 0.30588236 0.30588236 0.3137255 0.29803923 0.2901961 0.3019608 0.30980393 0.3137255
0.7411765 0.2784314 0.40784314 0.38039216 0.36862746 0.38431373 0.36078432 0.34509805 0.3764706 0.34901962 0.38431373 0.4392157 0.56078434 0.37254903 0.3372549 0.34901962 0.42745098 0.36078432 0.40392157 0.33333334 0.38039216 0.36862746 0.35686275 0.3647059 0.3137255 0.3019608 0.3019608 0.29803923 0.30588236 0.30980393 0.30980393 0.3137255
0.6 0.3372549 0.5411765 0.50980395 0.45490196 0.50980395 0.5137255 0.44705883 0.5176471 0.4509804 0.5882353 0.5254902 0.5882353 0.5019608 0.4745098 0.45490196 0.54901963 0.45882353 0.5686275 0.45490196 0.6 0.5137255 0.45490196 0.42352942 0.32156864 0.30980393 0.3019608 0.29803923 0.3019608 0.30980393 0.30588236 0.29803923
0.5019608 0.45882353 0.3647059 0.47843137 0.4509804 0.4745098 0.5686275 0.42745098 0.4862745 0.43137255 0.52156866 0.38431373 0.5019608 0.41568628 0.5372549 0.45882353 0.31764707 0.38431373 0.52156866 0.5019608 0.5529412 0.3882353 0.5529412 0.41568628 0.3019608 0.3137255 0.3137255 0.29803923 0.29803923 0.30588236 0.3019608 0.29803923
0.47843137 0.52156866 0.3372549 0.4627451 0.46666667 0.4627451 0.5647059 0.41960785 0.47843137 0.42352942 0.44313726 0.34901962 0.49019608 0.40784314 0.5568628 0.49019608 0.26666668 0.44313726 0.56078434 0.49803922 0.49019608 0.30588236 0.5647059 0.5529412 0.3019608 0.3019608 0.30980393 0.29803923 0.29411766 0.29411766 0.29411766 0.30588236
0.5411765 0.52156866 0.46666667 0.4627451 0.5019608 0.44313726 0.5019608 0.5058824 0.54901963 0.44313726 0.47058824 0.36078432 0.5372549 0.44313726 0.52156866 0.5647059 0.36862746 0.5568628 0.5372549 0.49803922 0.50980395 0.3254902 0.40392157 0.5294118 0.31764707 0.29803923 0.29411766 0.3019608 0.30588236 0.29803923 0.29411766 0.30588236
0.6745098 0.39215687 0.5529412 0.41960785 0.5019608 0.4117647 0.35686275 0.54509807 0.4862745 0.39215687 0.42745098 0.3254902 0.49803922 0.42352942 0.4 0.5137255 0.47843137 0.5019608 0.49411765 0.42352942 0.47058824 0.38431373 0.49803922 0.45882353 0.34509805 0.3254902 0.30980393 0.30588236 0.3137255 0.3019608 0.29803923 0.30588236
0.77254903 0.39607844 0.3647059 0.32156864 0.36862746 0.32941177 0.29411766 0.37254903 0.4117647 0.34117648 0.3137255 0.29411766 0.34117648 0.3137255 0.29803923 0.3372549 0.3647059 0.3372549 0.40392157 0.5254902 0.5686275 0.56078434 0.6156863 0.5921569 0.6156863 0.6039216 0.57254905 0.4392157 0.3372549 0.29803923 0.30588236 0.30588236
0.60784316 0.64705884 0.30588236 0.28627452 0.29411766 0.28627452 0.30588236 0.36862746 0.6039216 0.34901962 0.29803923 0.29411766 0.28627452 0.28627452 0.29803923 0.29411766 0.29411766 0.36078432 0.5764706 0.65882355 0.61960787 0.57254905 0.5686275 0.5921569 0.6392157 0.6627451 0.7372549 0.78431374 0.5411765 0.30980393 0.3137255 0.3019608
0.36078432 0.56078434 0.59607846 0.4 0.3137255 0.30588236 0.43137255 0.62352943 0.48235294 0.2901961 0.3137255 0.29803923 0.28235295 0.3019608 0.31764707 0.30980393 0.3372549 0.5254902 0.62352943 0.58431375 0.5254902 0.47058824 0.4745098 0.5058824 0.52156866 0.5176471 0.654902 0.9607843 0.8156863 0.41568628 0.29411766 0.29803923
0.3019608 0.33333334 0.4392157 0.54509807 0.5568628 0.5529412 0.53333336 0.4117647 0.28235295 0.2901961 0.31764707 0.30980393 0.29803923 0.3019608 0.30588236 0.30588236 0.4117647 0.5803922 0.53333336 0.48235294 0.42745098 0.38431373 0.42352942 0.47058824 0.48235294 0.4392157 0.5921569 0.972549 0.9607843 0.6431373 0.30588236 0.3019608
0.29803923 0.29803923 0.2901961 0.31764707 0.33333334 0.3254902 0.3137255 0.28627452 0.28627452 0.3019608 0.31764707 0.3137255 0.29803923 0.30588236 0.32156864 0.4 0.47843137 0.5372549 0.48235294 0.4117647 0.34901962 0.3019608 0.34901962 0.39215687 0.42352942 0.35686275 0.60784316 0.9647059 0.9843137 0.84705883 0.38039216 0.3019608
0.29803923 0.29411766 0.31764707 0.29803923 0.28627452 0.28235295 0.29803923 0.30980393 0.2901961 0.29803923 0.31764707 0.3137255 0.29411766 0.29411766 0.34117648 0.5647059 0.6745098 0.78039217 0.79607844 0.7176471 0.58431375 0.4509804 0.41568628 0.38431373 0.3529412 0.32156864 0.7254902 0.9647059 0.95686275 0.9411765 0.5372549 0.29803923
0.29803923 0.29411766 0.31764707 0.31764707 0.31764707 0.3137255 0.3137255 0.29803923 0.29803923 0.29803923 0.30980393 0.3019608 0.28627452 0.33333334 0.57254905 0.8627451 0.92156863 0.9254902 0.9411765 0.94509804 0.93333334 0.90588236 0.88235295 0.827451 0.7529412 0.7529412 0.92941177 0.91764706 0.77254903 0.8666667 0.81960785 0.38039216
0.3019608 0.29803923 0.30588236 0.30980393 0.30980393 0.3019608 0.29803923 0.29803923 0.30588236 0.30588236 0.30980393 0.2901961 0.3019608 0.59607846 0.827451 0.8156863 0.80784315 0.80784315 0.8156863 0.8235294 0.83137256 0.8392157 0.84705883 0.84705883 0.87058824 0.94509804 0.9137255 0.7372549 0.5411765 0.7529412 1.0 0.72156864
0.3019608 0.29803923 0.2901961 0.3019608 0.31764707 0.30980393 0.2901961 0.29803923 0.3137255 0.30588236 0.29803923 0.28627452 0.3647059 0.654902 0.72156864 0.7019608 0.6862745 0.6666667 0.6901961 0.7019608 0.7058824 0.70980394 0.74509805 0.8 0.84705883 0.96862745 0.9411765 0.7372549 0.8352941 0.8980392 0.92156863 0.83137256
0.3137255 0.30588236 0.2901961 0.29411766 0.29411766 0.29803923 0.30980393 0.29803923 0.29411766 0.29803923 0.29411766 0.29803923 0.3764706 0.5411765 0.62352943 0.6784314 0.5647059 0.38039216 0.5882353 0.6862745 0.6745098 0.6862745 0.69411767 0.81960785 0.9019608 0.9647059 0.8745098 0.75686276 0.7137255 0.61960787 0.6117647 0.6666667
0.30588236 0.3019608 0.29411766 0.29803923 0.29803923 0.3019608 0.30588236 0.29803923 0.29411766 0.3019608 0.3019608 0.3019608 0.4 0.53333336 0.65882355 0.6862745 0.5764706 0.46666667 0.627451 0.68235296 0.627451 0.63529414 0.59607846 0.6666667 0.78039217 0.8 0.5529412 0.49803922 0.49019608 0.4627451 0.4509804 0.54901963
0.3019608 0.29803923 0.29803923 0.3019608 0.29803923 0.3019608 0.29803923 0.29803923 0.3019608 0.30588236 0.30588236 0.3019608 0.34117648 0.4509804 0.5529412 0.5686275 0.57254905 0.6156863 0.6627451 0.6666667 0.58431375 0.5764706 0.5882353 0.6392157 0.627451 0.5686275 0.21176471 0.36862746 0.45490196 0.46666667 0.4862745 0.3647059
0.31764707 0.3137255 0.31764707 0.3137255 0.29411766 0.29803923 0.29803923 0.3019608 0.31764707 0.30980393 0.3019608 0.29411766 0.28627452 0.15294118 0.15686275 0.16862746 0.2509804 0.3529412 0.39607844 0.40392157 0.4392157 0.5254902 0.59607846 0.53333336 0.4745098 0.42745098 0.19215687 0.34117648 0.4627451 0.49803922 0.54901963 0.29803923
0.30980393 0.30588236 0.32156864 0.31764707 0.30980393 0.30588236 0.29411766 0.29803923 0.3019608 0.29803923 0.29411766 0.29411766 0.2901961 0.11764706 0.043137256 0.047058824 0.08235294 0.08235294 0.050980393 0.05490196 0.101960786 0.18039216 0.4 0.40784314 0.38039216 0.3254902 0.22745098 0.32941177 0.41960785 0.39607844 0.4 0.3137255
0.30980393 0.3137255 0.33333334 0.31764707 0.3019608 0.29411766 0.28627452 0.29411766 0.30588236 0.3019608 0.2901961 0.2901961 0.3137255 0.22745098 0.09803922 0.05882353 0.07058824 0.05490196 0.039215688 0.050980393 0.08235294 0.18431373 0.32941177 0.34117648 0.34509805 0.27450982 0.25882354 0.31764707 0.38431373 0.3882353 0.38039216 0.3254902
0.31764707 0.3137255 0.32941177 0.31764707 0.29803923 0.2901961 0.28627452 0.3019608 0.32941177 0.30980393 0.28627452 0.28627452 0.3372549 0.34117648 0.2509804 0.17254902 0.14509805 0.14117648 0.12156863 0.18039216 0.28235295 0.32156864 0.3647059 0.4117647 0.40392157 0.27058825 0.27450982 0.3529412 0.4392157 0.47058824 0.41960785 0.32941177
0.31764707 0.30980393 0.3137255 0.31764707 0.30588236 0.29803923 0.29411766 0.30588236 0.33333334 0.30980393 0.2784314 0.29411766 0.2627451 0.2 0.21568628 0.33333334 0.2627451 0.34901962 0.34901962 0.30980393 0.4509804 0.4627451 0.54509807 0.5921569 0.5058824 0.2901961 0.32941177 0.4392157 0.50980395 0.5019608 0.40392157 0.39215687
0.32156864 0.31764707 0.29803923 0.3019608 0.30588236 0.29803923 0.2901961 0.3019608 0.32156864 0.30980393 0.29411766 0.32156864 0.22745098 0.050980393 0.07450981 0.21568628 0.19607843 0.3647059 0.38039216 0.17254902 0.21960784 0.2509804 0.31764707 0.38039216 0.31764707 0.2784314 0.39607844 0.36862746 0.4117647 0.3882353 0.27450982 0.47843137
0.32156864 0.31764707 0.29411766 0.3019608 0.3254902 0.32156864 0.3254902 0.34901962 0.3647059 0.3647059 0.3647059 0.4 0.29803923 0.047058824 0.03529412 0.16078432 0.1764706 0.18039216 0.18039216 0.08235294 0.050980393 0.047058824 0.06666667 0.15294118 0.12941177 0.2 0.46666667 0.25490198 0.2509804 0.20392157 0.10980392 0.39607844
0.34509805 0.35686275 0.36078432 0.37254903 0.39607844 0.40392157 0.40392157 0.41960785 0.41960785 0.41568628 0.41960785 0.4392157 0.33333334 0.0627451 0.03137255 0.20392157 0.2509804 0.20392157 0.18431373 0.12941177 0.05490196 0.043137256 0.0627451 0.1254902 0.07058824 0.1254902 0.39607844 0.25882354 0.30980393 0.23137255 0.03529412 0.27058825
0.40784314 0.41568628 0.41568628 0.42352942 0.42745098 0.43137255 0.43137255 0.4392157 0.43529412 0.43137255 0.43137255 0.4117647 0.30588236 0.14117648 0.078431375 0.12156863 0.1254902 0.10980392 0.09019608 0.0627451 0.03529412 0.03137255 0.03529412 0.050980393 0.03529412 0.10980392 0.26666668 0.1254902 0.1764706 0.16862746 0.078431375 0.23137255
0.43529412 0.43137255 0.42745098 0.43529412 0.43137255 0.4392157 0.43529412 0.41960785 0.43137255 0.42745098 0.43529412 0.4117647 0.36862746 0.31764707 0.27058825 0.23921569 0.20784314 0.16470589 0.13725491 0.11372549 0.09411765 0.08627451 0.078431375 0.07450981 0.0627451 0.06666667 0.16862746 0.19607843 0.24313726 0.27058825 0.2901961 0.32941177
0.43137255 0.43137255 0.42745098 0.43137255 0.43137255 0.43137255 0.43137255 0.4392157 0.42745098 0.43529412 0.4392157 0.43529412 0.42352942 0.41960785 0.40392157 0.40784314 0.3882353 0.3764706 0.37254903 0.34901962 0.32156864 0.29411766 0.28235295 0.2784314 0.27058825 0.2509804 0.30588236 0.35686275 0.4117647 0.5058824 0.5176471 0.4117647
0.59607846 0.65882355 0.7607843 0.61960787 0.58431375 0.5882353 0.65882355 0.78431374 0.61960787 0.6039216 0.60784316 0.6 0.5921569 0.6039216 0.60784316 0.6156863 0.57254905 0.5882353 0.60784316 0.5803922 0.57254905 0.5921569 0.6117647 0.5921569 0.57254905 0.59607846 0.6117647 0.61960787 0.6313726 0.59607846 0.5803922 0.5921569
0.6745098 0.8 0.5529412 0.49803922 0.5803922 0.5921569 0.5372549 0.654902 0.78431374 0.61960787 0.63529414 0.62352943 0.59607846 0.6313726 0.6117647 0.6117647 0.6039216 0.6117647 0.6 0.60784316 0.5882353 0.59607846 0.6509804 0.61960787 0.59607846 0.6156863 0.62352943 0.61960787 0.62352943 0.6039216 0.59607846 0.61960787
0.83137256 0.6117647 0.5019608 0.6 0.6156863 0.6156863 0.6 0.5568628 0.6627451 0.6 0.60784316 0.62352943 0.6509804 0.627451 0.6 0.60784316 0.6156863 0.61960787 0.6 0.6156863 0.60784316 0.6 0.61960787 0.627451 0.6156863 0.61960787 0.62352943 0.6039216 0.6039216 0.6117647 0.62352943 0.6392157
0.8039216 0.5058824 0.65882355 0.65882355 0.627451 0.62352943 0.6509804 0.6117647 0.6156863 0.6 0.61960787 0.65882355 0.7058824 0.6156863 0.58431375 0.627451 0.654902 0.627451 0.6509804 0.6156863 0.6313726 0.627451 0.6156863 0.63529414 0.6313726 0.61960787 0.60784316 0.6039216 0.6117647 0.62352943 0.627451 0.6392157
0.6784314 0.56078434 0.7019608 0.6509804 0.63529414 0.6745098 0.6862745 0.6392157 0.7019608 0.65882355 0.72156864 0.6745098 0.69803923 0.6666667 0.6392157 0.63529414 0.7058824 0.64705884 0.69803923 0.654902 0.7372549 0.64705884 0.6117647 0.61960787 0.61960787 0.62352943 0.6117647 0.6039216 0.60784316 0.61960787 0.61960787 0.6156863
0.627451 0.6392157 0.5568628 0.63529414 0.6313726 0.654902 0.6784314 0.5882353 0.65882355 0.63529414 0.67058825 0.5764706 0.6392157 0.5921569 0.67058825 0.6313726 0.5686275 0.5921569 0.64705884 0.67058825 0.7019608 0.5568628 0.6627451 0.6039216 0.6039216 0.62352943 0.62352943 0.60784316 0.6 0.6117647 0.6117647 0.60784316
0.6431373 0.6901961 0.56078434 0.6745098 0.65882355 0.6509804 0.6745098 0.5882353 0.65882355 0.627451 0.60784316 0.58431375 0.6431373 0.6039216 0.6901961 0.654902 0.56078434 0.6431373 0.6784314 0.65882355 0.654902 0.5411765 0.7019608 0.69411767 0.59607846 0.6156863 0.627451 0.6117647 0.6 0.6 0.5921569 0.60784316
0.69803923 0.69803923 0.654902 0.6784314 0.68235296 0.627451 0.6392157 0.6627451 0.69803923 0.63529414 0.62352943 0.59607846 0.67058825 0.62352943 0.65882355 0.7019608 0.6039216 0.70980394 0.64705884 0.6431373 0.6666667 0.5647059 0.6117647 0.67058825 0.6 0.6117647 0.6156863 0.61960787 0.61960787 0.59607846 0.5921569 0.6039216
0.78039217 0.6117647 0.7176471 0.6313726 0.68235296 0.6 0.5882353 0.7058824 0.6313726 0.59607846 0.59607846 0.5647059 0.6509804 0.60784316 0.58431375 0.6784314 0.6509804 0.67058825 0.63529414 0.58431375 0.627451 0.5882353 0.68235296 0.60784316 0.5803922 0.58431375 0.5686275 0.6039216 0.627451 0.60784316 0.60784316 0.60784316
0.8509804 0.61960787 0.6039216 0.5647059 0.60784316 0.58431375 0.6 0.60784316 0.5882353 0.5803922 0.56078434 0.5882353 0.5882353 0.5764706 0.56078434 0.60784316 0.6 0.58431375 0.6 0.7019608 0.72156864 0.73333335 0.75686276 0.7176471 0.7529412 0.7294118 0.7137255 0.63529414 0.6 0.6117647 0.6117647 0.61960787
0.75686276 0.7647059 0.56078434 0.5568628 0.5882353 0.5882353 0.59607846 0.6117647 0.73333335 0.6 0.5882353 0.6156863 0.58431375 0.5921569 0.6 0.6156863 0.6039216 0.6117647 0.75686276 0.8352941 0.7882353 0.77254903 0.7372549 0.7607843 0.7882353 0.8 0.8352941 0.84705883 0.69411767 0.6 0.6117647 0.61960787
0.6039216 0.6784314 0.7294118 0.6156863 0.6156863 0.59607846 0.6392157 0.7490196 0.6313726 0.57254905 0.6039216 0.6 0.57254905 0.59607846 0.6313726 0.6313726 0.62352943 0.7294118 0.79607844 0.78039217 0.73333335 0.7058824 0.6784314 0.70980394 0.70980394 0.7254902 0.76862746 0.95686275 0.8627451 0.6156863 0.5921569 0.60784316
0.6117647 0.56078434 0.6117647 0.7019608 0.70980394 0.7019608 0.69411767 0.5882353 0.5176471 0.5803922 0.61960787 0.6156863 0.5921569 0.60784316 0.61960787 0.6 0.6431373 0.78039217 0.7490196 0.7058824 0.65882355 0.627451 0.64705884 0.68235296 0.6627451 0.6392157 0.69411767 0.96862745 0.95686275 0.7372549 0.5921569 0.6039216
0.627451 0.6039216 0.5647059 0.54901963 0.5254902 0.5372549 0.56078434 0.5647059 0.5803922 0.6039216 0.63529414 0.62352943 0.6 0.6117647 0.60784316 0.61960787 0.654902 0.7294118 0.69411767 0.6431373 0.5921569 0.54901963 0.5803922 0.6117647 0.6156863 0.56078434 0.69411767 0.972549 0.98039216 0.8784314 0.62352943 0.6156863
0.6156863 0.6156863 0.61960787 0.5921569 0.57254905 0.5803922 0.6 0.6117647 0.6039216 0.6156863 0.6431373 0.6156863 0.6 0.6039216 0.58431375 0.69803923 0.75686276 0.8627451 0.8784314 0.83137256 0.72156864 0.61960787 0.6117647 0.58431375 0.5568628 0.52156866 0.78431374 0.96862745 0.9764706 0.9529412 0.6862745 0.6039216
0.6117647 0.6039216 0.627451 0.627451 0.62352943 0.62352943 0.627451 0.6156863 0.6117647 0.6156863 0.6313726 0.6156863 0.5882353 0.5764706 0.7176471 0.93333334 0.9843137 0.99215686 0.99607843 0.99215686 0.9843137 0.972549 0.96862745 0.91764706 0.84705883 0.84705883 0.9372549 0.9137255 0.8392157 0.89411765 0.8627451 0.5882353
0.6156863 0.60784316 0.6156863 0.61960787 0.61960787 0.6117647 0.6117647 0.6156863 0.62352943 0.61960787 0.6156863 0.627451 0.5803922 0.7490196 0.9372549 0.9490196 0.9490196 0.9607843 0.9647059 0.9607843 0.9607843 0.96862745 0.972549 0.9607843 0.95686275 0.9882353 0.92941177 0.78431374 0.6 0.7764706 1.0 0.83137256
0.6117647 0.6039216 0.59607846 0.6117647 0.62352943 0.61960787 0.6 0.60784316 0.62352943 0.60784316 0.6 0.62352943 0.6117647 0.78431374 0.87058824 0.88235295 0.8392157 0.80784315 0.84705883 0.88235295 0.8901961 0.88235295 0.89411765 0.91764706 0.91764706 0.98039216 0.9647059 0.8 0.85490197 0.9098039 0.92941177 0.9019608
0.62352943 0.6117647 0.59607846 0.6 0.59607846 0.6039216 0.6117647 0.59607846 0.5882353 0.59607846 0.6039216 0.60784316 0.6039216 0.6784314 0.7921569 0.8627451 0.69411767 0.4862745 0.72156864 0.84313726 0.8352941 0.8235294 0.8039216 0.8784314 0.9372549 0.96862745 0.89411765 0.79607844 0.7529412 0.6745098 0.64705884 0.7176471
0.6156863 0.60784316 0.6 0.6 0.59607846 0.6039216 0.6039216 0.5921569 0.5882353 0.6 0.6156863 0.59607846 0.6117647 0.65882355 0.8 0.8509804 0.70980394 0.6039216 0.78431374 0.8352941 0.75686276 0.7411765 0.69411767 0.7254902 0.84313726 0.85490197 0.5921569 0.5529412 0.5568628 0.5411765 0.50980395 0.5921569
0.6117647 0.60784316 0.60784316 0.6039216 0.6 0.6039216 0.6039216 0.6039216 0.60784316 0.6117647 0.62352943 0.6 0.5372549 0.5411765 0.64705884 0.68235296 0.69411767 0.7490196 0.8117647 0.8156863 0.7058824 0.6745098 0.68235296 0.7137255 0.70980394 0.654902 0.2509804 0.41568628 0.50980395 0.52156866 0.54509807 0.41960785
0.6313726 0.627451 0.6313726 0.6156863 0.59607846 0.59607846 0.60784316 0.6156863 0.62352943 0.62352943 0.6156863 0.6 0.45882353 0.2 0.19215687 0.22352941 0.3137255 0.40784314 0.47058824 0.49411765 0.5254902 0.60784316 0.7019608 0.6392157 0.5647059 0.5058824 0.21960784 0.38431373 0.5254902 0.54901963 0.6 0.34509805
0.62352943 0.6313726 0.6509804 0.627451 0.61960787 0.60784316 0.59607846 0.59607846 0.59607846 0.6039216 0.6 0.5921569 0.45490196 0.15294118 0.047058824 0.07058824 0.105882354 0.08627451 0.07058824 0.09019608 0.12941177 0.21960784 0.49411765 0.5176471 0.47843137 0.3882353 0.2627451 0.38431373 0.5019608 0.47843137 0.46666667 0.37254903
0.6117647 0.627451 0.6627451 0.64705884 0.627451 0.60784316 0.59607846 0.6039216 0.6156863 0.6156863 0.6 0.59607846 0.48235294 0.28235295 0.1254902 0.07450981 0.08627451 0.0627451 0.050980393 0.07058824 0.105882354 0.23921569 0.42352942 0.4392157 0.4392157 0.33333334 0.3019608 0.38039216 0.4745098 0.47843137 0.4509804 0.3882353
0.61960787 0.627451 0.65882355 0.6509804 0.61960787 0.6039216 0.5882353 0.6156863 0.65882355 0.6313726 0.5921569 0.6 0.5058824 0.39607844 0.3254902 0.23921569 0.1764706 0.16470589 0.15294118 0.21960784 0.33333334 0.4117647 0.45882353 0.49411765 0.49019608 0.3254902 0.32156864 0.4117647 0.5176471 0.5529412 0.48235294 0.3882353
0.63529414 0.63529414 0.6431373 0.63529414 0.6156863 0.59607846 0.5803922 0.61960787 0.6627451 0.62352943 0.57254905 0.5882353 0.4117647 0.23137255 0.30588236 0.44313726 0.32156864 0.4 0.40392157 0.37254903 0.52156866 0.5411765 0.6117647 0.654902 0.5764706 0.34117648 0.38431373 0.49019608 0.5764706 0.5764706 0.4509804 0.45882353
0.63529414 0.62352943 0.6039216 0.60784316 0.6 0.5764706 0.56078434 0.5921569 0.6313726 0.6 0.54901963 0.56078434 0.34117648 0.06666667 0.1254902 0.2901961 0.2627451 0.41960785 0.43137255 0.22352941 0.27450982 0.2901961 0.34901962 0.42745098 0.37254903 0.32156864 0.45490196 0.40784314 0.46666667 0.44705883 0.30980393 0.5372549
0.61960787 0.59607846 0.5568628 0.54901963 0.5529412 0.5411765 0.5176471 0.53333336 0.5568628 0.5568628 0.5372549 0.5568628 0.36862746 0.05882353 0.043137256 0.18039216 0.22745098 0.22352941 0.21568628 0.10980392 0.07058824 0.05882353 0.078431375 0.18039216 0.16078432 0.23137255 0.5254902 0.2901961 0.29411766 0.24705882 0.13725491 0.43137255
0.5529412 0.5372549 0.52156866 0.5176471 0.52156866 0.5176471 0.50980395 0.5137255 0.50980395 0.5176471 0.5137255 0.5294118 0.38431373 0.09019608 0.039215688 0.22745098 0.28627452 0.23921569 0.21568628 0.15294118 0.07058824 0.05490196 0.07058824 0.13725491 0.08235294 0.14901961 0.4509804 0.28627452 0.34901962 0.26666668 0.05882353 0.30588236
0.5137255 0.5058824 0.49803922 0.5058824 0.5019608 0.5019608 0.5058824 0.5137255 0.5058824 0.5058824 0.49803922 0.47843137 0.35686275 0.18039216 0.101960786 0.15294118 0.15294118 0.12941177 0.11372549 0.078431375 0.05490196 0.043137256 0.047058824 0.05882353 0.047058824 0.1254902 0.29803923 0.14509805 0.20784314 0.2 0.105882354 0.27058825
0.50980395 0.5019608 0.5019608 0.5058824 0.5019608 0.50980395 0.5058824 0.49411765 0.5019608 0.49803922 0.5019608 0.49019608 0.43137255 0.36862746 0.30980393 0.2784314 0.24313726 0.19215687 0.15686275 0.13725491 0.1254902 0.10980392 0.101960786 0.09803922 0.08627451 0.09411765 0.19607843 0.22352941 0.27450982 0.30980393 0.34117648 0.38431373
0.5019608 0.5019608 0.49803922 0.5019608 0.5058824 0.5019608 0.5019608 0.50980395 0.49803922 0.5058824 0.5019608 0.50980395 0.49411765 0.48235294 0.46666667 0.47058824 0.44705883 0.42745098 0.41960785 0.39607844 0.38431373 0.3529412 0.3372549 0.33333334 0.3254902 0.30980393 0.36078432 0.4117647 0.4627451 0.5686275 0.5921569 0.4862745
5 23 1
11 5 2
30 22 0
12 2 0
1 15 0
22 26 2
11 10 2
12 5 1
27 25 1
29 19 0
9 1 2
24 11 2
4 16 2
20 25 1
29 11 1
29 0 0
5 30 0
17 10 2
9 25 2
17 3 1
23 25 0
19 10 2
18 30 2
8 2 0
3 27 2
28 20 2
1 20 0
23 21 2
17 30 2
7 10 2
