32, 32, 3, 30
0.07450981 0.08235294 0.09411765 0.09411765 0.078431375 0.08627451 0.101960786 0.08235294 0.06666667 0.07450981 0.078431375 0.078431375 0.09019608 0.105882354 0.11764706 0.11764706 0.14117648 0.16862746 0.16078432 0.14901961 0.14117648 0.13333334 0.12156863 0.105882354 0.08627451 0.07450981 0.07450981 0.09019608 0.08235294 0.07058824 0.0627451 0.07450981
0.07058824 0.07450981 0.078431375 0.08235294 0.07058824 0.06666667 0.078431375 0.08235294 0.078431375 0.08235294 0.09411765 0.09411765 0.101960786 0.11764706 0.13333334 0.13333334 0.13333334 0.13725491 0.13333334 0.13333334 0.13333334 0.105882354 0.101960786 0.101960786 0.09019608 0.08235294 0.078431375 0.078431375 0.07450981 0.0627451 0.05882353 0.06666667
0.0627451 0.05882353 0.0627451 0.06666667 0.05882353 0.050980393 0.0627451 0.07450981 0.08235294 0.08627451 0.09803922 0.101960786 0.105882354 0.11764706 0.1254902 0.12941177 0.11764706 0.10980392 0.10980392 0.10980392 0.11372549 0.101960786 0.09803922 0.09019608 0.08235294 0.078431375 0.078431375 0.07058824 0.06666667 0.0627451 0.06666667 0.07058824
0.07450981 0.05490196 0.05882353 0.05882353 0.047058824 0.043137256 0.050980393 0.0627451 0.07058824 0.07450981 0.08627451 0.09411765 0.09411765 0.105882354 0.105882354 0.11372549 0.11372549 0.101960786 0.11372549 0.101960786 0.09411765 0.09803922 0.09803922 0.08235294 0.078431375 0.08627451 0.08235294 0.06666667 0.0627451 0.07450981 0.07058824 0.07058824
0.09803922 0.08627451 0.07450981 0.07450981 0.0627451 0.05490196 0.05490196 0.0627451 0.06666667 0.06666667 0.08235294 0.08235294 0.07450981 0.08627451 0.09803922 0.11764706 0.11372549 0.10980392 0.105882354 0.09803922 0.09411765 0.09411765 0.09411765 0.08627451 0.08235294 0.09411765 0.08627451 0.078431375 0.078431375 0.08627451 0.078431375 0.07450981
0.101960786 0.101960786 0.09019608 0.09019608 0.08627451 0.07450981 0.07058824 0.07450981 0.07058824 0.07450981 0.08627451 0.08235294 0.07058824 0.07450981 0.09803922 0.11372549 0.08627451 0.078431375 0.09411765 0.10980392 0.105882354 0.105882354 0.101960786 0.09411765 0.09019608 0.08627451 0.08235294 0.08235294 0.09019608 0.09411765 0.08627451 0.078431375
0.09803922 0.09411765 0.101960786 0.09019608 0.09411765 0.078431375 0.07450981 0.08627451 0.09803922 0.101960786 0.09803922 0.09411765 0.09019608 0.09019608 0.09019608 0.19215687 0.23137255 0.2 0.13333334 0.09803922 0.11764706 0.11372549 0.11372549 0.101960786 0.09019608 0.078431375 0.08235294 0.08235294 0.08627451 0.09019608 0.08235294 0.078431375
0.11372549 0.09019608 0.105882354 0.101960786 0.08627451 0.08235294 0.08235294 0.09803922 0.12156863 0.1254902 0.11764706 0.11372549 0.10980392 0.1254902 0.32156864 0.49803922 0.54509807 0.61960787 0.39607844 0.24705882 0.10980392 0.10980392 0.11372549 0.105882354 0.09019608 0.08627451 0.09411765 0.09019608 0.08627451 0.08235294 0.078431375 0.07450981
0.11764706 0.11764706 0.101960786 0.11764706 0.105882354 0.09411765 0.09803922 0.11764706 0.12941177 0.13725491 0.1254902 0.11764706 0.11764706 0.24705882 0.36862746 0.52156866 0.8 0.64705884 0.44705883 0.68235296 0.27058825 0.09411765 0.11372549 0.105882354 0.09019608 0.09019608 0.09411765 0.09803922 0.09411765 0.08627451 0.08627451 0.08235294
0.15686275 0.14901961 0.10980392 0.11372549 0.12156863 0.105882354 0.101960786 0.11372549 0.1254902 0.13333334 0.1254902 0.10980392 0.15686275 0.27450982 0.3764706 0.7254902 0.84705883 0.6745098 0.78039217 0.9647059 0.6627451 0.14901961 0.09803922 0.09803922 0.08235294 0.078431375 0.08627451 0.09411765 0.09803922 0.09019608 0.08627451 0.09019608
0.15686275 0.15686275 0.12941177 0.105882354 0.11764706 0.12156863 0.105882354 0.11372549 0.11764706 0.12156863 0.12156863 0.14117648 0.54509807 0.68235296 0.5921569 0.59607846 0.85882354 0.95686275 0.99215686 0.9843137 0.87058824 0.25882354 0.09019608 0.08627451 0.05882353 0.05882353 0.07450981 0.08235294 0.08627451 0.08235294 0.08627451 0.09019608
0.14901961 0.14117648 0.12941177 0.12156863 0.1254902 0.12941177 0.11764706 0.1254902 0.11372549 0.11372549 0.105882354 0.23921569 0.7607843 0.84313726 0.8039216 0.827451 0.98039216 0.9882353 0.9647059 0.9647059 0.9098039 0.41568628 0.105882354 0.09411765 0.0627451 0.05490196 0.07058824 0.08235294 0.07450981 0.078431375 0.09019608 0.09019608
0.14117648 0.13725491 0.12156863 0.14117648 0.13725491 0.13333334 0.12941177 0.13333334 0.11372549 0.10980392 0.11372549 0.16862746 0.27058825 0.5764706 0.9411765 0.96862745 0.9529412 0.9254902 0.89411765 0.92156863 0.88235295 0.52156866 0.12156863 0.09803922 0.08627451 0.09019608 0.09803922 0.09019608 0.08235294 0.09411765 0.09411765 0.09019608
0.1254902 0.12941177 0.11372549 0.13333334 0.14901961 0.12941177 0.13333334 0.13333334 0.11764706 0.11372549 0.10980392 0.11372549 0.13333334 0.5058824 0.95686275 0.9764706 0.9019608 0.88235295 0.8745098 0.9019608 0.8666667 0.5921569 0.14509805 0.105882354 0.105882354 0.09803922 0.11372549 0.105882354 0.09803922 0.07058824 0.050980393 0.18431373
0.11372549 0.11764706 0.105882354 0.11372549 0.15294118 0.13333334 0.12156863 0.1254902 0.12156863 0.12156863 0.11372549 0.09803922 0.27058825 0.65882355 0.9647059 0.9882353 0.9411765 0.93333334 0.9372549 0.95686275 0.94509804 0.8392157 0.30588236 0.105882354 0.12941177 0.12941177 0.101960786 0.11764706 0.13333334 0.22745098 0.22745098 0.37254903
0.105882354 0.105882354 0.09803922 0.09803922 0.13725491 0.14509805 0.12156863 0.12941177 0.12941177 0.1254902 0.11372549 0.14509805 0.49019608 0.8352941 0.98039216 0.9843137 0.99215686 0.9882353 0.9843137 0.99215686 0.972549 0.91764706 0.47843137 0.21568628 0.35686275 0.39215687 0.20784314 0.21568628 0.34509805 0.38039216 0.5137255 0.49411765
0.09019608 0.09803922 0.09803922 0.101960786 0.11764706 0.14509805 0.13333334 0.12941177 0.12156863 0.11764706 0.11764706 0.2509804 0.64705884 0.89411765 0.96862745 0.99215686 0.99215686 0.99215686 0.9882353 0.972549 0.972549 0.8901961 0.627451 0.4627451 0.5372549 0.5686275 0.46666667 0.43137255 0.56078434 0.4862745 0.43137255 0.47058824
0.18431373 0.08627451 0.09803922 0.105882354 0.105882354 0.12156863 0.14901961 0.12941177 0.11372549 0.11764706 0.12941177 0.40784314 0.6666667 0.8627451 0.9098039 0.9882353 0.99607843 0.9607843 0.92156863 0.95686275 0.94509804 0.8627451 0.70980394 0.5647059 0.4745098 0.5176471 0.5254902 0.5372549 0.5176471 0.49803922 0.4117647 0.29411766
0.3647059 0.09411765 0.09803922 0.11372549 0.09803922 0.105882354 0.16078432 0.15686275 0.12156863 0.1254902 0.15294118 0.5019608 0.7607843 0.85490197 0.83137256 0.9137255 0.98039216 0.93333334 0.8509804 0.92156863 0.8784314 0.8392157 0.6313726 0.48235294 0.49803922 0.5568628 0.49019608 0.4509804 0.39215687 0.4627451 0.4 0.40392157
0.28235295 0.20784314 0.24313726 0.105882354 0.09803922 0.101960786 0.14509805 0.16078432 0.13333334 0.11764706 0.18039216 0.627451 0.8235294 0.7764706 0.7607843 0.7882353 0.88235295 0.9098039 0.8666667 0.8392157 0.8235294 0.76862746 0.49803922 0.39215687 0.41960785 0.4862745 0.47843137 0.39607844 0.3647059 0.5529412 0.5254902 0.56078434
0.5803922 0.6392157 0.6 0.16862746 0.09803922 0.11372549 0.12941177 0.14117648 0.12941177 0.18039216 0.5019608 0.7764706 0.7254902 0.6862745 0.6745098 0.7058824 0.7647059 0.8509804 0.83137256 0.78039217 0.76862746 0.6431373 0.43529412 0.37254903 0.40784314 0.4627451 0.34901962 0.36078432 0.49803922 0.5764706 0.5686275 0.5058824
0.5254902 0.7921569 0.69411767 0.21960784 0.101960786 0.1254902 0.105882354 0.12941177 0.23137255 0.4117647 0.5921569 0.69803923 0.6156863 0.627451 0.60784316 0.62352943 0.68235296 0.75686276 0.7490196 0.73333335 0.68235296 0.5647059 0.4745098 0.39607844 0.44313726 0.39215687 0.2627451 0.26666668 0.4117647 0.4 0.50980395 0.5176471
0.30588236 0.7058824 0.6039216 0.39607844 0.16862746 0.1254902 0.13725491 0.23921569 0.34509805 0.3764706 0.34901962 0.36078432 0.50980395 0.5411765 0.54509807 0.56078434 0.58431375 0.6627451 0.6666667 0.6666667 0.5254902 0.43529412 0.5176471 0.4627451 0.4509804 0.2784314 0.20392157 0.16862746 0.2901961 0.42745098 0.5529412 0.5647059
0.27058825 0.5058824 0.6901961 0.8352941 0.43137255 0.18431373 0.16862746 0.26666668 0.32156864 0.23921569 0.22745098 0.20784314 0.4117647 0.4862745 0.5019608 0.5254902 0.54509807 0.57254905 0.5764706 0.5019608 0.44313726 0.52156866 0.48235294 0.4627451 0.45490196 0.21176471 0.14509805 0.21176471 0.4392157 0.6392157 0.63529414 0.6
0.39607844 0.39215687 0.5921569 0.8235294 0.6745098 0.23921569 0.1254902 0.20392157 0.19215687 0.16470589 0.20784314 0.21176471 0.29803923 0.53333336 0.42745098 0.4392157 0.47058824 0.49019608 0.43529412 0.38431373 0.4117647 0.5568628 0.5568628 0.47058824 0.3882353 0.3019608 0.3529412 0.5647059 0.6666667 0.69803923 0.6313726 0.6666667
0.3254902 0.38039216 0.59607846 0.7607843 0.6901961 0.3647059 0.2627451 0.30980393 0.27058825 0.1882353 0.15686275 0.17254902 0.18039216 0.5568628 0.4 0.25882354 0.22745098 0.36078432 0.42745098 0.50980395 0.40784314 0.5137255 0.6039216 0.5176471 0.5137255 0.57254905 0.70980394 0.7176471 0.6431373 0.6039216 0.5254902 0.5803922
0.47843137 0.53333336 0.5529412 0.6392157 0.61960787 0.5137255 0.4745098 0.46666667 0.42352942 0.29803923 0.2509804 0.29803923 0.33333334 0.57254905 0.6156863 0.3882353 0.33333334 0.49019608 0.69411767 0.5921569 0.56078434 0.54901963 0.5764706 0.67058825 0.70980394 0.6431373 0.67058825 0.60784316 0.56078434 0.53333336 0.5529412 0.61960787
0.56078434 0.5568628 0.54901963 0.54901963 0.59607846 0.5372549 0.47843137 0.5921569 0.5921569 0.60784316 0.5568628 0.54901963 0.5294118 0.65882355 0.69803923 0.6039216 0.6431373 0.7019608 0.6901961 0.57254905 0.5176471 0.6392157 0.6627451 0.6509804 0.63529414 0.61960787 0.58431375 0.6313726 0.5137255 0.5529412 0.57254905 0.62352943
0.6392157 0.5294118 0.5294118 0.5058824 0.50980395 0.5137255 0.47058824 0.67058825 0.65882355 0.627451 0.6509804 0.5254902 0.52156866 0.6117647 0.57254905 0.627451 0.7137255 0.6862745 0.6862745 0.5764706 0.4117647 0.5764706 0.69803923 0.6156863 0.50980395 0.5372549 0.6156863 0.5529412 0.6509804 0.6784314 0.4862745 0.5882353
0.59607846 0.49411765 0.49411765 0.5254902 0.49803922 0.5921569 0.64705884 0.70980394 0.6784314 0.64705884 0.61960787 0.57254905 0.54901963 0.54901963 0.5372549 0.6431373 0.68235296 0.62352943 0.56078434 0.5647059 0.49803922 0.5764706 0.6627451 0.58431375 0.5568628 0.62352943 0.7058824 0.64705884 0.6431373 0.61960787 0.5568628 0.5882353
0.5137255 0.5019608 0.52156866 0.63529414 0.6784314 0.6627451 0.654902 0.6392157 0.5882353 0.65882355 0.6039216 0.627451 0.58431375 0.5411765 0.56078434 0.5921569 0.6039216 0.6509804 0.5372549 0.47843137 0.654902 0.5803922 0.5882353 0.627451 0.5803922 0.6 0.65882355 0.6392157 0.5372549 0.5176471 0.6117647 0.6117647
0.5568628 0.4862745 0.5411765 0.6117647 0.6666667 0.64705884 0.5882353 0.5137255 0.5568628 0.64705884 0.61960787 0.6039216 0.6117647 0.49411765 0.5058824 0.6 0.6666667 0.7254902 0.60784316 0.5137255 0.5921569 0.54901963 0.49411765 0.67058825 0.64705884 0.5882353 0.6431373 0.5647059 0.50980395 0.57254905 0.5803922 0.5019608
0.07058824 0.078431375 0.09019608 0.09411765 0.08627451 0.09019608 0.101960786 0.09019608 0.08627451 0.09019608 0.09803922 0.09803922 0.10980392 0.1254902 0.13725491 0.13725491 0.14509805 0.16862746 0.16078432 0.14901961 0.14117648 0.12941177 0.11764706 0.101960786 0.08235294 0.07058824 0.07058824 0.08627451 0.078431375 0.07450981 0.06666667 0.078431375
0.06666667 0.07058824 0.07450981 0.08235294 0.07450981 0.07058824 0.08235294 0.08627451 0.08627451 0.09411765 0.105882354 0.105882354 0.11764706 0.13333334 0.14509805 0.14509805 0.13333334 0.13725491 0.12941177 0.12941177 0.12941177 0.101960786 0.09803922 0.09803922 0.08627451 0.078431375 0.07450981 0.07450981 0.07450981 0.06666667 0.0627451 0.07058824
0.05882353 0.05490196 0.05882353 0.07058824 0.0627451 0.05490196 0.06666667 0.078431375 0.08627451 0.09019608 0.09803922 0.101960786 0.10980392 0.11764706 0.12941177 0.12941177 0.11372549 0.105882354 0.105882354 0.105882354 0.10980392 0.09803922 0.09411765 0.08627451 0.078431375 0.07450981 0.07450981 0.06666667 0.0627451 0.06666667 0.07058824 0.07450981
0.07058824 0.050980393 0.05490196 0.05882353 0.050980393 0.047058824 0.05490196 0.06666667 0.06666667 0.06666667 0.08235294 0.09019608 0.09019608 0.09803922 0.101960786 0.10980392 0.10980392 0.09803922 0.10980392 0.09803922 0.09019608 0.09411765 0.09411765 0.078431375 0.07450981 0.08235294 0.078431375 0.0627451 0.0627451 0.078431375 0.07450981 0.07450981
0.09411765 0.08235294 0.07058824 0.07450981 0.06666667 0.05882353 0.05882353 0.0627451 0.05882353 0.05882353 0.07450981 0.078431375 0.07450981 0.08627451 0.09411765 0.101960786 0.10980392 0.105882354 0.101960786 0.09411765 0.09019608 0.09019608 0.09019608 0.08235294 0.078431375 0.09019608 0.08235294 0.07450981 0.07450981 0.09019608 0.08235294 0.078431375
0.09803922 0.09803922 0.08235294 0.08627451 0.08627451 0.07450981 0.07058824 0.07450981 0.07058824 0.07450981 0.09019608 0.08627451 0.08627451 0.09411765 0.09803922 0.08235294 0.078431375 0.078431375 0.09019608 0.101960786 0.101960786 0.101960786 0.09803922 0.09019608 0.08627451 0.08235294 0.078431375 0.078431375 0.08627451 0.09803922 0.09019608 0.08235294
0.09411765 0.09019608 0.09803922 0.09019608 0.09411765 0.078431375 0.07450981 0.08627451 0.101960786 0.105882354 0.105882354 0.101960786 0.101960786 0.105882354 0.08235294 0.14901961 0.21568628 0.19215687 0.1254902 0.09411765 0.11372549 0.10980392 0.10980392 0.09803922 0.08627451 0.07450981 0.078431375 0.078431375 0.08627451 0.09411765 0.08627451 0.08235294
0.10980392 0.08627451 0.101960786 0.101960786 0.09019608 0.08235294 0.08235294 0.105882354 0.1254902 0.13333334 0.1254902 0.12156863 0.11372549 0.12941177 0.30588236 0.44705883 0.5137255 0.6039216 0.3882353 0.25490198 0.11372549 0.105882354 0.10980392 0.101960786 0.08627451 0.08235294 0.09019608 0.08235294 0.08235294 0.08627451 0.08235294 0.078431375
0.11764706 0.11372549 0.09803922 0.11764706 0.10980392 0.09803922 0.101960786 0.12156863 0.13725491 0.14509805 0.13333334 0.11764706 0.11372549 0.24705882 0.34117648 0.4627451 0.7607843 0.627451 0.44313726 0.7019608 0.2784314 0.09019608 0.10980392 0.101960786 0.08627451 0.08627451 0.09019608 0.09411765 0.09019608 0.09019608 0.09019608 0.08627451
0.15294118 0.14509805 0.105882354 0.11372549 0.1254902 0.10980392 0.105882354 0.11764706 0.12941177 0.13725491 0.12941177 0.10980392 0.15294118 0.27058825 0.34901962 0.6666667 0.8 0.64705884 0.78039217 0.99607843 0.6784314 0.14509805 0.09411765 0.09411765 0.078431375 0.07450981 0.08235294 0.09019608 0.09803922 0.09411765 0.09019608 0.09411765
0.15686275 0.15686275 0.12941177 0.105882354 0.1254902 0.1254902 0.11372549 0.11764706 0.11764706 0.11764706 0.12156863 0.12941177 0.5137255 0.6627451 0.5686275 0.5568628 0.8352941 0.9490196 0.99607843 1.0 0.8862745 0.25882354 0.08235294 0.08627451 0.07058824 0.07058824 0.06666667 0.078431375 0.09411765 0.101960786 0.101960786 0.101960786
0.15294118 0.14509805 0.13333334 0.12941177 0.13333334 0.13725491 0.1254902 0.1254902 0.10980392 0.10980392 0.105882354 0.21960784 0.69803923 0.8 0.78039217 0.8235294 0.99215686 0.99607843 0.972549 0.9764706 0.93333334 0.42352942 0.09411765 0.09411765 0.09019608 0.08235294 0.0627451 0.07058824 0.08627451 0.09411765 0.105882354 0.11372549
0.14509805 0.14117648 0.12941177 0.14901961 0.14509805 0.14117648 0.13725491 0.13333334 0.10980392 0.105882354 0.10980392 0.14901961 0.20392157 0.5372549 0.9254902 0.96862745 0.972549 0.9490196 0.91764706 0.9490196 0.9137255 0.5294118 0.10980392 0.09803922 0.11372549 0.10980392 0.08627451 0.07450981 0.078431375 0.078431375 0.09411765 0.12156863
0.13725491 0.13725491 0.12156863 0.14117648 0.15686275 0.13725491 0.14117648 0.13333334 0.11372549 0.105882354 0.105882354 0.101960786 0.08627451 0.47843137 0.9490196 0.9843137 0.92941177 0.91764706 0.9098039 0.9372549 0.90588236 0.6156863 0.14509805 0.11764706 0.14117648 0.12941177 0.10980392 0.09803922 0.101960786 0.05490196 0.05490196 0.23529412
0.12156863 0.1254902 0.11372549 0.12156863 0.16078432 0.14117648 0.12941177 0.12941177 0.11764706 0.11764706 0.10980392 0.09019608 0.25490198 0.6509804 0.9647059 1.0 0.9647059 0.9529412 0.95686275 0.9764706 0.98039216 0.87058824 0.3137255 0.12941177 0.19215687 0.19607843 0.13333334 0.14117648 0.1764706 0.27058825 0.28235295 0.4509804
0.11372549 0.11764706 0.105882354 0.105882354 0.14509805 0.15294118 0.12941177 0.12941177 0.1254902 0.12156863 0.10980392 0.14117648 0.49803922 0.84313726 0.9882353 0.99607843 1.0 0.99215686 0.99215686 1.0 1.0 0.94509804 0.5019608 0.25882354 0.44705883 0.49411765 0.27450982 0.2784314 0.42745098 0.48235294 0.60784316 0.5882353
0.09411765 0.11764706 0.105882354 0.09803922 0.12156863 0.14509805 0.13333334 0.12941177 0.11764706 0.11372549 0.11372549 0.2509804 0.6627451 0.90588236 0.9764706 0.99607843 0.99215686 0.99607843 0.99607843 0.99215686 0.99215686 0.92156863 0.69411767 0.57254905 0.67058825 0.6901961 0.5686275 0.5254902 0.6627451 0.5803922 0.49803922 0.5294118
0.18431373 0.10980392 0.105882354 0.101960786 0.105882354 0.12156863 0.14901961 0.12941177 0.10980392 0.11764706 0.12941177 0.4117647 0.68235296 0.8745098 0.91764706 0.99215686 1.0 0.96862745 0.9411765 0.9882353 0.9764706 0.9137255 0.7921569 0.6784314 0.6 0.63529414 0.63529414 0.63529414 0.6156863 0.58431375 0.46666667 0.34901962
0.36862746 0.11372549 0.10980392 0.11372549 0.09803922 0.105882354 0.16078432 0.15294118 0.11764706 0.1254902 0.15294118 0.5058824 0.77254903 0.8666667 0.84313726 0.9254902 0.9882353 0.9490196 0.8784314 0.95686275 0.93333334 0.9019608 0.7019608 0.56078434 0.5882353 0.65882355 0.5882353 0.53333336 0.47058824 0.56078434 0.49019608 0.49019608
0.29803923 0.24313726 0.2627451 0.105882354 0.09803922 0.101960786 0.14509805 0.16078432 0.13333334 0.11764706 0.18431373 0.6313726 0.827451 0.7882353 0.78039217 0.8117647 0.9019608 0.93333334 0.90588236 0.8862745 0.88235295 0.8392157 0.56078434 0.45490196 0.49019608 0.5686275 0.5529412 0.45882353 0.42745098 0.654902 0.6431373 0.6784314
0.60784316 0.69411767 0.62352943 0.16862746 0.09803922 0.11372549 0.12941177 0.14117648 0.12941177 0.18039216 0.5058824 0.7764706 0.7176471 0.6901961 0.7019608 0.7490196 0.8 0.8901961 0.8784314 0.8392157 0.8235294 0.69803923 0.49411765 0.4392157 0.47843137 0.5294118 0.4 0.4 0.54509807 0.6666667 0.6901961 0.627451
0.56078434 0.8627451 0.7176471 0.21568628 0.101960786 0.1254902 0.10980392 0.13333334 0.23921569 0.41960785 0.59607846 0.69411767 0.6 0.6313726 0.6431373 0.67058825 0.7254902 0.80784315 0.8 0.78431374 0.7294118 0.61960787 0.54901963 0.48235294 0.5294118 0.45490196 0.2901961 0.2784314 0.44313726 0.47843137 0.62352943 0.6313726
0.34509805 0.7764706 0.6117647 0.38431373 0.16470589 0.1254902 0.14117648 0.2509804 0.3647059 0.38431373 0.34901962 0.34901962 0.49803922 0.5568628 0.5803922 0.59607846 0.627451 0.7137255 0.70980394 0.6901961 0.5686275 0.52156866 0.627451 0.5764706 0.54901963 0.3372549 0.21568628 0.16078432 0.3137255 0.5137255 0.65882355 0.67058825
0.32156864 0.57254905 0.7176471 0.8352941 0.43137255 0.18431373 0.17254902 0.27450982 0.32941177 0.23921569 0.21568628 0.19215687 0.40784314 0.49019608 0.5176471 0.54901963 0.5686275 0.6 0.60784316 0.5372549 0.49019608 0.60784316 0.6039216 0.5803922 0.54901963 0.2784314 0.18039216 0.2509804 0.5019608 0.7411765 0.74509805 0.7058824
0.46666667 0.4627451 0.6431373 0.8509804 0.6901961 0.25882354 0.14901961 0.22745098 0.20784314 0.17254902 0.2 0.20392157 0.3019608 0.5254902 0.41960785 0.4509804 0.48235294 0.49019608 0.4509804 0.43529412 0.47058824 0.6431373 0.68235296 0.5882353 0.48235294 0.3882353 0.42352942 0.654902 0.7764706 0.8117647 0.7411765 0.7764706
0.41960785 0.4627451 0.6745098 0.81960785 0.7411765 0.42352942 0.3254902 0.37254903 0.31764707 0.22352941 0.1764706 0.19215687 0.21176471 0.54901963 0.39215687 0.28235295 0.2627451 0.36862746 0.44313726 0.57254905 0.47843137 0.6039216 0.73333335 0.6392157 0.61960787 0.68235296 0.8039216 0.8235294 0.7647059 0.7176471 0.63529414 0.6901961
0.59607846 0.63529414 0.6509804 0.73333335 0.70980394 0.6156863 0.58431375 0.57254905 0.50980395 0.37254903 0.30980393 0.36078432 0.4117647 0.59607846 0.6313726 0.44705883 0.43137255 0.54901963 0.72156864 0.6666667 0.64705884 0.6431373 0.7019608 0.7921569 0.8352941 0.78039217 0.7764706 0.69803923 0.65882355 0.6392157 0.654902 0.72156864
0.6784314 0.6666667 0.654902 0.654902 0.7019608 0.6509804 0.6039216 0.6862745 0.65882355 0.69411767 0.64705884 0.6431373 0.627451 0.7294118 0.7529412 0.6862745 0.7607843 0.7882353 0.7411765 0.64705884 0.6039216 0.7254902 0.7647059 0.7529412 0.74509805 0.7411765 0.69803923 0.73333335 0.59607846 0.63529414 0.67058825 0.7294118
0.7372549 0.627451 0.627451 0.59607846 0.6 0.6156863 0.5803922 0.7372549 0.69411767 0.70980394 0.7607843 0.6313726 0.6156863 0.7058824 0.6627451 0.7176471 0.827451 0.7764706 0.73333335 0.61960787 0.48235294 0.6627451 0.78039217 0.7019608 0.5882353 0.62352943 0.7372549 0.6784314 0.7372549 0.74509805 0.5882353 0.69803923
0.6745098 0.5764706 0.57254905 0.5921569 0.5568628 0.67058825 0.7372549 0.77254903 0.7294118 0.7372549 0.7294118 0.6745098 0.6431373 0.6431373 0.627451 0.73333335 0.8039216 0.7254902 0.6117647 0.58431375 0.56078434 0.6745098 0.7529412 0.6745098 0.63529414 0.7058824 0.81960785 0.7607843 0.7294118 0.69803923 0.65882355 0.69803923
0.5764706 0.57254905 0.5921569 0.6862745 0.70980394 0.7137255 0.72156864 0.69803923 0.65882355 0.7607843 0.7137255 0.7294118 0.6745098 0.6313726 0.64705884 0.68235296 0.7254902 0.7647059 0.60784316 0.5019608 0.7254902 0.6901961 0.6862745 0.7254902 0.65882355 0.6784314 0.7647059 0.7372549 0.6117647 0.60784316 0.70980394 0.7137255
0.63529414 0.5686275 0.62352943 0.6627451 0.69803923 0.69803923 0.654902 0.58431375 0.64705884 0.7647059 0.7372549 0.7058824 0.69803923 0.5803922 0.5882353 0.68235296 0.75686276 0.81960785 0.69411767 0.5686275 0.6784314 0.654902 0.5921569 0.7764706 0.74509805 0.6745098 0.74509805 0.6392157 0.5647059 0.67058825 0.67058825 0.59607846
0.09803922 0.101960786 0.11372549 0.11764706 0.101960786 0.10980392 0.12156863 0.10980392 0.101960786 0.105882354 0.11372549 0.10980392 0.105882354 0.11764706 0.12941177 0.13333334 0.14901961 0.1764706 0.16862746 0.15686275 0.15686275 0.15294118 0.14117648 0.1254902 0.105882354 0.09411765 0.09411765 0.10980392 0.101960786 0.09411765 0.08627451 0.09803922
0.09019608 0.09411765 0.09803922 0.101960786 0.09411765 0.09019608 0.101960786 0.105882354 0.105882354 0.11372549 0.1254902 0.12156863 0.12156863 0.13725491 0.14901961 0.14901961 0.14509805 0.15294118 0.14509805 0.14509805 0.15294118 0.1254902 0.12156863 0.12156863 0.10980392 0.101960786 0.09803922 0.09803922 0.09803922 0.08627451 0.08235294 0.09019608
0.08235294 0.078431375 0.08235294 0.09019608 0.08235294 0.07450981 0.08627451 0.09803922 0.105882354 0.10980392 0.12156863 0.12156863 0.1254902 0.13333334 0.14509805 0.14509805 0.13725491 0.13333334 0.13333334 0.13333334 0.13333334 0.12156863 0.11764706 0.10980392 0.101960786 0.09803922 0.09803922 0.09019608 0.08627451 0.08627451 0.09019608 0.09411765
0.09411765 0.07450981 0.078431375 0.078431375 0.07058824 0.06666667 0.07450981 0.08627451 0.09019608 0.09019608 0.105882354 0.11372549 0.10980392 0.12156863 0.1254902 0.13333334 0.13725491 0.13333334 0.14117648 0.12941177 0.11764706 0.11764706 0.11764706 0.101960786 0.09803922 0.105882354 0.101960786 0.08627451 0.08235294 0.09803922 0.09411765 0.09411765
0.11764706 0.105882354 0.09411765 0.09411765 0.09019608 0.078431375 0.08235294 0.09019608 0.09019608 0.08627451 0.09803922 0.09803922 0.09803922 0.105882354 0.11764706 0.12941177 0.13333334 0.13333334 0.13333334 0.11764706 0.11372549 0.11372549 0.11372549 0.105882354 0.105882354 0.11372549 0.10980392 0.09803922 0.09803922 0.10980392 0.101960786 0.09803922
0.12156863 0.12156863 0.105882354 0.11372549 0.11764706 0.105882354 0.101960786 0.10980392 0.105882354 0.09803922 0.101960786 0.09411765 0.101960786 0.11372549 0.1254902 0.1254902 0.09803922 0.105882354 0.12156863 0.11372549 0.11372549 0.1254902 0.12156863 0.11372549 0.11372549 0.11372549 0.10980392 0.105882354 0.11764706 0.11764706 0.10980392 0.101960786
0.11764706 0.11372549 0.12156863 0.11764706 0.12156863 0.105882354 0.105882354 0.11372549 0.11764706 0.11372549 0.101960786 0.09803922 0.1254902 0.14117648 0.13725491 0.21568628 0.25882354 0.23921569 0.1764706 0.11372549 0.12941177 0.13333334 0.13333334 0.12156863 0.11372549 0.105882354 0.10980392 0.10980392 0.11372549 0.11372549 0.105882354 0.101960786
0.13333334 0.10980392 0.1254902 0.1254902 0.10980392 0.101960786 0.105882354 0.11372549 0.11764706 0.12156863 0.11372549 0.11372549 0.14117648 0.17254902 0.37254903 0.5294118 0.58431375 0.67058825 0.44313726 0.27058825 0.1254902 0.12941177 0.13333334 0.1254902 0.11372549 0.11372549 0.12156863 0.11764706 0.11372549 0.105882354 0.101960786 0.09803922
0.14117648 0.13725491 0.12156863 0.13725491 0.12156863 0.10980392 0.11372549 0.12156863 0.12156863 0.13725491 0.13725491 0.1254902 0.12941177 0.28235295 0.4117647 0.5568628 0.8235294 0.6862745 0.49411765 0.69803923 0.28235295 0.11372549 0.13333334 0.1254902 0.11372549 0.11764706 0.12156863 0.1254902 0.12156863 0.10980392 0.10980392 0.105882354
0.1764706 0.16862746 0.12941177 0.12941177 0.13333334 0.11764706 0.11372549 0.12156863 0.12941177 0.14901961 0.15686275 0.13333334 0.14509805 0.28235295 0.40784314 0.7490196 0.85882354 0.69803923 0.8039216 0.9647059 0.67058825 0.16862746 0.11764706 0.11764706 0.105882354 0.105882354 0.11372549 0.1254902 0.1254902 0.11372549 0.10980392 0.11372549
0.1764706 0.1764706 0.14901961 0.11764706 0.1254902 0.12941177 0.11372549 0.1254902 0.13333334 0.14117648 0.15294118 0.14901961 0.4392157 0.5764706 0.57254905 0.62352943 0.8745098 0.9647059 1.0 0.9843137 0.87058824 0.27058825 0.105882354 0.105882354 0.09019608 0.101960786 0.11372549 0.11764706 0.11372549 0.11764706 0.1254902 0.12156863
0.16862746 0.16078432 0.14901961 0.13333334 0.12941177 0.13333334 0.12156863 0.13333334 0.13333334 0.13333334 0.12941177 0.23137255 0.60784316 0.6666667 0.7529412 0.85882354 1.0 1.0 0.98039216 0.9843137 0.9137255 0.41960785 0.12941177 0.1254902 0.10980392 0.11372549 0.12156863 0.12156863 0.105882354 0.12156863 0.14117648 0.12156863
0.15294118 0.14509805 0.13333334 0.14509805 0.14117648 0.13725491 0.13333334 0.14117648 0.13333334 0.12941177 0.13333334 0.18039216 0.21176471 0.49019608 0.9254902 0.9843137 0.9843137 0.9647059 0.9372549 0.9647059 0.89411765 0.5254902 0.15686275 0.15294118 0.14509805 0.13725491 0.14509805 0.12941177 0.11372549 0.1254902 0.12941177 0.105882354
0.12941177 0.13333334 0.11764706 0.13725491 0.15294118 0.13333334 0.13725491 0.14509805 0.13725491 0.13333334 0.12941177 0.14509805 0.14901961 0.48235294 0.9607843 0.98039216 0.9411765 0.9411765 0.93333334 0.9647059 0.8901961 0.6039216 0.18431373 0.16862746 0.15686275 0.1254902 0.14901961 0.14117648 0.1254902 0.08235294 0.06666667 0.1764706
0.10980392 0.11372549 0.09803922 0.11372549 0.15686275 0.13725491 0.1254902 0.13725491 0.14117648 0.14117648 0.12941177 0.1254902 0.28235295 0.6431373 0.972549 0.9882353 0.9647059 0.96862745 0.972549 0.9882353 0.96862745 0.8627451 0.33333334 0.13725491 0.14901961 0.13725491 0.12156863 0.14509805 0.15686275 0.21960784 0.21960784 0.3372549
0.09803922 0.09411765 0.08627451 0.09803922 0.14117648 0.14901961 0.1254902 0.14117648 0.14901961 0.14509805 0.13333334 0.16078432 0.4627451 0.8039216 0.9882353 0.9882353 0.99215686 0.99607843 0.99607843 1.0 0.99215686 0.9411765 0.49019608 0.20784314 0.34117648 0.38039216 0.21568628 0.23529412 0.3529412 0.34509805 0.47058824 0.4392157
0.08627451 0.09019608 0.101960786 0.11372549 0.11764706 0.14509805 0.13333334 0.14117648 0.14509805 0.13725491 0.12941177 0.2509804 0.63529414 0.88235295 0.972549 0.99215686 0.99215686 0.99607843 0.99607843 0.9882353 0.99215686 0.90588236 0.63529414 0.45882353 0.50980395 0.53333336 0.45490196 0.40392157 0.5019608 0.41568628 0.35686275 0.39607844
0.1764706 0.101960786 0.10980392 0.12156863 0.105882354 0.12156863 0.14901961 0.14117648 0.13333334 0.13333334 0.13333334 0.4 0.64705884 0.8509804 0.9137255 1.0 1.0 0.972549 0.94509804 0.99215686 0.98039216 0.8980392 0.7254902 0.56078434 0.4509804 0.47843137 0.48235294 0.48235294 0.4627451 0.46666667 0.37254903 0.26666668
0.33333334 0.10980392 0.101960786 0.12156863 0.09803922 0.105882354 0.15686275 0.16078432 0.13725491 0.13333334 0.14901961 0.47843137 0.70980394 0.827451 0.84313726 0.94509804 1.0 0.95686275 0.89411765 0.9647059 0.9372549 0.8901961 0.6509804 0.4627451 0.4745098 0.52156866 0.41568628 0.3882353 0.37254903 0.4627451 0.39607844 0.40392157
0.2 0.15686275 0.20784314 0.105882354 0.09803922 0.101960786 0.14509805 0.16862746 0.14117648 0.11764706 0.17254902 0.6 0.7607843 0.7411765 0.76862746 0.827451 0.9098039 0.93333334 0.9019608 0.88235295 0.8784314 0.8156863 0.5019608 0.35686275 0.37254903 0.4392157 0.41568628 0.34901962 0.3372549 0.50980395 0.4862745 0.5176471
0.42745098 0.47058824 0.50980395 0.16862746 0.09803922 0.11372549 0.12941177 0.14117648 0.12941177 0.17254902 0.4862745 0.74509805 0.6666667 0.64705884 0.67058825 0.7254902 0.7764706 0.8627451 0.84705883 0.8039216 0.8 0.65882355 0.4117647 0.31764707 0.32156864 0.39215687 0.3372549 0.34509805 0.4392157 0.5058824 0.5058824 0.43529412
0.3647059 0.5686275 0.56078434 0.19215687 0.09411765 0.12941177 0.11372549 0.13333334 0.22745098 0.4 0.5764706 0.67058825 0.5686275 0.5882353 0.59607846 0.627451 0.68235296 0.75686276 0.7529412 0.7372549 0.6745098 0.5529412 0.44705883 0.3372549 0.34901962 0.33333334 0.28235295 0.27450982 0.35686275 0.34901962 0.46666667 0.45490196
0.21176471 0.5411765 0.43137255 0.29411766 0.12941177 0.12941177 0.16078432 0.2509804 0.3372549 0.36862746 0.34509805 0.34509805 0.4509804 0.48235294 0.5058824 0.5411765 0.56078434 0.6392157 0.6431373 0.63529414 0.49019608 0.41568628 0.5019608 0.41568628 0.4 0.27058825 0.21568628 0.16862746 0.27058825 0.40392157 0.49803922 0.49803922
0.21568628 0.4 0.50980395 0.6862745 0.35686275 0.16470589 0.18431373 0.27450982 0.30588236 0.23137255 0.21960784 0.19215687 0.34117648 0.39607844 0.41960785 0.46666667 0.4862745 0.5058824 0.5176471 0.44313726 0.41960785 0.5019608 0.4392157 0.42352942 0.4392157 0.21568628 0.14117648 0.20392157 0.4117647 0.5803922 0.56078434 0.5294118
0.34117648 0.3254902 0.43137255 0.6509804 0.5686275 0.19607843 0.12156863 0.2 0.17254902 0.14901961 0.19215687 0.2 0.26666668 0.4627451 0.34901962 0.3882353 0.42352942 0.43137255 0.38039216 0.34117648 0.41568628 0.53333336 0.47843137 0.42352942 0.38431373 0.2901961 0.31764707 0.5254902 0.6156863 0.6039216 0.5411765 0.59607846
0.2627451 0.32156864 0.46666667 0.60784316 0.58431375 0.30980393 0.22745098 0.2784314 0.24313726 0.16078432 0.12941177 0.16078432 0.19215687 0.5137255 0.3372549 0.22745098 0.22352941 0.32941177 0.38431373 0.48235294 0.4 0.47058824 0.52156866 0.45490196 0.47843137 0.5254902 0.627451 0.6392157 0.57254905 0.5058824 0.44313726 0.5137255
0.4 0.44313726 0.45490196 0.5372549 0.53333336 0.45882353 0.41568628 0.4117647 0.38431373 0.2627451 0.21176471 0.2784314 0.3372549 0.5058824 0.5176471 0.3254902 0.31764707 0.4392157 0.6 0.5058824 0.49019608 0.4862745 0.5176471 0.58431375 0.61960787 0.5568628 0.54509807 0.49019608 0.47843137 0.45882353 0.49803922 0.5568628
0.47058824 0.45882353 0.47058824 0.47058824 0.5254902 0.47058824 0.43529412 0.56078434 0.54901963 0.5647059 0.49803922 0.4862745 0.46666667 0.54509807 0.5686275 0.5137255 0.5882353 0.6039216 0.54901963 0.45490196 0.42745098 0.5647059 0.5882353 0.54901963 0.5137255 0.49411765 0.44705883 0.5294118 0.45882353 0.5254902 0.54901963 0.56078434
0.54901963 0.43137255 0.44705883 0.40784314 0.41960785 0.41568628 0.4 0.64705884 0.61960787 0.58431375 0.58431375 0.43137255 0.40392157 0.4745098 0.44705883 0.5372549 0.6509804 0.5882353 0.5647059 0.49803922 0.34509805 0.49019608 0.59607846 0.5176471 0.4 0.40784314 0.49019608 0.47058824 0.6117647 0.6666667 0.4627451 0.50980395
0.50980395 0.38431373 0.38039216 0.40784314 0.40392157 0.47843137 0.5254902 0.654902 0.654902 0.6117647 0.5568628 0.4745098 0.42352942 0.41960785 0.4117647 0.54509807 0.62352943 0.5529412 0.4745098 0.5019608 0.40392157 0.46666667 0.5647059 0.49019608 0.46666667 0.53333336 0.5921569 0.5372549 0.5686275 0.5803922 0.49411765 0.48235294
0.43529412 0.39215687 0.40392157 0.54509807 0.63529414 0.5921569 0.5529412 0.58431375 0.5686275 0.627451 0.53333336 0.52156866 0.45882353 0.42745098 0.45490196 0.49411765 0.5058824 0.56078434 0.44705883 0.38039216 0.53333336 0.47058824 0.5058824 0.54901963 0.5019608 0.5254902 0.54901963 0.5176471 0.44705883 0.45882353 0.50980395 0.4862745
0.4862745 0.39215687 0.45490196 0.5372549 0.6509804 0.61960787 0.5254902 0.4745098 0.5254902 0.59607846 0.5294118 0.47843137 0.5019608 0.4117647 0.43529412 0.5137255 0.5568628 0.627451 0.52156866 0.39215687 0.47058824 0.4745098 0.44705883 0.6039216 0.5568628 0.48235294 0.5294118 0.46666667 0.4509804 0.50980395 0.4627451 0.3764706
0 17 0
3 27 2
31 11 2
21 16 0
12 13 0
1 8 1
17 11 0
14 31 1
2 15 0
4 15 1
23 13 2
27 15 0
15 2 0
14 23 1
13 25 0
0 13 2
18 19 2
24 3 1
12 17 0
9 27 1
13 26 2
6 20 0
14 2 1
23 27 1
8 21 2
6 20 2
16 30 2
10 23 1
5 30 1
17 16 0
