32, 32, 3, 30
0.43529412 0.45882353 0.47058824 0.47843137 0.5176471 0.53333336 0.53333336 0.52156866 0.5176471 0.49803922 0.47843137 0.47058824 0.47058824 0.49019608 0.4745098 0.44705883 0.5764706 0.6156863 0.5372549 0.4745098 0.5803922 0.52156866 0.5921569 0.7019608 0.69803923 0.69411767 0.7411765 0.7607843 0.77254903 0.7607843 0.6745098 0.6627451
0.4 0.4117647 0.44313726 0.47058824 0.48235294 0.47843137 0.48235294 0.4862745 0.49019608 0.49019608 0.5058824 0.5529412 0.56078434 0.5921569 0.5764706 0.5019608 0.53333336 0.58431375 0.5019608 0.42352942 0.54509807 0.50980395 0.5058824 0.6117647 0.6156863 0.54509807 0.5803922 0.6392157 0.7529412 0.74509805 0.7529412 0.654902
0.5019608 0.49411765 0.47843137 0.47058824 0.45490196 0.44705883 0.4509804 0.47058824 0.5058824 0.5254902 0.5294118 0.5176471 0.49803922 0.49019608 0.45882353 0.46666667 0.5019608 0.6 0.50980395 0.45490196 0.49803922 0.54901963 0.5647059 0.6117647 0.68235296 0.63529414 0.67058825 0.7176471 0.7607843 0.7647059 0.8235294 0.8117647
0.4509804 0.45882353 0.45490196 0.44313726 0.44705883 0.47058824 0.5058824 0.5411765 0.58431375 0.61960787 0.62352943 0.6 0.5686275 0.5372549 0.5254902 0.52156866 0.53333336 0.5137255 0.49019608 0.44705883 0.42745098 0.5254902 0.61960787 0.6745098 0.7058824 0.72156864 0.68235296 0.69803923 0.65882355 0.68235296 0.83137256 0.83137256
0.3764706 0.38039216 0.39607844 0.3882353 0.37254903 0.40392157 0.42745098 0.43529412 0.44313726 0.47843137 0.54509807 0.5529412 0.5803922 0.5568628 0.52156866 0.4627451 0.39215687 0.39215687 0.41960785 0.40392157 0.42352942 0.5176471 0.6392157 0.69803923 0.7137255 0.81960785 0.69411767 0.62352943 0.5921569 0.56078434 0.6313726 0.81960785
0.43529412 0.44313726 0.4509804 0.4509804 0.41960785 0.41960785 0.45490196 0.49019608 0.52156866 0.5254902 0.5411765 0.5254902 0.45882353 0.44313726 0.45490196 0.4117647 0.36862746 0.40392157 0.4 0.4392157 0.49019608 0.58431375 0.6901961 0.7529412 0.7647059 0.69803923 0.5686275 0.5372549 0.5372549 0.60784316 0.5529412 0.59607846
0.43137255 0.44313726 0.4745098 0.5058824 0.5294118 0.5372549 0.53333336 0.54509807 0.5372549 0.5254902 0.49019608 0.47058824 0.5019608 0.47843137 0.40784314 0.4117647 0.4 0.3529412 0.3647059 0.49803922 0.57254905 0.6627451 0.7294118 0.7137255 0.6392157 0.57254905 0.49803922 0.44705883 0.4745098 0.5803922 0.6784314 0.5372549
0.42352942 0.44313726 0.50980395 0.57254905 0.57254905 0.6039216 0.654902 0.61960787 0.5254902 0.4745098 0.48235294 0.5568628 0.56078434 0.4392157 0.37254903 0.38039216 0.3529412 0.32941177 0.36078432 0.52156866 0.5686275 0.6039216 0.5686275 0.5019608 0.58431375 0.6862745 0.6039216 0.41960785 0.4745098 0.5529412 0.6784314 0.73333335
0.52156866 0.5294118 0.54509807 0.5058824 0.42352942 0.47058824 0.69803923 0.72156864 0.59607846 0.5058824 0.47843137 0.5058824 0.46666667 0.38431373 0.3529412 0.33333334 0.30980393 0.3137255 0.3372549 0.44313726 0.47058824 0.41960785 0.37254903 0.45882353 0.7490196 0.85882354 0.8 0.5294118 0.52156866 0.52156866 0.5686275 0.78039217
0.654902 0.7137255 0.56078434 0.43529412 0.34509805 0.35686275 0.45490196 0.48235294 0.4627451 0.3882353 0.3647059 0.36862746 0.3764706 0.3372549 0.32156864 0.32156864 0.30588236 0.3019608 0.32941177 0.38431373 0.42745098 0.3882353 0.34901962 0.5294118 0.8039216 0.88235295 0.8862745 0.64705884 0.5921569 0.6 0.5176471 0.7490196
0.58431375 0.69411767 0.5764706 0.52156866 0.39607844 0.30980393 0.3137255 0.30980393 0.3254902 0.31764707 0.30980393 0.3019608 0.29803923 0.29411766 0.3019608 0.29803923 0.27058825 0.28627452 0.32156864 0.39607844 0.4509804 0.4117647 0.4 0.5372549 0.7176471 0.7764706 0.8666667 0.68235296 0.6 0.63529414 0.59607846 0.70980394
0.4745098 0.5529412 0.5921569 0.49019608 0.38039216 0.28235295 0.2784314 0.29411766 0.3137255 0.3254902 0.32156864 0.3019608 0.29411766 0.2901961 0.27450982 0.2627451 0.24705882 0.28627452 0.33333334 0.4 0.50980395 0.49019608 0.53333336 0.58431375 0.6117647 0.72156864 0.87058824 0.69411767 0.6313726 0.7372549 0.72156864 0.7529412
0.40784314 0.4745098 0.49019608 0.34509805 0.28235295 0.26666668 0.26666668 0.28627452 0.32156864 0.34117648 0.3372549 0.33333334 0.32941177 0.3019608 0.26666668 0.25490198 0.24705882 0.27450982 0.3647059 0.42745098 0.42745098 0.42745098 0.58431375 0.61960787 0.5568628 0.62352943 0.7176471 0.7490196 0.6745098 0.81960785 0.79607844 0.67058825
0.36862746 0.40784314 0.34509805 0.2784314 0.29803923 0.29411766 0.28235295 0.29803923 0.32941177 0.3647059 0.35686275 0.34117648 0.3254902 0.30980393 0.28627452 0.27058825 0.26666668 0.28627452 0.3882353 0.5372549 0.4862745 0.41568628 0.5058824 0.5647059 0.49803922 0.47843137 0.49411765 0.67058825 0.6784314 0.6509804 0.6039216 0.50980395
0.33333334 0.28627452 0.26666668 0.28627452 0.3254902 0.35686275 0.34509805 0.32156864 0.3529412 0.35686275 0.36078432 0.3647059 0.33333334 0.33333334 0.31764707 0.30588236 0.3019608 0.3254902 0.40784314 0.6 0.7647059 0.75686276 0.83137256 0.7254902 0.46666667 0.47843137 0.49019608 0.58431375 0.6627451 0.52156866 0.4392157 0.5686275
0.28235295 0.2509804 0.2627451 0.29411766 0.32156864 0.34901962 0.37254903 0.35686275 0.36862746 0.3764706 0.36862746 0.37254903 0.35686275 0.34117648 0.3254902 0.3137255 0.32156864 0.3254902 0.34901962 0.42745098 0.72156864 0.93333334 0.89411765 0.6509804 0.46666667 0.54509807 0.5764706 0.53333336 0.54901963 0.57254905 0.5529412 0.5764706
0.2509804 0.24313726 0.27058825 0.29803923 0.3254902 0.34117648 0.36078432 0.36862746 0.36862746 0.38431373 0.36862746 0.36862746 0.36078432 0.34509805 0.3254902 0.32156864 0.3137255 0.29411766 0.2901961 0.3019608 0.43529412 0.5568628 0.5568628 0.44705883 0.38431373 0.40784314 0.45490196 0.54901963 0.6117647 0.7490196 0.84313726 0.7137255
0.23529412 0.23921569 0.2784314 0.30980393 0.32941177 0.34509805 0.3529412 0.3647059 0.3529412 0.36078432 0.34509805 0.36078432 0.35686275 0.3372549 0.3137255 0.29803923 0.26666668 0.2627451 0.2784314 0.29803923 0.3137255 0.3372549 0.3764706 0.38039216 0.34117648 0.36862746 0.44313726 0.7137255 0.85882354 0.8117647 0.8901961 0.9490196
0.24313726 0.24705882 0.28235295 0.31764707 0.32156864 0.33333334 0.34509805 0.34509805 0.33333334 0.33333334 0.32156864 0.33333334 0.3254902 0.32156864 0.3137255 0.27450982 0.23921569 0.23921569 0.2627451 0.28627452 0.3137255 0.33333334 0.32156864 0.34901962 0.39215687 0.49803922 0.5686275 0.70980394 0.6627451 0.4627451 0.5686275 0.7058824
0.24313726 0.24705882 0.27450982 0.32156864 0.33333334 0.32941177 0.34117648 0.3254902 0.31764707 0.30980393 0.3019608 0.3019608 0.3019608 0.29803923 0.29411766 0.27058825 0.25882354 0.25490198 0.2509804 0.27058825 0.2901961 0.29411766 0.29411766 0.29411766 0.33333334 0.44705883 0.5294118 0.6 0.47843137 0.41568628 0.40784314 0.62352943
0.23921569 0.24705882 0.27450982 0.31764707 0.34901962 0.32941177 0.3254902 0.30588236 0.28235295 0.27058825 0.27450982 0.2784314 0.29803923 0.28627452 0.28235295 0.26666668 0.27450982 0.27450982 0.25490198 0.2627451 0.27450982 0.28235295 0.27058825 0.26666668 0.28235295 0.3019608 0.3764706 0.4392157 0.47843137 0.5019608 0.4627451 0.74509805
0.2509804 0.2509804 0.26666668 0.28627452 0.3254902 0.32156864 0.30980393 0.2784314 0.25490198 0.2509804 0.28235295 0.30588236 0.31764707 0.32156864 0.3372549 0.3529412 0.36078432 0.3254902 0.3254902 0.32156864 0.3137255 0.30588236 0.28235295 0.3019608 0.28235295 0.28235295 0.32941177 0.36078432 0.4745098 0.45882353 0.5921569 0.7058824
0.3019608 0.24705882 0.24705882 0.25490198 0.27450982 0.28235295 0.2784314 0.26666668 0.25882354 0.26666668 0.30980393 0.3372549 0.35686275 0.3529412 0.3764706 0.43137255 0.47843137 0.47058824 0.42745098 0.41960785 0.4627451 0.47058824 0.43529412 0.3882353 0.34117648 0.3529412 0.3529412 0.3529412 0.38431373 0.4117647 0.6627451 0.75686276
0.43529412 0.3372549 0.26666668 0.24313726 0.23137255 0.2627451 0.2509804 0.25882354 0.26666668 0.28627452 0.33333334 0.4 0.45490196 0.40784314 0.3882353 0.47058824 0.56078434 0.61960787 0.6117647 0.57254905 0.5686275 0.5568628 0.5529412 0.49803922 0.4745098 0.4627451 0.47058824 0.4509804 0.37254903 0.45882353 0.8627451 0.9019608
0.5294118 0.47058824 0.3529412 0.29803923 0.34509805 0.34901962 0.3137255 0.28627452 0.2784314 0.3254902 0.44313726 0.5411765 0.5921569 0.5058824 0.49411765 0.57254905 0.6117647 0.6156863 0.6509804 0.69411767 0.68235296 0.57254905 0.54901963 0.5686275 0.5411765 0.5058824 0.49803922 0.49803922 0.4745098 0.5372549 0.8666667 0.972549
0.49411765 0.47843137 0.41568628 0.42745098 0.5176471 0.4509804 0.40784314 0.3882353 0.3529412 0.42745098 0.63529414 0.65882355 0.6117647 0.5882353 0.7176471 0.7764706 0.73333335 0.7176471 0.63529414 0.52156866 0.53333336 0.5647059 0.54509807 0.6784314 0.6784314 0.62352943 0.5647059 0.5137255 0.52156866 0.5294118 0.6745098 0.8117647
0.5568628 0.50980395 0.5058824 0.5647059 0.49411765 0.45882353 0.5019608 0.45882353 0.40784314 0.48235294 0.61960787 0.5921569 0.5529412 0.6509804 0.7529412 0.7176471 0.7411765 0.7607843 0.7647059 0.79607844 0.67058825 0.61960787 0.65882355 0.73333335 0.68235296 0.6509804 0.59607846 0.5921569 0.5529412 0.59607846 0.6 0.5411765
0.627451 0.64705884 0.6627451 0.6392157 0.5568628 0.52156866 0.5019608 0.41960785 0.3529412 0.46666667 0.5254902 0.53333336 0.5568628 0.64705884 0.6431373 0.61960787 0.63529414 0.627451 0.7647059 0.9137255 0.9411765 0.8745098 0.81960785 0.8627451 0.8 0.68235296 0.57254905 0.64705884 0.63529414 0.67058825 0.7058824 0.6784314
0.54509807 0.59607846 0.6784314 0.6901961 0.654902 0.6392157 0.6039216 0.5254902 0.43137255 0.5019608 0.56078434 0.57254905 0.6392157 0.6745098 0.6627451 0.7372549 0.72156864 0.6784314 0.7607843 0.8392157 0.9019608 0.94509804 0.9411765 0.93333334 0.92156863 0.81960785 0.7019608 0.6627451 0.6862745 0.7411765 0.7764706 0.7764706
0.62352943 0.54901963 0.5058824 0.6117647 0.6901961 0.7176471 0.7019608 0.67058825 0.5686275 0.48235294 0.5882353 0.6392157 0.67058825 0.70980394 0.7137255 0.76862746 0.7176471 0.6666667 0.68235296 0.7882353 0.8235294 0.8980392 0.9607843 0.972549 0.88235295 0.8666667 0.85490197 0.78431374 0.77254903 0.76862746 0.7176471 0.6117647
0.77254903 0.65882355 0.5176471 0.49411765 0.57254905 0.6156863 0.7019608 0.78431374 0.7058824 0.47843137 0.5411765 0.68235296 0.69411767 0.67058825 0.6392157 0.64705884 0.627451 0.5921569 0.6392157 0.7764706 0.84705883 0.8901961 0.95686275 0.9647059 0.8980392 0.90588236 0.84313726 0.90588236 0.93333334 0.93333334 0.85882354 0.63529414
0.8039216 0.7372549 0.6392157 0.57254905 0.5137255 0.5529412 0.67058825 0.76862746 0.7058824 0.54901963 0.5058824 0.6784314 0.7137255 0.6745098 0.6627451 0.65882355 0.654902 0.64705884 0.6862745 0.7529412 0.8039216 0.85882354 0.9490196 0.9137255 0.8352941 0.8901961 0.89411765 0.92156863 0.9647059 0.9647059 0.9647059 0.87058824
0.4627451 0.4862745 0.49411765 0.5019608 0.54509807 0.56078434 0.56078434 0.54901963 0.54509807 0.5372549 0.5254902 0.5294118 0.5372549 0.5529412 0.53333336 0.49803922 0.61960787 0.6666667 0.6 0.54901963 0.6666667 0.60784316 0.67058825 0.74509805 0.78431374 0.8117647 0.8156863 0.8235294 0.84313726 0.8352941 0.75686276 0.7490196
0.42745098 0.4392157 0.46666667 0.49803922 0.5137255 0.5058824 0.50980395 0.5137255 0.5176471 0.5294118 0.5568628 0.6117647 0.627451 0.654902 0.627451 0.54901963 0.5647059 0.6392157 0.58431375 0.49411765 0.59607846 0.54509807 0.5176471 0.57254905 0.6156863 0.5882353 0.60784316 0.6666667 0.80784315 0.80784315 0.8156863 0.7176471
0.53333336 0.52156866 0.5019608 0.49803922 0.49019608 0.47843137 0.48235294 0.5019608 0.5372549 0.5686275 0.5803922 0.5764706 0.5647059 0.54901963 0.50980395 0.5058824 0.5294118 0.63529414 0.5529412 0.47058824 0.4745098 0.49803922 0.4627451 0.43529412 0.53333336 0.53333336 0.5921569 0.7294118 0.8156863 0.8352941 0.8862745 0.8627451
0.48235294 0.4862745 0.48235294 0.47058824 0.48235294 0.5058824 0.5411765 0.57254905 0.61960787 0.6627451 0.6745098 0.65882355 0.63529414 0.5921569 0.57254905 0.5568628 0.56078434 0.5372549 0.5019608 0.42745098 0.36862746 0.4392157 0.5137255 0.4862745 0.5137255 0.5686275 0.5686275 0.7058824 0.72156864 0.7607843 0.89411765 0.8745098
0.4117647 0.4117647 0.42352942 0.42352942 0.41960785 0.44313726 0.46666667 0.4745098 0.48235294 0.5254902 0.59607846 0.6156863 0.64705884 0.6 0.56078434 0.49803922 0.41960785 0.41960785 0.4392157 0.39607844 0.38431373 0.4627451 0.62352943 0.6117647 0.59607846 0.7294118 0.62352943 0.63529414 0.6666667 0.6509804 0.6862745 0.8509804
0.48235294 0.49411765 0.49803922 0.5137255 0.5019608 0.48235294 0.5019608 0.54509807 0.58431375 0.58431375 0.59607846 0.5764706 0.5019608 0.4627451 0.4745098 0.4392157 0.39607844 0.42745098 0.4117647 0.4392157 0.48235294 0.58431375 0.70980394 0.7254902 0.6901961 0.63529414 0.5372549 0.57254905 0.627451 0.7058824 0.60784316 0.6431373
0.4862745 0.49803922 0.5294118 0.5647059 0.6039216 0.5803922 0.5647059 0.58431375 0.5882353 0.5764706 0.5294118 0.5019608 0.52156866 0.4862745 0.42352942 0.43529412 0.41960785 0.35686275 0.3529412 0.47843137 0.5568628 0.6627451 0.7372549 0.6862745 0.57254905 0.5137255 0.47843137 0.49019608 0.5647059 0.6745098 0.74509805 0.6039216
0.48235294 0.49411765 0.5529412 0.60784316 0.6039216 0.6117647 0.654902 0.627451 0.5411765 0.49411765 0.49803922 0.5686275 0.57254905 0.4509804 0.3882353 0.4 0.3647059 0.32156864 0.3254902 0.47843137 0.5294118 0.58431375 0.5686275 0.47843137 0.5294118 0.6431373 0.6039216 0.4627451 0.54901963 0.6313726 0.7411765 0.80784315
0.5764706 0.5764706 0.5764706 0.5254902 0.42745098 0.4509804 0.6745098 0.7137255 0.5921569 0.49803922 0.4745098 0.5058824 0.47058824 0.39215687 0.36078432 0.34117648 0.3137255 0.29803923 0.2901961 0.38431373 0.41960785 0.3882353 0.3647059 0.43137255 0.7019608 0.8352941 0.8156863 0.5882353 0.5882353 0.58431375 0.6313726 0.85490197
0.7058824 0.75686276 0.58431375 0.44313726 0.34117648 0.32941177 0.41960785 0.45882353 0.44313726 0.36862746 0.3529412 0.36862746 0.38039216 0.34117648 0.31764707 0.31764707 0.3019608 0.28627452 0.2901961 0.32941177 0.38039216 0.3647059 0.34117648 0.5019608 0.7607843 0.8666667 0.9098039 0.7019608 0.654902 0.6666667 0.5882353 0.8156863
0.6313726 0.7372549 0.59607846 0.52156866 0.3882353 0.27450982 0.27058825 0.2784314 0.29803923 0.29411766 0.29803923 0.30588236 0.3019608 0.2901961 0.2901961 0.2901961 0.25882354 0.27450982 0.29803923 0.3529412 0.41568628 0.39607844 0.3882353 0.5058824 0.6784314 0.7647059 0.8862745 0.7176471 0.654902 0.7137255 0.68235296 0.7607843
0.49803922 0.5764706 0.6 0.49019608 0.37254903 0.26666668 0.25882354 0.2784314 0.29803923 0.30980393 0.30980393 0.29803923 0.29411766 0.28235295 0.26666668 0.2509804 0.23529412 0.26666668 0.30588236 0.36862746 0.47843137 0.45490196 0.4862745 0.5411765 0.5882353 0.72156864 0.8901961 0.7294118 0.6784314 0.79607844 0.7882353 0.7921569
0.42352942 0.4862745 0.49411765 0.34117648 0.2784314 0.2627451 0.26666668 0.28235295 0.30980393 0.32941177 0.32156864 0.31764707 0.3137255 0.29411766 0.25882354 0.24705882 0.23921569 0.25882354 0.3372549 0.40392157 0.39215687 0.38039216 0.5254902 0.5764706 0.54509807 0.63529414 0.7529412 0.80784315 0.7411765 0.88235295 0.85490197 0.7254902
0.38431373 0.41568628 0.34117648 0.27058825 0.2901961 0.28627452 0.27450982 0.2901961 0.31764707 0.34901962 0.34117648 0.3254902 0.30980393 0.3019608 0.27450982 0.25882354 0.25490198 0.27058825 0.36862746 0.5176471 0.4627451 0.38039216 0.4627451 0.53333336 0.49803922 0.5058824 0.54901963 0.75686276 0.7607843 0.7294118 0.6745098 0.5803922
0.34509805 0.2901961 0.25882354 0.27058825 0.30588236 0.3372549 0.3254902 0.30588236 0.32941177 0.33333334 0.3372549 0.3372549 0.30980393 0.3137255 0.29803923 0.28235295 0.2784314 0.30588236 0.39607844 0.5882353 0.74509805 0.73333335 0.79607844 0.69803923 0.47058824 0.5176471 0.5568628 0.6627451 0.7372549 0.5921569 0.49803922 0.6
0.2901961 0.2509804 0.24705882 0.26666668 0.29411766 0.32156864 0.34901962 0.32941177 0.3372549 0.34509805 0.3372549 0.34117648 0.3254902 0.3137255 0.29803923 0.28235295 0.28627452 0.30588236 0.34509805 0.41960785 0.7058824 0.9137255 0.87058824 0.627451 0.4627451 0.5647059 0.61960787 0.5882353 0.6039216 0.61960787 0.5921569 0.5686275
0.25882354 0.23921569 0.24705882 0.26666668 0.29803923 0.3137255 0.33333334 0.34117648 0.3372549 0.3529412 0.3372549 0.33333334 0.32941177 0.31764707 0.29803923 0.29411766 0.28235295 0.27450982 0.28627452 0.29411766 0.41960785 0.5372549 0.54509807 0.4392157 0.37254903 0.4 0.4627451 0.5882353 0.64705884 0.7764706 0.8627451 0.69411767
0.23921569 0.23137255 0.25882354 0.28627452 0.3019608 0.31764707 0.3254902 0.3372549 0.3254902 0.33333334 0.31764707 0.33333334 0.32941177 0.3019608 0.28627452 0.2784314 0.25490198 0.25490198 0.26666668 0.2784314 0.2784314 0.29411766 0.34509805 0.36862746 0.34901962 0.38431373 0.46666667 0.7529412 0.90588236 0.83137256 0.8862745 0.92156863
0.24313726 0.23529412 0.2627451 0.29803923 0.29411766 0.30588236 0.31764707 0.31764707 0.3137255 0.3137255 0.30588236 0.31764707 0.30588236 0.2901961 0.28235295 0.25882354 0.23529412 0.23529412 0.25490198 0.2627451 0.27450982 0.2901961 0.28627452 0.3372549 0.4 0.5254902 0.6039216 0.7529412 0.7176471 0.4862745 0.5686275 0.7019608
0.23921569 0.23529412 0.25882354 0.3019608 0.30588236 0.3019608 0.3137255 0.29803923 0.29803923 0.29411766 0.2901961 0.28627452 0.28627452 0.27058825 0.26666668 0.25490198 0.2509804 0.2509804 0.2509804 0.26666668 0.2784314 0.27450982 0.2784314 0.2901961 0.3372549 0.45882353 0.54509807 0.63529414 0.5176471 0.4392157 0.42745098 0.6431373
0.23529412 0.23921569 0.25882354 0.29411766 0.31764707 0.29803923 0.29411766 0.27450982 0.26666668 0.2627451 0.2627451 0.27058825 0.28627452 0.27058825 0.2627451 0.24705882 0.2509804 0.25882354 0.24705882 0.25882354 0.27450982 0.2784314 0.26666668 0.26666668 0.2901961 0.3137255 0.39607844 0.46666667 0.5019608 0.5137255 0.47843137 0.7294118
0.24705882 0.24313726 0.2509804 0.2627451 0.29411766 0.2901961 0.2784314 0.2509804 0.24313726 0.2509804 0.2784314 0.30588236 0.3137255 0.30980393 0.32156864 0.32941177 0.3254902 0.29411766 0.29803923 0.3019608 0.30588236 0.30588236 0.28627452 0.30980393 0.2901961 0.28235295 0.32941177 0.37254903 0.47843137 0.45882353 0.5882353 0.6431373
0.29411766 0.23921569 0.23137255 0.23137255 0.24705882 0.25490198 0.24705882 0.23921569 0.24705882 0.26666668 0.30980393 0.3372549 0.35686275 0.34901962 0.3647059 0.40784314 0.44313726 0.42745098 0.38039216 0.38431373 0.44313726 0.4627451 0.4509804 0.40784314 0.34509805 0.33333334 0.3254902 0.33333334 0.36862746 0.40392157 0.6509804 0.6862745
0.41568628 0.31764707 0.24705882 0.23137255 0.22352941 0.24313726 0.22352941 0.23921569 0.2627451 0.2901961 0.3372549 0.4 0.4627451 0.4392157 0.40392157 0.4627451 0.5411765 0.59607846 0.58431375 0.54901963 0.54901963 0.54509807 0.5764706 0.53333336 0.49019608 0.4627451 0.4627451 0.45882353 0.39607844 0.47843137 0.85882354 0.8745098
0.5058824 0.44705883 0.3372549 0.28627452 0.3254902 0.3137255 0.27450982 0.27058825 0.27450982 0.32941177 0.4509804 0.5529412 0.60784316 0.5529412 0.5294118 0.5803922 0.60784316 0.6117647 0.64705884 0.6862745 0.6745098 0.5647059 0.5686275 0.6 0.57254905 0.5372549 0.5294118 0.5372549 0.52156866 0.57254905 0.87058824 0.9647059
0.48235294 0.46666667 0.4 0.40392157 0.46666667 0.3882353 0.35686275 0.3647059 0.3529412 0.43529412 0.65882355 0.6862745 0.6431373 0.627451 0.7411765 0.78431374 0.73333335 0.7137255 0.63529414 0.5176471 0.5254902 0.5568628 0.54901963 0.69411767 0.70980394 0.67058825 0.6156863 0.5568628 0.5647059 0.56078434 0.68235296 0.7921569
0.5647059 0.50980395 0.49411765 0.53333336 0.42745098 0.39215687 0.4509804 0.43529412 0.40392157 0.49411765 0.6431373 0.627451 0.5882353 0.6784314 0.7647059 0.7254902 0.7411765 0.7607843 0.7647059 0.79607844 0.6666667 0.6156863 0.654902 0.7372549 0.70980394 0.7058824 0.654902 0.6392157 0.6 0.6313726 0.61960787 0.49019608
0.6509804 0.6509804 0.6509804 0.6117647 0.5137255 0.47058824 0.45882353 0.40392157 0.3529412 0.46666667 0.53333336 0.54901963 0.5686275 0.64705884 0.6392157 0.6156863 0.63529414 0.6313726 0.77254903 0.91764706 0.9411765 0.87058824 0.8156863 0.8627451 0.81960785 0.7176471 0.6117647 0.6784314 0.6784314 0.7137255 0.7294118 0.6313726
0.5803922 0.60784316 0.6666667 0.6784314 0.65882355 0.62352943 0.58431375 0.52156866 0.42352942 0.49019608 0.5529412 0.5647059 0.627451 0.654902 0.6431373 0.7254902 0.7137255 0.6784314 0.77254903 0.84313726 0.9019608 0.94509804 0.9411765 0.9372549 0.92941177 0.827451 0.7058824 0.6666667 0.7176471 0.78039217 0.7921569 0.7647059
0.6313726 0.5686275 0.52156866 0.6039216 0.7019608 0.7176471 0.69803923 0.6666667 0.5568628 0.47058824 0.57254905 0.61960787 0.64705884 0.6862745 0.69411767 0.7490196 0.7019608 0.65882355 0.68235296 0.7921569 0.83137256 0.9019608 0.9607843 0.96862745 0.8862745 0.8666667 0.8509804 0.78431374 0.7882353 0.7882353 0.7254902 0.6117647
0.74509805 0.6745098 0.5372549 0.4745098 0.5764706 0.6156863 0.69411767 0.77254903 0.69411767 0.4627451 0.5254902 0.6627451 0.6745098 0.654902 0.61960787 0.62352943 0.60784316 0.5803922 0.6313726 0.7764706 0.8509804 0.8980392 0.9529412 0.9607843 0.8980392 0.90588236 0.84313726 0.9098039 0.9372549 0.9372549 0.8627451 0.6313726
0.7490196 0.7254902 0.627451 0.53333336 0.5176471 0.5529412 0.65882355 0.74509805 0.68235296 0.5294118 0.4862745 0.6627451 0.69803923 0.65882355 0.64705884 0.6431373 0.6392157 0.63529414 0.6784314 0.7490196 0.80784315 0.87058824 0.9490196 0.9098039 0.8352941 0.8901961 0.8901961 0.92156863 0.96862745 0.9647059 0.9647059 0.8666667
0.5764706 0.6039216 0.62352943 0.6431373 0.7019608 0.7254902 0.7372549 0.7294118 0.7294118 0.72156864 0.7019608 0.7058824 0.70980394 0.73333335 0.7058824 0.6627451 0.7764706 0.84705883 0.8039216 0.7254902 0.8352941 0.79607844 0.8392157 0.90588236 0.91764706 0.91764706 0.91764706 0.90588236 0.91764706 0.91764706 0.89411765 0.87058824
0.53333336 0.5529412 0.5882353 0.6313726 0.65882355 0.65882355 0.6745098 0.68235296 0.69803923 0.7058824 0.7294118 0.78039217 0.79607844 0.81960785 0.8 0.7254902 0.74509805 0.84313726 0.7921569 0.6627451 0.7490196 0.7019608 0.6862745 0.7607843 0.7921569 0.7529412 0.76862746 0.7882353 0.8980392 0.89411765 0.90588236 0.84313726
0.6313726 0.6313726 0.61960787 0.61960787 0.6156863 0.6156863 0.627451 0.654902 0.7019608 0.7372549 0.7490196 0.7411765 0.7254902 0.69803923 0.6627451 0.6745098 0.7058824 0.8117647 0.69411767 0.57254905 0.5529412 0.5764706 0.5568628 0.5568628 0.654902 0.6431373 0.7058824 0.8352941 0.88235295 0.8745098 0.91764706 0.9254902
0.5686275 0.58431375 0.5921569 0.58431375 0.59607846 0.627451 0.67058825 0.7137255 0.7764706 0.827451 0.8352941 0.8156863 0.7882353 0.73333335 0.70980394 0.69803923 0.7019608 0.6509804 0.5686275 0.4627451 0.38431373 0.45882353 0.5529412 0.5529412 0.5764706 0.60784316 0.63529414 0.827451 0.81960785 0.83137256 0.9372549 0.9098039
0.49803922 0.5058824 0.53333336 0.53333336 0.52156866 0.5529412 0.58431375 0.6039216 0.63529414 0.6862745 0.7529412 0.7647059 0.79607844 0.74509805 0.6862745 0.6 0.5058824 0.4862745 0.47058824 0.39607844 0.3764706 0.4745098 0.67058825 0.6901961 0.6666667 0.77254903 0.7019608 0.8117647 0.84313726 0.8117647 0.8117647 0.92156863
0.5882353 0.6039216 0.627451 0.63529414 0.5882353 0.5764706 0.6156863 0.68235296 0.7490196 0.7529412 0.7490196 0.7137255 0.6313726 0.5882353 0.54509807 0.4627451 0.41960785 0.4745098 0.43529412 0.4 0.43529412 0.5803922 0.74509805 0.7764706 0.7607843 0.7254902 0.6784314 0.7921569 0.84313726 0.8862745 0.7607843 0.76862746
0.59607846 0.60784316 0.6627451 0.70980394 0.72156864 0.6901961 0.6862745 0.7294118 0.7372549 0.70980394 0.64705884 0.6 0.6117647 0.5647059 0.44705883 0.41960785 0.43137255 0.40784314 0.3764706 0.42745098 0.49803922 0.654902 0.75686276 0.69803923 0.59607846 0.5803922 0.6117647 0.70980394 0.8 0.87058824 0.85490197 0.72156864
0.5764706 0.58431375 0.6745098 0.75686276 0.73333335 0.7137255 0.74509805 0.72156864 0.627451 0.5647059 0.5529412 0.6117647 0.6039216 0.4745098 0.38431373 0.3882353 0.3882353 0.3764706 0.3529412 0.4392157 0.47843137 0.5686275 0.57254905 0.45490196 0.49411765 0.6431373 0.65882355 0.60784316 0.77254903 0.85882354 0.8745098 0.89411765
0.67058825 0.63529414 0.67058825 0.6431373 0.5058824 0.49411765 0.6862745 0.7176471 0.60784316 0.5137255 0.48235294 0.5058824 0.4627451 0.38431373 0.34901962 0.34117648 0.34901962 0.34901962 0.30980393 0.3529412 0.37254903 0.36078432 0.34901962 0.37254903 0.6117647 0.78039217 0.8 0.59607846 0.7254902 0.80784315 0.84313726 0.94509804
0.81960785 0.7882353 0.6313726 0.50980395 0.38039216 0.33333334 0.40392157 0.4392157 0.43529412 0.36078432 0.34509805 0.3529412 0.36862746 0.34117648 0.33333334 0.34509805 0.34901962 0.32156864 0.29411766 0.3019608 0.33333334 0.32156864 0.29803923 0.40784314 0.6313726 0.8 0.89411765 0.68235296 0.69411767 0.7921569 0.7921569 0.92941177
0.7647059 0.75686276 0.6 0.5568628 0.43137255 0.3019608 0.28627452 0.29411766 0.3019608 0.28235295 0.2901961 0.29803923 0.3019608 0.31764707 0.33333334 0.3372549 0.30588236 0.29803923 0.28627452 0.3254902 0.36862746 0.3372549 0.3254902 0.3882353 0.5372549 0.69411767 0.9137255 0.7764706 0.654902 0.72156864 0.7764706 0.8745098
0.65882355 0.62352943 0.59607846 0.4862745 0.38431373 0.27058825 0.2627451 0.28235295 0.2901961 0.29411766 0.29803923 0.28235295 0.28235295 0.2901961 0.28627452 0.2784314 0.26666668 0.28235295 0.2901961 0.32156864 0.41568628 0.39607844 0.4117647 0.43137255 0.45882353 0.61960787 0.8666667 0.7882353 0.6862745 0.78431374 0.8156863 0.8627451
0.5764706 0.54509807 0.49411765 0.32156864 0.2627451 0.24313726 0.24705882 0.2627451 0.2901961 0.30588236 0.3019608 0.29803923 0.29411766 0.28235295 0.25490198 0.2509804 0.25490198 0.26666668 0.30980393 0.3372549 0.31764707 0.30980393 0.40784314 0.45490196 0.47058824 0.6117647 0.76862746 0.84705883 0.77254903 0.9098039 0.90588236 0.84705883
0.5137255 0.45882353 0.3372549 0.25490198 0.27058825 0.27058825 0.25490198 0.27058825 0.2901961 0.31764707 0.30980393 0.29803923 0.28235295 0.28627452 0.26666668 0.2627451 0.26666668 0.27058825 0.32941177 0.4392157 0.37254903 0.29411766 0.31764707 0.41568628 0.4862745 0.58431375 0.65882355 0.8392157 0.8509804 0.8392157 0.8352941 0.83137256
0.43529412 0.31764707 0.24705882 0.2509804 0.28627452 0.3137255 0.3019608 0.2784314 0.3019608 0.29803923 0.30588236 0.30588236 0.2784314 0.29411766 0.28627452 0.2784314 0.28627452 0.3019608 0.35686275 0.50980395 0.654902 0.64705884 0.7137255 0.6666667 0.50980395 0.5921569 0.654902 0.8 0.89411765 0.79607844 0.76862746 0.8980392
0.34901962 0.2509804 0.23529412 0.24705882 0.26666668 0.2901961 0.31764707 0.3019608 0.3019608 0.30588236 0.29803923 0.3019608 0.2901961 0.28627452 0.28235295 0.2784314 0.2901961 0.30588236 0.32156864 0.36078432 0.6313726 0.8509804 0.84313726 0.64705884 0.52156866 0.6039216 0.6509804 0.68235296 0.7137255 0.76862746 0.8039216 0.78039217
0.2901961 0.23137255 0.23529412 0.2509804 0.2627451 0.2784314 0.29803923 0.30588236 0.29803923 0.30980393 0.29411766 0.2901961 0.28627452 0.28627452 0.2784314 0.28235295 0.2784314 0.28235295 0.2784314 0.25882354 0.37254903 0.49411765 0.5019608 0.44313726 0.42745098 0.44705883 0.48235294 0.5803922 0.6392157 0.8 0.9372549 0.7764706
0.24313726 0.22352941 0.24705882 0.2627451 0.2627451 0.2784314 0.28627452 0.29803923 0.2901961 0.29803923 0.28235295 0.29411766 0.29411766 0.27450982 0.2627451 0.27058825 0.25490198 0.2627451 0.27450982 0.27450982 0.27450982 0.2901961 0.32941177 0.3764706 0.40784314 0.49019608 0.6 0.79607844 0.827451 0.827451 0.9529412 0.9490196
0.23529412 0.22745098 0.2509804 0.27450982 0.25882354 0.27058825 0.28627452 0.28627452 0.28627452 0.2901961 0.28235295 0.29411766 0.28235295 0.27058825 0.27058825 0.25490198 0.24313726 0.24313726 0.25490198 0.27058825 0.2901961 0.30588236 0.28627452 0.34901962 0.47843137 0.69803923 0.8509804 0.91764706 0.7058824 0.5294118 0.62352943 0.69803923
0.24705882 0.22352941 0.24313726 0.28235295 0.2784314 0.27450982 0.28627452 0.27058825 0.2784314 0.28235295 0.27450982 0.27058825 0.27058825 0.2627451 0.26666668 0.25490198 0.25490198 0.25490198 0.2509804 0.27058825 0.28235295 0.28235295 0.2627451 0.28627452 0.4 0.6039216 0.7647059 0.81960785 0.6 0.52156866 0.43137255 0.6
0.2509804 0.22352941 0.24313726 0.28235295 0.3019608 0.28235295 0.2784314 0.25882354 0.25882354 0.25882354 0.2627451 0.26666668 0.28627452 0.2784314 0.27058825 0.25490198 0.25882354 0.2627451 0.2509804 0.2627451 0.27450982 0.28235295 0.2784314 0.26666668 0.2784314 0.32156864 0.44313726 0.54901963 0.59607846 0.627451 0.5176471 0.6901961
0.27450982 0.22352941 0.23137255 0.25882354 0.28627452 0.28235295 0.26666668 0.23921569 0.24313726 0.2627451 0.2901961 0.3137255 0.3254902 0.33333334 0.34117648 0.34509805 0.3372549 0.3019608 0.30980393 0.30980393 0.30980393 0.30980393 0.30588236 0.30588236 0.24705882 0.22745098 0.28235295 0.36078432 0.50980395 0.5176471 0.6509804 0.6431373
0.32941177 0.21568628 0.21176471 0.23529412 0.23921569 0.24313726 0.23921569 0.22745098 0.25490198 0.28235295 0.3254902 0.35686275 0.3764706 0.38431373 0.39607844 0.43137255 0.45490196 0.4392157 0.4 0.39607844 0.4509804 0.46666667 0.44705883 0.39607844 0.3372549 0.36078432 0.36078432 0.33333334 0.36078432 0.3764706 0.65882355 0.7019608
0.43529412 0.3137255 0.24313726 0.23529412 0.22352941 0.23137255 0.21176471 0.23137255 0.26666668 0.29411766 0.33333334 0.40392157 0.48235294 0.47843137 0.4745098 0.5411765 0.58431375 0.60784316 0.5882353 0.56078434 0.57254905 0.5803922 0.64705884 0.62352943 0.6039216 0.6117647 0.6117647 0.54509807 0.42745098 0.45490196 0.8392157 0.8509804
0.5019608 0.44705883 0.33333334 0.28235295 0.3254902 0.30980393 0.28627452 0.30588236 0.31764707 0.34509805 0.43529412 0.5294118 0.59607846 0.5686275 0.5921569 0.65882355 0.6392157 0.6 0.6313726 0.6901961 0.69803923 0.60784316 0.6627451 0.7294118 0.70980394 0.6901961 0.69411767 0.6901961 0.6627451 0.6745098 0.91764706 0.9490196
0.47058824 0.45490196 0.3882353 0.3882353 0.44705883 0.3882353 0.40784314 0.4627451 0.4509804 0.4862745 0.6431373 0.627451 0.5764706 0.5882353 0.7411765 0.7882353 0.7019608 0.6666667 0.6039216 0.5019608 0.53333336 0.5764706 0.5764706 0.7411765 0.7764706 0.7529412 0.7176471 0.7019608 0.77254903 0.76862746 0.8039216 0.8235294
0.53333336 0.48235294 0.47058824 0.5019608 0.3882353 0.3764706 0.49411765 0.5411765 0.5176471 0.54509807 0.6156863 0.5411765 0.4862745 0.6 0.70980394 0.6666667 0.65882355 0.68235296 0.70980394 0.75686276 0.6509804 0.60784316 0.6313726 0.7176471 0.70980394 0.72156864 0.68235296 0.70980394 0.7607843 0.8156863 0.7411765 0.53333336
0.59607846 0.6039216 0.6117647 0.5647059 0.4509804 0.41960785 0.4509804 0.4392157 0.39607844 0.46666667 0.47843137 0.45490196 0.47843137 0.57254905 0.5647059 0.5372549 0.5411765 0.5372549 0.69411767 0.85490197 0.9019608 0.84313726 0.78431374 0.83137256 0.7921569 0.69411767 0.5882353 0.6745098 0.7058824 0.7647059 0.77254903 0.654902
0.50980395 0.54509807 0.6156863 0.61960787 0.5764706 0.53333336 0.5058824 0.4627451 0.38039216 0.42745098 0.46666667 0.4745098 0.5568628 0.6 0.5764706 0.6431373 0.6313726 0.5921569 0.6784314 0.76862746 0.84705883 0.90588236 0.92941177 0.9254902 0.9019608 0.7882353 0.6745098 0.64705884 0.65882355 0.72156864 0.7882353 0.8
0.5568628 0.5019608 0.44313726 0.5254902 0.6117647 0.6313726 0.6117647 0.5803922 0.47843137 0.3882353 0.4862745 0.5411765 0.5764706 0.6156863 0.61960787 0.6745098 0.61960787 0.5647059 0.5882353 0.7137255 0.77254903 0.87058824 0.9607843 0.9647059 0.8509804 0.8235294 0.8156863 0.75686276 0.7294118 0.7254902 0.69411767 0.63529414
0.6784314 0.60784316 0.4509804 0.39215687 0.49019608 0.53333336 0.61960787 0.69803923 0.61960787 0.3882353 0.4509804 0.5882353 0.59607846 0.56078434 0.5411765 0.5568628 0.5176471 0.47843137 0.5411765 0.7019608 0.8 0.8627451 0.9529412 0.94509804 0.8509804 0.8627451 0.8117647 0.88235295 0.90588236 0.9098039 0.83137256 0.6313726
0.6901961 0.6666667 0.5568628 0.45882353 0.43137255 0.45882353 0.56078434 0.65882355 0.60784316 0.45490196 0.4117647 0.5882353 0.62352943 0.57254905 0.5764706 0.5803922 0.5568628 0.5411765 0.5882353 0.6745098 0.74509805 0.81960785 0.93333334 0.8862745 0.78431374 0.84705883 0.87058824 0.9137255 0.9607843 0.95686275 0.95686275 0.87058824
7 3 0
9 15 1
10 30 0
11 22 0
23 0 0
20 5 2
14 23 0
25 22 2
9 8 0
11 1 0
13 18 2
15 30 1
29 23 1
16 10 2
5 17 2
10 21 2
29 13 1
6 13 2
2 9 2
30 8 1
29 13 1
7 18 2
11 4 0
4 8 2
10 18 2
26 16 2
25 7 2
0 9 1
17 0 1
17 11 1
