32, 32, 3, 30
0.8666667 0.88235295 0.8862745 0.8901961 0.89411765 0.8980392 0.8745098 0.78039217 0.6431373 0.60784316 0.56078434 0.6 0.54901963 0.47843137 0.5176471 0.5372549 0.57254905 0.61960787 0.6627451 0.6784314 0.5568628 0.42745098 0.54901963 0.42352942 0.21176471 0.22745098 0.18039216 0.17254902 0.14117648 0.08627451 0.09411765 0.08235294
0.8745098 0.8901961 0.8980392 0.9019608 0.9098039 0.9019608 0.85882354 0.75686276 0.60784316 0.5882353 0.60784316 0.5686275 0.49019608 0.5137255 0.50980395 0.46666667 0.4745098 0.5411765 0.6392157 0.69411767 0.6784314 0.5803922 0.43529412 0.22352941 0.20784314 0.21568628 0.16470589 0.18039216 0.105882354 0.08235294 0.09411765 0.078431375
0.8862745 0.9019608 0.90588236 0.9098039 0.91764706 0.8980392 0.8156863 0.69411767 0.5529412 0.58431375 0.6313726 0.5372549 0.4627451 0.5058824 0.47843137 0.43137255 0.42352942 0.58431375 0.6431373 0.70980394 0.6745098 0.36862746 0.1764706 0.13333334 0.13725491 0.1764706 0.13333334 0.15686275 0.10980392 0.07450981 0.07058824 0.07450981
0.9019608 0.9137255 0.9137255 0.89411765 0.90588236 0.9137255 0.78431374 0.6431373 0.57254905 0.61960787 0.62352943 0.5137255 0.42352942 0.46666667 0.50980395 0.49411765 0.54901963 0.7490196 0.73333335 0.61960787 0.3019608 0.16862746 0.105882354 0.08627451 0.08235294 0.105882354 0.105882354 0.105882354 0.105882354 0.07450981 0.07450981 0.07450981
0.8862745 0.89411765 0.8784314 0.85490197 0.8784314 0.9019608 0.7764706 0.6784314 0.654902 0.6431373 0.62352943 0.54901963 0.42352942 0.4392157 0.5294118 0.54901963 0.6313726 0.80784315 0.5647059 0.23921569 0.18431373 0.14117648 0.08235294 0.07058824 0.07058824 0.09019608 0.105882354 0.08627451 0.08627451 0.078431375 0.07058824 0.06666667
0.81960785 0.83137256 0.827451 0.81960785 0.84313726 0.8392157 0.78039217 0.75686276 0.69803923 0.6627451 0.654902 0.5764706 0.43137255 0.40392157 0.49019608 0.61960787 0.63529414 0.45882353 0.21176471 0.20392157 0.16862746 0.11372549 0.08627451 0.0627451 0.05490196 0.07450981 0.09803922 0.101960786 0.09411765 0.09019608 0.08627451 0.06666667
0.7882353 0.79607844 0.79607844 0.8039216 0.8039216 0.7882353 0.8 0.79607844 0.7490196 0.7137255 0.6431373 0.5176471 0.45490196 0.43529412 0.5411765 0.6431373 0.3137255 0.16470589 0.18431373 0.14901961 0.11372549 0.08627451 0.07058824 0.05490196 0.047058824 0.06666667 0.09019608 0.105882354 0.13333334 0.09803922 0.11764706 0.07058824
0.78431374 0.7882353 0.8 0.8117647 0.8039216 0.8 0.8117647 0.8156863 0.78431374 0.7176471 0.5568628 0.47058824 0.54901963 0.45882353 0.41568628 0.21176471 0.05490196 0.078431375 0.10980392 0.08627451 0.078431375 0.07058824 0.05882353 0.05490196 0.050980393 0.0627451 0.078431375 0.09019608 0.15294118 0.105882354 0.105882354 0.10980392
0.7921569 0.8 0.80784315 0.8117647 0.8117647 0.8156863 0.80784315 0.78039217 0.69803923 0.5921569 0.48235294 0.4745098 0.45882353 0.27058825 0.33333334 0.23529412 0.08235294 0.050980393 0.07450981 0.08627451 0.0627451 0.05882353 0.050980393 0.050980393 0.047058824 0.050980393 0.08235294 0.101960786 0.08627451 0.09803922 0.11764706 0.1254902
0.8 0.80784315 0.80784315 0.80784315 0.80784315 0.7882353 0.73333335 0.64705884 0.5529412 0.52156866 0.43137255 0.45882353 0.27058825 0.28235295 0.49019608 0.5372549 0.26666668 0.07450981 0.050980393 0.05490196 0.05490196 0.050980393 0.047058824 0.07058824 0.05490196 0.05490196 0.08627451 0.11372549 0.12941177 0.101960786 0.13725491 0.15294118
0.79607844 0.8039216 0.8 0.8039216 0.8039216 0.74509805 0.62352943 0.5568628 0.62352943 0.63529414 0.50980395 0.45490196 0.16078432 0.19215687 0.50980395 0.6666667 0.31764707 0.07058824 0.050980393 0.047058824 0.050980393 0.050980393 0.043137256 0.0627451 0.043137256 0.050980393 0.07450981 0.09803922 0.13333334 0.10980392 0.14901961 0.18039216
0.8 0.8039216 0.79607844 0.80784315 0.8117647 0.7372549 0.5921569 0.7137255 0.87058824 0.654902 0.3882353 0.18039216 0.06666667 0.09803922 0.3372549 0.47058824 0.42745098 0.09411765 0.047058824 0.050980393 0.08235294 0.11764706 0.050980393 0.07058824 0.06666667 0.047058824 0.06666667 0.09019608 0.11764706 0.105882354 0.1764706 0.16862746
0.74509805 0.76862746 0.7882353 0.80784315 0.80784315 0.74509805 0.6862745 0.8509804 0.60784316 0.25882354 0.1254902 0.0627451 0.10980392 0.15686275 0.23921569 0.45882353 0.3254902 0.09411765 0.043137256 0.05490196 0.07058824 0.2 0.105882354 0.101960786 0.07450981 0.043137256 0.05882353 0.07450981 0.09411765 0.09803922 0.15686275 0.18431373
0.5568628 0.8 0.827451 0.79607844 0.7921569 0.73333335 0.83137256 0.9098039 0.5019608 0.30980393 0.21568628 0.06666667 0.09803922 0.11764706 0.10980392 0.24313726 0.2 0.07058824 0.043137256 0.05882353 0.05882353 0.18431373 0.21960784 0.17254902 0.101960786 0.043137256 0.043137256 0.05882353 0.06666667 0.08235294 0.105882354 0.12941177
0.5882353 0.92941177 0.8784314 0.8 0.7529412 0.7921569 0.94509804 0.99607843 0.8509804 0.6862745 0.6509804 0.25882354 0.08627451 0.11764706 0.043137256 0.078431375 0.15294118 0.050980393 0.050980393 0.05882353 0.05882353 0.14117648 0.46666667 0.46666667 0.16862746 0.050980393 0.0627451 0.050980393 0.047058824 0.07058824 0.09019608 0.101960786
0.9137255 0.95686275 0.8509804 0.7764706 0.74509805 0.9098039 0.99607843 0.99607843 0.93333334 0.8862745 0.8352941 0.5254902 0.09019608 0.12941177 0.09803922 0.14117648 0.13333334 0.0627451 0.05882353 0.05882353 0.05882353 0.11764706 0.67058825 0.7764706 0.34509805 0.11764706 0.0627451 0.043137256 0.047058824 0.0627451 0.08627451 0.09803922
0.99607843 0.89411765 0.8039216 0.7490196 0.827451 0.9764706 0.99607843 0.99215686 0.99607843 0.9882353 0.85490197 0.54509807 0.101960786 0.105882354 0.12156863 0.21568628 0.09803922 0.047058824 0.05490196 0.0627451 0.05882353 0.14117648 0.6784314 0.8 0.6901961 0.26666668 0.043137256 0.03529412 0.043137256 0.05882353 0.08235294 0.07450981
0.9372549 0.83137256 0.80784315 0.75686276 0.8980392 0.9882353 0.99607843 0.99215686 0.99215686 0.9882353 0.70980394 0.5803922 0.18431373 0.09411765 0.09411765 0.14509805 0.22352941 0.043137256 0.05490196 0.05882353 0.050980393 0.2784314 0.72156864 0.78431374 0.75686276 0.2627451 0.047058824 0.03137255 0.03529412 0.043137256 0.05882353 0.05490196
0.84705883 0.8352941 0.85490197 0.79607844 0.8784314 0.93333334 0.9843137 0.99607843 0.99215686 0.8862745 0.53333336 0.46666667 0.22352941 0.07058824 0.0627451 0.23921569 0.42745098 0.07058824 0.043137256 0.039215688 0.15686275 0.5411765 0.7058824 0.7647059 0.7058824 0.18039216 0.043137256 0.043137256 0.047058824 0.039215688 0.039215688 0.043137256
0.81960785 0.8039216 0.85882354 0.8352941 0.84313726 0.8509804 0.92941177 0.99607843 0.9137255 0.70980394 0.62352943 0.52156866 0.24313726 0.07058824 0.07058824 0.22745098 0.27058825 0.0627451 0.05882353 0.22745098 0.5568628 0.68235296 0.65882355 0.6784314 0.7176471 0.5764706 0.19607843 0.039215688 0.03137255 0.043137256 0.047058824 0.043137256
0.7764706 0.77254903 0.8156863 0.83137256 0.84313726 0.78431374 0.8156863 0.9098039 0.77254903 0.72156864 0.74509805 0.6627451 0.42745098 0.18431373 0.14509805 0.19607843 0.1254902 0.05490196 0.18039216 0.62352943 0.6745098 0.60784316 0.6117647 0.6156863 0.654902 0.7254902 0.54509807 0.101960786 0.047058824 0.043137256 0.039215688 0.047058824
0.7294118 0.8 0.8039216 0.83137256 0.85490197 0.8117647 0.72156864 0.6509804 0.654902 0.7411765 0.74509805 0.7137255 0.5529412 0.25882354 0.1764706 0.16470589 0.09803922 0.08235294 0.27450982 0.6666667 0.54901963 0.52156866 0.5411765 0.58431375 0.6156863 0.64705884 0.6627451 0.24705882 0.05490196 0.039215688 0.03529412 0.043137256
0.77254903 0.81960785 0.7882353 0.8352941 0.9019608 0.8666667 0.7529412 0.6431373 0.654902 0.6901961 0.7176471 0.7058824 0.5647059 0.4392157 0.23921569 0.14509805 0.07450981 0.11764706 0.30980393 0.6156863 0.57254905 0.52156866 0.5058824 0.5568628 0.61960787 0.64705884 0.7019608 0.4117647 0.050980393 0.03529412 0.043137256 0.06666667
0.89411765 0.827451 0.78431374 0.84705883 0.9764706 0.8901961 0.7058824 0.7294118 0.69803923 0.6509804 0.69411767 0.74509805 0.654902 0.5294118 0.45490196 0.1882353 0.06666667 0.05882353 0.41960785 0.627451 0.6313726 0.6509804 0.69803923 0.7019608 0.7294118 0.70980394 0.6392157 0.44705883 0.050980393 0.039215688 0.050980393 0.09411765
0.98039216 0.84705883 0.8 0.9137255 1.0 0.8666667 0.7019608 0.7764706 0.69411767 0.6431373 0.70980394 0.79607844 0.6862745 0.5568628 0.62352943 0.18431373 0.18431373 0.3647059 0.6627451 0.68235296 0.69411767 0.7411765 0.8666667 0.8509804 0.87058824 0.83137256 0.654902 0.4745098 0.02745098 0.03137255 0.2 0.44313726
0.972549 0.81960785 0.7411765 0.9411765 0.99215686 0.7882353 0.7254902 0.76862746 0.67058825 0.7019608 0.7647059 0.79607844 0.6901961 0.6666667 0.7294118 0.5254902 0.52156866 0.68235296 0.67058825 0.7254902 0.69803923 0.68235296 0.8156863 0.7921569 0.80784315 0.7882353 0.6862745 0.5529412 0.24705882 0.44705883 0.7372549 0.8392157
0.87058824 0.70980394 0.6509804 0.91764706 0.9098039 0.6039216 0.6862745 0.7294118 0.70980394 0.76862746 0.78431374 0.7764706 0.75686276 0.77254903 0.76862746 0.7411765 0.69411767 0.6431373 0.64705884 0.73333335 0.69411767 0.6745098 0.7607843 0.7647059 0.7529412 0.70980394 0.67058825 0.72156864 0.81960785 0.87058824 0.85490197 0.8156863
0.79607844 0.654902 0.69411767 0.7372549 0.64705884 0.5372549 0.62352943 0.7294118 0.78431374 0.79607844 0.7529412 0.7490196 0.7647059 0.76862746 0.7921569 0.7294118 0.7019608 0.68235296 0.6431373 0.7254902 0.6745098 0.7019608 0.7647059 0.7882353 0.7764706 0.69803923 0.6627451 0.7490196 0.87058824 0.87058824 0.8509804 0.80784315
0.77254903 0.67058825 0.74509805 0.7019608 0.6666667 0.69411767 0.6745098 0.7372549 0.8039216 0.8 0.7607843 0.76862746 0.7411765 0.7294118 0.8117647 0.7647059 0.7372549 0.7372549 0.72156864 0.73333335 0.627451 0.64705884 0.7490196 0.7921569 0.7529412 0.7058824 0.68235296 0.76862746 0.8666667 0.87058824 0.84313726 0.7490196
0.654902 0.6 0.6039216 0.6156863 0.64705884 0.68235296 0.6745098 0.69411767 0.7490196 0.77254903 0.79607844 0.8 0.7607843 0.77254903 0.85882354 0.84705883 0.80784315 0.8235294 0.80784315 0.78039217 0.64705884 0.60784316 0.7647059 0.8117647 0.74509805 0.7176471 0.68235296 0.7921569 0.87058824 0.8627451 0.8117647 0.7019608
0.5372549 0.50980395 0.45882353 0.45882353 0.49019608 0.5254902 0.5529412 0.54509807 0.5686275 0.61960787 0.67058825 0.65882355 0.6666667 0.7058824 0.7764706 0.8 0.77254903 0.8039216 0.8117647 0.827451 0.75686276 0.70980394 0.8352941 0.87058824 0.81960785 0.7882353 0.7411765 0.81960785 0.8666667 0.8509804 0.78431374 0.68235296
0.49803922 0.47058824 0.43529412 0.43137255 0.47058824 0.46666667 0.46666667 0.42745098 0.42745098 0.47058824 0.49019608 0.46666667 0.48235294 0.5529412 0.6039216 0.61960787 0.60784316 0.63529414 0.68235296 0.74509805 0.7058824 0.7137255 0.8352941 0.8862745 0.8784314 0.8745098 0.80784315 0.8352941 0.8627451 0.83137256 0.7490196 0.7294118
1.0 1.0 0.99607843 0.99607843 0.99607843 0.99607843 1.0 0.90588236 0.7058824 0.654902 0.63529414 0.7294118 0.64705884 0.5411765 0.5921569 0.6156863 0.627451 0.65882355 0.72156864 0.7764706 0.67058825 0.52156866 0.62352943 0.47843137 0.23529412 0.24705882 0.19607843 0.18039216 0.14901961 0.08627451 0.09411765 0.078431375
0.99607843 1.0 0.99607843 0.99607843 0.99607843 0.99607843 0.99215686 0.8862745 0.67058825 0.6392157 0.6745098 0.65882355 0.5529412 0.5803922 0.6 0.54509807 0.5294118 0.6039216 0.69803923 0.7764706 0.7882353 0.6901961 0.4862745 0.24705882 0.22352941 0.23529412 0.17254902 0.18431373 0.105882354 0.078431375 0.09019608 0.07450981
0.99607843 0.99607843 0.99607843 0.99607843 0.99215686 0.99607843 0.9490196 0.80784315 0.64705884 0.6509804 0.68235296 0.6039216 0.5254902 0.5647059 0.57254905 0.50980395 0.50980395 0.6745098 0.7176471 0.79607844 0.77254903 0.4392157 0.1882353 0.14509805 0.14901961 0.18039216 0.13725491 0.15294118 0.101960786 0.06666667 0.06666667 0.07058824
0.99607843 0.99607843 0.99607843 0.99607843 0.99607843 0.99607843 0.91764706 0.7490196 0.6784314 0.6901961 0.67058825 0.5921569 0.5137255 0.5568628 0.5921569 0.5803922 0.67058825 0.8980392 0.84705883 0.69803923 0.3647059 0.2 0.11372549 0.09019608 0.08627451 0.105882354 0.11372549 0.105882354 0.09803922 0.06666667 0.06666667 0.06666667
0.9843137 0.9882353 0.9882353 0.9764706 0.99215686 0.99215686 0.8901961 0.76862746 0.7607843 0.7019608 0.6784314 0.64705884 0.5294118 0.54901963 0.6 0.6117647 0.74509805 0.9529412 0.67058825 0.28627452 0.20784314 0.16078432 0.09019608 0.07058824 0.07058824 0.09411765 0.11372549 0.08627451 0.08235294 0.07450981 0.0627451 0.0627451
0.8745098 0.8862745 0.8745098 0.85490197 0.89411765 0.8980392 0.827451 0.7921569 0.75686276 0.68235296 0.6784314 0.6784314 0.5294118 0.49019608 0.5647059 0.7137255 0.74509805 0.5372549 0.24705882 0.23137255 0.1882353 0.11764706 0.08627451 0.05882353 0.05490196 0.07058824 0.09803922 0.105882354 0.09411765 0.08627451 0.08235294 0.0627451
0.73333335 0.74509805 0.7490196 0.7529412 0.7607843 0.76862746 0.75686276 0.7529412 0.7176471 0.6784314 0.62352943 0.5882353 0.5686275 0.54901963 0.6431373 0.73333335 0.34901962 0.17254902 0.19215687 0.16078432 0.12156863 0.08235294 0.06666667 0.050980393 0.047058824 0.0627451 0.09019608 0.10980392 0.13725491 0.101960786 0.12156863 0.07058824
0.72156864 0.7294118 0.73333335 0.74509805 0.7411765 0.7411765 0.7490196 0.7490196 0.7254902 0.6745098 0.54509807 0.5372549 0.6784314 0.57254905 0.4745098 0.24313726 0.05882353 0.09019608 0.11764706 0.08627451 0.07450981 0.07058824 0.05882353 0.05490196 0.050980393 0.05882353 0.08235294 0.09019608 0.15294118 0.10980392 0.10980392 0.11764706
0.73333335 0.7411765 0.7529412 0.7529412 0.7529412 0.75686276 0.75686276 0.73333335 0.6745098 0.59607846 0.50980395 0.5529412 0.5254902 0.24705882 0.28235295 0.1882353 0.09411765 0.05490196 0.07450981 0.08627451 0.05882353 0.05882353 0.050980393 0.05490196 0.047058824 0.050980393 0.08235294 0.09803922 0.08627451 0.101960786 0.12156863 0.13333334
0.7411765 0.7490196 0.7490196 0.7490196 0.7490196 0.7372549 0.6901961 0.61960787 0.54901963 0.5294118 0.44313726 0.5019608 0.2784314 0.22352941 0.43529412 0.49019608 0.22352941 0.08235294 0.05882353 0.05882353 0.05490196 0.050980393 0.047058824 0.07058824 0.05490196 0.05490196 0.08627451 0.10980392 0.12941177 0.105882354 0.14117648 0.16470589
0.7411765 0.74509805 0.7411765 0.74509805 0.7490196 0.69803923 0.59607846 0.53333336 0.5921569 0.5921569 0.4862745 0.4627451 0.16078432 0.15294118 0.46666667 0.6313726 0.2784314 0.07058824 0.05490196 0.047058824 0.050980393 0.050980393 0.043137256 0.0627451 0.043137256 0.050980393 0.07058824 0.09803922 0.13725491 0.10980392 0.14901961 0.19215687
0.7411765 0.7411765 0.7411765 0.7490196 0.7529412 0.6901961 0.56078434 0.65882355 0.7921569 0.6 0.39607844 0.19215687 0.08235294 0.105882354 0.31764707 0.42745098 0.40392157 0.09803922 0.050980393 0.050980393 0.08235294 0.11764706 0.05490196 0.07058824 0.06666667 0.047058824 0.06666667 0.08627451 0.11372549 0.105882354 0.1764706 0.18431373
0.7058824 0.72156864 0.7372549 0.7490196 0.7490196 0.7019608 0.627451 0.7764706 0.57254905 0.27058825 0.14509805 0.078431375 0.11764706 0.16078432 0.21176471 0.41568628 0.28627452 0.09411765 0.047058824 0.05490196 0.07058824 0.20392157 0.10980392 0.101960786 0.078431375 0.043137256 0.05882353 0.07450981 0.09019608 0.09803922 0.15686275 0.19607843
0.50980395 0.76862746 0.78039217 0.7294118 0.7294118 0.6745098 0.7411765 0.8235294 0.4627451 0.30980393 0.22352941 0.07450981 0.101960786 0.12941177 0.09803922 0.22352941 0.18431373 0.07450981 0.043137256 0.05882353 0.0627451 0.1882353 0.22745098 0.18039216 0.10980392 0.043137256 0.043137256 0.05882353 0.06666667 0.08235294 0.105882354 0.14117648
0.52156866 0.9254902 0.84313726 0.7294118 0.6901961 0.7019608 0.84313726 0.91764706 0.77254903 0.65882355 0.654902 0.2627451 0.09019608 0.13333334 0.043137256 0.078431375 0.14901961 0.05882353 0.050980393 0.05882353 0.05882353 0.14509805 0.48235294 0.4862745 0.18431373 0.050980393 0.0627451 0.050980393 0.047058824 0.06666667 0.08627451 0.10980392
0.88235295 0.9529412 0.8 0.7176471 0.6745098 0.8039216 0.9137255 0.92941177 0.8627451 0.8745098 0.83137256 0.5058824 0.09411765 0.13725491 0.101960786 0.14509805 0.13333334 0.05882353 0.05490196 0.05490196 0.05490196 0.11764706 0.6862745 0.79607844 0.36078432 0.12156863 0.0627451 0.039215688 0.043137256 0.05882353 0.078431375 0.101960786
0.99607843 0.8352941 0.7254902 0.6862745 0.7372549 0.8862745 0.9372549 0.94509804 0.9764706 0.99607843 0.8352941 0.50980395 0.09803922 0.101960786 0.12156863 0.2 0.09803922 0.05490196 0.050980393 0.05882353 0.05490196 0.13725491 0.6901961 0.8156863 0.7058824 0.27450982 0.047058824 0.03529412 0.039215688 0.05882353 0.078431375 0.07058824
0.8901961 0.73333335 0.70980394 0.68235296 0.78039217 0.8862745 0.9254902 0.972549 1.0 0.9882353 0.68235296 0.5529412 0.1764706 0.09803922 0.09411765 0.14509805 0.23921569 0.05490196 0.05882353 0.05882353 0.050980393 0.28235295 0.7254902 0.7921569 0.77254903 0.27058825 0.050980393 0.03529412 0.03529412 0.043137256 0.05882353 0.050980393
0.7372549 0.72156864 0.72156864 0.7058824 0.7764706 0.80784315 0.8901961 0.9882353 1.0 0.8666667 0.5019608 0.45882353 0.22352941 0.07058824 0.0627451 0.24705882 0.45490196 0.07058824 0.043137256 0.039215688 0.16078432 0.5568628 0.72156864 0.77254903 0.7137255 0.18039216 0.03529412 0.039215688 0.043137256 0.039215688 0.039215688 0.043137256
0.7019608 0.7019608 0.7137255 0.7294118 0.76862746 0.73333335 0.84313726 0.99215686 0.90588236 0.6666667 0.5803922 0.5058824 0.23529412 0.07058824 0.07058824 0.1882353 0.25490198 0.0627451 0.0627451 0.24313726 0.5647059 0.70980394 0.6901961 0.69411767 0.7254902 0.5803922 0.18431373 0.03137255 0.03137255 0.043137256 0.047058824 0.043137256
0.6745098 0.69411767 0.7176471 0.73333335 0.7607843 0.7058824 0.75686276 0.8901961 0.73333335 0.65882355 0.6862745 0.62352943 0.40784314 0.18431373 0.14117648 0.1764706 0.11764706 0.050980393 0.18431373 0.6509804 0.69411767 0.6431373 0.6509804 0.654902 0.69411767 0.7411765 0.54509807 0.09803922 0.047058824 0.043137256 0.039215688 0.047058824
0.6431373 0.7411765 0.73333335 0.7411765 0.76862746 0.7764706 0.69411767 0.6117647 0.5921569 0.6627451 0.6784314 0.6627451 0.5294118 0.25490198 0.17254902 0.16862746 0.101960786 0.08235294 0.28627452 0.6901961 0.5764706 0.5568628 0.5882353 0.6431373 0.67058825 0.67058825 0.6745098 0.23921569 0.047058824 0.03529412 0.03529412 0.043137256
0.6901961 0.7529412 0.7176471 0.7529412 0.8352941 0.8627451 0.73333335 0.5882353 0.5882353 0.61960787 0.65882355 0.6509804 0.5294118 0.42745098 0.24313726 0.15294118 0.078431375 0.12156863 0.32941177 0.63529414 0.6 0.56078434 0.5529412 0.60784316 0.6509804 0.6745098 0.73333335 0.41568628 0.039215688 0.03529412 0.043137256 0.06666667
0.8 0.74509805 0.7176471 0.79607844 0.9529412 0.89411765 0.68235296 0.6784314 0.6431373 0.60784316 0.6392157 0.69411767 0.6156863 0.50980395 0.45490196 0.19607843 0.06666667 0.07450981 0.44705883 0.6392157 0.64705884 0.6784314 0.70980394 0.70980394 0.7372549 0.7254902 0.68235296 0.47058824 0.050980393 0.039215688 0.050980393 0.105882354
0.8980392 0.7607843 0.7294118 0.8784314 1.0 0.85490197 0.654902 0.7254902 0.6509804 0.6 0.65882355 0.7411765 0.63529414 0.52156866 0.59607846 0.18431373 0.18431373 0.36862746 0.68235296 0.6745098 0.6627451 0.7411765 0.85882354 0.8392157 0.8666667 0.83137256 0.6862745 0.49803922 0.02745098 0.03529412 0.20784314 0.4627451
0.88235295 0.7411765 0.6901961 0.9411765 0.99607843 0.74509805 0.6627451 0.7137255 0.62352943 0.654902 0.7254902 0.7529412 0.6392157 0.6156863 0.6784314 0.50980395 0.5176471 0.68235296 0.6745098 0.69803923 0.654902 0.65882355 0.7882353 0.75686276 0.78431374 0.7882353 0.7137255 0.5764706 0.25882354 0.4627451 0.7607843 0.8627451
0.7607843 0.627451 0.6313726 0.92156863 0.8862745 0.5529412 0.62352943 0.67058825 0.654902 0.7176471 0.7607843 0.7764706 0.7411765 0.7372549 0.7137255 0.70980394 0.6745098 0.62352943 0.6313726 0.69803923 0.6431373 0.627451 0.7137255 0.7058824 0.7019608 0.7019608 0.69411767 0.7490196 0.8392157 0.89411765 0.8901961 0.83137256
0.7137255 0.6039216 0.68235296 0.7254902 0.59607846 0.49803922 0.5803922 0.67058825 0.7254902 0.7411765 0.7411765 0.7882353 0.79607844 0.77254903 0.7529412 0.6901961 0.6745098 0.6431373 0.61960787 0.69411767 0.6392157 0.65882355 0.70980394 0.72156864 0.72156864 0.6745098 0.6666667 0.7764706 0.89411765 0.8901961 0.8784314 0.81960785
0.73333335 0.6666667 0.7529412 0.69411767 0.64705884 0.6901961 0.6627451 0.69411767 0.7529412 0.74509805 0.7529412 0.7921569 0.76862746 0.7490196 0.76862746 0.72156864 0.69803923 0.69411767 0.68235296 0.7058824 0.6117647 0.6156863 0.69411767 0.73333335 0.7058824 0.6862745 0.68235296 0.8 0.89411765 0.8901961 0.8627451 0.76862746
0.65882355 0.6156863 0.627451 0.63529414 0.6627451 0.7058824 0.69411767 0.69411767 0.7372549 0.7529412 0.7764706 0.7882353 0.7529412 0.7647059 0.7921569 0.78039217 0.7490196 0.7647059 0.7529412 0.73333335 0.627451 0.5803922 0.7137255 0.75686276 0.7019608 0.70980394 0.69803923 0.83137256 0.8901961 0.88235295 0.83137256 0.7176471
0.5294118 0.49411765 0.44705883 0.44313726 0.49803922 0.5372549 0.5568628 0.54901963 0.57254905 0.62352943 0.654902 0.6392157 0.65882355 0.6862745 0.70980394 0.7490196 0.7372549 0.7647059 0.76862746 0.77254903 0.72156864 0.6745098 0.77254903 0.7921569 0.7490196 0.74509805 0.7372549 0.85490197 0.8862745 0.87058824 0.79607844 0.6862745
0.45882353 0.42745098 0.4 0.3882353 0.4627451 0.45882353 0.4392157 0.40392157 0.4117647 0.4509804 0.4627451 0.4509804 0.49803922 0.56078434 0.5803922 0.60784316 0.5882353 0.6117647 0.6509804 0.6901961 0.6666667 0.67058825 0.76862746 0.80784315 0.7921569 0.78039217 0.77254903 0.8627451 0.88235295 0.8509804 0.7607843 0.73333335
1.0 1.0 1.0 1.0 1.0 1.0 0.99607843 0.9647059 0.62352943 0.45882353 0.50980395 0.7882353 0.62352943 0.38431373 0.5372549 0.49019608 0.42352942 0.45490196 0.59607846 0.827451 0.7490196 0.50980395 0.5803922 0.5176471 0.2784314 0.28627452 0.23921569 0.21568628 0.17254902 0.10980392 0.11372549 0.09411765
1.0 1.0 1.0 1.0 0.99607843 1.0 1.0 0.95686275 0.5803922 0.43137255 0.5294118 0.6156863 0.41960785 0.42352942 0.5921569 0.47058824 0.3254902 0.3882353 0.54901963 0.8 0.9137255 0.7764706 0.5058824 0.29411766 0.24313726 0.2509804 0.20784314 0.20784314 0.1254902 0.09803922 0.10980392 0.09411765
1.0 1.0 0.99607843 1.0 1.0 0.99215686 0.99607843 0.89411765 0.6039216 0.56078434 0.5294118 0.44705883 0.3764706 0.4627451 0.52156866 0.41568628 0.4 0.67058825 0.64705884 0.7921569 0.8745098 0.5137255 0.22352941 0.16078432 0.17254902 0.20392157 0.15686275 0.1764706 0.1254902 0.08627451 0.08627451 0.09019608
1.0 0.99607843 0.99215686 0.99215686 0.99607843 0.99215686 0.9764706 0.8 0.6745098 0.6509804 0.5411765 0.47843137 0.42745098 0.48235294 0.5019608 0.45882353 0.7137255 0.99215686 0.89411765 0.7372549 0.40784314 0.21568628 0.12941177 0.101960786 0.10980392 0.12941177 0.13725491 0.1254902 0.11372549 0.08627451 0.08627451 0.08627451
1.0 1.0 0.99607843 0.99607843 0.99607843 1.0 0.95686275 0.85490197 0.8352941 0.654902 0.5803922 0.6784314 0.5058824 0.5294118 0.5058824 0.5137255 0.8117647 1.0 0.7254902 0.32941177 0.23137255 0.1882353 0.10980392 0.08627451 0.08627451 0.11372549 0.13725491 0.105882354 0.09803922 0.09411765 0.08235294 0.08235294
0.9529412 0.9607843 0.94509804 0.93333334 0.9607843 0.9647059 0.8862745 0.85882354 0.827451 0.627451 0.6509804 0.77254903 0.52156866 0.44705883 0.5019608 0.7137255 0.8117647 0.6 0.28627452 0.2627451 0.22352941 0.14901961 0.105882354 0.07058824 0.06666667 0.09019608 0.11764706 0.1254902 0.10980392 0.105882354 0.101960786 0.08235294
0.7490196 0.7607843 0.7647059 0.7647059 0.7921569 0.7921569 0.78039217 0.76862746 0.7176471 0.6627451 0.60784316 0.60784316 0.5882353 0.57254905 0.6156863 0.76862746 0.39607844 0.22745098 0.23137255 0.1882353 0.14901961 0.105882354 0.078431375 0.05490196 0.05490196 0.078431375 0.10980392 0.12941177 0.15686275 0.11764706 0.13725491 0.09019608
0.7411765 0.74509805 0.74509805 0.75686276 0.7490196 0.74509805 0.7529412 0.7490196 0.7058824 0.63529414 0.45490196 0.5058824 0.72156864 0.6039216 0.46666667 0.2784314 0.078431375 0.10980392 0.15294118 0.11372549 0.08627451 0.07450981 0.05882353 0.05882353 0.05882353 0.07058824 0.09411765 0.10980392 0.16470589 0.12156863 0.1254902 0.14117648
0.74509805 0.7529412 0.7647059 0.7647059 0.7647059 0.7764706 0.7647059 0.7372549 0.6117647 0.44313726 0.36078432 0.45490196 0.49411765 0.23137255 0.2627451 0.18039216 0.12156863 0.07450981 0.09411765 0.11372549 0.07058824 0.05490196 0.050980393 0.05882353 0.05490196 0.05882353 0.09411765 0.11764706 0.101960786 0.11372549 0.13333334 0.16078432
0.7490196 0.75686276 0.7607843 0.7607843 0.75686276 0.74509805 0.6784314 0.56078434 0.41568628 0.35686275 0.28627452 0.34901962 0.24705882 0.2 0.4117647 0.47843137 0.22352941 0.101960786 0.078431375 0.078431375 0.05882353 0.050980393 0.047058824 0.07450981 0.0627451 0.0627451 0.09803922 0.13333334 0.14901961 0.12156863 0.15294118 0.18431373
0.7411765 0.7490196 0.7529412 0.75686276 0.75686276 0.6901961 0.54509807 0.45490196 0.48235294 0.49019608 0.34901962 0.4117647 0.1882353 0.14509805 0.45882353 0.6509804 0.2901961 0.078431375 0.07058824 0.06666667 0.05490196 0.047058824 0.043137256 0.06666667 0.05490196 0.05882353 0.08235294 0.12156863 0.16470589 0.12941177 0.16078432 0.20784314
0.74509805 0.74509805 0.74509805 0.75686276 0.75686276 0.6745098 0.5137255 0.6156863 0.7294118 0.5254902 0.36862746 0.23921569 0.10980392 0.101960786 0.29411766 0.44313726 0.42352942 0.101960786 0.05490196 0.05882353 0.09019608 0.1254902 0.05490196 0.07450981 0.07058824 0.05490196 0.07450981 0.105882354 0.14117648 0.12941177 0.19607843 0.2
0.7254902 0.73333335 0.7372549 0.7411765 0.7529412 0.7019608 0.59607846 0.7372549 0.56078434 0.30980393 0.20392157 0.101960786 0.12156863 0.16862746 0.19607843 0.40784314 0.27450982 0.09411765 0.047058824 0.05490196 0.07058824 0.22352941 0.12941177 0.10980392 0.08627451 0.043137256 0.0627451 0.08235294 0.105882354 0.11764706 0.18039216 0.21960784
0.50980395 0.7921569 0.8039216 0.74509805 0.7490196 0.68235296 0.70980394 0.78039217 0.47058824 0.3254902 0.25490198 0.07450981 0.11372549 0.14117648 0.09411765 0.21960784 0.18039216 0.08627451 0.047058824 0.05882353 0.05490196 0.20784314 0.2627451 0.19607843 0.1254902 0.039215688 0.047058824 0.06666667 0.07450981 0.09411765 0.1254902 0.16078432
0.5058824 0.95686275 0.87058824 0.74509805 0.70980394 0.6784314 0.79607844 0.85490197 0.68235296 0.5921569 0.65882355 0.2627451 0.09411765 0.14509805 0.050980393 0.09019608 0.15294118 0.06666667 0.05490196 0.05882353 0.05490196 0.14901961 0.5019608 0.5019608 0.2 0.05490196 0.06666667 0.05490196 0.047058824 0.07450981 0.105882354 0.12941177
0.88235295 0.96862745 0.79607844 0.7137255 0.67058825 0.7529412 0.85490197 0.8745098 0.81960785 0.8666667 0.8352941 0.50980395 0.08627451 0.14901961 0.10980392 0.14117648 0.13725491 0.05490196 0.05490196 0.05882353 0.05490196 0.11372549 0.69411767 0.8039216 0.3764706 0.13333334 0.07058824 0.043137256 0.043137256 0.0627451 0.09803922 0.12156863
1.0 0.8352941 0.72156864 0.6784314 0.7019608 0.84705883 0.8901961 0.8980392 0.9529412 0.99607843 0.8235294 0.5058824 0.101960786 0.11372549 0.12941177 0.2 0.09803922 0.0627451 0.050980393 0.05882353 0.05490196 0.14117648 0.6784314 0.79607844 0.7137255 0.2901961 0.05490196 0.039215688 0.039215688 0.05882353 0.09411765 0.09019608
0.8745098 0.6862745 0.6627451 0.6156863 0.6862745 0.827451 0.8745098 0.9490196 0.99607843 0.9843137 0.627451 0.49019608 0.16470589 0.105882354 0.101960786 0.14901961 0.21176471 0.050980393 0.050980393 0.050980393 0.047058824 0.29411766 0.7176471 0.7764706 0.76862746 0.2784314 0.050980393 0.03137255 0.03529412 0.043137256 0.06666667 0.0627451
0.6392157 0.6156863 0.5921569 0.5647059 0.6313726 0.7019608 0.81960785 0.98039216 1.0 0.8352941 0.41568628 0.34901962 0.20392157 0.07058824 0.06666667 0.15686275 0.3019608 0.06666667 0.043137256 0.043137256 0.17254902 0.54509807 0.6313726 0.73333335 0.7058824 0.1882353 0.02745098 0.03137255 0.043137256 0.039215688 0.043137256 0.043137256
0.54509807 0.5647059 0.5529412 0.58431375 0.6313726 0.60784316 0.77254903 0.99607843 0.8901961 0.6156863 0.53333336 0.43529412 0.22745098 0.07058824 0.06666667 0.16078432 0.18039216 0.050980393 0.0627451 0.2509804 0.5803922 0.6117647 0.47058824 0.5686275 0.7137255 0.57254905 0.18039216 0.02745098 0.03529412 0.047058824 0.047058824 0.047058824
0.5568628 0.5803922 0.5764706 0.6117647 0.65882355 0.6 0.6627451 0.8901961 0.70980394 0.6392157 0.6784314 0.59607846 0.37254903 0.16078432 0.14117648 0.18039216 0.13333334 0.05490196 0.19215687 0.6509804 0.63529414 0.43529412 0.4117647 0.41960785 0.5529412 0.7019608 0.5372549 0.09411765 0.043137256 0.043137256 0.039215688 0.047058824
0.5764706 0.6627451 0.60784316 0.6156863 0.6862745 0.7294118 0.627451 0.5058824 0.46666667 0.60784316 0.6666667 0.6313726 0.4509804 0.1882353 0.1882353 0.18039216 0.11372549 0.09411765 0.30980393 0.6666667 0.44313726 0.36078432 0.36862746 0.41568628 0.4392157 0.53333336 0.63529414 0.22745098 0.039215688 0.03529412 0.03529412 0.043137256
0.63529414 0.68235296 0.6039216 0.6156863 0.78039217 0.85882354 0.70980394 0.48235294 0.47058824 0.5647059 0.6392157 0.6313726 0.4627451 0.34117648 0.23529412 0.1764706 0.08627451 0.13333334 0.36078432 0.6 0.44313726 0.3764706 0.34117648 0.38039216 0.43529412 0.4627451 0.5803922 0.34509805 0.047058824 0.03529412 0.043137256 0.06666667
0.7411765 0.6666667 0.62352943 0.6901961 0.9372549 0.8980392 0.62352943 0.6 0.5803922 0.54901963 0.6117647 0.69411767 0.58431375 0.42352942 0.43137255 0.21176471 0.06666667 0.078431375 0.4745098 0.59607846 0.53333336 0.5529412 0.63529414 0.6313726 0.63529414 0.5764706 0.41960785 0.31764707 0.047058824 0.03529412 0.05490196 0.11372549
0.84705883 0.6745098 0.6313726 0.84705883 1.0 0.85490197 0.60784316 0.68235296 0.6156863 0.5568628 0.62352943 0.74509805 0.6156863 0.4509804 0.5803922 0.19607843 0.20392157 0.3882353 0.65882355 0.61960787 0.60784316 0.6745098 0.8627451 0.8627451 0.8784314 0.8039216 0.5019608 0.36862746 0.03137255 0.043137256 0.24313726 0.49411765
0.80784315 0.67058825 0.6313726 0.91764706 0.99607843 0.72156864 0.62352943 0.6862745 0.5803922 0.627451 0.6745098 0.7058824 0.6039216 0.58431375 0.6666667 0.4745098 0.4627451 0.60784316 0.5803922 0.6431373 0.60784316 0.5647059 0.73333335 0.69803923 0.7176471 0.6862745 0.5137255 0.48235294 0.2784314 0.49019608 0.7921569 0.8784314
0.64705884 0.5294118 0.5686275 0.91764706 0.8745098 0.49019608 0.57254905 0.6431373 0.6313726 0.70980394 0.68235296 0.627451 0.62352943 0.68235296 0.70980394 0.6666667 0.6039216 0.54509807 0.5294118 0.65882355 0.6156863 0.5764706 0.6862745 0.6862745 0.654902 0.5568628 0.4627451 0.6745098 0.85882354 0.8980392 0.89411765 0.83137256
0.54509807 0.4745098 0.654902 0.67058825 0.49019608 0.38431373 0.5019608 0.6313726 0.7254902 0.73333335 0.63529414 0.56078434 0.5803922 0.62352943 0.7176471 0.6627451 0.627451 0.60784316 0.5294118 0.6392157 0.5686275 0.5764706 0.6666667 0.7058824 0.69411767 0.5686275 0.50980395 0.74509805 0.89411765 0.8980392 0.8901961 0.827451
0.44313726 0.4 0.59607846 0.48235294 0.36078432 0.41568628 0.42745098 0.5686275 0.69411767 0.69803923 0.5921569 0.5568628 0.52156866 0.5372549 0.7176471 0.69411767 0.6666667 0.6745098 0.6509804 0.6509804 0.4745098 0.4509804 0.5803922 0.61960787 0.60784316 0.57254905 0.54901963 0.7882353 0.8980392 0.9019608 0.8784314 0.77254903
0.24705882 0.24313726 0.2784314 0.27058825 0.2784314 0.31764707 0.29803923 0.3372549 0.4392157 0.4862745 0.49019608 0.49803922 0.44705883 0.49411765 0.6509804 0.6392157 0.5882353 0.6627451 0.67058825 0.6156863 0.43137255 0.3529412 0.5137255 0.5372549 0.54901963 0.5803922 0.5411765 0.827451 0.8980392 0.89411765 0.84313726 0.7137255
0.19215687 0.19215687 0.1764706 0.18039216 0.19607843 0.2 0.19607843 0.18431373 0.20392157 0.24313726 0.29411766 0.30588236 0.2901961 0.30588236 0.38431373 0.41568628 0.38431373 0.45490196 0.4862745 0.49803922 0.4117647 0.32941177 0.49019608 0.54509807 0.58431375 0.57254905 0.5568628 0.8666667 0.8980392 0.88235295 0.8039216 0.6745098
0.21176471 0.20784314 0.19607843 0.1882353 0.21568628 0.2 0.1764706 0.16862746 0.16470589 0.2 0.19607843 0.1882353 0.2 0.21176471 0.23137255 0.2509804 0.22745098 0.24313726 0.27450982 0.30588236 0.25490198 0.24313726 0.38431373 0.45490196 0.49411765 0.49019608 0.5686275 0.8901961 0.89411765 0.8627451 0.7607843 0.7137255
24 0 1
11 22 2
20 24 0
1 18 0
3 13 2
2 31 1
8 2 0
19 15 1
8 27 0
29 14 2
1 26 1
15 0 0
17 28 2
0 13 0
8 9 1
28 28 0
8 6 0
6 13 1
16 9 0
18 5 2
15 18 2
0 20 1
24 25 2
23 24 0
0 13 1
30 28 2
22 5 2
15 19 2
9 28 1
12 10 2
