32, 32, 3, 30
0.0 0.0 0.0 0.0 0.003921569 0.003921569 0.003921569 0.003921569 0.0 0.0 0.003921569 0.003921569 0.003921569 0.003921569 0.0 0.003921569 0.0 0.0 0.003921569 0.003921569 0.003921569 0.003921569 0.003921569 0.003921569 0.003921569 0.003921569 0.003921569 0.003921569 0.003921569 0.003921569 0.003921569 0.003921569
0.0 0.0 0.0 0.0 0.0 0.003921569 0.003921569 0.003921569 0.0 0.0 0.0 0.003921569 0.0 0.0 0.0 0.0 0.0 0.0 0.003921569 0.003921569 0.003921569 0.003921569 0.003921569 0.003921569 0.003921569 0.003921569 0.003921569 0.003921569 0.003921569 0.003921569 0.003921569 0.003921569
0.0 0.0 0.0 0.0 0.003921569 0.003921569 0.003921569 0.0 0.0 0.0 0.0 0.003921569 0.003921569 0.003921569 0.003921569 0.003921569 0.0 0.003921569 0.003921569 0.003921569 0.003921569 0.003921569 0.003921569 0.003921569 0.003921569 0.003921569 0.003921569 0.003921569 0.003921569 0.003921569 0.003921569 0.003921569
0.0 0.0 0.0 0.0 0.0 0.0 0.0 0.0 0.0 0.0 0.003921569 0.003921569 0.003921569 0.003921569 0.003921569 0.003921569 0.003921569 0.003921569 0.003921569 0.003921569 0.003921569 0.003921569 0.003921569 0.003921569 0.003921569 0.003921569 0.003921569 0.003921569 0.003921569 0.003921569 0.003921569 0.003921569
0.0 0.0 0.0 0.003921569 0.003921569 0.0 0.0 0.0 0.003921569 0.003921569 0.003921569 0.003921569 0.003921569 0.003921569 0.003921569 0.003921569 0.003921569 0.003921569 0.003921569 0.003921569 0.003921569 0.003921569 0.003921569 0.003921569 0.003921569 0.003921569 0.003921569 0.003921569 0.0 0.003921569 0.003921569 0.003921569
0.003921569 0.003921569 0.0 0.003921569 0.003921569 0.003921569 0.003921569 0.003921569 0.003921569 0.003921569 0.003921569 0.003921569 0.003921569 0.003921569 0.003921569 0.003921569 0.003921569 0.003921569 0.003921569 0.003921569 0.003921569 0.003921569 0.003921569 0.003921569 0.003921569 0.003921569 0.003921569 0.003921569 0.0 0.003921569 0.003921569 0.0
0.0 0.003921569 0.003921569 0.003921569 0.003921569 0.003921569 0.003921569 0.003921569 0.003921569 0.003921569 0.003921569 0.003921569 0.003921569 0.003921569 0.003921569 0.003921569 0.003921569 0.003921569 0.003921569 0.003921569 0.003921569 0.003921569 0.003921569 0.003921569 0.003921569 0.003921569 0.003921569 0.003921569 0.003921569 0.0 0.0 0.0
0.0 0.003921569 0.003921569 0.003921569 0.003921569 0.003921569 0.003921569 0.003921569 0.003921569 0.003921569 0.003921569 0.003921569 0.003921569 0.003921569 0.003921569 0.003921569 0.003921569 0.003921569 0.003921569 0.003921569 0.003921569 0.003921569 0.003921569 0.003921569 0.003921569 0.003921569 0.003921569 0.003921569 0.003921569 0.0 0.0 0.0
0.0 0.003921569 0.003921569 0.003921569 0.003921569 0.003921569 0.003921569 0.003921569 0.003921569 0.003921569 0.003921569 0.003921569 0.003921569 0.003921569 0.003921569 0.003921569 0.003921569 0.003921569 0.003921569 0.003921569 0.003921569 0.003921569 0.003921569 0.003921569 0.003921569 0.003921569 0.003921569 0.003921569 0.003921569 0.003921569 0.0 0.0
0.0 0.003921569 0.003921569 0.003921569 0.003921569 0.003921569 0.003921569 0.003921569 0.003921569 0.003921569 0.003921569 0.003921569 0.003921569 0.003921569 0.003921569 0.003921569 0.003921569 0.003921569 0.007843138 0.007843138 0.007843138 0.007843138 0.007843138 0.007843138 0.003921569 0.003921569 0.003921569 0.003921569 0.003921569 0.003921569 0.003921569 0.0
0.003921569 0.003921569 0.003921569 0.003921569 0.003921569 0.003921569 0.003921569 0.003921569 0.003921569 0.003921569 0.003921569 0.003921569 0.003921569 0.0 0.0 0.0 0.0 0.0 0.003921569 0.003921569 0.007843138 0.007843138 0.007843138 0.003921569 0.003921569 0.003921569 0.003921569 0.003921569 0.003921569 0.003921569 0.003921569 0.0
0.003921569 0.003921569 0.003921569 0.003921569 0.0 0.003921569 0.003921569 0.003921569 0.003921569 0.003921569 0.007843138 0.007843138 0.003921569 0.0 0.0 0.0 0.0 0.0 0.003921569 0.007843138 0.007843138 0.007843138 0.007843138 0.007843138 0.007843138 0.007843138 0.007843138 0.003921569 0.003921569 0.003921569 0.003921569 0.003921569
0.003921569 0.003921569 0.0 0.0 0.003921569 0.003921569 0.003921569 0.003921569 0.0 0.0 0.007843138 0.007843138 0.003921569 0.0 0.0 0.0 0.0 0.0 0.007843138 0.007843138 0.007843138 0.007843138 0.007843138 0.011764706 0.011764706 0.011764706 0.007843138 0.007843138 0.007843138 0.007843138 0.003921569 0.003921569
0.003921569 0.0 0.0 0.0 0.0 0.0 0.003921569 0.003921569 0.003921569 0.003921569 0.003921569 0.003921569 0.003921569 0.0 0.0 0.0 0.0 0.0 0.003921569 0.007843138 0.003921569 0.007843138 0.011764706 0.011764706 0.007843138 0.007843138 0.007843138 0.003921569 0.007843138 0.007843138 0.007843138 0.007843138
0.003921569 0.003921569 0.0 0.0 0.0 0.0 0.0 0.003921569 0.007843138 0.007843138 0.0 0.0 0.003921569 0.0 0.0 0.0 0.0 0.003921569 0.003921569 0.003921569 0.003921569 0.011764706 0.015686275 0.007843138 0.003921569 0.015686275 0.03137255 0.02745098 0.023529412 0.007843138 0.0 0.003921569
0.003921569 0.003921569 0.0 0.0 0.0 0.0 0.0 0.007843138 0.011764706 0.007843138 0.003921569 0.003921569 0.0 0.003921569 0.003921569 0.003921569 0.003921569 0.019607844 0.019607844 0.007843138 0.003921569 0.011764706 0.015686275 0.03529412 0.07058824 0.13333334 0.16470589 0.16470589 0.16862746 0.09803922 0.019607844 0.003921569
0.003921569 0.0 0.0 0.0 0.0 0.0 0.0 0.007843138 0.011764706 0.011764706 0.007843138 0.003921569 0.003921569 0.003921569 0.003921569 0.003921569 0.015686275 0.050980393 0.05882353 0.03529412 0.007843138 0.015686275 0.1254902 0.26666668 0.28235295 0.30588236 0.30588236 0.26666668 0.28627452 0.2627451 0.13725491 0.019607844
0.003921569 0.003921569 0.003921569 0.003921569 0.007843138 0.007843138 0.003921569 0.007843138 0.011764706 0.011764706 0.011764706 0.007843138 0.007843138 0.003921569 0.003921569 0.003921569 0.03529412 0.08235294 0.105882354 0.101960786 0.02745098 0.05490196 0.2901961 0.42745098 0.42352942 0.41568628 0.41568628 0.3372549 0.32156864 0.35686275 0.21568628 0.02745098
0.003921569 0.007843138 0.007843138 0.003921569 0.007843138 0.007843138 0.007843138 0.011764706 0.015686275 0.015686275 0.015686275 0.015686275 0.011764706 0.007843138 0.007843138 0.007843138 0.05882353 0.13333334 0.14117648 0.14117648 0.039215688 0.14117648 0.40392157 0.47843137 0.49019608 0.47843137 0.49411765 0.42745098 0.36862746 0.42352942 0.23921569 0.02745098
0.007843138 0.007843138 0.015686275 0.015686275 0.015686275 0.015686275 0.015686275 0.023529412 0.023529412 0.023529412 0.023529412 0.023529412 0.019607844 0.015686275 0.015686275 0.011764706 0.09019608 0.21176471 0.17254902 0.13725491 0.0627451 0.2627451 0.47058824 0.5137255 0.52156866 0.50980395 0.53333336 0.4862745 0.42352942 0.49019608 0.23921569 0.019607844
0.02745098 0.03137255 0.03529412 0.03137255 0.03529412 0.039215688 0.03529412 0.039215688 0.03529412 0.039215688 0.039215688 0.03529412 0.039215688 0.039215688 0.039215688 0.03137255 0.101960786 0.25490198 0.22352941 0.14901961 0.13725491 0.39215687 0.50980395 0.5372549 0.54509807 0.53333336 0.59607846 0.5647059 0.5372549 0.5803922 0.2509804 0.023529412
0.05882353 0.05882353 0.05882353 0.06666667 0.06666667 0.06666667 0.07058824 0.07058824 0.06666667 0.06666667 0.07058824 0.07058824 0.07450981 0.078431375 0.078431375 0.07058824 0.101960786 0.22745098 0.23921569 0.19607843 0.25882354 0.4745098 0.54901963 0.63529414 0.627451 0.47843137 0.38431373 0.52156866 0.6156863 0.5647059 0.28627452 0.039215688
0.09803922 0.09803922 0.101960786 0.10980392 0.11372549 0.11764706 0.11764706 0.11372549 0.12156863 0.12941177 0.1254902 0.11372549 0.101960786 0.101960786 0.101960786 0.09803922 0.10980392 0.1764706 0.25490198 0.25882354 0.36862746 0.54509807 0.60784316 0.6745098 0.7137255 0.36862746 0.12156863 0.29411766 0.5921569 0.56078434 0.29803923 0.05882353
0.13725491 0.14117648 0.13333334 0.12941177 0.13333334 0.12941177 0.13333334 0.12941177 0.11372549 0.12156863 0.13333334 0.12156863 0.105882354 0.101960786 0.105882354 0.09803922 0.13333334 0.22352941 0.26666668 0.32941177 0.48235294 0.59607846 0.39215687 0.40784314 0.7176471 0.29411766 0.12941177 0.14901961 0.44313726 0.54509807 0.30980393 0.08627451
0.13725491 0.14901961 0.14509805 0.14509805 0.14901961 0.14117648 0.14509805 0.14117648 0.12156863 0.12156863 0.11764706 0.10980392 0.10980392 0.10980392 0.11372549 0.105882354 0.15686275 0.37254903 0.42352942 0.50980395 0.6745098 0.44705883 0.13725491 0.29803923 0.5764706 0.20784314 0.13333334 0.12941177 0.27058825 0.3372549 0.28235295 0.11372549
0.15294118 0.15686275 0.17254902 0.15294118 0.14509805 0.14509805 0.14901961 0.14509805 0.14509805 0.12941177 0.1254902 0.1254902 0.1254902 0.1254902 0.12156863 0.12156863 0.10980392 0.29411766 0.49803922 0.6745098 0.6039216 0.23921569 0.11764706 0.38431373 0.5137255 0.16078432 0.13725491 0.13333334 0.2901961 0.24313726 0.21960784 0.13333334
0.1882353 0.20392157 0.2 0.18039216 0.16862746 0.13725491 0.14117648 0.13725491 0.13725491 0.14509805 0.15686275 0.14901961 0.14509805 0.14901961 0.13725491 0.14117648 0.13333334 0.25490198 0.47843137 0.627451 0.41568628 0.16862746 0.13725491 0.3764706 0.5019608 0.17254902 0.15294118 0.15294118 0.32156864 0.20392157 0.23137255 0.14117648
0.21568628 0.22745098 0.22352941 0.20392157 0.19607843 0.16862746 0.15686275 0.16470589 0.16078432 0.16470589 0.16470589 0.16078432 0.1764706 0.16862746 0.15686275 0.16470589 0.16470589 0.24313726 0.4392157 0.5137255 0.2627451 0.16470589 0.16470589 0.34117648 0.44705883 0.18039216 0.15294118 0.1882353 0.33333334 0.1764706 0.23137255 0.14117648
0.24705882 0.26666668 0.24705882 0.24313726 0.25490198 0.21960784 0.1882353 0.1882353 0.18431373 0.17254902 0.1764706 0.16862746 0.19215687 0.1882353 0.1764706 0.18431373 0.1882353 0.2 0.38039216 0.39607844 0.19607843 0.1764706 0.2 0.3372549 0.41960785 0.19607843 0.15294118 0.21960784 0.2901961 0.16078432 0.23921569 0.15294118
0.25490198 0.2509804 0.25490198 0.27450982 0.2901961 0.26666668 0.22745098 0.21568628 0.20784314 0.2 0.19215687 0.1764706 0.19215687 0.22352941 0.22745098 0.21960784 0.20784314 0.20392157 0.31764707 0.28627452 0.19215687 0.19607843 0.22745098 0.34901962 0.31764707 0.2 0.16862746 0.19215687 0.20392157 0.15294118 0.2 0.16078432
0.27058825 0.30588236 0.3137255 0.29411766 0.2784314 0.27058825 0.24705882 0.24313726 0.24313726 0.2509804 0.24313726 0.22352941 0.22745098 0.2509804 0.28627452 0.27450982 0.2509804 0.23921569 0.25490198 0.25882354 0.24313726 0.23137255 0.26666668 0.31764707 0.22745098 0.21568628 0.2 0.19607843 0.1882353 0.1882353 0.1764706 0.16470589
0.3529412 0.44313726 0.44705883 0.41568628 0.38431373 0.32156864 0.3764706 0.3882353 0.36078432 0.34509805 0.4117647 0.41960785 0.3529412 0.32156864 0.37254903 0.3647059 0.3647059 0.30980393 0.34117648 0.3529412 0.3529412 0.34117648 0.3137255 0.3647059 0.2901961 0.37254903 0.34117648 0.32156864 0.23529412 0.3019608 0.25490198 0.17254902
0.0 0.0 0.0 0.0 0.003921569 0.003921569 0.003921569 0.007843138 0.007843138 0.007843138 0.011764706 0.011764706 0.011764706 0.011764706 0.007843138 0.011764706 0.007843138 0.007843138 0.011764706 0.011764706 0.011764706 0.011764706 0.011764706 0.011764706 0.011764706 0.011764706 0.011764706 0.011764706 0.003921569 0.003921569 0.003921569 0.003921569
0.0 0.0 0.0 0.0 0.0 0.003921569 0.003921569 0.007843138 0.007843138 0.007843138 0.007843138 0.011764706 0.007843138 0.007843138 0.007843138 0.007843138 0.007843138 0.007843138 0.011764706 0.011764706 0.011764706 0.011764706 0.011764706 0.011764706 0.011764706 0.011764706 0.011764706 0.011764706 0.003921569 0.003921569 0.003921569 0.003921569
0.003921569 0.0 0.0 0.0 0.003921569 0.003921569 0.007843138 0.007843138 0.007843138 0.007843138 0.007843138 0.011764706 0.011764706 0.011764706 0.011764706 0.011764706 0.007843138 0.011764706 0.011764706 0.011764706 0.011764706 0.011764706 0.011764706 0.011764706 0.011764706 0.011764706 0.011764706 0.011764706 0.007843138 0.003921569 0.003921569 0.003921569
0.003921569 0.0 0.0 0.0 0.003921569 0.007843138 0.007843138 0.007843138 0.007843138 0.007843138 0.011764706 0.011764706 0.011764706 0.011764706 0.011764706 0.011764706 0.011764706 0.011764706 0.011764706 0.011764706 0.011764706 0.011764706 0.011764706 0.011764706 0.011764706 0.011764706 0.011764706 0.011764706 0.007843138 0.007843138 0.011764706 0.007843138
0.003921569 0.0 0.0 0.003921569 0.003921569 0.007843138 0.007843138 0.007843138 0.011764706 0.011764706 0.011764706 0.011764706 0.011764706 0.011764706 0.011764706 0.011764706 0.011764706 0.011764706 0.011764706 0.011764706 0.011764706 0.011764706 0.011764706 0.011764706 0.011764706 0.011764706 0.011764706 0.011764706 0.007843138 0.011764706 0.011764706 0.007843138
0.007843138 0.003921569 0.0 0.003921569 0.007843138 0.011764706 0.011764706 0.011764706 0.011764706 0.011764706 0.011764706 0.011764706 0.011764706 0.011764706 0.011764706 0.011764706 0.011764706 0.011764706 0.011764706 0.011764706 0.011764706 0.011764706 0.011764706 0.011764706 0.011764706 0.011764706 0.011764706 0.011764706 0.007843138 0.011764706 0.011764706 0.007843138
0.007843138 0.007843138 0.003921569 0.003921569 0.007843138 0.011764706 0.011764706 0.011764706 0.011764706 0.011764706 0.011764706 0.011764706 0.011764706 0.011764706 0.011764706 0.011764706 0.011764706 0.011764706 0.011764706 0.011764706 0.011764706 0.011764706 0.011764706 0.011764706 0.011764706 0.011764706 0.011764706 0.011764706 0.011764706 0.007843138 0.007843138 0.007843138
0.007843138 0.011764706 0.003921569 0.003921569 0.007843138 0.011764706 0.011764706 0.011764706 0.011764706 0.011764706 0.011764706 0.011764706 0.011764706 0.011764706 0.011764706 0.011764706 0.011764706 0.011764706 0.011764706 0.011764706 0.011764706 0.011764706 0.011764706 0.011764706 0.011764706 0.011764706 0.011764706 0.011764706 0.011764706 0.007843138 0.007843138 0.007843138
0.007843138 0.007843138 0.003921569 0.003921569 0.007843138 0.011764706 0.011764706 0.011764706 0.011764706 0.011764706 0.011764706 0.011764706 0.011764706 0.011764706 0.011764706 0.011764706 0.011764706 0.011764706 0.011764706 0.011764706 0.011764706 0.011764706 0.011764706 0.011764706 0.011764706 0.011764706 0.011764706 0.011764706 0.011764706 0.011764706 0.007843138 0.007843138
0.007843138 0.011764706 0.007843138 0.003921569 0.007843138 0.011764706 0.011764706 0.011764706 0.011764706 0.011764706 0.011764706 0.011764706 0.011764706 0.011764706 0.011764706 0.011764706 0.011764706 0.011764706 0.015686275 0.015686275 0.015686275 0.015686275 0.015686275 0.015686275 0.011764706 0.011764706 0.011764706 0.011764706 0.011764706 0.011764706 0.011764706 0.007843138
0.011764706 0.011764706 0.007843138 0.007843138 0.007843138 0.011764706 0.011764706 0.011764706 0.011764706 0.011764706 0.011764706 0.011764706 0.015686275 0.015686275 0.015686275 0.015686275 0.015686275 0.015686275 0.015686275 0.011764706 0.015686275 0.015686275 0.015686275 0.011764706 0.011764706 0.011764706 0.011764706 0.011764706 0.011764706 0.011764706 0.011764706 0.007843138
0.011764706 0.011764706 0.011764706 0.011764706 0.011764706 0.011764706 0.011764706 0.015686275 0.015686275 0.015686275 0.015686275 0.015686275 0.015686275 0.019607844 0.019607844 0.015686275 0.015686275 0.015686275 0.015686275 0.015686275 0.015686275 0.015686275 0.015686275 0.015686275 0.015686275 0.015686275 0.011764706 0.011764706 0.011764706 0.011764706 0.011764706 0.011764706
0.011764706 0.011764706 0.015686275 0.015686275 0.011764706 0.011764706 0.011764706 0.015686275 0.019607844 0.019607844 0.015686275 0.015686275 0.015686275 0.019607844 0.019607844 0.019607844 0.019607844 0.019607844 0.015686275 0.015686275 0.015686275 0.015686275 0.015686275 0.019607844 0.019607844 0.019607844 0.015686275 0.015686275 0.015686275 0.015686275 0.011764706 0.011764706
0.015686275 0.015686275 0.019607844 0.019607844 0.015686275 0.011764706 0.015686275 0.015686275 0.019607844 0.019607844 0.015686275 0.019607844 0.019607844 0.019607844 0.019607844 0.019607844 0.019607844 0.019607844 0.019607844 0.019607844 0.019607844 0.019607844 0.019607844 0.023529412 0.023529412 0.023529412 0.019607844 0.015686275 0.015686275 0.015686275 0.011764706 0.011764706
0.015686275 0.015686275 0.015686275 0.019607844 0.019607844 0.015686275 0.015686275 0.015686275 0.015686275 0.015686275 0.019607844 0.019607844 0.019607844 0.019607844 0.019607844 0.019607844 0.019607844 0.019607844 0.019607844 0.023529412 0.023529412 0.019607844 0.019607844 0.023529412 0.02745098 0.02745098 0.03137255 0.03137255 0.02745098 0.019607844 0.015686275 0.011764706
0.011764706 0.011764706 0.015686275 0.019607844 0.019607844 0.019607844 0.019607844 0.019607844 0.019607844 0.019607844 0.023529412 0.023529412 0.019607844 0.023529412 0.023529412 0.019607844 0.019607844 0.02745098 0.02745098 0.023529412 0.023529412 0.023529412 0.023529412 0.03529412 0.06666667 0.12156863 0.14117648 0.14117648 0.14901961 0.09411765 0.03137255 0.011764706
0.019607844 0.015686275 0.019607844 0.019607844 0.019607844 0.019607844 0.019607844 0.019607844 0.019607844 0.019607844 0.023529412 0.023529412 0.023529412 0.023529412 0.023529412 0.023529412 0.03137255 0.05882353 0.0627451 0.043137256 0.02745098 0.03137255 0.11372549 0.21960784 0.23137255 0.25490198 0.25882354 0.21960784 0.23921569 0.21568628 0.1254902 0.03137255
0.023529412 0.019607844 0.023529412 0.023529412 0.023529412 0.019607844 0.023529412 0.019607844 0.019607844 0.019607844 0.019607844 0.019607844 0.019607844 0.023529412 0.023529412 0.023529412 0.043137256 0.08627451 0.09803922 0.09411765 0.03529412 0.05882353 0.23921569 0.34901962 0.34901962 0.3372549 0.34117648 0.27450982 0.26666668 0.2901961 0.18039216 0.039215688
0.023529412 0.02745098 0.02745098 0.023529412 0.023529412 0.023529412 0.02745098 0.023529412 0.023529412 0.023529412 0.023529412 0.019607844 0.023529412 0.023529412 0.02745098 0.023529412 0.05882353 0.12941177 0.12941177 0.12941177 0.050980393 0.12941177 0.32156864 0.39215687 0.40392157 0.39607844 0.40784314 0.3529412 0.30588236 0.34901962 0.19607843 0.039215688
0.023529412 0.02745098 0.03529412 0.03137255 0.03529412 0.039215688 0.03529412 0.03529412 0.03529412 0.03529412 0.03137255 0.02745098 0.03137255 0.03529412 0.039215688 0.02745098 0.09411765 0.19607843 0.15294118 0.1254902 0.07058824 0.22745098 0.3764706 0.41568628 0.42352942 0.41960785 0.4509804 0.4117647 0.35686275 0.3882353 0.2 0.039215688
0.047058824 0.050980393 0.05882353 0.05490196 0.05882353 0.0627451 0.05490196 0.05882353 0.05490196 0.050980393 0.05490196 0.050980393 0.05490196 0.05882353 0.05882353 0.05490196 0.10980392 0.23137255 0.20392157 0.13333334 0.12941177 0.32156864 0.40784314 0.42745098 0.43137255 0.43137255 0.5137255 0.49411765 0.48235294 0.4745098 0.21176471 0.050980393
0.08627451 0.08627451 0.09019608 0.09411765 0.09411765 0.09803922 0.09803922 0.101960786 0.09803922 0.09411765 0.09411765 0.09411765 0.09803922 0.105882354 0.105882354 0.101960786 0.11372549 0.19215687 0.20392157 0.17254902 0.22352941 0.3882353 0.44705883 0.47843137 0.4627451 0.39215687 0.36078432 0.47843137 0.54901963 0.49411765 0.25490198 0.06666667
0.13725491 0.13725491 0.14509805 0.14117648 0.14509805 0.14509805 0.14901961 0.15294118 0.15686275 0.15686275 0.15294118 0.14117648 0.12941177 0.13333334 0.12941177 0.13725491 0.1254902 0.15294118 0.2 0.20784314 0.29411766 0.44313726 0.49803922 0.5176471 0.5137255 0.3019608 0.14901961 0.29411766 0.49803922 0.49019608 0.28627452 0.08235294
0.18431373 0.1882353 0.18039216 0.16862746 0.16470589 0.16078432 0.16862746 0.16078432 0.14117648 0.14117648 0.15294118 0.14117648 0.1254902 0.12156863 0.1254902 0.12156863 0.13725491 0.19607843 0.21960784 0.25882354 0.38431373 0.4862745 0.33333334 0.3372549 0.5137255 0.25490198 0.15686275 0.16078432 0.37254903 0.44705883 0.2784314 0.11372549
0.18431373 0.19607843 0.19607843 0.1882353 0.18431373 0.18039216 0.18431373 0.16862746 0.14901961 0.14509805 0.13333334 0.1254902 0.1254902 0.1254902 0.12941177 0.12156863 0.14901961 0.28627452 0.33333334 0.41960785 0.5686275 0.38039216 0.16078432 0.2509804 0.41960785 0.20392157 0.15294118 0.13333334 0.23529412 0.27450982 0.23137255 0.13725491
0.20784314 0.20784314 0.22352941 0.2 0.18431373 0.1882353 0.18431373 0.1764706 0.1764706 0.16078432 0.14509805 0.14117648 0.14509805 0.14509805 0.14117648 0.14509805 0.12941177 0.24313726 0.38039216 0.5411765 0.52156866 0.23921569 0.14117648 0.30588236 0.39215687 0.16862746 0.15686275 0.16078432 0.2627451 0.23137255 0.20784314 0.16078432
0.2509804 0.25882354 0.2509804 0.23137255 0.21568628 0.17254902 0.17254902 0.1764706 0.17254902 0.17254902 0.1764706 0.16862746 0.16470589 0.16862746 0.15686275 0.16078432 0.15686275 0.23137255 0.3647059 0.49803922 0.3764706 0.19215687 0.16470589 0.30980393 0.4117647 0.1882353 0.1764706 0.18431373 0.2901961 0.20784314 0.21960784 0.16078432
0.2901961 0.29803923 0.28627452 0.25882354 0.24313726 0.2 0.1882353 0.20784314 0.19607843 0.1882353 0.1882353 0.1882353 0.2 0.19607843 0.18431373 0.19215687 0.2 0.23137255 0.36078432 0.42745098 0.2627451 0.19215687 0.18431373 0.28627452 0.37254903 0.2 0.18039216 0.2 0.29803923 0.19607843 0.21960784 0.16078432
0.3254902 0.34509805 0.3137255 0.30588236 0.32156864 0.2784314 0.23137255 0.22745098 0.22745098 0.21568628 0.21176471 0.20784314 0.22745098 0.22745098 0.21568628 0.22352941 0.22745098 0.21960784 0.33333334 0.36078432 0.21960784 0.20392157 0.21176471 0.2901961 0.34901962 0.20392157 0.1764706 0.21960784 0.26666668 0.19215687 0.23137255 0.17254902
0.32941177 0.33333334 0.33333334 0.34117648 0.3647059 0.33333334 0.2784314 0.2627451 0.25882354 0.2509804 0.23529412 0.21568628 0.23137255 0.2627451 0.26666668 0.25490198 0.24313726 0.23137255 0.2901961 0.28627452 0.22352941 0.21960784 0.23137255 0.29803923 0.28235295 0.21176471 0.19215687 0.20784314 0.21960784 0.1882353 0.20784314 0.18039216
0.34509805 0.3882353 0.4 0.3647059 0.34901962 0.3254902 0.28235295 0.28627452 0.29411766 0.3019608 0.2901961 0.25882354 0.25490198 0.2784314 0.30588236 0.29411766 0.27058825 0.2627451 0.2627451 0.27058825 0.25882354 0.24705882 0.2627451 0.28627452 0.23921569 0.22745098 0.21176471 0.21176471 0.21176471 0.20784314 0.20784314 0.2
0.43137255 0.5019608 0.49803922 0.4745098 0.43137255 0.35686275 0.40784314 0.43137255 0.40784314 0.39215687 0.43529412 0.43137255 0.36862746 0.34509805 0.3764706 0.3764706 0.37254903 0.32156864 0.34901962 0.3647059 0.3647059 0.3529412 0.32941177 0.37254903 0.30588236 0.3764706 0.34509805 0.32941177 0.2509804 0.32156864 0.28627452 0.20784314
0.0 0.0 0.0 0.0 0.003921569 0.003921569 0.003921569 0.003921569 0.003921569 0.003921569 0.007843138 0.007843138 0.003921569 0.0 0.0 0.0 0.0 0.0 0.0 0.0 0.0 0.0 0.0 0.0 0.0 0.0 0.0 0.003921569 0.003921569 0.003921569 0.003921569 0.003921569
0.0 0.0 0.0 0.0 0.0 0.003921569 0.003921569 0.003921569 0.003921569 0.003921569 0.003921569 0.007843138 0.003921569 0.0 0.0 0.0 0.0 0.0 0.0 0.0 0.0 0.0 0.0 0.0 0.0 0.0 0.0 0.003921569 0.003921569 0.003921569 0.003921569 0.003921569
0.0 0.0 0.0 0.0 0.003921569 0.003921569 0.003921569 0.003921569 0.003921569 0.003921569 0.003921569 0.003921569 0.003921569 0.0 0.0 0.0 0.0 0.0 0.0 0.0 0.0 0.0 0.0 0.0 0.0 0.0 0.0 0.0 0.003921569 0.003921569 0.003921569 0.003921569
0.003921569 0.0 0.0 0.0 0.003921569 0.003921569 0.0 0.0 0.0 0.0 0.0 0.0 0.0 0.0 0.0 0.0 0.0 0.0 0.0 0.0 0.0 0.0 0.0 0.0 0.0 0.0 0.0 0.0 0.0 0.0 0.0 0.0
0.003921569 0.0 0.0 0.003921569 0.003921569 0.003921569 0.0 0.0 0.0 0.0 0.0 0.0 0.0 0.0 0.0 0.0 0.0 0.0 0.0 0.0 0.0 0.0 0.0 0.0 0.0 0.0 0.0 0.0 0.0 0.0 0.0 0.0
0.003921569 0.003921569 0.0 0.003921569 0.003921569 0.003921569 0.0 0.0 0.0 0.0 0.0 0.0 0.0 0.0 0.0 0.0 0.0 0.0 0.0 0.0 0.0 0.0 0.0 0.0 0.0 0.0 0.0 0.0 0.0 0.0 0.0 0.0
0.0 0.003921569 0.003921569 0.003921569 0.003921569 0.007843138 0.003921569 0.0 0.0 0.0 0.0 0.0 0.0 0.0 0.0 0.0 0.0 0.0 0.0 0.0 0.0 0.0 0.0 0.0 0.0 0.0 0.0 0.0 0.0 0.0 0.0 0.0
0.0 0.0 0.003921569 0.003921569 0.003921569 0.003921569 0.003921569 0.0 0.0 0.0 0.0 0.0 0.0 0.0 0.0 0.0 0.0 0.0 0.0 0.0 0.0 0.0 0.0 0.0 0.0 0.0 0.0 0.0 0.0 0.0 0.0 0.0
0.0 0.0 0.003921569 0.003921569 0.003921569 0.0 0.0 0.0 0.0 0.0 0.0 0.0 0.0 0.0 0.0 0.0 0.0 0.0 0.0 0.0 0.0 0.0 0.0 0.0 0.0 0.0 0.0 0.0 0.0 0.0 0.0 0.0
0.0 0.0 0.003921569 0.003921569 0.003921569 0.0 0.0 0.0 0.0 0.0 0.0 0.0 0.0 0.0 0.0 0.0 0.0 0.0 0.003921569 0.003921569 0.003921569 0.003921569 0.003921569 0.003921569 0.0 0.0 0.0 0.0 0.0 0.0 0.0 0.0
0.0 0.0 0.0 0.0 0.0 0.0 0.0 0.0 0.0 0.0 0.0 0.0 0.0 0.0 0.0 0.0 0.0 0.0 0.0 0.0 0.003921569 0.003921569 0.003921569 0.0 0.0 0.0 0.0 0.0 0.0 0.0 0.0 0.0
0.0 0.0 0.0 0.0 0.0 0.0 0.0 0.0 0.003921569 0.003921569 0.003921569 0.003921569 0.003921569 0.003921569 0.003921569 0.0 0.0 0.0 0.003921569 0.003921569 0.003921569 0.003921569 0.003921569 0.003921569 0.003921569 0.003921569 0.0 0.0 0.0 0.0 0.0 0.0
0.0 0.0 0.003921569 0.003921569 0.0 0.0 0.0 0.003921569 0.003921569 0.003921569 0.003921569 0.003921569 0.003921569 0.003921569 0.003921569 0.003921569 0.003921569 0.003921569 0.003921569 0.003921569 0.003921569 0.003921569 0.003921569 0.007843138 0.007843138 0.007843138 0.003921569 0.003921569 0.003921569 0.003921569 0.0 0.0
0.0 0.0 0.003921569 0.003921569 0.0 0.0 0.0 0.003921569 0.003921569 0.003921569 0.003921569 0.003921569 0.003921569 0.003921569 0.003921569 0.003921569 0.003921569 0.003921569 0.003921569 0.003921569 0.007843138 0.007843138 0.007843138 0.011764706 0.007843138 0.007843138 0.007843138 0.003921569 0.003921569 0.003921569 0.0 0.0
0.0 0.0 0.003921569 0.003921569 0.003921569 0.0 0.0 0.003921569 0.003921569 0.003921569 0.003921569 0.003921569 0.003921569 0.003921569 0.003921569 0.003921569 0.003921569 0.003921569 0.003921569 0.007843138 0.007843138 0.007843138 0.007843138 0.003921569 0.003921569 0.007843138 0.015686275 0.011764706 0.011764706 0.003921569 0.0 0.0
0.0 0.0 0.003921569 0.003921569 0.003921569 0.003921569 0.003921569 0.007843138 0.007843138 0.007843138 0.007843138 0.007843138 0.003921569 0.0 0.0 0.003921569 0.003921569 0.007843138 0.011764706 0.003921569 0.0 0.003921569 0.011764706 0.019607844 0.03137255 0.05882353 0.07058824 0.07058824 0.078431375 0.043137256 0.007843138 0.003921569
0.003921569 0.0 0.0 0.003921569 0.003921569 0.003921569 0.003921569 0.007843138 0.007843138 0.007843138 0.007843138 0.007843138 0.003921569 0.0 0.0 0.0 0.007843138 0.019607844 0.023529412 0.011764706 0.003921569 0.011764706 0.06666667 0.13725491 0.13725491 0.14901961 0.14901961 0.11372549 0.13333334 0.11764706 0.06666667 0.015686275
0.003921569 0.003921569 0.0 0.0 0.003921569 0.0 0.0 0.003921569 0.003921569 0.003921569 0.007843138 0.007843138 0.003921569 0.0 0.0 0.003921569 0.015686275 0.03137255 0.039215688 0.03529412 0.015686275 0.03137255 0.14509805 0.21568628 0.21960784 0.21568628 0.21960784 0.16862746 0.16078432 0.17254902 0.09019608 0.015686275
0.0 0.003921569 0.003921569 0.003921569 0.0 0.0 0.0 0.003921569 0.003921569 0.003921569 0.007843138 0.007843138 0.003921569 0.003921569 0.003921569 0.007843138 0.03137255 0.0627451 0.05882353 0.0627451 0.019607844 0.078431375 0.20784314 0.25490198 0.25882354 0.25490198 0.27058825 0.23529412 0.19215687 0.21176471 0.105882354 0.015686275
0.003921569 0.003921569 0.011764706 0.011764706 0.011764706 0.011764706 0.007843138 0.011764706 0.011764706 0.007843138 0.011764706 0.007843138 0.011764706 0.011764706 0.011764706 0.011764706 0.0627451 0.1254902 0.07450981 0.0627451 0.03529412 0.14117648 0.2509804 0.28235295 0.28235295 0.28235295 0.30980393 0.28235295 0.23137255 0.23529412 0.11372549 0.015686275
0.023529412 0.02745098 0.03137255 0.03137255 0.03137255 0.03529412 0.02745098 0.03137255 0.023529412 0.023529412 0.02745098 0.02745098 0.03137255 0.03137255 0.03137255 0.02745098 0.07450981 0.16078432 0.1254902 0.06666667 0.07058824 0.20784314 0.27450982 0.28235295 0.2784314 0.28627452 0.37254903 0.36862746 0.37254903 0.31764707 0.13333334 0.03137255
0.05490196 0.05490196 0.05882353 0.06666667 0.0627451 0.0627451 0.06666667 0.06666667 0.05882353 0.05882353 0.0627451 0.05882353 0.0627451 0.07058824 0.07058824 0.05882353 0.07058824 0.1254902 0.1254902 0.09803922 0.13725491 0.25882354 0.30980393 0.2901961 0.26666668 0.25882354 0.2784314 0.3882353 0.45490196 0.37254903 0.17254902 0.047058824
0.09411765 0.09411765 0.101960786 0.101960786 0.101960786 0.105882354 0.105882354 0.105882354 0.10980392 0.10980392 0.105882354 0.09411765 0.08235294 0.08627451 0.08235294 0.08627451 0.07450981 0.08235294 0.11372549 0.11372549 0.1764706 0.3019608 0.34901962 0.32941177 0.3019608 0.18431373 0.10980392 0.23921569 0.38431373 0.38039216 0.20784314 0.05490196
0.12941177 0.13333334 0.1254902 0.11372549 0.11372549 0.10980392 0.11764706 0.105882354 0.08627451 0.09019608 0.09411765 0.08235294 0.06666667 0.0627451 0.06666667 0.06666667 0.07450981 0.11764706 0.13725491 0.14901961 0.25490198 0.3372549 0.22352941 0.20784314 0.30980393 0.15686275 0.105882354 0.11764706 0.27450982 0.3137255 0.19607843 0.07058824
0.12941177 0.14117648 0.13333334 0.12941177 0.1254902 0.12156863 0.11764706 0.101960786 0.08235294 0.078431375 0.06666667 0.0627451 0.05882353 0.05882353 0.0627451 0.05490196 0.078431375 0.18431373 0.20784314 0.29411766 0.43529412 0.2627451 0.101960786 0.14509805 0.23921569 0.12156863 0.08627451 0.08627451 0.15294118 0.17254902 0.14901961 0.08235294
0.14901961 0.14509805 0.15686275 0.13333334 0.11764706 0.12156863 0.10980392 0.09803922 0.09411765 0.08235294 0.07058824 0.07058824 0.07058824 0.06666667 0.0627451 0.0627451 0.05490196 0.13725491 0.21960784 0.38431373 0.3882353 0.14509805 0.07058824 0.17254902 0.22745098 0.09019608 0.09411765 0.101960786 0.16862746 0.15294118 0.1254902 0.09803922
0.1882353 0.1882353 0.18431373 0.16078432 0.13725491 0.09411765 0.09019608 0.08627451 0.08235294 0.08627451 0.09411765 0.08627451 0.08235294 0.08235294 0.07058824 0.07058824 0.07450981 0.12156863 0.21176471 0.34117648 0.25882354 0.09803922 0.08627451 0.1764706 0.25882354 0.105882354 0.10980392 0.11372549 0.19607843 0.14509805 0.13725491 0.101960786
0.22352941 0.22352941 0.21176471 0.18431373 0.16078432 0.11764706 0.09803922 0.10980392 0.09803922 0.09411765 0.09803922 0.09411765 0.105882354 0.101960786 0.09019608 0.09411765 0.101960786 0.12156863 0.23529412 0.3019608 0.15294118 0.101960786 0.09803922 0.16078432 0.22745098 0.11372549 0.09803922 0.12156863 0.20392157 0.13725491 0.13725491 0.101960786
0.2509804 0.27058825 0.24313726 0.22745098 0.23529412 0.19215687 0.13725491 0.12941177 0.12156863 0.10980392 0.11372549 0.101960786 0.11764706 0.11764706 0.105882354 0.10980392 0.11372549 0.11372549 0.21960784 0.23921569 0.10980392 0.10980392 0.10980392 0.15686275 0.20784314 0.10980392 0.08627451 0.13333334 0.17254902 0.12156863 0.13725491 0.10980392
0.2509804 0.25882354 0.2627451 0.26666668 0.28235295 0.24705882 0.1882353 0.16862746 0.15294118 0.13725491 0.12941177 0.10980392 0.11372549 0.14509805 0.14901961 0.13725491 0.12156863 0.12156863 0.1882353 0.16862746 0.11372549 0.11764706 0.1254902 0.16470589 0.17254902 0.13333334 0.105882354 0.1254902 0.13333334 0.11372549 0.1254902 0.11764706
0.25490198 0.29411766 0.29411766 0.26666668 0.24705882 0.20784314 0.16862746 0.16862746 0.17254902 0.17254902 0.16470589 0.14117648 0.13333334 0.15294118 0.16078432 0.14901961 0.12941177 0.13333334 0.14901961 0.14117648 0.12941177 0.11372549 0.13725491 0.15294118 0.12941177 0.12941177 0.11764706 0.12156863 0.1254902 0.11764706 0.13333334 0.13725491
0.30588236 0.28627452 0.23921569 0.23529412 0.21568628 0.17254902 0.18431373 0.20784314 0.20392157 0.21176471 0.2 0.18039216 0.1764706 0.16470589 0.16078432 0.16470589 0.16078432 0.14901961 0.15686275 0.15294118 0.15686275 0.13725491 0.14509805 0.15294118 0.14901961 0.15294118 0.14509805 0.14509805 0.13725491 0.15686275 0.15686275 0.13725491
28 4 1
15 29 0
22 15 0
22 19 2
9 7 2
27 30 2
17 24 0
27 14 2
7 23 0
30 0 2
31 25 1
25 31 1
20 26 2
3 27 2
20 22 0
4 6 1
28 19 2
20 12 2
21 20 0
26 23 2
23 12 0
25 11 1
7 6 1
24 16 2
23 26 2
13 20 2
19 9 2
2 20 1
26 25 2
27 5 2
