32, 32, 3, 30
0.8392157 0.84313726 0.7647059 0.7372549 0.70980394 0.7372549 0.7058824 0.654902 0.7058824 0.74509805 0.69411767 0.6745098 0.60784316 0.5921569 0.6 0.6 0.65882355 0.6666667 0.6313726 0.6784314 0.7058824 0.6627451 0.6431373 0.5764706 0.47058824 0.44313726 0.5019608 0.52156866 0.48235294 0.48235294 0.54509807 0.6313726
0.83137256 0.84313726 0.8 0.7882353 0.7176471 0.6862745 0.7137255 0.6901961 0.75686276 0.827451 0.76862746 0.72156864 0.6509804 0.63529414 0.6862745 0.73333335 0.7294118 0.69803923 0.67058825 0.69803923 0.7176471 0.6666667 0.5921569 0.5372549 0.47843137 0.44313726 0.5058824 0.57254905 0.53333336 0.54509807 0.5764706 0.59607846
0.79607844 0.7921569 0.75686276 0.7490196 0.7137255 0.7176471 0.7254902 0.68235296 0.69803923 0.7647059 0.7529412 0.7372549 0.63529414 0.5529412 0.57254905 0.65882355 0.7176471 0.68235296 0.69411767 0.72156864 0.7411765 0.70980394 0.64705884 0.6039216 0.5568628 0.5137255 0.54509807 0.5803922 0.5058824 0.5294118 0.57254905 0.5764706
0.75686276 0.7607843 0.7137255 0.6784314 0.7254902 0.7647059 0.77254903 0.70980394 0.6313726 0.6627451 0.654902 0.6509804 0.6 0.5411765 0.4862745 0.5529412 0.69411767 0.6862745 0.6627451 0.6862745 0.6784314 0.6784314 0.68235296 0.6627451 0.6627451 0.6313726 0.68235296 0.6784314 0.56078434 0.5647059 0.5921569 0.60784316
0.7176471 0.70980394 0.7058824 0.6901961 0.7137255 0.7372549 0.7254902 0.6784314 0.6431373 0.6627451 0.65882355 0.68235296 0.6039216 0.54509807 0.4862745 0.5568628 0.6901961 0.7058824 0.6156863 0.60784316 0.6392157 0.67058825 0.6313726 0.57254905 0.6117647 0.64705884 0.7019608 0.7254902 0.67058825 0.6392157 0.6117647 0.5921569
0.67058825 0.62352943 0.6392157 0.6666667 0.7019608 0.7607843 0.77254903 0.7372549 0.7372549 0.70980394 0.6431373 0.7254902 0.69803923 0.5882353 0.57254905 0.6039216 0.64705884 0.67058825 0.62352943 0.5921569 0.6431373 0.69803923 0.6666667 0.60784316 0.59607846 0.63529414 0.6901961 0.7411765 0.73333335 0.6862745 0.6431373 0.6431373
0.65882355 0.6156863 0.6313726 0.6117647 0.61960787 0.6901961 0.70980394 0.77254903 0.7529412 0.61960787 0.4627451 0.69803923 0.75686276 0.7058824 0.77254903 0.73333335 0.6862745 0.59607846 0.5921569 0.61960787 0.60784316 0.62352943 0.64705884 0.63529414 0.6117647 0.6509804 0.6862745 0.6901961 0.7176471 0.77254903 0.69803923 0.7019608
0.5686275 0.56078434 0.57254905 0.5803922 0.5647059 0.58431375 0.6 0.63529414 0.5803922 0.40784314 0.5137255 0.84313726 0.8 0.8509804 0.78431374 0.7058824 0.8156863 0.7019608 0.5803922 0.5411765 0.54509807 0.5803922 0.58431375 0.6156863 0.63529414 0.654902 0.6901961 0.68235296 0.7019608 0.7647059 0.7254902 0.6627451
0.5803922 0.5803922 0.59607846 0.6156863 0.63529414 0.59607846 0.59607846 0.5568628 0.35686275 0.3019608 0.6392157 0.8392157 0.84705883 0.972549 0.7490196 0.4509804 0.73333335 0.7921569 0.7058824 0.57254905 0.47843137 0.49019608 0.53333336 0.6509804 0.6509804 0.61960787 0.68235296 0.7019608 0.6509804 0.6627451 0.6431373 0.5921569
0.6627451 0.654902 0.654902 0.6156863 0.64705884 0.627451 0.6 0.5529412 0.25490198 0.23529412 0.49411765 0.52156866 0.69803923 0.89411765 0.8509804 0.42352942 0.5803922 0.73333335 0.7019608 0.65882355 0.54901963 0.49803922 0.5372549 0.6039216 0.57254905 0.5529412 0.627451 0.65882355 0.65882355 0.64705884 0.59607846 0.5803922
0.6156863 0.59607846 0.58431375 0.5686275 0.5686275 0.57254905 0.56078434 0.5176471 0.23921569 0.13725491 0.25882354 0.29411766 0.44313726 0.60784316 0.8392157 0.5294118 0.40392157 0.54901963 0.58431375 0.654902 0.60784316 0.54901963 0.54509807 0.5294118 0.5411765 0.5803922 0.57254905 0.6039216 0.63529414 0.63529414 0.5764706 0.5254902
0.54509807 0.5137255 0.52156866 0.49803922 0.48235294 0.50980395 0.5137255 0.5019608 0.29411766 0.1882353 0.20392157 0.21568628 0.27450982 0.39215687 0.7137255 0.6039216 0.25490198 0.3372549 0.57254905 0.69411767 0.6666667 0.56078434 0.5411765 0.54901963 0.58431375 0.6431373 0.65882355 0.6313726 0.6313726 0.6509804 0.59607846 0.5176471
0.5372549 0.5019608 0.54901963 0.52156866 0.49411765 0.5176471 0.5529412 0.5019608 0.43529412 0.40784314 0.16862746 0.11372549 0.13725491 0.41960785 0.8039216 0.6156863 0.21568628 0.31764707 0.6039216 0.7137255 0.70980394 0.64705884 0.64705884 0.6901961 0.67058825 0.69411767 0.7372549 0.69411767 0.6509804 0.65882355 0.6 0.5529412
0.5176471 0.50980395 0.5372549 0.5686275 0.53333336 0.5372549 0.5882353 0.5137255 0.5137255 0.45882353 0.101960786 0.101960786 0.07058824 0.26666668 0.7882353 0.69803923 0.25882354 0.41568628 0.5803922 0.63529414 0.65882355 0.6431373 0.654902 0.73333335 0.7529412 0.7137255 0.7372549 0.7372549 0.7176471 0.6901961 0.6 0.57254905
0.5921569 0.5686275 0.5254902 0.53333336 0.5137255 0.5254902 0.57254905 0.5254902 0.41568628 0.3882353 0.15686275 0.12156863 0.043137256 0.15294118 0.7490196 0.8666667 0.4862745 0.5294118 0.57254905 0.5647059 0.54509807 0.5294118 0.56078434 0.6392157 0.70980394 0.6666667 0.6784314 0.68235296 0.7058824 0.7058824 0.67058825 0.65882355
0.627451 0.59607846 0.5294118 0.47843137 0.49803922 0.5686275 0.58431375 0.5137255 0.41568628 0.4392157 0.3254902 0.12941177 0.09803922 0.47843137 0.91764706 0.8235294 0.60784316 0.58431375 0.5803922 0.5411765 0.5647059 0.56078434 0.5882353 0.627451 0.69411767 0.6431373 0.5882353 0.5882353 0.58431375 0.62352943 0.6117647 0.654902
0.5686275 0.5411765 0.49411765 0.37254903 0.41960785 0.5058824 0.50980395 0.5294118 0.6156863 0.6 0.5254902 0.5176471 0.61960787 0.8745098 0.8627451 0.7176471 0.7411765 0.73333335 0.5921569 0.5686275 0.65882355 0.7176471 0.72156864 0.6431373 0.6156863 0.61960787 0.6392157 0.59607846 0.54901963 0.58431375 0.6156863 0.6431373
0.60784316 0.57254905 0.45490196 0.19215687 0.20784314 0.3137255 0.29411766 0.45490196 0.7764706 0.8392157 0.75686276 0.7921569 0.84313726 0.8352941 0.78431374 0.81960785 0.88235295 0.8392157 0.65882355 0.6313726 0.7058824 0.8117647 0.8666667 0.7647059 0.58431375 0.5686275 0.6117647 0.6039216 0.6 0.60784316 0.62352943 0.54509807
0.56078434 0.5411765 0.4862745 0.2627451 0.14509805 0.16862746 0.11372549 0.29803923 0.77254903 0.94509804 0.90588236 0.8901961 0.8784314 0.84705883 0.87058824 0.9098039 0.9411765 0.90588236 0.7411765 0.6784314 0.7490196 0.8784314 0.9411765 0.90588236 0.7254902 0.57254905 0.54509807 0.5803922 0.60784316 0.5882353 0.5803922 0.5254902
0.59607846 0.5764706 0.5411765 0.4 0.28627452 0.19607843 0.09803922 0.32156864 0.8117647 0.94509804 0.94509804 0.972549 0.98039216 0.92941177 0.9372549 0.972549 0.9843137 0.95686275 0.8117647 0.7254902 0.8 0.92941177 0.9882353 0.9529412 0.87058824 0.6313726 0.5137255 0.5176471 0.5137255 0.54901963 0.60784316 0.60784316
0.61960787 0.61960787 0.6039216 0.5568628 0.5137255 0.32156864 0.13333334 0.3647059 0.8392157 0.96862745 0.9647059 0.95686275 0.9607843 0.91764706 0.9607843 0.99607843 0.98039216 0.9607843 0.85490197 0.78039217 0.8392157 0.92156863 0.9843137 0.972549 0.9411765 0.7176471 0.48235294 0.4862745 0.49411765 0.50980395 0.5176471 0.56078434
0.59607846 0.64705884 0.5921569 0.63529414 0.64705884 0.49019608 0.22352941 0.34509805 0.8117647 0.94509804 0.9411765 0.8980392 0.92156863 0.9254902 0.9411765 0.95686275 0.9607843 0.95686275 0.90588236 0.8352941 0.8862745 0.8666667 0.9490196 0.99607843 0.98039216 0.83137256 0.5647059 0.5137255 0.50980395 0.47058824 0.44313726 0.4627451
0.54901963 0.62352943 0.5764706 0.6117647 0.6666667 0.61960787 0.45490196 0.49019608 0.81960785 0.9137255 0.92156863 0.8235294 0.8745098 0.9372549 0.8352941 0.89411765 0.972549 0.972549 0.9411765 0.89411765 0.96862745 0.827451 0.87058824 0.99607843 0.99215686 0.9137255 0.7529412 0.6392157 0.54509807 0.47058824 0.45882353 0.46666667
0.5137255 0.61960787 0.5921569 0.5647059 0.6313726 0.68235296 0.6627451 0.6745098 0.79607844 0.85882354 0.91764706 0.8156863 0.7647059 0.85882354 0.7647059 0.8156863 0.9411765 0.94509804 0.9607843 0.92941177 0.972549 0.84705883 0.77254903 0.93333334 0.9490196 0.90588236 0.8666667 0.8039216 0.6862745 0.56078434 0.5019608 0.48235294
0.5137255 0.64705884 0.6431373 0.5529412 0.5372549 0.6156863 0.627451 0.6117647 0.73333335 0.7647059 0.7607843 0.72156864 0.6509804 0.6666667 0.7411765 0.8 0.8666667 0.92156863 0.9647059 0.87058824 0.88235295 0.8 0.6431373 0.75686276 0.8156863 0.84705883 0.7490196 0.61960787 0.57254905 0.5176471 0.49803922 0.45882353
0.6392157 0.6509804 0.59607846 0.5647059 0.49411765 0.53333336 0.5568628 0.49411765 0.59607846 0.60784316 0.6 0.5921569 0.5921569 0.6 0.6392157 0.7529412 0.78431374 0.7647059 0.7490196 0.6784314 0.62352943 0.5137255 0.46666667 0.5254902 0.5176471 0.60784316 0.59607846 0.46666667 0.42352942 0.40392157 0.46666667 0.5254902
0.6666667 0.64705884 0.5882353 0.5529412 0.5529412 0.5254902 0.50980395 0.48235294 0.4745098 0.4862745 0.5176471 0.49803922 0.54901963 0.5764706 0.5764706 0.6 0.60784316 0.5764706 0.6117647 0.54901963 0.5019608 0.48235294 0.46666667 0.46666667 0.40784314 0.48235294 0.5254902 0.49019608 0.47058824 0.45490196 0.45490196 0.5568628
0.5764706 0.5372549 0.56078434 0.58431375 0.627451 0.5686275 0.5764706 0.5254902 0.4862745 0.49803922 0.5019608 0.5137255 0.5254902 0.53333336 0.5568628 0.5254902 0.49803922 0.4745098 0.5019608 0.5058824 0.5411765 0.52156866 0.5137255 0.50980395 0.50980395 0.5411765 0.52156866 0.5254902 0.54509807 0.49803922 0.47843137 0.56078434
0.5137255 0.47843137 0.52156866 0.62352943 0.68235296 0.627451 0.5529412 0.50980395 0.45490196 0.4862745 0.5294118 0.5176471 0.5529412 0.6039216 0.5647059 0.5411765 0.4862745 0.40784314 0.4392157 0.43529412 0.4627451 0.5137255 0.5411765 0.5176471 0.49411765 0.5254902 0.5137255 0.5019608 0.5019608 0.4745098 0.5058824 0.5803922
0.49411765 0.4745098 0.5372549 0.67058825 0.72156864 0.69411767 0.5803922 0.5294118 0.49411765 0.44313726 0.49411765 0.5137255 0.56078434 0.48235294 0.48235294 0.5764706 0.52156866 0.47058824 0.5137255 0.44705883 0.42745098 0.4745098 0.49411765 0.5137255 0.49803922 0.5294118 0.4509804 0.43137255 0.44705883 0.49019608 0.52156866 0.57254905
0.60784316 0.5294118 0.61960787 0.7176471 0.74509805 0.7607843 0.7176471 0.6156863 0.6 0.5254902 0.49803922 0.5529412 0.56078434 0.43137255 0.53333336 0.6745098 0.5764706 0.5647059 0.60784316 0.5529412 0.52156866 0.49019608 0.47843137 0.50980395 0.50980395 0.5058824 0.4509804 0.4392157 0.4862745 0.44313726 0.4862745 0.5411765
0.7372549 0.654902 0.7411765 0.77254903 0.7764706 0.7882353 0.72156864 0.6156863 0.6392157 0.58431375 0.53333336 0.5647059 0.5568628 0.49411765 0.52156866 0.5803922 0.5764706 0.5803922 0.63529414 0.62352943 0.54901963 0.52156866 0.5137255 0.5254902 0.5529412 0.4745098 0.43529412 0.42745098 0.49019608 0.44313726 0.45882353 0.42745098
0.7764706 0.78039217 0.7019608 0.6745098 0.654902 0.69411767 0.654902 0.6 0.64705884 0.68235296 0.6431373 0.6313726 0.57254905 0.5647059 0.5686275 0.54509807 0.5882353 0.5921569 0.5568628 0.6039216 0.63529414 0.59607846 0.58431375 0.5294118 0.4392157 0.41960785 0.4627451 0.4745098 0.4392157 0.44313726 0.50980395 0.58431375
0.77254903 0.78431374 0.74509805 0.73333335 0.6666667 0.6392157 0.6627451 0.63529414 0.69803923 0.76862746 0.7137255 0.6784314 0.6117647 0.6 0.6509804 0.68235296 0.6627451 0.6313726 0.6039216 0.6313726 0.6509804 0.6 0.5294118 0.4862745 0.44313726 0.4117647 0.46666667 0.5254902 0.49019608 0.5058824 0.5411765 0.5529412
0.7490196 0.74509805 0.7137255 0.70980394 0.6666667 0.6666667 0.67058825 0.627451 0.6392157 0.7058824 0.7019608 0.69411767 0.6039216 0.52156866 0.54509807 0.6117647 0.654902 0.6156863 0.6313726 0.65882355 0.6784314 0.6431373 0.58431375 0.5529412 0.52156866 0.48235294 0.5058824 0.5372549 0.46666667 0.49411765 0.5411765 0.53333336
0.72156864 0.72156864 0.68235296 0.64705884 0.6862745 0.70980394 0.7137255 0.654902 0.57254905 0.6039216 0.60784316 0.6156863 0.57254905 0.5137255 0.45882353 0.5137255 0.63529414 0.6313726 0.60784316 0.627451 0.61960787 0.6117647 0.61960787 0.60784316 0.627451 0.6039216 0.6431373 0.6313726 0.5176471 0.5254902 0.5568628 0.5647059
0.6901961 0.68235296 0.68235296 0.6666667 0.6784314 0.6784314 0.6666667 0.61960787 0.58431375 0.6039216 0.6117647 0.6431373 0.5686275 0.5176471 0.45882353 0.5176471 0.6392157 0.65882355 0.5686275 0.56078434 0.58431375 0.60784316 0.57254905 0.5254902 0.5764706 0.61960787 0.65882355 0.6745098 0.62352943 0.59607846 0.57254905 0.5529412
0.6509804 0.60784316 0.61960787 0.6509804 0.6666667 0.7019608 0.7137255 0.6784314 0.6784314 0.6509804 0.58431375 0.67058825 0.6509804 0.54509807 0.5294118 0.5568628 0.6039216 0.627451 0.5803922 0.54901963 0.59607846 0.6392157 0.60784316 0.56078434 0.56078434 0.60784316 0.6431373 0.6862745 0.6784314 0.6392157 0.59607846 0.59607846
0.63529414 0.59607846 0.6117647 0.5921569 0.58431375 0.63529414 0.65882355 0.72156864 0.69803923 0.5647059 0.40784314 0.6313726 0.6745098 0.62352943 0.69803923 0.67058825 0.627451 0.54901963 0.5568628 0.5882353 0.5764706 0.5764706 0.59607846 0.5882353 0.5686275 0.6117647 0.63529414 0.6313726 0.6627451 0.7176471 0.64705884 0.6509804
0.54509807 0.5372549 0.5529412 0.56078434 0.53333336 0.5372549 0.5568628 0.5882353 0.5294118 0.3529412 0.45490196 0.7647059 0.6901961 0.73333335 0.6862745 0.61960787 0.7372549 0.6431373 0.5411765 0.50980395 0.5176471 0.5411765 0.5372549 0.5686275 0.58431375 0.6039216 0.63529414 0.627451 0.64705884 0.70980394 0.67058825 0.60784316
0.5647059 0.5686275 0.5882353 0.6039216 0.6156863 0.56078434 0.56078434 0.5176471 0.30588236 0.24313726 0.56078434 0.7372549 0.7294118 0.8509804 0.6313726 0.34509805 0.6392157 0.7137255 0.6392157 0.5176471 0.43529412 0.4509804 0.49411765 0.6117647 0.60784316 0.5764706 0.6392157 0.654902 0.6039216 0.6156863 0.59607846 0.54509807
0.654902 0.6509804 0.6509804 0.6117647 0.6392157 0.6039216 0.5764706 0.52156866 0.21176471 0.1764706 0.4 0.40392157 0.5647059 0.7607843 0.72156864 0.3019608 0.47058824 0.6392157 0.62352943 0.5882353 0.49019608 0.4627451 0.5058824 0.57254905 0.5411765 0.5176471 0.5882353 0.61960787 0.61960787 0.60784316 0.5568628 0.5411765
0.6117647 0.5921569 0.58431375 0.5686275 0.5647059 0.56078434 0.54901963 0.49803922 0.20392157 0.08627451 0.17254902 0.18039216 0.3137255 0.4745098 0.72156864 0.4117647 0.2901961 0.45490196 0.5019608 0.58431375 0.5529412 0.5176471 0.52156866 0.5058824 0.5137255 0.5529412 0.5372549 0.56078434 0.59607846 0.59607846 0.53333336 0.49019608
0.54901963 0.52156866 0.5294118 0.50980395 0.4862745 0.5019608 0.5019608 0.48235294 0.26666668 0.14901961 0.14509805 0.12941177 0.16470589 0.28627452 0.6313726 0.50980395 0.15294118 0.2509804 0.5019608 0.63529414 0.61960787 0.5372549 0.52156866 0.5254902 0.5568628 0.6156863 0.61960787 0.58431375 0.5882353 0.6039216 0.5529412 0.47843137
0.54901963 0.5137255 0.5647059 0.5372549 0.5019608 0.5137255 0.54901963 0.49019608 0.41568628 0.38039216 0.15294118 0.07058824 0.06666667 0.3529412 0.7647059 0.5568628 0.12941177 0.2509804 0.5529412 0.67058825 0.6745098 0.627451 0.627451 0.6666667 0.64705884 0.6666667 0.69803923 0.64705884 0.6039216 0.60784316 0.54509807 0.50980395
0.53333336 0.5254902 0.54901963 0.5764706 0.54509807 0.54901963 0.5921569 0.5019608 0.49411765 0.4392157 0.101960786 0.09411765 0.047058824 0.23921569 0.7647059 0.654902 0.19215687 0.3647059 0.5411765 0.59607846 0.627451 0.6156863 0.627451 0.69411767 0.7137255 0.67058825 0.6901961 0.6901961 0.6666667 0.63529414 0.5411765 0.5137255
0.6039216 0.58431375 0.5411765 0.5411765 0.5294118 0.5529412 0.5803922 0.5176471 0.4 0.37254903 0.14509805 0.1254902 0.047058824 0.14117648 0.7176471 0.81960785 0.42745098 0.47843137 0.5254902 0.5176471 0.49803922 0.49411765 0.52156866 0.5882353 0.654902 0.60784316 0.6313726 0.6392157 0.654902 0.64705884 0.6039216 0.5921569
0.61960787 0.60784316 0.5529412 0.5019608 0.5294118 0.6 0.6039216 0.5176471 0.40392157 0.41568628 0.3019608 0.11372549 0.08627451 0.4509804 0.87058824 0.75686276 0.53333336 0.50980395 0.5019608 0.45882353 0.49019608 0.5058824 0.53333336 0.57254905 0.6392157 0.5921569 0.5529412 0.54901963 0.54509807 0.57254905 0.54901963 0.5882353
0.54901963 0.5411765 0.52156866 0.4117647 0.4627451 0.54901963 0.54901963 0.5529412 0.6117647 0.5686275 0.4862745 0.48235294 0.5921569 0.83137256 0.79607844 0.6313726 0.654902 0.6313726 0.48235294 0.4509804 0.54901963 0.6431373 0.654902 0.5803922 0.5647059 0.5803922 0.60784316 0.5647059 0.5137255 0.5372549 0.56078434 0.5803922
0.5882353 0.57254905 0.4745098 0.23137255 0.2509804 0.36862746 0.3529412 0.5019608 0.7764706 0.8 0.70980394 0.75686276 0.8156863 0.7921569 0.7137255 0.73333335 0.7882353 0.7254902 0.5254902 0.4862745 0.57254905 0.7137255 0.7882353 0.69803923 0.5372549 0.5372549 0.58431375 0.57254905 0.56078434 0.5647059 0.57254905 0.49019608
0.54509807 0.5411765 0.49803922 0.2784314 0.1764706 0.22745098 0.19215687 0.3647059 0.7764706 0.8980392 0.8627451 0.8666667 0.8627451 0.81960785 0.8156863 0.8392157 0.8509804 0.7921569 0.6 0.5254902 0.6 0.76862746 0.85490197 0.8352941 0.6784314 0.54509807 0.5254902 0.56078434 0.5764706 0.54509807 0.53333336 0.47843137
0.6 0.5803922 0.54509807 0.39215687 0.3019608 0.2627451 0.19215687 0.40392157 0.81960785 0.8980392 0.9098039 0.96862745 0.98039216 0.91764706 0.90588236 0.9254902 0.91764706 0.84705883 0.6745098 0.57254905 0.654902 0.81960785 0.8980392 0.8784314 0.81960785 0.6039216 0.5019608 0.5019608 0.49019608 0.5137255 0.5686275 0.5686275
0.6156863 0.6156863 0.5921569 0.5372549 0.5137255 0.37254903 0.21568628 0.43529412 0.8392157 0.9098039 0.9019608 0.92941177 0.9607843 0.9098039 0.92941177 0.9490196 0.9098039 0.85882354 0.7372549 0.64705884 0.70980394 0.8117647 0.89411765 0.8980392 0.89411765 0.6901961 0.46666667 0.46666667 0.47058824 0.4862745 0.49019608 0.5294118
0.5803922 0.6313726 0.5764706 0.6156863 0.6392157 0.50980395 0.27450982 0.39215687 0.7921569 0.85882354 0.827451 0.8352941 0.90588236 0.90588236 0.8862745 0.8745098 0.85490197 0.85490197 0.8039216 0.73333335 0.7882353 0.75686276 0.8509804 0.9254902 0.93333334 0.79607844 0.5372549 0.49019608 0.4862745 0.45490196 0.42745098 0.44705883
0.54509807 0.6156863 0.57254905 0.60784316 0.654902 0.6156863 0.47843137 0.5137255 0.7882353 0.8235294 0.8 0.7490196 0.84313726 0.90588236 0.7647059 0.78431374 0.8509804 0.8666667 0.8509804 0.827451 0.9137255 0.72156864 0.7607843 0.92156863 0.93333334 0.87058824 0.72156864 0.60784316 0.52156866 0.44705883 0.44313726 0.4509804
0.52156866 0.627451 0.6 0.57254905 0.62352943 0.6627451 0.6627451 0.6745098 0.75686276 0.7764706 0.8156863 0.74509805 0.7254902 0.8117647 0.6862745 0.7058824 0.8117647 0.8392157 0.8862745 0.8862745 0.93333334 0.7411765 0.65882355 0.84313726 0.8784314 0.84705883 0.827451 0.77254903 0.65882355 0.53333336 0.47843137 0.47058824
0.5176471 0.64705884 0.6431373 0.5568628 0.5254902 0.5921569 0.6156863 0.6039216 0.7058824 0.7058824 0.69411767 0.67058825 0.60784316 0.60784316 0.6666667 0.7019608 0.7607843 0.8352941 0.9098039 0.8392157 0.8509804 0.7176471 0.54509807 0.6745098 0.74509805 0.78431374 0.70980394 0.5921569 0.54509807 0.49411765 0.47058824 0.44313726
0.61960787 0.6313726 0.5764706 0.54509807 0.47843137 0.52156866 0.54901963 0.49411765 0.5882353 0.5921569 0.5764706 0.57254905 0.5686275 0.5529412 0.5803922 0.6901961 0.7254902 0.7176471 0.7137255 0.6509804 0.59607846 0.46666667 0.4117647 0.47058824 0.46666667 0.5568628 0.5686275 0.4509804 0.40392157 0.38431373 0.44705883 0.5137255
0.62352943 0.6039216 0.54509807 0.5058824 0.5294118 0.53333336 0.5137255 0.49019608 0.49019608 0.50980395 0.5411765 0.5137255 0.54509807 0.54901963 0.5411765 0.5882353 0.6039216 0.5647059 0.5882353 0.5176471 0.47058824 0.46666667 0.4509804 0.44313726 0.38039216 0.4509804 0.5019608 0.47843137 0.4627451 0.44313726 0.44705883 0.54509807
0.53333336 0.49411765 0.5137255 0.5294118 0.6 0.57254905 0.58431375 0.54509807 0.52156866 0.54509807 0.5372549 0.5411765 0.5372549 0.5254902 0.54509807 0.5372549 0.5176471 0.48235294 0.49411765 0.4862745 0.5254902 0.52156866 0.5137255 0.49411765 0.4862745 0.5137255 0.5137255 0.5254902 0.5411765 0.49019608 0.47058824 0.54509807
0.5019608 0.4627451 0.49411765 0.5882353 0.6431373 0.6039216 0.54509807 0.5294118 0.49803922 0.53333336 0.54901963 0.5294118 0.56078434 0.60784316 0.5686275 0.54901963 0.49411765 0.41960785 0.44705883 0.4509804 0.48235294 0.50980395 0.5254902 0.49411765 0.45882353 0.49019608 0.50980395 0.5137255 0.49803922 0.46666667 0.49411765 0.56078434
0.4862745 0.46666667 0.5137255 0.63529414 0.6745098 0.64705884 0.5529412 0.5254902 0.5137255 0.47058824 0.5019608 0.5137255 0.5647059 0.49019608 0.49019608 0.5764706 0.5176471 0.47058824 0.52156866 0.46666667 0.4509804 0.48235294 0.4862745 0.49411765 0.47058824 0.5019608 0.4509804 0.44705883 0.44705883 0.48235294 0.5058824 0.5529412
0.59607846 0.5137255 0.5882353 0.6745098 0.6862745 0.69411767 0.6666667 0.5803922 0.58431375 0.52156866 0.49411765 0.54901963 0.5568628 0.42745098 0.53333336 0.6666667 0.5568628 0.5529412 0.6039216 0.56078434 0.5372549 0.50980395 0.49411765 0.50980395 0.5019608 0.49019608 0.45490196 0.4509804 0.4862745 0.43529412 0.47058824 0.5294118
0.7176471 0.6313726 0.7058824 0.7254902 0.7137255 0.7137255 0.654902 0.5647059 0.6 0.5529412 0.52156866 0.5568628 0.5529412 0.49019608 0.5176471 0.5647059 0.54509807 0.5529412 0.61960787 0.6156863 0.5568628 0.54509807 0.53333336 0.53333336 0.54901963 0.47058824 0.44313726 0.4392157 0.4862745 0.43529412 0.4392157 0.41568628
0.5686275 0.5647059 0.4745098 0.44313726 0.3882353 0.39607844 0.3764706 0.34901962 0.41960785 0.4745098 0.43137255 0.38039216 0.27058825 0.23529412 0.24313726 0.23529412 0.28627452 0.29411766 0.25882354 0.30588236 0.33333334 0.28627452 0.27058825 0.21176471 0.11372549 0.09411765 0.16470589 0.1882353 0.13333334 0.11372549 0.15686275 0.24705882
0.5529412 0.56078434 0.5058824 0.4862745 0.4 0.3529412 0.3882353 0.38431373 0.46666667 0.5568628 0.5137255 0.4392157 0.3254902 0.28627452 0.3372549 0.37254903 0.35686275 0.3254902 0.29803923 0.32156864 0.34509805 0.29803923 0.22745098 0.18039216 0.12941177 0.101960786 0.16078432 0.21960784 0.16862746 0.16078432 0.17254902 0.19215687
0.52156866 0.50980395 0.46666667 0.4509804 0.40392157 0.4 0.41568628 0.3882353 0.40784314 0.4862745 0.48235294 0.43137255 0.2901961 0.18431373 0.20392157 0.2901961 0.34901962 0.3137255 0.3254902 0.35686275 0.3764706 0.35686275 0.29803923 0.2627451 0.22352941 0.18431373 0.20784314 0.22745098 0.13725491 0.14509805 0.17254902 0.16862746
0.47843137 0.4745098 0.41960785 0.3764706 0.42352942 0.46666667 0.4745098 0.41960785 0.34117648 0.3764706 0.36078432 0.31764707 0.22745098 0.14509805 0.09019608 0.1764706 0.32941177 0.32156864 0.29803923 0.31764707 0.3137255 0.31764707 0.32941177 0.3137255 0.3254902 0.3019608 0.34901962 0.33333334 0.20392157 0.18431373 0.19607843 0.21176471
0.4392157 0.42745098 0.4117647 0.38431373 0.41960785 0.4509804 0.4392157 0.39215687 0.3529412 0.3764706 0.38039216 0.37254903 0.24705882 0.16862746 0.11372549 0.19215687 0.32941177 0.34509805 0.25882354 0.24705882 0.27450982 0.3019608 0.2627451 0.21176471 0.2627451 0.3019608 0.37254903 0.4 0.33333334 0.28235295 0.23529412 0.21568628
0.39215687 0.3372549 0.34117648 0.35686275 0.40784314 0.49019608 0.49411765 0.45490196 0.44705883 0.43137255 0.40784314 0.47058824 0.4 0.27450982 0.25882354 0.27058825 0.29411766 0.3137255 0.26666668 0.23529412 0.28235295 0.31764707 0.28235295 0.23529412 0.22745098 0.2784314 0.36862746 0.4392157 0.4117647 0.3529412 0.2901961 0.28627452
0.3529412 0.30588236 0.30980393 0.2784314 0.31764707 0.42352942 0.43137255 0.4862745 0.4745098 0.36078432 0.23137255 0.4509804 0.48235294 0.41960785 0.48235294 0.44313726 0.3764706 0.2627451 0.24705882 0.27058825 0.25882354 0.24705882 0.26666668 0.2627451 0.24705882 0.29803923 0.37254903 0.40392157 0.42745098 0.4745098 0.39607844 0.38039216
0.2509804 0.23137255 0.23529412 0.23529412 0.2509804 0.30980393 0.3137255 0.34901962 0.32156864 0.1764706 0.23921569 0.52156866 0.44313726 0.4862745 0.44313726 0.40784314 0.5294118 0.3764706 0.23137255 0.1882353 0.19215687 0.20392157 0.20392157 0.24705882 0.27450982 0.3019608 0.37254903 0.38431373 0.40784314 0.47058824 0.43137255 0.34509805
0.26666668 0.25882354 0.26666668 0.2784314 0.30980393 0.29411766 0.29803923 0.2784314 0.12941177 0.101960786 0.3372549 0.43137255 0.37254903 0.49803922 0.34117648 0.14509805 0.42745098 0.44313726 0.32941177 0.19607843 0.105882354 0.105882354 0.14901961 0.27450982 0.28627452 0.26666668 0.3372549 0.3647059 0.3137255 0.32941177 0.30588236 0.24313726
0.35686275 0.34117648 0.32941177 0.28235295 0.31764707 0.3019608 0.2901961 0.28235295 0.06666667 0.08627451 0.23137255 0.14509805 0.2 0.39607844 0.44313726 0.12941177 0.27058825 0.37254903 0.3137255 0.27058825 0.16862746 0.11764706 0.16078432 0.23529412 0.21568628 0.20392157 0.26666668 0.29411766 0.29411766 0.28235295 0.23137255 0.21176471
0.30980393 0.2784314 0.2627451 0.23921569 0.23921569 0.24313726 0.25490198 0.25490198 0.07058824 0.03529412 0.09019608 0.02745098 0.05882353 0.21568628 0.50980395 0.25882354 0.11764706 0.21176471 0.21176471 0.28627452 0.24705882 0.1882353 0.1882353 0.18431373 0.20392157 0.2509804 0.21960784 0.23137255 0.2627451 0.2627451 0.20392157 0.16078432
0.24705882 0.20784314 0.20392157 0.1764706 0.16078432 0.19215687 0.21568628 0.23529412 0.12156863 0.08235294 0.08627451 0.047058824 0.047058824 0.15294118 0.46666667 0.35686275 0.023529412 0.0627451 0.23921569 0.36078432 0.34117648 0.23529412 0.21960784 0.23529412 0.2784314 0.34117648 0.32941177 0.2784314 0.28235295 0.29803923 0.24313726 0.1764706
0.24313726 0.19607843 0.23529412 0.2 0.18039216 0.21960784 0.27058825 0.24313726 0.24313726 0.26666668 0.07058824 0.03137255 0.03529412 0.2784314 0.59607846 0.39607844 0.007843138 0.07058824 0.30980393 0.41960785 0.41568628 0.34901962 0.3529412 0.40392157 0.39607844 0.41960785 0.43137255 0.36862746 0.3254902 0.32941177 0.27058825 0.23529412
0.21960784 0.19215687 0.20784314 0.23529412 0.22745098 0.25882354 0.32156864 0.27058825 0.31764707 0.3137255 0.02745098 0.043137256 0.02745098 0.19215687 0.6313726 0.5137255 0.06666667 0.17254902 0.3019608 0.34509805 0.35686275 0.31764707 0.34117648 0.43529412 0.46666667 0.42352942 0.43137255 0.42352942 0.39607844 0.3647059 0.2627451 0.24313726
0.28627452 0.24313726 0.19607843 0.21176471 0.22745098 0.27058825 0.32941177 0.30980393 0.24313726 0.24705882 0.0627451 0.05882353 0.015686275 0.09803922 0.6313726 0.69411767 0.27058825 0.27450982 0.2784314 0.24705882 0.20784314 0.1764706 0.22745098 0.3254902 0.40392157 0.34117648 0.36078432 0.37254903 0.38431373 0.36862746 0.32156864 0.30980393
0.29411766 0.26666668 0.22352941 0.20784314 0.25882354 0.3529412 0.38431373 0.3372549 0.25882354 0.2901961 0.18039216 0.043137256 0.050980393 0.39607844 0.77254903 0.6156863 0.34901962 0.29803923 0.2509804 0.17254902 0.18431373 0.22352941 0.2784314 0.32941177 0.38431373 0.30980393 0.2784314 0.2901961 0.2784314 0.3019608 0.27058825 0.3137255
0.21568628 0.20784314 0.21960784 0.16078432 0.23921569 0.34509805 0.3764706 0.41568628 0.49019608 0.44705883 0.35686275 0.39215687 0.53333336 0.75686276 0.6745098 0.46666667 0.45882353 0.41960785 0.23137255 0.14509805 0.22745098 0.4 0.44705883 0.3647059 0.32156864 0.29803923 0.3372549 0.31764707 0.25882354 0.2784314 0.29411766 0.3137255
0.25882354 0.25490198 0.20392157 0.039215688 0.09019608 0.21960784 0.23529412 0.40784314 0.6784314 0.6862745 0.59607846 0.6745098 0.7529412 0.70980394 0.5803922 0.5529412 0.5921569 0.52156866 0.28235295 0.16862746 0.23529412 0.49411765 0.6039216 0.5058824 0.31764707 0.27058825 0.33333334 0.34509805 0.3254902 0.32156864 0.32156864 0.23529412
0.23529412 0.23921569 0.23529412 0.08235294 0.047058824 0.12941177 0.1254902 0.30980393 0.7019608 0.79607844 0.76862746 0.8 0.8156863 0.7411765 0.6784314 0.654902 0.6627451 0.60784316 0.3764706 0.20784314 0.25490198 0.5529412 0.6862745 0.6627451 0.4862745 0.31764707 0.3019608 0.34117648 0.3529412 0.3137255 0.29411766 0.23529412
0.30588236 0.2901961 0.28627452 0.18039216 0.16470589 0.19607843 0.16078432 0.38039216 0.7607843 0.8 0.83137256 0.91764706 0.9411765 0.84705883 0.77254903 0.7490196 0.7411765 0.6862745 0.47058824 0.26666668 0.30588236 0.59607846 0.7294118 0.72156864 0.65882355 0.41960785 0.29803923 0.29411766 0.27450982 0.2901961 0.3372549 0.32941177
0.32941177 0.32941177 0.3254902 0.29411766 0.3372549 0.28627452 0.16470589 0.4 0.7607843 0.7921569 0.80784315 0.8509804 0.90588236 0.85490197 0.8039216 0.7490196 0.7019608 0.6784314 0.54901963 0.41568628 0.4509804 0.6039216 0.72156864 0.7490196 0.7529412 0.5411765 0.28627452 0.26666668 0.25882354 0.25490198 0.24313726 0.2784314
0.2901961 0.34117648 0.2901961 0.33333334 0.4117647 0.37254903 0.1764706 0.30588236 0.67058825 0.7058824 0.6862745 0.6901961 0.80784315 0.84705883 0.7607843 0.64705884 0.60784316 0.6431373 0.63529414 0.6 0.654902 0.58431375 0.6745098 0.77254903 0.7921569 0.65882355 0.3764706 0.3019608 0.2784314 0.21960784 0.16862746 0.18431373
0.24705882 0.32156864 0.2784314 0.30980393 0.40784314 0.44313726 0.3372549 0.3882353 0.6313726 0.63529414 0.61960787 0.5529412 0.69803923 0.8117647 0.6117647 0.56078434 0.6313726 0.6745098 0.69803923 0.7176471 0.80784315 0.5647059 0.5921569 0.7529412 0.76862746 0.7019608 0.56078434 0.44313726 0.3372549 0.23921569 0.21176471 0.20784314
0.21960784 0.32941177 0.29803923 0.27058825 0.36078432 0.45882353 0.47843137 0.49411765 0.5529412 0.54901963 0.5882353 0.49803922 0.5176471 0.6627451 0.49019608 0.48235294 0.627451 0.6745098 0.7411765 0.7647059 0.80784315 0.5764706 0.47843137 0.654902 0.6745098 0.6392157 0.654902 0.62352943 0.49019608 0.3529412 0.28235295 0.24705882
0.21568628 0.3529412 0.34901962 0.25882354 0.2509804 0.3529412 0.3882353 0.3764706 0.45490196 0.44313726 0.42352942 0.36862746 0.34117648 0.40392157 0.42745098 0.46666667 0.5764706 0.65882355 0.7411765 0.6784314 0.68235296 0.5176471 0.33333334 0.4509804 0.5019608 0.5372549 0.50980395 0.42352942 0.36862746 0.30588236 0.28235295 0.22745098
0.3254902 0.34117648 0.28627452 0.25490198 0.20392157 0.27058825 0.29411766 0.23137255 0.30980393 0.30980393 0.2784314 0.23529412 0.25490198 0.30980393 0.3137255 0.42745098 0.5019608 0.49411765 0.49019608 0.42745098 0.36078432 0.20392157 0.14509805 0.20392157 0.20784314 0.29411766 0.3254902 0.22745098 0.18039216 0.16078432 0.22352941 0.2784314
0.3372549 0.32156864 0.2627451 0.22352941 0.25882354 0.2784314 0.24705882 0.20784314 0.19607843 0.21568628 0.23137255 0.14901961 0.20392157 0.28235295 0.2627451 0.28627452 0.32156864 0.2784314 0.29803923 0.22352941 0.16862746 0.14117648 0.12941177 0.13725491 0.10980392 0.1882353 0.22745098 0.2 0.18039216 0.16862746 0.17254902 0.2784314
0.23529412 0.19215687 0.21568628 0.23921569 0.32941177 0.3137255 0.3019608 0.24313726 0.22352941 0.2627451 0.23921569 0.19607843 0.20392157 0.24313726 0.25490198 0.21568628 0.2 0.17254902 0.18039216 0.16862746 0.1882353 0.16078432 0.16470589 0.1764706 0.1882353 0.21960784 0.19607843 0.2 0.23137255 0.1882353 0.16078432 0.24705882
0.18039216 0.1254902 0.16078432 0.2784314 0.37254903 0.34509805 0.2509804 0.21176471 0.2 0.2627451 0.27450982 0.23921569 0.2627451 0.3137255 0.27058825 0.22745098 0.16862746 0.11764706 0.15686275 0.15294118 0.15294118 0.15294118 0.1882353 0.1764706 0.14117648 0.15686275 0.15294118 0.16862746 0.1882353 0.16470589 0.16470589 0.23137255
0.18431373 0.14509805 0.2 0.34901962 0.41960785 0.4 0.27058825 0.22745098 0.23137255 0.20784314 0.23921569 0.23921569 0.2784314 0.19215687 0.18431373 0.2509804 0.19215687 0.1764706 0.24313726 0.1764706 0.12941177 0.12941177 0.15294118 0.18039216 0.15294118 0.15686275 0.09803922 0.10980392 0.14117648 0.18431373 0.1764706 0.22352941
0.32941177 0.23137255 0.3137255 0.42745098 0.45882353 0.46666667 0.41568628 0.3137255 0.32156864 0.2627451 0.21960784 0.2627451 0.2627451 0.1254902 0.22352941 0.3372549 0.23137255 0.25490198 0.32156864 0.26666668 0.21176471 0.15294118 0.15686275 0.19607843 0.18039216 0.14509805 0.10980392 0.12156863 0.1764706 0.13725491 0.14901961 0.2
0.49019608 0.38431373 0.4627451 0.5137255 0.5137255 0.5137255 0.44313726 0.3372549 0.36078432 0.29803923 0.24313726 0.27058825 0.25882354 0.18431373 0.20392157 0.23529412 0.21568628 0.25882354 0.3372549 0.32156864 0.23529412 0.2 0.20392157 0.22745098 0.23921569 0.13333334 0.10980392 0.12156863 0.1764706 0.1254902 0.13333334 0.11372549
5 30 0
5 12 1
15 17 1
25 6 2
19 7 1
1 9 2
27 23 1
11 15 0
27 4 1
16 19 2
28 4 2
10 18 2
23 31 1
6 9 2
1 12 2
1 23 1
31 28 0
17 2 2
15 31 0
9 8 1
12 27 0
3 30 1
27 29 0
0 17 1
23 14 1
1 17 1
25 6 2
21 11 1
6 7 1
3 18 0
