32, 32, 3, 30
0.57254905 0.5764706 0.65882355 0.74509805 0.7882353 0.8392157 0.8627451 0.8666667 0.8666667 0.8862745 0.89411765 0.8666667 0.87058824 0.85490197 0.84705883 0.8392157 0.8 0.8117647 0.827451 0.7921569 0.7647059 0.7607843 0.7490196 0.74509805 0.7647059 0.7647059 0.7176471 0.6745098 0.6666667 0.6431373 0.6117647 0.67058825
0.50980395 0.5686275 0.68235296 0.7764706 0.8156863 0.85490197 0.85490197 0.8745098 0.8745098 0.85490197 0.84313726 0.7647059 0.7176471 0.7058824 0.6901961 0.6901961 0.69803923 0.6901961 0.7294118 0.7411765 0.73333335 0.7607843 0.7607843 0.74509805 0.73333335 0.7019608 0.6862745 0.65882355 0.63529414 0.62352943 0.60784316 0.6392157
0.4862745 0.6156863 0.7176471 0.76862746 0.8235294 0.8509804 0.8666667 0.8980392 0.85882354 0.6862745 0.67058825 0.65882355 0.627451 0.6431373 0.62352943 0.6156863 0.6313726 0.6509804 0.6117647 0.6156863 0.6627451 0.69803923 0.7176471 0.7529412 0.7254902 0.69803923 0.7019608 0.6862745 0.6862745 0.69803923 0.7019608 0.6901961
0.49019608 0.6431373 0.70980394 0.77254903 0.8392157 0.8784314 0.8745098 0.8509804 0.6862745 0.5529412 0.6117647 0.63529414 0.63529414 0.6901961 0.6784314 0.68235296 0.6666667 0.6509804 0.59607846 0.6117647 0.63529414 0.6156863 0.64705884 0.7176471 0.7490196 0.7411765 0.72156864 0.70980394 0.7254902 0.72156864 0.7019608 0.7176471
0.50980395 0.67058825 0.7411765 0.827451 0.85882354 0.87058824 0.7882353 0.70980394 0.59607846 0.6039216 0.654902 0.6627451 0.6784314 0.7607843 0.78039217 0.75686276 0.67058825 0.6627451 0.6313726 0.6156863 0.61960787 0.5803922 0.5686275 0.63529414 0.7372549 0.74509805 0.7529412 0.7294118 0.7176471 0.70980394 0.6901961 0.7607843
0.5372549 0.7019608 0.7647059 0.8352941 0.8509804 0.7490196 0.60784316 0.6117647 0.5882353 0.6431373 0.6862745 0.7411765 0.80784315 0.8392157 0.78039217 0.74509805 0.69411767 0.68235296 0.6745098 0.627451 0.59607846 0.5882353 0.5647059 0.58431375 0.72156864 0.72156864 0.7254902 0.7176471 0.70980394 0.6901961 0.67058825 0.7764706
0.5647059 0.7019608 0.7882353 0.84313726 0.8235294 0.64705884 0.5529412 0.6039216 0.6 0.627451 0.6784314 0.74509805 0.8235294 0.80784315 0.7490196 0.73333335 0.7176471 0.7019608 0.72156864 0.6627451 0.6117647 0.6117647 0.5686275 0.6156863 0.70980394 0.7176471 0.69803923 0.7058824 0.7058824 0.7019608 0.72156864 0.79607844
0.5921569 0.68235296 0.78431374 0.8352941 0.827451 0.6431373 0.57254905 0.6313726 0.6039216 0.6156863 0.6666667 0.6745098 0.7137255 0.7137255 0.7254902 0.72156864 0.6862745 0.6901961 0.7490196 0.7058824 0.64705884 0.63529414 0.6313726 0.7176471 0.7176471 0.72156864 0.70980394 0.72156864 0.7019608 0.7058824 0.74509805 0.80784315
0.6117647 0.6745098 0.77254903 0.8117647 0.8117647 0.7294118 0.54509807 0.5882353 0.6 0.627451 0.6392157 0.5529412 0.62352943 0.65882355 0.70980394 0.56078434 0.39215687 0.5921569 0.7411765 0.75686276 0.654902 0.6 0.6627451 0.7019608 0.6862745 0.69803923 0.7019608 0.7058824 0.7058824 0.7176471 0.7294118 0.77254903
0.67058825 0.7058824 0.7921569 0.8039216 0.8235294 0.8117647 0.5764706 0.57254905 0.6313726 0.6313726 0.5058824 0.27058825 0.41960785 0.6862745 0.6862745 0.49411765 0.15294118 0.4509804 0.7176471 0.7254902 0.65882355 0.5764706 0.6627451 0.7058824 0.68235296 0.67058825 0.68235296 0.6745098 0.6745098 0.6666667 0.72156864 0.7372549
0.7411765 0.7294118 0.7882353 0.8156863 0.8117647 0.81960785 0.6039216 0.5647059 0.654902 0.6431373 0.46666667 0.30980393 0.47843137 0.69803923 0.7372549 0.5921569 0.43137255 0.5254902 0.68235296 0.6509804 0.6 0.5803922 0.6313726 0.68235296 0.7019608 0.68235296 0.6509804 0.654902 0.6627451 0.6627451 0.69411767 0.65882355
0.7607843 0.73333335 0.7647059 0.8117647 0.79607844 0.8392157 0.73333335 0.50980395 0.5803922 0.5568628 0.5686275 0.60784316 0.6117647 0.5411765 0.627451 0.7607843 0.7607843 0.63529414 0.6627451 0.6509804 0.61960787 0.6117647 0.6313726 0.67058825 0.6862745 0.6862745 0.67058825 0.6666667 0.6431373 0.6313726 0.6745098 0.6392157
0.75686276 0.7764706 0.7764706 0.80784315 0.80784315 0.8117647 0.83137256 0.627451 0.5372549 0.5568628 0.61960787 0.7019608 0.5372549 0.20392157 0.22352941 0.5647059 0.7882353 0.7137255 0.6313726 0.6431373 0.6392157 0.5764706 0.61960787 0.7058824 0.68235296 0.6745098 0.654902 0.654902 0.6509804 0.6392157 0.6784314 0.6627451
0.7372549 0.77254903 0.7882353 0.81960785 0.81960785 0.7921569 0.8156863 0.7372549 0.5686275 0.6 0.5921569 0.5529412 0.41568628 0.101960786 0.14901961 0.52156866 0.68235296 0.6509804 0.6313726 0.6627451 0.65882355 0.64705884 0.5882353 0.64705884 0.68235296 0.68235296 0.64705884 0.6 0.5882353 0.627451 0.69411767 0.627451
0.74509805 0.78039217 0.8 0.81960785 0.80784315 0.8 0.81960785 0.69411767 0.60784316 0.6509804 0.6 0.4862745 0.44705883 0.34509805 0.37254903 0.5372549 0.5568628 0.6117647 0.6509804 0.654902 0.654902 0.6117647 0.5372549 0.5647059 0.6509804 0.6627451 0.65882355 0.64705884 0.67058825 0.65882355 0.6627451 0.5529412
0.69803923 0.8117647 0.79607844 0.8156863 0.8039216 0.7764706 0.78039217 0.6431373 0.62352943 0.6509804 0.64705884 0.64705884 0.6509804 0.5882353 0.57254905 0.6117647 0.627451 0.6784314 0.6784314 0.6862745 0.68235296 0.6509804 0.5882353 0.5411765 0.57254905 0.7058824 0.7058824 0.6862745 0.65882355 0.65882355 0.67058825 0.56078434
0.6156863 0.7411765 0.7764706 0.7529412 0.7529412 0.7490196 0.7019608 0.5803922 0.6313726 0.6666667 0.68235296 0.69803923 0.7254902 0.7411765 0.7529412 0.7607843 0.74509805 0.69803923 0.7294118 0.7019608 0.6862745 0.6666667 0.6156863 0.54901963 0.53333336 0.6156863 0.654902 0.6156863 0.5921569 0.6509804 0.69803923 0.5921569
0.61960787 0.70980394 0.7921569 0.77254903 0.7764706 0.7647059 0.7372549 0.61960787 0.654902 0.654902 0.65882355 0.65882355 0.69411767 0.7137255 0.6901961 0.68235296 0.72156864 0.69803923 0.7372549 0.7254902 0.6901961 0.65882355 0.6117647 0.5529412 0.5294118 0.54509807 0.6117647 0.62352943 0.6392157 0.6509804 0.627451 0.5803922
0.67058825 0.70980394 0.76862746 0.79607844 0.7921569 0.78039217 0.69411767 0.61960787 0.67058825 0.67058825 0.64705884 0.6392157 0.67058825 0.7137255 0.69803923 0.70980394 0.70980394 0.69411767 0.6862745 0.7019608 0.70980394 0.6745098 0.627451 0.58431375 0.54509807 0.56078434 0.5764706 0.61960787 0.6627451 0.627451 0.5176471 0.54509807
0.6862745 0.6862745 0.7019608 0.7647059 0.74509805 0.7294118 0.5803922 0.60784316 0.6784314 0.7137255 0.6901961 0.6392157 0.6627451 0.7019608 0.69411767 0.7294118 0.7490196 0.70980394 0.6901961 0.6862745 0.6901961 0.654902 0.627451 0.62352943 0.5803922 0.5764706 0.53333336 0.5372549 0.54901963 0.5058824 0.39607844 0.48235294
0.72156864 0.59607846 0.5686275 0.6156863 0.6 0.6039216 0.5411765 0.6431373 0.6627451 0.6666667 0.6509804 0.64705884 0.6784314 0.6862745 0.654902 0.69803923 0.73333335 0.7294118 0.70980394 0.7019608 0.6745098 0.65882355 0.6392157 0.6313726 0.58431375 0.54509807 0.5176471 0.4745098 0.44313726 0.42352942 0.37254903 0.44313726
0.54901963 0.45490196 0.45490196 0.47058824 0.47843137 0.4509804 0.5411765 0.654902 0.69803923 0.6784314 0.6392157 0.6313726 0.6745098 0.6862745 0.6509804 0.67058825 0.69411767 0.6901961 0.70980394 0.7137255 0.6745098 0.6666667 0.6313726 0.61960787 0.6117647 0.5529412 0.5254902 0.46666667 0.41960785 0.42352942 0.4117647 0.42745098
0.43137255 0.45882353 0.48235294 0.47058824 0.44313726 0.41960785 0.5176471 0.65882355 0.74509805 0.7411765 0.6627451 0.65882355 0.67058825 0.6509804 0.6313726 0.6431373 0.6666667 0.6745098 0.70980394 0.6862745 0.6431373 0.6039216 0.60784316 0.61960787 0.6117647 0.5764706 0.49411765 0.41960785 0.43529412 0.42745098 0.41568628 0.41960785
0.45490196 0.44705883 0.44313726 0.42352942 0.40392157 0.39607844 0.56078434 0.6745098 0.74509805 0.76862746 0.6862745 0.627451 0.6431373 0.64705884 0.6392157 0.6431373 0.6745098 0.7490196 0.69803923 0.6666667 0.6431373 0.58431375 0.6431373 0.62352943 0.6 0.5686275 0.5294118 0.4627451 0.44313726 0.43137255 0.41960785 0.4
0.45490196 0.43529412 0.43137255 0.44313726 0.43137255 0.42745098 0.54509807 0.6784314 0.7372549 0.7490196 0.65882355 0.56078434 0.6313726 0.63529414 0.62352943 0.61960787 0.6901961 0.7647059 0.69803923 0.6666667 0.61960787 0.5686275 0.6039216 0.5921569 0.5921569 0.5647059 0.5058824 0.45490196 0.45490196 0.4509804 0.45490196 0.41960785
0.44313726 0.41960785 0.42745098 0.44705883 0.43529412 0.45490196 0.5882353 0.69411767 0.7254902 0.7137255 0.6313726 0.5137255 0.52156866 0.5686275 0.56078434 0.6 0.7019608 0.69803923 0.6862745 0.6745098 0.58431375 0.5764706 0.6 0.59607846 0.6117647 0.5568628 0.49411765 0.48235294 0.4745098 0.4862745 0.49411765 0.45882353
0.45490196 0.4509804 0.44705883 0.4509804 0.44313726 0.47843137 0.5882353 0.6745098 0.70980394 0.64705884 0.5568628 0.48235294 0.37254903 0.41568628 0.53333336 0.6627451 0.72156864 0.69411767 0.68235296 0.6431373 0.5254902 0.5568628 0.6039216 0.6431373 0.62352943 0.5411765 0.53333336 0.52156866 0.49411765 0.49019608 0.50980395 0.4862745
0.47058824 0.46666667 0.46666667 0.45490196 0.4509804 0.5254902 0.6039216 0.67058825 0.7058824 0.6117647 0.4509804 0.4745098 0.45882353 0.41568628 0.54901963 0.70980394 0.7254902 0.7058824 0.67058825 0.59607846 0.5058824 0.5529412 0.61960787 0.64705884 0.5921569 0.5411765 0.5294118 0.52156866 0.52156866 0.5294118 0.5137255 0.49803922
0.4745098 0.4862745 0.48235294 0.45882353 0.49411765 0.54509807 0.6039216 0.6313726 0.6431373 0.5764706 0.49411765 0.52156866 0.50980395 0.49411765 0.5882353 0.70980394 0.7137255 0.6666667 0.6392157 0.5803922 0.54901963 0.54901963 0.5921569 0.59607846 0.5764706 0.5411765 0.5176471 0.5137255 0.5254902 0.54901963 0.5411765 0.5058824
0.4745098 0.4745098 0.49411765 0.48235294 0.49019608 0.5058824 0.5176471 0.50980395 0.52156866 0.5019608 0.5529412 0.54901963 0.5372549 0.50980395 0.5764706 0.6431373 0.63529414 0.6156863 0.6039216 0.56078434 0.54509807 0.54901963 0.5529412 0.5529412 0.54509807 0.5294118 0.52156866 0.5254902 0.53333336 0.52156866 0.52156866 0.50980395
0.49019608 0.49803922 0.5176471 0.5058824 0.47843137 0.48235294 0.4392157 0.4392157 0.46666667 0.5294118 0.5686275 0.5294118 0.5372549 0.5176471 0.4862745 0.47058824 0.4862745 0.50980395 0.5294118 0.5411765 0.5568628 0.5411765 0.5372549 0.5294118 0.5176471 0.53333336 0.5294118 0.5294118 0.5294118 0.5137255 0.5019608 0.5254902
0.52156866 0.5411765 0.54901963 0.5372549 0.5254902 0.50980395 0.47843137 0.5137255 0.5529412 0.5686275 0.5686275 0.54509807 0.5411765 0.5529412 0.5137255 0.42352942 0.44313726 0.44705883 0.47843137 0.54509807 0.5568628 0.54509807 0.54901963 0.5372549 0.52156866 0.5372549 0.5411765 0.5411765 0.5372549 0.52156866 0.5137255 0.54509807
0.21568628 0.41568628 0.6 0.6901961 0.75686276 0.79607844 0.74509805 0.67058825 0.6745098 0.68235296 0.65882355 0.59607846 0.5686275 0.5568628 0.5411765 0.52156866 0.5254902 0.5176471 0.49411765 0.41568628 0.36862746 0.35686275 0.34117648 0.3137255 0.29803923 0.2784314 0.26666668 0.24705882 0.24313726 0.21960784 0.18431373 0.3137255
0.23921569 0.47843137 0.63529414 0.7254902 0.78431374 0.8117647 0.74509805 0.67058825 0.627451 0.63529414 0.627451 0.6039216 0.6117647 0.61960787 0.61960787 0.62352943 0.69411767 0.6901961 0.58431375 0.41568628 0.33333334 0.34117648 0.34901962 0.34117648 0.3137255 0.2627451 0.27450982 0.2509804 0.22745098 0.22352941 0.20784314 0.32156864
0.29411766 0.5254902 0.65882355 0.7372549 0.79607844 0.8117647 0.7529412 0.6901961 0.6431373 0.6117647 0.64705884 0.7019608 0.75686276 0.7882353 0.7647059 0.74509805 0.8039216 0.80784315 0.7411765 0.61960787 0.4745098 0.39215687 0.34901962 0.33333334 0.29411766 0.28235295 0.2784314 0.24705882 0.24313726 0.2627451 0.27058825 0.35686275
0.32156864 0.5372549 0.6627451 0.74509805 0.8039216 0.8 0.7411765 0.6862745 0.6313726 0.6431373 0.7607843 0.8 0.827451 0.88235295 0.8627451 0.8509804 0.84313726 0.80784315 0.7411765 0.72156864 0.69803923 0.6 0.48235294 0.36862746 0.29411766 0.2901961 0.28627452 0.27058825 0.2784314 0.27058825 0.2509804 0.36078432
0.35686275 0.57254905 0.7058824 0.78039217 0.8039216 0.7882353 0.7058824 0.6666667 0.6392157 0.73333335 0.84313726 0.8509804 0.85490197 0.92941177 0.94509804 0.91764706 0.827451 0.8039216 0.7490196 0.7058824 0.6862745 0.6392157 0.5803922 0.41960785 0.3019608 0.29803923 0.29803923 0.2784314 0.27450982 0.2509804 0.2509804 0.4117647
0.42352942 0.63529414 0.7529412 0.7921569 0.8 0.7176471 0.627451 0.69803923 0.7019608 0.79607844 0.8745098 0.91764706 0.9647059 0.9843137 0.92941177 0.8901961 0.8392157 0.8156863 0.78431374 0.7058824 0.6509804 0.63529414 0.6117647 0.40784314 0.2901961 0.29411766 0.28627452 0.2901961 0.2901961 0.2627451 0.2901961 0.47843137
0.49803922 0.69411767 0.84313726 0.87058824 0.84705883 0.6745098 0.61960787 0.72156864 0.73333335 0.78039217 0.85882354 0.92156863 0.972549 0.9490196 0.8980392 0.8901961 0.8784314 0.84313726 0.8392157 0.7529412 0.6784314 0.65882355 0.49411765 0.31764707 0.28235295 0.3019608 0.3137255 0.32941177 0.32156864 0.29411766 0.3764706 0.5294118
0.56078434 0.70980394 0.8745098 0.9372549 0.9254902 0.7058824 0.62352943 0.70980394 0.70980394 0.7607843 0.8352941 0.8509804 0.8784314 0.8666667 0.88235295 0.8784314 0.8392157 0.83137256 0.8784314 0.8039216 0.7254902 0.67058825 0.3882353 0.28235295 0.2784314 0.2901961 0.32156864 0.32941177 0.27450982 0.25490198 0.39607844 0.53333336
0.6039216 0.6862745 0.8392157 0.9137255 0.9137255 0.79607844 0.57254905 0.654902 0.69803923 0.78039217 0.7921569 0.6901961 0.7764706 0.8 0.8352941 0.6745098 0.49019608 0.69411767 0.87058824 0.8509804 0.7294118 0.6039216 0.3529412 0.26666668 0.27450982 0.29803923 0.3137255 0.31764707 0.27450982 0.30980393 0.49803922 0.61960787
0.68235296 0.73333335 0.87058824 0.8980392 0.9098039 0.87058824 0.6 0.6392157 0.7490196 0.78039217 0.6156863 0.3372549 0.5058824 0.77254903 0.77254903 0.5764706 0.21568628 0.53333336 0.8392157 0.83137256 0.75686276 0.627451 0.4117647 0.34117648 0.34901962 0.34509805 0.3372549 0.33333334 0.3137255 0.34117648 0.58431375 0.68235296
0.78039217 0.7882353 0.8666667 0.9098039 0.9019608 0.87058824 0.6039216 0.60784316 0.7647059 0.7764706 0.54901963 0.35686275 0.56078434 0.8039216 0.84313726 0.6862745 0.4862745 0.5882353 0.8 0.7647059 0.72156864 0.7176471 0.4862745 0.3764706 0.37254903 0.34509805 0.34509805 0.3372549 0.3019608 0.3137255 0.5529412 0.627451
0.81960785 0.8039216 0.8509804 0.9098039 0.8980392 0.8901961 0.7019608 0.5058824 0.654902 0.6627451 0.654902 0.69411767 0.75686276 0.70980394 0.7882353 0.8901961 0.8235294 0.69803923 0.7764706 0.7764706 0.7647059 0.74509805 0.4745098 0.35686275 0.37254903 0.35686275 0.34117648 0.36078432 0.34509805 0.39215687 0.59607846 0.627451
0.8156863 0.83137256 0.8784314 0.9098039 0.90588236 0.89411765 0.7764706 0.58431375 0.5921569 0.64705884 0.7411765 0.85882354 0.6901961 0.29803923 0.34901962 0.7647059 0.92156863 0.8235294 0.75686276 0.78039217 0.8 0.6862745 0.45882353 0.3764706 0.38039216 0.38039216 0.38431373 0.39607844 0.40392157 0.4862745 0.64705884 0.67058825
0.79607844 0.85490197 0.9019608 0.9098039 0.9137255 0.8745098 0.7411765 0.6901961 0.6509804 0.7176471 0.7254902 0.69803923 0.5176471 0.13333334 0.23921569 0.7294118 0.8627451 0.7882353 0.78039217 0.8235294 0.8235294 0.7607843 0.54509807 0.43529412 0.41568628 0.44313726 0.39607844 0.3372549 0.31764707 0.42352942 0.63529414 0.6627451
0.7882353 0.8745098 0.9254902 0.9098039 0.89411765 0.8784314 0.7647059 0.68235296 0.73333335 0.80784315 0.75686276 0.6156863 0.5803922 0.4745098 0.5019608 0.6745098 0.67058825 0.7607843 0.827451 0.8392157 0.8235294 0.75686276 0.63529414 0.50980395 0.4392157 0.41568628 0.39215687 0.4 0.43529412 0.49019608 0.5764706 0.59607846
0.63529414 0.78039217 0.84705883 0.8784314 0.8784314 0.85882354 0.7607843 0.69411767 0.7764706 0.8392157 0.84313726 0.8235294 0.78431374 0.7254902 0.73333335 0.76862746 0.78431374 0.84705883 0.8784314 0.8901961 0.85882354 0.8235294 0.72156864 0.62352943 0.5803922 0.58431375 0.59607846 0.54509807 0.42745098 0.3882353 0.47058824 0.5764706
0.36862746 0.6313726 0.68235296 0.69411767 0.7137255 0.73333335 0.62352943 0.62352943 0.8117647 0.8666667 0.88235295 0.8901961 0.8862745 0.8980392 0.9098039 0.9019608 0.88235295 0.8745098 0.9254902 0.8980392 0.87058824 0.84705883 0.7411765 0.6784314 0.65882355 0.6117647 0.5411765 0.41568628 0.32156864 0.34117648 0.45882353 0.61960787
0.28627452 0.56078434 0.6627451 0.63529414 0.6313726 0.6509804 0.6039216 0.654902 0.8509804 0.85490197 0.84313726 0.8392157 0.8666667 0.87058824 0.8392157 0.8235294 0.8666667 0.8745098 0.9254902 0.9137255 0.88235295 0.84705883 0.7647059 0.6862745 0.6431373 0.54901963 0.41960785 0.32941177 0.3529412 0.3882353 0.42745098 0.6156863
0.3254902 0.48235294 0.6666667 0.6745098 0.67058825 0.68235296 0.6313726 0.7294118 0.87058824 0.8666667 0.8352941 0.81960785 0.84705883 0.88235295 0.85882354 0.8627451 0.8627451 0.8745098 0.8745098 0.8901961 0.90588236 0.8666667 0.79607844 0.74509805 0.7019608 0.62352943 0.45490196 0.38039216 0.4117647 0.4 0.36862746 0.5803922
0.3372549 0.42745098 0.6156863 0.6392157 0.67058825 0.6666667 0.5803922 0.7764706 0.88235295 0.90588236 0.88235295 0.8235294 0.84705883 0.8862745 0.87058824 0.89411765 0.9098039 0.89411765 0.88235295 0.8784314 0.88235295 0.84313726 0.7921569 0.7921569 0.7529412 0.69803923 0.5686275 0.44313726 0.4117647 0.39607844 0.36078432 0.56078434
0.41960785 0.39215687 0.5058824 0.5137255 0.54509807 0.5568628 0.5686275 0.80784315 0.85882354 0.8627451 0.84313726 0.8352941 0.87058824 0.8745098 0.8392157 0.8784314 0.9137255 0.91764706 0.9019608 0.89411765 0.87058824 0.84313726 0.8 0.79607844 0.75686276 0.6901961 0.62352943 0.49803922 0.4509804 0.46666667 0.4392157 0.5529412
0.43529412 0.4117647 0.43137255 0.45882353 0.48235294 0.47843137 0.6431373 0.83137256 0.8980392 0.8745098 0.8352941 0.8352941 0.8666667 0.87058824 0.84313726 0.8666667 0.89411765 0.8901961 0.90588236 0.90588236 0.87058824 0.84705883 0.8 0.78431374 0.77254903 0.7058824 0.654902 0.5647059 0.49019608 0.49411765 0.48235294 0.53333336
0.4862745 0.5137255 0.50980395 0.5019608 0.49803922 0.49019608 0.64705884 0.8509804 0.9411765 0.93333334 0.85490197 0.85490197 0.85882354 0.8352941 0.827451 0.84313726 0.87058824 0.8745098 0.9019608 0.8784314 0.83137256 0.78431374 0.7764706 0.78431374 0.77254903 0.73333335 0.6313726 0.5254902 0.5176471 0.5137255 0.49411765 0.53333336
0.5137255 0.5254902 0.5254902 0.5137255 0.49411765 0.49019608 0.69803923 0.8627451 0.93333334 0.9529412 0.87058824 0.8156863 0.83137256 0.8352941 0.83137256 0.84313726 0.8784314 0.9411765 0.8862745 0.8509804 0.8235294 0.7607843 0.8117647 0.7882353 0.7607843 0.72156864 0.67058825 0.5803922 0.54901963 0.54509807 0.5176471 0.5294118
0.54901963 0.5254902 0.5254902 0.54901963 0.5372549 0.5254902 0.6784314 0.85490197 0.92156863 0.92941177 0.8392157 0.7411765 0.80784315 0.81960785 0.8117647 0.81960785 0.89411765 0.95686275 0.88235295 0.84705883 0.79607844 0.7372549 0.76862746 0.75686276 0.7529412 0.72156864 0.6509804 0.5803922 0.57254905 0.5803922 0.57254905 0.5647059
0.5568628 0.5372549 0.54509807 0.57254905 0.56078434 0.57254905 0.73333335 0.8745098 0.9098039 0.9019608 0.8156863 0.6745098 0.6666667 0.7176471 0.7372549 0.79607844 0.9137255 0.9098039 0.8784314 0.84705883 0.7529412 0.7372549 0.7529412 0.75686276 0.7764706 0.72156864 0.6392157 0.6117647 0.6039216 0.627451 0.63529414 0.61960787
0.5803922 0.5764706 0.5803922 0.5803922 0.5647059 0.6 0.74509805 0.87058824 0.90588236 0.8352941 0.7294118 0.62352943 0.5058824 0.56078434 0.7019608 0.8509804 0.92941177 0.9098039 0.8745098 0.8117647 0.6901961 0.7176471 0.7607843 0.8039216 0.7882353 0.70980394 0.6901961 0.65882355 0.6313726 0.6431373 0.65882355 0.63529414
0.6117647 0.6039216 0.6039216 0.58431375 0.57254905 0.65882355 0.76862746 0.8627451 0.89411765 0.78431374 0.6039216 0.6039216 0.6 0.5686275 0.7137255 0.89411765 0.92156863 0.9098039 0.85882354 0.7607843 0.6666667 0.7176471 0.78431374 0.8156863 0.76862746 0.7176471 0.69411767 0.67058825 0.67058825 0.6862745 0.6666667 0.64705884
0.63529414 0.6313726 0.61960787 0.59607846 0.63529414 0.69411767 0.75686276 0.7921569 0.8 0.72156864 0.627451 0.6666667 0.67058825 0.654902 0.7607843 0.8901961 0.90588236 0.8666667 0.8235294 0.7411765 0.7019608 0.7137255 0.75686276 0.7647059 0.7529412 0.72156864 0.69803923 0.6784314 0.6862745 0.7176471 0.70980394 0.6666667
0.63529414 0.6313726 0.64705884 0.63529414 0.63529414 0.61960787 0.62352943 0.6313726 0.6431373 0.62352943 0.68235296 0.7019608 0.6901961 0.654902 0.7294118 0.8 0.79607844 0.77254903 0.75686276 0.7137255 0.7019608 0.72156864 0.7294118 0.72156864 0.72156864 0.7176471 0.70980394 0.7058824 0.7058824 0.69803923 0.69803923 0.6862745
0.67058825 0.6745098 0.69411767 0.6784314 0.6313726 0.59607846 0.54901963 0.5686275 0.6 0.6627451 0.7176471 0.69411767 0.68235296 0.6392157 0.6 0.5764706 0.5882353 0.627451 0.6666667 0.69803923 0.73333335 0.7294118 0.72156864 0.7019608 0.69803923 0.7294118 0.7254902 0.72156864 0.7137255 0.69411767 0.68235296 0.70980394
0.7254902 0.7411765 0.7490196 0.73333335 0.7019608 0.67058825 0.63529414 0.6784314 0.72156864 0.7372549 0.7411765 0.7294118 0.7176471 0.7137255 0.65882355 0.5568628 0.5686275 0.58431375 0.63529414 0.72156864 0.75686276 0.7529412 0.7411765 0.7176471 0.70980394 0.7411765 0.7490196 0.7411765 0.73333335 0.7137255 0.7058824 0.7411765
0.25490198 0.39607844 0.50980395 0.6039216 0.67058825 0.69803923 0.627451 0.5411765 0.5294118 0.53333336 0.5058824 0.44705883 0.39607844 0.35686275 0.34117648 0.34509805 0.35686275 0.3372549 0.29411766 0.28627452 0.32156864 0.30588236 0.28235295 0.26666668 0.2509804 0.21960784 0.20784314 0.20784314 0.22352941 0.20392157 0.19215687 0.29803923
0.25882354 0.43137255 0.54509807 0.64705884 0.7019608 0.7137255 0.627451 0.54509807 0.5137255 0.5019608 0.49411765 0.49019608 0.50980395 0.5176471 0.52156866 0.5568628 0.63529414 0.6117647 0.49411765 0.37254903 0.28235295 0.28235295 0.29411766 0.27058825 0.23529412 0.1882353 0.2 0.18039216 0.16862746 0.17254902 0.16470589 0.23529412
0.29803923 0.47058824 0.5686275 0.654902 0.70980394 0.7137255 0.6392157 0.5686275 0.5372549 0.52156866 0.60784316 0.6745098 0.7372549 0.78039217 0.74509805 0.7411765 0.8 0.7882353 0.6862745 0.58431375 0.44313726 0.35686275 0.3254902 0.29411766 0.24705882 0.23137255 0.21960784 0.18039216 0.18039216 0.21568628 0.21568628 0.24705882
0.3019608 0.4862745 0.5764706 0.6627451 0.70980394 0.69411767 0.62352943 0.5686275 0.5411765 0.59607846 0.7647059 0.8117647 0.83137256 0.8862745 0.8509804 0.83137256 0.8156863 0.76862746 0.6901961 0.6784314 0.6431373 0.5254902 0.42745098 0.33333334 0.2627451 0.23921569 0.21960784 0.20392157 0.21568628 0.21176471 0.19607843 0.23137255
0.32156864 0.5176471 0.61960787 0.69803923 0.69803923 0.68235296 0.60784316 0.5803922 0.5921569 0.7176471 0.84705883 0.8666667 0.8666667 0.9411765 0.94509804 0.9098039 0.80784315 0.76862746 0.69803923 0.6392157 0.60784316 0.5647059 0.50980395 0.36862746 0.27058825 0.23529412 0.23529412 0.23137255 0.22745098 0.19607843 0.1764706 0.23921569
0.3882353 0.5764706 0.65882355 0.7019608 0.69411767 0.62352943 0.56078434 0.64705884 0.67058825 0.78431374 0.88235295 0.9372549 0.9764706 0.9882353 0.92941177 0.8862745 0.8235294 0.76862746 0.72156864 0.627451 0.5568628 0.5647059 0.5294118 0.3372549 0.24705882 0.22745098 0.22745098 0.24313726 0.24313726 0.20784314 0.21960784 0.32941177
0.4627451 0.61960787 0.72156864 0.76862746 0.74509805 0.58431375 0.5568628 0.68235296 0.7058824 0.7607843 0.84705883 0.9254902 0.9764706 0.94509804 0.8901961 0.8784314 0.85882354 0.79607844 0.77254903 0.67058825 0.58431375 0.57254905 0.41960785 0.25490198 0.22745098 0.23921569 0.24313726 0.27058825 0.26666668 0.23529412 0.27058825 0.3254902
0.5137255 0.62352943 0.75686276 0.81960785 0.80784315 0.6039216 0.5529412 0.6666667 0.68235296 0.7372549 0.8156863 0.8352941 0.85882354 0.8509804 0.8666667 0.85490197 0.8235294 0.7921569 0.81960785 0.7294118 0.63529414 0.5686275 0.31764707 0.22352941 0.21960784 0.23921569 0.2509804 0.26666668 0.23137255 0.21176471 0.30588236 0.3372549
0.5372549 0.6 0.7529412 0.78431374 0.75686276 0.654902 0.4862745 0.60784316 0.65882355 0.7529412 0.7882353 0.67058825 0.72156864 0.76862746 0.8117647 0.6392157 0.4862745 0.6784314 0.81960785 0.78431374 0.6392157 0.50980395 0.2901961 0.19607843 0.21568628 0.24313726 0.2627451 0.26666668 0.24313726 0.27450982 0.39607844 0.39607844
0.6117647 0.6392157 0.7647059 0.7529412 0.7254902 0.7058824 0.49803922 0.5803922 0.6862745 0.7254902 0.5921569 0.3137255 0.4509804 0.7372549 0.7529412 0.5372549 0.20392157 0.52156866 0.7921569 0.7607843 0.6627451 0.54901963 0.3764706 0.28627452 0.2901961 0.2901961 0.3019608 0.29803923 0.27450982 0.2901961 0.4392157 0.4392157
0.6862745 0.6784314 0.7647059 0.77254903 0.7372549 0.70980394 0.49411765 0.5294118 0.69411767 0.7137255 0.50980395 0.32941177 0.52156866 0.79607844 0.8509804 0.654902 0.4627451 0.56078434 0.7490196 0.7058824 0.654902 0.654902 0.45490196 0.32941177 0.32941177 0.2901961 0.27058825 0.27058825 0.2509804 0.2627451 0.42352942 0.42745098
0.69803923 0.6862745 0.7607843 0.8 0.7607843 0.74509805 0.5882353 0.41960785 0.6 0.6117647 0.6156863 0.67058825 0.7411765 0.7372549 0.81960785 0.87058824 0.8 0.64705884 0.7137255 0.73333335 0.7294118 0.7137255 0.45882353 0.31764707 0.32156864 0.29803923 0.2784314 0.30980393 0.32156864 0.37254903 0.48235294 0.4627451
0.70980394 0.73333335 0.77254903 0.79607844 0.7607843 0.7372549 0.65882355 0.48235294 0.5372549 0.6039216 0.7058824 0.8509804 0.7019608 0.34117648 0.3882353 0.76862746 0.9254902 0.78039217 0.7176471 0.7647059 0.78039217 0.654902 0.44313726 0.34509805 0.32941177 0.34901962 0.36862746 0.3882353 0.40392157 0.4627451 0.49803922 0.5294118
0.7137255 0.75686276 0.7764706 0.78431374 0.7647059 0.7058824 0.61960787 0.6 0.6156863 0.6901961 0.6862745 0.6666667 0.52156866 0.19607843 0.31764707 0.7490196 0.8392157 0.75686276 0.7607843 0.8156863 0.8156863 0.7411765 0.5254902 0.40784314 0.38039216 0.4117647 0.38039216 0.32156864 0.29411766 0.36862746 0.5058824 0.57254905
0.7372549 0.8039216 0.8156863 0.78431374 0.73333335 0.6745098 0.6156863 0.5921569 0.7137255 0.8 0.73333335 0.58431375 0.54509807 0.4745098 0.5372549 0.6784314 0.63529414 0.7372549 0.8235294 0.8392157 0.8235294 0.74509805 0.60784316 0.49019608 0.44313726 0.4 0.34901962 0.38039216 0.45882353 0.5254902 0.5686275 0.57254905
0.6509804 0.8 0.8117647 0.8156863 0.7647059 0.6784314 0.6392157 0.6392157 0.75686276 0.8392157 0.8509804 0.827451 0.7921569 0.7254902 0.72156864 0.7607843 0.7882353 0.85490197 0.8862745 0.90588236 0.8666667 0.8 0.7019608 0.6156863 0.57254905 0.5882353 0.60784316 0.5686275 0.47843137 0.45490196 0.53333336 0.6117647
0.42352942 0.69803923 0.73333335 0.7058824 0.7019608 0.6784314 0.59607846 0.60784316 0.78431374 0.8627451 0.9019608 0.9137255 0.9137255 0.9137255 0.91764706 0.93333334 0.9372549 0.9019608 0.9411765 0.9098039 0.87058824 0.8235294 0.7294118 0.6627451 0.63529414 0.60784316 0.5568628 0.4627451 0.39215687 0.43137255 0.5568628 0.6666667
0.34901962 0.60784316 0.7254902 0.6862745 0.6784314 0.6745098 0.63529414 0.64705884 0.8235294 0.85490197 0.8627451 0.8509804 0.8745098 0.8862745 0.8627451 0.85490197 0.9019608 0.9019608 0.9372549 0.9137255 0.87058824 0.8235294 0.7411765 0.6627451 0.61960787 0.5568628 0.47843137 0.42352942 0.45490196 0.4862745 0.5254902 0.6627451
0.40784314 0.5294118 0.7137255 0.73333335 0.7254902 0.72156864 0.67058825 0.7294118 0.85882354 0.87058824 0.8509804 0.827451 0.84705883 0.89411765 0.8784314 0.8901961 0.8980392 0.89411765 0.8862745 0.8862745 0.8901961 0.8392157 0.76862746 0.7137255 0.6666667 0.6156863 0.5137255 0.48235294 0.5254902 0.50980395 0.45882353 0.627451
0.43137255 0.5137255 0.6627451 0.6862745 0.7058824 0.69411767 0.6039216 0.76862746 0.8784314 0.92156863 0.8980392 0.81960785 0.84313726 0.89411765 0.88235295 0.92156863 0.9372549 0.90588236 0.88235295 0.8666667 0.85882354 0.8117647 0.7607843 0.75686276 0.7137255 0.67058825 0.5764706 0.49803922 0.49019608 0.47058824 0.4117647 0.5921569
0.5137255 0.4862745 0.54509807 0.54901963 0.5686275 0.5764706 0.58431375 0.8 0.8627451 0.8784314 0.85882354 0.827451 0.85882354 0.8745098 0.84705883 0.89411765 0.92941177 0.9254902 0.8980392 0.8784314 0.8352941 0.8039216 0.7647059 0.75686276 0.7176471 0.65882355 0.60784316 0.5137255 0.47843137 0.49019608 0.45882353 0.57254905
0.48235294 0.43529412 0.44705883 0.4745098 0.49803922 0.4862745 0.6392157 0.8235294 0.89411765 0.8862745 0.84705883 0.827451 0.8509804 0.8627451 0.8392157 0.8666667 0.89411765 0.8901961 0.9098039 0.89411765 0.827451 0.7921569 0.7490196 0.7411765 0.7372549 0.6784314 0.6431373 0.5686275 0.5137255 0.52156866 0.5019608 0.5529412
0.47843137 0.5019608 0.50980395 0.5058824 0.49019608 0.4745098 0.627451 0.8352941 0.9372549 0.94509804 0.8666667 0.84705883 0.84313726 0.8235294 0.8156863 0.8352941 0.8666667 0.87058824 0.8980392 0.85490197 0.7882353 0.73333335 0.73333335 0.74509805 0.7372549 0.69803923 0.6117647 0.52156866 0.5294118 0.5294118 0.5019608 0.5411765
0.5019608 0.5058824 0.5058824 0.49411765 0.46666667 0.45882353 0.67058825 0.84313726 0.93333334 0.9647059 0.8901961 0.8117647 0.8156863 0.81960785 0.81960785 0.827451 0.87058824 0.9411765 0.8666667 0.8156863 0.78039217 0.7176471 0.77254903 0.7490196 0.7176471 0.68235296 0.6431373 0.5647059 0.54509807 0.54509807 0.50980395 0.5254902
0.5254902 0.5019608 0.5019608 0.52156866 0.5019608 0.4862745 0.64705884 0.8352941 0.92156863 0.94509804 0.85490197 0.7372549 0.7882353 0.7921569 0.7921569 0.8039216 0.88235295 0.9529412 0.85882354 0.8 0.7529412 0.7019608 0.73333335 0.7137255 0.7058824 0.6745098 0.61960787 0.5568628 0.5568628 0.5686275 0.5529412 0.5529412
0.5294118 0.50980395 0.5176471 0.5529412 0.5372549 0.53333336 0.7058824 0.87058824 0.9137255 0.9137255 0.81960785 0.65882355 0.6392157 0.69411767 0.7176471 0.78039217 0.9019608 0.89411765 0.84705883 0.80784315 0.7137255 0.69411767 0.7058824 0.70980394 0.73333335 0.6784314 0.6117647 0.5882353 0.5803922 0.6 0.6117647 0.6039216
0.5568628 0.5529412 0.5529412 0.5568628 0.5411765 0.5647059 0.7137255 0.85882354 0.89411765 0.827451 0.7176471 0.6039216 0.4862745 0.54901963 0.69411767 0.8509804 0.92941177 0.8862745 0.8352941 0.7647059 0.64705884 0.6627451 0.69411767 0.74509805 0.73333335 0.6627451 0.654902 0.6313726 0.60784316 0.6156863 0.6313726 0.6117647
0.58431375 0.5764706 0.5803922 0.5568628 0.5411765 0.62352943 0.73333335 0.8392157 0.87058824 0.7607843 0.5764706 0.58431375 0.58431375 0.56078434 0.70980394 0.8980392 0.9254902 0.8784314 0.80784315 0.69803923 0.6117647 0.654902 0.7176471 0.7529412 0.7137255 0.67058825 0.654902 0.6431373 0.6509804 0.6745098 0.64705884 0.62352943
0.60784316 0.6117647 0.6039216 0.5647059 0.58431375 0.6509804 0.7254902 0.7647059 0.77254903 0.68235296 0.5921569 0.6392157 0.6431373 0.6313726 0.7411765 0.8862745 0.8980392 0.827451 0.7607843 0.67058825 0.63529414 0.6627451 0.7137255 0.7254902 0.7176471 0.6862745 0.654902 0.64705884 0.6745098 0.7137255 0.7019608 0.654902
0.62352943 0.61960787 0.6392157 0.60784316 0.5764706 0.5647059 0.5764706 0.58431375 0.58431375 0.57254905 0.6431373 0.6627451 0.64705884 0.6117647 0.6901961 0.76862746 0.7647059 0.72156864 0.69411767 0.6509804 0.6431373 0.6784314 0.69803923 0.69411767 0.69411767 0.6901961 0.68235296 0.6901961 0.69803923 0.68235296 0.68235296 0.6666667
0.65882355 0.6627451 0.6862745 0.65882355 0.59607846 0.5529412 0.5019608 0.52156866 0.54901963 0.627451 0.6901961 0.6509804 0.627451 0.5803922 0.5372549 0.5058824 0.52156866 0.5647059 0.6117647 0.6509804 0.69411767 0.69411767 0.6901961 0.6745098 0.6666667 0.69803923 0.7058824 0.7137255 0.7058824 0.6666667 0.6509804 0.68235296
0.7137255 0.7254902 0.7372549 0.7176471 0.6862745 0.6509804 0.6117647 0.64705884 0.6901961 0.72156864 0.7254902 0.69411767 0.6745098 0.6745098 0.6117647 0.49411765 0.5019608 0.53333336 0.5921569 0.6862745 0.7294118 0.72156864 0.7058824 0.6901961 0.6784314 0.7058824 0.7254902 0.73333335 0.7254902 0.6862745 0.6666667 0.70980394
4 12 2
7 10 1
14 11 1
17 25 2
13 3 0
7 17 0
25 13 1
25 5 0
9 15 2
27 7 2
29 2 1
0 3 0
28 0 1
15 7 2
2 0 0
30 14 1
17 20 1
15 16 2
17 1 1
7 27 2
0 12 2
16 30 0
14 30 0
6 25 1
31 13 2
25 0 1
17 4 1
11 26 0
4 13 0
10 5 0
