32, 32, 3, 30
0.7019608 0.64705884 0.63529414 0.6392157 0.6627451 0.6745098 0.67058825 0.67058825 0.6666667 0.68235296 0.6666667 0.654902 0.6627451 0.64705884 0.654902 0.6666667 0.6745098 0.6666667 0.6666667 0.6666667 0.6509804 0.6509804 0.67058825 0.64705884 0.627451 0.654902 0.654902 0.65882355 0.64705884 0.6509804 0.6627451 0.6117647
0.5921569 0.4117647 0.4392157 0.43529412 0.45882353 0.49019608 0.4862745 0.4745098 0.4745098 0.4862745 0.48235294 0.47058824 0.47058824 0.45490196 0.45490196 0.44705883 0.44313726 0.45882353 0.47058824 0.4745098 0.47058824 0.45882353 0.44705883 0.40392157 0.4117647 0.45490196 0.45882353 0.45882353 0.46666667 0.46666667 0.45882353 0.40392157
0.5176471 0.3529412 0.44313726 0.45882353 0.46666667 0.48235294 0.47843137 0.4862745 0.49411765 0.49803922 0.49803922 0.47058824 0.46666667 0.4392157 0.42352942 0.43137255 0.44313726 0.4627451 0.47843137 0.47058824 0.4627451 0.44705883 0.42352942 0.36078432 0.3764706 0.43529412 0.4509804 0.45490196 0.47058824 0.45490196 0.48235294 0.4
0.5254902 0.41960785 0.5372549 0.56078434 0.5176471 0.5058824 0.5137255 0.52156866 0.5372549 0.54901963 0.5372549 0.5137255 0.5058824 0.4745098 0.46666667 0.49803922 0.5294118 0.5411765 0.54901963 0.53333336 0.48235294 0.43529412 0.47843137 0.4862745 0.42352942 0.4392157 0.5176471 0.5294118 0.5372549 0.5058824 0.5411765 0.43529412
0.5529412 0.4509804 0.5372549 0.5411765 0.5019608 0.49803922 0.52156866 0.5058824 0.5254902 0.5568628 0.53333336 0.52156866 0.50980395 0.49411765 0.5176471 0.5137255 0.5294118 0.54901963 0.54901963 0.5254902 0.45882353 0.43137255 0.4745098 0.48235294 0.45490196 0.49019608 0.5176471 0.49411765 0.53333336 0.5137255 0.5411765 0.4509804
0.5411765 0.4509804 0.47843137 0.49019608 0.5254902 0.5568628 0.5568628 0.5372549 0.53333336 0.5686275 0.56078434 0.5411765 0.5254902 0.5254902 0.5568628 0.5254902 0.53333336 0.54901963 0.53333336 0.49803922 0.47058824 0.49411765 0.48235294 0.43137255 0.46666667 0.5372549 0.53333336 0.49411765 0.5254902 0.5176471 0.5568628 0.47058824
0.5529412 0.4509804 0.49019608 0.5176471 0.5686275 0.5803922 0.5686275 0.5529412 0.54901963 0.5411765 0.53333336 0.5254902 0.52156866 0.53333336 0.5411765 0.52156866 0.5294118 0.5411765 0.52156866 0.47058824 0.4862745 0.5176471 0.5058824 0.4509804 0.47843137 0.5294118 0.54509807 0.5411765 0.5137255 0.52156866 0.5764706 0.46666667
0.5803922 0.46666667 0.5372549 0.54901963 0.58431375 0.5803922 0.54901963 0.53333336 0.5372549 0.5254902 0.5137255 0.49019608 0.49803922 0.5294118 0.5176471 0.50980395 0.52156866 0.54509807 0.5137255 0.49803922 0.5294118 0.52156866 0.5294118 0.5019608 0.48235294 0.52156866 0.5137255 0.5176471 0.49803922 0.5058824 0.5372549 0.4392157
0.58431375 0.47058824 0.5568628 0.5686275 0.5764706 0.56078434 0.54509807 0.5411765 0.5529412 0.54509807 0.5294118 0.49803922 0.50980395 0.5372549 0.5137255 0.5137255 0.5254902 0.54509807 0.52156866 0.49411765 0.5294118 0.46666667 0.5019608 0.54509807 0.50980395 0.50980395 0.5019608 0.5019608 0.47843137 0.47843137 0.5254902 0.4392157
0.5803922 0.47843137 0.5568628 0.5764706 0.58431375 0.54509807 0.54901963 0.5529412 0.56078434 0.54901963 0.5254902 0.5176471 0.5294118 0.5372549 0.56078434 0.5764706 0.5921569 0.58431375 0.5647059 0.5137255 0.5137255 0.47058824 0.5058824 0.5568628 0.5176471 0.47843137 0.5137255 0.49411765 0.4392157 0.45882353 0.54901963 0.4509804
0.57254905 0.46666667 0.5529412 0.57254905 0.5921569 0.5803922 0.5803922 0.5647059 0.5921569 0.5176471 0.49411765 0.54901963 0.5372549 0.5529412 0.58431375 0.5921569 0.5882353 0.5803922 0.5568628 0.5019608 0.5294118 0.56078434 0.58431375 0.5921569 0.5686275 0.49411765 0.48235294 0.49019608 0.49803922 0.50980395 0.5254902 0.43529412
0.57254905 0.47843137 0.57254905 0.58431375 0.6039216 0.60784316 0.60784316 0.5882353 0.6509804 0.5058824 0.40392157 0.5019608 0.54901963 0.5647059 0.5568628 0.57254905 0.56078434 0.54901963 0.49803922 0.52156866 0.54901963 0.5529412 0.5686275 0.5372549 0.5372549 0.5411765 0.5019608 0.47843137 0.49803922 0.47058824 0.45490196 0.4117647
0.57254905 0.4862745 0.5686275 0.5686275 0.62352943 0.60784316 0.60784316 0.5764706 0.5764706 0.5294118 0.4117647 0.50980395 0.5529412 0.52156866 0.47843137 0.5294118 0.5254902 0.5176471 0.52156866 0.54901963 0.5411765 0.5529412 0.5568628 0.5294118 0.5254902 0.52156866 0.5058824 0.5019608 0.44705883 0.45490196 0.49019608 0.41568628
0.5882353 0.5019608 0.5647059 0.5568628 0.61960787 0.5294118 0.42352942 0.4 0.41960785 0.5764706 0.5568628 0.5568628 0.5647059 0.5058824 0.5137255 0.52156866 0.5019608 0.5058824 0.50980395 0.5137255 0.5137255 0.54901963 0.56078434 0.5411765 0.50980395 0.46666667 0.49411765 0.5529412 0.5411765 0.4745098 0.5254902 0.4745098
0.58431375 0.49803922 0.5529412 0.54901963 0.61960787 0.49019608 0.3372549 0.3372549 0.22352941 0.28235295 0.36862746 0.56078434 0.5803922 0.5647059 0.60784316 0.56078434 0.54901963 0.59607846 0.5372549 0.5411765 0.4745098 0.47843137 0.59607846 0.5647059 0.5647059 0.5411765 0.5411765 0.53333336 0.6117647 0.56078434 0.4627451 0.43137255
0.5686275 0.4392157 0.54509807 0.54901963 0.6039216 0.5137255 0.43137255 0.4392157 0.19215687 0.19607843 0.36862746 0.5372549 0.50980395 0.49411765 0.5529412 0.5294118 0.5764706 0.63529414 0.5921569 0.6156863 0.4862745 0.44705883 0.5411765 0.5176471 0.5411765 0.5372549 0.5882353 0.5686275 0.54509807 0.54509807 0.49803922 0.38431373
0.5647059 0.44705883 0.5411765 0.54901963 0.6117647 0.5568628 0.47843137 0.34509805 0.29803923 0.3882353 0.36862746 0.37254903 0.4392157 0.49803922 0.5176471 0.5372549 0.5529412 0.5176471 0.5411765 0.5529412 0.42352942 0.4117647 0.44705883 0.44313726 0.38431373 0.47058824 0.5882353 0.57254905 0.54509807 0.5529412 0.5529412 0.43529412
0.57254905 0.49411765 0.5686275 0.58431375 0.6392157 0.61960787 0.54901963 0.33333334 0.34117648 0.42352942 0.3647059 0.39607844 0.42745098 0.46666667 0.39607844 0.44705883 0.4745098 0.45490196 0.49019608 0.44313726 0.39215687 0.3647059 0.40784314 0.4 0.34509805 0.4627451 0.5921569 0.58431375 0.5529412 0.54509807 0.5882353 0.49411765
0.5882353 0.5176471 0.6117647 0.61960787 0.6509804 0.6392157 0.49803922 0.29411766 0.23137255 0.20784314 0.26666668 0.28627452 0.23529412 0.24313726 0.22352941 0.34117648 0.36862746 0.42352942 0.41960785 0.39607844 0.45490196 0.5058824 0.44705883 0.48235294 0.5019608 0.44705883 0.5372549 0.5882353 0.5882353 0.49411765 0.5411765 0.4627451
0.5882353 0.40392157 0.5686275 0.61960787 0.5882353 0.5254902 0.3764706 0.20784314 0.20392157 0.13725491 0.14117648 0.18039216 0.25490198 0.3254902 0.23137255 0.3647059 0.41960785 0.4862745 0.41568628 0.36078432 0.5254902 0.6431373 0.44705883 0.5019608 0.45490196 0.3764706 0.44705883 0.54901963 0.5686275 0.5176471 0.50980395 0.4392157
0.5764706 0.3764706 0.5647059 0.62352943 0.5686275 0.45490196 0.2901961 0.15686275 0.14117648 0.14509805 0.14509805 0.21176471 0.45882353 0.6745098 0.34117648 0.29411766 0.32941177 0.34901962 0.39607844 0.3764706 0.3764706 0.62352943 0.5294118 0.44705883 0.33333334 0.25882354 0.35686275 0.5254902 0.57254905 0.52156866 0.5294118 0.4509804
0.60784316 0.53333336 0.61960787 0.62352943 0.6117647 0.5372549 0.40784314 0.20392157 0.105882354 0.12156863 0.1254902 0.2 0.4509804 0.7019608 0.44313726 0.1882353 0.22352941 0.2784314 0.29803923 0.31764707 0.31764707 0.39215687 0.36862746 0.2627451 0.22745098 0.24313726 0.3882353 0.54509807 0.5372549 0.5529412 0.6 0.48235294
0.60784316 0.5411765 0.6117647 0.62352943 0.6431373 0.6039216 0.56078434 0.42352942 0.18039216 0.18431373 0.36078432 0.41960785 0.6 0.6039216 0.4117647 0.16862746 0.15294118 0.21568628 0.30980393 0.4117647 0.4117647 0.24313726 0.19607843 0.16862746 0.23529412 0.2784314 0.3529412 0.49411765 0.5529412 0.5764706 0.59607846 0.48235294
0.6039216 0.5254902 0.6156863 0.6156863 0.654902 0.654902 0.58431375 0.54509807 0.40784314 0.38039216 0.54509807 0.5686275 0.5137255 0.37254903 0.34901962 0.36862746 0.29411766 0.35686275 0.41568628 0.3529412 0.40784314 0.3254902 0.18431373 0.1764706 0.22352941 0.18431373 0.28235295 0.4627451 0.57254905 0.5529412 0.5803922 0.47843137
0.6117647 0.53333336 0.6117647 0.60784316 0.65882355 0.68235296 0.5921569 0.46666667 0.41960785 0.42745098 0.35686275 0.3529412 0.23529412 0.2 0.34117648 0.54509807 0.5647059 0.50980395 0.35686275 0.2627451 0.3254902 0.23137255 0.1882353 0.2 0.25882354 0.34117648 0.41960785 0.54509807 0.6039216 0.5803922 0.6117647 0.49411765
0.6 0.54509807 0.61960787 0.62352943 0.654902 0.6862745 0.6784314 0.6431373 0.4862745 0.4 0.4117647 0.4117647 0.4117647 0.44313726 0.49019608 0.5529412 0.6156863 0.5254902 0.49019608 0.5176471 0.48235294 0.49019608 0.5294118 0.52156866 0.5254902 0.56078434 0.5647059 0.60784316 0.6313726 0.5882353 0.5882353 0.49411765
0.6039216 0.5254902 0.6039216 0.627451 0.627451 0.6392157 0.6862745 0.6745098 0.5529412 0.49803922 0.4862745 0.45490196 0.54901963 0.5882353 0.5411765 0.54901963 0.61960787 0.62352943 0.64705884 0.6627451 0.64705884 0.67058825 0.6431373 0.62352943 0.57254905 0.56078434 0.6 0.5921569 0.6039216 0.59607846 0.59607846 0.4862745
0.6313726 0.5254902 0.61960787 0.6313726 0.627451 0.6313726 0.67058825 0.5254902 0.34901962 0.39607844 0.5254902 0.5254902 0.47843137 0.47843137 0.47843137 0.5294118 0.63529414 0.63529414 0.6392157 0.6509804 0.6509804 0.6509804 0.62352943 0.60784316 0.6 0.5921569 0.6117647 0.5764706 0.57254905 0.57254905 0.6156863 0.5019608
0.6156863 0.5137255 0.62352943 0.58431375 0.53333336 0.5372549 0.5686275 0.48235294 0.44313726 0.50980395 0.6313726 0.6666667 0.5647059 0.45882353 0.47843137 0.48235294 0.6039216 0.6156863 0.62352943 0.6 0.5803922 0.6156863 0.63529414 0.6117647 0.6039216 0.57254905 0.54509807 0.52156866 0.52156866 0.5686275 0.6117647 0.49803922
0.58431375 0.50980395 0.6 0.5411765 0.52156866 0.5372549 0.5764706 0.6 0.63529414 0.627451 0.64705884 0.6784314 0.6666667 0.6117647 0.4862745 0.44705883 0.5647059 0.57254905 0.6039216 0.6 0.6 0.6313726 0.64705884 0.63529414 0.6156863 0.5921569 0.60784316 0.5803922 0.5686275 0.60784316 0.64705884 0.49803922
0.5058824 0.4 0.44313726 0.44705883 0.4627451 0.47843137 0.47843137 0.48235294 0.4862745 0.4745098 0.4745098 0.4862745 0.49411765 0.49411765 0.42745098 0.32156864 0.35686275 0.38039216 0.3647059 0.34901962 0.38039216 0.47058824 0.49411765 0.49019608 0.48235294 0.45882353 0.48235294 0.4745098 0.46666667 0.4627451 0.47843137 0.34901962
0.5647059 0.33333334 0.3137255 0.31764707 0.3137255 0.30980393 0.3137255 0.31764707 0.30980393 0.3019608 0.30980393 0.31764707 0.30588236 0.30980393 0.3019608 0.27450982 0.2784314 0.28235295 0.27058825 0.2627451 0.27058825 0.29411766 0.30588236 0.30980393 0.3019608 0.29411766 0.3019608 0.30588236 0.29411766 0.30588236 0.3019608 0.2784314
0.73333335 0.6862745 0.6666667 0.654902 0.6745098 0.68235296 0.6745098 0.6784314 0.6745098 0.6901961 0.6901961 0.6901961 0.69803923 0.68235296 0.6901961 0.69803923 0.7019608 0.69411767 0.69803923 0.69803923 0.6784314 0.6784314 0.69803923 0.6784314 0.654902 0.68235296 0.6862745 0.69411767 0.6745098 0.6666667 0.6862745 0.6509804
0.6156863 0.43529412 0.4509804 0.44313726 0.45882353 0.46666667 0.4627451 0.4509804 0.44705883 0.45882353 0.4627451 0.45882353 0.45490196 0.4392157 0.4392157 0.4392157 0.44313726 0.45882353 0.47058824 0.4745098 0.47058824 0.45882353 0.44705883 0.40392157 0.4117647 0.45490196 0.4627451 0.45882353 0.46666667 0.46666667 0.47843137 0.4509804
0.53333336 0.35686275 0.43137255 0.44705883 0.45490196 0.45882353 0.45490196 0.4627451 0.47058824 0.47843137 0.4745098 0.44705883 0.44313726 0.41568628 0.4 0.40784314 0.41568628 0.43529412 0.44705883 0.4392157 0.43529412 0.41960785 0.39607844 0.33333334 0.34901962 0.40784314 0.42352942 0.42745098 0.4392157 0.43137255 0.4862745 0.43529412
0.53333336 0.40392157 0.5019608 0.53333336 0.5137255 0.5058824 0.5176471 0.52156866 0.5411765 0.54901963 0.5372549 0.5058824 0.5019608 0.47058824 0.4627451 0.4862745 0.49019608 0.5019608 0.50980395 0.49411765 0.44313726 0.39607844 0.43529412 0.44705883 0.38431373 0.4 0.47843137 0.49019608 0.49803922 0.46666667 0.5254902 0.44705883
0.5686275 0.43137255 0.49411765 0.5137255 0.49411765 0.49803922 0.5176471 0.5058824 0.52156866 0.5529412 0.53333336 0.52156866 0.50980395 0.49411765 0.5176471 0.5019608 0.5058824 0.5176471 0.52156866 0.49803922 0.43137255 0.40392157 0.44705883 0.45490196 0.42745098 0.4627451 0.49411765 0.47843137 0.5058824 0.4745098 0.5137255 0.4392157
0.5686275 0.43137255 0.44313726 0.46666667 0.50980395 0.53333336 0.53333336 0.50980395 0.5058824 0.54509807 0.5411765 0.5254902 0.50980395 0.50980395 0.5411765 0.50980395 0.52156866 0.5372549 0.52156866 0.4862745 0.45882353 0.48235294 0.4745098 0.41960785 0.45490196 0.5254902 0.5254902 0.49803922 0.5137255 0.48235294 0.5254902 0.44705883
0.5686275 0.43529412 0.49019608 0.5137255 0.5529412 0.5686275 0.5529412 0.5294118 0.52156866 0.50980395 0.5058824 0.5058824 0.5019608 0.5137255 0.52156866 0.5058824 0.5176471 0.5294118 0.50980395 0.45490196 0.47058824 0.5019608 0.49019608 0.43529412 0.4627451 0.5176471 0.53333336 0.53333336 0.49019608 0.4862745 0.5529412 0.45490196
0.58431375 0.4509804 0.54901963 0.54901963 0.5686275 0.5803922 0.54509807 0.5176471 0.5176471 0.49803922 0.49411765 0.4745098 0.48235294 0.5137255 0.5019608 0.49411765 0.5058824 0.5294118 0.49803922 0.47843137 0.5058824 0.5058824 0.5137255 0.4862745 0.46666667 0.5058824 0.49803922 0.5019608 0.4627451 0.46666667 0.5176471 0.43137255
0.5882353 0.45490196 0.5686275 0.57254905 0.5647059 0.56078434 0.5372549 0.5254902 0.5294118 0.5176471 0.50980395 0.48235294 0.49803922 0.52156866 0.5019608 0.5019608 0.5137255 0.5294118 0.5058824 0.47843137 0.5137255 0.4509804 0.4862745 0.5294118 0.49411765 0.49411765 0.49019608 0.48235294 0.4392157 0.4392157 0.5019608 0.43137255
0.5803922 0.4627451 0.5647059 0.5764706 0.5686275 0.54509807 0.5411765 0.5372549 0.5411765 0.5254902 0.50980395 0.5058824 0.5176471 0.5254902 0.54901963 0.5647059 0.5803922 0.57254905 0.54901963 0.49803922 0.49803922 0.45490196 0.49019608 0.5411765 0.5019608 0.4627451 0.5019608 0.47843137 0.40392157 0.41960785 0.5254902 0.44313726
0.5764706 0.4509804 0.56078434 0.5764706 0.5764706 0.5764706 0.57254905 0.5529412 0.5764706 0.49411765 0.47843137 0.5372549 0.5254902 0.54509807 0.57254905 0.5803922 0.5764706 0.5686275 0.5411765 0.4862745 0.5137255 0.54509807 0.5686275 0.5764706 0.5529412 0.47843137 0.47058824 0.4745098 0.4627451 0.47058824 0.5058824 0.42745098
0.57254905 0.45882353 0.5803922 0.5882353 0.5921569 0.6039216 0.6 0.5764706 0.63529414 0.4862745 0.3882353 0.49019608 0.5372549 0.5529412 0.54509807 0.56078434 0.54901963 0.5372549 0.4862745 0.5058824 0.53333336 0.5372549 0.5529412 0.52156866 0.52156866 0.5254902 0.4862745 0.4627451 0.4627451 0.43137255 0.43137255 0.40392157
0.5764706 0.47058824 0.5764706 0.5686275 0.60784316 0.6039216 0.6 0.5647059 0.5568628 0.5058824 0.39607844 0.49803922 0.5411765 0.5137255 0.46666667 0.5176471 0.5137255 0.5058824 0.50980395 0.5372549 0.5254902 0.5372549 0.5372549 0.5137255 0.50980395 0.5058824 0.49019608 0.4862745 0.40784314 0.41568628 0.46666667 0.40784314
0.5882353 0.48235294 0.5764706 0.56078434 0.6039216 0.5176471 0.4 0.3647059 0.37254903 0.52156866 0.5254902 0.5529412 0.5647059 0.5058824 0.5019608 0.49019608 0.46666667 0.48235294 0.49803922 0.5058824 0.50980395 0.5372549 0.5372549 0.5176471 0.49019608 0.44705883 0.47058824 0.52156866 0.5058824 0.4392157 0.49803922 0.45490196
0.58431375 0.47843137 0.5647059 0.5529412 0.6039216 0.4745098 0.30980393 0.2901961 0.16078432 0.21176471 0.32941177 0.5568628 0.5882353 0.57254905 0.59607846 0.53333336 0.5294118 0.5803922 0.5294118 0.5372549 0.4745098 0.46666667 0.57254905 0.5411765 0.5411765 0.5176471 0.5137255 0.49803922 0.5764706 0.53333336 0.4392157 0.40784314
0.5686275 0.42352942 0.5568628 0.5529412 0.5882353 0.5058824 0.4117647 0.4 0.13725491 0.1254902 0.32941177 0.53333336 0.52156866 0.50980395 0.54901963 0.5254902 0.5921569 0.64705884 0.6 0.6117647 0.47843137 0.42745098 0.5176471 0.49411765 0.5176471 0.5137255 0.5647059 0.53333336 0.5176471 0.5254902 0.47843137 0.36862746
0.5647059 0.42745098 0.5529412 0.5529412 0.59607846 0.5529412 0.4627451 0.30980393 0.24313726 0.32156864 0.32156864 0.3529412 0.44313726 0.50980395 0.52156866 0.5411765 0.58431375 0.54509807 0.5568628 0.54901963 0.40784314 0.39215687 0.42352942 0.41960785 0.36078432 0.44705883 0.56078434 0.54509807 0.5254902 0.5372549 0.5372549 0.42352942
0.5764706 0.47843137 0.5764706 0.5882353 0.62352943 0.6117647 0.5254902 0.2901961 0.2784314 0.34901962 0.29411766 0.3529412 0.41568628 0.47058824 0.3882353 0.44313726 0.49019608 0.47058824 0.49803922 0.4392157 0.38039216 0.34117648 0.38431373 0.3764706 0.32156864 0.4392157 0.5686275 0.5568628 0.5372549 0.5294118 0.5764706 0.4862745
0.5882353 0.49803922 0.62352943 0.62352943 0.627451 0.60784316 0.45490196 0.23137255 0.14509805 0.10980392 0.17254902 0.21960784 0.2 0.22352941 0.20392157 0.3137255 0.34509805 0.40784314 0.4117647 0.39215687 0.4509804 0.49019608 0.42352942 0.45882353 0.47843137 0.42352942 0.5137255 0.57254905 0.57254905 0.4862745 0.5372549 0.45882353
0.5921569 0.3882353 0.5764706 0.62352943 0.5647059 0.47843137 0.3137255 0.12156863 0.09411765 0.015686275 0.02745098 0.09411765 0.20392157 0.29803923 0.2 0.32156864 0.3647059 0.4392157 0.39215687 0.34901962 0.52156866 0.627451 0.42352942 0.47843137 0.43137255 0.34901962 0.42352942 0.5294118 0.5568628 0.50980395 0.5058824 0.4392157
0.6 0.38039216 0.5686275 0.627451 0.56078434 0.42745098 0.23529412 0.07058824 0.023529412 0.011764706 0.015686275 0.13333334 0.43529412 0.67058825 0.3137255 0.23921569 0.27450982 0.3019608 0.35686275 0.34509805 0.3529412 0.59607846 0.49411765 0.4117647 0.29411766 0.22352941 0.3254902 0.5019608 0.54901963 0.5019608 0.5294118 0.45882353
0.63529414 0.54901963 0.62352943 0.627451 0.60784316 0.52156866 0.37254903 0.13725491 0.015686275 0.011764706 0.019607844 0.14117648 0.44313726 0.7019608 0.40392157 0.12156863 0.16470589 0.22352941 0.24705882 0.27058825 0.27058825 0.34509805 0.31764707 0.20784314 0.17254902 0.1882353 0.34509805 0.52156866 0.5019608 0.5294118 0.59607846 0.49803922
0.63529414 0.5568628 0.6117647 0.627451 0.6392157 0.58431375 0.53333336 0.38431373 0.13333334 0.12941177 0.3019608 0.38431373 0.59607846 0.5921569 0.3529412 0.08627451 0.08627451 0.15294118 0.24313726 0.34901962 0.3529412 0.1764706 0.1254902 0.09803922 0.16470589 0.21176471 0.3019608 0.46666667 0.5176471 0.54901963 0.5921569 0.49411765
0.6313726 0.5411765 0.6156863 0.61960787 0.6509804 0.63529414 0.5647059 0.5294118 0.4 0.3764706 0.52156866 0.54901963 0.5019608 0.34509805 0.28627452 0.2901961 0.22745098 0.29411766 0.3529412 0.2901961 0.34901962 0.25882354 0.10980392 0.105882354 0.15294118 0.12156863 0.23137255 0.43529412 0.5411765 0.5254902 0.5764706 0.49411765
0.6392157 0.54901963 0.6156863 0.6117647 0.65882355 0.67058825 0.5803922 0.4627451 0.42745098 0.43529412 0.34117648 0.33333334 0.21176471 0.16078432 0.28627452 0.48235294 0.5176471 0.4627451 0.30980393 0.21568628 0.2784314 0.18039216 0.13333334 0.14509805 0.20392157 0.29411766 0.38039216 0.52156866 0.57254905 0.5568628 0.6117647 0.5058824
0.627451 0.56078434 0.62352943 0.627451 0.65882355 0.6862745 0.6745098 0.6392157 0.48235294 0.39215687 0.38039216 0.3647059 0.36078432 0.4 0.45490196 0.5254902 0.5921569 0.5019608 0.46666667 0.49411765 0.45882353 0.46666667 0.5019608 0.49411765 0.49803922 0.53333336 0.5411765 0.5882353 0.59607846 0.5647059 0.58431375 0.50980395
0.6313726 0.5411765 0.6039216 0.627451 0.6313726 0.6431373 0.68235296 0.6627451 0.5372549 0.47058824 0.43529412 0.39607844 0.49019608 0.54509807 0.52156866 0.5411765 0.6117647 0.61960787 0.6431373 0.65882355 0.6392157 0.6627451 0.6313726 0.6117647 0.56078434 0.54901963 0.5882353 0.5764706 0.57254905 0.5686275 0.5921569 0.5019608
0.6431373 0.5254902 0.6039216 0.6156863 0.61960787 0.62352943 0.65882355 0.50980395 0.33333334 0.3764706 0.5019608 0.5019608 0.45490196 0.45490196 0.4627451 0.5176471 0.62352943 0.62352943 0.627451 0.6392157 0.6392157 0.63529414 0.6039216 0.5882353 0.5803922 0.57254905 0.5921569 0.5647059 0.5568628 0.5529412 0.6039216 0.5058824
0.6313726 0.5176471 0.6117647 0.57254905 0.53333336 0.53333336 0.56078434 0.47843137 0.4392157 0.5019608 0.627451 0.6666667 0.56078434 0.45490196 0.47058824 0.4745098 0.59607846 0.60784316 0.61960787 0.59607846 0.57254905 0.6 0.6156863 0.5921569 0.58431375 0.5529412 0.5294118 0.5137255 0.5137255 0.5568628 0.6039216 0.5058824
0.6117647 0.5176471 0.5921569 0.5411765 0.5254902 0.5372549 0.5764706 0.6 0.6392157 0.6313726 0.6509804 0.6784314 0.6666667 0.6117647 0.4862745 0.44705883 0.5647059 0.57254905 0.6039216 0.6 0.6 0.627451 0.6392157 0.627451 0.60784316 0.58431375 0.6 0.58431375 0.5686275 0.6039216 0.6509804 0.5176471
0.5411765 0.40784314 0.4392157 0.44705883 0.46666667 0.47843137 0.47843137 0.47843137 0.4862745 0.4745098 0.4745098 0.4862745 0.49019608 0.49411765 0.42745098 0.32156864 0.35686275 0.3764706 0.3647059 0.34509805 0.38039216 0.47058824 0.49411765 0.49019608 0.48235294 0.45882353 0.48235294 0.48235294 0.4627451 0.45490196 0.47843137 0.3764706
0.6039216 0.34509805 0.30588236 0.3137255 0.31764707 0.30980393 0.30980393 0.3137255 0.30980393 0.3019608 0.30980393 0.3137255 0.30588236 0.30980393 0.3019608 0.27450982 0.27450982 0.28235295 0.27058825 0.2627451 0.27058825 0.29803923 0.3137255 0.31764707 0.30980393 0.3019608 0.30980393 0.3137255 0.2901961 0.29803923 0.30588236 0.30588236
0.7647059 0.67058825 0.6862745 0.6901961 0.6901961 0.7019608 0.69803923 0.69803923 0.69411767 0.7137255 0.7058824 0.7019608 0.70980394 0.69411767 0.7019608 0.70980394 0.7137255 0.70980394 0.70980394 0.70980394 0.69411767 0.6901961 0.70980394 0.6901961 0.67058825 0.69411767 0.7019608 0.7058824 0.6745098 0.6666667 0.69411767 0.6745098
0.5882353 0.34117648 0.37254903 0.3647059 0.36862746 0.4 0.39607844 0.38431373 0.38039216 0.39215687 0.39607844 0.3882353 0.3882353 0.37254903 0.36862746 0.36862746 0.36862746 0.38431373 0.4 0.4 0.39607844 0.38431373 0.37254903 0.32941177 0.3372549 0.38039216 0.3882353 0.38431373 0.38039216 0.3764706 0.39607844 0.3882353
0.49411765 0.22745098 0.3019608 0.3137255 0.3137255 0.34117648 0.34117648 0.34509805 0.3529412 0.36078432 0.35686275 0.32941177 0.3254902 0.29803923 0.28235295 0.29411766 0.3019608 0.32156864 0.33333334 0.3254902 0.31764707 0.30588236 0.2784314 0.21960784 0.23529412 0.2901961 0.30980393 0.30980393 0.3137255 0.3019608 0.36862746 0.34509805
0.5176471 0.28627452 0.38039216 0.40784314 0.37254903 0.3764706 0.3882353 0.39215687 0.4117647 0.41960785 0.40784314 0.38039216 0.3764706 0.34117648 0.3372549 0.36078432 0.3764706 0.3882353 0.39607844 0.38039216 0.32941177 0.28235295 0.32156864 0.33333334 0.27058825 0.28627452 0.3647059 0.36862746 0.37254903 0.34901962 0.42352942 0.37254903
0.5568628 0.30980393 0.37254903 0.39607844 0.36078432 0.3647059 0.3882353 0.37254903 0.39215687 0.42352942 0.4 0.3882353 0.3764706 0.36078432 0.38431373 0.3764706 0.38039216 0.39607844 0.4 0.37254903 0.30980393 0.2784314 0.3254902 0.33333334 0.30588236 0.34117648 0.36862746 0.34117648 0.37254903 0.3529412 0.41960785 0.38039216
0.53333336 0.2901961 0.3019608 0.34509805 0.37254903 0.39215687 0.3882353 0.36862746 0.3647059 0.40392157 0.39607844 0.38039216 0.3647059 0.3647059 0.39607844 0.3647059 0.37254903 0.39215687 0.3764706 0.34117648 0.30980393 0.33333334 0.3254902 0.27058825 0.30588236 0.38039216 0.3764706 0.3372549 0.35686275 0.34901962 0.41960785 0.38039216
0.5254902 0.29411766 0.3372549 0.38431373 0.4117647 0.41568628 0.4 0.38039216 0.38039216 0.36862746 0.36078432 0.35686275 0.3529412 0.3647059 0.37254903 0.35686275 0.3647059 0.38039216 0.3647059 0.31764707 0.3372549 0.36078432 0.34117648 0.28627452 0.3137255 0.36862746 0.3764706 0.37254903 0.36078432 0.36078432 0.42745098 0.38039216
0.54509807 0.30980393 0.39607844 0.41960785 0.42745098 0.42352942 0.39215687 0.37254903 0.37254903 0.35686275 0.34901962 0.3254902 0.33333334 0.3647059 0.3529412 0.34509805 0.3529412 0.38039216 0.35686275 0.34901962 0.38431373 0.37254903 0.36862746 0.34117648 0.32156864 0.36078432 0.34901962 0.34901962 0.3529412 0.34901962 0.38431373 0.36078432
0.54901963 0.3137255 0.41568628 0.4392157 0.42352942 0.40392157 0.38431373 0.37254903 0.38039216 0.36862746 0.36078432 0.33333334 0.34509805 0.36862746 0.34901962 0.34509805 0.3529412 0.3764706 0.36078432 0.34117648 0.38039216 0.3137255 0.34117648 0.38431373 0.34901962 0.34901962 0.3372549 0.33333334 0.32941177 0.32156864 0.37254903 0.36078432
0.54509807 0.32156864 0.4117647 0.44705883 0.43137255 0.39215687 0.3882353 0.3764706 0.3764706 0.35686275 0.34509805 0.34509805 0.3529412 0.3647059 0.3882353 0.4 0.4117647 0.41568628 0.39607844 0.3529412 0.36078432 0.3137255 0.34509805 0.39607844 0.35686275 0.31764707 0.34901962 0.3254902 0.29411766 0.3019608 0.39607844 0.37254903
0.5372549 0.30980393 0.4117647 0.44705883 0.4392157 0.42745098 0.41960785 0.38431373 0.4 0.3137255 0.3019608 0.37254903 0.35686275 0.3764706 0.40392157 0.4117647 0.40784314 0.4 0.38431373 0.3372549 0.37254903 0.40392157 0.42352942 0.43137255 0.40784314 0.33333334 0.31764707 0.32156864 0.34901962 0.3529412 0.37254903 0.35686275
0.5372549 0.31764707 0.43137255 0.45490196 0.45882353 0.45882353 0.44313726 0.40392157 0.44705883 0.2901961 0.20784314 0.31764707 0.3647059 0.38039216 0.37254903 0.3882353 0.37254903 0.3647059 0.32156864 0.34901962 0.38431373 0.39215687 0.40784314 0.3764706 0.3764706 0.38431373 0.3372549 0.30980393 0.3529412 0.3137255 0.3019608 0.33333334
0.5372549 0.32941177 0.42352942 0.4392157 0.47058824 0.45882353 0.44313726 0.3882353 0.36862746 0.30588236 0.20784314 0.31764707 0.36078432 0.33333334 0.2901961 0.3372549 0.32941177 0.3254902 0.34117648 0.3764706 0.37254903 0.39215687 0.39215687 0.36862746 0.3647059 0.36078432 0.34117648 0.33333334 0.29411766 0.29803923 0.3372549 0.3372549
0.56078434 0.34509805 0.42352942 0.41960785 0.45490196 0.3647059 0.2509804 0.21568628 0.22745098 0.36862746 0.3529412 0.3647059 0.3764706 0.31764707 0.31764707 0.31764707 0.3019608 0.30588236 0.3137255 0.32941177 0.3529412 0.3882353 0.39607844 0.3764706 0.34901962 0.3019608 0.3254902 0.3647059 0.36078432 0.29803923 0.37254903 0.3764706
0.56078434 0.34509805 0.4117647 0.40784314 0.4627451 0.34509805 0.19215687 0.1882353 0.08235294 0.1254902 0.2 0.3882353 0.41568628 0.4 0.42745098 0.3764706 0.37254903 0.40784314 0.34509805 0.36078432 0.31764707 0.32156864 0.43137255 0.40392157 0.40392157 0.3764706 0.36862746 0.34509805 0.41568628 0.38039216 0.3137255 0.3254902
0.54509807 0.2901961 0.40392157 0.40784314 0.4509804 0.3882353 0.30980393 0.3137255 0.08235294 0.07450981 0.23529412 0.4 0.38039216 0.36862746 0.41568628 0.39215687 0.44313726 0.47843137 0.41960785 0.44313726 0.3254902 0.28627452 0.3764706 0.35686275 0.3764706 0.37254903 0.41960785 0.38431373 0.35686275 0.3764706 0.36078432 0.28627452
0.5411765 0.29411766 0.39607844 0.40784314 0.45490196 0.41568628 0.34117648 0.21176471 0.17254902 0.25882354 0.24705882 0.25490198 0.34117648 0.40392157 0.41568628 0.43137255 0.4509804 0.3882353 0.38431373 0.3882353 0.25882354 0.2509804 0.28235295 0.28235295 0.21960784 0.30588236 0.41960785 0.39607844 0.37254903 0.39215687 0.42352942 0.34509805
0.54901963 0.34509805 0.42352942 0.44313726 0.47058824 0.44313726 0.3764706 0.16862746 0.18431373 0.27450982 0.23529412 0.28235295 0.33333334 0.38431373 0.30980393 0.35686275 0.38431373 0.3372549 0.34117648 0.28235295 0.23529412 0.20392157 0.24313726 0.23529412 0.18039216 0.29803923 0.42745098 0.41568628 0.3882353 0.39215687 0.46666667 0.41568628
0.5647059 0.3647059 0.47058824 0.47843137 0.4745098 0.4509804 0.31764707 0.12941177 0.078431375 0.0627451 0.12941177 0.16862746 0.14117648 0.15686275 0.13725491 0.24705882 0.26666668 0.29803923 0.27450982 0.23921569 0.30588236 0.34901962 0.28235295 0.31764707 0.3372549 0.28235295 0.3764706 0.42745098 0.42745098 0.34901962 0.43137255 0.39215687
0.5647059 0.25490198 0.42352942 0.47843137 0.42352942 0.36078432 0.22352941 0.07450981 0.078431375 0.019607844 0.019607844 0.05882353 0.14509805 0.22745098 0.13333334 0.25882354 0.30980393 0.35686275 0.27058825 0.21176471 0.38039216 0.4862745 0.28235295 0.3372549 0.29803923 0.21568628 0.28627452 0.39215687 0.41568628 0.3764706 0.4 0.37254903
0.56078434 0.23921569 0.41960785 0.49019608 0.42352942 0.3019608 0.14901961 0.043137256 0.03137255 0.039215688 0.039215688 0.101960786 0.34117648 0.5529412 0.21960784 0.1764706 0.22352941 0.23137255 0.2627451 0.23137255 0.22352941 0.4627451 0.36862746 0.30588236 0.2 0.12156863 0.2 0.36862746 0.42352942 0.36078432 0.38039216 0.37254903
0.5921569 0.39607844 0.47058824 0.49803922 0.47058824 0.3882353 0.27058825 0.08627451 0.003921569 0.023529412 0.02745098 0.09411765 0.32156864 0.5647059 0.30588236 0.0627451 0.11764706 0.16470589 0.17254902 0.17254902 0.16078432 0.24313726 0.23921569 0.14901961 0.11372549 0.11372549 0.23529412 0.3882353 0.3882353 0.38039216 0.43137255 0.4
0.5921569 0.40392157 0.4627451 0.49803922 0.5019608 0.4509804 0.4117647 0.28235295 0.07058824 0.078431375 0.24313726 0.2901961 0.45490196 0.4509804 0.2627451 0.043137256 0.047058824 0.101960786 0.1764706 0.2627451 0.25882354 0.11764706 0.09411765 0.07450981 0.12941177 0.14509805 0.2 0.33333334 0.40392157 0.40392157 0.43137255 0.4
0.5882353 0.3882353 0.46666667 0.49019608 0.5137255 0.49411765 0.42745098 0.39607844 0.27450982 0.2509804 0.4 0.41568628 0.3529412 0.21176471 0.1882353 0.22745098 0.1764706 0.23137255 0.2784314 0.21176471 0.26666668 0.21568628 0.09803922 0.09411765 0.12156863 0.06666667 0.13725491 0.3019608 0.42745098 0.38039216 0.41568628 0.39607844
0.5921569 0.39607844 0.46666667 0.48235294 0.5176471 0.5176471 0.42745098 0.30588236 0.27450982 0.28235295 0.20784314 0.20392157 0.09803922 0.07058824 0.18039216 0.38431373 0.42352942 0.3647059 0.21176471 0.11372549 0.18431373 0.12941177 0.09803922 0.10980392 0.15294118 0.21568628 0.26666668 0.3882353 0.45490196 0.4117647 0.44705883 0.4117647
0.5803922 0.40784314 0.47058824 0.49803922 0.50980395 0.5137255 0.5058824 0.48235294 0.3372549 0.25490198 0.27058825 0.27058825 0.28235295 0.30588236 0.32941177 0.3882353 0.45490196 0.3647059 0.33333334 0.36078432 0.32941177 0.3529412 0.40392157 0.40784314 0.40392157 0.41960785 0.40784314 0.4509804 0.48235294 0.41960785 0.41960785 0.4117647
0.5882353 0.39215687 0.45490196 0.5019608 0.47843137 0.46666667 0.5176471 0.50980395 0.4 0.3529412 0.34901962 0.32156864 0.40784314 0.43529412 0.38431373 0.38431373 0.4509804 0.45882353 0.4862745 0.50980395 0.49019608 0.5058824 0.4862745 0.48235294 0.43529412 0.41960785 0.44313726 0.4392157 0.45490196 0.42352942 0.43529412 0.40784314
0.6156863 0.39215687 0.46666667 0.4862745 0.47058824 0.46666667 0.5058824 0.36078432 0.1882353 0.23921569 0.36078432 0.3647059 0.3254902 0.32941177 0.32941177 0.38039216 0.48235294 0.47843137 0.48235294 0.49803922 0.49803922 0.49019608 0.45490196 0.44705883 0.44313726 0.43137255 0.4509804 0.42745098 0.4117647 0.39215687 0.46666667 0.42352942
0.58431375 0.37254903 0.46666667 0.42745098 0.36862746 0.3764706 0.40392157 0.32156864 0.28235295 0.34509805 0.45490196 0.49019608 0.4 0.30588236 0.3254902 0.33333334 0.4509804 0.45882353 0.47058824 0.44705883 0.42352942 0.4509804 0.4627451 0.4392157 0.43137255 0.4 0.38039216 0.36862746 0.34509805 0.38039216 0.4627451 0.41568628
0.56078434 0.3882353 0.46666667 0.4117647 0.38039216 0.4 0.43529412 0.45882353 0.49803922 0.49019608 0.5019608 0.5294118 0.5254902 0.4745098 0.35686275 0.31764707 0.43137255 0.4392157 0.47058824 0.46666667 0.46666667 0.49019608 0.5019608 0.49019608 0.47058824 0.44705883 0.46666667 0.4509804 0.42352942 0.4509804 0.52156866 0.42352942
0.53333336 0.34117648 0.3882353 0.39215687 0.39215687 0.40784314 0.4117647 0.4117647 0.41568628 0.40392157 0.40784314 0.41960785 0.42352942 0.42745098 0.35686275 0.25490198 0.2901961 0.30980393 0.29803923 0.2784314 0.3137255 0.40392157 0.42352942 0.41960785 0.41568628 0.39215687 0.41960785 0.41960785 0.39215687 0.38039216 0.41960785 0.33333334
0.6431373 0.34901962 0.3372549 0.34117648 0.31764707 0.32156864 0.3254902 0.3254902 0.32156864 0.3137255 0.32941177 0.3372549 0.32156864 0.32156864 0.30980393 0.2784314 0.28235295 0.28627452 0.2784314 0.27058825 0.2784314 0.30588236 0.32156864 0.3254902 0.32156864 0.30980393 0.32156864 0.3254902 0.30588236 0.30980393 0.31764707 0.32156864
24 2 0
31 4 2
19 10 0
3 11 2
30 24 0
16 0 2
12 15 2
0 11 0
3 12 1
10 30 2
13 12 2
6 28 1
5 2 2
7 28 1
7 16 0
27 27 0
2 17 2
9 1 0
23 10 0
24 28 1
29 22 1
17 10 1
0 25 2
6 28 0
7 6 0
12 24 0
8 20 2
19 20 2
21 11 0
28 1 1
