32, 32, 3, 30
0.6 0.5921569 0.6313726 0.6862745 0.654902 0.6431373 0.6509804 0.65882355 0.6431373 0.64705884 0.6627451 0.6627451 0.627451 0.6156863 0.6627451 0.69411767 0.6901961 0.7058824 0.72156864 0.7372549 0.7294118 0.7294118 0.74509805 0.7490196 0.7254902 0.6901961 0.7058824 0.75686276 0.7490196 0.7529412 0.75686276 0.77254903
0.60784316 0.58431375 0.6313726 0.7019608 0.6666667 0.654902 0.6745098 0.6862745 0.6431373 0.6039216 0.6627451 0.7019608 0.68235296 0.68235296 0.69803923 0.7176471 0.7019608 0.73333335 0.7529412 0.72156864 0.7176471 0.7372549 0.74509805 0.75686276 0.7411765 0.70980394 0.70980394 0.75686276 0.7529412 0.74509805 0.78431374 0.7764706
0.6392157 0.6431373 0.63529414 0.6509804 0.654902 0.6627451 0.6666667 0.6784314 0.57254905 0.47058824 0.5411765 0.6117647 0.6156863 0.63529414 0.63529414 0.69411767 0.72156864 0.7529412 0.7607843 0.72156864 0.7058824 0.7176471 0.7294118 0.74509805 0.7529412 0.7254902 0.7019608 0.7254902 0.7607843 0.74509805 0.7647059 0.7607843
0.65882355 0.6666667 0.654902 0.6509804 0.63529414 0.6509804 0.6313726 0.6039216 0.5176471 0.5058824 0.42352942 0.33333334 0.41568628 0.46666667 0.44313726 0.5372549 0.7137255 0.78431374 0.79607844 0.78039217 0.7294118 0.7058824 0.7294118 0.76862746 0.7882353 0.7529412 0.73333335 0.7254902 0.7607843 0.74509805 0.7529412 0.7921569
0.64705884 0.63529414 0.62352943 0.64705884 0.62352943 0.62352943 0.6313726 0.5764706 0.52156866 0.5568628 0.45882353 0.2627451 0.2509804 0.44705883 0.4392157 0.3372549 0.47843137 0.654902 0.6901961 0.7529412 0.75686276 0.7490196 0.7372549 0.76862746 0.79607844 0.78431374 0.74509805 0.72156864 0.69411767 0.7372549 0.79607844 0.7882353
0.5803922 0.64705884 0.5921569 0.59607846 0.6039216 0.6039216 0.60784316 0.5019608 0.4862745 0.5372549 0.45490196 0.34117648 0.28627452 0.4392157 0.5254902 0.36078432 0.2784314 0.3764706 0.46666667 0.627451 0.5921569 0.68235296 0.7529412 0.7882353 0.7882353 0.78039217 0.78039217 0.73333335 0.67058825 0.7411765 0.78039217 0.7647059
0.58431375 0.6 0.50980395 0.53333336 0.56078434 0.5568628 0.49803922 0.42352942 0.46666667 0.48235294 0.3764706 0.39607844 0.4 0.44705883 0.47843137 0.40392157 0.29411766 0.27450982 0.41960785 0.5686275 0.43137255 0.4745098 0.6156863 0.7764706 0.78039217 0.76862746 0.79607844 0.7882353 0.7764706 0.78431374 0.77254903 0.7764706
0.6039216 0.5803922 0.47843137 0.5019608 0.50980395 0.44313726 0.33333334 0.38431373 0.45490196 0.43529412 0.34509805 0.39215687 0.40784314 0.44313726 0.4745098 0.5058824 0.4117647 0.43529412 0.49803922 0.47843137 0.4 0.29803923 0.35686275 0.6862745 0.7647059 0.7411765 0.7921569 0.8 0.7921569 0.80784315 0.79607844 0.79607844
0.64705884 0.62352943 0.5176471 0.48235294 0.44313726 0.3882353 0.28235295 0.36078432 0.42352942 0.45490196 0.3764706 0.36862746 0.36078432 0.4117647 0.44705883 0.5019608 0.47843137 0.47843137 0.5176471 0.4745098 0.42352942 0.35686275 0.30588236 0.49019608 0.7058824 0.74509805 0.77254903 0.7882353 0.78431374 0.8039216 0.81960785 0.83137256
0.5882353 0.5686275 0.5176471 0.45490196 0.38039216 0.39607844 0.33333334 0.33333334 0.46666667 0.6117647 0.49019608 0.38431373 0.3529412 0.5647059 0.6666667 0.43529412 0.34117648 0.37254903 0.42745098 0.44313726 0.42352942 0.42352942 0.36078432 0.29803923 0.44313726 0.63529414 0.7490196 0.76862746 0.7882353 0.78431374 0.7607843 0.8
0.5568628 0.5058824 0.47058824 0.4 0.36078432 0.40392157 0.43137255 0.32941177 0.31764707 0.5764706 0.58431375 0.49803922 0.48235294 0.5764706 0.6862745 0.5254902 0.32941177 0.3254902 0.46666667 0.48235294 0.3764706 0.3647059 0.35686275 0.30980393 0.28235295 0.39215687 0.67058825 0.75686276 0.78431374 0.7294118 0.7058824 0.74509805
0.60784316 0.52156866 0.43529412 0.36078432 0.3647059 0.4117647 0.49019608 0.41960785 0.2 0.2901961 0.5294118 0.5529412 0.63529414 0.65882355 0.5764706 0.627451 0.5686275 0.48235294 0.627451 0.6156863 0.41960785 0.43137255 0.29803923 0.32156864 0.37254903 0.3529412 0.4509804 0.60784316 0.74509805 0.76862746 0.7254902 0.7254902
0.6431373 0.5411765 0.40784314 0.36078432 0.39215687 0.44313726 0.49803922 0.54509807 0.50980395 0.4509804 0.41960785 0.45882353 0.56078434 0.7411765 0.64705884 0.6509804 0.64705884 0.4392157 0.5803922 0.63529414 0.5254902 0.5882353 0.29803923 0.29411766 0.34509805 0.3882353 0.40784314 0.53333336 0.6117647 0.78039217 0.8 0.7490196
0.63529414 0.5764706 0.4392157 0.41960785 0.45882353 0.4627451 0.47843137 0.50980395 0.6509804 0.7529412 0.44705883 0.36078432 0.3882353 0.6784314 0.78039217 0.7176471 0.6666667 0.4627451 0.42745098 0.62352943 0.5686275 0.52156866 0.38431373 0.42745098 0.4745098 0.4745098 0.41960785 0.6039216 0.5686275 0.6666667 0.78431374 0.7764706
0.5921569 0.63529414 0.5764706 0.4862745 0.45882353 0.42745098 0.45882353 0.41568628 0.43137255 0.63529414 0.5803922 0.43529412 0.38039216 0.62352943 0.7294118 0.70980394 0.654902 0.627451 0.49411765 0.5529412 0.5764706 0.42352942 0.33333334 0.42745098 0.50980395 0.43137255 0.33333334 0.5294118 0.5568628 0.6117647 0.74509805 0.78431374
0.59607846 0.64705884 0.6784314 0.5921569 0.4745098 0.41960785 0.41568628 0.39607844 0.36078432 0.32941177 0.50980395 0.6392157 0.654902 0.6745098 0.5647059 0.6117647 0.627451 0.627451 0.60784316 0.5294118 0.49803922 0.4509804 0.34901962 0.40392157 0.4117647 0.3372549 0.36862746 0.4392157 0.53333336 0.6784314 0.7921569 0.80784315
0.61960787 0.6431373 0.6784314 0.6627451 0.5764706 0.48235294 0.39215687 0.41568628 0.40784314 0.3254902 0.30588236 0.34117648 0.5254902 0.7058824 0.7019608 0.6627451 0.56078434 0.59607846 0.6392157 0.61960787 0.48235294 0.4745098 0.42745098 0.43137255 0.4392157 0.4117647 0.3764706 0.43529412 0.5803922 0.73333335 0.8509804 0.827451
0.6431373 0.6392157 0.6627451 0.6784314 0.67058825 0.57254905 0.47843137 0.4509804 0.40784314 0.41568628 0.3647059 0.25882354 0.27450982 0.56078434 0.78431374 0.83137256 0.69803923 0.5882353 0.5921569 0.62352943 0.5686275 0.5254902 0.50980395 0.5137255 0.47058824 0.40784314 0.33333334 0.4862745 0.61960787 0.78039217 0.84313726 0.83137256
0.6431373 0.6313726 0.6431373 0.6666667 0.6745098 0.6627451 0.5686275 0.53333336 0.5254902 0.5411765 0.5137255 0.41568628 0.37254903 0.36862746 0.5882353 0.7176471 0.7529412 0.6431373 0.5529412 0.5764706 0.6117647 0.5921569 0.627451 0.5529412 0.48235294 0.40392157 0.40392157 0.5411765 0.6392157 0.8039216 0.83137256 0.8392157
0.63529414 0.627451 0.63529414 0.627451 0.6431373 0.69411767 0.654902 0.60784316 0.61960787 0.6431373 0.6 0.5058824 0.49019608 0.4392157 0.4392157 0.5568628 0.7254902 0.61960787 0.53333336 0.5529412 0.5686275 0.6862745 0.6117647 0.47843137 0.44705883 0.43137255 0.42745098 0.5137255 0.54901963 0.7137255 0.8117647 0.8039216
0.68235296 0.63529414 0.6627451 0.6627451 0.6901961 0.7490196 0.75686276 0.6862745 0.6784314 0.6745098 0.65882355 0.62352943 0.5803922 0.5568628 0.47058824 0.49411765 0.6666667 0.627451 0.3372549 0.46666667 0.58431375 0.7254902 0.54901963 0.4117647 0.4509804 0.49803922 0.41568628 0.42745098 0.46666667 0.6627451 0.7764706 0.7647059
0.7529412 0.7176471 0.73333335 0.7411765 0.75686276 0.80784315 0.8039216 0.7529412 0.7176471 0.6862745 0.7019608 0.7058824 0.68235296 0.62352943 0.54509807 0.5294118 0.5921569 0.6745098 0.39215687 0.24705882 0.5686275 0.7137255 0.49019608 0.41568628 0.49803922 0.46666667 0.41568628 0.38431373 0.47058824 0.72156864 0.76862746 0.7529412
0.7921569 0.80784315 0.79607844 0.7764706 0.7372549 0.78431374 0.7882353 0.74509805 0.70980394 0.7019608 0.7294118 0.7529412 0.7490196 0.72156864 0.64705884 0.5568628 0.6313726 0.6313726 0.60784316 0.37254903 0.6156863 0.6 0.47058824 0.4745098 0.43529412 0.42745098 0.49019608 0.4509804 0.58431375 0.76862746 0.7764706 0.79607844
0.7647059 0.78039217 0.7921569 0.78039217 0.7294118 0.7490196 0.7882353 0.74509805 0.6862745 0.73333335 0.7921569 0.78431374 0.77254903 0.76862746 0.69411767 0.5686275 0.5882353 0.5411765 0.54509807 0.38431373 0.62352943 0.5411765 0.4862745 0.44313726 0.37254903 0.44705883 0.45490196 0.52156866 0.7058824 0.76862746 0.76862746 0.7882353
0.7294118 0.72156864 0.7411765 0.7411765 0.7411765 0.7764706 0.8156863 0.7882353 0.7490196 0.7921569 0.8 0.7882353 0.78431374 0.8039216 0.77254903 0.67058825 0.54901963 0.47058824 0.49019608 0.3529412 0.5921569 0.5176471 0.43529412 0.39607844 0.43529412 0.5176471 0.41568628 0.61960787 0.77254903 0.78039217 0.78039217 0.78039217
0.7490196 0.7137255 0.70980394 0.74509805 0.76862746 0.8 0.8039216 0.78039217 0.77254903 0.79607844 0.7882353 0.77254903 0.78431374 0.8117647 0.83137256 0.78039217 0.54509807 0.44705883 0.49411765 0.32156864 0.5411765 0.5294118 0.39215687 0.41960785 0.5529412 0.5411765 0.5764706 0.70980394 0.7490196 0.7647059 0.8 0.7882353
0.74509805 0.7176471 0.72156864 0.7411765 0.76862746 0.7882353 0.7607843 0.7647059 0.76862746 0.76862746 0.78431374 0.75686276 0.7921569 0.8235294 0.8392157 0.7647059 0.52156866 0.44313726 0.48235294 0.40784314 0.5686275 0.5137255 0.4 0.49411765 0.5372549 0.627451 0.7647059 0.7490196 0.7372549 0.75686276 0.7921569 0.8039216
0.7176471 0.6392157 0.69803923 0.70980394 0.75686276 0.77254903 0.7647059 0.7882353 0.8 0.77254903 0.79607844 0.78039217 0.8 0.8 0.7764706 0.77254903 0.6313726 0.5294118 0.6156863 0.70980394 0.6745098 0.5568628 0.56078434 0.54509807 0.67058825 0.8 0.77254903 0.7176471 0.7529412 0.7764706 0.77254903 0.7764706
0.72156864 0.61960787 0.7058824 0.7411765 0.77254903 0.79607844 0.7882353 0.7882353 0.80784315 0.78431374 0.79607844 0.8039216 0.8039216 0.80784315 0.84705883 0.85490197 0.83137256 0.8 0.8156863 0.7882353 0.6862745 0.654902 0.6745098 0.6745098 0.8156863 0.8039216 0.75686276 0.72156864 0.7294118 0.78431374 0.77254903 0.74509805
0.7529412 0.72156864 0.77254903 0.78431374 0.8039216 0.8156863 0.81960785 0.8156863 0.80784315 0.8 0.827451 0.827451 0.8039216 0.8117647 0.8156863 0.78431374 0.8117647 0.8392157 0.7882353 0.7058824 0.68235296 0.7137255 0.7372549 0.73333335 0.74509805 0.7372549 0.77254903 0.7882353 0.72156864 0.75686276 0.76862746 0.7490196
0.8117647 0.79607844 0.78431374 0.80784315 0.8 0.80784315 0.83137256 0.8117647 0.8156863 0.83137256 0.8509804 0.84313726 0.827451 0.80784315 0.78039217 0.75686276 0.6862745 0.5921569 0.7490196 0.69411767 0.6784314 0.7607843 0.7647059 0.7294118 0.7254902 0.7490196 0.8 0.79607844 0.7411765 0.74509805 0.7607843 0.7764706
0.827451 0.8235294 0.78431374 0.78039217 0.7921569 0.7921569 0.77254903 0.75686276 0.8039216 0.8235294 0.84313726 0.84313726 0.83137256 0.827451 0.8117647 0.7882353 0.6666667 0.5647059 0.7372549 0.6666667 0.69803923 0.7607843 0.75686276 0.7176471 0.7176471 0.7254902 0.75686276 0.75686276 0.73333335 0.7411765 0.7372549 0.7529412
0.5647059 0.56078434 0.59607846 0.6745098 0.65882355 0.6117647 0.61960787 0.6627451 0.63529414 0.627451 0.6627451 0.67058825 0.6392157 0.627451 0.67058825 0.69803923 0.69411767 0.70980394 0.7254902 0.7411765 0.72156864 0.7254902 0.75686276 0.7647059 0.7411765 0.7019608 0.7137255 0.7607843 0.7529412 0.75686276 0.75686276 0.7607843
0.57254905 0.5529412 0.59607846 0.6862745 0.65882355 0.627451 0.6509804 0.68235296 0.6156863 0.5686275 0.64705884 0.69411767 0.67058825 0.6627451 0.68235296 0.7058824 0.69411767 0.7294118 0.7529412 0.7294118 0.72156864 0.7411765 0.7529412 0.7607843 0.74509805 0.7176471 0.7137255 0.7607843 0.75686276 0.7529412 0.78431374 0.7647059
0.6117647 0.6117647 0.6039216 0.627451 0.6313726 0.6431373 0.64705884 0.654902 0.5254902 0.41568628 0.49803922 0.5803922 0.5764706 0.5803922 0.58431375 0.654902 0.69411767 0.73333335 0.7490196 0.72156864 0.7137255 0.7254902 0.73333335 0.7490196 0.75686276 0.7254902 0.7058824 0.7294118 0.7647059 0.7490196 0.7647059 0.7529412
0.6313726 0.63529414 0.627451 0.6156863 0.6 0.6313726 0.6117647 0.56078434 0.44313726 0.42745098 0.3529412 0.27450982 0.34509805 0.36862746 0.35686275 0.47058824 0.65882355 0.7372549 0.7529412 0.75686276 0.7254902 0.70980394 0.7294118 0.76862746 0.78431374 0.7529412 0.7372549 0.7294118 0.7647059 0.7490196 0.7529412 0.78039217
0.61960787 0.60784316 0.59607846 0.6039216 0.5764706 0.6117647 0.6156863 0.5254902 0.43529412 0.4627451 0.37254903 0.1882353 0.15686275 0.3137255 0.32156864 0.24705882 0.40784314 0.57254905 0.6117647 0.7019608 0.7294118 0.7411765 0.7254902 0.7607843 0.78431374 0.77254903 0.74509805 0.7254902 0.69803923 0.7411765 0.8 0.78039217
0.54901963 0.61960787 0.5647059 0.54901963 0.54901963 0.5882353 0.58431375 0.44313726 0.38431373 0.43137255 0.3529412 0.2509804 0.1764706 0.29411766 0.39607844 0.25490198 0.1882353 0.26666668 0.35686275 0.5411765 0.53333336 0.64705884 0.7372549 0.7764706 0.78039217 0.77254903 0.7764706 0.73333335 0.6666667 0.7411765 0.78039217 0.75686276
0.54901963 0.5647059 0.47843137 0.49019608 0.5058824 0.50980395 0.44705883 0.3529412 0.36078432 0.3647059 0.26666668 0.29411766 0.2901961 0.3137255 0.34901962 0.2784314 0.16862746 0.15294118 0.2901961 0.43137255 0.30980393 0.39215687 0.5882353 0.7607843 0.7764706 0.77254903 0.7882353 0.77254903 0.75686276 0.7647059 0.75686276 0.7647059
0.5686275 0.54509807 0.44313726 0.4627451 0.45882353 0.3882353 0.26666668 0.30980393 0.3529412 0.32156864 0.23921569 0.28627452 0.29803923 0.30980393 0.34509805 0.37254903 0.27058825 0.3137255 0.36078432 0.3254902 0.25882354 0.19607843 0.30588236 0.654902 0.7607843 0.7529412 0.7882353 0.78431374 0.7764706 0.79607844 0.78039217 0.78431374
0.6117647 0.5882353 0.48235294 0.44313726 0.4 0.33333334 0.21176471 0.28235295 0.33333334 0.35686275 0.27450982 0.2627451 0.23921569 0.26666668 0.30980393 0.36862746 0.34901962 0.35686275 0.38039216 0.32156864 0.28627452 0.24705882 0.22745098 0.43529412 0.68235296 0.74509805 0.7764706 0.7882353 0.78431374 0.8039216 0.8156863 0.81960785
0.5529412 0.53333336 0.48235294 0.42352942 0.34901962 0.34509805 0.25882354 0.24313726 0.3882353 0.5294118 0.39215687 0.27450982 0.21960784 0.40784314 0.5254902 0.30588236 0.21960784 0.25490198 0.2901961 0.2901961 0.28235295 0.30980393 0.2627451 0.21960784 0.39607844 0.6117647 0.7411765 0.7647059 0.78431374 0.78039217 0.7529412 0.7882353
0.52156866 0.47058824 0.43529412 0.37254903 0.3372549 0.35686275 0.3529412 0.23137255 0.24705882 0.5058824 0.49019608 0.3882353 0.34509805 0.41568628 0.54509807 0.40392157 0.21960784 0.21176471 0.32941177 0.32941177 0.23921569 0.2509804 0.25882354 0.21960784 0.20392157 0.3254902 0.6313726 0.7372549 0.7607843 0.7058824 0.6862745 0.73333335
0.57254905 0.4862745 0.4 0.3372549 0.34901962 0.36862746 0.40784314 0.3137255 0.13333334 0.23529412 0.44313726 0.44705883 0.49803922 0.49411765 0.4392157 0.5137255 0.46666667 0.37254903 0.49019608 0.4627451 0.28235295 0.32156864 0.21176471 0.23137255 0.2627451 0.23529412 0.3764706 0.5647059 0.7019608 0.7254902 0.6901961 0.70980394
0.60784316 0.50980395 0.3764706 0.3372549 0.37254903 0.4 0.42745098 0.45490196 0.43137255 0.37254903 0.33333334 0.36078432 0.4392157 0.5882353 0.5137255 0.53333336 0.5411765 0.32941177 0.4509804 0.49019608 0.38039216 0.47058824 0.21960784 0.20392157 0.23529412 0.2627451 0.30980393 0.45882353 0.54901963 0.72156864 0.75686276 0.7294118
0.6 0.54509807 0.40784314 0.3882353 0.42352942 0.42352942 0.43529412 0.45490196 0.5647059 0.654902 0.35686275 0.2784314 0.29411766 0.54509807 0.654902 0.5921569 0.5372549 0.34117648 0.30588236 0.4862745 0.42352942 0.3882353 0.2901961 0.3372549 0.3764706 0.37254903 0.3019608 0.49411765 0.4862745 0.60784316 0.74509805 0.7490196
0.56078434 0.6039216 0.54509807 0.45490196 0.41960785 0.3882353 0.42352942 0.3764706 0.3764706 0.5686275 0.50980395 0.3647059 0.29411766 0.5019608 0.6 0.5686275 0.5019608 0.4862745 0.35686275 0.41568628 0.4392157 0.29411766 0.23137255 0.3254902 0.40784314 0.33333334 0.21176471 0.4117647 0.4745098 0.5568628 0.7058824 0.7529412
0.5647059 0.6156863 0.64705884 0.56078434 0.44705883 0.3882353 0.3882353 0.3647059 0.34509805 0.30980393 0.4745098 0.58431375 0.5764706 0.56078434 0.4392157 0.4627451 0.45490196 0.45490196 0.4509804 0.3882353 0.36862746 0.33333334 0.24313726 0.29803923 0.30588236 0.23137255 0.24705882 0.3254902 0.4509804 0.627451 0.7529412 0.7764706
0.5882353 0.6117647 0.64705884 0.63529414 0.5529412 0.4627451 0.36862746 0.39607844 0.40784314 0.3254902 0.28627452 0.3019608 0.46666667 0.6117647 0.5921569 0.52156866 0.39215687 0.41960785 0.4745098 0.47058824 0.3529412 0.36078432 0.3137255 0.31764707 0.3254902 0.29803923 0.25882354 0.32941177 0.5058824 0.6901961 0.81960785 0.79607844
0.6117647 0.60784316 0.627451 0.654902 0.654902 0.5568628 0.46666667 0.43529412 0.39607844 0.40392157 0.34509805 0.23137255 0.23921569 0.5019608 0.7019608 0.7137255 0.54901963 0.42745098 0.43529412 0.47058824 0.42352942 0.3882353 0.3882353 0.39607844 0.34901962 0.2901961 0.21568628 0.3882353 0.5529412 0.74509805 0.81960785 0.8
0.6156863 0.6039216 0.6117647 0.64705884 0.67058825 0.65882355 0.5647059 0.5254902 0.4862745 0.49803922 0.48235294 0.39607844 0.35686275 0.34117648 0.53333336 0.627451 0.627451 0.5058824 0.40784314 0.42745098 0.44705883 0.43137255 0.5019608 0.43137255 0.36078432 0.28235295 0.29411766 0.4509804 0.5803922 0.7764706 0.8156863 0.8117647
0.61960787 0.6117647 0.61960787 0.6156863 0.6313726 0.6862745 0.64705884 0.59607846 0.58431375 0.6039216 0.57254905 0.49019608 0.47058824 0.4 0.3882353 0.4745098 0.6156863 0.5019608 0.42745098 0.4392157 0.41568628 0.5176471 0.49411765 0.36078432 0.3254902 0.3137255 0.31764707 0.41960785 0.4862745 0.6784314 0.7882353 0.78039217
0.68235296 0.6392157 0.6627451 0.65882355 0.6745098 0.73333335 0.7411765 0.67058825 0.65882355 0.654902 0.6431373 0.6117647 0.54901963 0.49411765 0.41568628 0.41960785 0.5647059 0.5137255 0.25490198 0.39607844 0.45882353 0.56078434 0.43529412 0.29803923 0.3372549 0.38431373 0.3019608 0.32941177 0.39607844 0.61960787 0.7529412 0.74509805
0.7529412 0.72156864 0.7372549 0.7372549 0.7411765 0.7921569 0.7882353 0.7372549 0.7019608 0.67058825 0.6862745 0.69411767 0.65882355 0.5803922 0.5137255 0.47843137 0.5058824 0.54901963 0.29411766 0.18431373 0.4627451 0.57254905 0.38431373 0.30980393 0.3882353 0.35686275 0.29803923 0.28235295 0.40784314 0.69803923 0.7607843 0.7372549
0.79607844 0.8117647 0.8 0.77254903 0.72156864 0.76862746 0.77254903 0.7294118 0.69411767 0.6862745 0.7137255 0.7372549 0.73333335 0.70980394 0.6431373 0.5254902 0.5568628 0.49803922 0.49411765 0.30588236 0.5254902 0.47843137 0.37254903 0.3764706 0.33333334 0.3254902 0.38039216 0.35686275 0.53333336 0.7647059 0.7882353 0.78431374
0.76862746 0.78431374 0.79607844 0.78039217 0.7137255 0.73333335 0.77254903 0.7294118 0.67058825 0.7176471 0.7764706 0.76862746 0.7607843 0.7607843 0.7019608 0.54901963 0.5176471 0.40784314 0.43137255 0.32156864 0.53333336 0.42352942 0.39215687 0.34901962 0.27450982 0.34901962 0.36862746 0.45490196 0.6745098 0.77254903 0.78431374 0.7764706
0.73333335 0.7254902 0.74509805 0.7372549 0.7254902 0.7607843 0.8 0.77254903 0.73333335 0.7764706 0.78431374 0.77254903 0.76862746 0.7921569 0.77254903 0.64705884 0.47843137 0.3529412 0.39607844 0.2901961 0.4862745 0.38431373 0.34901962 0.30980393 0.34901962 0.42745098 0.3647059 0.59607846 0.75686276 0.7764706 0.78039217 0.7647059
0.7490196 0.7176471 0.7137255 0.7411765 0.7529412 0.78431374 0.7882353 0.7647059 0.75686276 0.78039217 0.77254903 0.75686276 0.7607843 0.78431374 0.8156863 0.74509805 0.4627451 0.34117648 0.41568628 0.25882354 0.41960785 0.3764706 0.30980393 0.34117648 0.47058824 0.4627451 0.5529412 0.72156864 0.74509805 0.75686276 0.78431374 0.7764706
0.7411765 0.7137255 0.7176471 0.7294118 0.75686276 0.77254903 0.7490196 0.7529412 0.75686276 0.7529412 0.77254903 0.74509805 0.7764706 0.8 0.80784315 0.7058824 0.42745098 0.34117648 0.40784314 0.34509805 0.47058824 0.3882353 0.29803923 0.40784314 0.46666667 0.57254905 0.75686276 0.7607843 0.7411765 0.7529412 0.78431374 0.8
0.7058824 0.627451 0.6862745 0.69803923 0.74509805 0.7607843 0.7529412 0.7764706 0.7921569 0.7607843 0.78431374 0.76862746 0.7921569 0.7921569 0.74509805 0.7137255 0.54509807 0.43529412 0.5411765 0.654902 0.60784316 0.46666667 0.45882353 0.46666667 0.6156863 0.76862746 0.76862746 0.72156864 0.75686276 0.78039217 0.78039217 0.78039217
0.70980394 0.60784316 0.69411767 0.7294118 0.7607843 0.78431374 0.7764706 0.7764706 0.79607844 0.77254903 0.78431374 0.7921569 0.8 0.8117647 0.8352941 0.8156863 0.7764706 0.7254902 0.7490196 0.7411765 0.627451 0.5803922 0.60784316 0.627451 0.7882353 0.79607844 0.7607843 0.7254902 0.73333335 0.7882353 0.7764706 0.7490196
0.7411765 0.70980394 0.7607843 0.77254903 0.7921569 0.8039216 0.80784315 0.8039216 0.79607844 0.7882353 0.81960785 0.8117647 0.8 0.8235294 0.8156863 0.76862746 0.78431374 0.78431374 0.7372549 0.6745098 0.63529414 0.65882355 0.7058824 0.72156864 0.7411765 0.74509805 0.78039217 0.7921569 0.7254902 0.7607843 0.77254903 0.7529412
0.8 0.78431374 0.77254903 0.79607844 0.7882353 0.79607844 0.81960785 0.8 0.8039216 0.81960785 0.8392157 0.827451 0.81960785 0.80784315 0.78039217 0.7529412 0.6745098 0.5529412 0.70980394 0.6784314 0.64705884 0.7254902 0.75686276 0.7294118 0.7294118 0.7607843 0.8039216 0.8 0.74509805 0.7490196 0.7647059 0.7764706
0.8156863 0.8117647 0.77254903 0.76862746 0.78039217 0.78039217 0.7607843 0.74509805 0.7921569 0.8117647 0.83137256 0.83137256 0.8156863 0.80784315 0.79607844 0.7764706 0.654902 0.53333336 0.7137255 0.6627451 0.6784314 0.7372549 0.75686276 0.7254902 0.72156864 0.7254902 0.75686276 0.7607843 0.7372549 0.74509805 0.7411765 0.7529412
0.5647059 0.56078434 0.6 0.6627451 0.63529414 0.6 0.60784316 0.6392157 0.61960787 0.6156863 0.6392157 0.6392157 0.6156863 0.61960787 0.6627451 0.6862745 0.6745098 0.6784314 0.69411767 0.72156864 0.7176471 0.7294118 0.7529412 0.7607843 0.7372549 0.7019608 0.7019608 0.7411765 0.73333335 0.7372549 0.7411765 0.7529412
0.5647059 0.54509807 0.5921569 0.6666667 0.6313726 0.6039216 0.62352943 0.64705884 0.58431375 0.5372549 0.60784316 0.654902 0.6392157 0.6392157 0.65882355 0.68235296 0.67058825 0.7019608 0.7294118 0.70980394 0.7176471 0.74509805 0.7490196 0.75686276 0.7411765 0.70980394 0.7019608 0.7411765 0.7372549 0.7294118 0.76862746 0.7490196
0.5921569 0.59607846 0.5882353 0.6 0.59607846 0.6039216 0.6117647 0.6156863 0.47058824 0.35686275 0.44705883 0.5372549 0.53333336 0.53333336 0.54509807 0.62352943 0.6666667 0.7058824 0.72156864 0.7019608 0.7058824 0.72156864 0.72156864 0.7372549 0.74509805 0.7137255 0.6862745 0.70980394 0.74509805 0.7294118 0.74509805 0.7294118
0.6039216 0.60784316 0.6 0.58431375 0.5647059 0.5882353 0.5686275 0.52156866 0.36862746 0.3372549 0.28627452 0.22745098 0.2901961 0.29803923 0.29803923 0.42352942 0.627451 0.69803923 0.7137255 0.72156864 0.69803923 0.6862745 0.70980394 0.7490196 0.7647059 0.73333335 0.7176471 0.70980394 0.74509805 0.7294118 0.73333335 0.7490196
0.5803922 0.5686275 0.56078434 0.5686275 0.5411765 0.5647059 0.5686275 0.48235294 0.3372549 0.34901962 0.2901961 0.12941177 0.09411765 0.22352941 0.2509804 0.19607843 0.37254903 0.5176471 0.5529412 0.64705884 0.6784314 0.69411767 0.69803923 0.7372549 0.7607843 0.7490196 0.7254902 0.7058824 0.6784314 0.72156864 0.7764706 0.7372549
0.50980395 0.5803922 0.5254902 0.5137255 0.50980395 0.53333336 0.53333336 0.39607844 0.28627452 0.31764707 0.2627451 0.18039216 0.105882354 0.19607843 0.30588236 0.18431373 0.13725491 0.2 0.27450982 0.45882353 0.45490196 0.5882353 0.70980394 0.7490196 0.7490196 0.7411765 0.7490196 0.7137255 0.64705884 0.7176471 0.7529412 0.7176471
0.52156866 0.5372549 0.44705883 0.45490196 0.4627451 0.45882353 0.39215687 0.3019608 0.28627452 0.27450982 0.18039216 0.2 0.19607843 0.22352941 0.23529412 0.16862746 0.09019608 0.078431375 0.1882353 0.31764707 0.20392157 0.32156864 0.5568628 0.7294118 0.73333335 0.72156864 0.7490196 0.7411765 0.7294118 0.7372549 0.7254902 0.7372549
0.5372549 0.5176471 0.41568628 0.43137255 0.41960785 0.34509805 0.21568628 0.2509804 0.27450982 0.23529412 0.15294118 0.19607843 0.21176471 0.23137255 0.23137255 0.25882354 0.1882353 0.23137255 0.25490198 0.20392157 0.14901961 0.11764706 0.25882354 0.60784316 0.7137255 0.7058824 0.7529412 0.75686276 0.7529412 0.76862746 0.75686276 0.7647059
0.5803922 0.56078434 0.45490196 0.41568628 0.36862746 0.29411766 0.15686275 0.21960784 0.24313726 0.2627451 0.19215687 0.19215687 0.1764706 0.19607843 0.20784314 0.27058825 0.2784314 0.2784314 0.27058825 0.20392157 0.1764706 0.15686275 0.14901961 0.37254903 0.63529414 0.7137255 0.7529412 0.76862746 0.7647059 0.78431374 0.79607844 0.8
0.5254902 0.5058824 0.45490196 0.39607844 0.32156864 0.30588236 0.2 0.16862746 0.29803923 0.4392157 0.31764707 0.21176471 0.16078432 0.3254902 0.41960785 0.21176471 0.15686275 0.18039216 0.18431373 0.16862746 0.17254902 0.21176471 0.16470589 0.14117648 0.34509805 0.5803922 0.72156864 0.74509805 0.7647059 0.7607843 0.73333335 0.76862746
0.49411765 0.44313726 0.40784314 0.3529412 0.31764707 0.31764707 0.2901961 0.15294118 0.18039216 0.4392157 0.42352942 0.31764707 0.26666668 0.30588236 0.41568628 0.2901961 0.14509805 0.13333334 0.21960784 0.20784314 0.12941177 0.15294118 0.15686275 0.13333334 0.14117648 0.2784314 0.59607846 0.7058824 0.7294118 0.6784314 0.6627451 0.7137255
0.54509807 0.45882353 0.37254903 0.31764707 0.3372549 0.3372549 0.34509805 0.23529412 0.09803922 0.20392157 0.38039216 0.3529412 0.38039216 0.3529412 0.2784314 0.37254903 0.37254903 0.28627452 0.38431373 0.34117648 0.17254902 0.22745098 0.12156863 0.14117648 0.1882353 0.16862746 0.32156864 0.5137255 0.6509804 0.6745098 0.64705884 0.6901961
0.58431375 0.4862745 0.3529412 0.31764707 0.3529412 0.3647059 0.37254903 0.3882353 0.3764706 0.3254902 0.25882354 0.27058825 0.3254902 0.4392157 0.34117648 0.37254903 0.41960785 0.23921569 0.35686275 0.38039216 0.27450982 0.3764706 0.13333334 0.11372549 0.14901961 0.18039216 0.22745098 0.3764706 0.47058824 0.654902 0.7058824 0.70980394
0.5882353 0.53333336 0.39607844 0.36862746 0.39215687 0.3882353 0.39607844 0.40784314 0.47058824 0.54509807 0.27058825 0.21176471 0.21568628 0.4117647 0.48235294 0.41568628 0.39607844 0.25490198 0.23137255 0.39607844 0.3254902 0.2901961 0.20392157 0.24705882 0.2901961 0.28627452 0.20784314 0.38431373 0.38039216 0.5372549 0.7137255 0.73333335
0.54901963 0.5921569 0.53333336 0.43529412 0.39215687 0.35686275 0.39215687 0.34117648 0.2901961 0.46666667 0.42352942 0.29803923 0.20392157 0.34509805 0.41960785 0.39607844 0.3647059 0.38431373 0.26666668 0.32156864 0.34901962 0.20784314 0.15294118 0.2509804 0.33333334 0.25882354 0.13333334 0.3137255 0.38431373 0.5058824 0.69803923 0.7411765
0.5529412 0.6039216 0.63529414 0.54509807 0.42352942 0.3647059 0.3647059 0.34117648 0.29411766 0.23921569 0.4 0.5058824 0.46666667 0.3882353 0.24705882 0.29411766 0.32941177 0.3372549 0.32941177 0.28235295 0.2784314 0.25490198 0.18039216 0.23921569 0.24313726 0.17254902 0.1882353 0.25490198 0.38431373 0.6 0.7647059 0.76862746
0.5764706 0.6 0.63529414 0.61960787 0.5372549 0.44313726 0.3529412 0.3764706 0.38039216 0.2901961 0.23137255 0.23137255 0.36078432 0.4509804 0.4117647 0.36078432 0.27058825 0.2901961 0.3372549 0.34901962 0.24705882 0.27058825 0.2509804 0.25490198 0.25882354 0.23137255 0.20392157 0.27058825 0.4509804 0.6745098 0.8392157 0.7882353
0.59607846 0.59607846 0.6156863 0.6431373 0.6431373 0.54509807 0.45490196 0.42745098 0.3882353 0.3882353 0.3137255 0.18431373 0.16862746 0.3882353 0.5529412 0.56078434 0.42352942 0.29411766 0.29411766 0.3372549 0.29411766 0.27450982 0.3019608 0.30980393 0.2627451 0.20392157 0.14901961 0.31764707 0.49019608 0.7176471 0.83137256 0.7921569
0.6 0.5921569 0.6 0.63529414 0.65882355 0.6509804 0.5529412 0.5176471 0.4862745 0.49803922 0.47058824 0.3764706 0.32941177 0.28235295 0.42352942 0.4862745 0.49019608 0.37254903 0.27450982 0.28235295 0.29411766 0.2901961 0.39215687 0.3254902 0.25490198 0.1764706 0.20392157 0.3647059 0.49803922 0.73333335 0.8117647 0.8
0.6039216 0.6 0.6039216 0.6039216 0.62352943 0.6745098 0.6392157 0.5882353 0.5803922 0.6 0.5647059 0.48235294 0.45882353 0.38431373 0.34117648 0.37254903 0.45882353 0.3647059 0.3137255 0.3137255 0.2784314 0.38431373 0.3882353 0.2627451 0.23137255 0.22352941 0.24705882 0.3529412 0.41960785 0.6313726 0.7647059 0.76862746
0.6627451 0.61960787 0.6431373 0.6431373 0.6627451 0.72156864 0.7294118 0.65882355 0.6509804 0.64705884 0.6313726 0.6 0.5372549 0.49803922 0.42352942 0.36078432 0.40392157 0.38039216 0.1764706 0.3019608 0.34901962 0.4509804 0.34509805 0.21960784 0.26666668 0.3254902 0.25490198 0.2901961 0.35686275 0.5803922 0.72156864 0.73333335
0.73333335 0.7019608 0.7176471 0.72156864 0.7294118 0.78039217 0.7764706 0.7254902 0.6901961 0.65882355 0.6745098 0.68235296 0.6431373 0.5686275 0.5176471 0.44313726 0.39215687 0.4392157 0.21960784 0.09803922 0.34901962 0.45882353 0.29411766 0.23137255 0.31764707 0.29803923 0.24705882 0.23529412 0.37254903 0.6784314 0.7529412 0.7254902
0.7764706 0.7921569 0.78039217 0.75686276 0.70980394 0.75686276 0.7607843 0.7176471 0.68235296 0.6745098 0.7019608 0.7254902 0.70980394 0.6784314 0.627451 0.5019608 0.49019608 0.4117647 0.40784314 0.21176471 0.40784314 0.36078432 0.2784314 0.29411766 0.2627451 0.2627451 0.30980393 0.29803923 0.5019608 0.7607843 0.79607844 0.7764706
0.74509805 0.7647059 0.7764706 0.7607843 0.7019608 0.72156864 0.7607843 0.7176471 0.65882355 0.7058824 0.7647059 0.75686276 0.7372549 0.7254902 0.67058825 0.50980395 0.46666667 0.32941177 0.34509805 0.23137255 0.41960785 0.3019608 0.29803923 0.2627451 0.2 0.28627452 0.29803923 0.39215687 0.6431373 0.77254903 0.8 0.76862746
0.7137255 0.7058824 0.7254902 0.72156864 0.7137255 0.7490196 0.7882353 0.7607843 0.72156864 0.7647059 0.77254903 0.7607843 0.7529412 0.75686276 0.72156864 0.58431375 0.40784314 0.26666668 0.30588236 0.20392157 0.3764706 0.27058825 0.2509804 0.22352941 0.27058825 0.3647059 0.3019608 0.5411765 0.7294118 0.77254903 0.7882353 0.75686276
0.7294118 0.69803923 0.69411767 0.7254902 0.7411765 0.77254903 0.7764706 0.7529412 0.74509805 0.76862746 0.7607843 0.74509805 0.7490196 0.75686276 0.7490196 0.6509804 0.36862746 0.24313726 0.32156864 0.1764706 0.31764707 0.26666668 0.20784314 0.2509804 0.39215687 0.39607844 0.5019608 0.68235296 0.72156864 0.7411765 0.78039217 0.7647059
0.72156864 0.69411767 0.69803923 0.7137255 0.7411765 0.75686276 0.73333335 0.73333335 0.7411765 0.7372549 0.7529412 0.7294118 0.7490196 0.74509805 0.7294118 0.6117647 0.3372549 0.25490198 0.32941177 0.27450982 0.3764706 0.2784314 0.19607843 0.31764707 0.39607844 0.5176471 0.72156864 0.7372549 0.7176471 0.73333335 0.76862746 0.78039217
0.6862745 0.60784316 0.6666667 0.6784314 0.7254902 0.7411765 0.73333335 0.75686276 0.76862746 0.7411765 0.7647059 0.7490196 0.75686276 0.7254902 0.6745098 0.6431373 0.47058824 0.36078432 0.48235294 0.5921569 0.52156866 0.36078432 0.36078432 0.3882353 0.56078434 0.7294118 0.7411765 0.7019608 0.7372549 0.7647059 0.75686276 0.7529412
0.6901961 0.5882353 0.6745098 0.70980394 0.7411765 0.7647059 0.75686276 0.75686276 0.7764706 0.7529412 0.7647059 0.77254903 0.77254903 0.77254903 0.7921569 0.76862746 0.72156864 0.6627451 0.69411767 0.6901961 0.5529412 0.49019608 0.5411765 0.5764706 0.7529412 0.77254903 0.7411765 0.7058824 0.7137255 0.76862746 0.75686276 0.7254902
0.72156864 0.6901961 0.7411765 0.7529412 0.77254903 0.78431374 0.7882353 0.78431374 0.7764706 0.76862746 0.8 0.7921569 0.78431374 0.80784315 0.79607844 0.7411765 0.7490196 0.7372549 0.69411767 0.63529414 0.5686275 0.58431375 0.67058825 0.6901961 0.72156864 0.7372549 0.7647059 0.77254903 0.7058824 0.7411765 0.7529412 0.7372549
0.78039217 0.7647059 0.7529412 0.7764706 0.76862746 0.7764706 0.8 0.78039217 0.78431374 0.8 0.81960785 0.80784315 0.80784315 0.8117647 0.77254903 0.73333335 0.64705884 0.5176471 0.68235296 0.6509804 0.59607846 0.6627451 0.7372549 0.7137255 0.7176471 0.7490196 0.7882353 0.78039217 0.7254902 0.7294118 0.7490196 0.76862746
0.79607844 0.7921569 0.7529412 0.7529412 0.7607843 0.7607843 0.7411765 0.7254902 0.77254903 0.7921569 0.8117647 0.8117647 0.80784315 0.8156863 0.7921569 0.7607843 0.627451 0.5019608 0.69411767 0.6431373 0.63529414 0.6862745 0.7411765 0.70980394 0.7058824 0.70980394 0.7372549 0.7411765 0.7176471 0.7254902 0.7254902 0.7529412
21 6 2
29 0 0
18 27 1
18 2 1
31 0 0
12 9 0
15 25 1
21 7 0
22 13 0
24 28 2
15 0 0
22 29 2
5 22 0
21 19 1
21 7 2
11 26 2
12 15 2
25 7 2
6 6 1
1 3 0
31 20 2
28 5 2
11 10 1
4 1 1
16 11 1
4 12 0
6 26 2
4 7 2
31 27 1
13 27 0
