32, 32, 3, 30
0.6784314 0.67058825 0.6745098 0.6784314 0.6862745 0.6901961 0.69411767 0.69803923 0.69803923 0.69803923 0.69803923 0.7019608 0.7019608 0.7176471 0.7372549 0.75686276 0.7372549 0.73333335 0.74509805 0.7372549 0.72156864 0.7176471 0.7176471 0.7176471 0.7176471 0.7137255 0.7137255 0.7137255 0.7137255 0.70980394 0.7058824 0.7058824
0.68235296 0.68235296 0.6862745 0.6901961 0.69411767 0.69803923 0.7019608 0.7058824 0.7019608 0.7058824 0.7058824 0.7137255 0.7254902 0.70980394 0.6862745 0.6117647 0.654902 0.72156864 0.7137255 0.7176471 0.72156864 0.72156864 0.72156864 0.72156864 0.7176471 0.70980394 0.70980394 0.7137255 0.7137255 0.7058824 0.70980394 0.7058824
0.7372549 0.7254902 0.73333335 0.74509805 0.7411765 0.7372549 0.74509805 0.7372549 0.7254902 0.7254902 0.7254902 0.7372549 0.75686276 0.7490196 0.5411765 0.2627451 0.4745098 0.7019608 0.72156864 0.72156864 0.73333335 0.7372549 0.7372549 0.7372549 0.73333335 0.7254902 0.7254902 0.7254902 0.7254902 0.72156864 0.72156864 0.7176471
0.7921569 0.79607844 0.80784315 0.8156863 0.79607844 0.7921569 0.7882353 0.76862746 0.75686276 0.75686276 0.7607843 0.7607843 0.7529412 0.79607844 0.5529412 0.32156864 0.59607846 0.7294118 0.77254903 0.7607843 0.7529412 0.7490196 0.7529412 0.7529412 0.7490196 0.74509805 0.74509805 0.7411765 0.7411765 0.7372549 0.73333335 0.7294118
0.79607844 0.8 0.80784315 0.8 0.8 0.8 0.78431374 0.79607844 0.8235294 0.8117647 0.8117647 0.7921569 0.77254903 0.78431374 0.654902 0.627451 0.72156864 0.78039217 0.77254903 0.76862746 0.75686276 0.7647059 0.7647059 0.7647059 0.76862746 0.77254903 0.77254903 0.76862746 0.76862746 0.7607843 0.7529412 0.7490196
0.8039216 0.79607844 0.79607844 0.7882353 0.78039217 0.7764706 0.77254903 0.78431374 0.7921569 0.7921569 0.7921569 0.79607844 0.8156863 0.7490196 0.5882353 0.6 0.67058825 0.7764706 0.77254903 0.78039217 0.7764706 0.78039217 0.78039217 0.78039217 0.78431374 0.7882353 0.78431374 0.78431374 0.78431374 0.78039217 0.7764706 0.76862746
0.8039216 0.79607844 0.8 0.78431374 0.77254903 0.7764706 0.7764706 0.7764706 0.78039217 0.78431374 0.7882353 0.79607844 0.83137256 0.63529414 0.40784314 0.5294118 0.6392157 0.7529412 0.7921569 0.79607844 0.80784315 0.8039216 0.8039216 0.8039216 0.80784315 0.8117647 0.8235294 0.827451 0.827451 0.8352941 0.8 0.78431374
0.8117647 0.79607844 0.8 0.8 0.79607844 0.8 0.8039216 0.8039216 0.80784315 0.8117647 0.8117647 0.80784315 0.8352941 0.53333336 0.15294118 0.32941177 0.5411765 0.7294118 0.8235294 0.8039216 0.827451 0.8235294 0.81960785 0.8235294 0.8392157 0.85490197 0.8784314 0.8901961 0.8745098 0.87058824 0.81960785 0.8
0.8235294 0.80784315 0.8117647 0.8039216 0.8039216 0.8117647 0.81960785 0.81960785 0.8156863 0.8156863 0.8117647 0.8117647 0.8509804 0.5294118 0.07058824 0.10980392 0.4392157 0.6431373 0.8352941 0.8235294 0.8235294 0.827451 0.81960785 0.8235294 0.84705883 0.8352941 0.7490196 0.70980394 0.8352941 0.8235294 0.8156863 0.80784315
0.827451 0.8156863 0.81960785 0.80784315 0.80784315 0.81960785 0.827451 0.827451 0.8235294 0.8235294 0.8156863 0.8117647 0.8509804 0.56078434 0.08235294 0.039215688 0.36862746 0.6117647 0.8 0.87058824 0.81960785 0.8235294 0.827451 0.81960785 0.7254902 0.5647059 0.3647059 0.41568628 0.8156863 0.8117647 0.8117647 0.8117647
0.83137256 0.8235294 0.827451 0.8235294 0.8235294 0.827451 0.827451 0.83137256 0.83137256 0.8352941 0.8392157 0.8392157 0.88235295 0.65882355 0.15294118 0.03137255 0.16078432 0.4745098 0.7176471 0.79607844 0.84313726 0.8509804 0.74509805 0.5019608 0.39607844 0.47058824 0.4862745 0.44705883 0.7176471 0.827451 0.8156863 0.81960785
0.827451 0.81960785 0.83137256 0.83137256 0.83137256 0.8235294 0.827451 0.84313726 0.8392157 0.81960785 0.76862746 0.75686276 0.7647059 0.5137255 0.15686275 0.09411765 0.2784314 0.44705883 0.45490196 0.5294118 0.7647059 0.72156864 0.36862746 0.3254902 0.5176471 0.56078434 0.6313726 0.58431375 0.6745098 0.8509804 0.83137256 0.8235294
0.84705883 0.8352941 0.827451 0.8039216 0.78431374 0.78431374 0.72156864 0.654902 0.6392157 0.5529412 0.47843137 0.4862745 0.5882353 0.47058824 0.3882353 0.3647059 0.44705883 0.52156866 0.5372549 0.68235296 0.6431373 0.5058824 0.34509805 0.44705883 0.44705883 0.27450982 0.3882353 0.5372549 0.60784316 0.8 0.7529412 0.7372549
0.65882355 0.63529414 0.57254905 0.52156866 0.45490196 0.40784314 0.3882353 0.3254902 0.34901962 0.41960785 0.40392157 0.26666668 0.45490196 0.65882355 0.5764706 0.54901963 0.4117647 0.31764707 0.5411765 0.68235296 0.6 0.627451 0.57254905 0.5294118 0.36078432 0.16078432 0.1764706 0.4745098 0.64705884 0.62352943 0.5568628 0.5647059
0.38431373 0.35686275 0.3647059 0.3019608 0.14901961 0.11764706 0.24705882 0.36078432 0.5372549 0.59607846 0.5568628 0.36078432 0.32941177 0.7294118 0.70980394 0.62352943 0.5686275 0.21176471 0.26666668 0.5058824 0.69803923 0.6666667 0.6039216 0.5764706 0.43529412 0.3019608 0.22352941 0.30588236 0.53333336 0.58431375 0.47843137 0.49019608
0.49803922 0.5019608 0.4509804 0.11764706 0.07450981 0.15686275 0.31764707 0.5058824 0.59607846 0.6313726 0.60784316 0.41960785 0.3647059 0.7254902 0.7294118 0.64705884 0.6627451 0.32941177 0.101960786 0.30588236 0.6039216 0.5882353 0.5176471 0.46666667 0.47058824 0.54901963 0.49803922 0.34901962 0.41960785 0.5254902 0.49411765 0.5254902
0.5921569 0.627451 0.40784314 0.007843138 0.19607843 0.3137255 0.23529412 0.34509805 0.41960785 0.6313726 0.5647059 0.43529412 0.34901962 0.50980395 0.58431375 0.53333336 0.6509804 0.40392157 0.2784314 0.42352942 0.5176471 0.5529412 0.56078434 0.43529412 0.44313726 0.5529412 0.5647059 0.5254902 0.47058824 0.4509804 0.5019608 0.57254905
0.6 0.61960787 0.26666668 0.0 0.3137255 0.4 0.21568628 0.27058825 0.28627452 0.5294118 0.5882353 0.49019608 0.25490198 0.1882353 0.33333334 0.42745098 0.57254905 0.39607844 0.21960784 0.4 0.36862746 0.4627451 0.69803923 0.59607846 0.5137255 0.5137255 0.53333336 0.53333336 0.5137255 0.5137255 0.49803922 0.57254905
0.627451 0.6431373 0.21176471 0.0 0.41568628 0.54509807 0.27450982 0.2784314 0.20392157 0.29803923 0.4627451 0.4 0.32941177 0.31764707 0.38431373 0.2901961 0.49019608 0.4627451 0.2627451 0.33333334 0.46666667 0.37254903 0.59607846 0.6784314 0.70980394 0.7176471 0.69411767 0.68235296 0.69803923 0.7294118 0.7294118 0.73333335
0.81960785 0.81960785 0.3019608 0.019607844 0.5764706 0.827451 0.42745098 0.30588236 0.23529412 0.21176471 0.2784314 0.44705883 0.41960785 0.30980393 0.2901961 0.3019608 0.45882353 0.49803922 0.28627452 0.31764707 0.6313726 0.37254903 0.45882353 0.6901961 0.87058824 0.8980392 0.90588236 0.8980392 0.9098039 0.90588236 0.90588236 0.8980392
0.93333334 0.94509804 0.4745098 0.047058824 0.63529414 0.972549 0.6 0.27450982 0.23921569 0.23137255 0.34901962 0.8235294 0.7882353 0.5176471 0.34117648 0.28235295 0.49411765 0.4862745 0.23529412 0.40392157 0.7411765 0.5803922 0.5019608 0.79607844 0.9098039 0.92941177 0.9254902 0.9254902 0.9372549 0.9254902 0.92156863 0.91764706
0.9254902 0.94509804 0.63529414 0.06666667 0.59607846 0.9764706 0.63529414 0.16078432 0.15294118 0.28627452 0.64705884 0.94509804 0.9490196 0.93333334 0.69411767 0.43529412 0.6039216 0.5254902 0.5137255 0.57254905 0.5803922 0.627451 0.68235296 0.9137255 0.92941177 0.9254902 0.9254902 0.92941177 0.9372549 0.93333334 0.93333334 0.92156863
0.9254902 0.9411765 0.76862746 0.17254902 0.49411765 0.9411765 0.4862745 0.050980393 0.09803922 0.2784314 0.7882353 0.9372549 0.9098039 0.9254902 0.91764706 0.89411765 0.90588236 0.76862746 0.8509804 0.7490196 0.4 0.3254902 0.654902 0.93333334 0.9098039 0.9137255 0.91764706 0.92156863 0.9254902 0.92941177 0.92941177 0.92941177
0.93333334 0.93333334 0.8980392 0.43529412 0.4509804 0.8117647 0.2784314 0.05490196 0.09803922 0.34117648 0.8745098 0.91764706 0.90588236 0.8980392 0.9098039 0.93333334 0.93333334 0.9254902 0.9490196 0.85882354 0.28235295 0.13725491 0.56078434 0.9254902 0.90588236 0.9019608 0.9019608 0.9098039 0.9019608 0.9019608 0.91764706 0.91764706
0.9411765 0.9254902 0.9411765 0.7529412 0.6 0.64705884 0.15686275 0.13725491 0.26666668 0.6392157 0.94509804 0.93333334 0.9372549 0.93333334 0.93333334 0.9254902 0.9372549 0.93333334 0.93333334 0.9019608 0.30588236 0.105882354 0.5019608 0.91764706 0.9254902 0.9254902 0.92941177 0.92156863 0.9137255 0.92156863 0.92156863 0.92156863
0.93333334 0.92941177 0.9372549 0.93333334 0.85490197 0.69411767 0.25490198 0.3372549 0.3372549 0.8039216 0.93333334 0.9254902 0.91764706 0.93333334 0.9411765 0.93333334 0.92941177 0.92941177 0.93333334 0.9411765 0.45882353 0.18431373 0.5176471 0.92156863 0.9254902 0.9372549 0.9372549 0.9254902 0.9254902 0.9372549 0.93333334 0.9411765
0.9411765 0.92941177 0.92156863 0.93333334 0.94509804 0.7882353 0.34509805 0.62352943 0.36078432 0.78039217 0.9372549 0.9254902 0.93333334 0.93333334 0.93333334 0.9372549 0.9254902 0.91764706 0.93333334 0.9647059 0.6627451 0.24705882 0.56078434 0.93333334 0.9254902 0.9372549 0.9372549 0.9254902 0.9254902 0.92941177 0.91764706 0.9254902
0.9372549 0.92156863 0.9019608 0.9254902 0.9372549 0.81960785 0.3647059 0.74509805 0.4392157 0.6509804 0.94509804 0.9411765 0.9372549 0.91764706 0.9137255 0.91764706 0.92156863 0.91764706 0.9137255 0.94509804 0.8392157 0.6039216 0.79607844 0.9372549 0.9137255 0.9372549 0.9411765 0.92941177 0.90588236 0.92156863 0.89411765 0.8980392
0.92941177 0.91764706 0.93333334 0.92156863 0.94509804 0.8156863 0.3254902 0.78039217 0.5764706 0.5411765 0.94509804 0.9529412 0.9411765 0.93333334 0.9490196 0.9529412 0.94509804 0.9490196 0.9490196 0.95686275 0.8666667 0.7647059 0.91764706 0.93333334 0.9254902 0.9372549 0.9411765 0.9411765 0.92156863 0.9254902 0.91764706 0.93333334
0.92941177 0.9019608 0.8901961 0.8901961 0.85490197 0.6666667 0.25882354 0.60784316 0.5686275 0.4117647 0.74509805 0.8 0.8745098 0.8901961 0.87058824 0.8627451 0.84313726 0.7372549 0.7137255 0.84313726 0.8352941 0.64705884 0.8352941 0.9372549 0.9411765 0.93333334 0.9372549 0.94509804 0.9411765 0.9372549 0.93333334 0.9098039
0.8 0.7294118 0.5921569 0.5372549 0.46666667 0.34901962 0.25882354 0.41568628 0.45882353 0.4509804 0.5568628 0.48235294 0.5686275 0.5529412 0.5137255 0.5372549 0.48235294 0.44313726 0.5803922 0.76862746 0.7411765 0.68235296 0.83137256 0.92156863 0.9411765 0.9254902 0.9254902 0.92941177 0.9254902 0.9254902 0.9098039 0.9019608
0.8352941 0.8117647 0.8117647 0.74509805 0.6745098 0.62352943 0.58431375 0.6666667 0.7647059 0.7058824 0.8 0.827451 0.83137256 0.8 0.8 0.8117647 0.76862746 0.8156863 0.88235295 0.88235295 0.7529412 0.6901961 0.84705883 0.92156863 0.93333334 0.93333334 0.92156863 0.92156863 0.9137255 0.92156863 0.92156863 0.9137255
0.8509804 0.84313726 0.84705883 0.85490197 0.85882354 0.8627451 0.8666667 0.87058824 0.8666667 0.8666667 0.87058824 0.8745098 0.8784314 0.87058824 0.85882354 0.85882354 0.8666667 0.85882354 0.85882354 0.8627451 0.8666667 0.8666667 0.8666667 0.8666667 0.87058824 0.8745098 0.87058824 0.87058824 0.87058824 0.87058824 0.8627451 0.8627451
0.8392157 0.8352941 0.84313726 0.84705883 0.8509804 0.85490197 0.85882354 0.85882354 0.8509804 0.8509804 0.85490197 0.85882354 0.85490197 0.85882354 0.87058824 0.8156863 0.8235294 0.87058824 0.85882354 0.85882354 0.85882354 0.85882354 0.85882354 0.85882354 0.85882354 0.85882354 0.85882354 0.8627451 0.85882354 0.85490197 0.85490197 0.85490197
0.85490197 0.84313726 0.84705883 0.8627451 0.85882354 0.85882354 0.8627451 0.85882354 0.85490197 0.85882354 0.8627451 0.8627451 0.85490197 0.88235295 0.7411765 0.5058824 0.627451 0.8352941 0.8784314 0.8745098 0.87058824 0.8666667 0.8666667 0.8666667 0.8666667 0.8666667 0.8666667 0.8666667 0.8666667 0.8627451 0.8627451 0.85882354
0.8745098 0.8784314 0.89411765 0.8980392 0.8784314 0.8745098 0.87058824 0.85882354 0.8666667 0.8666667 0.8666667 0.87058824 0.87058824 0.9019608 0.6313726 0.3529412 0.5803922 0.7882353 0.88235295 0.8745098 0.8784314 0.8745098 0.8745098 0.8745098 0.8745098 0.8745098 0.8745098 0.87058824 0.87058824 0.8666667 0.8627451 0.85882354
0.8745098 0.8784314 0.8862745 0.88235295 0.8784314 0.8784314 0.8627451 0.8745098 0.89411765 0.8862745 0.8862745 0.87058824 0.87058824 0.8980392 0.7647059 0.6039216 0.61960787 0.84313726 0.8862745 0.8745098 0.8862745 0.88235295 0.88235295 0.88235295 0.88235295 0.88235295 0.8784314 0.8784314 0.8745098 0.8666667 0.8666667 0.8745098
0.88235295 0.8745098 0.8745098 0.88235295 0.8862745 0.8784314 0.8784314 0.88235295 0.8862745 0.8862745 0.8862745 0.8784314 0.8784314 0.89411765 0.84705883 0.8156863 0.7372549 0.88235295 0.89411765 0.8862745 0.8901961 0.8862745 0.8862745 0.8862745 0.88235295 0.8784314 0.8784314 0.8745098 0.8745098 0.8745098 0.8745098 0.88235295
0.88235295 0.8745098 0.8784314 0.88235295 0.88235295 0.8862745 0.8862745 0.88235295 0.88235295 0.8862745 0.8901961 0.8901961 0.90588236 0.78039217 0.6745098 0.8 0.84313726 0.8862745 0.8980392 0.89411765 0.89411765 0.8901961 0.8862745 0.8901961 0.8862745 0.8901961 0.8980392 0.9019608 0.9019608 0.9098039 0.88235295 0.8784314
0.8901961 0.8745098 0.8784314 0.88235295 0.88235295 0.8862745 0.8901961 0.8901961 0.8862745 0.8862745 0.8901961 0.8862745 0.9098039 0.6666667 0.40784314 0.63529414 0.81960785 0.84313726 0.9019608 0.9019608 0.89411765 0.8901961 0.8901961 0.8901961 0.90588236 0.9137255 0.9372549 0.9490196 0.93333334 0.92941177 0.88235295 0.8745098
0.8980392 0.88235295 0.8862745 0.8901961 0.8901961 0.8901961 0.8901961 0.8901961 0.8901961 0.8901961 0.8901961 0.8862745 0.9019608 0.6627451 0.38039216 0.45490196 0.7372549 0.78431374 0.88235295 0.8980392 0.89411765 0.89411765 0.8901961 0.8901961 0.91764706 0.9137255 0.81960785 0.76862746 0.8980392 0.88235295 0.8784314 0.8784314
0.9019608 0.8862745 0.8862745 0.89411765 0.89411765 0.8901961 0.8862745 0.8901961 0.8980392 0.8980392 0.89411765 0.89411765 0.9254902 0.70980394 0.39607844 0.3529412 0.6156863 0.77254903 0.83137256 0.9137255 0.89411765 0.89411765 0.91764706 0.89411765 0.8 0.627451 0.38431373 0.44705883 0.8901961 0.88235295 0.88235295 0.88235295
0.9019608 0.89411765 0.8980392 0.89411765 0.8901961 0.8901961 0.8862745 0.8901961 0.8980392 0.9019608 0.90588236 0.9019608 0.92156863 0.7254902 0.30588236 0.21176471 0.30980393 0.6 0.75686276 0.8235294 0.9019608 0.92941177 0.8352941 0.5803922 0.45882353 0.46666667 0.39215687 0.40392157 0.7882353 0.9019608 0.8862745 0.8901961
0.8980392 0.8901961 0.9019608 0.9019608 0.8980392 0.89411765 0.9098039 0.9254902 0.9137255 0.89411765 0.84313726 0.8352941 0.8745098 0.61960787 0.2509804 0.24705882 0.4 0.5764706 0.52156866 0.52156866 0.78431374 0.7764706 0.44313726 0.38039216 0.5529412 0.5372549 0.52156866 0.5019608 0.7019608 0.92156863 0.90588236 0.8980392
0.92156863 0.9098039 0.9019608 0.8862745 0.8784314 0.8901961 0.8392157 0.76862746 0.7372549 0.64705884 0.57254905 0.5764706 0.6901961 0.5411765 0.38431373 0.44313726 0.56078434 0.6862745 0.6392157 0.64705884 0.62352943 0.5294118 0.38039216 0.4627451 0.47058824 0.28627452 0.34901962 0.46666667 0.5764706 0.8627451 0.83137256 0.8117647
0.78039217 0.74509805 0.69803923 0.6666667 0.6039216 0.5411765 0.50980395 0.41568628 0.40784314 0.4745098 0.44705883 0.28627452 0.45490196 0.62352943 0.4862745 0.48235294 0.44705883 0.46666667 0.69411767 0.72156864 0.56078434 0.60784316 0.5254902 0.52156866 0.39607844 0.2 0.18431373 0.41568628 0.56078434 0.6509804 0.64705884 0.63529414
0.53333336 0.49411765 0.5254902 0.45490196 0.27450982 0.21960784 0.32156864 0.4 0.5411765 0.59607846 0.5372549 0.32156864 0.3254902 0.70980394 0.6627451 0.54901963 0.5372549 0.29803923 0.43137255 0.63529414 0.65882355 0.62352943 0.5686275 0.5686275 0.4509804 0.32941177 0.22352941 0.24705882 0.43529412 0.5764706 0.5568628 0.5568628
0.5764706 0.5686275 0.5411765 0.20784314 0.13333334 0.19215687 0.32941177 0.4862745 0.56078434 0.60784316 0.5372549 0.31764707 0.34509805 0.72156864 0.7058824 0.5803922 0.5882353 0.35686275 0.24705882 0.49411765 0.57254905 0.53333336 0.52156866 0.45490196 0.4627451 0.5686275 0.49411765 0.30980393 0.3647059 0.5137255 0.56078434 0.5764706
0.59607846 0.62352943 0.42352942 0.039215688 0.21568628 0.30588236 0.20784314 0.28627452 0.3647059 0.6 0.47058824 0.28627452 0.29803923 0.5019608 0.5647059 0.45882353 0.5764706 0.40784314 0.3882353 0.6156863 0.5137255 0.49019608 0.52156866 0.4117647 0.45882353 0.6 0.58431375 0.5372549 0.49411765 0.49803922 0.6 0.61960787
0.60784316 0.61960787 0.28627452 0.0 0.31764707 0.38431373 0.16470589 0.2 0.23921569 0.5137255 0.5019608 0.32941177 0.16078432 0.14509805 0.29411766 0.3529412 0.5137255 0.38431373 0.30588236 0.5686275 0.38039216 0.3882353 0.5921569 0.54509807 0.54901963 0.5647059 0.5568628 0.5686275 0.57254905 0.5921569 0.59607846 0.6039216
0.61960787 0.63529414 0.23137255 0.007843138 0.41568628 0.52156866 0.1882353 0.1764706 0.16470589 0.29803923 0.41960785 0.27058825 0.1764706 0.19215687 0.2901961 0.21568628 0.4 0.3764706 0.36078432 0.5058824 0.44705883 0.2784314 0.4745098 0.5803922 0.6745098 0.6784314 0.654902 0.6392157 0.6666667 0.7137255 0.7058824 0.6862745
0.78431374 0.78431374 0.28627452 0.019607844 0.57254905 0.78039217 0.30980393 0.18431373 0.1882353 0.20784314 0.25882354 0.36078432 0.2509804 0.15686275 0.16078432 0.1882353 0.3137255 0.36862746 0.34509805 0.4627451 0.61960787 0.29803923 0.3529412 0.5764706 0.8 0.827451 0.8352941 0.827451 0.84313726 0.84705883 0.8392157 0.8235294
0.8784314 0.8862745 0.4392157 0.03529412 0.60784316 0.9098039 0.49019608 0.17254902 0.19215687 0.22352941 0.34117648 0.76862746 0.6627451 0.38039216 0.20784314 0.13725491 0.28627452 0.3019608 0.1764706 0.40784314 0.6862745 0.52156866 0.42352942 0.69803923 0.8392157 0.85490197 0.8509804 0.85490197 0.8627451 0.84705883 0.84705883 0.84313726
0.87058824 0.8901961 0.60784316 0.039215688 0.54509807 0.90588236 0.57254905 0.1254902 0.13333334 0.2784314 0.6313726 0.90588236 0.8862745 0.85882354 0.6039216 0.32156864 0.4392157 0.38431373 0.3882353 0.44705883 0.4509804 0.54901963 0.62352943 0.8509804 0.8901961 0.8666667 0.8666667 0.87058824 0.8745098 0.8627451 0.87058824 0.8666667
0.8745098 0.89411765 0.73333335 0.12941177 0.4392157 0.8980392 0.47843137 0.07450981 0.11764706 0.27058825 0.7529412 0.89411765 0.8745098 0.8862745 0.8666667 0.827451 0.83137256 0.7058824 0.7647059 0.64705884 0.29803923 0.27058825 0.60784316 0.8784314 0.87058824 0.85882354 0.8627451 0.8666667 0.8666667 0.8627451 0.8666667 0.87058824
0.8784314 0.8784314 0.84313726 0.36862746 0.38431373 0.77254903 0.28627452 0.105882354 0.13333334 0.32941177 0.83137256 0.8745098 0.8627451 0.85490197 0.8666667 0.8862745 0.88235295 0.87058824 0.89411765 0.8039216 0.24313726 0.13725491 0.5254902 0.8627451 0.85882354 0.8392157 0.8392157 0.8509804 0.8392157 0.827451 0.84313726 0.84313726
0.8862745 0.87058824 0.8862745 0.654902 0.49019608 0.5803922 0.14901961 0.1764706 0.2901961 0.62352943 0.9019608 0.8901961 0.89411765 0.8901961 0.8901961 0.88235295 0.8862745 0.8784314 0.8784314 0.84313726 0.2784314 0.12156863 0.48235294 0.8745098 0.89411765 0.87058824 0.8745098 0.8666667 0.85882354 0.8627451 0.85882354 0.8627451
0.8784314 0.8745098 0.8862745 0.84705883 0.7490196 0.6156863 0.23137255 0.3529412 0.3372549 0.77254903 0.8901961 0.8862745 0.8745098 0.8901961 0.8980392 0.8901961 0.8784314 0.8745098 0.8784314 0.88235295 0.43137255 0.2 0.49803922 0.8745098 0.89411765 0.89411765 0.89411765 0.8784314 0.8784314 0.88235295 0.8784314 0.88235295
0.8862745 0.8745098 0.8666667 0.8784314 0.8784314 0.72156864 0.30980393 0.61960787 0.34509805 0.74509805 0.8980392 0.8901961 0.8901961 0.8901961 0.8901961 0.8901961 0.8784314 0.8627451 0.8784314 0.9098039 0.62352943 0.24313726 0.5254902 0.8666667 0.8862745 0.89411765 0.89411765 0.8862745 0.88235295 0.88235295 0.87058824 0.8784314
0.8745098 0.8627451 0.84313726 0.87058824 0.88235295 0.7647059 0.32156864 0.7176471 0.42745098 0.64705884 0.9098039 0.8784314 0.89411765 0.88235295 0.8784314 0.88235295 0.8862745 0.88235295 0.8862745 0.91764706 0.7647059 0.52156866 0.7372549 0.8862745 0.8666667 0.8901961 0.89411765 0.8784314 0.8509804 0.8509804 0.8235294 0.83137256
0.88235295 0.87058824 0.8862745 0.8784314 0.9137255 0.78431374 0.29411766 0.7607843 0.5803922 0.56078434 0.93333334 0.89411765 0.89411765 0.89411765 0.90588236 0.9098039 0.9137255 0.91764706 0.91764706 0.9254902 0.78039217 0.654902 0.8509804 0.8862745 0.8784314 0.88235295 0.8862745 0.8862745 0.8627451 0.8627451 0.8509804 0.8666667
0.8862745 0.8627451 0.84705883 0.85490197 0.8352941 0.64705884 0.23529412 0.5921569 0.5568628 0.40784314 0.7254902 0.7529412 0.81960785 0.8352941 0.8156863 0.80784315 0.79607844 0.6901961 0.65882355 0.78431374 0.7411765 0.54901963 0.77254903 0.8784314 0.88235295 0.8784314 0.88235295 0.8901961 0.8862745 0.88235295 0.8784314 0.85490197
0.7411765 0.67058825 0.53333336 0.48235294 0.42745098 0.30980393 0.22745098 0.38431373 0.4117647 0.40392157 0.50980395 0.42352942 0.5019608 0.4862745 0.4509804 0.47058824 0.43137255 0.38431373 0.5058824 0.68235296 0.6392157 0.59607846 0.76862746 0.85490197 0.87058824 0.87058824 0.87058824 0.8745098 0.87058824 0.8627451 0.84705883 0.8392157
0.74509805 0.72156864 0.7254902 0.6666667 0.6117647 0.5686275 0.5372549 0.6117647 0.6901961 0.627451 0.7294118 0.76862746 0.7647059 0.73333335 0.7372549 0.7490196 0.7176471 0.75686276 0.8 0.78431374 0.654902 0.6156863 0.7882353 0.8509804 0.8666667 0.88235295 0.8666667 0.8666667 0.8509804 0.84705883 0.84705883 0.83137256
0.9137255 0.9019608 0.9098039 0.90588236 0.90588236 0.9098039 0.9137255 0.91764706 0.92156863 0.92156863 0.92156863 0.92941177 0.9254902 0.92941177 0.92941177 0.93333334 0.92941177 0.9254902 0.92156863 0.9137255 0.9254902 0.92941177 0.92941177 0.92941177 0.92941177 0.92941177 0.92941177 0.92941177 0.92941177 0.9254902 0.92156863 0.92156863
0.8862745 0.8784314 0.8862745 0.88235295 0.8862745 0.8901961 0.8901961 0.8980392 0.8980392 0.8980392 0.9019608 0.9019608 0.9019608 0.9137255 0.9019608 0.8117647 0.8509804 0.92941177 0.91764706 0.8901961 0.8980392 0.9098039 0.9098039 0.9098039 0.9098039 0.90588236 0.90588236 0.9098039 0.90588236 0.9019608 0.9019608 0.8980392
0.89411765 0.88235295 0.8901961 0.8980392 0.8862745 0.8862745 0.89411765 0.89411765 0.8980392 0.9019608 0.9019608 0.9019608 0.8980392 0.9411765 0.75686276 0.4509804 0.5921569 0.85490197 0.9254902 0.8980392 0.8980392 0.9098039 0.9098039 0.9098039 0.90588236 0.9019608 0.90588236 0.90588236 0.90588236 0.8980392 0.9019608 0.8980392
0.91764706 0.91764706 0.93333334 0.93333334 0.9098039 0.90588236 0.9019608 0.8980392 0.9098039 0.90588236 0.9098039 0.9098039 0.9098039 0.9607843 0.6745098 0.3254902 0.52156866 0.77254903 0.9254902 0.9137255 0.9137255 0.91764706 0.91764706 0.91764706 0.91764706 0.9137255 0.9098039 0.90588236 0.90588236 0.90588236 0.9019608 0.8980392
0.9098039 0.9137255 0.92156863 0.92156863 0.92156863 0.92156863 0.90588236 0.91764706 0.93333334 0.9254902 0.92156863 0.91764706 0.9254902 0.9372549 0.8 0.5803922 0.56078434 0.80784315 0.92156863 0.9254902 0.92156863 0.9254902 0.9254902 0.9254902 0.92156863 0.91764706 0.9137255 0.9137255 0.9137255 0.9137255 0.9098039 0.9137255
0.91764706 0.9098039 0.9098039 0.91764706 0.92156863 0.9137255 0.9137255 0.9137255 0.91764706 0.91764706 0.9137255 0.92156863 0.92941177 0.9372549 0.89411765 0.80784315 0.7254902 0.8980392 0.9372549 0.92156863 0.92156863 0.9254902 0.9254902 0.9254902 0.92156863 0.9137255 0.9137255 0.9098039 0.9098039 0.91764706 0.91764706 0.91764706
0.91764706 0.9098039 0.9137255 0.91764706 0.91764706 0.91764706 0.92156863 0.9137255 0.9098039 0.9137255 0.91764706 0.92156863 0.9372549 0.8392157 0.76862746 0.85490197 0.87058824 0.9372549 0.9490196 0.91764706 0.91764706 0.9254902 0.92156863 0.9254902 0.92156863 0.91764706 0.9254902 0.92941177 0.93333334 0.9490196 0.91764706 0.9098039
0.9254902 0.9098039 0.9137255 0.92156863 0.9254902 0.92941177 0.93333334 0.92941177 0.92156863 0.92156863 0.9254902 0.92156863 0.9372549 0.7294118 0.5176471 0.69411767 0.84313726 0.8980392 0.94509804 0.91764706 0.9254902 0.9254902 0.92156863 0.9254902 0.9372549 0.94509804 0.9647059 0.9764706 0.9607843 0.9647059 0.91764706 0.9019608
0.9372549 0.91764706 0.92156863 0.9254902 0.92941177 0.93333334 0.9372549 0.93333334 0.93333334 0.93333334 0.92941177 0.9254902 0.9490196 0.7411765 0.45490196 0.49019608 0.75686276 0.80784315 0.9019608 0.9254902 0.9411765 0.92941177 0.91764706 0.91764706 0.93333334 0.92941177 0.8509804 0.8039216 0.9254902 0.92156863 0.92156863 0.91764706
0.9411765 0.9254902 0.9254902 0.93333334 0.9372549 0.9372549 0.9372549 0.9372549 0.93333334 0.93333334 0.92941177 0.91764706 0.93333334 0.7529412 0.42352942 0.3764706 0.6431373 0.7647059 0.8352941 0.9411765 0.94509804 0.9411765 0.94509804 0.9137255 0.81960785 0.6392157 0.3882353 0.45882353 0.91764706 0.92941177 0.92941177 0.93333334
0.94509804 0.93333334 0.9372549 0.9372549 0.9411765 0.9372549 0.9372549 0.93333334 0.9254902 0.92941177 0.93333334 0.9254902 0.9372549 0.7607843 0.36078432 0.28627452 0.3529412 0.60784316 0.7607843 0.81960785 0.9254902 0.96862745 0.8627451 0.6117647 0.5019608 0.48235294 0.34509805 0.3647059 0.80784315 0.9411765 0.9254902 0.92941177
0.9372549 0.92941177 0.9372549 0.94509804 0.94509804 0.9411765 0.9529412 0.9647059 0.9529412 0.93333334 0.88235295 0.88235295 0.9254902 0.6431373 0.3019608 0.32941177 0.45490196 0.60784316 0.54901963 0.5137255 0.78039217 0.7882353 0.45490196 0.40392157 0.5921569 0.54509807 0.46666667 0.44705883 0.69411767 0.94509804 0.93333334 0.92156863
0.9647059 0.9490196 0.9411765 0.92941177 0.92156863 0.9254902 0.87058824 0.8039216 0.7882353 0.7019608 0.62352943 0.63529414 0.73333335 0.50980395 0.35686275 0.44705883 0.6 0.7411765 0.69803923 0.65882355 0.5921569 0.50980395 0.36862746 0.47843137 0.48235294 0.27450982 0.3254902 0.42745098 0.5372549 0.8784314 0.85490197 0.83137256
0.8509804 0.8156863 0.7647059 0.7372549 0.6666667 0.5882353 0.5372549 0.43529412 0.42352942 0.49803922 0.46666667 0.3019608 0.44313726 0.56078434 0.40392157 0.40784314 0.4509804 0.5411765 0.78039217 0.75686276 0.49411765 0.5568628 0.5019608 0.5254902 0.39607844 0.1882353 0.1882353 0.38039216 0.48235294 0.6431373 0.67058825 0.6431373
0.63529414 0.6 0.62352943 0.53333336 0.3254902 0.2509804 0.33333334 0.39215687 0.53333336 0.6 0.5294118 0.29803923 0.28627452 0.654902 0.5882353 0.45490196 0.49803922 0.34117648 0.52156866 0.7176471 0.61960787 0.5803922 0.5254902 0.54509807 0.44313726 0.32156864 0.22745098 0.21176471 0.3529412 0.5529412 0.5686275 0.5372549
0.63529414 0.6313726 0.59607846 0.24705882 0.15686275 0.19607843 0.3137255 0.45882353 0.54901963 0.6117647 0.52156866 0.27450982 0.3137255 0.69411767 0.6627451 0.50980395 0.5176471 0.34509805 0.32156864 0.627451 0.5882353 0.49803922 0.45490196 0.4117647 0.43529412 0.5411765 0.4745098 0.27450982 0.3019608 0.4862745 0.5568628 0.53333336
0.60784316 0.6392157 0.43137255 0.05490196 0.23137255 0.29803923 0.18039216 0.24705882 0.34117648 0.59607846 0.43529412 0.20784314 0.2509804 0.47843137 0.5372549 0.39215687 0.50980395 0.38039216 0.43529412 0.7529412 0.5176471 0.43137255 0.4627451 0.38039216 0.42352942 0.54509807 0.5411765 0.49803922 0.4392157 0.47058824 0.5921569 0.5764706
0.62352943 0.6313726 0.29803923 0.011764706 0.3254902 0.37254903 0.12941177 0.14901961 0.20392157 0.5058824 0.45490196 0.22352941 0.08627451 0.105882354 0.2627451 0.2901961 0.4627451 0.34509805 0.33333334 0.6784314 0.34509805 0.3137255 0.5411765 0.50980395 0.5019608 0.49019608 0.49019608 0.50980395 0.5137255 0.5568628 0.5764706 0.5568628
0.5882353 0.6039216 0.21568628 0.0 0.38039216 0.46666667 0.11764706 0.101960786 0.1254902 0.29411766 0.38431373 0.16862746 0.047058824 0.09411765 0.22745098 0.1764706 0.3372549 0.29411766 0.40784314 0.6039216 0.40784314 0.21960784 0.39607844 0.4745098 0.5803922 0.58431375 0.5568628 0.54509807 0.57254905 0.62352943 0.6117647 0.5803922
0.69803923 0.72156864 0.2627451 0.0 0.48235294 0.6784314 0.20784314 0.09411765 0.13725491 0.19215687 0.22745098 0.27058825 0.11764706 0.039215688 0.078431375 0.1254902 0.21568628 0.27450982 0.39215687 0.5686275 0.58431375 0.22745098 0.27450982 0.47058824 0.69803923 0.7137255 0.72156864 0.7137255 0.7294118 0.7294118 0.7176471 0.69803923
0.75686276 0.8 0.4 0.0 0.5019608 0.78039217 0.38039216 0.09411765 0.14901961 0.19607843 0.29411766 0.68235296 0.5372549 0.26666668 0.10980392 0.043137256 0.12941177 0.17254902 0.14509805 0.42745098 0.6117647 0.4392157 0.3529412 0.6 0.7372549 0.7372549 0.7294118 0.73333335 0.7411765 0.7176471 0.72156864 0.7176471
0.75686276 0.7882353 0.53333336 0.0 0.47843137 0.8 0.49019608 0.08235294 0.11764706 0.24705882 0.5568628 0.8 0.78039217 0.7490196 0.5058824 0.21960784 0.27450982 0.2509804 0.28627452 0.35686275 0.33333334 0.47058824 0.5647059 0.7529412 0.78431374 0.7647059 0.7647059 0.76862746 0.76862746 0.7372549 0.7490196 0.75686276
0.76862746 0.7882353 0.6392157 0.078431375 0.35686275 0.79607844 0.42745098 0.0627451 0.12156863 0.22745098 0.654902 0.77254903 0.76862746 0.78039217 0.75686276 0.7176471 0.7019608 0.5921569 0.654902 0.53333336 0.19215687 0.21176471 0.54509807 0.76862746 0.75686276 0.7529412 0.75686276 0.7607843 0.75686276 0.7490196 0.75686276 0.76862746
0.76862746 0.77254903 0.7372549 0.28235295 0.2509804 0.6627451 0.25882354 0.105882354 0.13333334 0.27058825 0.7254902 0.7529412 0.7529412 0.74509805 0.75686276 0.7764706 0.7647059 0.75686276 0.7882353 0.7019608 0.17254902 0.105882354 0.47058824 0.7529412 0.74509805 0.72156864 0.72156864 0.7294118 0.7254902 0.7176471 0.73333335 0.7372549
0.78039217 0.7647059 0.78039217 0.5568628 0.34901962 0.4862745 0.13333334 0.16862746 0.27450982 0.5568628 0.79607844 0.77254903 0.78431374 0.78039217 0.78039217 0.76862746 0.7647059 0.7607843 0.77254903 0.74509805 0.21568628 0.101960786 0.4392157 0.78039217 0.7882353 0.75686276 0.7607843 0.7529412 0.74509805 0.7490196 0.7490196 0.7490196
0.77254903 0.76862746 0.78039217 0.7411765 0.6156863 0.5294118 0.19607843 0.31764707 0.30588236 0.69803923 0.78039217 0.76862746 0.7647059 0.78039217 0.7882353 0.78039217 0.75686276 0.75686276 0.77254903 0.78431374 0.36078432 0.18039216 0.4509804 0.7764706 0.7921569 0.7882353 0.78431374 0.77254903 0.77254903 0.77254903 0.7607843 0.76862746
0.78039217 0.76862746 0.7607843 0.7764706 0.75686276 0.6392157 0.2509804 0.5529412 0.30588236 0.6666667 0.7882353 0.7764706 0.7764706 0.78039217 0.78039217 0.78039217 0.75686276 0.74509805 0.77254903 0.8117647 0.5411765 0.20392157 0.4627451 0.75686276 0.7764706 0.7921569 0.7921569 0.78431374 0.7764706 0.7647059 0.7529412 0.7607843
0.77254903 0.75686276 0.7411765 0.77254903 0.7647059 0.6862745 0.26666668 0.6431373 0.38039216 0.6 0.8352941 0.76862746 0.7764706 0.7607843 0.75686276 0.7607843 0.7607843 0.75686276 0.7647059 0.8039216 0.654902 0.43137255 0.6431373 0.7647059 0.7490196 0.78039217 0.78431374 0.77254903 0.7411765 0.7254902 0.69411767 0.7019608
0.77254903 0.7607843 0.7764706 0.75686276 0.75686276 0.6784314 0.23921569 0.67058825 0.49411765 0.49411765 0.8392157 0.76862746 0.7882353 0.7882353 0.8039216 0.80784315 0.80784315 0.8117647 0.8117647 0.81960785 0.65882355 0.53333336 0.7411765 0.76862746 0.7529412 0.76862746 0.77254903 0.77254903 0.7490196 0.7372549 0.7294118 0.7411765
0.7647059 0.7411765 0.7254902 0.74509805 0.7058824 0.57254905 0.21960784 0.5411765 0.49411765 0.3529412 0.6509804 0.6627451 0.74509805 0.7607843 0.7411765 0.73333335 0.72156864 0.6117647 0.57254905 0.69411767 0.62352943 0.42745098 0.6627451 0.7607843 0.7607843 0.7647059 0.76862746 0.7764706 0.7764706 0.77254903 0.76862746 0.74509805
0.6117647 0.54509807 0.40784314 0.4117647 0.35686275 0.27450982 0.22745098 0.34509805 0.36078432 0.36078432 0.4627451 0.37254903 0.43529412 0.41960785 0.38039216 0.40392157 0.3647059 0.30980393 0.41568628 0.5803922 0.50980395 0.47058824 0.65882355 0.7411765 0.7529412 0.75686276 0.75686276 0.7607843 0.75686276 0.74509805 0.7294118 0.72156864
0.61960787 0.59607846 0.6 0.58431375 0.5176471 0.47843137 0.4509804 0.49803922 0.5803922 0.5176471 0.62352943 0.67058825 0.6784314 0.6431373 0.64705884 0.6627451 0.63529414 0.6666667 0.6901961 0.6627451 0.52156866 0.49019608 0.6784314 0.7372549 0.7490196 0.76862746 0.7529412 0.7490196 0.7294118 0.7176471 0.7137255 0.7019608
18 2 1
20 26 1
16 1 2
23 15 1
24 16 2
28 9 0
29 31 2
30 29 2
25 9 0
0 23 2
10 21 2
28 23 1
8 13 1
0 7 2
1 17 0
27 7 0
6 22 0
13 5 2
1 4 0
30 1 2
26 18 2
3 27 0
30 3 0
30 23 2
15 15 2
14 25 1
11 25 1
26 11 1
5 30 0
2 19 0
