32, 32, 3, 30
0.27450982 0.28235295 0.3019608 0.30980393 0.29803923 0.2901961 0.2901961 0.2627451 0.25490198 0.2627451 0.29411766 0.2901961 0.3764706 0.54509807 0.32941177 0.2784314 0.2784314 0.28235295 0.27450982 0.24313726 0.27058825 0.2509804 0.2784314 0.27450982 0.2627451 0.27058825 0.27058825 0.25882354 0.2509804 0.2509804 0.24313726 0.23529412
0.2784314 0.2901961 0.30980393 0.3137255 0.30980393 0.30980393 0.30588236 0.30588236 0.3019608 0.30980393 0.3254902 0.29411766 0.3254902 0.42352942 0.2784314 0.2627451 0.27450982 0.2901961 0.3019608 0.28235295 0.3019608 0.27058825 0.27450982 0.26666668 0.25882354 0.2784314 0.2784314 0.27058825 0.2627451 0.2627451 0.25490198 0.24313726
0.2901961 0.3019608 0.31764707 0.3137255 0.3137255 0.31764707 0.32156864 0.31764707 0.30980393 0.30980393 0.32941177 0.3019608 0.3137255 0.39607844 0.2784314 0.33333334 0.33333334 0.34509805 0.32156864 0.30588236 0.3137255 0.29803923 0.28235295 0.26666668 0.27450982 0.2901961 0.28235295 0.27450982 0.27058825 0.26666668 0.2627451 0.25490198
0.3019608 0.31764707 0.3254902 0.32156864 0.32156864 0.3254902 0.33333334 0.33333334 0.32941177 0.33333334 0.36078432 0.36078432 0.37254903 0.5058824 0.36078432 0.36862746 0.34117648 0.3647059 0.3254902 0.3137255 0.28235295 0.2509804 0.27058825 0.29411766 0.3254902 0.30588236 0.2901961 0.28627452 0.28235295 0.2784314 0.27450982 0.26666668
0.30980393 0.32156864 0.3372549 0.33333334 0.3372549 0.34117648 0.34901962 0.3529412 0.36078432 0.34901962 0.34901962 0.34509805 0.34901962 0.49803922 0.3137255 0.26666668 0.27450982 0.34901962 0.29803923 0.27058825 0.30588236 0.2901961 0.30588236 0.32941177 0.3372549 0.31764707 0.30588236 0.3019608 0.29411766 0.2901961 0.28235295 0.27450982
0.32941177 0.34901962 0.35686275 0.3529412 0.34901962 0.35686275 0.32941177 0.30588236 0.31764707 0.29411766 0.29803923 0.2784314 0.32156864 0.5411765 0.32156864 0.31764707 0.34509805 0.46666667 0.41568628 0.34117648 0.3647059 0.36078432 0.32941177 0.3137255 0.32156864 0.32156864 0.31764707 0.31764707 0.31764707 0.30588236 0.29411766 0.28235295
0.34901962 0.32156864 0.3372549 0.39215687 0.39607844 0.38431373 0.3529412 0.3254902 0.34509805 0.35686275 0.3764706 0.37254903 0.39607844 0.5686275 0.38431373 0.39215687 0.39607844 0.4745098 0.43529412 0.37254903 0.3372549 0.3529412 0.32941177 0.30980393 0.32156864 0.33333334 0.33333334 0.34509805 0.34901962 0.33333334 0.30588236 0.30588236
0.3764706 0.30588236 0.29803923 0.4117647 0.4862745 0.43529412 0.40784314 0.39607844 0.4 0.4 0.42352942 0.39215687 0.42352942 0.57254905 0.41960785 0.39215687 0.32941177 0.3764706 0.41960785 0.36078432 0.3137255 0.34901962 0.37254903 0.3764706 0.38039216 0.35686275 0.34901962 0.36862746 0.4117647 0.41960785 0.38039216 0.41568628
0.4117647 0.4 0.37254903 0.3647059 0.48235294 0.4745098 0.41568628 0.39607844 0.3882353 0.38039216 0.42352942 0.4 0.4627451 0.61960787 0.4745098 0.41568628 0.36078432 0.42352942 0.4745098 0.41960785 0.3764706 0.40784314 0.4117647 0.40392157 0.39215687 0.39607844 0.45490196 0.5254902 0.6509804 0.654902 0.5686275 0.5568628
0.5137255 0.5058824 0.5137255 0.49019608 0.40392157 0.43137255 0.4627451 0.44705883 0.42745098 0.42745098 0.45490196 0.42745098 0.49411765 0.62352943 0.49411765 0.40392157 0.4 0.4862745 0.48235294 0.38431373 0.32941177 0.31764707 0.33333334 0.3647059 0.44705883 0.5882353 0.7372549 0.7882353 0.8117647 0.8039216 0.68235296 0.61960787
0.6 0.6117647 0.64705884 0.58431375 0.45490196 0.41568628 0.40392157 0.4509804 0.49019608 0.49803922 0.50980395 0.42352942 0.4509804 0.58431375 0.43529412 0.34117648 0.3254902 0.47843137 0.41960785 0.42352942 0.41960785 0.49411765 0.56078434 0.6745098 0.76862746 0.85882354 0.89411765 0.8745098 0.84705883 0.7764706 0.6784314 0.6039216
0.627451 0.6392157 0.654902 0.5529412 0.47843137 0.46666667 0.28235295 0.3137255 0.40784314 0.49803922 0.60784316 0.5019608 0.46666667 0.5882353 0.49803922 0.4117647 0.40784314 0.56078434 0.4745098 0.50980395 0.59607846 0.7882353 0.83137256 0.84705883 0.8784314 0.8666667 0.827451 0.7921569 0.7647059 0.7019608 0.6117647 0.5137255
0.6117647 0.59607846 0.6117647 0.50980395 0.44705883 0.39215687 0.25882354 0.27058825 0.2627451 0.30588236 0.5176471 0.6117647 0.60784316 0.6509804 0.57254905 0.46666667 0.44705883 0.59607846 0.49411765 0.4392157 0.5568628 0.79607844 0.81960785 0.8 0.80784315 0.7647059 0.67058825 0.6039216 0.57254905 0.54509807 0.49019608 0.42745098
0.5803922 0.5568628 0.53333336 0.41960785 0.44313726 0.31764707 0.2901961 0.30588236 0.24705882 0.2 0.24705882 0.34509805 0.5372549 0.68235296 0.5882353 0.46666667 0.43137255 0.5882353 0.5411765 0.5529412 0.5254902 0.5686275 0.56078434 0.56078434 0.5411765 0.54509807 0.5372549 0.5019608 0.46666667 0.44705883 0.45882353 0.39607844
0.5647059 0.5647059 0.4745098 0.33333334 0.45490196 0.41568628 0.4117647 0.39607844 0.3647059 0.30980393 0.25490198 0.23529412 0.5058824 0.5372549 0.60784316 0.5137255 0.42352942 0.59607846 0.5176471 0.5176471 0.48235294 0.4117647 0.48235294 0.5058824 0.5058824 0.5176471 0.53333336 0.50980395 0.4745098 0.44705883 0.42745098 0.34509805
0.5568628 0.5647059 0.47058824 0.35686275 0.38039216 0.3647059 0.4 0.42745098 0.49803922 0.48235294 0.44705883 0.46666667 0.56078434 0.36078432 0.58431375 0.6039216 0.52156866 0.69803923 0.67058825 0.5529412 0.52156866 0.49803922 0.58431375 0.5647059 0.54901963 0.5568628 0.5411765 0.5137255 0.49411765 0.46666667 0.3647059 0.27450982
0.5764706 0.39607844 0.28627452 0.25882354 0.24313726 0.20784314 0.21176471 0.2509804 0.30980393 0.3019608 0.4 0.56078434 0.50980395 0.37254903 0.6 0.6313726 0.5764706 0.7058824 0.67058825 0.5647059 0.5686275 0.5647059 0.69411767 0.6509804 0.59607846 0.59607846 0.57254905 0.5411765 0.5254902 0.49803922 0.34901962 0.24705882
0.5647059 0.23921569 0.21960784 0.29803923 0.2627451 0.25490198 0.19607843 0.13725491 0.12156863 0.11764706 0.14901961 0.22745098 0.31764707 0.36862746 0.5803922 0.5647059 0.5254902 0.6392157 0.61960787 0.5529412 0.5921569 0.56078434 0.6901961 0.654902 0.6156863 0.6 0.58431375 0.5686275 0.56078434 0.5137255 0.32941177 0.23921569
0.6 0.28627452 0.18431373 0.20392157 0.17254902 0.20392157 0.27058825 0.21176471 0.12941177 0.10980392 0.07058824 0.043137256 0.07450981 0.15686275 0.34509805 0.40784314 0.44313726 0.5254902 0.54901963 0.5568628 0.5686275 0.5372549 0.6313726 0.67058825 0.67058825 0.6039216 0.5921569 0.6117647 0.67058825 0.5921569 0.3372549 0.23921569
0.5686275 0.3137255 0.09019608 0.11372549 0.11372549 0.10980392 0.16078432 0.20784314 0.29803923 0.29803923 0.21176471 0.12156863 0.05882353 0.08627451 0.1254902 0.1764706 0.2784314 0.4627451 0.5411765 0.60784316 0.627451 0.6039216 0.6901961 0.76862746 0.73333335 0.5686275 0.5176471 0.5568628 0.6745098 0.63529414 0.37254903 0.24705882
0.5058824 0.38039216 0.18431373 0.23137255 0.24313726 0.22745098 0.21960784 0.22745098 0.28235295 0.32941177 0.29411766 0.2784314 0.18431373 0.12156863 0.12156863 0.12156863 0.1254902 0.25490198 0.4 0.47843137 0.5137255 0.56078434 0.6666667 0.72156864 0.6784314 0.5058824 0.40784314 0.43137255 0.5529412 0.5529412 0.38431373 0.29411766
0.4745098 0.41568628 0.20784314 0.1254902 0.11372549 0.09803922 0.078431375 0.078431375 0.08627451 0.09411765 0.09803922 0.14117648 0.12941177 0.1254902 0.14901961 0.17254902 0.16862746 0.14901961 0.2 0.2627451 0.2901961 0.34901962 0.5294118 0.6431373 0.6 0.48235294 0.3882353 0.41960785 0.44313726 0.47843137 0.44313726 0.34901962
0.37254903 0.39215687 0.3529412 0.2 0.07058824 0.023529412 0.003921569 0.0 0.0 0.0 0.003921569 0.0 0.0 0.02745098 0.05490196 0.09019608 0.1254902 0.14117648 0.17254902 0.2509804 0.28235295 0.27058825 0.3882353 0.5176471 0.38431373 0.3137255 0.34117648 0.5254902 0.5529412 0.44313726 0.3529412 0.3372549
0.2627451 0.3019608 0.3019608 0.3137255 0.19607843 0.05882353 0.003921569 0.003921569 0.003921569 0.007843138 0.011764706 0.015686275 0.015686275 0.007843138 0.015686275 0.015686275 0.043137256 0.0627451 0.09803922 0.18039216 0.22745098 0.24313726 0.30980393 0.36862746 0.27058825 0.2509804 0.3019608 0.36862746 0.36078432 0.3019608 0.2784314 0.2509804
0.32156864 0.36078432 0.3372549 0.36078432 0.36078432 0.14509805 0.0 0.0 0.007843138 0.015686275 0.015686275 0.015686275 0.007843138 0.007843138 0.019607844 0.019607844 0.03529412 0.05490196 0.08235294 0.12941177 0.16470589 0.1882353 0.24313726 0.23921569 0.3019608 0.3529412 0.34117648 0.3137255 0.26666668 0.30588236 0.2784314 0.2
0.3372549 0.3529412 0.3647059 0.3647059 0.36862746 0.1764706 0.007843138 0.003921569 0.011764706 0.015686275 0.019607844 0.019607844 0.011764706 0.007843138 0.011764706 0.019607844 0.03529412 0.09019608 0.10980392 0.11764706 0.13725491 0.14117648 0.15686275 0.2784314 0.45882353 0.5019608 0.48235294 0.46666667 0.43137255 0.40392157 0.3647059 0.33333334
0.23137255 0.22352941 0.22352941 0.21568628 0.24313726 0.13725491 0.03529412 0.011764706 0.007843138 0.007843138 0.007843138 0.015686275 0.019607844 0.019607844 0.023529412 0.03137255 0.047058824 0.11764706 0.14117648 0.10980392 0.105882354 0.14509805 0.30588236 0.49803922 0.5529412 0.5294118 0.5137255 0.49803922 0.47058824 0.44313726 0.4117647 0.38431373
0.13725491 0.14509805 0.15686275 0.14901961 0.17254902 0.105882354 0.06666667 0.023529412 0.019607844 0.023529412 0.023529412 0.03137255 0.043137256 0.043137256 0.047058824 0.05882353 0.07058824 0.09019608 0.105882354 0.08627451 0.13333334 0.3137255 0.5019608 0.5372549 0.5254902 0.5058824 0.49019608 0.47843137 0.45490196 0.4392157 0.4117647 0.3882353
0.15686275 0.16470589 0.16078432 0.14117648 0.14901961 0.09803922 0.09019608 0.047058824 0.03529412 0.03529412 0.039215688 0.047058824 0.05490196 0.0627451 0.06666667 0.06666667 0.06666667 0.050980393 0.07058824 0.15686275 0.32941177 0.47843137 0.50980395 0.5058824 0.49803922 0.47843137 0.4627451 0.45882353 0.4392157 0.43137255 0.40784314 0.39215687
0.14509805 0.14509805 0.16078432 0.14901961 0.14509805 0.09803922 0.09803922 0.050980393 0.039215688 0.039215688 0.039215688 0.047058824 0.05882353 0.05882353 0.06666667 0.09411765 0.14117648 0.19215687 0.2627451 0.37254903 0.4745098 0.5058824 0.47843137 0.49411765 0.4862745 0.4627451 0.4509804 0.44313726 0.42745098 0.41960785 0.39215687 0.3764706
0.13333334 0.14901961 0.16862746 0.15686275 0.13333334 0.08627451 0.08235294 0.043137256 0.03137255 0.043137256 0.047058824 0.06666667 0.12156863 0.1764706 0.24705882 0.30980393 0.37254903 0.42352942 0.45490196 0.45882353 0.4627451 0.48235294 0.47843137 0.4745098 0.46666667 0.44705883 0.4392157 0.42352942 0.41568628 0.4 0.37254903 0.36078432
0.12156863 0.1254902 0.13333334 0.14901961 0.1254902 0.078431375 0.078431375 0.0627451 0.07058824 0.12156863 0.18431373 0.25490198 0.34901962 0.40392157 0.4392157 0.4509804 0.4509804 0.4627451 0.46666667 0.45490196 0.44705883 0.45490196 0.47843137 0.4627451 0.44313726 0.43137255 0.42745098 0.40392157 0.40392157 0.39215687 0.36862746 0.3647059
0.40784314 0.41568628 0.43529412 0.4509804 0.44313726 0.43529412 0.43529412 0.40784314 0.4 0.40392157 0.42352942 0.41568628 0.47058824 0.5921569 0.43529412 0.43137255 0.36862746 0.32156864 0.33333334 0.34901962 0.3647059 0.39215687 0.4 0.4117647 0.43137255 0.42352942 0.41568628 0.40392157 0.39607844 0.3882353 0.37254903 0.36862746
0.41960785 0.43137255 0.44705883 0.4627451 0.4627451 0.4627451 0.4627451 0.4627451 0.4627451 0.4627451 0.47058824 0.43137255 0.42352942 0.47058824 0.3882353 0.41568628 0.36862746 0.32941177 0.3647059 0.3882353 0.40392157 0.43529412 0.43529412 0.44313726 0.4509804 0.44313726 0.43529412 0.42745098 0.41568628 0.40784314 0.39215687 0.3882353
0.4392157 0.4509804 0.46666667 0.4745098 0.47843137 0.48235294 0.4862745 0.48235294 0.47843137 0.47058824 0.47843137 0.44313726 0.39607844 0.42745098 0.3764706 0.4745098 0.41960785 0.38431373 0.3882353 0.41568628 0.40392157 0.4392157 0.43137255 0.42745098 0.44313726 0.45882353 0.4509804 0.44313726 0.43529412 0.42352942 0.4117647 0.40392157
0.4627451 0.4745098 0.4862745 0.4862745 0.49803922 0.49803922 0.5058824 0.5019608 0.49019608 0.4862745 0.5058824 0.49803922 0.44313726 0.52156866 0.44313726 0.49411765 0.42352942 0.40784314 0.39215687 0.42352942 0.36078432 0.35686275 0.40784314 0.4392157 0.4627451 0.47058824 0.46666667 0.4627451 0.45490196 0.44313726 0.43137255 0.42745098
0.48235294 0.49019608 0.5058824 0.5058824 0.5137255 0.5176471 0.5294118 0.52156866 0.50980395 0.49019608 0.47843137 0.46666667 0.4117647 0.50980395 0.39215687 0.39215687 0.36078432 0.39607844 0.3647059 0.38431373 0.39215687 0.42352942 0.48235294 0.5137255 0.49803922 0.49019608 0.48235294 0.47843137 0.4745098 0.4627451 0.4509804 0.44705883
0.5058824 0.5137255 0.5137255 0.52156866 0.53333336 0.5372549 0.50980395 0.47058824 0.4509804 0.42352942 0.42745098 0.4 0.40392157 0.58431375 0.40784314 0.44313726 0.43529412 0.5019608 0.4509804 0.42745098 0.46666667 0.52156866 0.53333336 0.5294118 0.5176471 0.5137255 0.5019608 0.49411765 0.48235294 0.47843137 0.47058824 0.46666667
0.5294118 0.4745098 0.4627451 0.5411765 0.56078434 0.5529412 0.5254902 0.49411765 0.49019608 0.49803922 0.52156866 0.5137255 0.52156866 0.67058825 0.47843137 0.5058824 0.4862745 0.4862745 0.40784314 0.4117647 0.45490196 0.5019608 0.5019608 0.5019608 0.52156866 0.5411765 0.5294118 0.50980395 0.49019608 0.49019608 0.48235294 0.49019608
0.5411765 0.44705883 0.41568628 0.5294118 0.6117647 0.5803922 0.58431375 0.5882353 0.5882353 0.5803922 0.5882353 0.54901963 0.5529412 0.6862745 0.5137255 0.5019608 0.42745098 0.39607844 0.39215687 0.3882353 0.44313726 0.5137255 0.5372549 0.5411765 0.5568628 0.5647059 0.54901963 0.5411765 0.56078434 0.5529412 0.5137255 0.5647059
0.5568628 0.52156866 0.47843137 0.44705883 0.56078434 0.6 0.5921569 0.6117647 0.6156863 0.58431375 0.59607846 0.54901963 0.5803922 0.7176471 0.56078434 0.5254902 0.46666667 0.46666667 0.4745098 0.45490196 0.50980395 0.5921569 0.5764706 0.5411765 0.52156866 0.5529412 0.6117647 0.6627451 0.7764706 0.7490196 0.6509804 0.6627451
0.627451 0.60784316 0.6117647 0.56078434 0.46666667 0.53333336 0.6117647 0.6392157 0.6313726 0.6039216 0.6039216 0.54901963 0.59607846 0.7137255 0.57254905 0.50980395 0.5058824 0.5529412 0.50980395 0.42745098 0.44705883 0.48235294 0.47058824 0.46666667 0.52156866 0.65882355 0.8 0.8509804 0.87058824 0.85490197 0.7411765 0.7058824
0.68235296 0.69803923 0.7294118 0.6666667 0.5372549 0.50980395 0.50980395 0.5764706 0.627451 0.61960787 0.6117647 0.5176471 0.54509807 0.67058825 0.5058824 0.43529412 0.43137255 0.5568628 0.47058824 0.47058824 0.5058824 0.6039216 0.64705884 0.73333335 0.8039216 0.8862745 0.92156863 0.9019608 0.8745098 0.8156863 0.74509805 0.7019608
0.69411767 0.70980394 0.7294118 0.654902 0.5882353 0.54901963 0.34509805 0.36862746 0.4745098 0.5647059 0.6784314 0.57254905 0.5568628 0.67058825 0.5647059 0.49803922 0.50980395 0.6509804 0.5372549 0.5568628 0.65882355 0.8392157 0.87058824 0.8745098 0.9019608 0.9137255 0.88235295 0.8509804 0.827451 0.77254903 0.7058824 0.63529414
0.6784314 0.6627451 0.6784314 0.61960787 0.5686275 0.45490196 0.2627451 0.2509804 0.27058825 0.32156864 0.54509807 0.6509804 0.6901961 0.7411765 0.6509804 0.54901963 0.56078434 0.7019608 0.5686275 0.49803922 0.6039216 0.8156863 0.8392157 0.8235294 0.8392157 0.8392157 0.7647059 0.7176471 0.7019608 0.6784314 0.61960787 0.54509807
0.65882355 0.627451 0.59607846 0.5176471 0.54509807 0.36078432 0.2627451 0.24705882 0.21568628 0.18431373 0.24313726 0.35686275 0.6117647 0.77254903 0.67058825 0.5411765 0.54901963 0.7058824 0.6156863 0.61960787 0.5921569 0.61960787 0.62352943 0.63529414 0.62352943 0.6392157 0.654902 0.64705884 0.63529414 0.62352943 0.60784316 0.49019608
0.6509804 0.6392157 0.53333336 0.39607844 0.5137255 0.44313726 0.39607844 0.36078432 0.3372549 0.29411766 0.2509804 0.24705882 0.56078434 0.6039216 0.67058825 0.5686275 0.52156866 0.69803923 0.5764706 0.57254905 0.5686275 0.5372549 0.61960787 0.654902 0.654902 0.6431373 0.6627451 0.6627451 0.64705884 0.6156863 0.56078434 0.42352942
0.6392157 0.627451 0.5176471 0.3882353 0.39607844 0.37254903 0.4 0.41568628 0.4745098 0.46666667 0.44313726 0.4745098 0.59607846 0.4 0.62352943 0.63529414 0.5921569 0.7764706 0.7137255 0.6039216 0.6039216 0.627451 0.7254902 0.7176471 0.7058824 0.69411767 0.68235296 0.6666667 0.65882355 0.61960787 0.47843137 0.32941177
0.6392157 0.43137255 0.3019608 0.25882354 0.23137255 0.2 0.20784314 0.24313726 0.28235295 0.28627452 0.39607844 0.5647059 0.5294118 0.39215687 0.61960787 0.64705884 0.627451 0.7607843 0.69803923 0.6039216 0.63529414 0.6509804 0.7882353 0.75686276 0.7137255 0.7254902 0.70980394 0.68235296 0.67058825 0.63529414 0.43529412 0.2784314
0.59607846 0.23921569 0.1882353 0.27058825 0.23921569 0.23137255 0.18039216 0.12156863 0.09411765 0.101960786 0.14509805 0.23137255 0.3372549 0.39607844 0.6039216 0.5882353 0.5686275 0.6745098 0.63529414 0.5882353 0.64705884 0.62352943 0.75686276 0.73333335 0.7058824 0.7137255 0.7058824 0.68235296 0.6745098 0.63529414 0.39607844 0.23921569
0.60784316 0.2627451 0.12941177 0.16862746 0.15294118 0.17254902 0.23921569 0.18431373 0.101960786 0.09411765 0.0627451 0.043137256 0.105882354 0.19607843 0.38431373 0.44705883 0.48235294 0.54901963 0.5568628 0.5803922 0.61960787 0.6039216 0.7058824 0.75686276 0.7647059 0.70980394 0.69803923 0.7137255 0.7647059 0.69803923 0.39215687 0.22745098
0.5921569 0.32156864 0.09019608 0.11764706 0.11764706 0.105882354 0.14901961 0.1882353 0.26666668 0.27450982 0.1882353 0.105882354 0.07450981 0.10980392 0.14901961 0.2 0.3019608 0.4862745 0.5568628 0.62352943 0.654902 0.6392157 0.7372549 0.827451 0.80784315 0.654902 0.60784316 0.6431373 0.7647059 0.7176471 0.42352942 0.2627451
0.54901963 0.4117647 0.21176471 0.24705882 0.2509804 0.23137255 0.21960784 0.22352941 0.27058825 0.31764707 0.28235295 0.26666668 0.19215687 0.13725491 0.13725491 0.13725491 0.14509805 0.27450982 0.41960785 0.49411765 0.5294118 0.5764706 0.69803923 0.7647059 0.7372549 0.5764706 0.47843137 0.5058824 0.6313726 0.627451 0.44705883 0.33333334
0.52156866 0.44705883 0.23529412 0.13333334 0.11372549 0.101960786 0.08235294 0.08627451 0.09411765 0.105882354 0.11372549 0.15294118 0.14117648 0.14117648 0.16470589 0.19215687 0.1882353 0.16862746 0.21568628 0.2784314 0.30980393 0.37254903 0.5568628 0.6745098 0.6431373 0.53333336 0.44705883 0.4745098 0.5019608 0.54509807 0.50980395 0.39607844
0.4117647 0.41568628 0.3647059 0.19607843 0.05882353 0.02745098 0.015686275 0.019607844 0.023529412 0.03137255 0.03529412 0.02745098 0.015686275 0.043137256 0.07058824 0.105882354 0.14117648 0.16078432 0.1882353 0.26666668 0.29803923 0.29411766 0.4117647 0.5411765 0.40784314 0.34509805 0.3764706 0.56078434 0.5882353 0.49411765 0.4117647 0.38431373
0.2784314 0.3019608 0.2901961 0.2901961 0.17254902 0.05882353 0.02745098 0.03137255 0.02745098 0.03529412 0.039215688 0.039215688 0.03137255 0.023529412 0.03137255 0.03137255 0.0627451 0.08235294 0.11372549 0.19215687 0.24705882 0.27058825 0.32941177 0.38431373 0.2784314 0.2627451 0.3137255 0.38039216 0.37254903 0.32941177 0.3137255 0.28235295
0.30588236 0.32941177 0.29803923 0.31764707 0.32941177 0.14509805 0.02745098 0.02745098 0.019607844 0.02745098 0.02745098 0.02745098 0.023529412 0.023529412 0.03529412 0.03529412 0.050980393 0.07450981 0.09803922 0.14117648 0.1882353 0.21960784 0.25882354 0.24313726 0.29411766 0.3529412 0.3372549 0.30588236 0.25882354 0.3019608 0.28235295 0.20784314
0.31764707 0.3254902 0.33333334 0.32941177 0.34509805 0.1764706 0.03137255 0.02745098 0.019607844 0.023529412 0.02745098 0.02745098 0.02745098 0.023529412 0.03137255 0.039215688 0.050980393 0.10980392 0.1254902 0.13333334 0.15294118 0.16078432 0.16862746 0.27450982 0.44705883 0.49803922 0.47843137 0.45882353 0.42352942 0.39215687 0.35686275 0.33333334
0.23529412 0.22352941 0.22745098 0.20784314 0.23137255 0.14117648 0.047058824 0.02745098 0.019607844 0.019607844 0.023529412 0.02745098 0.039215688 0.039215688 0.043137256 0.05490196 0.06666667 0.13725491 0.16078432 0.12941177 0.11372549 0.14117648 0.29803923 0.4862745 0.54509807 0.5294118 0.5137255 0.49803922 0.4745098 0.44313726 0.41568628 0.3882353
0.14509805 0.15294118 0.16470589 0.14509805 0.16470589 0.105882354 0.07450981 0.039215688 0.039215688 0.039215688 0.039215688 0.047058824 0.05490196 0.05490196 0.0627451 0.07058824 0.08627451 0.101960786 0.11764706 0.09803922 0.13725491 0.3019608 0.49019608 0.5254902 0.5176471 0.5058824 0.49411765 0.48235294 0.45882353 0.44313726 0.41568628 0.39215687
0.16470589 0.17254902 0.16862746 0.13725491 0.14117648 0.101960786 0.09803922 0.0627451 0.05490196 0.05490196 0.05882353 0.0627451 0.0627451 0.0627451 0.07058824 0.07058824 0.07058824 0.05490196 0.078431375 0.16078432 0.32941177 0.46666667 0.49803922 0.49411765 0.49019608 0.47843137 0.46666667 0.45882353 0.44313726 0.43529412 0.4117647 0.39607844
0.15294118 0.15294118 0.16862746 0.14509805 0.13725491 0.09803922 0.105882354 0.06666667 0.05882353 0.05882353 0.05882353 0.0627451 0.0627451 0.05882353 0.06666667 0.09411765 0.14509805 0.19215687 0.26666668 0.3764706 0.47058824 0.49411765 0.46666667 0.47843137 0.47843137 0.46666667 0.45490196 0.44705883 0.43137255 0.42352942 0.39607844 0.38039216
0.14117648 0.15686275 0.1764706 0.15294118 0.12941177 0.08627451 0.09019608 0.05882353 0.050980393 0.0627451 0.07058824 0.08627451 0.12156863 0.17254902 0.24313726 0.30588236 0.37254903 0.42352942 0.45490196 0.45882353 0.45882353 0.47058824 0.46666667 0.4627451 0.45882353 0.4509804 0.44313726 0.42745098 0.41960785 0.40392157 0.3764706 0.3647059
0.12941177 0.13333334 0.14509805 0.14509805 0.11764706 0.078431375 0.08627451 0.078431375 0.09411765 0.14117648 0.20392157 0.27450982 0.34509805 0.39607844 0.43137255 0.44313726 0.44313726 0.45490196 0.45882353 0.44705883 0.43529412 0.44313726 0.46666667 0.44705883 0.43137255 0.43137255 0.43137255 0.40784314 0.40392157 0.39607844 0.37254903 0.36862746
0.6784314 0.6784314 0.7019608 0.7137255 0.7058824 0.69803923 0.69803923 0.6666667 0.6392157 0.62352943 0.61960787 0.5921569 0.5686275 0.6313726 0.5647059 0.6745098 0.60784316 0.42352942 0.5137255 0.50980395 0.5686275 0.60784316 0.60784316 0.64705884 0.7019608 0.6901961 0.6745098 0.6666667 0.65882355 0.64705884 0.6313726 0.6313726
0.69411767 0.69803923 0.7176471 0.7254902 0.7254902 0.7254902 0.7254902 0.7294118 0.7372549 0.72156864 0.70980394 0.6392157 0.50980395 0.48235294 0.48235294 0.61960787 0.5882353 0.42745098 0.5372549 0.54509807 0.60784316 0.67058825 0.67058825 0.7019608 0.73333335 0.7137255 0.69803923 0.6901961 0.6784314 0.67058825 0.6509804 0.6509804
0.70980394 0.7137255 0.7294118 0.73333335 0.7372549 0.7411765 0.74509805 0.7529412 0.76862746 0.74509805 0.73333335 0.67058825 0.52156866 0.47843137 0.49803922 0.69803923 0.6431373 0.47058824 0.5529412 0.56078434 0.5882353 0.6392157 0.64705884 0.6627451 0.69411767 0.7137255 0.7058824 0.69803923 0.69411767 0.6784314 0.6627451 0.6627451
0.7254902 0.73333335 0.74509805 0.74509805 0.7529412 0.7529412 0.7607843 0.7647059 0.76862746 0.7490196 0.74509805 0.7176471 0.60784316 0.61960787 0.6039216 0.74509805 0.654902 0.4862745 0.54509807 0.56078434 0.52156866 0.52156866 0.59607846 0.64705884 0.6784314 0.72156864 0.72156864 0.7176471 0.70980394 0.69411767 0.68235296 0.68235296
0.7411765 0.74509805 0.7607843 0.7607843 0.76862746 0.77254903 0.78431374 0.7764706 0.75686276 0.7137255 0.68235296 0.6509804 0.54901963 0.5803922 0.5176471 0.59607846 0.5647059 0.46666667 0.50980395 0.5137255 0.5529412 0.6039216 0.69803923 0.74509805 0.7254902 0.7372549 0.7372549 0.73333335 0.7294118 0.70980394 0.69803923 0.69803923
0.75686276 0.7529412 0.7490196 0.76862746 0.7882353 0.78431374 0.7411765 0.69411767 0.6784314 0.63529414 0.62352943 0.58431375 0.52156866 0.62352943 0.5058824 0.62352943 0.62352943 0.58431375 0.5921569 0.5764706 0.63529414 0.7254902 0.77254903 0.78431374 0.76862746 0.7647059 0.75686276 0.74509805 0.7372549 0.7294118 0.7176471 0.70980394
0.7647059 0.6862745 0.65882355 0.7607843 0.8156863 0.79607844 0.7294118 0.6784314 0.7058824 0.7176471 0.7372549 0.7294118 0.67058825 0.7372549 0.6117647 0.72156864 0.6784314 0.5882353 0.53333336 0.5882353 0.6313726 0.7058824 0.7254902 0.7411765 0.77254903 0.79607844 0.78039217 0.75686276 0.7372549 0.73333335 0.7137255 0.7137255
0.75686276 0.63529414 0.5882353 0.70980394 0.827451 0.8235294 0.8156863 0.79607844 0.78431374 0.76862746 0.76862746 0.73333335 0.7254902 0.78039217 0.6509804 0.69803923 0.59607846 0.48235294 0.49019608 0.54901963 0.6039216 0.72156864 0.7490196 0.75686276 0.78039217 0.80784315 0.78431374 0.75686276 0.7607843 0.7490196 0.7058824 0.7490196
0.7411765 0.6901961 0.6392157 0.5803922 0.72156864 0.8235294 0.8509804 0.85882354 0.83137256 0.7764706 0.7647059 0.7137255 0.7764706 0.827451 0.6862745 0.6862745 0.6039216 0.5294118 0.5372549 0.5764706 0.64705884 0.79607844 0.77254903 0.7137255 0.6901961 0.7372549 0.7764706 0.7921569 0.88235295 0.8627451 0.78431374 0.8
0.7764706 0.7529412 0.7529412 0.6666667 0.5921569 0.7294118 0.8352941 0.8666667 0.8745098 0.83137256 0.8 0.7411765 0.80784315 0.827451 0.6901961 0.64705884 0.6313726 0.6039216 0.5529412 0.5254902 0.5568628 0.64705884 0.61960787 0.5882353 0.62352943 0.74509805 0.8666667 0.8862745 0.8784314 0.9019608 0.83137256 0.81960785
0.8039216 0.8156863 0.8509804 0.77254903 0.65882355 0.654902 0.6431373 0.7137255 0.8235294 0.8117647 0.78431374 0.69411767 0.7372549 0.77254903 0.61960787 0.5764706 0.57254905 0.62352943 0.5137255 0.5647059 0.59607846 0.70980394 0.7372549 0.8039216 0.85490197 0.9098039 0.9372549 0.9098039 0.87058824 0.8509804 0.81960785 0.8156863
0.79607844 0.8117647 0.8352941 0.7764706 0.72156864 0.654902 0.38431373 0.3882353 0.5647059 0.6627451 0.76862746 0.68235296 0.7137255 0.7647059 0.6784314 0.654902 0.6745098 0.73333335 0.5882353 0.65882355 0.73333335 0.8901961 0.9137255 0.9019608 0.92156863 0.9254902 0.9019608 0.8901961 0.88235295 0.83137256 0.78431374 0.7647059
0.78431374 0.7764706 0.79607844 0.7607843 0.6901961 0.5019608 0.24313726 0.21960784 0.27450982 0.33333334 0.5647059 0.6901961 0.79607844 0.84313726 0.78431374 0.7254902 0.7294118 0.80784315 0.627451 0.5647059 0.6509804 0.8392157 0.8666667 0.84705883 0.8666667 0.8745098 0.8235294 0.8039216 0.80784315 0.7882353 0.73333335 0.6666667
0.78431374 0.7529412 0.72156864 0.64705884 0.6313726 0.3647059 0.23137255 0.22352941 0.19607843 0.17254902 0.23921569 0.3647059 0.6509804 0.84313726 0.77254903 0.6745098 0.69411767 0.81960785 0.6745098 0.64705884 0.627451 0.68235296 0.6901961 0.70980394 0.7058824 0.72156864 0.7490196 0.7647059 0.77254903 0.77254903 0.7490196 0.58431375
0.78431374 0.75686276 0.64705884 0.4862745 0.5568628 0.43529412 0.3764706 0.34901962 0.31764707 0.2784314 0.2509804 0.24705882 0.5529412 0.60784316 0.69803923 0.61960787 0.61960787 0.7921569 0.627451 0.6039216 0.6313726 0.6509804 0.7411765 0.7882353 0.7921569 0.7647059 0.7882353 0.80784315 0.80784315 0.77254903 0.6784314 0.4745098
0.76862746 0.7254902 0.5921569 0.41960785 0.39607844 0.35686275 0.38431373 0.4 0.4509804 0.45490196 0.4392157 0.4745098 0.5921569 0.40392157 0.6392157 0.6666667 0.6627451 0.84313726 0.7529412 0.63529414 0.6745098 0.7490196 0.85490197 0.85490197 0.8509804 0.8392157 0.83137256 0.83137256 0.83137256 0.76862746 0.5647059 0.3372549
0.7490196 0.49411765 0.32941177 0.23529412 0.19215687 0.18039216 0.18431373 0.21568628 0.2627451 0.27450982 0.39215687 0.57254905 0.5568628 0.43137255 0.6627451 0.69803923 0.6784314 0.79607844 0.72156864 0.6431373 0.69803923 0.73333335 0.8784314 0.85490197 0.8235294 0.85882354 0.8509804 0.827451 0.81960785 0.7647059 0.49411765 0.25490198
0.6862745 0.26666668 0.16078432 0.20392157 0.18431373 0.20392157 0.13725491 0.06666667 0.07450981 0.09019608 0.14117648 0.23921569 0.3647059 0.42745098 0.63529414 0.6156863 0.5882353 0.6862745 0.64705884 0.6313726 0.70980394 0.6862745 0.8235294 0.8117647 0.79607844 0.81960785 0.8117647 0.7921569 0.7764706 0.7294118 0.43137255 0.20784314
0.6745098 0.2627451 0.08235294 0.09803922 0.105882354 0.14901961 0.1882353 0.11764706 0.078431375 0.078431375 0.050980393 0.039215688 0.09803922 0.18431373 0.3647059 0.42352942 0.47058824 0.54509807 0.5647059 0.62352943 0.6862745 0.67058825 0.78039217 0.84313726 0.85490197 0.7921569 0.7764706 0.78039217 0.827451 0.7607843 0.4117647 0.2
0.64705884 0.3254902 0.050980393 0.07450981 0.09411765 0.09019608 0.1254902 0.14901961 0.22352941 0.22745098 0.14901961 0.07058824 0.05882353 0.09803922 0.13333334 0.18431373 0.28235295 0.47058824 0.5529412 0.6392157 0.6862745 0.68235296 0.7921569 0.8980392 0.8862745 0.7411765 0.6862745 0.7019608 0.80784315 0.7607843 0.44705883 0.24705882
0.5921569 0.43529412 0.18431373 0.21176471 0.23137255 0.21176471 0.20392157 0.2 0.22745098 0.27058825 0.23529412 0.22745098 0.18039216 0.13725491 0.13333334 0.13333334 0.12941177 0.25490198 0.4117647 0.49803922 0.54509807 0.60784316 0.7372549 0.81960785 0.8 0.654902 0.5529412 0.56078434 0.6666667 0.6666667 0.47843137 0.3254902
0.5568628 0.49411765 0.2509804 0.12156863 0.09411765 0.08235294 0.06666667 0.06666667 0.07058824 0.078431375 0.08235294 0.1254902 0.13333334 0.13725491 0.16078432 0.18431373 0.17254902 0.14901961 0.21176471 0.28627452 0.3254902 0.39607844 0.5882353 0.7137255 0.6862745 0.5882353 0.49803922 0.5176471 0.5372549 0.58431375 0.5411765 0.4
0.43529412 0.46666667 0.40392157 0.2 0.043137256 0.011764706 0.0 0.0 0.007843138 0.015686275 0.019607844 0.011764706 0.011764706 0.039215688 0.06666667 0.101960786 0.1254902 0.14117648 0.18431373 0.27058825 0.3137255 0.3137255 0.42745098 0.5568628 0.42745098 0.36862746 0.40392157 0.5921569 0.61960787 0.5294118 0.4392157 0.3882353
0.2901961 0.34117648 0.31764707 0.2901961 0.16470589 0.043137256 0.003921569 0.003921569 0.011764706 0.019607844 0.019607844 0.02745098 0.02745098 0.019607844 0.02745098 0.02745098 0.047058824 0.06666667 0.10980392 0.2 0.25882354 0.2784314 0.3372549 0.3764706 0.27058825 0.25882354 0.31764707 0.39607844 0.39607844 0.34509805 0.31764707 0.27450982
0.30980393 0.3529412 0.2901961 0.30588236 0.3254902 0.12941177 0.0 0.0 0.0 0.003921569 0.003921569 0.003921569 0.015686275 0.019607844 0.03137255 0.02745098 0.03529412 0.05490196 0.09019608 0.14901961 0.2 0.22745098 0.25490198 0.22352941 0.27058825 0.3254902 0.32156864 0.30980393 0.2784314 0.3019608 0.2627451 0.18039216
0.30588236 0.31764707 0.29803923 0.3019608 0.33333334 0.16078432 0.011764706 0.007843138 0.003921569 0.007843138 0.007843138 0.011764706 0.011764706 0.011764706 0.015686275 0.019607844 0.03137255 0.09411765 0.11764706 0.13333334 0.15294118 0.15294118 0.14901961 0.24705882 0.4117647 0.4627451 0.45490196 0.44705883 0.42352942 0.38039216 0.32941177 0.3019608
0.19607843 0.1882353 0.18431373 0.17254902 0.21176471 0.1254902 0.039215688 0.023529412 0.019607844 0.019607844 0.019607844 0.023529412 0.015686275 0.011764706 0.015686275 0.023529412 0.043137256 0.12156863 0.14509805 0.11764706 0.09803922 0.10980392 0.26666668 0.4509804 0.50980395 0.5019608 0.49019608 0.47843137 0.45490196 0.41960785 0.3882353 0.36078432
0.101960786 0.10980392 0.12156863 0.10980392 0.14117648 0.09019608 0.07058824 0.039215688 0.03529412 0.03529412 0.03529412 0.043137256 0.039215688 0.039215688 0.043137256 0.050980393 0.06666667 0.08235294 0.09803922 0.08235294 0.11372549 0.26666668 0.45490196 0.49019608 0.48235294 0.48235294 0.47058824 0.45882353 0.43529412 0.41960785 0.39607844 0.36862746
0.12156863 0.12941177 0.1254902 0.101960786 0.11764706 0.08627451 0.09411765 0.05882353 0.043137256 0.039215688 0.043137256 0.050980393 0.05490196 0.05882353 0.06666667 0.06666667 0.05490196 0.03137255 0.05490196 0.13725491 0.3019608 0.43137255 0.4627451 0.45882353 0.45490196 0.45490196 0.44313726 0.43529412 0.41960785 0.4117647 0.3882353 0.37254903
0.10980392 0.10980392 0.1254902 0.11372549 0.11372549 0.08235294 0.101960786 0.05882353 0.03529412 0.03529412 0.03529412 0.039215688 0.047058824 0.047058824 0.05490196 0.08235294 0.12156863 0.16078432 0.23529412 0.34509805 0.4392157 0.45882353 0.43137255 0.44313726 0.44313726 0.4392157 0.43137255 0.42352942 0.40784314 0.4 0.37254903 0.35686275
0.09803922 0.11372549 0.13333334 0.11764706 0.101960786 0.07058824 0.08627451 0.050980393 0.023529412 0.03137255 0.039215688 0.05490196 0.08627451 0.13725491 0.20784314 0.27058825 0.33333334 0.38039216 0.4117647 0.41568628 0.41960785 0.43529412 0.43137255 0.42745098 0.42352942 0.42352942 0.41960785 0.40392157 0.39607844 0.38039216 0.3529412 0.34117648
0.08627451 0.09411765 0.101960786 0.10980392 0.09803922 0.06666667 0.078431375 0.0627451 0.05490196 0.101960786 0.16470589 0.23137255 0.29411766 0.34117648 0.3764706 0.3882353 0.39607844 0.4117647 0.41568628 0.40392157 0.39607844 0.40784314 0.43137255 0.41568628 0.4 0.40784314 0.40784314 0.38431373 0.38431373 0.37254903 0.34901962 0.34509805
7 20 2
7 20 0
29 28 0
20 31 0
2 4 1
22 28 0
23 11 0
23 30 2
15 16 1
3 13 1
23 7 0
30 27 2
0 26 2
20 0 0
4 20 2
1 4 2
17 23 2
1 5 2
31 20 0
31 17 0
8 28 0
9 7 0
12 19 2
28 25 2
16 28 1
27 17 1
18 8 2
2 2 2
25 0 2
4 19 2
