32, 32, 3, 50
0.78039217 0.7764706 0.78039217 0.78039217 0.78039217 0.78431374 0.7921569 0.7921569 0.79607844 0.8039216 0.8117647 0.8156863 0.8156863 0.8156863 0.8235294 0.8392157 0.8352941 0.827451 0.83137256 0.83137256 0.8235294 0.8156863 0.8117647 0.8 0.7921569 0.8 0.79607844 0.7921569 0.78431374 0.78039217 0.7764706 0.78431374
0.7647059 0.7647059 0.7647059 0.76862746 0.7764706 0.78431374 0.78431374 0.78431374 0.7882353 0.8 0.8039216 0.8039216 0.8039216 0.8039216 0.8117647 0.8235294 0.827451 0.827451 0.8235294 0.81960785 0.80784315 0.8117647 0.8 0.7921569 0.7921569 0.79607844 0.8 0.7882353 0.78431374 0.78431374 0.78039217 0.78039217
0.76862746 0.7647059 0.76862746 0.77254903 0.7764706 0.78039217 0.7882353 0.7882353 0.7882353 0.79607844 0.8 0.8 0.8039216 0.8156863 0.8156863 0.80784315 0.75686276 0.7254902 0.7372549 0.76862746 0.7529412 0.7490196 0.7607843 0.76862746 0.8 0.8039216 0.8039216 0.8039216 0.8 0.79607844 0.78431374 0.77254903
0.7764706 0.77254903 0.7882353 0.7882353 0.78431374 0.7882353 0.79607844 0.7882353 0.7882353 0.7882353 0.7647059 0.7137255 0.7490196 0.7607843 0.75686276 0.7529412 0.70980394 0.6784314 0.69411767 0.72156864 0.69411767 0.6901961 0.69803923 0.7058824 0.73333335 0.7372549 0.7372549 0.73333335 0.7372549 0.7058824 0.7176471 0.7921569
0.78431374 0.78431374 0.7882353 0.78431374 0.7921569 0.7921569 0.7882353 0.7882353 0.7764706 0.7254902 0.7019608 0.7058824 0.7921569 0.78431374 0.7647059 0.7490196 0.7529412 0.7647059 0.7647059 0.75686276 0.75686276 0.7607843 0.7529412 0.7529412 0.75686276 0.7529412 0.7490196 0.7411765 0.74509805 0.7137255 0.7254902 0.79607844
0.77254903 0.76862746 0.77254903 0.77254903 0.7764706 0.7764706 0.77254903 0.78039217 0.7254902 0.7176471 0.77254903 0.7019608 0.6627451 0.7882353 0.8627451 0.8666667 0.84705883 0.8156863 0.7921569 0.7921569 0.79607844 0.7921569 0.79607844 0.8 0.8117647 0.80784315 0.7921569 0.7921569 0.7882353 0.78039217 0.7764706 0.78039217
0.7294118 0.7294118 0.7372549 0.73333335 0.7372549 0.73333335 0.73333335 0.7254902 0.67058825 0.7372549 0.75686276 0.7058824 0.627451 0.67058825 0.75686276 0.83137256 0.87058824 0.84313726 0.80784315 0.7921569 0.7764706 0.7764706 0.78039217 0.76862746 0.7607843 0.7647059 0.7764706 0.78039217 0.77254903 0.77254903 0.74509805 0.73333335
0.7137255 0.7137255 0.7176471 0.72156864 0.7254902 0.7294118 0.73333335 0.6666667 0.6862745 0.74509805 0.7294118 0.7019608 0.72156864 0.7647059 0.7254902 0.77254903 0.78039217 0.76862746 0.7372549 0.7019608 0.64705884 0.6 0.54901963 0.49411765 0.43137255 0.43529412 0.5019608 0.63529414 0.72156864 0.7372549 0.6745098 0.6509804
0.7176471 0.72156864 0.7294118 0.73333335 0.7372549 0.7490196 0.7176471 0.654902 0.73333335 0.7490196 0.73333335 0.6745098 0.65882355 0.7294118 0.62352943 0.6039216 0.5568628 0.5176471 0.49803922 0.4509804 0.39215687 0.2901961 0.21176471 0.12156863 0.047058824 0.03529412 0.05882353 0.23137255 0.4745098 0.6117647 0.6627451 0.6784314
0.7411765 0.7372549 0.7411765 0.74509805 0.7137255 0.6784314 0.6666667 0.69803923 0.7529412 0.7294118 0.65882355 0.6117647 0.6862745 0.6039216 0.5058824 0.61960787 0.64705884 0.64705884 0.6431373 0.6313726 0.5058824 0.29803923 0.3372549 0.30980393 0.45490196 0.5019608 0.4627451 0.39607844 0.3019608 0.4509804 0.6627451 0.68235296
0.7294118 0.7254902 0.7254902 0.7294118 0.7176471 0.6666667 0.6627451 0.73333335 0.7372549 0.7019608 0.6117647 0.5647059 0.7647059 0.76862746 0.6431373 0.79607844 0.83137256 0.79607844 0.7294118 0.6745098 0.6313726 0.57254905 0.5647059 0.54509807 0.59607846 0.54901963 0.4117647 0.42745098 0.41568628 0.60784316 0.70980394 0.6784314
0.7294118 0.7137255 0.72156864 0.7019608 0.69803923 0.6666667 0.69803923 0.7294118 0.7176471 0.70980394 0.7137255 0.7176471 0.7607843 0.80784315 0.80784315 0.7921569 0.78039217 0.78431374 0.7607843 0.7372549 0.7137255 0.68235296 0.64705884 0.57254905 0.42745098 0.22352941 0.15294118 0.32941177 0.29411766 0.6 0.69411767 0.6627451
0.69411767 0.67058825 0.67058825 0.65882355 0.6509804 0.627451 0.6784314 0.69411767 0.69803923 0.5921569 0.45490196 0.56078434 0.69803923 0.7764706 0.7647059 0.7529412 0.7529412 0.7372549 0.7137255 0.67058825 0.62352943 0.56078434 0.45490196 0.2627451 0.09803922 0.039215688 0.03529412 0.050980393 0.09019608 0.25490198 0.4627451 0.654902
0.67058825 0.6627451 0.6627451 0.6392157 0.60784316 0.654902 0.68235296 0.6862745 0.69411767 0.61960787 0.38039216 0.19215687 0.31764707 0.6039216 0.7137255 0.7411765 0.7529412 0.7137255 0.654902 0.58431375 0.4862745 0.3137255 0.11764706 0.011764706 0.14901961 0.28627452 0.25882354 0.23137255 0.31764707 0.33333334 0.47843137 0.6784314
0.6862745 0.68235296 0.6666667 0.6156863 0.6313726 0.6901961 0.6901961 0.68235296 0.67058825 0.61960787 0.49411765 0.28627452 0.30588236 0.5764706 0.7254902 0.73333335 0.6666667 0.6039216 0.5254902 0.3647059 0.15686275 0.019607844 0.0 0.0 0.11764706 0.1882353 0.19215687 0.28235295 0.47843137 0.6117647 0.6627451 0.6784314
0.6862745 0.6784314 0.6745098 0.6117647 0.67058825 0.68235296 0.6745098 0.6666667 0.61960787 0.44705883 0.43137255 0.59607846 0.7294118 0.72156864 0.67058825 0.61960787 0.5372549 0.3882353 0.1764706 0.023529412 0.0 0.007843138 0.015686275 0.023529412 0.023529412 0.03529412 0.15686275 0.42352942 0.627451 0.67058825 0.65882355 0.6666667
0.7137255 0.7019608 0.654902 0.6745098 0.7254902 0.70980394 0.7019608 0.7019608 0.69803923 0.68235296 0.6745098 0.68235296 0.6509804 0.62352943 0.5686275 0.41960785 0.20784314 0.043137256 0.0 0.003921569 0.011764706 0.023529412 0.039215688 0.039215688 0.11372549 0.3647059 0.6117647 0.69803923 0.7294118 0.74509805 0.7294118 0.7372549
0.70980394 0.67058825 0.6313726 0.69411767 0.7019608 0.7137255 0.7176471 0.7058824 0.68235296 0.65882355 0.6117647 0.5686275 0.53333336 0.4117647 0.21960784 0.05882353 0.003921569 0.003921569 0.011764706 0.023529412 0.03137255 0.043137256 0.05882353 0.15294118 0.46666667 0.8117647 0.79607844 0.7019608 0.7137255 0.7294118 0.70980394 0.7176471
0.6745098 0.6 0.6 0.627451 0.62352943 0.64705884 0.6156863 0.60784316 0.60784316 0.53333336 0.47058824 0.43137255 0.41960785 0.2627451 0.03137255 0.007843138 0.015686275 0.011764706 0.015686275 0.043137256 0.050980393 0.07058824 0.22745098 0.5058824 0.69803923 0.8666667 0.83137256 0.69803923 0.6901961 0.7019608 0.68235296 0.6862745
0.61960787 0.5764706 0.58431375 0.5372549 0.4862745 0.5058824 0.54509807 0.5529412 0.5019608 0.42745098 0.40784314 0.49019608 0.54901963 0.3372549 0.0627451 0.02745098 0.03529412 0.02745098 0.03529412 0.050980393 0.11764706 0.33333334 0.5803922 0.67058825 0.67058825 0.8235294 0.8745098 0.7058824 0.6745098 0.6901961 0.6745098 0.6745098
0.5764706 0.6 0.60784316 0.56078434 0.5176471 0.47843137 0.49019608 0.5294118 0.47843137 0.49803922 0.5803922 0.48235294 0.22745098 0.05490196 0.02745098 0.03529412 0.03529412 0.039215688 0.05490196 0.16470589 0.43137255 0.64705884 0.6901961 0.6627451 0.64705884 0.7529412 0.8352941 0.7176471 0.67058825 0.6862745 0.6745098 0.6784314
0.57254905 0.6156863 0.63529414 0.6156863 0.56078434 0.53333336 0.4862745 0.5058824 0.58431375 0.5411765 0.31764707 0.09411765 0.015686275 0.02745098 0.039215688 0.03529412 0.03529412 0.07450981 0.2627451 0.56078434 0.6784314 0.6784314 0.68235296 0.67058825 0.6627451 0.6784314 0.7058824 0.6901961 0.68235296 0.6862745 0.6745098 0.6745098
0.5647059 0.58431375 0.5921569 0.6 0.6117647 0.63529414 0.6313726 0.5803922 0.3647059 0.12156863 0.03529412 0.03137255 0.043137256 0.05882353 0.050980393 0.047058824 0.12941177 0.39215687 0.63529414 0.6862745 0.67058825 0.6745098 0.6862745 0.6745098 0.65882355 0.6666667 0.6745098 0.67058825 0.67058825 0.6745098 0.6666667 0.6666667
0.6117647 0.61960787 0.62352943 0.627451 0.6431373 0.60784316 0.43529412 0.1882353 0.043137256 0.019607844 0.019607844 0.02745098 0.043137256 0.06666667 0.0627451 0.19215687 0.4745098 0.65882355 0.6784314 0.6745098 0.6666667 0.6666667 0.6745098 0.6666667 0.6509804 0.654902 0.6627451 0.6666667 0.6627451 0.6627451 0.6666667 0.6745098
0.6627451 0.6627451 0.6784314 0.6627451 0.5137255 0.2627451 0.078431375 0.02745098 0.039215688 0.05490196 0.05490196 0.05490196 0.0627451 0.1254902 0.32941177 0.5882353 0.6901961 0.68235296 0.6666667 0.6862745 0.7019608 0.7058824 0.7137255 0.7137255 0.70980394 0.7137255 0.7254902 0.7294118 0.72156864 0.72156864 0.7254902 0.74509805
0.67058825 0.6627451 0.58431375 0.36862746 0.14117648 0.050980393 0.047058824 0.047058824 0.050980393 0.07058824 0.07058824 0.07450981 0.2 0.47843137 0.6784314 0.7176471 0.7137255 0.7137255 0.7058824 0.7176471 0.72156864 0.7254902 0.7254902 0.72156864 0.7294118 0.7372549 0.73333335 0.73333335 0.7294118 0.7294118 0.73333335 0.7411765
0.6666667 0.5686275 0.2627451 0.09803922 0.0627451 0.05490196 0.050980393 0.047058824 0.05490196 0.07058824 0.12156863 0.31764707 0.5647059 0.6745098 0.69411767 0.7019608 0.69803923 0.7137255 0.70980394 0.7058824 0.70980394 0.70980394 0.7058824 0.70980394 0.7176471 0.72156864 0.72156864 0.7294118 0.72156864 0.7137255 0.7254902 0.72156864
0.6509804 0.6 0.3529412 0.101960786 0.078431375 0.0627451 0.050980393 0.0627451 0.08627451 0.1764706 0.41960785 0.6431373 0.7019608 0.6784314 0.6862745 0.7019608 0.7058824 0.72156864 0.70980394 0.7019608 0.69803923 0.69803923 0.70980394 0.7137255 0.7176471 0.72156864 0.7254902 0.7294118 0.72156864 0.7137255 0.7254902 0.7176471
0.6392157 0.6392157 0.59607846 0.2901961 0.09411765 0.08235294 0.07450981 0.101960786 0.27450982 0.5372549 0.65882355 0.67058825 0.6666667 0.6745098 0.6784314 0.6901961 0.7019608 0.70980394 0.7058824 0.69411767 0.6784314 0.6784314 0.6862745 0.69411767 0.7019608 0.7176471 0.7137255 0.7137255 0.7137255 0.7058824 0.70980394 0.72156864
0.5882353 0.58431375 0.5764706 0.50980395 0.20784314 0.09019608 0.13333334 0.33333334 0.5764706 0.64705884 0.6313726 0.627451 0.6313726 0.63529414 0.627451 0.61960787 0.627451 0.6313726 0.6431373 0.64705884 0.6392157 0.6313726 0.6313726 0.6431373 0.6509804 0.6431373 0.6392157 0.6431373 0.654902 0.6509804 0.64705884 0.65882355
0.5921569 0.5686275 0.5686275 0.54509807 0.3529412 0.21960784 0.42745098 0.57254905 0.61960787 0.6313726 0.6313726 0.63529414 0.6392157 0.63529414 0.63529414 0.6431373 0.64705884 0.654902 0.6627451 0.654902 0.6392157 0.6313726 0.627451 0.627451 0.627451 0.627451 0.62352943 0.6313726 0.6392157 0.6431373 0.63529414 0.654902
0.59607846 0.5921569 0.61960787 0.5254902 0.4509804 0.5372549 0.60784316 0.6117647 0.6392157 0.6392157 0.6431373 0.6431373 0.64705884 0.6431373 0.6509804 0.6784314 0.7019608 0.69803923 0.6901961 0.6862745 0.6745098 0.6509804 0.6392157 0.6392157 0.6431373 0.6392157 0.63529414 0.6392157 0.6392157 0.6392157 0.64705884 0.654902
0.7137255 0.70980394 0.7137255 0.7137255 0.7137255 0.72156864 0.7294118 0.7254902 0.73333335 0.73333335 0.7411765 0.74509805 0.74509805 0.74509805 0.75686276 0.77254903 0.76862746 0.75686276 0.75686276 0.75686276 0.7490196 0.7411765 0.7372549 0.7294118 0.72156864 0.7254902 0.7254902 0.7176471 0.7137255 0.7137255 0.7137255 0.72156864
0.69803923 0.69803923 0.69803923 0.7019608 0.7137255 0.72156864 0.7254902 0.72156864 0.7254902 0.7294118 0.73333335 0.73333335 0.73333335 0.73333335 0.7490196 0.7607843 0.7607843 0.75686276 0.75686276 0.75686276 0.74509805 0.74509805 0.7372549 0.73333335 0.7254902 0.7254902 0.7294118 0.7176471 0.7137255 0.72156864 0.7176471 0.7176471
0.69803923 0.69803923 0.7019608 0.7058824 0.7137255 0.7176471 0.7254902 0.7254902 0.7254902 0.7254902 0.7294118 0.7294118 0.73333335 0.74509805 0.7490196 0.7411765 0.69803923 0.68235296 0.7137255 0.7372549 0.7058824 0.69803923 0.7137255 0.7254902 0.74509805 0.73333335 0.73333335 0.73333335 0.7254902 0.7294118 0.72156864 0.70980394
0.70980394 0.70980394 0.7254902 0.72156864 0.7176471 0.7254902 0.73333335 0.7294118 0.7254902 0.7294118 0.7019608 0.64705884 0.6784314 0.6901961 0.6862745 0.6862745 0.64705884 0.6313726 0.654902 0.68235296 0.6509804 0.64705884 0.654902 0.6666667 0.6862745 0.6862745 0.68235296 0.6745098 0.6745098 0.6431373 0.65882355 0.73333335
0.72156864 0.72156864 0.7254902 0.72156864 0.7254902 0.7254902 0.7254902 0.7254902 0.7137255 0.6627451 0.6392157 0.6392157 0.7294118 0.72156864 0.7019608 0.6901961 0.69411767 0.7058824 0.70980394 0.69803923 0.69803923 0.7019608 0.69411767 0.69411767 0.6901961 0.6862745 0.68235296 0.6745098 0.6784314 0.6431373 0.654902 0.73333335
0.70980394 0.7058824 0.70980394 0.70980394 0.7137255 0.7137255 0.7058824 0.7137255 0.654902 0.64705884 0.7058824 0.6431373 0.6117647 0.7411765 0.8117647 0.8117647 0.7921569 0.7607843 0.7372549 0.7254902 0.7254902 0.72156864 0.7254902 0.7294118 0.72156864 0.70980394 0.7058824 0.70980394 0.70980394 0.7019608 0.7019608 0.7058824
0.6666667 0.6666667 0.6745098 0.67058825 0.6745098 0.67058825 0.67058825 0.654902 0.59607846 0.6627451 0.6862745 0.6509804 0.58431375 0.63529414 0.72156864 0.8 0.8392157 0.8117647 0.77254903 0.7529412 0.7254902 0.7254902 0.73333335 0.72156864 0.70980394 0.7058824 0.70980394 0.7058824 0.6901961 0.69803923 0.6784314 0.6627451
0.654902 0.6509804 0.6509804 0.6509804 0.6509804 0.65882355 0.67058825 0.6039216 0.61960787 0.67058825 0.6627451 0.654902 0.6901961 0.7372549 0.7176471 0.77254903 0.78039217 0.76862746 0.7372549 0.7058824 0.654902 0.6156863 0.56078434 0.49411765 0.43529412 0.43529412 0.4862745 0.6 0.67058825 0.6784314 0.6156863 0.5882353
0.6666667 0.65882355 0.65882355 0.654902 0.6666667 0.68235296 0.65882355 0.60784316 0.67058825 0.6745098 0.6745098 0.6431373 0.6431373 0.7137255 0.627451 0.61960787 0.57254905 0.53333336 0.5176471 0.48235294 0.44705883 0.35686275 0.26666668 0.15294118 0.05882353 0.05490196 0.08235294 0.25882354 0.49019608 0.58431375 0.60784316 0.6117647
0.68235296 0.6745098 0.6745098 0.6784314 0.68235296 0.6509804 0.62352943 0.64705884 0.6862745 0.6627451 0.6117647 0.5882353 0.6666667 0.5803922 0.49411765 0.62352943 0.64705884 0.6509804 0.6431373 0.63529414 0.52156866 0.3254902 0.36862746 0.32941177 0.4627451 0.5137255 0.49803922 0.4392157 0.33333334 0.4392157 0.6156863 0.627451
0.6627451 0.6627451 0.6627451 0.6745098 0.7019608 0.64705884 0.6156863 0.67058825 0.67058825 0.6509804 0.5882353 0.54901963 0.7490196 0.7372549 0.61960787 0.78039217 0.8156863 0.78039217 0.7137255 0.6666667 0.62352943 0.5647059 0.5764706 0.5764706 0.62352943 0.5803922 0.45490196 0.4627451 0.42745098 0.5803922 0.6509804 0.6117647
0.654902 0.654902 0.6627451 0.64705884 0.65882355 0.61960787 0.6313726 0.6627451 0.6509804 0.6745098 0.7019608 0.7137255 0.74509805 0.77254903 0.7764706 0.76862746 0.75686276 0.75686276 0.7372549 0.7294118 0.7058824 0.6784314 0.6666667 0.61960787 0.48235294 0.27450982 0.20392157 0.3529412 0.28627452 0.5568628 0.627451 0.5803922
0.6313726 0.63529414 0.6392157 0.6313726 0.60784316 0.5764706 0.6156863 0.62352943 0.62352943 0.56078434 0.4627451 0.58431375 0.7019608 0.74509805 0.7411765 0.7411765 0.7372549 0.72156864 0.69803923 0.6666667 0.6392157 0.59607846 0.49803922 0.3019608 0.12156863 0.0627451 0.06666667 0.08235294 0.10980392 0.27058825 0.45490196 0.59607846
0.627451 0.6313726 0.63529414 0.62352943 0.57254905 0.6039216 0.62352943 0.6156863 0.61960787 0.5764706 0.38039216 0.21960784 0.3372549 0.6039216 0.69411767 0.7254902 0.74509805 0.72156864 0.67058825 0.6117647 0.52156866 0.3529412 0.14901961 0.019607844 0.14901961 0.29803923 0.28627452 0.26666668 0.34509805 0.35686275 0.4745098 0.6313726
0.6509804 0.6431373 0.627451 0.5921569 0.58431375 0.6313726 0.6313726 0.61960787 0.6039216 0.58431375 0.4862745 0.29803923 0.32156864 0.5882353 0.7176471 0.72156864 0.6745098 0.6313726 0.5647059 0.40784314 0.1882353 0.03529412 0.0 0.011764706 0.14117648 0.22745098 0.23529412 0.3137255 0.4862745 0.60784316 0.6431373 0.6431373
0.6392157 0.627451 0.62352943 0.56078434 0.6117647 0.61960787 0.6156863 0.6039216 0.5647059 0.4392157 0.4392157 0.59607846 0.7294118 0.72156864 0.6862745 0.64705884 0.5686275 0.41568628 0.20392157 0.043137256 0.0 0.003921569 0.019607844 0.050980393 0.08627451 0.10980392 0.20784314 0.42745098 0.5803922 0.6117647 0.6117647 0.62352943
0.6431373 0.6431373 0.5803922 0.5882353 0.6313726 0.627451 0.6392157 0.6627451 0.68235296 0.69411767 0.6901961 0.6862745 0.64705884 0.61960787 0.6039216 0.47058824 0.23137255 0.047058824 0.0 0.007843138 0.015686275 0.03529412 0.08235294 0.1254902 0.16862746 0.34117648 0.5647059 0.65882355 0.6509804 0.6431373 0.64705884 0.65882355
0.64705884 0.61960787 0.57254905 0.627451 0.63529414 0.65882355 0.68235296 0.69411767 0.6862745 0.654902 0.60784316 0.5803922 0.5647059 0.4509804 0.2784314 0.101960786 0.015686275 0.011764706 0.023529412 0.043137256 0.07450981 0.11372549 0.13725491 0.21960784 0.4509804 0.6745098 0.6509804 0.63529414 0.6431373 0.6392157 0.63529414 0.6392157
0.6313726 0.5647059 0.5764706 0.6156863 0.6313726 0.6627451 0.6313726 0.6156863 0.6156863 0.5686275 0.5058824 0.44705883 0.43137255 0.28627452 0.078431375 0.050980393 0.047058824 0.047058824 0.06666667 0.101960786 0.13333334 0.16470589 0.28235295 0.49803922 0.61960787 0.69411767 0.654902 0.6156863 0.627451 0.63529414 0.627451 0.6313726
0.5764706 0.5411765 0.58431375 0.5647059 0.5294118 0.5529412 0.5803922 0.5803922 0.5254902 0.47843137 0.4392157 0.47843137 0.5254902 0.33333334 0.09411765 0.06666667 0.07058824 0.08235294 0.12156863 0.15686275 0.20392157 0.3647059 0.56078434 0.61960787 0.5921569 0.654902 0.6901961 0.62352943 0.61960787 0.62352943 0.6156863 0.6156863
0.53333336 0.56078434 0.5921569 0.5686275 0.54901963 0.5294118 0.5372549 0.56078434 0.47843137 0.47843137 0.54901963 0.4627451 0.23921569 0.101960786 0.07058824 0.08235294 0.101960786 0.12941177 0.15686275 0.24705882 0.45882353 0.60784316 0.61960787 0.6 0.5921569 0.63529414 0.69803923 0.6431373 0.6156863 0.61960787 0.60784316 0.60784316
0.5372549 0.5803922 0.5921569 0.57254905 0.5529412 0.5568628 0.5137255 0.50980395 0.54901963 0.5058824 0.3137255 0.12156863 0.06666667 0.08627451 0.105882354 0.12941177 0.15294118 0.16862746 0.3137255 0.53333336 0.61960787 0.6156863 0.6156863 0.60784316 0.6 0.6156863 0.6392157 0.627451 0.61960787 0.62352943 0.6117647 0.6117647
0.5176471 0.53333336 0.53333336 0.5411765 0.5686275 0.5882353 0.5803922 0.5529412 0.36862746 0.14901961 0.078431375 0.09019608 0.105882354 0.12156863 0.15686275 0.16862746 0.20784314 0.4 0.5882353 0.62352943 0.60784316 0.6117647 0.62352943 0.6117647 0.59607846 0.6039216 0.6117647 0.60784316 0.60784316 0.6117647 0.6039216 0.6039216
0.5686275 0.5686275 0.5647059 0.5647059 0.5882353 0.5686275 0.42352942 0.21568628 0.105882354 0.08627451 0.09803922 0.12156863 0.14117648 0.15294118 0.16470589 0.26666668 0.4745098 0.6039216 0.6039216 0.6039216 0.6039216 0.6039216 0.6117647 0.6039216 0.5882353 0.5882353 0.6 0.6039216 0.6 0.6 0.6039216 0.60784316
0.6156863 0.60784316 0.6156863 0.60784316 0.49803922 0.3019608 0.16862746 0.14117648 0.13333334 0.13333334 0.15294118 0.18039216 0.1882353 0.22352941 0.3764706 0.57254905 0.6313726 0.6156863 0.62352943 0.63529414 0.6392157 0.64705884 0.6509804 0.6509804 0.64705884 0.6509804 0.6627451 0.6666667 0.65882355 0.65882355 0.6627451 0.68235296
0.61960787 0.6117647 0.56078434 0.3882353 0.23137255 0.17254902 0.16470589 0.16078432 0.15686275 0.17254902 0.19215687 0.2 0.2784314 0.4862745 0.6392157 0.65882355 0.6509804 0.6509804 0.6509804 0.6627451 0.67058825 0.67058825 0.6745098 0.67058825 0.67058825 0.6745098 0.67058825 0.67058825 0.6666667 0.6666667 0.67058825 0.68235296
0.6156863 0.54509807 0.30588236 0.20392157 0.2 0.1882353 0.18431373 0.1764706 0.18039216 0.1882353 0.20784314 0.34901962 0.54901963 0.6313726 0.6392157 0.63529414 0.63529414 0.6509804 0.6431373 0.6509804 0.65882355 0.65882355 0.654902 0.65882355 0.65882355 0.65882355 0.65882355 0.6666667 0.65882355 0.6509804 0.6627451 0.6627451
0.6 0.5882353 0.4117647 0.22745098 0.21176471 0.19607843 0.19607843 0.19607843 0.19607843 0.25490198 0.44313726 0.6 0.6313726 0.62352943 0.6313726 0.6392157 0.6431373 0.65882355 0.64705884 0.64705884 0.64705884 0.64705884 0.65882355 0.6627451 0.65882355 0.65882355 0.6627451 0.6666667 0.65882355 0.6509804 0.6627451 0.65882355
0.5882353 0.6 0.6 0.34509805 0.20392157 0.21960784 0.21176471 0.2 0.3254902 0.53333336 0.627451 0.627451 0.6117647 0.6117647 0.6156863 0.627451 0.6431373 0.64705884 0.64705884 0.6392157 0.627451 0.627451 0.63529414 0.6392157 0.64705884 0.654902 0.6509804 0.6509804 0.6509804 0.6431373 0.64705884 0.6627451
0.54901963 0.5411765 0.54901963 0.50980395 0.2901961 0.20392157 0.22352941 0.36862746 0.5529412 0.5921569 0.5803922 0.5882353 0.58431375 0.5803922 0.5764706 0.5764706 0.58431375 0.5803922 0.58431375 0.59607846 0.5921569 0.5803922 0.5803922 0.5921569 0.6 0.5921569 0.58431375 0.5921569 0.6039216 0.6 0.5921569 0.6039216
0.5568628 0.5411765 0.54901963 0.53333336 0.3764706 0.25882354 0.44313726 0.5529412 0.56078434 0.5686275 0.5803922 0.58431375 0.5882353 0.58431375 0.58431375 0.5882353 0.58431375 0.58431375 0.5882353 0.5921569 0.5882353 0.5803922 0.5764706 0.5764706 0.5803922 0.5803922 0.5803922 0.58431375 0.5921569 0.59607846 0.5882353 0.60784316
0.56078434 0.5647059 0.6 0.50980395 0.41568628 0.5019608 0.5764706 0.5686275 0.57254905 0.5803922 0.5882353 0.5921569 0.59607846 0.5921569 0.5882353 0.5921569 0.5921569 0.5882353 0.5921569 0.60784316 0.6039216 0.58431375 0.58431375 0.5882353 0.5921569 0.5921569 0.5882353 0.5921569 0.5882353 0.5882353 0.59607846 0.60784316
0.67058825 0.67058825 0.6745098 0.6745098 0.6666667 0.67058825 0.6745098 0.6745098 0.6784314 0.6862745 0.69411767 0.69803923 0.69803923 0.69803923 0.7176471 0.7372549 0.73333335 0.7176471 0.7137255 0.72156864 0.7176471 0.7058824 0.69411767 0.6745098 0.6666667 0.67058825 0.6666667 0.6627451 0.65882355 0.6627451 0.6627451 0.67058825
0.65882355 0.65882355 0.65882355 0.6627451 0.6666667 0.67058825 0.6745098 0.67058825 0.6745098 0.68235296 0.6862745 0.6901961 0.6901961 0.6862745 0.68235296 0.7019608 0.7254902 0.72156864 0.7019608 0.69803923 0.69803923 0.70980394 0.6901961 0.65882355 0.65882355 0.67058825 0.6745098 0.6627451 0.65882355 0.6666667 0.6666667 0.6666667
0.65882355 0.65882355 0.6627451 0.6666667 0.6627451 0.6666667 0.6745098 0.6745098 0.6745098 0.6784314 0.6784314 0.6784314 0.68235296 0.69411767 0.6784314 0.7058824 0.7254902 0.73333335 0.74509805 0.7490196 0.7372549 0.75686276 0.75686276 0.7254902 0.69803923 0.6745098 0.6745098 0.6784314 0.67058825 0.6745098 0.6666667 0.654902
0.6627451 0.6627451 0.6784314 0.6784314 0.68235296 0.68235296 0.6745098 0.6627451 0.6666667 0.6862745 0.68235296 0.6431373 0.6745098 0.6784314 0.6901961 0.7254902 0.7176471 0.7176471 0.7372549 0.7529412 0.7294118 0.7372549 0.7372549 0.7254902 0.7019608 0.6784314 0.6745098 0.6627451 0.6627451 0.64705884 0.654902 0.7019608
0.67058825 0.67058825 0.6745098 0.6745098 0.6901961 0.6784314 0.6666667 0.6627451 0.67058825 0.64705884 0.6431373 0.65882355 0.7411765 0.7176471 0.69411767 0.68235296 0.6862745 0.69803923 0.69803923 0.69803923 0.7019608 0.7058824 0.69803923 0.7019608 0.6862745 0.6745098 0.6745098 0.6666667 0.67058825 0.6509804 0.6509804 0.69411767
0.654902 0.654902 0.65882355 0.65882355 0.65882355 0.6509804 0.6509804 0.6784314 0.6509804 0.6431373 0.69411767 0.627451 0.58431375 0.7058824 0.7764706 0.7764706 0.75686276 0.7254902 0.7019608 0.6784314 0.6745098 0.67058825 0.6745098 0.6784314 0.6627451 0.6431373 0.6431373 0.64705884 0.6509804 0.64705884 0.6431373 0.6509804
0.6156863 0.6156863 0.62352943 0.61960787 0.627451 0.6156863 0.6156863 0.627451 0.59607846 0.63529414 0.627451 0.5882353 0.53333336 0.6039216 0.7058824 0.78431374 0.827451 0.79607844 0.75686276 0.7137255 0.6784314 0.6784314 0.68235296 0.6745098 0.6666667 0.6627451 0.654902 0.6431373 0.62352943 0.6392157 0.63529414 0.63529414
0.6039216 0.6039216 0.60784316 0.60784316 0.60784316 0.63529414 0.65882355 0.5882353 0.6 0.6156863 0.58431375 0.5803922 0.6392157 0.7137255 0.69803923 0.7490196 0.75686276 0.74509805 0.7137255 0.69411767 0.64705884 0.60784316 0.5568628 0.49803922 0.44705883 0.4509804 0.4862745 0.5764706 0.627451 0.6431373 0.60784316 0.59607846
0.6156863 0.6156863 0.61960787 0.6156863 0.61960787 0.7176471 0.7372549 0.6156863 0.627451 0.61960787 0.627451 0.60784316 0.60784316 0.67058825 0.6 0.6039216 0.5568628 0.5176471 0.5019608 0.49019608 0.4627451 0.37254903 0.29803923 0.19215687 0.105882354 0.09803922 0.12156863 0.27450982 0.4745098 0.54901963 0.6039216 0.61960787
0.6313726 0.6117647 0.6117647 0.62352943 0.68235296 0.7254902 0.68235296 0.627451 0.627451 0.6117647 0.57254905 0.56078434 0.6392157 0.54509807 0.4745098 0.60784316 0.6313726 0.63529414 0.6313726 0.6313726 0.52156866 0.3254902 0.3764706 0.34509805 0.4745098 0.53333336 0.5176471 0.44705883 0.32941177 0.4117647 0.62352943 0.6431373
0.6117647 0.59607846 0.60784316 0.654902 0.74509805 0.72156864 0.627451 0.6039216 0.6117647 0.6039216 0.54901963 0.5254902 0.7294118 0.7137255 0.59607846 0.7607843 0.79607844 0.7607843 0.69411767 0.6509804 0.6156863 0.5647059 0.5764706 0.5764706 0.6156863 0.57254905 0.45490196 0.45490196 0.40784314 0.5411765 0.6509804 0.61960787
0.6039216 0.5921569 0.6431373 0.69411767 0.7294118 0.6666667 0.59607846 0.56078434 0.5882353 0.63529414 0.67058825 0.69803923 0.73333335 0.7529412 0.7529412 0.74509805 0.7372549 0.7372549 0.7176471 0.7176471 0.7058824 0.6862745 0.6745098 0.61960787 0.4745098 0.2627451 0.19215687 0.32941177 0.24313726 0.49803922 0.6 0.56078434
0.54901963 0.5529412 0.654902 0.7176471 0.67058825 0.58431375 0.57254905 0.5411765 0.5529412 0.5176471 0.44705883 0.5882353 0.7058824 0.7294118 0.7176471 0.72156864 0.72156864 0.7137255 0.69411767 0.67058825 0.6509804 0.6039216 0.5137255 0.32156864 0.1254902 0.06666667 0.09019608 0.10980392 0.12941177 0.27058825 0.43137255 0.54509807
0.54901963 0.6156863 0.7137255 0.7137255 0.6 0.58431375 0.57254905 0.54901963 0.5529412 0.5176471 0.34509805 0.20784314 0.32941177 0.58431375 0.6784314 0.7137255 0.7372549 0.7176471 0.67058825 0.627451 0.5411765 0.3647059 0.15686275 0.03529412 0.19215687 0.37254903 0.3882353 0.38039216 0.45882353 0.46666667 0.5529412 0.6431373
0.58431375 0.6627451 0.7176471 0.6431373 0.57254905 0.5882353 0.5686275 0.5529412 0.54901963 0.5254902 0.43529412 0.26666668 0.30588236 0.5764706 0.70980394 0.7176471 0.67058825 0.6313726 0.5686275 0.41960785 0.20392157 0.047058824 0.0 0.007843138 0.16862746 0.28627452 0.3019608 0.38039216 0.5411765 0.627451 0.6313726 0.6117647
0.5568628 0.57254905 0.627451 0.5529412 0.5647059 0.5529412 0.5372549 0.5372549 0.52156866 0.4117647 0.41568628 0.5764706 0.7176471 0.70980394 0.6745098 0.6392157 0.5686275 0.42352942 0.21176471 0.047058824 0.0 0.011764706 0.03137255 0.05490196 0.08627451 0.105882354 0.19215687 0.38431373 0.50980395 0.52156866 0.5254902 0.54509807
0.5411765 0.56078434 0.5647059 0.54901963 0.5647059 0.5568628 0.5803922 0.62352943 0.65882355 0.6901961 0.69411767 0.6862745 0.6431373 0.60784316 0.6 0.4745098 0.23921569 0.05882353 0.003921569 0.007843138 0.015686275 0.03137255 0.08627451 0.13333334 0.12941177 0.24705882 0.47843137 0.59607846 0.5568628 0.5529412 0.5803922 0.58431375
0.5647059 0.5803922 0.5803922 0.59607846 0.5921569 0.627451 0.65882355 0.6784314 0.67058825 0.6392157 0.59607846 0.58431375 0.5764706 0.47058824 0.28627452 0.105882354 0.023529412 0.011764706 0.015686275 0.047058824 0.09019608 0.13333334 0.14509805 0.20392157 0.36078432 0.5137255 0.5176471 0.5803922 0.57254905 0.5568628 0.5647059 0.5686275
0.59607846 0.5568628 0.57254905 0.6 0.627451 0.6666667 0.627451 0.6117647 0.6117647 0.5764706 0.5137255 0.4392157 0.41960785 0.2784314 0.07058824 0.050980393 0.050980393 0.047058824 0.05882353 0.105882354 0.15686275 0.19607843 0.28235295 0.4509804 0.52156866 0.53333336 0.49803922 0.54509807 0.5764706 0.5686275 0.5686275 0.57254905
0.5764706 0.54509807 0.54901963 0.54901963 0.5372549 0.5568628 0.58431375 0.5882353 0.5372549 0.49411765 0.43529412 0.4392157 0.47843137 0.3019608 0.09411765 0.08627451 0.09411765 0.105882354 0.14509805 0.17254902 0.20392157 0.34509805 0.5176471 0.5647059 0.5176471 0.49411765 0.5019608 0.5176471 0.5568628 0.56078434 0.5568628 0.5529412
0.52156866 0.5411765 0.5294118 0.5254902 0.5411765 0.53333336 0.54509807 0.56078434 0.45490196 0.43137255 0.49803922 0.42352942 0.23137255 0.11372549 0.09411765 0.11372549 0.14117648 0.16862746 0.19215687 0.2509804 0.42352942 0.5372549 0.54509807 0.54901963 0.5372549 0.50980395 0.5411765 0.5372549 0.5411765 0.54901963 0.54509807 0.54901963
0.5372549 0.5647059 0.56078434 0.53333336 0.5294118 0.5529412 0.5058824 0.47058824 0.4745098 0.44705883 0.29803923 0.15686275 0.12156863 0.12156863 0.1254902 0.14901961 0.17254902 0.18431373 0.3137255 0.49411765 0.5568628 0.5568628 0.5568628 0.54901963 0.5372549 0.54901963 0.57254905 0.5647059 0.5568628 0.5647059 0.56078434 0.56078434
0.54901963 0.5568628 0.54901963 0.54509807 0.5372549 0.5294118 0.5137255 0.49411765 0.32941177 0.15686275 0.11764706 0.14901961 0.15686275 0.15294118 0.1882353 0.19215687 0.20784314 0.3764706 0.5372549 0.5647059 0.54901963 0.5529412 0.5647059 0.5529412 0.5372549 0.5411765 0.54901963 0.54509807 0.54509807 0.5568628 0.5529412 0.54901963
0.5294118 0.5294118 0.5254902 0.52156866 0.5372549 0.5176471 0.38431373 0.2 0.11372549 0.13333334 0.15294118 0.16470589 0.17254902 0.1764706 0.18431373 0.26666668 0.44705883 0.54509807 0.5294118 0.5372549 0.54509807 0.54509807 0.5529412 0.54509807 0.5254902 0.5254902 0.5372549 0.5411765 0.5372549 0.54509807 0.5529412 0.5568628
0.54901963 0.54509807 0.5647059 0.56078434 0.46666667 0.3019608 0.20784314 0.1882353 0.16862746 0.1764706 0.2 0.20784314 0.20392157 0.23137255 0.3647059 0.5372549 0.5803922 0.54901963 0.5529412 0.57254905 0.5803922 0.58431375 0.5921569 0.5921569 0.5882353 0.5882353 0.6 0.6039216 0.59607846 0.6039216 0.6156863 0.6313726
0.5568628 0.5529412 0.5254902 0.3882353 0.2509804 0.20392157 0.20392157 0.2 0.1882353 0.20392157 0.23921569 0.24705882 0.2901961 0.4509804 0.58431375 0.6039216 0.5921569 0.5921569 0.5921569 0.6039216 0.60784316 0.60784316 0.6117647 0.60784316 0.60784316 0.6156863 0.6117647 0.6117647 0.60784316 0.6117647 0.61960787 0.627451
0.5529412 0.49019608 0.28627452 0.22352941 0.22745098 0.22352941 0.22352941 0.21960784 0.22745098 0.23137255 0.23137255 0.3372549 0.50980395 0.5764706 0.5764706 0.5764706 0.5764706 0.5921569 0.58431375 0.5882353 0.59607846 0.59607846 0.5921569 0.59607846 0.59607846 0.6 0.6 0.60784316 0.6 0.6 0.6117647 0.6117647
0.5372549 0.53333336 0.39215687 0.24705882 0.23529412 0.23137255 0.24313726 0.24313726 0.23137255 0.27450982 0.42352942 0.53333336 0.54901963 0.56078434 0.57254905 0.5803922 0.58431375 0.6 0.5882353 0.58431375 0.58431375 0.58431375 0.59607846 0.6 0.59607846 0.6 0.6039216 0.60784316 0.6 0.6 0.6117647 0.60784316
0.5254902 0.5411765 0.57254905 0.35686275 0.22352941 0.25882354 0.25490198 0.22352941 0.30980393 0.49019608 0.57254905 0.5686275 0.5529412 0.5529412 0.5568628 0.5686275 0.58431375 0.5882353 0.58431375 0.5764706 0.5647059 0.5647059 0.57254905 0.5764706 0.58431375 0.59607846 0.5921569 0.5921569 0.5921569 0.5882353 0.59607846 0.6117647
0.49411765 0.4862745 0.5019608 0.47843137 0.3019608 0.23137255 0.22745098 0.34509805 0.5019608 0.5254902 0.5137255 0.53333336 0.53333336 0.52156866 0.5176471 0.5176471 0.5254902 0.5254902 0.5294118 0.5372549 0.5294118 0.5176471 0.5176471 0.5294118 0.5372549 0.5294118 0.5254902 0.5294118 0.5411765 0.54901963 0.54901963 0.56078434
0.5058824 0.49019608 0.49411765 0.47843137 0.36078432 0.2509804 0.4117647 0.5019608 0.5058824 0.50980395 0.5176471 0.52156866 0.5254902 0.52156866 0.5294118 0.53333336 0.53333336 0.5372549 0.5411765 0.5372549 0.5254902 0.5176471 0.5137255 0.5137255 0.5176471 0.5176471 0.5176471 0.52156866 0.5294118 0.5411765 0.5411765 0.56078434
0.50980395 0.50980395 0.5411765 0.45490196 0.37254903 0.45882353 0.5254902 0.50980395 0.5137255 0.5176471 0.5254902 0.5294118 0.53333336 0.5294118 0.5294118 0.5411765 0.54901963 0.54509807 0.54509807 0.5568628 0.54509807 0.5254902 0.52156866 0.5254902 0.5294118 0.5294118 0.5254902 0.5294118 0.5254902 0.5294118 0.5411765 0.5529412
6 24 1
15 3 1
5 10 1
5 31 2
13 15 2
2 11 1
17 27 0
21 2 1
26 12 0
6 21 2
3 18 2
15 24 1
15 16 1
11 27 0
9 14 1
25 1 2
19 11 0
2 2 0
19 16 1
12 26 0
11 5 0
6 11 0
7 14 1
8 13 1
19 6 1
0 19 0
3 26 2
12 21 0
5 29 2
21 26 2
4 9 0
23 26 1
1 1 0
20 18 1
16 21 1
7 2 0
16 5 0
3 11 2
13 10 0
24 10 0
26 6 1
5 16 2
3 9 2
13 7 0
28 18 1
14 9 0
18 6 0
27 2 2
6 17 1
24 31 2
