32, 32, 3, 50
0.5764706 0.654902 0.77254903 0.8039216 0.72156864 0.5529412 0.42352942 0.40392157 0.40392157 0.4 0.4117647 0.44313726 0.40392157 0.40784314 0.42745098 0.4117647 0.3882353 0.39607844 0.39607844 0.41960785 0.41568628 0.41960785 0.41568628 0.4117647 0.40784314 0.40392157 0.40392157 0.40392157 0.40784314 0.41960785 0.41960785 0.4117647
0.6627451 0.7176471 0.7647059 0.72156864 0.59607846 0.5058824 0.4745098 0.4627451 0.4509804 0.4392157 0.4745098 0.46666667 0.42352942 0.4392157 0.43529412 0.43529412 0.4392157 0.4509804 0.44313726 0.43529412 0.43137255 0.43137255 0.42745098 0.42352942 0.42352942 0.42745098 0.42745098 0.42745098 0.42745098 0.43137255 0.42745098 0.42352942
0.62352943 0.6313726 0.6156863 0.54509807 0.49019608 0.49019608 0.49411765 0.49019608 0.49019608 0.49411765 0.53333336 0.5058824 0.46666667 0.49411765 0.48235294 0.48235294 0.52156866 0.5176471 0.48235294 0.49019608 0.45490196 0.44705883 0.44313726 0.4392157 0.44313726 0.44705883 0.44705883 0.44705883 0.44705883 0.44705883 0.44705883 0.44313726
0.47843137 0.47058824 0.4627451 0.44313726 0.45882353 0.45490196 0.45490196 0.46666667 0.47058824 0.47843137 0.47843137 0.49411765 0.49803922 0.5254902 0.52156866 0.5137255 0.5411765 0.53333336 0.5372549 0.62352943 0.5058824 0.47843137 0.47058824 0.47058824 0.46666667 0.4627451 0.4627451 0.4627451 0.46666667 0.4745098 0.4745098 0.47058824
0.4509804 0.47058824 0.45882353 0.44705883 0.45490196 0.47058824 0.4627451 0.4627451 0.4627451 0.46666667 0.47058824 0.47843137 0.48235294 0.48235294 0.48235294 0.48235294 0.5058824 0.5254902 0.5529412 0.62352943 0.54901963 0.5019608 0.49019608 0.4862745 0.4862745 0.4862745 0.4862745 0.4862745 0.4862745 0.4862745 0.4862745 0.4862745
0.36862746 0.2 0.42352942 0.49803922 0.47058824 0.4745098 0.47058824 0.4745098 0.47843137 0.48235294 0.48235294 0.49019608 0.49019608 0.49019608 0.49019608 0.49019608 0.5058824 0.52156866 0.53333336 0.5568628 0.5254902 0.50980395 0.50980395 0.5058824 0.5058824 0.5019608 0.5019608 0.5019608 0.5019608 0.5019608 0.5019608 0.5019608
0.38039216 0.24705882 0.62352943 0.54901963 0.50980395 0.49411765 0.4862745 0.4862745 0.49411765 0.5019608 0.5019608 0.50980395 0.50980395 0.50980395 0.5137255 0.5176471 0.5254902 0.5294118 0.5411765 0.5372549 0.5294118 0.5254902 0.53333336 0.5294118 0.5254902 0.52156866 0.52156866 0.52156866 0.52156866 0.52156866 0.52156866 0.52156866
0.5372549 0.6 0.53333336 0.47058824 0.54509807 0.5176471 0.49803922 0.49803922 0.50980395 0.5137255 0.5137255 0.5254902 0.53333336 0.53333336 0.5294118 0.5294118 0.5294118 0.5254902 0.5372549 0.54901963 0.54901963 0.54509807 0.54901963 0.54901963 0.54509807 0.5372549 0.5372549 0.5372549 0.5372549 0.5372549 0.5411765 0.5372549
0.5686275 0.44705883 0.4392157 0.5372549 0.58431375 0.54509807 0.5176471 0.5176471 0.53333336 0.5372549 0.5372549 0.54509807 0.5568628 0.5529412 0.5568628 0.5529412 0.5568628 0.5568628 0.5568628 0.5647059 0.5647059 0.56078434 0.5568628 0.5568628 0.56078434 0.56078434 0.5568628 0.5568628 0.56078434 0.5568628 0.5568628 0.56078434
0.5921569 0.5058824 0.50980395 0.58431375 0.53333336 0.5882353 0.5568628 0.5568628 0.5647059 0.5686275 0.5647059 0.5764706 0.5764706 0.57254905 0.5764706 0.57254905 0.5764706 0.5764706 0.5882353 0.5882353 0.5803922 0.5803922 0.5803922 0.5764706 0.58431375 0.59607846 0.5921569 0.59607846 0.6039216 0.58431375 0.58431375 0.5921569
0.60784316 0.6392157 0.5176471 0.5921569 0.64705884 0.6039216 0.5803922 0.5764706 0.5882353 0.58431375 0.5882353 0.6 0.6039216 0.6 0.6 0.6039216 0.60784316 0.60784316 0.60784316 0.6156863 0.6156863 0.6156863 0.6117647 0.6156863 0.62352943 0.627451 0.627451 0.627451 0.6156863 0.6039216 0.60784316 0.6039216
0.63529414 0.69411767 0.6039216 0.5254902 0.64705884 0.5803922 0.6313726 0.6117647 0.627451 0.6392157 0.654902 0.654902 0.654902 0.63529414 0.6392157 0.63529414 0.63529414 0.63529414 0.6431373 0.6509804 0.6627451 0.6627451 0.654902 0.6509804 0.6509804 0.65882355 0.6627451 0.6666667 0.6431373 0.6392157 0.627451 0.62352943
0.68235296 0.72156864 0.7764706 0.5254902 0.6 0.627451 0.62352943 0.6313726 0.6392157 0.6666667 0.7019608 0.7137255 0.69411767 0.69803923 0.69803923 0.6745098 0.6784314 0.6784314 0.6784314 0.67058825 0.6901961 0.69411767 0.7058824 0.74509805 0.7764706 0.827451 0.8745098 0.87058824 0.79607844 0.6862745 0.67058825 0.65882355
0.7529412 0.7607843 0.81960785 0.67058825 0.50980395 0.5803922 0.35686275 0.61960787 0.57254905 0.57254905 0.6 0.6745098 0.7294118 0.74509805 0.74509805 0.7372549 0.72156864 0.7058824 0.72156864 0.7411765 0.8156863 0.8666667 0.8901961 0.91764706 0.9529412 0.95686275 0.9647059 0.9843137 0.972549 0.8901961 0.7254902 0.6901961
0.72156864 0.73333335 0.7764706 0.83137256 0.54901963 0.34901962 0.16078432 0.56078434 0.7058824 0.65882355 0.58431375 0.5686275 0.6156863 0.69803923 0.76862746 0.78431374 0.8117647 0.8627451 0.9019608 0.92156863 0.9490196 0.9372549 0.93333334 0.9098039 0.78039217 0.65882355 0.75686276 0.98039216 0.972549 0.92941177 0.7372549 0.7058824
0.7254902 0.73333335 0.75686276 0.8235294 0.7019608 0.24705882 0.16862746 0.32156864 0.8039216 0.7764706 0.7294118 0.6901961 0.7411765 0.81960785 0.9098039 0.9411765 0.9490196 0.9372549 0.91764706 0.8862745 0.8784314 0.8901961 0.91764706 0.8 0.5254902 0.37254903 0.654902 0.94509804 0.92941177 0.92941177 0.8745098 0.75686276
0.74509805 0.74509805 0.7647059 0.8 0.85882354 0.5176471 0.18431373 0.15294118 0.627451 0.90588236 0.93333334 0.94509804 0.96862745 0.9411765 0.91764706 0.9254902 0.89411765 0.9019608 0.9254902 0.9647059 0.99215686 0.9843137 0.95686275 0.77254903 0.5882353 0.6627451 0.7372549 0.8156863 0.88235295 0.9490196 0.93333334 0.78039217
0.74509805 0.7607843 0.78039217 0.75686276 0.8392157 0.7647059 0.29411766 0.14901961 0.25490198 0.85882354 0.9137255 0.93333334 0.9019608 0.91764706 0.93333334 0.92941177 0.9764706 0.9764706 0.9529412 0.9372549 0.8901961 0.8392157 0.7921569 0.78039217 0.7764706 0.78431374 0.78431374 0.78039217 0.8235294 0.81960785 0.78431374 0.7411765
0.6901961 0.5686275 0.5686275 0.72156864 0.8784314 0.9411765 0.59607846 0.17254902 0.1254902 0.5254902 0.8980392 0.9098039 0.9647059 0.96862745 0.9607843 0.9098039 0.88235295 0.83137256 0.8392157 0.77254903 0.7607843 0.74509805 0.7294118 0.72156864 0.70980394 0.65882355 0.6117647 0.5411765 0.53333336 0.57254905 0.6784314 0.7411765
0.6666667 0.34901962 0.45882353 0.9137255 0.99215686 0.9254902 0.7058824 0.42745098 0.16078432 0.19607843 0.8235294 0.92156863 0.8784314 0.85490197 0.8 0.78431374 0.7764706 0.7607843 0.7137255 0.70980394 0.654902 0.6784314 0.6117647 0.5529412 0.5411765 0.45882353 0.4509804 0.5254902 0.64705884 0.7411765 0.78431374 0.7647059
0.70980394 0.69411767 0.6431373 0.7254902 0.7372549 0.5647059 0.43137255 0.29803923 0.20784314 0.14901961 0.4117647 0.7411765 0.74509805 0.7372549 0.7529412 0.5529412 0.49803922 0.4392157 0.49411765 0.58431375 0.53333336 0.5764706 0.6784314 0.7411765 0.59607846 0.6117647 0.68235296 0.73333335 0.74509805 0.7294118 0.7176471 0.7137255
0.6392157 0.64705884 0.57254905 0.50980395 0.43529412 0.23137255 0.11764706 0.2 0.19215687 0.14509805 0.1764706 0.5647059 0.6666667 0.7411765 0.7294118 0.22352941 0.14509805 0.17254902 0.38039216 0.5803922 0.85490197 0.8509804 0.90588236 0.93333334 0.7058824 0.6627451 0.654902 0.64705884 0.6392157 0.64705884 0.6431373 0.6431373
0.5882353 0.5882353 0.6 0.61960787 0.5764706 0.49803922 0.38431373 0.34509805 0.2509804 0.12156863 0.08627451 0.19607843 0.42352942 0.7294118 0.7764706 0.7058824 0.29411766 0.18431373 0.22352941 0.6666667 0.92156863 0.83137256 0.6862745 0.6666667 0.6156863 0.6117647 0.60784316 0.6156863 0.62352943 0.61960787 0.6156863 0.60784316
0.49411765 0.5058824 0.5294118 0.5176471 0.5058824 0.49803922 0.49411765 0.4745098 0.49411765 0.42745098 0.37254903 0.34509805 0.42352942 0.49803922 0.5882353 0.6313726 0.4 0.44313726 0.39215687 0.42352942 0.5568628 0.5019608 0.44705883 0.48235294 0.5803922 0.57254905 0.5686275 0.57254905 0.57254905 0.5764706 0.5647059 0.5686275
0.42745098 0.4392157 0.45490196 0.4392157 0.41960785 0.4 0.3882353 0.41568628 0.47058824 0.5058824 0.50980395 0.5372549 0.5686275 0.54901963 0.5254902 0.5294118 0.58431375 0.6 0.5882353 0.44313726 0.44705883 0.50980395 0.5647059 0.5686275 0.54901963 0.5254902 0.5176471 0.5137255 0.5176471 0.5294118 0.52156866 0.52156866
0.4 0.4 0.4117647 0.40392157 0.4 0.4 0.3882353 0.40392157 0.42352942 0.4392157 0.4392157 0.46666667 0.52156866 0.5176471 0.52156866 0.5254902 0.5294118 0.5176471 0.5176471 0.5411765 0.54901963 0.5529412 0.5176471 0.5137255 0.49803922 0.4745098 0.46666667 0.4627451 0.46666667 0.47843137 0.47058824 0.47058824
0.36862746 0.38039216 0.39215687 0.40392157 0.41960785 0.42745098 0.43529412 0.43529412 0.44313726 0.4392157 0.4392157 0.44705883 0.4745098 0.4862745 0.49019608 0.47843137 0.47058824 0.47058824 0.46666667 0.47058824 0.5176471 0.49803922 0.4862745 0.46666667 0.44705883 0.43529412 0.42745098 0.41960785 0.42352942 0.4392157 0.43137255 0.43137255
0.36078432 0.37254903 0.38431373 0.40392157 0.41960785 0.43529412 0.44705883 0.44313726 0.4509804 0.4627451 0.44705883 0.44313726 0.4627451 0.47058824 0.45490196 0.4392157 0.46666667 0.45882353 0.4627451 0.48235294 0.48235294 0.47843137 0.45882353 0.44705883 0.41568628 0.40784314 0.40392157 0.40784314 0.41568628 0.42745098 0.4117647 0.41568628
0.4 0.40392157 0.39607844 0.39607844 0.39607844 0.40784314 0.41960785 0.41960785 0.42745098 0.42745098 0.43137255 0.45490196 0.45882353 0.44705883 0.4509804 0.41960785 0.44313726 0.44313726 0.44313726 0.4392157 0.43529412 0.43137255 0.4392157 0.42745098 0.4117647 0.3882353 0.39607844 0.4 0.39607844 0.41960785 0.42352942 0.43529412
0.38431373 0.4 0.3882353 0.39607844 0.40392157 0.39607844 0.4 0.4 0.40784314 0.40392157 0.39607844 0.40392157 0.41568628 0.41960785 0.42352942 0.41960785 0.42352942 0.42745098 0.41960785 0.41960785 0.4117647 0.4 0.4117647 0.4 0.37254903 0.34117648 0.34117648 0.36078432 0.37254903 0.41568628 0.45490196 0.46666667
0.3764706 0.38431373 0.39215687 0.38431373 0.38431373 0.43529412 0.41568628 0.4 0.41960785 0.4117647 0.3764706 0.3764706 0.39215687 0.42352942 0.41568628 0.4117647 0.39215687 0.37254903 0.3647059 0.3647059 0.34117648 0.34901962 0.3529412 0.35686275 0.32941177 0.32156864 0.33333334 0.39607844 0.45490196 0.49411765 0.5058824 0.50980395
0.37254903 0.36862746 0.36862746 0.34509805 0.34509805 0.41568628 0.41960785 0.41568628 0.41568628 0.38039216 0.36078432 0.37254903 0.36862746 0.38431373 0.39607844 0.3647059 0.28235295 0.26666668 0.26666668 0.26666668 0.25490198 0.2627451 0.29803923 0.3647059 0.3647059 0.34901962 0.45882353 0.5529412 0.5764706 0.54901963 0.52156866 0.50980395
0.67058825 0.7137255 0.8039216 0.8156863 0.75686276 0.6392157 0.5568628 0.54901963 0.54509807 0.5411765 0.5529412 0.5882353 0.5568628 0.5647059 0.58431375 0.5686275 0.54901963 0.5568628 0.5568628 0.5803922 0.57254905 0.5764706 0.57254905 0.5686275 0.5647059 0.56078434 0.56078434 0.56078434 0.5647059 0.5764706 0.5764706 0.5686275
0.7294118 0.7607843 0.79607844 0.7647059 0.6627451 0.60784316 0.60784316 0.60784316 0.5921569 0.5803922 0.6156863 0.6117647 0.5764706 0.5921569 0.5882353 0.58431375 0.5803922 0.5882353 0.58431375 0.57254905 0.5803922 0.58431375 0.5803922 0.5764706 0.5764706 0.5764706 0.5764706 0.5764706 0.5803922 0.5803922 0.5803922 0.5764706
0.6862745 0.6862745 0.67058825 0.627451 0.59607846 0.60784316 0.627451 0.6313726 0.6313726 0.63529414 0.6745098 0.64705884 0.6117647 0.6392157 0.627451 0.62352943 0.6431373 0.6392157 0.6039216 0.6117647 0.5921569 0.5921569 0.5882353 0.5882353 0.5882353 0.5921569 0.5921569 0.5921569 0.5921569 0.5921569 0.5921569 0.5882353
0.5686275 0.5647059 0.56078434 0.5647059 0.5921569 0.5882353 0.5882353 0.60784316 0.6117647 0.61960787 0.61960787 0.63529414 0.6392157 0.6666667 0.65882355 0.6509804 0.654902 0.6431373 0.6509804 0.7372549 0.6392157 0.61960787 0.6117647 0.6117647 0.60784316 0.6039216 0.6039216 0.6039216 0.60784316 0.6156863 0.6156863 0.6117647
0.5764706 0.6 0.58431375 0.58431375 0.6 0.60784316 0.6 0.6039216 0.6039216 0.60784316 0.6117647 0.61960787 0.62352943 0.62352943 0.61960787 0.61960787 0.6156863 0.63529414 0.65882355 0.7294118 0.6784314 0.6431373 0.6313726 0.627451 0.627451 0.627451 0.627451 0.627451 0.627451 0.627451 0.627451 0.627451
0.5058824 0.3137255 0.53333336 0.627451 0.60784316 0.61960787 0.61960787 0.61960787 0.61960787 0.62352943 0.62352943 0.6313726 0.627451 0.627451 0.627451 0.627451 0.62352943 0.63529414 0.64705884 0.67058825 0.65882355 0.64705884 0.64705884 0.6431373 0.6431373 0.6392157 0.6392157 0.6392157 0.6392157 0.6392157 0.6392157 0.6392157
0.49019608 0.32156864 0.6862745 0.654902 0.6392157 0.63529414 0.6392157 0.63529414 0.6392157 0.6431373 0.6431373 0.64705884 0.6392157 0.6392157 0.64705884 0.64705884 0.6431373 0.64705884 0.65882355 0.654902 0.654902 0.654902 0.6627451 0.65882355 0.65882355 0.654902 0.654902 0.654902 0.654902 0.654902 0.654902 0.654902
0.6039216 0.627451 0.53333336 0.54509807 0.6627451 0.654902 0.65882355 0.654902 0.6509804 0.654902 0.654902 0.6627451 0.6627451 0.6627451 0.65882355 0.65882355 0.65882355 0.654902 0.6666667 0.6784314 0.6784314 0.6745098 0.68235296 0.68235296 0.6745098 0.67058825 0.67058825 0.67058825 0.67058825 0.67058825 0.67058825 0.67058825
0.627451 0.4509804 0.38431373 0.5568628 0.67058825 0.6666667 0.65882355 0.654902 0.6627451 0.67058825 0.67058825 0.6784314 0.6862745 0.68235296 0.6862745 0.68235296 0.6901961 0.6901961 0.6862745 0.69411767 0.69803923 0.69411767 0.6901961 0.6901961 0.6901961 0.68235296 0.68235296 0.68235296 0.6901961 0.68235296 0.6784314 0.68235296
0.6666667 0.50980395 0.43529412 0.5529412 0.5764706 0.6862745 0.6745098 0.6784314 0.6862745 0.6901961 0.6901961 0.69803923 0.69803923 0.69803923 0.69803923 0.69803923 0.69803923 0.7019608 0.7137255 0.70980394 0.70980394 0.70980394 0.70980394 0.7058824 0.7019608 0.69803923 0.7019608 0.7058824 0.7176471 0.69803923 0.69411767 0.69411767
0.6784314 0.6509804 0.44705883 0.5529412 0.6627451 0.6745098 0.6862745 0.6901961 0.69803923 0.69803923 0.7019608 0.7137255 0.7176471 0.70980394 0.7137255 0.7176471 0.72156864 0.72156864 0.72156864 0.7294118 0.7254902 0.7254902 0.72156864 0.7254902 0.72156864 0.7137255 0.7176471 0.72156864 0.7137255 0.7058824 0.70980394 0.69803923
0.7058824 0.70980394 0.54901963 0.4745098 0.627451 0.6039216 0.7137255 0.7137255 0.7254902 0.7372549 0.7529412 0.7529412 0.7529412 0.73333335 0.7372549 0.73333335 0.73333335 0.73333335 0.7411765 0.7490196 0.74509805 0.7411765 0.73333335 0.7254902 0.72156864 0.72156864 0.7294118 0.73333335 0.72156864 0.7294118 0.7176471 0.70980394
0.74509805 0.74509805 0.7411765 0.46666667 0.54901963 0.60784316 0.6745098 0.7176471 0.72156864 0.7529412 0.7882353 0.79607844 0.7764706 0.78039217 0.7764706 0.7529412 0.75686276 0.75686276 0.7607843 0.7529412 0.7411765 0.7411765 0.7529412 0.7882353 0.8156863 0.8627451 0.9098039 0.9098039 0.84313726 0.7490196 0.7411765 0.7372549
0.8117647 0.7882353 0.8 0.61960787 0.4392157 0.5294118 0.3764706 0.6784314 0.63529414 0.63529414 0.6627451 0.73333335 0.78431374 0.8039216 0.8039216 0.79607844 0.78039217 0.7647059 0.7764706 0.8 0.84705883 0.8862745 0.9098039 0.9372549 0.96862745 0.972549 0.9843137 1.0 0.99607843 0.92941177 0.7764706 0.7529412
0.76862746 0.7647059 0.76862746 0.8 0.47843137 0.27058825 0.14117648 0.5921569 0.7411765 0.69411767 0.62352943 0.6039216 0.64705884 0.73333335 0.8039216 0.8156863 0.84705883 0.89411765 0.9372549 0.9529412 0.9607843 0.9411765 0.93333334 0.9137255 0.78431374 0.6666667 0.76862746 0.99607843 0.9843137 0.94509804 0.77254903 0.75686276
0.76862746 0.76862746 0.7647059 0.81960785 0.6509804 0.16078432 0.12156863 0.32156864 0.81960785 0.79607844 0.74509805 0.7058824 0.75686276 0.8352941 0.9254902 0.95686275 0.9647059 0.9529412 0.93333334 0.8980392 0.88235295 0.8862745 0.9137255 0.79607844 0.5254902 0.38431373 0.6666667 0.95686275 0.9372549 0.92941177 0.8901961 0.8
0.78039217 0.7882353 0.78039217 0.8156863 0.8235294 0.42352942 0.11372549 0.12941177 0.6313726 0.9098039 0.93333334 0.9490196 0.972549 0.94509804 0.92156863 0.92941177 0.8980392 0.90588236 0.92941177 0.9647059 0.9882353 0.98039216 0.9529412 0.76862746 0.5921569 0.67058825 0.7490196 0.83137256 0.8862745 0.93333334 0.93333334 0.8156863
0.7764706 0.8 0.8 0.79607844 0.83137256 0.6901961 0.21176471 0.11372549 0.2509804 0.85490197 0.9098039 0.92941177 0.8980392 0.9137255 0.93333334 0.9254902 0.972549 0.972549 0.9490196 0.93333334 0.8862745 0.8352941 0.7882353 0.78039217 0.78431374 0.8 0.8 0.79607844 0.827451 0.8 0.7882353 0.76862746
0.7254902 0.6 0.5921569 0.77254903 0.9098039 0.9137255 0.5294118 0.14117648 0.13725491 0.5372549 0.9098039 0.91764706 0.96862745 0.972549 0.9607843 0.9098039 0.88235295 0.8352941 0.8392157 0.7764706 0.75686276 0.7411765 0.7372549 0.7372549 0.7254902 0.67058825 0.62352943 0.5529412 0.54509807 0.58431375 0.69411767 0.76862746
0.7176471 0.3882353 0.49019608 0.9529412 1.0 0.9098039 0.64705884 0.3882353 0.15686275 0.19215687 0.81960785 0.91764706 0.88235295 0.85882354 0.8039216 0.7882353 0.78039217 0.7647059 0.7176471 0.7137255 0.6509804 0.6784314 0.62352943 0.5764706 0.5647059 0.4745098 0.47058824 0.5411765 0.6666667 0.77254903 0.8156863 0.79607844
0.78039217 0.75686276 0.69411767 0.7529412 0.7372549 0.54509807 0.3882353 0.25882354 0.18039216 0.1254902 0.38431373 0.72156864 0.75686276 0.74509805 0.7647059 0.5647059 0.5058824 0.4509804 0.5058824 0.5921569 0.53333336 0.5803922 0.69411767 0.7647059 0.627451 0.64705884 0.7176471 0.76862746 0.78431374 0.7764706 0.7607843 0.7607843
0.7411765 0.7372549 0.6509804 0.5529412 0.4627451 0.25490198 0.13725491 0.20392157 0.1764706 0.12941177 0.16078432 0.56078434 0.6862745 0.7647059 0.7490196 0.24313726 0.16470589 0.19607843 0.4 0.6039216 0.8666667 0.8627451 0.93333334 0.96862745 0.75686276 0.7254902 0.7176471 0.70980394 0.7058824 0.7137255 0.7137255 0.7137255
0.7254902 0.7137255 0.7137255 0.7137255 0.67058825 0.60784316 0.5019608 0.42352942 0.28627452 0.16078432 0.1254902 0.23529412 0.46666667 0.77254903 0.81960785 0.7490196 0.3372549 0.22745098 0.26666668 0.70980394 0.95686275 0.8627451 0.7294118 0.72156864 0.69411767 0.70980394 0.70980394 0.7137255 0.72156864 0.7176471 0.7137255 0.7058824
0.6666667 0.6666667 0.6784314 0.68235296 0.6862745 0.69411767 0.7058824 0.6431373 0.6156863 0.54509807 0.49411765 0.4509804 0.5019608 0.57254905 0.6627451 0.7058824 0.4745098 0.52156866 0.46666667 0.49803922 0.61960787 0.5686275 0.5176471 0.5686275 0.6901961 0.7058824 0.7019608 0.7058824 0.7058824 0.70980394 0.69803923 0.69803923
0.6313726 0.6313726 0.6392157 0.654902 0.65882355 0.6509804 0.64705884 0.6392157 0.6509804 0.6901961 0.6901961 0.7019608 0.68235296 0.65882355 0.63529414 0.6392157 0.69411767 0.70980394 0.69803923 0.5529412 0.54509807 0.6117647 0.6784314 0.6901961 0.69803923 0.6901961 0.6862745 0.68235296 0.6862745 0.69411767 0.6862745 0.6862745
0.6313726 0.61960787 0.62352943 0.6392157 0.64705884 0.64705884 0.6313726 0.627451 0.6313726 0.6509804 0.64705884 0.65882355 0.67058825 0.6627451 0.6666667 0.6666667 0.6745098 0.6627451 0.6627451 0.6862745 0.6862745 0.6901961 0.6666667 0.67058825 0.6784314 0.67058825 0.6627451 0.6627451 0.6627451 0.6627451 0.654902 0.654902
0.6156863 0.6156863 0.61960787 0.63529414 0.6392157 0.63529414 0.6313726 0.63529414 0.64705884 0.64705884 0.6431373 0.64705884 0.6509804 0.65882355 0.6627451 0.6509804 0.6431373 0.6431373 0.6392157 0.64705884 0.6784314 0.6627451 0.65882355 0.64705884 0.64705884 0.6509804 0.6431373 0.63529414 0.6313726 0.63529414 0.627451 0.627451
0.59607846 0.6 0.60784316 0.62352943 0.6313726 0.6392157 0.627451 0.6313726 0.654902 0.6627451 0.64705884 0.63529414 0.64705884 0.65882355 0.6509804 0.63529414 0.64705884 0.6392157 0.6431373 0.6627451 0.6627451 0.65882355 0.6392157 0.6392157 0.62352943 0.627451 0.627451 0.6392157 0.6392157 0.62352943 0.60784316 0.60784316
0.6039216 0.60784316 0.6039216 0.6117647 0.62352943 0.627451 0.6117647 0.6156863 0.6392157 0.6313726 0.62352943 0.6431373 0.64705884 0.64705884 0.654902 0.6313726 0.62352943 0.61960787 0.61960787 0.6156863 0.6313726 0.627451 0.61960787 0.6117647 0.6156863 0.6039216 0.62352943 0.63529414 0.62352943 0.6039216 0.6039216 0.60784316
0.5882353 0.6039216 0.5921569 0.6117647 0.627451 0.6117647 0.5921569 0.59607846 0.61960787 0.60784316 0.59607846 0.6039216 0.6156863 0.61960787 0.627451 0.6313726 0.61960787 0.61960787 0.6117647 0.6117647 0.627451 0.6156863 0.6117647 0.6 0.58431375 0.5568628 0.5568628 0.57254905 0.5686275 0.5882353 0.62352943 0.6313726
0.5803922 0.5882353 0.6 0.6039216 0.6 0.63529414 0.60784316 0.59607846 0.62352943 0.6156863 0.58431375 0.5882353 0.6 0.627451 0.61960787 0.6156863 0.60784316 0.5882353 0.5803922 0.5803922 0.5803922 0.5921569 0.5803922 0.5686275 0.54509807 0.5411765 0.5294118 0.5764706 0.62352943 0.654902 0.6627451 0.6666667
0.5803922 0.5764706 0.5764706 0.5686275 0.5529412 0.6 0.6039216 0.6117647 0.62352943 0.59607846 0.58431375 0.59607846 0.5882353 0.59607846 0.6039216 0.57254905 0.5254902 0.5176471 0.5137255 0.5137255 0.5176471 0.5294118 0.5529412 0.5921569 0.58431375 0.5686275 0.6431373 0.7058824 0.7137255 0.69411767 0.6784314 0.67058825
0.78431374 0.78431374 0.84313726 0.827451 0.78431374 0.70980394 0.6627451 0.6784314 0.6784314 0.6745098 0.6862745 0.72156864 0.69803923 0.7058824 0.7254902 0.70980394 0.7019608 0.70980394 0.70980394 0.73333335 0.7176471 0.7176471 0.7137255 0.70980394 0.7058824 0.7019608 0.7019608 0.7019608 0.7058824 0.7176471 0.7176471 0.70980394
0.81960785 0.81960785 0.83137256 0.8117647 0.7372549 0.70980394 0.7294118 0.7411765 0.7254902 0.7137255 0.7490196 0.74509805 0.7176471 0.73333335 0.7294118 0.7254902 0.7254902 0.73333335 0.7254902 0.7176471 0.72156864 0.7254902 0.72156864 0.7176471 0.7176471 0.7176471 0.7176471 0.7176471 0.72156864 0.7254902 0.72156864 0.7176471
0.7764706 0.75686276 0.72156864 0.72156864 0.70980394 0.7372549 0.76862746 0.76862746 0.7647059 0.76862746 0.80784315 0.78039217 0.7490196 0.7764706 0.7647059 0.7607843 0.7764706 0.76862746 0.73333335 0.7411765 0.7254902 0.73333335 0.7254902 0.7254902 0.7254902 0.7294118 0.7294118 0.7294118 0.7294118 0.73333335 0.7294118 0.7254902
0.6862745 0.6666667 0.6509804 0.69803923 0.7411765 0.7372549 0.7372549 0.7490196 0.74509805 0.7529412 0.7529412 0.76862746 0.77254903 0.8 0.7921569 0.78039217 0.77254903 0.7607843 0.76862746 0.85490197 0.7647059 0.7529412 0.74509805 0.7411765 0.7372549 0.7372549 0.7372549 0.7372549 0.7372549 0.7490196 0.74509805 0.7411765
0.72156864 0.7254902 0.69803923 0.7254902 0.7529412 0.7647059 0.75686276 0.7490196 0.7372549 0.7411765 0.74509805 0.7490196 0.7490196 0.7490196 0.74509805 0.7411765 0.73333335 0.7490196 0.77254903 0.84313726 0.8 0.7647059 0.7529412 0.7529412 0.7529412 0.7490196 0.7490196 0.7490196 0.7529412 0.7529412 0.7529412 0.7529412
0.65882355 0.4392157 0.6392157 0.75686276 0.7529412 0.7647059 0.7647059 0.75686276 0.7529412 0.75686276 0.75686276 0.7607843 0.7490196 0.74509805 0.74509805 0.74509805 0.7411765 0.7529412 0.7647059 0.7882353 0.7764706 0.7647059 0.7647059 0.7607843 0.7607843 0.75686276 0.75686276 0.75686276 0.75686276 0.75686276 0.75686276 0.75686276
0.61960787 0.4117647 0.74509805 0.74509805 0.7529412 0.7607843 0.7764706 0.77254903 0.76862746 0.7764706 0.7764706 0.7764706 0.7607843 0.7607843 0.76862746 0.76862746 0.76862746 0.7764706 0.7882353 0.78039217 0.78039217 0.7764706 0.78431374 0.78039217 0.7764706 0.7764706 0.7764706 0.7764706 0.7764706 0.7764706 0.7764706 0.7764706
0.7019608 0.6745098 0.54901963 0.6 0.7529412 0.7607843 0.78431374 0.78431374 0.78431374 0.7882353 0.7882353 0.7882353 0.78039217 0.7764706 0.7764706 0.7764706 0.7921569 0.7921569 0.8 0.8117647 0.8 0.7882353 0.79607844 0.79607844 0.7882353 0.78431374 0.78431374 0.78431374 0.78431374 0.78431374 0.78431374 0.78431374
0.73333335 0.49803922 0.3882353 0.61960787 0.74509805 0.7411765 0.7882353 0.8039216 0.79607844 0.8039216 0.8039216 0.8039216 0.7921569 0.7882353 0.7921569 0.7921569 0.80784315 0.80784315 0.80784315 0.8156863 0.8156863 0.8117647 0.80784315 0.80784315 0.80784315 0.8 0.79607844 0.7882353 0.7921569 0.7921569 0.7882353 0.7882353
0.78431374 0.5764706 0.4392157 0.627451 0.6431373 0.7372549 0.8039216 0.83137256 0.8039216 0.8117647 0.80784315 0.8117647 0.79607844 0.79607844 0.79607844 0.79607844 0.79607844 0.8 0.8117647 0.80784315 0.8235294 0.83137256 0.827451 0.8235294 0.8235294 0.81960785 0.8117647 0.8039216 0.8117647 0.80784315 0.79607844 0.7921569
0.78039217 0.7019608 0.43529412 0.5764706 0.70980394 0.7372549 0.8 0.8117647 0.79607844 0.79607844 0.8 0.80784315 0.8039216 0.8 0.8 0.80784315 0.80784315 0.80784315 0.80784315 0.81960785 0.8235294 0.8235294 0.81960785 0.8235294 0.827451 0.81960785 0.8117647 0.8 0.7921569 0.8039216 0.8039216 0.7921569
0.78039217 0.7411765 0.5254902 0.4392157 0.64705884 0.68235296 0.8039216 0.7921569 0.79607844 0.80784315 0.8235294 0.8235294 0.83137256 0.8117647 0.8117647 0.8117647 0.80784315 0.8117647 0.81960785 0.827451 0.81960785 0.8156863 0.80784315 0.8039216 0.80784315 0.80784315 0.8 0.7921569 0.78039217 0.8117647 0.8039216 0.79607844
0.79607844 0.7607843 0.7058824 0.3882353 0.5372549 0.68235296 0.7411765 0.75686276 0.7647059 0.7921569 0.827451 0.84313726 0.8392157 0.84313726 0.8392157 0.81960785 0.81960785 0.81960785 0.8235294 0.8156863 0.8 0.79607844 0.80784315 0.84313726 0.8745098 0.9098039 0.9529412 0.9411765 0.8784314 0.81960785 0.8117647 0.8117647
0.84313726 0.8 0.76862746 0.5176471 0.40392157 0.5764706 0.4117647 0.69411767 0.654902 0.654902 0.68235296 0.7607843 0.83137256 0.8509804 0.8509804 0.84313726 0.827451 0.80784315 0.8235294 0.84313726 0.8784314 0.92156863 0.9411765 0.9607843 0.99607843 0.99607843 1.0 1.0 1.0 0.95686275 0.83137256 0.81960785
0.79607844 0.78039217 0.7529412 0.7137255 0.42352942 0.2784314 0.15686275 0.6039216 0.7529412 0.7058824 0.6313726 0.62352943 0.6745098 0.7607843 0.83137256 0.84705883 0.8745098 0.91764706 0.95686275 0.9764706 0.972549 0.9607843 0.9529412 0.92941177 0.8156863 0.70980394 0.79607844 1.0 0.99215686 0.95686275 0.80784315 0.8156863
0.8 0.79607844 0.7647059 0.77254903 0.5803922 0.105882354 0.11764706 0.34117648 0.83137256 0.80784315 0.7607843 0.7176471 0.77254903 0.84705883 0.9372549 0.9647059 0.972549 0.9647059 0.9411765 0.9137255 0.8980392 0.9019608 0.93333334 0.8117647 0.5568628 0.42352942 0.6901961 0.9647059 0.9411765 0.9411765 0.9098039 0.84313726
0.81960785 0.83137256 0.8039216 0.8235294 0.7490196 0.3137255 0.101960786 0.16470589 0.6431373 0.92156863 0.9490196 0.9607843 0.9764706 0.94509804 0.92156863 0.93333334 0.9019608 0.9098039 0.93333334 0.96862745 1.0 0.99607843 0.96862745 0.78431374 0.62352943 0.7176471 0.7764706 0.84705883 0.8901961 0.93333334 0.9490196 0.85490197
0.81960785 0.84705883 0.83137256 0.81960785 0.7607843 0.56078434 0.18431373 0.14901961 0.27450982 0.8745098 0.93333334 0.94509804 0.8980392 0.9137255 0.93333334 0.9254902 0.972549 0.972549 0.9490196 0.93333334 0.89411765 0.85490197 0.80784315 0.8 0.8117647 0.8352941 0.8235294 0.8117647 0.83137256 0.8039216 0.80784315 0.8117647
0.7607843 0.627451 0.60784316 0.76862746 0.8627451 0.8392157 0.47058824 0.14117648 0.18039216 0.5803922 0.94509804 0.9490196 0.9764706 0.9764706 0.96862745 0.91764706 0.89411765 0.84313726 0.84705883 0.78431374 0.7647059 0.7529412 0.75686276 0.7607843 0.7411765 0.6745098 0.62352943 0.54901963 0.5529412 0.61960787 0.73333335 0.8117647
0.7490196 0.40784314 0.5019608 0.9529412 1.0 0.88235295 0.59607846 0.37254903 0.1882353 0.21960784 0.84313726 0.9411765 0.8980392 0.8745098 0.81960785 0.8039216 0.79607844 0.78039217 0.73333335 0.7254902 0.654902 0.68235296 0.63529414 0.6 0.5803922 0.48235294 0.47843137 0.54901963 0.6862745 0.81960785 0.8666667 0.84705883
0.8235294 0.78431374 0.7137255 0.78431374 0.7647059 0.54901963 0.3764706 0.24705882 0.17254902 0.11372549 0.3764706 0.72156864 0.76862746 0.7607843 0.7764706 0.5764706 0.52156866 0.4627451 0.5176471 0.6039216 0.5372549 0.5803922 0.7019608 0.78431374 0.654902 0.6784314 0.7490196 0.8 0.81960785 0.827451 0.81960785 0.8156863
0.7921569 0.78039217 0.68235296 0.6117647 0.5176471 0.2901961 0.15686275 0.19607843 0.15686275 0.10980392 0.14117648 0.54901963 0.7019608 0.78039217 0.7647059 0.25882354 0.18039216 0.20784314 0.41568628 0.61960787 0.87058824 0.8666667 0.94509804 0.98039216 0.79607844 0.78039217 0.77254903 0.7647059 0.7647059 0.78039217 0.7764706 0.7764706
0.7882353 0.76862746 0.7607843 0.7882353 0.74509805 0.65882355 0.5411765 0.4392157 0.29411766 0.16470589 0.13333334 0.24705882 0.49019608 0.79607844 0.84313726 0.76862746 0.36078432 0.24705882 0.2901961 0.73333335 0.9647059 0.8745098 0.7529412 0.7529412 0.74509805 0.78431374 0.78431374 0.7882353 0.79607844 0.7921569 0.78431374 0.7764706
0.7411765 0.73333335 0.7411765 0.75686276 0.7607843 0.75686276 0.7529412 0.6862745 0.65882355 0.5921569 0.5372549 0.49411765 0.5411765 0.6117647 0.7019608 0.74509805 0.5137255 0.5568628 0.5058824 0.5372549 0.64705884 0.59607846 0.5568628 0.6156863 0.7607843 0.7921569 0.7882353 0.7921569 0.7882353 0.78431374 0.77254903 0.77254903
0.72156864 0.70980394 0.70980394 0.7294118 0.7294118 0.7176471 0.70980394 0.70980394 0.73333335 0.77254903 0.77254903 0.7764706 0.7411765 0.7176471 0.69411767 0.69803923 0.7529412 0.76862746 0.75686276 0.6117647 0.6 0.6627451 0.7372549 0.7607843 0.7764706 0.78431374 0.7764706 0.77254903 0.77254903 0.77254903 0.7647059 0.7647059
0.7294118 0.70980394 0.7019608 0.7176471 0.7254902 0.7254902 0.7176471 0.7176471 0.72156864 0.7372549 0.73333335 0.7411765 0.7529412 0.74509805 0.7490196 0.7490196 0.75686276 0.74509805 0.74509805 0.76862746 0.75686276 0.7647059 0.7490196 0.7647059 0.7647059 0.75686276 0.7490196 0.74509805 0.74509805 0.7529412 0.74509805 0.74509805
0.72156864 0.7137255 0.70980394 0.7176471 0.7294118 0.7372549 0.7411765 0.7294118 0.7176471 0.7176471 0.7137255 0.7254902 0.7490196 0.7607843 0.7607843 0.7529412 0.7411765 0.7411765 0.7411765 0.74509805 0.76862746 0.7529412 0.7607843 0.7607843 0.74509805 0.7294118 0.7176471 0.7137255 0.7137255 0.7294118 0.72156864 0.72156864
0.69803923 0.69411767 0.69803923 0.7058824 0.72156864 0.7372549 0.7372549 0.7294118 0.7254902 0.73333335 0.70980394 0.70980394 0.74509805 0.75686276 0.74509805 0.7294118 0.7411765 0.73333335 0.7372549 0.75686276 0.7529412 0.7529412 0.74509805 0.7529412 0.7294118 0.7176471 0.7137255 0.7176471 0.7176471 0.7176471 0.69803923 0.69803923
0.6901961 0.69411767 0.6862745 0.69411767 0.7019608 0.70980394 0.7058824 0.70980394 0.7254902 0.7137255 0.7019608 0.72156864 0.73333335 0.7294118 0.7372549 0.70980394 0.7019608 0.69803923 0.69803923 0.69803923 0.7137255 0.70980394 0.7176471 0.7176471 0.7294118 0.72156864 0.7254902 0.72156864 0.7019608 0.69803923 0.69411767 0.69411767
0.6745098 0.6901961 0.6784314 0.69411767 0.7058824 0.69411767 0.68235296 0.6862745 0.7019608 0.6901961 0.6784314 0.68235296 0.69803923 0.7019608 0.70980394 0.7137255 0.7058824 0.70980394 0.7019608 0.69803923 0.70980394 0.69803923 0.7058824 0.7019608 0.6862745 0.65882355 0.64705884 0.6509804 0.6509804 0.6862745 0.7176471 0.7254902
0.6627451 0.67058825 0.68235296 0.68235296 0.6784314 0.72156864 0.69411767 0.68235296 0.7058824 0.69803923 0.6627451 0.67058825 0.6862745 0.7137255 0.7019608 0.7058824 0.70980394 0.69411767 0.6862745 0.68235296 0.67058825 0.6745098 0.67058825 0.6627451 0.63529414 0.61960787 0.6039216 0.6431373 0.69803923 0.7529412 0.7647059 0.76862746
0.654902 0.6509804 0.64705884 0.6392157 0.62352943 0.68235296 0.6862745 0.6901961 0.69411767 0.6745098 0.6627451 0.68235296 0.6745098 0.6862745 0.69411767 0.67058825 0.6313726 0.62352943 0.62352943 0.62352943 0.6156863 0.6156863 0.6392157 0.6784314 0.6627451 0.6313726 0.7019608 0.7647059 0.78039217 0.79607844 0.78039217 0.78039217
16 7 1
13 21 0
15 24 0
10 0 2
20 8 0
1 16 2
15 17 1
9 11 1
22 17 0
16 3 0
10 11 2
0 16 0
19 26 1
4 0 1
14 3 2
1 28 2
28 13 0
31 8 0
29 6 2
16 16 0
27 8 1
14 15 2
23 6 1
13 15 0
0 9 1
7 11 0
27 28 2
12 18 1
15 24 1
10 15 2
21 17 1
28 15 1
26 21 1
6 6 0
14 16 2
25 22 0
17 30 0
9 12 0
8 2 2
29 1 0
11 29 2
5 9 1
23 28 2
5 11 2
4 16 1
28 7 0
5 17 2
12 18 0
10 28 1
22 6 2
