32, 32, 3, 50
0.7176471 0.6784314 0.5882353 0.47058824 0.5372549 0.627451 0.7490196 0.5764706 0.7019608 0.6509804 0.6862745 0.7176471 0.62352943 0.5019608 0.47058824 0.43137255 0.4745098 0.6745098 0.63529414 0.5647059 0.6039216 0.6901961 0.7882353 0.85490197 0.78431374 0.8117647 0.8784314 0.91764706 0.92941177 0.9411765 0.9254902 0.9254902
0.7137255 0.7137255 0.6431373 0.5882353 0.64705884 0.74509805 0.79607844 0.78039217 0.77254903 0.68235296 0.68235296 0.6431373 0.6 0.5254902 0.5568628 0.6627451 0.7529412 0.8392157 0.83137256 0.8862745 0.90588236 0.9254902 0.94509804 0.92941177 0.91764706 0.91764706 0.9372549 0.92941177 0.92941177 0.92941177 0.9098039 0.9254902
0.7647059 0.8039216 0.7647059 0.80784315 0.8156863 0.8392157 0.8627451 0.88235295 0.8235294 0.8117647 0.8509804 0.85490197 0.8352941 0.8352941 0.85490197 0.90588236 0.91764706 0.9137255 0.9137255 0.92941177 0.9372549 0.91764706 0.9254902 0.84705883 0.7647059 0.7176471 0.75686276 0.8666667 0.89411765 0.8745098 0.8784314 0.87058824
0.8156863 0.8666667 0.85490197 0.8784314 0.84313726 0.85882354 0.8862745 0.88235295 0.8784314 0.88235295 0.8980392 0.9098039 0.8980392 0.9254902 0.9372549 0.92156863 0.9019608 0.91764706 0.9098039 0.92156863 0.94509804 0.93333334 0.84705883 0.7019608 0.6392157 0.6117647 0.6 0.7254902 0.85882354 0.87058824 0.8901961 0.8745098
0.87058824 0.8666667 0.80784315 0.85882354 0.8862745 0.8862745 0.8901961 0.8666667 0.88235295 0.89411765 0.9019608 0.9137255 0.92941177 0.9372549 0.9529412 0.94509804 0.9098039 0.9137255 0.9098039 0.92941177 0.92941177 0.90588236 0.69803923 0.6117647 0.627451 0.53333336 0.47058824 0.6392157 0.74509805 0.75686276 0.85490197 0.8980392
0.88235295 0.8509804 0.83137256 0.8666667 0.9019608 0.90588236 0.9019608 0.8901961 0.90588236 0.9254902 0.92941177 0.9372549 0.92941177 0.94509804 0.9647059 0.95686275 0.93333334 0.9098039 0.92941177 0.92156863 0.9254902 0.8666667 0.59607846 0.5019608 0.53333336 0.52156866 0.53333336 0.78431374 0.8666667 0.827451 0.84705883 0.9019608
0.89411765 0.88235295 0.89411765 0.8901961 0.88235295 0.89411765 0.9019608 0.92156863 0.92156863 0.9529412 0.9607843 0.95686275 0.9490196 0.9372549 0.9411765 0.9372549 0.9411765 0.93333334 0.91764706 0.9098039 0.9137255 0.79607844 0.56078434 0.4745098 0.5058824 0.5686275 0.7647059 0.9372549 0.96862745 0.92156863 0.8509804 0.88235295
0.8784314 0.8666667 0.8901961 0.8784314 0.8627451 0.8784314 0.9019608 0.9254902 0.93333334 0.972549 0.972549 0.95686275 0.9607843 0.9607843 0.94509804 0.9411765 0.9372549 0.9529412 0.9098039 0.7764706 0.78431374 0.654902 0.4862745 0.47843137 0.56078434 0.7137255 0.8901961 0.92156863 0.8901961 0.90588236 0.8509804 0.8
0.8862745 0.8980392 0.9137255 0.92156863 0.90588236 0.9019608 0.9254902 0.9490196 0.9607843 0.9529412 0.9490196 0.94509804 0.9098039 0.94509804 0.9490196 0.91764706 0.9411765 0.83137256 0.73333335 0.61960787 0.54509807 0.5568628 0.44313726 0.49411765 0.6313726 0.77254903 0.93333334 0.9137255 0.92156863 0.8784314 0.8392157 0.84705883
0.92941177 0.9098039 0.92941177 0.9490196 0.94509804 0.94509804 0.9411765 0.9529412 0.9254902 0.92941177 0.9529412 0.9529412 0.9372549 0.9372549 0.9490196 0.9372549 0.827451 0.6431373 0.5764706 0.49019608 0.3764706 0.3882353 0.4745098 0.49411765 0.6666667 0.81960785 0.93333334 0.92156863 0.90588236 0.89411765 0.8901961 0.9137255
0.92156863 0.90588236 0.9254902 0.9254902 0.9411765 0.9607843 0.9411765 0.94509804 0.92941177 0.92941177 0.92941177 0.93333334 0.92941177 0.93333334 0.96862745 0.9019608 0.6901961 0.52156866 0.4745098 0.41568628 0.3529412 0.45490196 0.52156866 0.5058824 0.6745098 0.80784315 0.9019608 0.9254902 0.92941177 0.9254902 0.92156863 0.90588236
0.88235295 0.9137255 0.9254902 0.91764706 0.93333334 0.9372549 0.93333334 0.92941177 0.92941177 0.9254902 0.9411765 0.9490196 0.92941177 0.9372549 0.95686275 0.7607843 0.5019608 0.43137255 0.42352942 0.43529412 0.45490196 0.5254902 0.53333336 0.5058824 0.5803922 0.7921569 0.90588236 0.93333334 0.93333334 0.9137255 0.9137255 0.9019608
0.8745098 0.9019608 0.9098039 0.9019608 0.9254902 0.9372549 0.9254902 0.9019608 0.91764706 0.92156863 0.9137255 0.9254902 0.94509804 0.9607843 0.88235295 0.5647059 0.41960785 0.47843137 0.4745098 0.5058824 0.5176471 0.47843137 0.45882353 0.4627451 0.53333336 0.76862746 0.9254902 0.92941177 0.9411765 0.90588236 0.88235295 0.9137255
0.9019608 0.92941177 0.92156863 0.9098039 0.9098039 0.9098039 0.92156863 0.93333334 0.9411765 0.92941177 0.91764706 0.92156863 0.95686275 0.9254902 0.6784314 0.45882353 0.5019608 0.4745098 0.45490196 0.47843137 0.43529412 0.42352942 0.40392157 0.47058824 0.58431375 0.77254903 0.85490197 0.84313726 0.85490197 0.8509804 0.8627451 0.89411765
0.9098039 0.9098039 0.9411765 0.9372549 0.9254902 0.9019608 0.9372549 0.92941177 0.9372549 0.92156863 0.93333334 0.94509804 0.94509804 0.80784315 0.49803922 0.48235294 0.49411765 0.40392157 0.36078432 0.37254903 0.3372549 0.34901962 0.3764706 0.48235294 0.5372549 0.8352941 0.8039216 0.79607844 0.8352941 0.84705883 0.83137256 0.85490197
0.8980392 0.8901961 0.92941177 0.92156863 0.9372549 0.9254902 0.93333334 0.89411765 0.92941177 0.9254902 0.9411765 0.9490196 0.9019608 0.6392157 0.49803922 0.5019608 0.43529412 0.36862746 0.33333334 0.3137255 0.32156864 0.3137255 0.3882353 0.4627451 0.58431375 0.8901961 0.8784314 0.87058824 0.8666667 0.78431374 0.8039216 0.78039217
0.90588236 0.9137255 0.92156863 0.9411765 0.94509804 0.9098039 0.9254902 0.92156863 0.90588236 0.93333334 0.94509804 0.9607843 0.79607844 0.5411765 0.50980395 0.5137255 0.39607844 0.32941177 0.3882353 0.43529412 0.4117647 0.43529412 0.38039216 0.49019608 0.8352941 0.91764706 0.8901961 0.85490197 0.87058824 0.8117647 0.827451 0.8627451
0.9019608 0.88235295 0.8745098 0.91764706 0.9137255 0.88235295 0.9254902 0.94509804 0.9490196 0.9254902 0.9411765 0.8980392 0.68235296 0.49019608 0.4745098 0.40784314 0.3137255 0.36078432 0.36078432 0.32156864 0.2901961 0.40392157 0.3882353 0.6117647 0.9019608 0.8862745 0.85882354 0.83137256 0.84705883 0.85882354 0.8666667 0.8980392
0.88235295 0.8980392 0.8901961 0.89411765 0.90588236 0.91764706 0.9372549 0.9490196 0.95686275 0.91764706 0.90588236 0.7764706 0.5529412 0.45490196 0.43137255 0.3882353 0.34117648 0.3254902 0.3137255 0.28235295 0.34901962 0.5254902 0.627451 0.8117647 0.88235295 0.8509804 0.8745098 0.8784314 0.8666667 0.8784314 0.84705883 0.81960785
0.87058824 0.8901961 0.8862745 0.9098039 0.9137255 0.90588236 0.91764706 0.8980392 0.89411765 0.88235295 0.8352941 0.6156863 0.4745098 0.44313726 0.4392157 0.41960785 0.38431373 0.3254902 0.36078432 0.39607844 0.49019608 0.59607846 0.7607843 0.85882354 0.8745098 0.87058824 0.9019608 0.90588236 0.8862745 0.8784314 0.84313726 0.79607844
0.8784314 0.89411765 0.8627451 0.90588236 0.85882354 0.87058824 0.87058824 0.85882354 0.87058824 0.8862745 0.7019608 0.5019608 0.46666667 0.4509804 0.42745098 0.3764706 0.37254903 0.3647059 0.34901962 0.4117647 0.5411765 0.65882355 0.78431374 0.8235294 0.85490197 0.84313726 0.8627451 0.8784314 0.85490197 0.81960785 0.8 0.7882353
0.84313726 0.85882354 0.83137256 0.8392157 0.83137256 0.8392157 0.83137256 0.84313726 0.87058824 0.81960785 0.5647059 0.45882353 0.4392157 0.36862746 0.38039216 0.3647059 0.3529412 0.33333334 0.30980393 0.4392157 0.62352943 0.7490196 0.827451 0.7882353 0.8117647 0.85882354 0.8039216 0.8235294 0.8156863 0.8156863 0.8117647 0.8
0.7921569 0.80784315 0.84705883 0.84705883 0.7921569 0.80784315 0.83137256 0.8156863 0.827451 0.6666667 0.4509804 0.44313726 0.45882353 0.40784314 0.41960785 0.3254902 0.34117648 0.3647059 0.4392157 0.5568628 0.70980394 0.7647059 0.7647059 0.7882353 0.8 0.85490197 0.7882353 0.79607844 0.74509805 0.78431374 0.8039216 0.78431374
0.7529412 0.8235294 0.8666667 0.85490197 0.7647059 0.7764706 0.7372549 0.7607843 0.654902 0.40784314 0.41568628 0.5803922 0.53333336 0.44705883 0.3137255 0.33333334 0.36862746 0.49411765 0.61960787 0.6784314 0.7411765 0.7176471 0.74509805 0.7607843 0.75686276 0.7019608 0.7176471 0.80784315 0.7372549 0.73333335 0.76862746 0.85490197
0.7647059 0.7372549 0.69803923 0.75686276 0.8156863 0.79607844 0.7529412 0.67058825 0.3882353 0.31764707 0.5568628 0.62352943 0.47058824 0.3254902 0.4392157 0.54901963 0.4392157 0.5137255 0.65882355 0.7254902 0.77254903 0.7921569 0.7647059 0.7529412 0.6901961 0.5137255 0.54901963 0.7019608 0.7764706 0.79607844 0.8352941 0.8666667
0.7372549 0.72156864 0.7137255 0.79607844 0.90588236 0.8666667 0.627451 0.39215687 0.4117647 0.6313726 0.67058825 0.49411765 0.42745098 0.5372549 0.7411765 0.76862746 0.5686275 0.42352942 0.57254905 0.7137255 0.8352941 0.8156863 0.77254903 0.8352941 0.7647059 0.6666667 0.62352943 0.7490196 0.8392157 0.8862745 0.8666667 0.9019608
0.74509805 0.7294118 0.7647059 0.8392157 0.80784315 0.5803922 0.3529412 0.48235294 0.7137255 0.7921569 0.5647059 0.39215687 0.64705884 0.7372549 0.7294118 0.76862746 0.7176471 0.5568628 0.5647059 0.6 0.77254903 0.8666667 0.85490197 0.8666667 0.84313726 0.827451 0.8509804 0.85882354 0.8235294 0.85882354 0.85882354 0.9098039
0.77254903 0.7294118 0.77254903 0.7529412 0.4862745 0.34117648 0.5921569 0.7882353 0.81960785 0.7411765 0.5294118 0.6627451 0.7647059 0.7529412 0.7607843 0.7764706 0.827451 0.7294118 0.5411765 0.5647059 0.58431375 0.6862745 0.7294118 0.79607844 0.7607843 0.7254902 0.70980394 0.78039217 0.8235294 0.8352941 0.81960785 0.83137256
0.7764706 0.7607843 0.6666667 0.44705883 0.3764706 0.62352943 0.8039216 0.8 0.76862746 0.6784314 0.6666667 0.76862746 0.8 0.81960785 0.8509804 0.79607844 0.73333335 0.69803923 0.5294118 0.52156866 0.54509807 0.5372549 0.6 0.6784314 0.6313726 0.57254905 0.52156866 0.5372549 0.57254905 0.627451 0.654902 0.7137255
0.7882353 0.6509804 0.4392157 0.4392157 0.68235296 0.8 0.8039216 0.81960785 0.75686276 0.7058824 0.6901961 0.7254902 0.8117647 0.83137256 0.8235294 0.7647059 0.6745098 0.6313726 0.64705884 0.627451 0.67058825 0.6745098 0.65882355 0.6862745 0.65882355 0.4509804 0.3764706 0.36862746 0.40784314 0.5686275 0.6392157 0.7019608
0.6313726 0.4745098 0.5058824 0.7294118 0.7647059 0.7137255 0.7607843 0.7764706 0.69803923 0.7882353 0.75686276 0.69411767 0.7411765 0.7764706 0.8 0.7137255 0.65882355 0.63529414 0.69803923 0.7372549 0.7254902 0.6745098 0.6745098 0.6784314 0.72156864 0.5411765 0.4745098 0.6156863 0.63529414 0.6862745 0.7529412 0.7764706
0.58431375 0.49411765 0.65882355 0.7372549 0.6745098 0.65882355 0.69803923 0.6745098 0.64705884 0.6745098 0.6666667 0.6431373 0.654902 0.69411767 0.74509805 0.7254902 0.6745098 0.67058825 0.72156864 0.70980394 0.7490196 0.69803923 0.68235296 0.6627451 0.7254902 0.72156864 0.73333335 0.7921569 0.77254903 0.69803923 0.7411765 0.7529412
0.6509804 0.6039216 0.5254902 0.42745098 0.49019608 0.5568628 0.6509804 0.50980395 0.62352943 0.5647059 0.6 0.6431373 0.5803922 0.4627451 0.42352942 0.4117647 0.46666667 0.6431373 0.62352943 0.5372549 0.5568628 0.6509804 0.73333335 0.79607844 0.7411765 0.74509805 0.78431374 0.85490197 0.8980392 0.9411765 0.91764706 0.89411765
0.64705884 0.6431373 0.58431375 0.54509807 0.60784316 0.68235296 0.7372549 0.7372549 0.70980394 0.61960787 0.6313726 0.6117647 0.5882353 0.52156866 0.53333336 0.6313726 0.70980394 0.77254903 0.75686276 0.8156863 0.8352941 0.85882354 0.8745098 0.85882354 0.85882354 0.8352941 0.83137256 0.8862745 0.9019608 0.8745098 0.85490197 0.85882354
0.7137255 0.74509805 0.69803923 0.7490196 0.7607843 0.7764706 0.8117647 0.8235294 0.75686276 0.76862746 0.80784315 0.827451 0.80784315 0.8117647 0.83137256 0.85490197 0.84705883 0.8509804 0.827451 0.8745098 0.9137255 0.8627451 0.85882354 0.78039217 0.7019608 0.6509804 0.6784314 0.79607844 0.84313726 0.81960785 0.8235294 0.80784315
0.7607843 0.81960785 0.79607844 0.8117647 0.7882353 0.79607844 0.8352941 0.8235294 0.81960785 0.8392157 0.8509804 0.8784314 0.8784314 0.90588236 0.91764706 0.8784314 0.8509804 0.8745098 0.85882354 0.9019608 0.94509804 0.89411765 0.7921569 0.6509804 0.5921569 0.5647059 0.5294118 0.6392157 0.79607844 0.83137256 0.85882354 0.827451
0.80784315 0.8117647 0.74509805 0.7921569 0.84705883 0.85882354 0.85882354 0.8235294 0.8392157 0.84705883 0.85490197 0.8784314 0.9098039 0.93333334 0.9490196 0.9372549 0.8901961 0.8784314 0.8627451 0.9098039 0.92156863 0.88235295 0.6627451 0.5803922 0.5921569 0.50980395 0.43137255 0.57254905 0.6901961 0.72156864 0.8156863 0.85490197
0.8156863 0.7882353 0.75686276 0.8039216 0.87058824 0.8745098 0.85490197 0.8392157 0.8627451 0.8980392 0.9098039 0.91764706 0.9137255 0.9372549 0.95686275 0.94509804 0.9137255 0.8745098 0.8627451 0.8784314 0.90588236 0.84313726 0.56078434 0.4862745 0.50980395 0.48235294 0.49803922 0.7490196 0.84705883 0.8 0.79607844 0.85882354
0.81960785 0.827451 0.8392157 0.84313726 0.8352941 0.8235294 0.827451 0.8666667 0.88235295 0.9372549 0.95686275 0.9607843 0.94509804 0.93333334 0.93333334 0.92156863 0.9254902 0.9098039 0.8745098 0.88235295 0.8745098 0.74509805 0.5137255 0.43529412 0.46666667 0.5294118 0.74509805 0.92156863 0.9647059 0.89411765 0.78039217 0.827451
0.8117647 0.81960785 0.84313726 0.827451 0.80784315 0.83137256 0.8745098 0.9098039 0.9137255 0.9647059 0.972549 0.94509804 0.92156863 0.92941177 0.9372549 0.9372549 0.9254902 0.92941177 0.87058824 0.7372549 0.72156864 0.59607846 0.44313726 0.43137255 0.49803922 0.6666667 0.87058824 0.8901961 0.85882354 0.8627451 0.7882353 0.7607843
0.84705883 0.85882354 0.8666667 0.87058824 0.87058824 0.8901961 0.92156863 0.9372549 0.9411765 0.9529412 0.9490196 0.93333334 0.85882354 0.90588236 0.9372549 0.92156863 0.92156863 0.78431374 0.6784314 0.5803922 0.5019608 0.50980395 0.4117647 0.4627451 0.5647059 0.70980394 0.9098039 0.8784314 0.8784314 0.84705883 0.80784315 0.83137256
0.8901961 0.8784314 0.8980392 0.9137255 0.92156863 0.92156863 0.89411765 0.92156863 0.89411765 0.90588236 0.9411765 0.9490196 0.9137255 0.92156863 0.94509804 0.93333334 0.7921569 0.58431375 0.53333336 0.4745098 0.36078432 0.36078432 0.44705883 0.4745098 0.6156863 0.7647059 0.92156863 0.9019608 0.88235295 0.88235295 0.87058824 0.8901961
0.8745098 0.8627451 0.8901961 0.88235295 0.9254902 0.9372549 0.8901961 0.91764706 0.90588236 0.89411765 0.90588236 0.90588236 0.89411765 0.9137255 0.9607843 0.87058824 0.6313726 0.4862745 0.45882353 0.4117647 0.36078432 0.44705883 0.49411765 0.48235294 0.6431373 0.74509805 0.88235295 0.9098039 0.91764706 0.91764706 0.8980392 0.8784314
0.85490197 0.85882354 0.84705883 0.85882354 0.91764706 0.91764706 0.8980392 0.9137255 0.9254902 0.91764706 0.92156863 0.91764706 0.8901961 0.92156863 0.94509804 0.72156864 0.45882353 0.42745098 0.43137255 0.44705883 0.46666667 0.5176471 0.5019608 0.47843137 0.5568628 0.73333335 0.8862745 0.92156863 0.9254902 0.9137255 0.8980392 0.8784314
0.8352941 0.85882354 0.8392157 0.8352941 0.8901961 0.91764706 0.9019608 0.8784314 0.89411765 0.8862745 0.8862745 0.9098039 0.92941177 0.9529412 0.8627451 0.53333336 0.41960785 0.4862745 0.47843137 0.5058824 0.5137255 0.45882353 0.41960785 0.43529412 0.50980395 0.7254902 0.9019608 0.90588236 0.92156863 0.8862745 0.84705883 0.8862745
0.84705883 0.9019608 0.88235295 0.85882354 0.8745098 0.8901961 0.91764706 0.92156863 0.9098039 0.8862745 0.8862745 0.9098039 0.9372549 0.9098039 0.6627451 0.4509804 0.50980395 0.47843137 0.45490196 0.4745098 0.41960785 0.4 0.36862746 0.43529412 0.56078434 0.7411765 0.8117647 0.8117647 0.8156863 0.7882353 0.80784315 0.84313726
0.85490197 0.8627451 0.8980392 0.9019608 0.8862745 0.84705883 0.8862745 0.8862745 0.90588236 0.8901961 0.91764706 0.93333334 0.9098039 0.76862746 0.49411765 0.4862745 0.4745098 0.39215687 0.35686275 0.3647059 0.33333334 0.33333334 0.34117648 0.44705883 0.5176471 0.8156863 0.7607843 0.7647059 0.7921569 0.77254903 0.7882353 0.8039216
0.8117647 0.80784315 0.88235295 0.88235295 0.91764706 0.8901961 0.8901961 0.84313726 0.8745098 0.8901961 0.9254902 0.9372549 0.87058824 0.6 0.49019608 0.49803922 0.4117647 0.34901962 0.32156864 0.3019608 0.30980393 0.3019608 0.35686275 0.42352942 0.57254905 0.8745098 0.85882354 0.8392157 0.8235294 0.7411765 0.77254903 0.74509805
0.8862745 0.8980392 0.8862745 0.9019608 0.92941177 0.8784314 0.91764706 0.9098039 0.87058824 0.8901961 0.92156863 0.9490196 0.77254903 0.5254902 0.49019608 0.49019608 0.39215687 0.32156864 0.37254903 0.42352942 0.39607844 0.41568628 0.3529412 0.4627451 0.83137256 0.9098039 0.8784314 0.8156863 0.8156863 0.76862746 0.76862746 0.8235294
0.8745098 0.88235295 0.8627451 0.89411765 0.8862745 0.85490197 0.9137255 0.9490196 0.9411765 0.88235295 0.89411765 0.8745098 0.6627451 0.47058824 0.45490196 0.39215687 0.30980393 0.35686275 0.3529412 0.3254902 0.2901961 0.3764706 0.37254903 0.60784316 0.89411765 0.87058824 0.827451 0.76862746 0.78039217 0.8 0.8039216 0.85882354
0.84313726 0.8627451 0.8627451 0.8666667 0.87058824 0.88235295 0.9098039 0.93333334 0.94509804 0.87058824 0.85882354 0.75686276 0.5411765 0.44313726 0.4117647 0.36862746 0.32941177 0.3137255 0.3137255 0.28627452 0.33333334 0.49803922 0.6156863 0.8039216 0.8627451 0.81960785 0.8509804 0.84705883 0.8392157 0.8509804 0.8039216 0.7647059
0.8039216 0.83137256 0.84313726 0.8784314 0.8745098 0.84705883 0.8666667 0.85490197 0.85882354 0.827451 0.79607844 0.6039216 0.4745098 0.44705883 0.42352942 0.39607844 0.3647059 0.3019608 0.34117648 0.38431373 0.46666667 0.5764706 0.74509805 0.84313726 0.85490197 0.84313726 0.8862745 0.8862745 0.8666667 0.84313726 0.7921569 0.7372549
0.81960785 0.8509804 0.8156863 0.85490197 0.7921569 0.8 0.8039216 0.79607844 0.827451 0.84313726 0.67058825 0.49411765 0.47058824 0.4509804 0.40784314 0.3529412 0.34509805 0.3372549 0.31764707 0.39215687 0.52156866 0.6431373 0.76862746 0.8117647 0.8509804 0.81960785 0.827451 0.85490197 0.81960785 0.77254903 0.7607843 0.7411765
0.7529412 0.7882353 0.7882353 0.78431374 0.7647059 0.78431374 0.7764706 0.7882353 0.8392157 0.7921569 0.54901963 0.45882353 0.43529412 0.3529412 0.36078432 0.34901962 0.32156864 0.29803923 0.28235295 0.4117647 0.6 0.7254902 0.8 0.7607843 0.7921569 0.8235294 0.74509805 0.78431374 0.7607843 0.76862746 0.7882353 0.75686276
0.7254902 0.74509805 0.83137256 0.8509804 0.77254903 0.7764706 0.79607844 0.78431374 0.7921569 0.6392157 0.4509804 0.43529412 0.44705883 0.39215687 0.40392157 0.30980393 0.30588236 0.3254902 0.4117647 0.5294118 0.68235296 0.73333335 0.7254902 0.7372549 0.7607843 0.8156863 0.7294118 0.7607843 0.7137255 0.7529412 0.8 0.77254903
0.70980394 0.7882353 0.84705883 0.8509804 0.7372549 0.74509805 0.7058824 0.72156864 0.6039216 0.3882353 0.40392157 0.5568628 0.50980395 0.43137255 0.29803923 0.3137255 0.32941177 0.4509804 0.5882353 0.64705884 0.70980394 0.6901961 0.70980394 0.7176471 0.7176471 0.6431373 0.6431373 0.75686276 0.7058824 0.69411767 0.75686276 0.8509804
0.7019608 0.7137255 0.6627451 0.7176471 0.78431374 0.7607843 0.73333335 0.6313726 0.34117648 0.3019608 0.54901963 0.5882353 0.44313726 0.32156864 0.41960785 0.5176471 0.39215687 0.46666667 0.6156863 0.6862745 0.7176471 0.73333335 0.72156864 0.7058824 0.6509804 0.4509804 0.48235294 0.6156863 0.70980394 0.7529412 0.8 0.8392157
0.6862745 0.6862745 0.67058825 0.77254903 0.90588236 0.84705883 0.58431375 0.35686275 0.39607844 0.627451 0.654902 0.45490196 0.40392157 0.5176471 0.7019608 0.70980394 0.5176471 0.3882353 0.5294118 0.6666667 0.78431374 0.7764706 0.7529412 0.78431374 0.70980394 0.62352943 0.5803922 0.69411767 0.8117647 0.85882354 0.83137256 0.8784314
0.6627451 0.6509804 0.70980394 0.8039216 0.76862746 0.54509807 0.32941177 0.4745098 0.7019608 0.77254903 0.5372549 0.36862746 0.61960787 0.7058824 0.69411767 0.7137255 0.6745098 0.5294118 0.5254902 0.5568628 0.74509805 0.85882354 0.8392157 0.83137256 0.79607844 0.7921569 0.8039216 0.8117647 0.79607844 0.8392157 0.8352941 0.8980392
0.72156864 0.6784314 0.7176471 0.69411767 0.4509804 0.32941177 0.5803922 0.77254903 0.7882353 0.69803923 0.5019608 0.6509804 0.7411765 0.7372549 0.7372549 0.7411765 0.7921569 0.7019608 0.50980395 0.5294118 0.5568628 0.6745098 0.69411767 0.7529412 0.72156864 0.6784314 0.67058825 0.7529412 0.7882353 0.80784315 0.7921569 0.8
0.74509805 0.7176471 0.62352943 0.4117647 0.36862746 0.6117647 0.78039217 0.7764706 0.7176471 0.627451 0.6392157 0.7372549 0.76862746 0.8039216 0.8235294 0.7411765 0.6862745 0.654902 0.49411765 0.4862745 0.5137255 0.5176471 0.5686275 0.62352943 0.5803922 0.5254902 0.49019608 0.5058824 0.53333336 0.5921569 0.6117647 0.6627451
0.7411765 0.6 0.4117647 0.41960785 0.654902 0.7607843 0.78039217 0.79607844 0.7058824 0.6627451 0.6627451 0.6862745 0.7647059 0.78431374 0.7921569 0.7058824 0.6039216 0.5568628 0.5921569 0.5882353 0.6313726 0.63529414 0.60784316 0.6313726 0.62352943 0.42745098 0.3647059 0.34901962 0.38039216 0.5372549 0.59607846 0.6509804
0.57254905 0.43529412 0.48235294 0.69411767 0.70980394 0.6745098 0.72156864 0.73333335 0.6431373 0.7529412 0.7254902 0.64705884 0.6901961 0.7294118 0.7647059 0.6784314 0.6156863 0.57254905 0.6392157 0.6901961 0.6784314 0.6117647 0.60784316 0.6313726 0.6862745 0.5137255 0.44705883 0.57254905 0.5882353 0.64705884 0.70980394 0.7254902
0.5411765 0.46666667 0.6313726 0.7019608 0.627451 0.63529414 0.6509804 0.62352943 0.59607846 0.6431373 0.63529414 0.5921569 0.60784316 0.654902 0.7019608 0.68235296 0.6313726 0.63529414 0.68235296 0.67058825 0.7058824 0.6509804 0.63529414 0.61960787 0.6666667 0.6784314 0.7019608 0.74509805 0.72156864 0.6509804 0.6862745 0.6862745
0.58431375 0.5254902 0.45882353 0.3647059 0.4392157 0.49803922 0.5372549 0.40392157 0.53333336 0.46666667 0.5294118 0.5764706 0.5176471 0.39607844 0.36862746 0.37254903 0.43529412 0.6156863 0.5803922 0.49019608 0.5176471 0.60784316 0.6784314 0.7411765 0.69411767 0.68235296 0.72156864 0.79607844 0.84313726 0.8980392 0.88235295 0.8627451
0.5686275 0.53333336 0.5058824 0.48235294 0.54901963 0.60784316 0.6313726 0.654902 0.627451 0.5372549 0.54509807 0.5294118 0.5137255 0.47058824 0.49019608 0.5803922 0.64705884 0.7019608 0.7019608 0.7764706 0.79607844 0.8 0.8156863 0.7921569 0.8039216 0.7647059 0.7607843 0.83137256 0.84313726 0.8156863 0.7921569 0.8039216
0.6509804 0.65882355 0.627451 0.6862745 0.6862745 0.69411767 0.7411765 0.7529412 0.6745098 0.7058824 0.7490196 0.78431374 0.7607843 0.7647059 0.7882353 0.7921569 0.77254903 0.78039217 0.75686276 0.81960785 0.85490197 0.78039217 0.8039216 0.72156864 0.6392157 0.5882353 0.5882353 0.7137255 0.76862746 0.7607843 0.77254903 0.7529412
0.70980394 0.74509805 0.72156864 0.7490196 0.7019608 0.7176471 0.76862746 0.7647059 0.7529412 0.7764706 0.78431374 0.8156863 0.8235294 0.85490197 0.8666667 0.8117647 0.78039217 0.8117647 0.7882353 0.85882354 0.90588236 0.827451 0.7411765 0.6117647 0.54901963 0.5254902 0.4627451 0.5686275 0.73333335 0.78431374 0.8156863 0.7764706
0.74509805 0.7254902 0.65882355 0.7372549 0.7921569 0.7882353 0.7921569 0.7764706 0.78431374 0.78431374 0.8039216 0.827451 0.8627451 0.8980392 0.91764706 0.8980392 0.8392157 0.8156863 0.79607844 0.8627451 0.8745098 0.8156863 0.60784316 0.5529412 0.56078434 0.4745098 0.39607844 0.5254902 0.64705884 0.6862745 0.7607843 0.7921569
0.73333335 0.69803923 0.6784314 0.74509805 0.827451 0.81960785 0.7921569 0.7882353 0.81960785 0.8509804 0.87058824 0.87058824 0.8627451 0.9019608 0.9254902 0.9019608 0.8627451 0.8117647 0.77254903 0.8117647 0.8509804 0.76862746 0.49803922 0.44705883 0.45490196 0.4392157 0.4627451 0.69803923 0.81960785 0.7764706 0.7294118 0.79607844
0.7372549 0.75686276 0.78039217 0.78039217 0.7607843 0.74509805 0.74509805 0.8 0.8235294 0.8901961 0.92941177 0.9254902 0.9137255 0.9019608 0.89411765 0.8666667 0.8745098 0.8627451 0.8235294 0.8352941 0.8392157 0.7058824 0.47843137 0.3882353 0.39215687 0.47843137 0.69803923 0.88235295 0.9372549 0.84705883 0.7176471 0.7764706
0.7411765 0.7529412 0.7647059 0.7607843 0.7372549 0.76862746 0.83137256 0.85882354 0.84705883 0.92156863 0.9411765 0.90588236 0.8784314 0.8862745 0.89411765 0.8862745 0.8784314 0.8862745 0.827451 0.69803923 0.6901961 0.5686275 0.40784314 0.4 0.45490196 0.56078434 0.76862746 0.8156863 0.78431374 0.7921569 0.7254902 0.69803923
0.78039217 0.78039217 0.7764706 0.8039216 0.8156863 0.85490197 0.89411765 0.91764706 0.91764706 0.94509804 0.93333334 0.8862745 0.80784315 0.85490197 0.89411765 0.8784314 0.8666667 0.72156864 0.61960787 0.5529412 0.4745098 0.48235294 0.38431373 0.41960785 0.4862745 0.62352943 0.85882354 0.8117647 0.80784315 0.78431374 0.7607843 0.78039217
0.81960785 0.8117647 0.85490197 0.87058824 0.8745098 0.8862745 0.84705883 0.8666667 0.8352941 0.85490197 0.8980392 0.9137255 0.8901961 0.8901961 0.90588236 0.89411765 0.7294118 0.52156866 0.4862745 0.4745098 0.35686275 0.3372549 0.42745098 0.44313726 0.54509807 0.6862745 0.8784314 0.827451 0.8117647 0.8392157 0.84313726 0.8509804
0.8039216 0.79607844 0.8352941 0.827451 0.8784314 0.89411765 0.8392157 0.87058824 0.84313726 0.827451 0.84705883 0.85882354 0.8509804 0.87058824 0.93333334 0.81960785 0.5529412 0.44313726 0.4392157 0.40784314 0.35686275 0.41960785 0.47843137 0.4745098 0.6117647 0.6431373 0.7882353 0.84705883 0.8666667 0.8745098 0.8509804 0.8156863
0.8039216 0.78039217 0.7529412 0.79607844 0.87058824 0.8745098 0.8509804 0.8666667 0.8784314 0.8745098 0.89411765 0.88235295 0.827451 0.87058824 0.92156863 0.64705884 0.38431373 0.39607844 0.42745098 0.44705883 0.46666667 0.49803922 0.46666667 0.44313726 0.5254902 0.63529414 0.8156863 0.8784314 0.8784314 0.8666667 0.84313726 0.81960785
0.7764706 0.7921569 0.7607843 0.7647059 0.8352941 0.88235295 0.85490197 0.8117647 0.8235294 0.8156863 0.8352941 0.8745098 0.89411765 0.9137255 0.8352941 0.49411765 0.38039216 0.48235294 0.49803922 0.5176471 0.50980395 0.42745098 0.36862746 0.38039216 0.48235294 0.6392157 0.8509804 0.85882354 0.87058824 0.84705883 0.8 0.8352941
0.77254903 0.84705883 0.827451 0.7921569 0.8 0.84705883 0.8745098 0.85882354 0.84705883 0.80784315 0.827451 0.87058824 0.8980392 0.84705883 0.61960787 0.4509804 0.49803922 0.46666667 0.43529412 0.44705883 0.3764706 0.3372549 0.32941177 0.38431373 0.5176471 0.67058825 0.75686276 0.7647059 0.76862746 0.7176471 0.73333335 0.77254903
0.78431374 0.80784315 0.84705883 0.8352941 0.81960785 0.8 0.84313726 0.81960785 0.8509804 0.8352941 0.87058824 0.8980392 0.84313726 0.69411767 0.45490196 0.45490196 0.4392157 0.34117648 0.29411766 0.3019608 0.26666668 0.28235295 0.29803923 0.38039216 0.46666667 0.7607843 0.7019608 0.7254902 0.7490196 0.70980394 0.7294118 0.7372549
0.7137255 0.73333335 0.8117647 0.81960785 0.8627451 0.8392157 0.8352941 0.7607843 0.8039216 0.8352941 0.89411765 0.8980392 0.78039217 0.5372549 0.4627451 0.44313726 0.3764706 0.29411766 0.27450982 0.27058825 0.28235295 0.27058825 0.29411766 0.3529412 0.5372549 0.8392157 0.80784315 0.7882353 0.7607843 0.68235296 0.7058824 0.6666667
0.8392157 0.85490197 0.81960785 0.8509804 0.88235295 0.827451 0.8784314 0.8627451 0.80784315 0.8235294 0.8784314 0.9098039 0.7058824 0.45490196 0.43529412 0.46666667 0.39607844 0.30980393 0.34117648 0.40784314 0.36862746 0.3529412 0.29411766 0.42352942 0.80784315 0.8862745 0.8392157 0.7529412 0.7529412 0.7019608 0.68235296 0.7411765
0.827451 0.83137256 0.84313726 0.8784314 0.84705883 0.8117647 0.87058824 0.91764706 0.9019608 0.8117647 0.81960785 0.8156863 0.6117647 0.41568628 0.4117647 0.39607844 0.32156864 0.35686275 0.3254902 0.33333334 0.25490198 0.29803923 0.32941177 0.58431375 0.85882354 0.8392157 0.7607843 0.6901961 0.7176471 0.7137255 0.70980394 0.7921569
0.79607844 0.827451 0.8235294 0.79607844 0.80784315 0.8235294 0.8745098 0.9019608 0.9019608 0.8 0.7764706 0.68235296 0.49803922 0.41568628 0.39215687 0.38039216 0.3254902 0.3019608 0.28627452 0.28235295 0.28235295 0.41960785 0.5647059 0.76862746 0.8117647 0.77254903 0.78039217 0.7647059 0.77254903 0.78431374 0.72156864 0.69803923
0.72156864 0.77254903 0.78431374 0.80784315 0.78431374 0.7411765 0.8 0.8 0.8 0.75686276 0.7137255 0.5137255 0.4392157 0.43137255 0.40392157 0.3764706 0.33333334 0.2901961 0.29803923 0.33333334 0.3882353 0.49411765 0.68235296 0.79607844 0.80784315 0.79607844 0.84705883 0.8392157 0.8235294 0.8039216 0.7294118 0.6745098
0.73333335 0.78431374 0.75686276 0.8039216 0.7019608 0.7137255 0.7411765 0.7254902 0.7764706 0.78431374 0.58431375 0.40392157 0.41568628 0.43137255 0.4 0.3372549 0.30980393 0.28235295 0.25490198 0.3372549 0.44705883 0.56078434 0.68235296 0.74509805 0.8 0.7647059 0.78039217 0.8039216 0.77254903 0.7254902 0.69803923 0.68235296
0.6901961 0.7294118 0.7372549 0.7372549 0.69411767 0.7294118 0.7294118 0.72156864 0.7921569 0.73333335 0.44313726 0.36862746 0.39607844 0.3372549 0.34509805 0.32156864 0.27450982 0.23921569 0.22745098 0.3647059 0.5137255 0.60784316 0.6901961 0.6745098 0.7254902 0.7607843 0.6745098 0.72156864 0.7058824 0.72156864 0.73333335 0.7019608
0.6627451 0.68235296 0.7607843 0.78039217 0.7137255 0.7176471 0.7529412 0.7372549 0.7372549 0.53333336 0.33333334 0.38039216 0.40784314 0.36078432 0.3529412 0.2627451 0.24313726 0.25490198 0.32941177 0.44313726 0.5568628 0.59607846 0.6313726 0.67058825 0.69803923 0.7647059 0.6784314 0.72156864 0.6745098 0.7019608 0.7529412 0.7254902
0.6431373 0.7490196 0.8156863 0.79607844 0.6862745 0.6666667 0.64705884 0.6901961 0.5568628 0.30588236 0.32941177 0.4392157 0.40392157 0.38431373 0.25490198 0.25490198 0.24313726 0.32156864 0.45490196 0.5137255 0.5568628 0.59607846 0.6666667 0.6901961 0.67058825 0.6 0.6 0.7294118 0.67058825 0.64705884 0.72156864 0.8235294
0.654902 0.6784314 0.6117647 0.65882355 0.7254902 0.69411767 0.68235296 0.5882353 0.2784314 0.22352941 0.38431373 0.41960785 0.4 0.27450982 0.36862746 0.42745098 0.29803923 0.3372549 0.45490196 0.5176471 0.6039216 0.6745098 0.67058825 0.6666667 0.6117647 0.4 0.42352942 0.5647059 0.654902 0.7019608 0.7490196 0.8039216
0.61960787 0.60784316 0.59607846 0.72156864 0.8745098 0.8235294 0.5411765 0.2901961 0.31764707 0.5294118 0.5372549 0.40392157 0.3764706 0.45882353 0.6392157 0.6392157 0.42745098 0.3254902 0.44313726 0.56078434 0.7254902 0.70980394 0.6901961 0.7372549 0.6627451 0.58431375 0.53333336 0.654902 0.78431374 0.81960785 0.7764706 0.8352941
0.61960787 0.58431375 0.64705884 0.7607843 0.7254902 0.52156866 0.31764707 0.41568628 0.6156863 0.6862745 0.49803922 0.36078432 0.5686275 0.6431373 0.6431373 0.6627451 0.6039216 0.5058824 0.53333336 0.5372549 0.7019608 0.8039216 0.7921569 0.7882353 0.75686276 0.7607843 0.7490196 0.75686276 0.7647059 0.8039216 0.7882353 0.8666667
0.68235296 0.6313726 0.6627451 0.6509804 0.4117647 0.3137255 0.56078434 0.7372549 0.72156864 0.6156863 0.4745098 0.6039216 0.68235296 0.69803923 0.70980394 0.6784314 0.74509805 0.68235296 0.49411765 0.53333336 0.56078434 0.6627451 0.6666667 0.7137255 0.6901961 0.6509804 0.63529414 0.70980394 0.7529412 0.7764706 0.7490196 0.7607843
0.7019608 0.68235296 0.5764706 0.38039216 0.34901962 0.5803922 0.7490196 0.74509805 0.67058825 0.5882353 0.62352943 0.70980394 0.73333335 0.7764706 0.79607844 0.6784314 0.6431373 0.6392157 0.47843137 0.48235294 0.49411765 0.5137255 0.5529412 0.5803922 0.54509807 0.5058824 0.49019608 0.5058824 0.52156866 0.57254905 0.5803922 0.60784316
0.70980394 0.5686275 0.3882353 0.39215687 0.61960787 0.7254902 0.7529412 0.76862746 0.6627451 0.627451 0.6313726 0.65882355 0.7372549 0.7647059 0.7607843 0.65882355 0.5686275 0.5372549 0.5764706 0.5686275 0.60784316 0.5921569 0.5568628 0.5764706 0.5803922 0.40392157 0.3529412 0.3372549 0.3529412 0.48235294 0.54509807 0.6039216
0.5411765 0.40392157 0.44705883 0.6627451 0.6745098 0.6431373 0.6862745 0.6901961 0.6 0.72156864 0.6745098 0.6039216 0.6627451 0.7254902 0.7490196 0.6509804 0.5764706 0.53333336 0.6156863 0.654902 0.6509804 0.56078434 0.54509807 0.5803922 0.6392157 0.49019608 0.41960785 0.53333336 0.5411765 0.5921569 0.64705884 0.6862745
0.49803922 0.43137255 0.5882353 0.6745098 0.59607846 0.59607846 0.6156863 0.5882353 0.5568628 0.6039216 0.59607846 0.5529412 0.57254905 0.64705884 0.67058825 0.6431373 0.5803922 0.5882353 0.654902 0.6392157 0.6901961 0.62352943 0.59607846 0.5803922 0.60784316 0.6392157 0.69411767 0.7294118 0.7176471 0.6313726 0.63529414 0.6431373
26 16 2
0 1 0
31 14 2
11 12 1
27 27 1
3 26 0
0 0 0
26 10 1
24 0 1
21 10 2
5 22 0
11 20 1
14 4 2
28 3 2
24 14 0
20 0 0
4 4 2
30 10 1
12 14 2
24 18 0
5 5 1
23 31 1
29 5 2
19 2 2
9 23 1
4 9 2
0 27 0
26 4 1
10 3 0
14 11 2
8 7 1
26 5 0
2 20 1
4 12 0
6 26 2
26 9 0
27 8 0
0 2 2
5 6 0
25 11 1
5 13 1
23 8 1
24 1 0
7 12 1
31 26 0
28 15 0
9 28 1
18 11 1
8 26 0
16 5 2
