32, 32, 3, 50
0.19607843 0.2 0.23921569 0.25490198 0.2509804 0.27058825 0.3137255 0.3647059 0.42352942 0.4627451 0.4745098 0.47843137 0.44313726 0.4 0.38431373 0.39215687 0.40392157 0.4117647 0.4117647 0.4117647 0.42352942 0.47058824 0.52156866 0.60784316 0.6784314 0.74509805 0.7921569 0.8392157 0.85490197 0.83137256 0.8117647 0.76862746
0.20784314 0.21568628 0.24313726 0.24705882 0.23529412 0.2627451 0.3019608 0.35686275 0.41960785 0.4509804 0.4627451 0.46666667 0.43137255 0.3882353 0.37254903 0.38431373 0.3882353 0.40392157 0.4117647 0.41568628 0.42745098 0.4509804 0.49803922 0.5764706 0.6509804 0.69803923 0.7254902 0.7882353 0.81960785 0.7882353 0.7647059 0.7294118
0.2 0.20784314 0.22745098 0.22745098 0.21960784 0.25490198 0.29803923 0.36078432 0.41960785 0.44705883 0.4627451 0.4627451 0.43529412 0.41568628 0.40784314 0.4 0.39607844 0.4117647 0.43529412 0.4509804 0.4392157 0.44705883 0.4862745 0.5529412 0.6431373 0.6745098 0.6901961 0.7529412 0.7764706 0.7294118 0.72156864 0.7254902
0.18431373 0.18039216 0.19607843 0.20392157 0.20784314 0.24705882 0.29411766 0.3647059 0.4117647 0.45882353 0.48235294 0.49019608 0.4745098 0.45882353 0.4509804 0.42745098 0.42352942 0.43137255 0.47058824 0.4862745 0.45882353 0.4627451 0.49019608 0.54901963 0.62352943 0.64705884 0.6745098 0.7254902 0.7294118 0.6862745 0.69411767 0.7019608
0.2 0.16862746 0.1764706 0.21176471 0.23529412 0.2627451 0.29803923 0.3647059 0.42352942 0.49019608 0.52156866 0.5372549 0.5254902 0.49803922 0.47843137 0.45882353 0.4627451 0.4627451 0.4862745 0.49411765 0.4745098 0.47058824 0.49803922 0.5529412 0.5882353 0.61960787 0.65882355 0.6901961 0.6745098 0.64705884 0.654902 0.65882355
0.21960784 0.19215687 0.20392157 0.24705882 0.28627452 0.32156864 0.34509805 0.40392157 0.45882353 0.5176471 0.5411765 0.5529412 0.54901963 0.5294118 0.49803922 0.48235294 0.4862745 0.48235294 0.4862745 0.4862745 0.48235294 0.49019608 0.5176471 0.5647059 0.5764706 0.6156863 0.654902 0.6627451 0.6392157 0.6039216 0.60784316 0.61960787
0.25490198 0.24313726 0.27450982 0.30588236 0.34117648 0.3882353 0.42745098 0.46666667 0.5019608 0.53333336 0.5411765 0.5529412 0.5529412 0.53333336 0.5058824 0.49019608 0.49019608 0.49019608 0.48235294 0.48235294 0.5019608 0.5137255 0.53333336 0.5686275 0.5921569 0.61960787 0.64705884 0.6509804 0.61960787 0.5764706 0.58431375 0.6039216
0.3019608 0.30980393 0.34117648 0.3647059 0.4 0.45882353 0.49411765 0.52156866 0.53333336 0.5372549 0.5372549 0.54509807 0.5529412 0.5372549 0.5137255 0.5019608 0.5019608 0.4862745 0.4745098 0.47843137 0.5058824 0.5254902 0.5372549 0.59607846 0.627451 0.60784316 0.6156863 0.62352943 0.59607846 0.5568628 0.5686275 0.58431375
0.34901962 0.36862746 0.38039216 0.41960785 0.46666667 0.5529412 0.56078434 0.5647059 0.5529412 0.53333336 0.53333336 0.5372549 0.54901963 0.5411765 0.50980395 0.5019608 0.5058824 0.48235294 0.47058824 0.49019608 0.5058824 0.5294118 0.70980394 0.85490197 0.85882354 0.7294118 0.6 0.6 0.57254905 0.53333336 0.5372549 0.54901963
0.38039216 0.40784314 0.44705883 0.4509804 0.50980395 0.5921569 0.58431375 0.5803922 0.5686275 0.5411765 0.52156866 0.5254902 0.5372549 0.53333336 0.5019608 0.49803922 0.5058824 0.49019608 0.48235294 0.5019608 0.5137255 0.63529414 0.7921569 0.7019608 0.78039217 0.8039216 0.64705884 0.60784316 0.56078434 0.52156866 0.5176471 0.5294118
0.4 0.4392157 0.5921569 0.5764706 0.5411765 0.6 0.57254905 0.5647059 0.56078434 0.5372549 0.5058824 0.50980395 0.5137255 0.5058824 0.4862745 0.48235294 0.5019608 0.5058824 0.49803922 0.5058824 0.5294118 0.7607843 0.827451 0.72156864 0.8235294 0.78431374 0.6039216 0.6 0.5568628 0.5254902 0.5294118 0.5411765
0.40784314 0.43529412 0.59607846 0.7372549 0.6862745 0.627451 0.5411765 0.5529412 0.5529412 0.5137255 0.47843137 0.4745098 0.4745098 0.46666667 0.4509804 0.45882353 0.4862745 0.49803922 0.50980395 0.5137255 0.5764706 0.78039217 0.8666667 0.83137256 0.8235294 0.84705883 0.61960787 0.5882353 0.5647059 0.54509807 0.5529412 0.5568628
0.40392157 0.43137255 0.67058825 0.6666667 0.7058824 0.6627451 0.59607846 0.6 0.5764706 0.47058824 0.43529412 0.42745098 0.4392157 0.4392157 0.42352942 0.43529412 0.47058824 0.49411765 0.49411765 0.5137255 0.6745098 0.74509805 0.8235294 0.70980394 0.6 0.7058824 0.63529414 0.6039216 0.5686275 0.54901963 0.5529412 0.5529412
0.37254903 0.44705883 0.6784314 0.4862745 0.6313726 0.78431374 0.7019608 0.6313726 0.5921569 0.41960785 0.41568628 0.40392157 0.42745098 0.43137255 0.4117647 0.41568628 0.45490196 0.4862745 0.47058824 0.58431375 0.77254903 0.74509805 0.6666667 0.5176471 0.5294118 0.627451 0.60784316 0.5882353 0.56078434 0.54901963 0.54901963 0.5372549
0.34509805 0.4862745 0.59607846 0.40392157 0.70980394 0.72156864 0.49803922 0.59607846 0.5803922 0.39215687 0.4 0.40392157 0.42352942 0.41960785 0.39607844 0.39607844 0.43529412 0.4627451 0.49411765 0.7607843 0.84705883 0.7137255 0.30588236 0.21568628 0.5019608 0.5803922 0.5647059 0.56078434 0.5372549 0.53333336 0.5294118 0.5137255
0.34117648 0.5529412 0.5058824 0.42352942 0.65882355 0.47843137 0.41568628 0.6117647 0.5686275 0.3882353 0.4 0.4117647 0.43137255 0.41960785 0.3882353 0.3764706 0.4117647 0.44313726 0.654902 0.88235295 0.7764706 0.46666667 0.15686275 0.10980392 0.43137255 0.5254902 0.54901963 0.56078434 0.5137255 0.49803922 0.49411765 0.4862745
0.39215687 0.67058825 0.627451 0.5568628 0.6627451 0.43137255 0.40392157 0.654902 0.57254905 0.40392157 0.42745098 0.43529412 0.44705883 0.42352942 0.40784314 0.39607844 0.38039216 0.56078434 0.8627451 0.85882354 0.5254902 0.19607843 0.14509805 0.13725491 0.44313726 0.5019608 0.56078434 0.5254902 0.49411765 0.47058824 0.47058824 0.46666667
0.6117647 0.78431374 0.6392157 0.69411767 0.8 0.59607846 0.47058824 0.79607844 0.6039216 0.4392157 0.48235294 0.47843137 0.47058824 0.43529412 0.39607844 0.38039216 0.5254902 0.8352941 0.8980392 0.654902 0.2901961 0.12156863 0.07058824 0.23137255 0.45882353 0.5019608 0.4745098 0.44313726 0.4392157 0.43529412 0.44313726 0.45490196
0.72156864 0.79607844 0.5921569 0.75686276 0.73333335 0.5647059 0.627451 0.8509804 0.57254905 0.5019608 0.5411765 0.53333336 0.50980395 0.47058824 0.39215687 0.5137255 0.8862745 0.9490196 0.7372549 0.40392157 0.19607843 0.09019608 0.1254902 0.34901962 0.4745098 0.40784314 0.38039216 0.37254903 0.36078432 0.37254903 0.40784314 0.43529412
0.7058824 0.5921569 0.56078434 0.6862745 0.40392157 0.49019608 0.7058824 0.8 0.5803922 0.5568628 0.58431375 0.58431375 0.5568628 0.48235294 0.4509804 0.7411765 0.83137256 0.6666667 0.4509804 0.1882353 0.13725491 0.21960784 0.2784314 0.39607844 0.44313726 0.34117648 0.3372549 0.33333334 0.31764707 0.3137255 0.3529412 0.40784314
0.654902 0.40784314 0.4392157 0.47843137 0.29411766 0.6156863 0.87058824 0.7607843 0.56078434 0.58431375 0.6392157 0.6627451 0.64705884 0.50980395 0.34509805 0.40392157 0.21176471 0.17254902 0.18431373 0.14509805 0.2627451 0.34117648 0.34117648 0.3529412 0.37254903 0.3372549 0.3137255 0.30588236 0.2901961 0.2901961 0.3254902 0.38431373
0.5019608 0.3372549 0.36862746 0.49411765 0.42352942 0.6039216 0.81960785 0.827451 0.6313726 0.65882355 0.7294118 0.75686276 0.7490196 0.627451 0.16862746 0.02745098 0.10980392 0.25490198 0.33333334 0.34117648 0.3372549 0.43137255 0.42745098 0.35686275 0.35686275 0.3372549 0.30980393 0.29803923 0.2784314 0.2901961 0.32941177 0.37254903
0.5137255 0.34901962 0.4862745 0.67058825 0.65882355 0.7764706 0.8039216 0.8235294 0.7411765 0.7372549 0.7764706 0.73333335 0.7411765 0.6039216 0.23137255 0.25490198 0.3647059 0.36078432 0.39607844 0.34901962 0.23921569 0.4509804 0.53333336 0.3882353 0.36862746 0.34117648 0.31764707 0.30980393 0.29803923 0.30980393 0.3254902 0.36078432
0.54901963 0.47058824 0.5294118 0.7529412 0.77254903 0.7882353 0.80784315 0.6745098 0.6745098 0.6666667 0.7019608 0.6627451 0.5921569 0.42745098 0.43137255 0.5176471 0.5411765 0.5019608 0.5058824 0.40392157 0.24313726 0.49803922 0.69411767 0.43137255 0.38039216 0.3529412 0.33333334 0.31764707 0.3019608 0.30588236 0.3019608 0.3372549
0.63529414 0.5372549 0.44705883 0.8 0.8039216 0.5568628 0.6627451 0.6745098 0.6 0.61960787 0.6039216 0.54901963 0.5176471 0.5764706 0.5411765 0.5529412 0.5372549 0.46666667 0.43137255 0.47058824 0.4392157 0.5803922 0.78431374 0.54509807 0.3882353 0.38039216 0.3529412 0.31764707 0.28627452 0.27450982 0.2784314 0.30980393
0.69803923 0.6431373 0.627451 0.8745098 0.74509805 0.42352942 0.67058825 0.6431373 0.61960787 0.7254902 0.57254905 0.5372549 0.64705884 0.654902 0.5372549 0.47843137 0.44313726 0.41568628 0.40784314 0.42352942 0.61960787 0.72156864 0.8509804 0.6431373 0.40784314 0.4117647 0.3764706 0.3137255 0.27058825 0.26666668 0.2784314 0.3019608
0.3529412 0.5411765 0.7529412 0.84705883 0.7254902 0.3529412 0.52156866 0.6039216 0.6313726 0.8235294 0.6784314 0.6117647 0.6509804 0.6431373 0.53333336 0.49803922 0.47843137 0.46666667 0.44705883 0.4745098 0.7490196 0.7529412 0.69411767 0.59607846 0.47058824 0.44313726 0.39215687 0.3137255 0.27450982 0.2901961 0.29411766 0.33333334
0.3372549 0.36078432 0.69411767 0.8117647 0.7647059 0.6509804 0.5921569 0.6666667 0.56078434 0.7294118 0.60784316 0.5411765 0.627451 0.6431373 0.53333336 0.5294118 0.5176471 0.5137255 0.50980395 0.5529412 0.80784315 0.7019608 0.6313726 0.63529414 0.52156866 0.4509804 0.39607844 0.3254902 0.3019608 0.30588236 0.3254902 0.38039216
0.49019608 0.31764707 0.73333335 0.77254903 0.58431375 0.6392157 0.78431374 0.8666667 0.7921569 0.7490196 0.5568628 0.48235294 0.5058824 0.59607846 0.5647059 0.5254902 0.5372549 0.58431375 0.6156863 0.6313726 0.8352941 0.68235296 0.69411767 0.69411767 0.5058824 0.4745098 0.39607844 0.41960785 0.4117647 0.3254902 0.36078432 0.41568628
0.54509807 0.5058824 0.5764706 0.49019608 0.5137255 0.61960787 0.52156866 0.6431373 0.9019608 0.6901961 0.5686275 0.54509807 0.4 0.47058824 0.5058824 0.5176471 0.5529412 0.58431375 0.6745098 0.72156864 0.8352941 0.7254902 0.7921569 0.6862745 0.5058824 0.49019608 0.44313726 0.62352943 0.5411765 0.34509805 0.36862746 0.41960785
0.56078434 0.56078434 0.32941177 0.37254903 0.53333336 0.4745098 0.46666667 0.4 0.5921569 0.5647059 0.5803922 0.47058824 0.27450982 0.3529412 0.43137255 0.48235294 0.5803922 0.67058825 0.6901961 0.8156863 0.8235294 0.79607844 0.8235294 0.6901961 0.57254905 0.5137255 0.5803922 0.78039217 0.60784316 0.34901962 0.34901962 0.40784314
0.39607844 0.5019608 0.42745098 0.65882355 0.5803922 0.29411766 0.3882353 0.28235295 0.30980393 0.39215687 0.4509804 0.29411766 0.2 0.30980393 0.40392157 0.5686275 0.7137255 0.72156864 0.77254903 0.81960785 0.7019608 0.74509805 0.7607843 0.7019608 0.6039216 0.5254902 0.5764706 0.64705884 0.5921569 0.39607844 0.38039216 0.42352942
0.24705882 0.25490198 0.2784314 0.2901961 0.2901961 0.30980393 0.34901962 0.4 0.45490196 0.4862745 0.49411765 0.49803922 0.47058824 0.43137255 0.41960785 0.43137255 0.4392157 0.4509804 0.4509804 0.45490196 0.46666667 0.4862745 0.5137255 0.5686275 0.6117647 0.6509804 0.6862745 0.7137255 0.7176471 0.69803923 0.6901961 0.67058825
0.26666668 0.27450982 0.28627452 0.28627452 0.27450982 0.29803923 0.3372549 0.39215687 0.4509804 0.4745098 0.48235294 0.47843137 0.44705883 0.4117647 0.40392157 0.41960785 0.42745098 0.44313726 0.44705883 0.45490196 0.4627451 0.45882353 0.4862745 0.54901963 0.59607846 0.62352943 0.63529414 0.6745098 0.69411767 0.67058825 0.654902 0.6392157
0.26666668 0.2784314 0.28235295 0.27058825 0.25882354 0.28627452 0.32941177 0.39607844 0.4509804 0.47058824 0.47843137 0.47058824 0.4509804 0.43137255 0.43529412 0.43529412 0.43529412 0.4509804 0.4745098 0.49019608 0.4745098 0.45490196 0.4745098 0.53333336 0.60784316 0.61960787 0.6156863 0.654902 0.6666667 0.627451 0.6313726 0.6431373
0.25882354 0.25882354 0.25490198 0.24313726 0.24313726 0.2784314 0.3254902 0.4 0.4392157 0.48235294 0.49803922 0.49803922 0.4862745 0.4745098 0.47843137 0.46666667 0.46666667 0.47058824 0.50980395 0.5294118 0.49803922 0.46666667 0.48235294 0.5372549 0.6 0.6117647 0.6117647 0.63529414 0.627451 0.5921569 0.60784316 0.627451
0.2784314 0.25882354 0.25490198 0.25882354 0.27058825 0.3019608 0.34509805 0.4117647 0.45882353 0.50980395 0.53333336 0.5411765 0.5254902 0.5137255 0.5019608 0.49019608 0.49803922 0.49803922 0.5294118 0.5372549 0.50980395 0.4862745 0.5019608 0.5529412 0.58431375 0.5921569 0.6039216 0.6117647 0.58431375 0.5647059 0.58431375 0.6
0.3019608 0.2901961 0.29411766 0.30588236 0.32941177 0.36862746 0.40784314 0.4627451 0.5019608 0.54509807 0.5568628 0.5568628 0.5411765 0.5372549 0.52156866 0.5019608 0.5176471 0.52156866 0.53333336 0.53333336 0.5176471 0.5176471 0.5294118 0.57254905 0.5803922 0.58431375 0.60784316 0.6 0.56078434 0.5372549 0.54509807 0.5686275
0.32941177 0.34117648 0.3647059 0.3764706 0.39607844 0.4392157 0.49019608 0.52156866 0.54509807 0.5686275 0.5686275 0.5647059 0.5529412 0.54509807 0.53333336 0.5176471 0.5254902 0.53333336 0.53333336 0.5294118 0.5372549 0.54901963 0.5568628 0.5921569 0.59607846 0.59607846 0.6156863 0.6039216 0.5568628 0.5176471 0.52156866 0.5529412
0.37254903 0.4 0.42745098 0.44313726 0.45490196 0.5019608 0.54901963 0.5686275 0.5764706 0.5764706 0.5686275 0.56078434 0.5568628 0.5568628 0.54901963 0.5411765 0.54509807 0.5372549 0.5294118 0.5294118 0.54901963 0.56078434 0.5686275 0.627451 0.6431373 0.6156863 0.6117647 0.5921569 0.54509807 0.5137255 0.5176471 0.54509807
0.41568628 0.45490196 0.46666667 0.4862745 0.5058824 0.5764706 0.5921569 0.60784316 0.59607846 0.5803922 0.57254905 0.5568628 0.5568628 0.5647059 0.5529412 0.54509807 0.5568628 0.5372549 0.5294118 0.5411765 0.54901963 0.56078434 0.7137255 0.8392157 0.84313726 0.7294118 0.6039216 0.5803922 0.5372549 0.5058824 0.5137255 0.5294118
0.4392157 0.49019608 0.5137255 0.5019608 0.5411765 0.59607846 0.6039216 0.627451 0.62352943 0.5882353 0.5647059 0.54901963 0.54509807 0.5568628 0.54509807 0.54509807 0.5568628 0.54901963 0.5411765 0.5568628 0.56078434 0.6509804 0.6627451 0.5254902 0.6666667 0.7647059 0.6392157 0.5921569 0.53333336 0.5019608 0.5019608 0.5176471
0.44705883 0.50980395 0.6117647 0.5803922 0.56078434 0.60784316 0.6117647 0.61960787 0.62352943 0.5803922 0.5529412 0.53333336 0.52156866 0.5294118 0.5254902 0.5254902 0.54509807 0.54901963 0.5411765 0.56078434 0.58431375 0.7490196 0.50980395 0.37254903 0.63529414 0.72156864 0.58431375 0.5882353 0.54901963 0.5176471 0.50980395 0.52156866
0.45490196 0.49411765 0.5803922 0.6745098 0.654902 0.62352943 0.59607846 0.5921569 0.59607846 0.5568628 0.5176471 0.49019608 0.48235294 0.4862745 0.49019608 0.5019608 0.5294118 0.5411765 0.54509807 0.54901963 0.61960787 0.74509805 0.5568628 0.5058824 0.6627451 0.7882353 0.60784316 0.5921569 0.5647059 0.53333336 0.53333336 0.5372549
0.44313726 0.47058824 0.6392157 0.61960787 0.65882355 0.6039216 0.6 0.60784316 0.5882353 0.52156866 0.47058824 0.44313726 0.44313726 0.45882353 0.4627451 0.47843137 0.5137255 0.5372549 0.54901963 0.54901963 0.6627451 0.61960787 0.5254902 0.41568628 0.47058824 0.68235296 0.64705884 0.61960787 0.57254905 0.5372549 0.5372549 0.5411765
0.40784314 0.4627451 0.6313726 0.49019608 0.60784316 0.69411767 0.65882355 0.60784316 0.5686275 0.47843137 0.43529412 0.4117647 0.42745098 0.44705883 0.44705883 0.45490196 0.49411765 0.5294118 0.5372549 0.5803922 0.64705884 0.5254902 0.4509804 0.30588236 0.43137255 0.6431373 0.64705884 0.6156863 0.5647059 0.5372549 0.5372549 0.5294118
0.38039216 0.4862745 0.5411765 0.41568628 0.69411767 0.6509804 0.48235294 0.54901963 0.5372549 0.44705883 0.41960785 0.40392157 0.41960785 0.43137255 0.43529412 0.44313726 0.47843137 0.50980395 0.5411765 0.6627451 0.6117647 0.48235294 0.25490198 0.15294118 0.44705883 0.60784316 0.60784316 0.5921569 0.54509807 0.5254902 0.52156866 0.50980395
0.35686275 0.5019608 0.4745098 0.42352942 0.627451 0.44705883 0.42745098 0.5686275 0.5254902 0.41568628 0.4117647 0.40392157 0.4117647 0.4117647 0.41960785 0.43137255 0.45490196 0.4745098 0.63529414 0.6784314 0.5372549 0.35686275 0.1882353 0.11372549 0.42745098 0.5686275 0.57254905 0.58431375 0.5411765 0.50980395 0.49411765 0.49411765
0.38039216 0.5921569 0.60784316 0.6 0.6745098 0.41960785 0.40392157 0.6156863 0.5294118 0.4 0.41568628 0.41568628 0.4117647 0.40392157 0.4 0.4117647 0.41960785 0.50980395 0.65882355 0.5921569 0.40784314 0.23921569 0.21568628 0.13725491 0.42745098 0.52156866 0.5686275 0.5568628 0.5372549 0.5019608 0.48235294 0.48235294
0.6156863 0.75686276 0.6666667 0.7882353 0.8745098 0.6 0.45882353 0.76862746 0.5529412 0.41568628 0.44705883 0.44313726 0.43137255 0.41960785 0.40392157 0.4 0.49803922 0.6666667 0.6392157 0.5137255 0.3529412 0.27058825 0.19607843 0.25882354 0.44313726 0.5137255 0.49803922 0.49411765 0.5019608 0.4862745 0.4745098 0.48235294
0.7529412 0.85490197 0.69411767 0.8666667 0.827451 0.5803922 0.6039216 0.8117647 0.5058824 0.46666667 0.49019608 0.4862745 0.46666667 0.44705883 0.4117647 0.4745098 0.6784314 0.6784314 0.6156863 0.5176471 0.41568628 0.27058825 0.2784314 0.41960785 0.48235294 0.45490196 0.43137255 0.44313726 0.44705883 0.44313726 0.45882353 0.48235294
0.6901961 0.68235296 0.69803923 0.76862746 0.47058824 0.5137255 0.6784314 0.7254902 0.4862745 0.5176471 0.5372549 0.53333336 0.50980395 0.45882353 0.4392157 0.6392157 0.62352943 0.53333336 0.50980395 0.42352942 0.4 0.41568628 0.45882353 0.45882353 0.44313726 0.39607844 0.4117647 0.41960785 0.41960785 0.40392157 0.42352942 0.46666667
0.5764706 0.4627451 0.5176471 0.47843137 0.32941177 0.6392157 0.8392157 0.69411767 0.48235294 0.5372549 0.5686275 0.5882353 0.5764706 0.45490196 0.30980393 0.34901962 0.17254902 0.23529412 0.3254902 0.38039216 0.52156866 0.53333336 0.4627451 0.3647059 0.36862746 0.38039216 0.38431373 0.4 0.39215687 0.38039216 0.4 0.44313726
0.4392157 0.36862746 0.3647059 0.43137255 0.4117647 0.6039216 0.8039216 0.80784315 0.5921569 0.5921569 0.61960787 0.64705884 0.6666667 0.56078434 0.14509805 0.039215688 0.19607843 0.43529412 0.49019608 0.5058824 0.5137255 0.49411765 0.41960785 0.33333334 0.36078432 0.3647059 0.36078432 0.3764706 0.37254903 0.37254903 0.39607844 0.42745098
0.52156866 0.38039216 0.44705883 0.6 0.59607846 0.7411765 0.8117647 0.8352941 0.7254902 0.654902 0.65882355 0.64705884 0.69803923 0.5803922 0.25490198 0.3019608 0.42745098 0.44313726 0.44705883 0.4117647 0.28235295 0.34901962 0.43529412 0.34901962 0.3529412 0.34117648 0.34901962 0.37254903 0.3764706 0.38039216 0.38431373 0.40784314
0.5882353 0.4745098 0.47058824 0.67058825 0.68235296 0.7372549 0.8235294 0.6901961 0.65882355 0.58431375 0.6156863 0.6509804 0.6039216 0.4509804 0.47058824 0.50980395 0.5019608 0.43137255 0.46666667 0.4627451 0.27058825 0.38039216 0.58431375 0.3882353 0.36078432 0.34117648 0.3372549 0.35686275 0.3647059 0.3647059 0.3529412 0.38039216
0.64705884 0.49019608 0.40784314 0.7137255 0.7254902 0.52156866 0.6784314 0.6784314 0.5686275 0.57254905 0.5686275 0.5764706 0.56078434 0.6 0.54509807 0.50980395 0.5058824 0.44705883 0.42352942 0.5294118 0.4862745 0.50980395 0.7019608 0.50980395 0.38431373 0.36862746 0.3372549 0.33333334 0.3372549 0.32941177 0.32941177 0.34901962
0.69803923 0.5882353 0.6 0.7764706 0.69411767 0.4392157 0.654902 0.6156863 0.59607846 0.7137255 0.5803922 0.57254905 0.6745098 0.6392157 0.5176471 0.4627451 0.4117647 0.37254903 0.3647059 0.42745098 0.627451 0.65882355 0.8156863 0.6509804 0.40784314 0.39607844 0.3529412 0.31764707 0.30980393 0.30588236 0.31764707 0.32941177
0.37254903 0.54509807 0.7529412 0.7882353 0.6862745 0.38039216 0.49803922 0.6 0.68235296 0.87058824 0.7490196 0.65882355 0.6392157 0.6156863 0.5254902 0.49019608 0.43529412 0.40784314 0.40784314 0.44313726 0.69803923 0.6862745 0.69803923 0.6156863 0.43529412 0.40784314 0.37254903 0.31764707 0.3019608 0.30588236 0.30980393 0.32941177
0.33333334 0.3882353 0.74509805 0.8509804 0.7882353 0.627451 0.5764706 0.67058825 0.6039216 0.76862746 0.6862745 0.5921569 0.627451 0.6392157 0.5411765 0.52156866 0.47843137 0.47058824 0.4745098 0.5058824 0.74509805 0.6392157 0.58431375 0.5686275 0.4509804 0.41960785 0.38431373 0.32941177 0.30980393 0.30980393 0.32156864 0.34901962
0.4862745 0.32156864 0.74509805 0.8352941 0.6901961 0.6039216 0.72156864 0.7882353 0.7176471 0.6627451 0.54509807 0.5058824 0.5137255 0.6156863 0.58431375 0.5176471 0.5019608 0.5411765 0.5686275 0.57254905 0.76862746 0.62352943 0.654902 0.64705884 0.4509804 0.43137255 0.37254903 0.4 0.3882353 0.31764707 0.34509805 0.36862746
0.54509807 0.47843137 0.54901963 0.5529412 0.5137255 0.54509807 0.49019608 0.60784316 0.8352941 0.5921569 0.5372549 0.53333336 0.39215687 0.49019608 0.52156866 0.50980395 0.52156866 0.54509807 0.6156863 0.6392157 0.75686276 0.6745098 0.7882353 0.69411767 0.48235294 0.43529412 0.3882353 0.5568628 0.47058824 0.3254902 0.34901962 0.37254903
0.5411765 0.5411765 0.30588236 0.3764706 0.45882353 0.43137255 0.42352942 0.39607844 0.5372549 0.46666667 0.5411765 0.43529412 0.24705882 0.34901962 0.43137255 0.4745098 0.5568628 0.6431373 0.63529414 0.73333335 0.7490196 0.75686276 0.79607844 0.67058825 0.54901963 0.4627451 0.50980395 0.6784314 0.50980395 0.31764707 0.3372549 0.3647059
0.44313726 0.5294118 0.41960785 0.62352943 0.5372549 0.2901961 0.34901962 0.28627452 0.28627452 0.33333334 0.43137255 0.26666668 0.18431373 0.29803923 0.40392157 0.5921569 0.7490196 0.7372549 0.7529412 0.8235294 0.6862745 0.7137255 0.70980394 0.654902 0.54509807 0.47058824 0.53333336 0.58431375 0.5176471 0.37254903 0.36078432 0.38039216
0.105882354 0.11372549 0.14901961 0.1882353 0.19607843 0.22352941 0.26666668 0.3137255 0.3647059 0.39215687 0.4 0.41568628 0.3882353 0.35686275 0.34509805 0.35686275 0.36078432 0.36078432 0.3529412 0.35686275 0.37254903 0.4 0.42352942 0.46666667 0.4862745 0.5019608 0.5137255 0.52156866 0.5176471 0.5058824 0.5058824 0.4862745
0.13333334 0.14117648 0.16078432 0.18431373 0.18431373 0.22352941 0.26666668 0.3137255 0.3647059 0.38431373 0.39607844 0.40392157 0.38039216 0.34509805 0.3372549 0.34117648 0.3372549 0.34509805 0.35686275 0.3764706 0.39215687 0.40392157 0.41960785 0.45882353 0.48235294 0.48235294 0.47843137 0.49803922 0.5137255 0.49411765 0.48235294 0.4627451
0.14117648 0.14901961 0.16078432 0.16862746 0.17254902 0.21960784 0.27058825 0.32156864 0.36862746 0.38431373 0.39215687 0.39215687 0.37254903 0.36078432 0.3647059 0.34901962 0.34117648 0.3529412 0.38039216 0.4117647 0.4117647 0.4117647 0.42352942 0.45490196 0.5019608 0.4862745 0.47058824 0.49803922 0.5019608 0.46666667 0.4627451 0.4745098
0.13725491 0.13725491 0.13725491 0.14117648 0.15686275 0.21960784 0.27450982 0.32941177 0.3647059 0.4 0.4117647 0.4 0.39607844 0.3882353 0.39215687 0.3764706 0.36862746 0.36862746 0.40784314 0.44313726 0.42745098 0.42352942 0.4392157 0.47058824 0.5019608 0.4862745 0.47843137 0.49411765 0.4745098 0.44705883 0.4509804 0.4627451
0.15686275 0.12941177 0.13725491 0.15686275 0.19215687 0.23921569 0.28235295 0.3254902 0.36862746 0.42745098 0.4392157 0.42745098 0.41568628 0.4 0.39607844 0.39215687 0.39607844 0.39607844 0.42352942 0.4392157 0.43529412 0.43137255 0.4509804 0.48235294 0.49019608 0.48235294 0.48235294 0.4862745 0.4509804 0.43137255 0.43137255 0.4392157
0.1764706 0.15294118 0.17254902 0.20392157 0.23921569 0.28627452 0.3254902 0.35686275 0.39607844 0.4392157 0.44705883 0.43137255 0.41960785 0.40784314 0.39607844 0.4 0.4117647 0.4117647 0.42352942 0.43137255 0.43137255 0.44313726 0.45490196 0.4862745 0.4745098 0.47058824 0.48235294 0.4745098 0.4392157 0.40784314 0.4 0.41960785
0.20392157 0.19215687 0.23137255 0.25490198 0.28627452 0.33333334 0.38039216 0.4117647 0.42745098 0.4392157 0.43529412 0.43529412 0.42745098 0.41568628 0.40784314 0.40392157 0.4117647 0.4117647 0.41568628 0.41568628 0.42352942 0.44313726 0.45882353 0.48235294 0.4745098 0.4627451 0.4745098 0.46666667 0.42352942 0.3882353 0.39215687 0.41960785
0.24705882 0.2509804 0.28235295 0.29803923 0.31764707 0.36862746 0.40784314 0.4392157 0.4392157 0.43529412 0.42745098 0.43137255 0.43137255 0.42745098 0.41568628 0.41568628 0.41960785 0.40784314 0.4 0.39607844 0.40784314 0.44313726 0.47058824 0.52156866 0.52156866 0.4745098 0.4627451 0.4509804 0.41960785 0.39607844 0.40784314 0.42745098
0.2901961 0.3019608 0.30980393 0.32941177 0.3529412 0.42352942 0.43137255 0.44705883 0.44313726 0.43529412 0.43137255 0.42352942 0.42745098 0.43137255 0.41568628 0.4117647 0.41568628 0.4 0.3882353 0.39215687 0.4 0.4627451 0.65882355 0.7882353 0.76862746 0.627451 0.46666667 0.44705883 0.42745098 0.40784314 0.4117647 0.41960785
0.3137255 0.3254902 0.34117648 0.3372549 0.3764706 0.43529412 0.43529412 0.44705883 0.44705883 0.4392157 0.42352942 0.4117647 0.41960785 0.42352942 0.4117647 0.40784314 0.41960785 0.40392157 0.40392157 0.40784314 0.41960785 0.57254905 0.654902 0.50980395 0.6117647 0.70980394 0.5568628 0.49019608 0.44313726 0.41960785 0.41960785 0.42352942
0.32156864 0.3372549 0.41568628 0.40392157 0.38039216 0.4392157 0.45490196 0.44313726 0.43137255 0.43137255 0.4 0.39215687 0.39607844 0.40784314 0.40392157 0.40392157 0.41960785 0.41568628 0.4117647 0.40784314 0.45882353 0.7058824 0.5568628 0.3882353 0.5803922 0.6901961 0.54901963 0.50980395 0.45882353 0.4392157 0.43529412 0.4392157
0.33333334 0.3254902 0.4 0.5176471 0.47843137 0.44313726 0.42745098 0.41960785 0.40392157 0.4117647 0.3764706 0.36862746 0.3647059 0.37254903 0.37254903 0.38431373 0.40392157 0.4117647 0.4 0.39215687 0.5411765 0.7607843 0.6627451 0.6509804 0.70980394 0.72156864 0.50980395 0.48235294 0.4627451 0.45490196 0.45882353 0.45882353
0.3254902 0.31764707 0.4745098 0.47058824 0.48235294 0.43137255 0.44313726 0.43529412 0.40784314 0.3882353 0.3529412 0.34117648 0.34901962 0.3529412 0.3529412 0.36862746 0.39607844 0.4117647 0.4117647 0.41568628 0.6039216 0.63529414 0.6039216 0.6156863 0.56078434 0.5411765 0.4745098 0.4745098 0.4627451 0.4627451 0.4627451 0.45882353
0.29803923 0.3254902 0.4862745 0.34509805 0.43137255 0.5372549 0.52156866 0.43529412 0.40392157 0.35686275 0.34901962 0.3372549 0.34901962 0.35686275 0.34901962 0.3529412 0.38431373 0.40784314 0.42352942 0.45490196 0.5372549 0.47843137 0.50980395 0.54901963 0.49803922 0.45882353 0.45490196 0.46666667 0.4627451 0.4627451 0.45490196 0.44313726
0.26666668 0.35686275 0.41568628 0.29411766 0.5372549 0.5058824 0.3529412 0.38431373 0.3764706 0.3372549 0.34117648 0.34117648 0.35686275 0.3529412 0.34117648 0.34509805 0.36862746 0.39607844 0.42352942 0.49803922 0.45490196 0.4 0.40784314 0.5137255 0.5176471 0.44313726 0.44705883 0.44705883 0.44705883 0.44705883 0.43137255 0.42745098
0.2627451 0.3647059 0.34509805 0.30980393 0.5058824 0.33333334 0.32156864 0.41960785 0.38431373 0.33333334 0.31764707 0.33333334 0.35686275 0.34509805 0.33333334 0.34117648 0.3529412 0.3764706 0.49411765 0.5254902 0.42352942 0.36078432 0.52156866 0.52156866 0.4509804 0.41960785 0.4509804 0.4509804 0.41568628 0.40784314 0.40784314 0.40784314
0.25882354 0.42745098 0.42352942 0.36862746 0.43137255 0.30980393 0.30980393 0.45882353 0.4117647 0.34509805 0.34509805 0.34901962 0.36862746 0.34509805 0.30588236 0.3254902 0.3764706 0.41568628 0.5254902 0.44705883 0.39215687 0.5372549 0.6862745 0.4627451 0.4 0.3647059 0.45490196 0.42352942 0.39607844 0.3882353 0.39215687 0.39215687
0.36862746 0.5176471 0.41568628 0.41568628 0.47843137 0.47843137 0.33333334 0.54901963 0.43137255 0.35686275 0.39215687 0.39607844 0.38431373 0.36078432 0.3372549 0.34901962 0.4509804 0.54901963 0.5019608 0.49411765 0.62352943 0.75686276 0.62352943 0.4862745 0.4 0.37254903 0.3764706 0.3529412 0.35686275 0.3647059 0.3764706 0.39215687
0.40392157 0.5372549 0.4 0.4745098 0.44313726 0.43137255 0.40784314 0.5411765 0.3764706 0.3764706 0.41568628 0.43137255 0.41568628 0.40392157 0.38039216 0.39607844 0.5058824 0.50980395 0.5568628 0.7490196 0.827451 0.6509804 0.6 0.5568628 0.43529412 0.34901962 0.30980393 0.29411766 0.29411766 0.3137255 0.35686275 0.38431373
0.4117647 0.34509805 0.38039216 0.45490196 0.23137255 0.34117648 0.4117647 0.4745098 0.40784314 0.43529412 0.45882353 0.4627451 0.4509804 0.4392157 0.44313726 0.5803922 0.5137255 0.5254902 0.7019608 0.7411765 0.7372549 0.7058824 0.6627451 0.5137255 0.36862746 0.2901961 0.27450982 0.26666668 0.25882354 0.27058825 0.3137255 0.3647059
0.39215687 0.23529412 0.29803923 0.30588236 0.17254902 0.44705883 0.5568628 0.4745098 0.43529412 0.46666667 0.49019608 0.48235294 0.4862745 0.43529412 0.36078432 0.39607844 0.23529412 0.38039216 0.5686275 0.63529414 0.7764706 0.7176471 0.5294118 0.34901962 0.28627452 0.2784314 0.2509804 0.24705882 0.24313726 0.2509804 0.2901961 0.34117648
0.25490198 0.22352941 0.25882354 0.33333334 0.23921569 0.39215687 0.52156866 0.54901963 0.4509804 0.47058824 0.5176471 0.5411765 0.50980395 0.46666667 0.18431373 0.105882354 0.25882354 0.49803922 0.5764706 0.6117647 0.63529414 0.54509807 0.39215687 0.29803923 0.29803923 0.2784314 0.23921569 0.23529412 0.23921569 0.2509804 0.2901961 0.32941177
0.28627452 0.21960784 0.3372549 0.4627451 0.39215687 0.49803922 0.5176471 0.53333336 0.4392157 0.49019608 0.50980395 0.5058824 0.54901963 0.5254902 0.2901961 0.3019608 0.42352942 0.44705883 0.43137255 0.35686275 0.2509804 0.29411766 0.3647059 0.31764707 0.30588236 0.26666668 0.23921569 0.24705882 0.2509804 0.2627451 0.2784314 0.3137255
0.3137255 0.29803923 0.35686275 0.5019608 0.44705883 0.48235294 0.5529412 0.42745098 0.36862746 0.43529412 0.47058824 0.5254902 0.58431375 0.47058824 0.45490196 0.4392157 0.4392157 0.3764706 0.38431373 0.30980393 0.12941177 0.2509804 0.45882353 0.32156864 0.31764707 0.27058825 0.24313726 0.2509804 0.2509804 0.2509804 0.2509804 0.28627452
0.34901962 0.30980393 0.2784314 0.52156866 0.47058824 0.2901961 0.44705883 0.4745098 0.38039216 0.42745098 0.48235294 0.53333336 0.5254902 0.5058824 0.43137255 0.4117647 0.4117647 0.35686275 0.3372549 0.38039216 0.30980393 0.35686275 0.5254902 0.38431373 0.32941177 0.3019608 0.25490198 0.24705882 0.23137255 0.21176471 0.22745098 0.25490198
0.40392157 0.38431373 0.44313726 0.5764706 0.4392157 0.21960784 0.46666667 0.4392157 0.44705883 0.54509807 0.47843137 0.4745098 0.5137255 0.45490196 0.39607844 0.36862746 0.34117648 0.31764707 0.3137255 0.30980393 0.4392157 0.49411765 0.5647059 0.44313726 0.33333334 0.3254902 0.27450982 0.23529412 0.21176471 0.20392157 0.21960784 0.24313726
0.14509805 0.31764707 0.5411765 0.5686275 0.45490196 0.15686275 0.3137255 0.39215687 0.4627451 0.6745098 0.5568628 0.4862745 0.5058824 0.4509804 0.39215687 0.37254903 0.36078432 0.34509805 0.33333334 0.33333334 0.5019608 0.52156866 0.3882353 0.3647059 0.35686275 0.33333334 0.28627452 0.23529412 0.21568628 0.22352941 0.22745098 0.2509804
0.22745098 0.21960784 0.49019608 0.57254905 0.5411765 0.39215687 0.30588236 0.40392157 0.38431373 0.5803922 0.45882353 0.40392157 0.4862745 0.45490196 0.39215687 0.39215687 0.38039216 0.38039216 0.3764706 0.38039216 0.5686275 0.4862745 0.33333334 0.37254903 0.3882353 0.34901962 0.30980393 0.25490198 0.22745098 0.23137255 0.24313726 0.28235295
0.45882353 0.23921569 0.5176471 0.54509807 0.41568628 0.35686275 0.42745098 0.5372549 0.5568628 0.5137255 0.3529412 0.38039216 0.38039216 0.38039216 0.39215687 0.39215687 0.38431373 0.42745098 0.45882353 0.43137255 0.6156863 0.47843137 0.4392157 0.47058824 0.37254903 0.36862746 0.30588236 0.3254902 0.3019608 0.23529412 0.27058825 0.30588236
0.49411765 0.4392157 0.4 0.29803923 0.2784314 0.33333334 0.2627451 0.41568628 0.69411767 0.44313726 0.3647059 0.47058824 0.3019608 0.27058825 0.3372549 0.38039216 0.38039216 0.40392157 0.5058824 0.5058824 0.6313726 0.5137255 0.56078434 0.47058824 0.35686275 0.35686275 0.30980393 0.45490196 0.36862746 0.23921569 0.2784314 0.30980393
0.42745098 0.49019608 0.21176471 0.1764706 0.25490198 0.2509804 0.30980393 0.2901961 0.4117647 0.30980393 0.3764706 0.3647059 0.18431373 0.21568628 0.3137255 0.34117648 0.39215687 0.47058824 0.5176471 0.59607846 0.6431373 0.5921569 0.57254905 0.43529412 0.39215687 0.37254903 0.41568628 0.5686275 0.40392157 0.24313726 0.27058825 0.3019608
0.27058825 0.39607844 0.24705882 0.39215687 0.32941177 0.15686275 0.25490198 0.18431373 0.2 0.20392157 0.27450982 0.2 0.11372549 0.19607843 0.28627452 0.40392157 0.4862745 0.4862745 0.5764706 0.59607846 0.56078434 0.6117647 0.5764706 0.50980395 0.44705883 0.4117647 0.4627451 0.50980395 0.43137255 0.3019608 0.3137255 0.3372549
4 11 2
12 7 1
13 20 0
24 19 0
11 22 0
12 10 1
25 5 0
20 31 2
18 31 1
12 19 0
1 3 1
28 6 2
11 24 1
26 15 0
10 0 1
18 14 1
30 30 1
16 11 1
26 1 1
24 10 0
6 17 1
8 1 2
16 9 0
28 30 1
18 26 1
18 19 2
25 25 1
5 13 2
10 0 1
16 23 2
0 6 1
23 29 0
8 6 0
30 14 1
4 19 2
21 14 1
18 21 2
24 25 0
25 23 0
21 2 0
0 14 2
10 19 0
12 19 2
15 3 1
27 8 1
30 16 1
13 15 2
4 0 2
8 1 1
13 4 2
