32, 32, 3, 50
0.0627451 0.08235294 0.08235294 0.07058824 0.0627451 0.050980393 0.03529412 0.03529412 0.101960786 0.13725491 0.14901961 0.07450981 0.015686275 0.015686275 0.019607844 0.023529412 0.023529412 0.019607844 0.015686275 0.015686275 0.011764706 0.011764706 0.011764706 0.011764706 0.011764706 0.011764706 0.011764706 0.007843138 0.007843138 0.007843138 0.007843138 0.007843138
0.07058824 0.078431375 0.08235294 0.06666667 0.05882353 0.05882353 0.043137256 0.03137255 0.07450981 0.1254902 0.16470589 0.12156863 0.023529412 0.019607844 0.019607844 0.019607844 0.019607844 0.015686275 0.011764706 0.011764706 0.011764706 0.011764706 0.011764706 0.011764706 0.011764706 0.011764706 0.011764706 0.007843138 0.007843138 0.007843138 0.007843138 0.007843138
0.09019608 0.08627451 0.078431375 0.0627451 0.039215688 0.047058824 0.043137256 0.03529412 0.05882353 0.12156863 0.16078432 0.15686275 0.0627451 0.019607844 0.019607844 0.015686275 0.019607844 0.015686275 0.015686275 0.011764706 0.011764706 0.011764706 0.011764706 0.011764706 0.011764706 0.011764706 0.011764706 0.007843138 0.007843138 0.007843138 0.007843138 0.007843138
0.09019608 0.09019608 0.07450981 0.05490196 0.02745098 0.02745098 0.039215688 0.019607844 0.015686275 0.09019608 0.14509805 0.18431373 0.105882354 0.019607844 0.023529412 0.015686275 0.015686275 0.015686275 0.015686275 0.011764706 0.011764706 0.011764706 0.011764706 0.011764706 0.011764706 0.011764706 0.011764706 0.011764706 0.007843138 0.007843138 0.007843138 0.007843138
0.09019608 0.09411765 0.078431375 0.050980393 0.023529412 0.02745098 0.02745098 0.14901961 0.26666668 0.19215687 0.14509805 0.18039216 0.14901961 0.043137256 0.019607844 0.019607844 0.019607844 0.015686275 0.015686275 0.011764706 0.011764706 0.011764706 0.015686275 0.019607844 0.015686275 0.011764706 0.011764706 0.011764706 0.007843138 0.007843138 0.007843138 0.007843138
0.09411765 0.09803922 0.08627451 0.05490196 0.03529412 0.023529412 0.08235294 0.52156866 0.6392157 0.5019608 0.30980393 0.18039216 0.18431373 0.07450981 0.015686275 0.023529412 0.019607844 0.015686275 0.011764706 0.011764706 0.015686275 0.039215688 0.0627451 0.09803922 0.03137255 0.011764706 0.015686275 0.011764706 0.007843138 0.007843138 0.007843138 0.007843138
0.09411765 0.101960786 0.105882354 0.07058824 0.043137256 0.019607844 0.14117648 0.6313726 0.68235296 0.5803922 0.4392157 0.29803923 0.19215687 0.09019608 0.023529412 0.019607844 0.019607844 0.015686275 0.011764706 0.011764706 0.03529412 0.07058824 0.1254902 0.16862746 0.02745098 0.007843138 0.015686275 0.011764706 0.007843138 0.007843138 0.007843138 0.007843138
0.09411765 0.105882354 0.11764706 0.09019608 0.05490196 0.02745098 0.13725491 0.654902 0.7764706 0.67058825 0.5019608 0.39215687 0.27058825 0.08235294 0.015686275 0.015686275 0.015686275 0.019607844 0.011764706 0.03137255 0.08235294 0.10980392 0.16078432 0.16470589 0.023529412 0.011764706 0.019607844 0.015686275 0.011764706 0.011764706 0.011764706 0.011764706
0.09411765 0.10980392 0.11764706 0.101960786 0.06666667 0.03137255 0.078431375 0.58431375 0.8039216 0.7607843 0.68235296 0.5254902 0.36862746 0.24313726 0.09019608 0.03137255 0.03137255 0.03137255 0.047058824 0.08627451 0.12941177 0.13333334 0.14117648 0.13725491 0.02745098 0.015686275 0.023529412 0.015686275 0.015686275 0.015686275 0.015686275 0.011764706
0.101960786 0.10980392 0.11764706 0.105882354 0.06666667 0.039215688 0.03137255 0.3254902 0.7529412 0.79607844 0.7411765 0.64705884 0.44705883 0.35686275 0.3254902 0.1882353 0.105882354 0.08235294 0.078431375 0.105882354 0.13333334 0.1254902 0.1254902 0.11764706 0.047058824 0.011764706 0.019607844 0.019607844 0.015686275 0.015686275 0.019607844 0.011764706
0.105882354 0.105882354 0.10980392 0.09411765 0.047058824 0.043137256 0.015686275 0.12156863 0.6117647 0.7176471 0.72156864 0.6431373 0.5019608 0.34509805 0.3137255 0.2509804 0.17254902 0.16862746 0.16470589 0.15294118 0.13333334 0.13333334 0.17254902 0.14901961 0.15686275 0.07058824 0.015686275 0.019607844 0.019607844 0.019607844 0.015686275 0.011764706
0.105882354 0.101960786 0.101960786 0.07058824 0.03529412 0.039215688 0.019607844 0.12941177 0.4627451 0.5529412 0.67058825 0.6509804 0.54901963 0.44313726 0.3647059 0.3372549 0.2784314 0.21568628 0.25490198 0.2901961 0.22352941 0.17254902 0.3137255 0.32941177 0.24313726 0.18431373 0.03529412 0.019607844 0.043137256 0.02745098 0.015686275 0.015686275
0.105882354 0.105882354 0.08627451 0.05490196 0.03137255 0.03137255 0.11372549 0.38431373 0.4627451 0.3647059 0.5058824 0.64705884 0.58431375 0.52156866 0.44705883 0.37254903 0.28235295 0.2509804 0.30980393 0.3529412 0.32156864 0.2901961 0.37254903 0.5803922 0.61960787 0.5058824 0.32941177 0.13333334 0.06666667 0.03137255 0.023529412 0.019607844
0.10980392 0.09803922 0.05882353 0.043137256 0.03137255 0.039215688 0.29411766 0.60784316 0.42352942 0.28235295 0.36862746 0.45490196 0.4117647 0.34901962 0.30980393 0.27058825 0.25882354 0.2784314 0.33333334 0.3137255 0.2784314 0.32941177 0.38039216 0.42745098 0.7254902 0.84705883 0.7764706 0.5176471 0.16862746 0.039215688 0.02745098 0.019607844
0.101960786 0.06666667 0.039215688 0.039215688 0.03529412 0.12156863 0.50980395 0.7372549 0.39215687 0.3019608 0.30980393 0.29803923 0.3019608 0.3137255 0.30980393 0.28627452 0.2784314 0.2784314 0.30980393 0.29803923 0.27450982 0.27450982 0.34901962 0.3882353 0.4117647 0.79607844 0.92156863 0.73333335 0.26666668 0.03137255 0.03137255 0.019607844
0.08627451 0.047058824 0.03529412 0.03137255 0.15294118 0.4627451 0.7294118 0.8627451 0.6392157 0.3647059 0.36078432 0.37254903 0.36862746 0.38431373 0.39607844 0.3882353 0.3529412 0.32156864 0.29803923 0.32156864 0.3882353 0.43137255 0.32156864 0.42745098 0.5411765 0.8509804 0.98039216 0.75686276 0.2627451 0.03137255 0.02745098 0.019607844
0.06666667 0.03529412 0.03137255 0.03137255 0.27450982 0.7529412 0.91764706 0.9372549 0.84705883 0.5254902 0.38039216 0.42745098 0.41960785 0.38431373 0.3529412 0.33333334 0.35686275 0.34901962 0.2901961 0.32156864 0.44313726 0.54509807 0.36862746 0.45490196 0.40392157 0.84313726 1.0 0.83137256 0.33333334 0.03529412 0.02745098 0.019607844
0.039215688 0.03137255 0.03529412 0.03137255 0.13333334 0.5254902 0.7921569 0.94509804 0.90588236 0.67058825 0.4117647 0.40784314 0.38431373 0.36862746 0.38039216 0.4117647 0.4862745 0.54901963 0.50980395 0.42352942 0.40784314 0.45490196 0.44705883 0.38431373 0.33333334 0.60784316 0.95686275 0.93333334 0.6039216 0.15294118 0.019607844 0.023529412
0.03137255 0.023529412 0.02745098 0.023529412 0.02745098 0.08235294 0.23529412 0.6901961 0.85490197 0.7372549 0.5647059 0.44313726 0.4509804 0.5254902 0.627451 0.63529414 0.6117647 0.6117647 0.6 0.5372549 0.45882353 0.41568628 0.4392157 0.5803922 0.8039216 0.8039216 0.92941177 0.96862745 0.9019608 0.4862745 0.105882354 0.050980393
0.03137255 0.09803922 0.26666668 0.2901961 0.09411765 0.047058824 0.07450981 0.18039216 0.3372549 0.40392157 0.57254905 0.5803922 0.5294118 0.5529412 0.63529414 0.69411767 0.6745098 0.59607846 0.5529412 0.5921569 0.60784316 0.5764706 0.67058825 0.8862745 1.0 0.9882353 0.9647059 0.95686275 0.9254902 0.77254903 0.3254902 0.07450981
0.23137255 0.4745098 0.6784314 0.6745098 0.36862746 0.11764706 0.08235294 0.078431375 0.07450981 0.09019608 0.25490198 0.5254902 0.64705884 0.6901961 0.73333335 0.8039216 0.8392157 0.7882353 0.75686276 0.7921569 0.8745098 0.9372549 0.9607843 0.9843137 0.9882353 0.98039216 0.98039216 0.93333334 0.85490197 0.73333335 0.34117648 0.101960786
0.5921569 0.7176471 0.77254903 0.7764706 0.72156864 0.5803922 0.3019608 0.101960786 0.09019608 0.09803922 0.11764706 0.21176471 0.38039216 0.5803922 0.7607843 0.8392157 0.8352941 0.8392157 0.8627451 0.88235295 0.85882354 0.8627451 0.8901961 0.90588236 0.9529412 0.92941177 0.9098039 0.8980392 0.7764706 0.49019608 0.21568628 0.101960786
0.72156864 0.76862746 0.80784315 0.85490197 0.85882354 0.8666667 0.77254903 0.47843137 0.23529412 0.14509805 0.12156863 0.11372549 0.10980392 0.14117648 0.22745098 0.3019608 0.30980393 0.3882353 0.54509807 0.654902 0.64705884 0.6392157 0.6784314 0.75686276 0.84705883 0.8156863 0.72156864 0.57254905 0.32941177 0.16078432 0.12156863 0.11764706
0.73333335 0.79607844 0.8392157 0.8784314 0.8980392 0.88235295 0.88235295 0.85882354 0.6745098 0.43529412 0.32156864 0.23137255 0.13725491 0.09803922 0.07058824 0.0627451 0.07450981 0.08235294 0.10980392 0.21176471 0.24313726 0.22352941 0.3019608 0.40392157 0.47058824 0.42352942 0.27450982 0.12156863 0.03137255 0.05490196 0.050980393 0.050980393
0.75686276 0.8235294 0.8627451 0.8862745 0.89411765 0.9098039 0.9254902 0.8980392 0.8352941 0.7254902 0.5568628 0.43137255 0.34509805 0.15686275 0.078431375 0.07058824 0.07450981 0.05882353 0.09019608 0.10980392 0.0627451 0.09411765 0.1254902 0.11372549 0.18431373 0.101960786 0.03137255 0.023529412 0.023529412 0.03529412 0.039215688 0.019607844
0.77254903 0.84705883 0.88235295 0.9098039 0.91764706 0.91764706 0.92941177 0.93333334 0.9019608 0.8509804 0.73333335 0.6117647 0.47058824 0.1764706 0.05490196 0.08235294 0.0627451 0.08627451 0.105882354 0.07450981 0.07450981 0.11372549 0.12156863 0.08235294 0.14509805 0.07058824 0.03137255 0.02745098 0.015686275 0.02745098 0.05490196 0.047058824
0.78039217 0.8627451 0.8862745 0.9137255 0.92941177 0.9372549 0.94509804 0.94509804 0.94509804 0.9254902 0.8666667 0.7882353 0.48235294 0.12156863 0.05882353 0.06666667 0.078431375 0.12156863 0.13333334 0.15294118 0.12156863 0.078431375 0.08235294 0.05882353 0.09411765 0.047058824 0.019607844 0.03137255 0.043137256 0.05490196 0.08235294 0.07450981
0.7607843 0.8509804 0.88235295 0.9098039 0.9254902 0.94509804 0.95686275 0.9607843 0.9647059 0.9607843 0.9254902 0.84313726 0.42745098 0.07450981 0.07058824 0.05882353 0.06666667 0.09803922 0.1764706 0.1882353 0.19215687 0.13725491 0.05490196 0.05490196 0.078431375 0.050980393 0.05490196 0.07058824 0.078431375 0.07450981 0.08627451 0.07450981
0.68235296 0.80784315 0.87058824 0.90588236 0.92156863 0.93333334 0.9529412 0.96862745 0.972549 0.9647059 0.9372549 0.8627451 0.40392157 0.0627451 0.078431375 0.0627451 0.101960786 0.11372549 0.18431373 0.16862746 0.15294118 0.13725491 0.0627451 0.078431375 0.101960786 0.078431375 0.08235294 0.08235294 0.08235294 0.08235294 0.08627451 0.0627451
0.56078434 0.7294118 0.81960785 0.89411765 0.9254902 0.93333334 0.9411765 0.9529412 0.95686275 0.9607843 0.94509804 0.8784314 0.47843137 0.14117648 0.078431375 0.13333334 0.5254902 0.31764707 0.19215687 0.12156863 0.101960786 0.10980392 0.09019608 0.10980392 0.105882354 0.09019608 0.08627451 0.08235294 0.0627451 0.047058824 0.0627451 0.0627451
0.42352942 0.6431373 0.7764706 0.8666667 0.90588236 0.92156863 0.92941177 0.9411765 0.95686275 0.95686275 0.9490196 0.9098039 0.78431374 0.4509804 0.23529412 0.54509807 0.78039217 0.62352943 0.42745098 0.23529412 0.12156863 0.11764706 0.10980392 0.09411765 0.08627451 0.05882353 0.05490196 0.06666667 0.06666667 0.05490196 0.039215688 0.039215688
0.38039216 0.59607846 0.7372549 0.83137256 0.8745098 0.8980392 0.9254902 0.9411765 0.9529412 0.9529412 0.93333334 0.9019608 0.88235295 0.8039216 0.7372549 0.827451 0.8039216 0.7529412 0.64705884 0.32156864 0.11372549 0.101960786 0.105882354 0.07058824 0.039215688 0.023529412 0.023529412 0.03137255 0.0627451 0.07450981 0.06666667 0.05490196
0.043137256 0.050980393 0.050980393 0.043137256 0.043137256 0.03529412 0.019607844 0.023529412 0.09803922 0.14117648 0.15294118 0.07450981 0.011764706 0.011764706 0.011764706 0.015686275 0.015686275 0.015686275 0.015686275 0.015686275 0.011764706 0.011764706 0.011764706 0.011764706 0.011764706 0.011764706 0.011764706 0.007843138 0.007843138 0.007843138 0.007843138 0.007843138
0.050980393 0.050980393 0.047058824 0.043137256 0.039215688 0.039215688 0.023529412 0.015686275 0.07058824 0.1254902 0.16470589 0.12156863 0.023529412 0.011764706 0.011764706 0.015686275 0.015686275 0.011764706 0.011764706 0.011764706 0.011764706 0.011764706 0.011764706 0.011764706 0.011764706 0.011764706 0.011764706 0.007843138 0.007843138 0.007843138 0.007843138 0.007843138
0.05490196 0.050980393 0.043137256 0.03529412 0.023529412 0.03137255 0.03137255 0.019607844 0.050980393 0.11764706 0.16078432 0.16078432 0.05882353 0.011764706 0.011764706 0.011764706 0.015686275 0.015686275 0.015686275 0.011764706 0.011764706 0.011764706 0.011764706 0.011764706 0.011764706 0.011764706 0.011764706 0.007843138 0.007843138 0.007843138 0.007843138 0.007843138
0.050980393 0.050980393 0.043137256 0.03137255 0.015686275 0.023529412 0.02745098 0.007843138 0.011764706 0.09019608 0.14509805 0.18431373 0.105882354 0.015686275 0.015686275 0.011764706 0.015686275 0.015686275 0.015686275 0.011764706 0.011764706 0.011764706 0.011764706 0.011764706 0.011764706 0.011764706 0.011764706 0.011764706 0.007843138 0.007843138 0.007843138 0.007843138
0.050980393 0.05490196 0.047058824 0.03529412 0.019607844 0.019607844 0.019607844 0.12156863 0.23137255 0.16862746 0.14117648 0.18039216 0.14901961 0.039215688 0.015686275 0.015686275 0.015686275 0.015686275 0.015686275 0.011764706 0.011764706 0.011764706 0.015686275 0.019607844 0.011764706 0.007843138 0.007843138 0.007843138 0.007843138 0.007843138 0.007843138 0.007843138
0.05490196 0.05490196 0.05490196 0.039215688 0.02745098 0.015686275 0.07058824 0.49803922 0.6117647 0.45490196 0.26666668 0.17254902 0.18431373 0.07450981 0.015686275 0.019607844 0.015686275 0.015686275 0.011764706 0.011764706 0.011764706 0.02745098 0.043137256 0.07450981 0.015686275 0.003921569 0.007843138 0.007843138 0.007843138 0.007843138 0.007843138 0.007843138
0.05882353 0.05882353 0.05882353 0.043137256 0.03137255 0.011764706 0.13333334 0.62352943 0.6862745 0.5647059 0.38039216 0.24705882 0.18039216 0.08627451 0.023529412 0.015686275 0.011764706 0.011764706 0.011764706 0.011764706 0.02745098 0.050980393 0.07058824 0.1254902 0.019607844 0.0 0.007843138 0.007843138 0.007843138 0.007843138 0.007843138 0.007843138
0.05882353 0.05882353 0.06666667 0.050980393 0.03529412 0.015686275 0.1254902 0.6509804 0.77254903 0.67058825 0.47843137 0.3372549 0.23137255 0.07450981 0.015686275 0.011764706 0.007843138 0.011764706 0.007843138 0.019607844 0.05490196 0.07450981 0.105882354 0.13725491 0.019607844 0.003921569 0.011764706 0.007843138 0.007843138 0.007843138 0.007843138 0.007843138
0.05882353 0.06666667 0.07058824 0.0627451 0.043137256 0.015686275 0.0627451 0.5803922 0.8039216 0.7607843 0.6745098 0.49019608 0.31764707 0.20784314 0.07450981 0.02745098 0.023529412 0.023529412 0.043137256 0.07058824 0.101960786 0.105882354 0.09803922 0.10980392 0.019607844 0.007843138 0.011764706 0.007843138 0.007843138 0.007843138 0.007843138 0.007843138
0.0627451 0.06666667 0.07058824 0.07058824 0.047058824 0.023529412 0.015686275 0.30588236 0.7254902 0.76862746 0.72156864 0.61960787 0.39607844 0.29411766 0.28235295 0.16078432 0.09019608 0.06666667 0.06666667 0.09803922 0.1254902 0.11372549 0.09803922 0.09411765 0.03529412 0.007843138 0.011764706 0.011764706 0.007843138 0.007843138 0.011764706 0.007843138
0.06666667 0.06666667 0.07058824 0.05882353 0.03529412 0.03137255 0.011764706 0.09803922 0.56078434 0.6666667 0.68235296 0.6039216 0.4509804 0.28235295 0.25882354 0.20784314 0.13725491 0.13725491 0.14509805 0.13725491 0.11372549 0.12156863 0.15294118 0.12941177 0.13725491 0.05882353 0.011764706 0.015686275 0.015686275 0.019607844 0.015686275 0.007843138
0.06666667 0.0627451 0.06666667 0.047058824 0.02745098 0.03137255 0.011764706 0.11764706 0.41568628 0.48235294 0.60784316 0.6 0.49019608 0.38039216 0.30980393 0.28627452 0.23529412 0.18431373 0.22745098 0.2627451 0.2 0.16078432 0.30588236 0.31764707 0.22745098 0.16470589 0.02745098 0.015686275 0.039215688 0.023529412 0.011764706 0.011764706
0.06666667 0.06666667 0.05490196 0.039215688 0.02745098 0.019607844 0.09019608 0.38431373 0.44705883 0.30588236 0.43529412 0.5803922 0.52156866 0.4627451 0.39607844 0.32941177 0.23921569 0.20784314 0.27058825 0.31764707 0.29803923 0.27058825 0.3647059 0.5882353 0.627451 0.50980395 0.32941177 0.1254902 0.0627451 0.02745098 0.019607844 0.015686275
0.07058824 0.0627451 0.043137256 0.03137255 0.02745098 0.02745098 0.2784314 0.6039216 0.40392157 0.24313726 0.30588236 0.38039216 0.34509805 0.3019608 0.27450982 0.23137255 0.21568628 0.23529412 0.2901961 0.28235295 0.25490198 0.3019608 0.35686275 0.41568628 0.73333335 0.8666667 0.7921569 0.52156866 0.16470589 0.03529412 0.02745098 0.015686275
0.06666667 0.047058824 0.03137255 0.02745098 0.023529412 0.105882354 0.5058824 0.73333335 0.35686275 0.2627451 0.26666668 0.2509804 0.25490198 0.27450982 0.26666668 0.23921569 0.23529412 0.23529412 0.25882354 0.2509804 0.23137255 0.23529412 0.3254902 0.3647059 0.38431373 0.7921569 0.9411765 0.74509805 0.2627451 0.019607844 0.023529412 0.015686275
0.05882353 0.03137255 0.023529412 0.023529412 0.14509805 0.4627451 0.7372549 0.8745098 0.62352943 0.32941177 0.3254902 0.3254902 0.3137255 0.3254902 0.34117648 0.33333334 0.30588236 0.2627451 0.23921569 0.25882354 0.32941177 0.41568628 0.32941177 0.41568628 0.49803922 0.8392157 0.9843137 0.7607843 0.25490198 0.015686275 0.019607844 0.015686275
0.047058824 0.02745098 0.02745098 0.023529412 0.27058825 0.7607843 0.9254902 0.9490196 0.85490197 0.50980395 0.34117648 0.3764706 0.36078432 0.33333334 0.3019608 0.28235295 0.30588236 0.29803923 0.23529412 0.24705882 0.37254903 0.5372549 0.3882353 0.45490196 0.35686275 0.83137256 1.0 0.8235294 0.32156864 0.02745098 0.02745098 0.019607844
0.03137255 0.02745098 0.03529412 0.02745098 0.13333334 0.5294118 0.8 0.9490196 0.91764706 0.6745098 0.39215687 0.3647059 0.33333334 0.31764707 0.32941177 0.3529412 0.41960785 0.49411765 0.4509804 0.3529412 0.33333334 0.41568628 0.42745098 0.3529412 0.27450982 0.57254905 0.95686275 0.92941177 0.5921569 0.14901961 0.015686275 0.023529412
0.02745098 0.023529412 0.023529412 0.019607844 0.02745098 0.078431375 0.22745098 0.6862745 0.8627451 0.7490196 0.5568628 0.40392157 0.3882353 0.45882353 0.5647059 0.5764706 0.5372549 0.54901963 0.5411765 0.4745098 0.3882353 0.34509805 0.3882353 0.56078434 0.7882353 0.7882353 0.92941177 0.96862745 0.8980392 0.48235294 0.105882354 0.050980393
0.02745098 0.101960786 0.27450982 0.29803923 0.09803922 0.039215688 0.0627451 0.17254902 0.3372549 0.40784314 0.5764706 0.5686275 0.4862745 0.49019608 0.5686275 0.6431373 0.62352943 0.5254902 0.48235294 0.5254902 0.54509807 0.5294118 0.64705884 0.8862745 1.0 0.9882353 0.9607843 0.9411765 0.89411765 0.7411765 0.31764707 0.07058824
0.23921569 0.4862745 0.69803923 0.69411767 0.38431373 0.11764706 0.07058824 0.07058824 0.0627451 0.078431375 0.2509804 0.5294118 0.63529414 0.65882355 0.69803923 0.78039217 0.827451 0.77254903 0.74509805 0.78039217 0.87058824 0.93333334 0.9607843 0.9882353 0.9843137 0.9764706 0.9764706 0.92156863 0.78039217 0.6313726 0.29803923 0.101960786
0.6156863 0.74509805 0.79607844 0.7921569 0.7372549 0.5882353 0.30588236 0.09803922 0.078431375 0.08627451 0.10980392 0.20392157 0.3764706 0.57254905 0.75686276 0.84313726 0.8392157 0.84313726 0.87058824 0.8901961 0.8666667 0.87058824 0.8980392 0.91764706 0.95686275 0.92941177 0.9098039 0.9019608 0.7529412 0.4509804 0.21176471 0.105882354
0.7490196 0.79607844 0.8352941 0.87058824 0.8745098 0.8784314 0.78039217 0.47843137 0.23137255 0.13725491 0.11372549 0.101960786 0.09803922 0.13333334 0.21960784 0.29803923 0.30980393 0.39215687 0.54901963 0.6666667 0.654902 0.6431373 0.6862745 0.77254903 0.85882354 0.8235294 0.7254902 0.57254905 0.32941177 0.16862746 0.1254902 0.11372549
0.76862746 0.83137256 0.8666667 0.8980392 0.9137255 0.8980392 0.89411765 0.8666667 0.6784314 0.43137255 0.3137255 0.23137255 0.13725491 0.09411765 0.06666667 0.05882353 0.07058824 0.078431375 0.10980392 0.21568628 0.24705882 0.22745098 0.30980393 0.41960785 0.4862745 0.42745098 0.27058825 0.12156863 0.03137255 0.050980393 0.043137256 0.047058824
0.8 0.85882354 0.8901961 0.90588236 0.9098039 0.9254902 0.9372549 0.9098039 0.8509804 0.73333335 0.5529412 0.42745098 0.34509805 0.16078432 0.078431375 0.07058824 0.07058824 0.05490196 0.09019608 0.105882354 0.06666667 0.101960786 0.13333334 0.12156863 0.19607843 0.101960786 0.02745098 0.023529412 0.023529412 0.03529412 0.039215688 0.019607844
0.8156863 0.88235295 0.9098039 0.9254902 0.93333334 0.93333334 0.94509804 0.94509804 0.91764706 0.8627451 0.7411765 0.6117647 0.46666667 0.17254902 0.050980393 0.078431375 0.05882353 0.08627451 0.10980392 0.07450981 0.078431375 0.11764706 0.1254902 0.08627451 0.15686275 0.07450981 0.02745098 0.02745098 0.015686275 0.02745098 0.05882353 0.047058824
0.827451 0.9019608 0.9098039 0.93333334 0.94509804 0.9490196 0.9529412 0.9529412 0.95686275 0.9411765 0.8862745 0.8039216 0.49019608 0.12156863 0.05882353 0.06666667 0.08235294 0.12156863 0.12156863 0.15294118 0.1254902 0.078431375 0.08235294 0.05882353 0.101960786 0.047058824 0.019607844 0.03137255 0.039215688 0.05490196 0.08627451 0.078431375
0.80784315 0.8980392 0.9137255 0.92941177 0.9411765 0.9529412 0.9647059 0.9647059 0.972549 0.96862745 0.9411765 0.8627451 0.4392157 0.07450981 0.06666667 0.0627451 0.07058824 0.06666667 0.12156863 0.16470589 0.2 0.14509805 0.05490196 0.05490196 0.078431375 0.05490196 0.05490196 0.06666667 0.078431375 0.078431375 0.08627451 0.07450981
0.7254902 0.8509804 0.90588236 0.92941177 0.9411765 0.9490196 0.9607843 0.972549 0.9764706 0.972549 0.9529412 0.8784314 0.41568628 0.05882353 0.07450981 0.07058824 0.101960786 0.09411765 0.16862746 0.16470589 0.15294118 0.14509805 0.06666667 0.08235294 0.105882354 0.08235294 0.08627451 0.08627451 0.08235294 0.078431375 0.08235294 0.05882353
0.59607846 0.77254903 0.8627451 0.92156863 0.94509804 0.9490196 0.9529412 0.9647059 0.9647059 0.96862745 0.95686275 0.8980392 0.49411765 0.14509805 0.07450981 0.14117648 0.5411765 0.32941177 0.19607843 0.11764706 0.101960786 0.11764706 0.09803922 0.11372549 0.10980392 0.09411765 0.08627451 0.078431375 0.0627451 0.043137256 0.047058824 0.050980393
0.4509804 0.6862745 0.81960785 0.8980392 0.9254902 0.9411765 0.94509804 0.9529412 0.96862745 0.96862745 0.9607843 0.93333334 0.8156863 0.4745098 0.2509804 0.5647059 0.80784315 0.6509804 0.44705883 0.23921569 0.1254902 0.1254902 0.11764706 0.101960786 0.09411765 0.05882353 0.043137256 0.043137256 0.043137256 0.043137256 0.03529412 0.03137255
0.40784314 0.6392157 0.78039217 0.8666667 0.9019608 0.9254902 0.9411765 0.9529412 0.9647059 0.9647059 0.9529412 0.92941177 0.92156863 0.8392157 0.76862746 0.8627451 0.8352941 0.78431374 0.68235296 0.34509805 0.12156863 0.11372549 0.11372549 0.07450981 0.047058824 0.02745098 0.019607844 0.019607844 0.03137255 0.03529412 0.03529412 0.039215688
0.011764706 0.015686275 0.015686275 0.011764706 0.007843138 0.007843138 0.003921569 0.011764706 0.078431375 0.105882354 0.105882354 0.05490196 0.015686275 0.011764706 0.015686275 0.019607844 0.019607844 0.019607844 0.015686275 0.015686275 0.011764706 0.011764706 0.011764706 0.011764706 0.011764706 0.011764706 0.011764706 0.007843138 0.007843138 0.007843138 0.007843138 0.007843138
0.015686275 0.015686275 0.015686275 0.015686275 0.011764706 0.011764706 0.007843138 0.003921569 0.05490196 0.09803922 0.11764706 0.08235294 0.019607844 0.015686275 0.015686275 0.015686275 0.015686275 0.015686275 0.011764706 0.011764706 0.011764706 0.011764706 0.011764706 0.011764706 0.011764706 0.011764706 0.011764706 0.007843138 0.007843138 0.007843138 0.007843138 0.003921569
0.019607844 0.015686275 0.011764706 0.011764706 0.007843138 0.011764706 0.011764706 0.007843138 0.03529412 0.09803922 0.12156863 0.10980392 0.047058824 0.015686275 0.015686275 0.007843138 0.007843138 0.015686275 0.015686275 0.011764706 0.011764706 0.011764706 0.011764706 0.011764706 0.011764706 0.015686275 0.015686275 0.011764706 0.007843138 0.007843138 0.007843138 0.003921569
0.015686275 0.015686275 0.007843138 0.007843138 0.003921569 0.011764706 0.011764706 0.003921569 0.011764706 0.07450981 0.10980392 0.13333334 0.07450981 0.015686275 0.019607844 0.007843138 0.007843138 0.015686275 0.015686275 0.011764706 0.011764706 0.011764706 0.011764706 0.011764706 0.011764706 0.011764706 0.011764706 0.007843138 0.007843138 0.007843138 0.007843138 0.007843138
0.015686275 0.015686275 0.011764706 0.007843138 0.007843138 0.011764706 0.007843138 0.09411765 0.15686275 0.10980392 0.105882354 0.13333334 0.105882354 0.03137255 0.015686275 0.011764706 0.007843138 0.011764706 0.011764706 0.015686275 0.015686275 0.011764706 0.019607844 0.015686275 0.007843138 0.007843138 0.007843138 0.007843138 0.003921569 0.003921569 0.003921569 0.003921569
0.015686275 0.019607844 0.019607844 0.011764706 0.011764706 0.003921569 0.05490196 0.43137255 0.5019608 0.30980393 0.15294118 0.11372549 0.13725491 0.05490196 0.011764706 0.011764706 0.011764706 0.011764706 0.011764706 0.011764706 0.015686275 0.019607844 0.03137255 0.03529412 0.015686275 0.011764706 0.011764706 0.007843138 0.0 0.0 0.0 0.0
0.019607844 0.019607844 0.023529412 0.011764706 0.007843138 0.0 0.11764706 0.57254905 0.63529414 0.47058824 0.24705882 0.13725491 0.11372549 0.05882353 0.019607844 0.019607844 0.015686275 0.015686275 0.011764706 0.011764706 0.015686275 0.019607844 0.03137255 0.05882353 0.015686275 0.007843138 0.011764706 0.007843138 0.0 0.0 0.0 0.0
0.023529412 0.019607844 0.019607844 0.015686275 0.011764706 0.003921569 0.11372549 0.60784316 0.7529412 0.61960787 0.38431373 0.21176471 0.11764706 0.047058824 0.015686275 0.02745098 0.019607844 0.015686275 0.011764706 0.011764706 0.023529412 0.039215688 0.05490196 0.07058824 0.023529412 0.007843138 0.011764706 0.011764706 0.007843138 0.007843138 0.007843138 0.003921569
0.023529412 0.023529412 0.023529412 0.023529412 0.019607844 0.003921569 0.050980393 0.5411765 0.78431374 0.7411765 0.62352943 0.4 0.2 0.11764706 0.050980393 0.023529412 0.02745098 0.02745098 0.03529412 0.047058824 0.0627451 0.0627451 0.05490196 0.0627451 0.023529412 0.015686275 0.015686275 0.011764706 0.011764706 0.011764706 0.011764706 0.003921569
0.023529412 0.02745098 0.023529412 0.019607844 0.019607844 0.011764706 0.015686275 0.27058825 0.6627451 0.7294118 0.6862745 0.5529412 0.3137255 0.1882353 0.17254902 0.101960786 0.05882353 0.050980393 0.050980393 0.078431375 0.09803922 0.07450981 0.05882353 0.050980393 0.03137255 0.011764706 0.015686275 0.015686275 0.011764706 0.011764706 0.015686275 0.003921569
0.02745098 0.023529412 0.023529412 0.019607844 0.011764706 0.019607844 0.007843138 0.08627451 0.49411765 0.56078434 0.6156863 0.5294118 0.3529412 0.2 0.1764706 0.12941177 0.08235294 0.078431375 0.08627451 0.09019608 0.08627451 0.08627451 0.10980392 0.078431375 0.08235294 0.047058824 0.019607844 0.015686275 0.015686275 0.019607844 0.015686275 0.003921569
0.02745098 0.023529412 0.02745098 0.015686275 0.011764706 0.011764706 0.0 0.09411765 0.3137255 0.34117648 0.5294118 0.5137255 0.38039216 0.27450982 0.21176471 0.19215687 0.14117648 0.08235294 0.11764706 0.16470589 0.13333334 0.101960786 0.24705882 0.26666668 0.14901961 0.11372549 0.019607844 0.019607844 0.039215688 0.023529412 0.011764706 0.007843138
0.023529412 0.023529412 0.023529412 0.011764706 0.011764706 0.007843138 0.05490196 0.30980393 0.3529412 0.19215687 0.34509805 0.46666667 0.38039216 0.3254902 0.25490198 0.19607843 0.12941177 0.11372549 0.15294118 0.19607843 0.2 0.18039216 0.2784314 0.5254902 0.5803922 0.4509804 0.28627452 0.10980392 0.05882353 0.023529412 0.015686275 0.007843138
0.019607844 0.023529412 0.019607844 0.011764706 0.015686275 0.015686275 0.21568628 0.50980395 0.28627452 0.13725491 0.1882353 0.26666668 0.21960784 0.16862746 0.15686275 0.12941177 0.11764706 0.12941177 0.17254902 0.16862746 0.16470589 0.20392157 0.2509804 0.32941177 0.6745098 0.8235294 0.74509805 0.49019608 0.15294118 0.039215688 0.02745098 0.015686275
0.023529412 0.015686275 0.015686275 0.015686275 0.015686275 0.07058824 0.43137255 0.6313726 0.20784314 0.15294118 0.14509805 0.13333334 0.13725491 0.13725491 0.13725491 0.13333334 0.13725491 0.12941177 0.14509805 0.13725491 0.12941177 0.13725491 0.21176471 0.24313726 0.27058825 0.7137255 0.9098039 0.69411767 0.21960784 0.03137255 0.02745098 0.019607844
0.019607844 0.011764706 0.011764706 0.015686275 0.12941177 0.4 0.654902 0.7882353 0.5176471 0.21960784 0.20392157 0.1882353 0.16470589 0.16078432 0.17254902 0.18431373 0.16862746 0.14117648 0.12156863 0.12941177 0.18431373 0.25882354 0.20392157 0.23921569 0.34509805 0.7647059 0.9607843 0.7058824 0.20392157 0.03137255 0.02745098 0.015686275
0.015686275 0.011764706 0.015686275 0.019607844 0.25490198 0.7058824 0.8627451 0.8862745 0.76862746 0.4 0.21960784 0.23137255 0.2 0.18039216 0.16078432 0.14901961 0.16078432 0.16078432 0.12156863 0.11372549 0.20784314 0.36078432 0.25882354 0.26666668 0.25882354 0.75686276 0.9882353 0.8039216 0.29803923 0.03529412 0.03137255 0.019607844
0.011764706 0.011764706 0.019607844 0.023529412 0.12156863 0.49019608 0.7490196 0.89411765 0.84313726 0.5803922 0.2627451 0.21568628 0.19215687 0.18431373 0.1882353 0.19215687 0.23137255 0.29411766 0.27058825 0.18039216 0.16862746 0.24313726 0.24705882 0.23137255 0.21176471 0.5058824 0.93333334 0.9019608 0.5764706 0.14901961 0.019607844 0.02745098
0.011764706 0.011764706 0.019607844 0.023529412 0.03137255 0.08235294 0.22352941 0.64705884 0.8 0.6784314 0.4509804 0.2509804 0.21960784 0.26666668 0.36078432 0.34509805 0.29803923 0.33333334 0.33333334 0.27058825 0.2 0.17254902 0.22352941 0.4509804 0.7176471 0.7411765 0.9019608 0.94509804 0.8745098 0.4745098 0.10980392 0.05882353
0.019607844 0.078431375 0.23137255 0.26666668 0.09411765 0.05882353 0.08235294 0.1764706 0.3137255 0.38039216 0.5137255 0.4392157 0.31764707 0.28235295 0.35686275 0.44313726 0.41568628 0.3254902 0.2901961 0.31764707 0.3529412 0.3647059 0.5058824 0.827451 0.99607843 0.972549 0.9411765 0.9098039 0.8509804 0.70980394 0.3137255 0.078431375
0.19607843 0.43137255 0.63529414 0.63529414 0.34901962 0.12156863 0.09019608 0.09019608 0.08235294 0.09411765 0.24313726 0.47843137 0.5254902 0.49803922 0.52156866 0.6392157 0.70980394 0.6509804 0.627451 0.6666667 0.78039217 0.8784314 0.9372549 0.96862745 0.96862745 0.95686275 0.95686275 0.88235295 0.7294118 0.6039216 0.2901961 0.105882354
0.5568628 0.6784314 0.73333335 0.73333335 0.6745098 0.5411765 0.2901961 0.11372549 0.105882354 0.105882354 0.12941177 0.21568628 0.35686275 0.52156866 0.6666667 0.7411765 0.7490196 0.7529412 0.7882353 0.8235294 0.8117647 0.8235294 0.85490197 0.8627451 0.9098039 0.88235295 0.8666667 0.85882354 0.72156864 0.44705883 0.21960784 0.11372549
0.6901961 0.73333335 0.76862746 0.80784315 0.8039216 0.8039216 0.70980394 0.45882353 0.25882354 0.17254902 0.13333334 0.12156863 0.1254902 0.15294118 0.21176471 0.27450982 0.28627452 0.35686275 0.50980395 0.62352943 0.6117647 0.6039216 0.6509804 0.7254902 0.8117647 0.77254903 0.68235296 0.54901963 0.3254902 0.1764706 0.14117648 0.12941177
0.70980394 0.7607843 0.7921569 0.827451 0.84705883 0.827451 0.8156863 0.79607844 0.65882355 0.47843137 0.38039216 0.27058825 0.16470589 0.11764706 0.08235294 0.06666667 0.08235294 0.09019608 0.11372549 0.20784314 0.23921569 0.21960784 0.29803923 0.39607844 0.45490196 0.40392157 0.25882354 0.12156863 0.039215688 0.0627451 0.050980393 0.05490196
0.7372549 0.7882353 0.81960785 0.8352941 0.84313726 0.85882354 0.8745098 0.827451 0.7647059 0.69803923 0.6039216 0.52156866 0.4509804 0.21568628 0.09019608 0.08235294 0.08627451 0.06666667 0.09803922 0.10980392 0.06666667 0.101960786 0.12941177 0.11764706 0.18039216 0.101960786 0.03529412 0.02745098 0.02745098 0.039215688 0.047058824 0.02745098
0.7529412 0.8117647 0.8392157 0.8627451 0.87058824 0.8745098 0.88235295 0.87058824 0.8235294 0.7647059 0.67058825 0.60784316 0.52156866 0.21568628 0.07058824 0.09411765 0.07058824 0.09411765 0.11764706 0.078431375 0.07450981 0.11372549 0.1254902 0.08235294 0.14901961 0.07450981 0.03529412 0.03137255 0.019607844 0.02745098 0.050980393 0.03137255
0.77254903 0.8352941 0.84705883 0.87058824 0.8862745 0.89411765 0.89411765 0.89411765 0.8901961 0.8509804 0.78431374 0.7137255 0.44313726 0.12941177 0.07450981 0.08235294 0.08235294 0.11372549 0.10980392 0.12156863 0.10980392 0.078431375 0.08235294 0.0627451 0.101960786 0.05490196 0.023529412 0.023529412 0.02745098 0.03137255 0.050980393 0.03529412
0.7607843 0.8352941 0.8509804 0.8745098 0.89411765 0.9137255 0.92156863 0.92941177 0.92941177 0.9098039 0.8627451 0.7764706 0.39215687 0.08627451 0.08627451 0.06666667 0.08235294 0.12941177 0.21176471 0.19607843 0.1764706 0.1254902 0.05490196 0.0627451 0.078431375 0.043137256 0.03137255 0.03529412 0.03529412 0.03529412 0.043137256 0.03529412
0.68235296 0.79607844 0.84705883 0.8784314 0.89411765 0.90588236 0.9254902 0.94509804 0.9490196 0.93333334 0.8862745 0.8 0.37254903 0.07058824 0.105882354 0.06666667 0.12941177 0.24313726 0.34117648 0.29411766 0.18039216 0.11372549 0.047058824 0.0627451 0.078431375 0.039215688 0.03529412 0.03529412 0.03529412 0.03529412 0.043137256 0.03529412
0.5647059 0.73333335 0.80784315 0.8745098 0.90588236 0.90588236 0.91764706 0.92941177 0.93333334 0.93333334 0.9019608 0.83137256 0.4509804 0.14509805 0.09803922 0.13333334 0.53333336 0.4117647 0.32941177 0.25490198 0.13725491 0.07450981 0.05490196 0.06666667 0.05882353 0.039215688 0.03529412 0.039215688 0.03529412 0.02745098 0.02745098 0.02745098
0.4117647 0.64705884 0.77254903 0.85490197 0.8901961 0.9019608 0.9137255 0.9254902 0.9372549 0.9411765 0.92156863 0.8784314 0.75686276 0.4392157 0.23921569 0.5294118 0.7607843 0.64705884 0.49019608 0.2784314 0.101960786 0.07450981 0.06666667 0.05490196 0.050980393 0.02745098 0.023529412 0.02745098 0.03137255 0.03137255 0.03137255 0.03137255
0.35686275 0.59607846 0.7372549 0.81960785 0.85882354 0.88235295 0.9098039 0.9254902 0.9372549 0.9372549 0.91764706 0.8862745 0.8666667 0.78431374 0.72156864 0.8039216 0.78039217 0.7529412 0.67058825 0.3137255 0.07058824 0.0627451 0.078431375 0.05882353 0.03529412 0.02745098 0.02745098 0.02745098 0.02745098 0.02745098 0.02745098 0.03137255
28 6 1
20 20 0
9 3 0
30 17 2
16 13 0
19 19 1
8 13 0
1 10 2
5 8 1
0 22 0
22 31 1
1 3 2
21 8 0
21 11 2
31 12 0
20 3 0
26 31 0
30 18 1
1 20 0
28 14 0
6 13 0
12 20 2
26 12 2
1 2 2
14 2 1
29 26 0
18 25 0
2 13 1
12 31 1
27 2 2
5 16 1
13 9 2
27 22 2
23 17 1
25 10 0
21 11 0
31 0 2
28 16 2
15 17 2
19 12 2
23 17 2
24 26 1
15 1 0
26 19 1
31 6 0
10 21 0
6 24 1
24 19 0
3 27 0
15 14 1
