32, 32, 3, 50
0.8352941 0.8039216 0.8039216 0.79607844 0.827451 0.83137256 0.8117647 0.7647059 0.54509807 0.7058824 0.8352941 0.7882353 0.74509805 0.7490196 0.7294118 0.7411765 0.7647059 0.7294118 0.7019608 0.7294118 0.7294118 0.6745098 0.65882355 0.6784314 0.6666667 0.65882355 0.6745098 0.67058825 0.627451 0.6039216 0.5921569 0.59607846
0.8117647 0.7921569 0.79607844 0.8039216 0.8117647 0.7607843 0.70980394 0.6117647 0.39607844 0.6117647 0.80784315 0.77254903 0.7529412 0.7882353 0.7764706 0.8117647 0.8392157 0.78431374 0.76862746 0.7921569 0.7490196 0.69803923 0.6784314 0.7058824 0.7372549 0.69411767 0.73333335 0.7411765 0.7372549 0.7411765 0.7176471 0.6862745
0.7764706 0.7529412 0.7294118 0.78039217 0.7921569 0.62352943 0.54901963 0.5176471 0.40392157 0.4627451 0.74509805 0.75686276 0.7647059 0.7490196 0.7411765 0.7490196 0.7529412 0.7372549 0.72156864 0.72156864 0.72156864 0.72156864 0.7019608 0.7019608 0.70980394 0.7058824 0.7254902 0.7137255 0.7372549 0.7607843 0.7176471 0.7372549
0.77254903 0.7764706 0.6666667 0.75686276 0.81960785 0.69411767 0.59607846 0.5254902 0.4627451 0.40784314 0.6901961 0.7764706 0.76862746 0.7764706 0.77254903 0.7647059 0.7647059 0.7647059 0.74509805 0.7294118 0.73333335 0.70980394 0.70980394 0.7294118 0.70980394 0.7372549 0.7254902 0.70980394 0.7019608 0.7176471 0.7176471 0.7254902
0.7294118 0.7647059 0.6392157 0.6392157 0.8235294 0.8 0.6862745 0.5803922 0.5686275 0.47058824 0.6392157 0.83137256 0.78431374 0.80784315 0.8039216 0.7921569 0.7921569 0.7882353 0.8039216 0.76862746 0.73333335 0.7294118 0.74509805 0.72156864 0.69803923 0.7372549 0.7490196 0.7372549 0.7294118 0.7372549 0.74509805 0.7254902
0.78431374 0.8 0.7176471 0.5882353 0.6901961 0.70980394 0.6313726 0.6901961 0.6901961 0.57254905 0.654902 0.8784314 0.8627451 0.8352941 0.8117647 0.8039216 0.7254902 0.7764706 0.7764706 0.7607843 0.78039217 0.7882353 0.78431374 0.7529412 0.7254902 0.7176471 0.7294118 0.7372549 0.7490196 0.73333335 0.7176471 0.72156864
0.7372549 0.7607843 0.7607843 0.59607846 0.54509807 0.5568628 0.5058824 0.6862745 0.74509805 0.65882355 0.6745098 0.81960785 0.8666667 0.8509804 0.84313726 0.8117647 0.76862746 0.79607844 0.7921569 0.8039216 0.827451 0.80784315 0.77254903 0.7647059 0.74509805 0.7294118 0.7254902 0.7490196 0.7529412 0.73333335 0.7176471 0.7137255
0.7019608 0.7372549 0.75686276 0.58431375 0.4 0.38431373 0.32941177 0.5294118 0.7490196 0.6784314 0.5882353 0.7019608 0.8392157 0.8392157 0.827451 0.78431374 0.78431374 0.79607844 0.8 0.8 0.8235294 0.81960785 0.77254903 0.78431374 0.75686276 0.7607843 0.76862746 0.76862746 0.75686276 0.7529412 0.7372549 0.69803923
0.70980394 0.7254902 0.7607843 0.6431373 0.36078432 0.29803923 0.27058825 0.3529412 0.6745098 0.7137255 0.5803922 0.59607846 0.7764706 0.7882353 0.79607844 0.7764706 0.78039217 0.7647059 0.78431374 0.79607844 0.7882353 0.79607844 0.78039217 0.7882353 0.7647059 0.75686276 0.7607843 0.75686276 0.74509805 0.7607843 0.76862746 0.7254902
0.7254902 0.7294118 0.7529412 0.6431373 0.38431373 0.34117648 0.3372549 0.3372549 0.56078434 0.7294118 0.6784314 0.5882353 0.69803923 0.7529412 0.7607843 0.7647059 0.77254903 0.7372549 0.7490196 0.8 0.7921569 0.7764706 0.7764706 0.7921569 0.78431374 0.7529412 0.7647059 0.76862746 0.7529412 0.7490196 0.7411765 0.74509805
0.6784314 0.69803923 0.7176471 0.5647059 0.3372549 0.3254902 0.39607844 0.3764706 0.4627451 0.6509804 0.7411765 0.5921569 0.6431373 0.7490196 0.7490196 0.74509805 0.74509805 0.7176471 0.70980394 0.7529412 0.76862746 0.7529412 0.7607843 0.76862746 0.7764706 0.7607843 0.7647059 0.7647059 0.7607843 0.7372549 0.73333335 0.75686276
0.72156864 0.7294118 0.6862745 0.6627451 0.5294118 0.3019608 0.38039216 0.34901962 0.38431373 0.6039216 0.67058825 0.64705884 0.68235296 0.7411765 0.7607843 0.79607844 0.7372549 0.7176471 0.74509805 0.7529412 0.73333335 0.74509805 0.7647059 0.76862746 0.7764706 0.78431374 0.7882353 0.7764706 0.8 0.78039217 0.78039217 0.7764706
0.73333335 0.7372549 0.7019608 0.5882353 0.49411765 0.30588236 0.34117648 0.34901962 0.34509805 0.6313726 0.7137255 0.69803923 0.7294118 0.77254903 0.7372549 0.7882353 0.7137255 0.74509805 0.7647059 0.7411765 0.75686276 0.7529412 0.7490196 0.7764706 0.78039217 0.78431374 0.7921569 0.78431374 0.79607844 0.78431374 0.78039217 0.78431374
0.7411765 0.73333335 0.75686276 0.70980394 0.47058824 0.27450982 0.2509804 0.3137255 0.3137255 0.5137255 0.7490196 0.65882355 0.6117647 0.6509804 0.6784314 0.77254903 0.69803923 0.78039217 0.7647059 0.75686276 0.7529412 0.73333335 0.70980394 0.7294118 0.77254903 0.77254903 0.78039217 0.78431374 0.78431374 0.78431374 0.78039217 0.78431374
0.7647059 0.7411765 0.73333335 0.7411765 0.6901961 0.59607846 0.3529412 0.22745098 0.24313726 0.32156864 0.58431375 0.6901961 0.654902 0.4745098 0.64705884 0.87058824 0.75686276 0.7411765 0.7372549 0.7411765 0.7137255 0.6862745 0.6431373 0.7176471 0.7607843 0.77254903 0.78039217 0.7882353 0.7882353 0.78039217 0.8039216 0.8117647
0.77254903 0.7490196 0.73333335 0.7372549 0.7176471 0.7176471 0.6901961 0.5647059 0.38431373 0.2509804 0.39607844 0.6509804 0.5921569 0.5137255 0.73333335 0.7647059 0.7607843 0.80784315 0.7607843 0.8 0.7764706 0.5568628 0.5647059 0.7607843 0.78039217 0.75686276 0.73333335 0.7529412 0.7764706 0.8039216 0.8235294 0.8156863
0.7490196 0.7529412 0.7490196 0.73333335 0.7490196 0.7529412 0.7764706 0.76862746 0.79607844 0.6313726 0.38431373 0.33333334 0.23137255 0.41960785 0.68235296 0.6392157 0.6666667 0.76862746 0.7882353 0.8117647 0.62352943 0.5254902 0.7529412 0.7647059 0.78431374 0.7607843 0.7294118 0.75686276 0.7882353 0.8235294 0.8352941 0.8117647
0.76862746 0.78039217 0.7764706 0.7490196 0.77254903 0.7764706 0.77254903 0.7882353 0.79607844 0.78039217 0.7058824 0.5529412 0.4117647 0.36862746 0.4392157 0.46666667 0.48235294 0.654902 0.7058824 0.5294118 0.5372549 0.75686276 0.80784315 0.78039217 0.7490196 0.7764706 0.7607843 0.77254903 0.7647059 0.79607844 0.8039216 0.8156863
0.7764706 0.8117647 0.8117647 0.7882353 0.8039216 0.78039217 0.77254903 0.7882353 0.7490196 0.73333335 0.78039217 0.7607843 0.7529412 0.7372549 0.72156864 0.6901961 0.49019608 0.6117647 0.5647059 0.3647059 0.5176471 0.7254902 0.7764706 0.77254903 0.75686276 0.72156864 0.7490196 0.7647059 0.7764706 0.76862746 0.78039217 0.79607844
0.7411765 0.7647059 0.7647059 0.72156864 0.7490196 0.78039217 0.76862746 0.7607843 0.7490196 0.76862746 0.7882353 0.7490196 0.7607843 0.7882353 0.7882353 0.7372549 0.5019608 0.54901963 0.45490196 0.48235294 0.43529412 0.5921569 0.78039217 0.78431374 0.8117647 0.78431374 0.75686276 0.7882353 0.79607844 0.79607844 0.7921569 0.8117647
0.7411765 0.75686276 0.77254903 0.7372549 0.7490196 0.7921569 0.7764706 0.75686276 0.7607843 0.7490196 0.7647059 0.7607843 0.7921569 0.78039217 0.7019608 0.5686275 0.5058824 0.58431375 0.50980395 0.61960787 0.69411767 0.6313726 0.7137255 0.80784315 0.80784315 0.827451 0.8039216 0.8039216 0.8117647 0.81960785 0.81960785 0.8235294
0.7411765 0.7647059 0.7490196 0.78431374 0.81960785 0.81960785 0.78431374 0.7921569 0.7647059 0.7254902 0.76862746 0.78039217 0.7921569 0.80784315 0.57254905 0.40784314 0.5058824 0.50980395 0.5411765 0.50980395 0.43137255 0.4745098 0.49019608 0.74509805 0.8392157 0.8156863 0.8 0.77254903 0.76862746 0.7921569 0.8117647 0.80784315
0.78431374 0.7607843 0.75686276 0.7529412 0.78431374 0.75686276 0.7882353 0.80784315 0.76862746 0.79607844 0.8156863 0.8039216 0.8 0.74509805 0.4862745 0.45490196 0.38431373 0.41568628 0.41960785 0.3529412 0.24313726 0.41568628 0.49019608 0.6156863 0.81960785 0.8117647 0.7647059 0.8117647 0.84705883 0.81960785 0.83137256 0.827451
0.7647059 0.7764706 0.7764706 0.7411765 0.7647059 0.7529412 0.7764706 0.7921569 0.78431374 0.8039216 0.8235294 0.80784315 0.8235294 0.63529414 0.42745098 0.46666667 0.38039216 0.48235294 0.5254902 0.47843137 0.5137255 0.5647059 0.54901963 0.5882353 0.69411767 0.7058824 0.7607843 0.8352941 0.8627451 0.8392157 0.8352941 0.8509804
0.7529412 0.7921569 0.79607844 0.77254903 0.7647059 0.74509805 0.7882353 0.8039216 0.80784315 0.78039217 0.8039216 0.8117647 0.78431374 0.5176471 0.38039216 0.43137255 0.3647059 0.4117647 0.54509807 0.5647059 0.5411765 0.5882353 0.5411765 0.5058824 0.53333336 0.5254902 0.50980395 0.7647059 0.8352941 0.8352941 0.8235294 0.83137256
0.7647059 0.79607844 0.8039216 0.78431374 0.8117647 0.78431374 0.8 0.8 0.80784315 0.7921569 0.7764706 0.8235294 0.7137255 0.39607844 0.36862746 0.4509804 0.3882353 0.36862746 0.42745098 0.5568628 0.56078434 0.5411765 0.4862745 0.4509804 0.47843137 0.5058824 0.5254902 0.7764706 0.80784315 0.8 0.78039217 0.8
0.78431374 0.7647059 0.7529412 0.7921569 0.8627451 0.827451 0.78039217 0.7764706 0.7647059 0.78431374 0.75686276 0.80784315 0.62352943 0.32941177 0.35686275 0.4392157 0.40392157 0.4117647 0.40784314 0.44705883 0.50980395 0.5176471 0.47058824 0.49803922 0.54901963 0.54901963 0.75686276 0.8039216 0.7607843 0.76862746 0.7490196 0.7921569
0.8 0.7882353 0.79607844 0.8 0.8156863 0.78431374 0.77254903 0.79607844 0.78431374 0.8235294 0.84705883 0.8117647 0.5372549 0.3137255 0.31764707 0.40784314 0.42352942 0.4627451 0.49411765 0.5137255 0.6039216 0.61960787 0.63529414 0.6745098 0.7019608 0.73333335 0.80784315 0.80784315 0.81960785 0.8156863 0.83137256 0.81960785
0.8117647 0.8235294 0.8352941 0.827451 0.79607844 0.80784315 0.80784315 0.8117647 0.83137256 0.84705883 0.8509804 0.7607843 0.4862745 0.3529412 0.34509805 0.35686275 0.3882353 0.5058824 0.5372549 0.61960787 0.7921569 0.75686276 0.7882353 0.7921569 0.8156863 0.7921569 0.7176471 0.7490196 0.81960785 0.7882353 0.78431374 0.7921569
0.78431374 0.8 0.80784315 0.80784315 0.80784315 0.827451 0.79607844 0.78431374 0.74509805 0.7607843 0.7921569 0.6784314 0.47058824 0.38431373 0.39215687 0.3372549 0.32941177 0.48235294 0.5921569 0.6862745 0.8235294 0.7764706 0.7921569 0.76862746 0.8117647 0.79607844 0.7647059 0.78431374 0.78431374 0.8039216 0.79607844 0.7647059
0.8235294 0.81960785 0.8117647 0.8039216 0.80784315 0.7372549 0.58431375 0.5294118 0.43137255 0.4627451 0.5372549 0.5294118 0.4117647 0.41960785 0.43529412 0.34901962 0.32941177 0.4392157 0.62352943 0.77254903 0.8235294 0.78039217 0.78431374 0.79607844 0.8156863 0.80784315 0.81960785 0.8352941 0.7921569 0.83137256 0.84705883 0.8235294
0.8509804 0.83137256 0.8039216 0.7294118 0.5921569 0.45882353 0.37254903 0.30588236 0.24313726 0.21568628 0.25490198 0.3372549 0.3647059 0.43529412 0.4745098 0.35686275 0.34509805 0.42352942 0.6117647 0.7647059 0.8 0.7921569 0.79607844 0.79607844 0.8039216 0.83137256 0.7882353 0.7921569 0.78431374 0.8039216 0.81960785 0.7882353
0.78431374 0.7490196 0.74509805 0.7372549 0.76862746 0.7764706 0.7607843 0.7019608 0.46666667 0.654902 0.8 0.7372549 0.6784314 0.6862745 0.6745098 0.6901961 0.70980394 0.67058825 0.6392157 0.6666667 0.6627451 0.6039216 0.5882353 0.60784316 0.6039216 0.59607846 0.60784316 0.6 0.5529412 0.5294118 0.50980395 0.5058824
0.76862746 0.7372549 0.7372549 0.7529412 0.7607843 0.69411767 0.63529414 0.5176471 0.3137255 0.5411765 0.74509805 0.7137255 0.6901961 0.7294118 0.72156864 0.75686276 0.7764706 0.7137255 0.69411767 0.72156864 0.6745098 0.61960787 0.6039216 0.6313726 0.6627451 0.62352943 0.6627451 0.6784314 0.6666667 0.6666667 0.6392157 0.6117647
0.7607843 0.70980394 0.65882355 0.7411765 0.7490196 0.54509807 0.45882353 0.42352942 0.32156864 0.3882353 0.6901961 0.7058824 0.7019608 0.69411767 0.69411767 0.6901961 0.6901961 0.6627451 0.64705884 0.64705884 0.6392157 0.6431373 0.62352943 0.61960787 0.62352943 0.61960787 0.6392157 0.63529414 0.654902 0.6784314 0.6509804 0.6745098
0.7647059 0.7490196 0.58431375 0.6862745 0.76862746 0.6117647 0.50980395 0.4392157 0.38431373 0.3254902 0.627451 0.7372549 0.72156864 0.7372549 0.7372549 0.7254902 0.72156864 0.7176471 0.69411767 0.6745098 0.6784314 0.65882355 0.64705884 0.65882355 0.6431373 0.6627451 0.64705884 0.63529414 0.6156863 0.627451 0.6392157 0.6431373
0.77254903 0.78431374 0.57254905 0.52156866 0.7529412 0.70980394 0.6 0.49803922 0.49019608 0.39215687 0.5686275 0.79607844 0.75686276 0.7764706 0.76862746 0.7607843 0.7647059 0.7529412 0.7607843 0.73333335 0.7058824 0.70980394 0.7019608 0.6745098 0.6627451 0.6901961 0.7019608 0.68235296 0.6666667 0.67058825 0.67058825 0.64705884
0.79607844 0.7921569 0.67058825 0.47843137 0.5882353 0.6039216 0.5372549 0.6117647 0.6117647 0.49803922 0.59607846 0.84705883 0.8352941 0.8117647 0.78039217 0.77254903 0.69803923 0.74509805 0.74509805 0.73333335 0.7490196 0.7647059 0.7529412 0.7254902 0.70980394 0.69803923 0.7058824 0.69803923 0.70980394 0.6862745 0.65882355 0.6666667
0.77254903 0.7647059 0.7294118 0.49411765 0.43137255 0.44705883 0.40392157 0.60784316 0.6745098 0.5882353 0.6039216 0.7764706 0.8352941 0.81960785 0.8156863 0.7764706 0.73333335 0.7607843 0.7647059 0.7764706 0.79607844 0.7764706 0.74509805 0.73333335 0.7254902 0.70980394 0.7019608 0.7137255 0.7137255 0.6901961 0.6627451 0.654902
0.7647059 0.7647059 0.77254903 0.52156866 0.29411766 0.29411766 0.24705882 0.45490196 0.6862745 0.60784316 0.5019608 0.6431373 0.8156863 0.81960785 0.8 0.76862746 0.76862746 0.77254903 0.76862746 0.76862746 0.7882353 0.78431374 0.7372549 0.7490196 0.7176471 0.7176471 0.7294118 0.7254902 0.70980394 0.7058824 0.6862745 0.63529414
0.78431374 0.7764706 0.8 0.6509804 0.28235295 0.21176471 0.20784314 0.2901961 0.6117647 0.64705884 0.49803922 0.5254902 0.7647059 0.7921569 0.78431374 0.7647059 0.76862746 0.7529412 0.75686276 0.75686276 0.7529412 0.7529412 0.73333335 0.7529412 0.7254902 0.70980394 0.7137255 0.70980394 0.69411767 0.69803923 0.7058824 0.6627451
0.8 0.79607844 0.7921569 0.627451 0.29411766 0.24313726 0.25882354 0.26666668 0.4862745 0.6627451 0.6117647 0.49803922 0.67058825 0.76862746 0.75686276 0.75686276 0.7607843 0.7176471 0.74509805 0.77254903 0.7607843 0.7411765 0.7372549 0.74509805 0.7372549 0.70980394 0.72156864 0.7294118 0.7058824 0.68235296 0.6745098 0.6784314
0.8156863 0.80784315 0.7882353 0.5686275 0.2627451 0.23529412 0.30588236 0.28627452 0.3764706 0.5686275 0.654902 0.50980395 0.62352943 0.79607844 0.76862746 0.77254903 0.7411765 0.6901961 0.7254902 0.7490196 0.77254903 0.75686276 0.7529412 0.7490196 0.7411765 0.7294118 0.72156864 0.72156864 0.7137255 0.69803923 0.69411767 0.70980394
0.8392157 0.81960785 0.7372549 0.7176471 0.53333336 0.21568628 0.2901961 0.2627451 0.30980393 0.5686275 0.6039216 0.5529412 0.6392157 0.78039217 0.77254903 0.79607844 0.7058824 0.7058824 0.76862746 0.77254903 0.7647059 0.7607843 0.7607843 0.75686276 0.7529412 0.75686276 0.74509805 0.7294118 0.75686276 0.74509805 0.7372549 0.72156864
0.83137256 0.8352941 0.7882353 0.5921569 0.46666667 0.23137255 0.24313726 0.2627451 0.26666668 0.6117647 0.7058824 0.62352943 0.6509804 0.73333335 0.7058824 0.7529412 0.6666667 0.7490196 0.7764706 0.7529412 0.7647059 0.7490196 0.7372549 0.7607843 0.76862746 0.7607843 0.7607843 0.7411765 0.75686276 0.74509805 0.73333335 0.7254902
0.8235294 0.80784315 0.81960785 0.74509805 0.4745098 0.23921569 0.18039216 0.23529412 0.23921569 0.45490196 0.69803923 0.58431375 0.54509807 0.56078434 0.60784316 0.73333335 0.69803923 0.8117647 0.80784315 0.7764706 0.75686276 0.73333335 0.7019608 0.73333335 0.79607844 0.78039217 0.7647059 0.7529412 0.74509805 0.74509805 0.73333335 0.7294118
0.827451 0.8235294 0.8235294 0.8117647 0.7529412 0.6392157 0.3529412 0.18431373 0.18431373 0.25882354 0.5411765 0.69803923 0.6745098 0.4117647 0.5803922 0.81960785 0.7882353 0.8117647 0.8156863 0.8039216 0.7607843 0.6745098 0.6156863 0.72156864 0.77254903 0.7764706 0.76862746 0.7647059 0.7529412 0.74509805 0.7529412 0.7529412
0.84313726 0.83137256 0.8117647 0.7921569 0.76862746 0.78431374 0.7647059 0.6 0.37254903 0.20784314 0.33333334 0.63529414 0.5647059 0.4862745 0.73333335 0.72156864 0.7254902 0.8 0.75686276 0.8156863 0.7921569 0.5058824 0.52156866 0.7607843 0.77254903 0.7490196 0.72156864 0.7372549 0.74509805 0.75686276 0.78039217 0.7764706
0.827451 0.80784315 0.81960785 0.8039216 0.79607844 0.7882353 0.80784315 0.79607844 0.8117647 0.6313726 0.34901962 0.26666668 0.16862746 0.38039216 0.654902 0.59607846 0.6 0.7019608 0.7372549 0.76862746 0.57254905 0.47843137 0.72156864 0.75686276 0.77254903 0.74509805 0.72156864 0.7411765 0.7411765 0.7764706 0.8 0.7764706
0.8392157 0.8235294 0.8352941 0.8117647 0.81960785 0.8039216 0.8 0.8235294 0.827451 0.80784315 0.7490196 0.57254905 0.39607844 0.33333334 0.38039216 0.4 0.40392157 0.6039216 0.6627451 0.4627451 0.49411765 0.7372549 0.78039217 0.75686276 0.73333335 0.7490196 0.7411765 0.74509805 0.7254902 0.7529412 0.75686276 0.76862746
0.8117647 0.83137256 0.8235294 0.8117647 0.85882354 0.827451 0.8117647 0.83137256 0.78039217 0.7529412 0.80784315 0.80784315 0.7882353 0.7411765 0.70980394 0.627451 0.4 0.5647059 0.5254902 0.27450982 0.4509804 0.70980394 0.75686276 0.7529412 0.72156864 0.6745098 0.7058824 0.7254902 0.7490196 0.74509805 0.7372549 0.7607843
0.80784315 0.81960785 0.8039216 0.8 0.8235294 0.83137256 0.8 0.7882353 0.78431374 0.79607844 0.80784315 0.78039217 0.7764706 0.78431374 0.77254903 0.6431373 0.41568628 0.5176471 0.4117647 0.3647059 0.32941177 0.5254902 0.75686276 0.75686276 0.7529412 0.7254902 0.70980394 0.74509805 0.7607843 0.76862746 0.7529412 0.77254903
0.8117647 0.8117647 0.80784315 0.7921569 0.79607844 0.83137256 0.79607844 0.7764706 0.7764706 0.7607843 0.7764706 0.76862746 0.8 0.7764706 0.6509804 0.47843137 0.4627451 0.54901963 0.42352942 0.5058824 0.6039216 0.50980395 0.62352943 0.75686276 0.7411765 0.7647059 0.75686276 0.76862746 0.78039217 0.77254903 0.7764706 0.78431374
0.75686276 0.79607844 0.7921569 0.8 0.827451 0.81960785 0.7882353 0.78431374 0.77254903 0.7254902 0.7647059 0.78431374 0.7921569 0.78431374 0.4862745 0.33333334 0.4745098 0.4627451 0.4392157 0.43529412 0.38431373 0.39607844 0.38431373 0.67058825 0.8039216 0.77254903 0.7647059 0.74509805 0.74509805 0.7529412 0.7764706 0.78039217
0.8 0.7882353 0.7764706 0.7607843 0.78039217 0.7647059 0.8 0.79607844 0.77254903 0.79607844 0.8039216 0.8039216 0.7882353 0.69411767 0.38431373 0.37254903 0.3372549 0.36862746 0.34901962 0.29803923 0.21568628 0.35686275 0.41568628 0.53333336 0.7529412 0.76862746 0.73333335 0.7764706 0.8156863 0.79607844 0.8039216 0.7921569
0.78431374 0.78039217 0.7882353 0.7607843 0.78431374 0.78431374 0.8 0.79607844 0.78431374 0.8039216 0.8156863 0.79607844 0.7921569 0.54901963 0.3137255 0.3764706 0.31764707 0.4117647 0.44313726 0.40392157 0.45490196 0.49019608 0.45490196 0.52156866 0.6039216 0.627451 0.72156864 0.79607844 0.8156863 0.8 0.8 0.8117647
0.7529412 0.78039217 0.7921569 0.7764706 0.7764706 0.7647059 0.78431374 0.8 0.79607844 0.7882353 0.8 0.7921569 0.74509805 0.41568628 0.27450982 0.3372549 0.29803923 0.34117648 0.45490196 0.47843137 0.45882353 0.49803922 0.43529412 0.42745098 0.45490196 0.45882353 0.49019608 0.7176471 0.78431374 0.7882353 0.78039217 0.7882353
0.7529412 0.7764706 0.78039217 0.77254903 0.7921569 0.7647059 0.77254903 0.8039216 0.7921569 0.78039217 0.76862746 0.80784315 0.6509804 0.28627452 0.26666668 0.34117648 0.30980393 0.30588236 0.3529412 0.47843137 0.4862745 0.4509804 0.39607844 0.37254903 0.39607844 0.43137255 0.5058824 0.7411765 0.7607843 0.7607843 0.7372549 0.75686276
0.75686276 0.7411765 0.7294118 0.77254903 0.8235294 0.80784315 0.7764706 0.77254903 0.7490196 0.75686276 0.73333335 0.78039217 0.53333336 0.22352941 0.25490198 0.32941177 0.32156864 0.34901962 0.34901962 0.39607844 0.4627451 0.4627451 0.40392157 0.42745098 0.48235294 0.5019608 0.7254902 0.76862746 0.72156864 0.72156864 0.70980394 0.7529412
0.7764706 0.77254903 0.77254903 0.78039217 0.7921569 0.7607843 0.74509805 0.76862746 0.76862746 0.79607844 0.8117647 0.77254903 0.43137255 0.21176471 0.22352941 0.29803923 0.34117648 0.4 0.4392157 0.47843137 0.5647059 0.5764706 0.5882353 0.627451 0.65882355 0.69803923 0.76862746 0.76862746 0.7764706 0.7764706 0.80784315 0.7882353
0.78431374 0.79607844 0.8117647 0.8 0.78039217 0.77254903 0.76862746 0.7882353 0.8117647 0.81960785 0.81960785 0.6901961 0.36862746 0.25490198 0.24705882 0.26666668 0.30980393 0.44705883 0.48235294 0.5882353 0.7607843 0.7176471 0.75686276 0.7607843 0.7764706 0.74509805 0.6745098 0.7019608 0.77254903 0.7529412 0.75686276 0.7529412
0.76862746 0.77254903 0.78431374 0.78431374 0.78431374 0.8039216 0.75686276 0.72156864 0.6901961 0.7019608 0.72156864 0.5686275 0.3529412 0.28235295 0.28627452 0.25490198 0.25882354 0.42745098 0.5411765 0.6627451 0.79607844 0.7372549 0.75686276 0.73333335 0.77254903 0.7607843 0.73333335 0.7529412 0.74509805 0.77254903 0.76862746 0.7254902
0.80784315 0.79607844 0.7882353 0.78431374 0.7764706 0.69803923 0.5058824 0.42745098 0.3372549 0.35686275 0.42352942 0.40784314 0.30588236 0.30980393 0.32156864 0.27058825 0.2627451 0.3882353 0.5882353 0.75686276 0.79607844 0.74509805 0.7490196 0.7607843 0.7764706 0.7647059 0.78039217 0.8039216 0.7529412 0.79607844 0.8156863 0.7921569
0.8352941 0.80784315 0.7607843 0.65882355 0.50980395 0.37254903 0.26666668 0.21568628 0.16470589 0.13725491 0.16078432 0.23529412 0.26666668 0.3254902 0.35686275 0.2784314 0.28235295 0.3764706 0.58431375 0.74509805 0.76862746 0.75686276 0.7529412 0.7529412 0.7647059 0.7921569 0.7411765 0.75686276 0.7490196 0.76862746 0.78431374 0.7529412
0.7529412 0.7254902 0.72156864 0.7137255 0.7490196 0.7607843 0.7372549 0.6745098 0.41568628 0.6156863 0.78039217 0.72156864 0.6627451 0.6627451 0.64705884 0.67058825 0.69411767 0.65882355 0.627451 0.654902 0.6509804 0.5882353 0.57254905 0.6 0.59607846 0.5921569 0.5921569 0.5803922 0.5411765 0.5137255 0.49803922 0.49411765
0.72156864 0.69803923 0.69803923 0.7137255 0.72156864 0.65882355 0.5882353 0.4627451 0.23921569 0.49411765 0.7176471 0.68235296 0.65882355 0.69803923 0.6901961 0.7254902 0.7529412 0.6901961 0.6784314 0.7058824 0.65882355 0.6 0.5803922 0.60784316 0.6431373 0.6 0.6392157 0.65882355 0.65882355 0.654902 0.62352943 0.59607846
0.68235296 0.64705884 0.6039216 0.6862745 0.69803923 0.49411765 0.39215687 0.34509805 0.23921569 0.3254902 0.6431373 0.6627451 0.6509804 0.63529414 0.627451 0.6313726 0.63529414 0.6156863 0.6 0.6039216 0.59607846 0.6039216 0.5882353 0.58431375 0.58431375 0.5764706 0.6 0.6 0.6313726 0.6627451 0.62352943 0.6509804
0.67058825 0.6745098 0.5019608 0.6313726 0.72156864 0.5568628 0.44313726 0.36078432 0.3019608 0.25490198 0.57254905 0.6862745 0.6627451 0.6745098 0.67058825 0.6509804 0.6509804 0.6509804 0.6313726 0.61960787 0.6156863 0.5882353 0.5882353 0.59607846 0.58431375 0.6039216 0.5921569 0.58431375 0.57254905 0.5882353 0.6 0.60784316
0.58431375 0.6392157 0.47058824 0.45882353 0.6901961 0.64705884 0.54509807 0.42745098 0.4117647 0.32156864 0.50980395 0.7529412 0.70980394 0.73333335 0.72156864 0.70980394 0.70980394 0.69803923 0.7019608 0.6666667 0.6313726 0.61960787 0.62352943 0.5882353 0.5686275 0.6117647 0.6313726 0.61960787 0.6039216 0.6117647 0.6156863 0.59607846
0.6666667 0.69803923 0.5803922 0.39215687 0.5019608 0.52156866 0.4745098 0.5411765 0.5372549 0.43137255 0.54509807 0.81960785 0.79607844 0.7607843 0.7294118 0.7176471 0.63529414 0.6745098 0.67058825 0.6509804 0.67058825 0.6862745 0.6784314 0.63529414 0.6 0.5882353 0.6117647 0.6117647 0.6156863 0.6039216 0.5882353 0.6
0.59607846 0.6431373 0.627451 0.39607844 0.34117648 0.3647059 0.34117648 0.54509807 0.60784316 0.5294118 0.56078434 0.7411765 0.79607844 0.76862746 0.7607843 0.7176471 0.6745098 0.69803923 0.69803923 0.7019608 0.73333335 0.70980394 0.6745098 0.6666667 0.63529414 0.60784316 0.6117647 0.627451 0.62352943 0.6039216 0.5921569 0.5882353
0.5372549 0.5921569 0.6156863 0.39215687 0.20784314 0.22352941 0.1882353 0.4 0.62352943 0.5529412 0.45490196 0.6039216 0.75686276 0.7490196 0.74509805 0.6901961 0.68235296 0.69411767 0.70980394 0.70980394 0.7372549 0.7294118 0.68235296 0.7019608 0.6627451 0.6627451 0.6666667 0.65882355 0.6431373 0.63529414 0.6156863 0.5686275
0.5294118 0.5529412 0.6039216 0.47843137 0.18431373 0.14901961 0.14509805 0.23529412 0.56078434 0.5882353 0.44313726 0.48235294 0.6745098 0.6745098 0.69411767 0.6666667 0.6745098 0.6627451 0.6862745 0.69411767 0.6862745 0.69411767 0.6745098 0.69411767 0.65882355 0.654902 0.6509804 0.64705884 0.63529414 0.6392157 0.6431373 0.6
0.5529412 0.5568628 0.6039216 0.48235294 0.20392157 0.16470589 0.19215687 0.21176471 0.4392157 0.6 0.56078434 0.46666667 0.56078434 0.6 0.61960787 0.62352943 0.6509804 0.61960787 0.627451 0.69411767 0.68235296 0.6666667 0.654902 0.68235296 0.6745098 0.6509804 0.6627451 0.6627451 0.6392157 0.61960787 0.6156863 0.6156863
0.47843137 0.5137255 0.56078434 0.4 0.18431373 0.16470589 0.22745098 0.22352941 0.3254902 0.5254902 0.6156863 0.47058824 0.4862745 0.57254905 0.6039216 0.6 0.5921569 0.5686275 0.5686275 0.627451 0.6392157 0.627451 0.6509804 0.654902 0.6627451 0.6627451 0.6745098 0.6745098 0.65882355 0.62352943 0.62352943 0.64705884
0.5058824 0.5372549 0.5254902 0.49803922 0.35686275 0.14901961 0.20784314 0.1882353 0.23921569 0.44313726 0.52156866 0.52156866 0.5529412 0.59607846 0.63529414 0.67058825 0.5921569 0.56078434 0.6117647 0.60784316 0.5882353 0.6 0.6509804 0.654902 0.65882355 0.6745098 0.6862745 0.6745098 0.6901961 0.67058825 0.67058825 0.6666667
0.52156866 0.5294118 0.5019608 0.44705883 0.34509805 0.14901961 0.16470589 0.18431373 0.20392157 0.4627451 0.5529412 0.5803922 0.6039216 0.6392157 0.6039216 0.67058825 0.58431375 0.6039216 0.63529414 0.5882353 0.627451 0.62352943 0.61960787 0.654902 0.6509804 0.65882355 0.67058825 0.6745098 0.6862745 0.67058825 0.6666667 0.6745098
0.5411765 0.54901963 0.5686275 0.5411765 0.33333334 0.15294118 0.105882354 0.16078432 0.1882353 0.36862746 0.60784316 0.53333336 0.47058824 0.5137255 0.54509807 0.67058825 0.5647059 0.6117647 0.59607846 0.6 0.6156863 0.5882353 0.5686275 0.5921569 0.6313726 0.63529414 0.65882355 0.6862745 0.6784314 0.6784314 0.6745098 0.6745098
0.5686275 0.54901963 0.5176471 0.54509807 0.50980395 0.44705883 0.23529412 0.11372549 0.13725491 0.21568628 0.45490196 0.5176471 0.48235294 0.3372549 0.5294118 0.7764706 0.627451 0.56078434 0.5568628 0.5803922 0.54509807 0.54509807 0.5254902 0.5803922 0.61960787 0.627451 0.654902 0.6784314 0.6784314 0.67058825 0.69411767 0.69803923
0.5764706 0.5411765 0.5137255 0.5411765 0.5372549 0.5568628 0.53333336 0.41568628 0.28627452 0.17254902 0.2784314 0.5176471 0.45882353 0.38431373 0.5882353 0.6627451 0.67058825 0.7176471 0.6509804 0.69411767 0.6392157 0.42745098 0.4392157 0.61960787 0.654902 0.63529414 0.6039216 0.62352943 0.65882355 0.68235296 0.7019608 0.69411767
0.54901963 0.5686275 0.5568628 0.5411765 0.5764706 0.59607846 0.61960787 0.60784316 0.63529414 0.49019608 0.2627451 0.23137255 0.12941177 0.3137255 0.5647059 0.5254902 0.54901963 0.68235296 0.70980394 0.74509805 0.54509807 0.42352942 0.6392157 0.6392157 0.63529414 0.6313726 0.6 0.627451 0.6627451 0.6862745 0.7019608 0.6901961
0.5647059 0.5803922 0.58431375 0.5686275 0.6 0.6117647 0.6117647 0.60784316 0.61960787 0.6039216 0.5176471 0.4 0.2784314 0.25490198 0.3254902 0.36862746 0.3647059 0.5686275 0.63529414 0.43137255 0.4392157 0.6431373 0.6862745 0.654902 0.60784316 0.627451 0.627451 0.6392157 0.6431373 0.6666667 0.6784314 0.7058824
0.5921569 0.6431373 0.6431373 0.6117647 0.60784316 0.5921569 0.5882353 0.6 0.5882353 0.5686275 0.5882353 0.5568628 0.5686275 0.57254905 0.5882353 0.5294118 0.32156864 0.5411765 0.52156866 0.21568628 0.39607844 0.60784316 0.6431373 0.6392157 0.61960787 0.5921569 0.61960787 0.63529414 0.654902 0.6392157 0.654902 0.6901961
0.54509807 0.5803922 0.5882353 0.53333336 0.54901963 0.5803922 0.58431375 0.5921569 0.5686275 0.5921569 0.6039216 0.5647059 0.6039216 0.6392157 0.627451 0.5254902 0.34117648 0.5019608 0.39215687 0.2784314 0.27058825 0.44313726 0.6313726 0.63529414 0.6666667 0.64705884 0.6156863 0.6431373 0.65882355 0.6627451 0.65882355 0.6901961
0.5686275 0.5921569 0.59607846 0.5568628 0.5803922 0.6117647 0.6117647 0.6117647 0.59607846 0.5803922 0.6039216 0.6117647 0.6392157 0.64705884 0.5254902 0.42352942 0.43137255 0.5254902 0.36862746 0.42745098 0.5372549 0.42745098 0.53333336 0.6745098 0.6666667 0.6784314 0.6666667 0.654902 0.65882355 0.69411767 0.6901961 0.7019608
0.58431375 0.6039216 0.56078434 0.6 0.6509804 0.6666667 0.63529414 0.654902 0.61960787 0.5803922 0.62352943 0.6392157 0.6313726 0.654902 0.40392157 0.29411766 0.45882353 0.43529412 0.3647059 0.4 0.38039216 0.35686275 0.32941177 0.59607846 0.70980394 0.6784314 0.68235296 0.6431373 0.6392157 0.6784314 0.69411767 0.7019608
0.6313726 0.60784316 0.6039216 0.6039216 0.64705884 0.6117647 0.63529414 0.6745098 0.627451 0.6431373 0.67058825 0.6509804 0.65882355 0.58431375 0.30980393 0.31764707 0.3019608 0.33333334 0.29411766 0.26666668 0.21568628 0.33333334 0.3647059 0.4745098 0.68235296 0.69411767 0.6392157 0.69411767 0.7607843 0.7294118 0.74509805 0.7529412
0.59607846 0.6313726 0.627451 0.5803922 0.6117647 0.5803922 0.61960787 0.65882355 0.6431373 0.6431373 0.6745098 0.65882355 0.6901961 0.45882353 0.23921569 0.31764707 0.27450982 0.35686275 0.37254903 0.34901962 0.41568628 0.4509804 0.39607844 0.4862745 0.5647059 0.5803922 0.67058825 0.73333335 0.76862746 0.7490196 0.7490196 0.78039217
0.627451 0.6666667 0.6666667 0.63529414 0.6156863 0.6 0.6509804 0.6784314 0.68235296 0.63529414 0.67058825 0.69411767 0.6509804 0.33333334 0.2 0.26666668 0.2509804 0.28235295 0.3764706 0.4117647 0.39215687 0.43137255 0.35686275 0.3764706 0.4117647 0.42352942 0.4862745 0.6666667 0.7176471 0.7411765 0.7294118 0.74509805
0.654902 0.6862745 0.69803923 0.68235296 0.7019608 0.6784314 0.6745098 0.654902 0.68235296 0.67058825 0.6431373 0.7176471 0.5647059 0.21176471 0.19607843 0.2627451 0.2509804 0.2509804 0.29803923 0.43137255 0.43137255 0.3882353 0.3372549 0.32941177 0.34901962 0.38431373 0.5058824 0.7176471 0.7254902 0.72156864 0.69803923 0.72156864
0.6862745 0.65882355 0.64705884 0.69411767 0.7647059 0.7137255 0.654902 0.6627451 0.6627451 0.6862745 0.654902 0.70980394 0.45882353 0.15686275 0.1882353 0.2509804 0.2627451 0.2901961 0.30588236 0.3647059 0.42745098 0.42745098 0.36862746 0.38039216 0.43529412 0.4862745 0.70980394 0.7372549 0.6862745 0.68235296 0.67058825 0.72156864
0.7019608 0.6862745 0.68235296 0.69411767 0.7137255 0.68235296 0.6745098 0.7137255 0.69411767 0.7372549 0.77254903 0.7176471 0.35686275 0.14901961 0.15686275 0.21960784 0.2784314 0.34117648 0.39607844 0.44705883 0.5254902 0.5372549 0.54509807 0.58431375 0.62352943 0.6745098 0.7294118 0.7294118 0.74509805 0.7411765 0.76862746 0.7607843
0.7176471 0.7411765 0.7529412 0.7411765 0.69411767 0.7137255 0.7058824 0.7254902 0.7372549 0.7647059 0.7607843 0.6156863 0.28627452 0.19215687 0.18431373 0.2 0.25490198 0.39607844 0.44705883 0.57254905 0.7294118 0.6666667 0.7019608 0.72156864 0.74509805 0.7019608 0.627451 0.6666667 0.74509805 0.7176471 0.72156864 0.7254902
0.69803923 0.7176471 0.72156864 0.7294118 0.7176471 0.73333335 0.69411767 0.6666667 0.627451 0.6431373 0.654902 0.49803922 0.28235295 0.21568628 0.21568628 0.20392157 0.21960784 0.39215687 0.50980395 0.6666667 0.7882353 0.69411767 0.70980394 0.6901961 0.7411765 0.7254902 0.69411767 0.7176471 0.7137255 0.73333335 0.7294118 0.69803923
0.75686276 0.7607843 0.74509805 0.73333335 0.7254902 0.63529414 0.4509804 0.3764706 0.27450982 0.29411766 0.35686275 0.34509805 0.24313726 0.23529412 0.23529412 0.21960784 0.22352941 0.36078432 0.5686275 0.77254903 0.78039217 0.7058824 0.70980394 0.70980394 0.73333335 0.73333335 0.7490196 0.77254903 0.7294118 0.77254903 0.7921569 0.77254903
0.79607844 0.7764706 0.7254902 0.6156863 0.47058824 0.32941177 0.21568628 0.16078432 0.11764706 0.09019608 0.105882354 0.18431373 0.20392157 0.24313726 0.2627451 0.22352941 0.24313726 0.34509805 0.5686275 0.74509805 0.72156864 0.70980394 0.70980394 0.69411767 0.72156864 0.76862746 0.7176471 0.72156864 0.7254902 0.7411765 0.75686276 0.7176471
25 0 1
18 6 0
28 22 2
22 5 2
5 12 2
7 11 0
7 2 0
5 18 2
30 7 0
4 8 0
13 26 0
2 24 1
8 11 0
6 7 1
21 14 1
0 27 1
6 30 2
1 4 2
19 11 1
18 12 0
11 14 2
22 9 2
22 17 2
19 31 2
7 10 0
19 17 1
28 30 0
3 23 0
1 17 2
7 5 0
11 28 1
20 14 2
20 27 2
2 2 0
0 7 2
19 23 2
16 28 0
4 22 0
12 6 0
18 20 1
13 22 0
24 10 1
20 6 2
17 13 2
0 17 1
13 0 1
10 21 0
24 12 0
23 21 2
15 5 2
