32, 32, 3, 50
0.9411765 0.8352941 0.7882353 0.77254903 0.77254903 0.76862746 0.7647059 0.7529412 0.7411765 0.75686276 0.76862746 0.7764706 0.7764706 0.7764706 0.78039217 0.7764706 0.78039217 0.7882353 0.7882353 0.7764706 0.78039217 0.7882353 0.7764706 0.7764706 0.78431374 0.78431374 0.7764706 0.78039217 0.7647059 0.76862746 0.87058824 0.9647059
0.8784314 0.8392157 0.8352941 0.80784315 0.8 0.7921569 0.7921569 0.78039217 0.7647059 0.7882353 0.7921569 0.8039216 0.8039216 0.7882353 0.79607844 0.79607844 0.79607844 0.80784315 0.8156863 0.8156863 0.8235294 0.8352941 0.827451 0.827451 0.8352941 0.8352941 0.8235294 0.80784315 0.8 0.78039217 0.7490196 0.84705883
0.83137256 0.84705883 0.8235294 0.8156863 0.7921569 0.78431374 0.7882353 0.7882353 0.78431374 0.79607844 0.8039216 0.80784315 0.7882353 0.7764706 0.7882353 0.79607844 0.80784315 0.80784315 0.80784315 0.8117647 0.8156863 0.81960785 0.8235294 0.83137256 0.84313726 0.84313726 0.83137256 0.80784315 0.8 0.7882353 0.75686276 0.76862746
0.83137256 0.8509804 0.81960785 0.8156863 0.7921569 0.7764706 0.78431374 0.7882353 0.7921569 0.79607844 0.8 0.8039216 0.7882353 0.78431374 0.8 0.80784315 0.8156863 0.8117647 0.80784315 0.8156863 0.8156863 0.8117647 0.8156863 0.8352941 0.84705883 0.8392157 0.8352941 0.827451 0.8156863 0.79607844 0.76862746 0.7490196
0.84313726 0.85882354 0.83137256 0.8117647 0.7921569 0.7764706 0.7764706 0.78039217 0.78039217 0.78039217 0.7921569 0.79607844 0.7921569 0.79607844 0.79607844 0.8 0.8156863 0.81960785 0.81960785 0.80784315 0.8 0.8039216 0.8156863 0.827451 0.8352941 0.8352941 0.8352941 0.83137256 0.8156863 0.7921569 0.7607843 0.74509805
0.84705883 0.8627451 0.827451 0.8 0.7882353 0.7764706 0.76862746 0.7647059 0.7647059 0.7647059 0.7764706 0.78039217 0.78431374 0.79607844 0.7921569 0.7921569 0.78039217 0.7607843 0.78431374 0.7529412 0.7607843 0.79607844 0.8117647 0.81960785 0.827451 0.8352941 0.83137256 0.83137256 0.81960785 0.79607844 0.7647059 0.7490196
0.84313726 0.85882354 0.8235294 0.7882353 0.78039217 0.7764706 0.7647059 0.7529412 0.75686276 0.75686276 0.7647059 0.77254903 0.7607843 0.77254903 0.72156864 0.69803923 0.68235296 0.5921569 0.67058825 0.7294118 0.78039217 0.79607844 0.80784315 0.8235294 0.827451 0.827451 0.8156863 0.8235294 0.81960785 0.79607844 0.7647059 0.7490196
0.84313726 0.85882354 0.81960785 0.7882353 0.7882353 0.78039217 0.77254903 0.7607843 0.7647059 0.7607843 0.7647059 0.7019608 0.59607846 0.6509804 0.57254905 0.5647059 0.654902 0.7254902 0.77254903 0.8 0.8 0.7921569 0.80784315 0.8392157 0.83137256 0.81960785 0.8 0.8156863 0.8235294 0.8039216 0.7764706 0.7529412
0.8352941 0.8509804 0.81960785 0.78431374 0.78431374 0.78431374 0.7764706 0.7764706 0.7137255 0.63529414 0.64705884 0.56078434 0.34509805 0.5254902 0.6392157 0.7058824 0.7058824 0.7490196 0.7529412 0.76862746 0.8039216 0.8039216 0.81960785 0.827451 0.81960785 0.8117647 0.8039216 0.8156863 0.81960785 0.80784315 0.78431374 0.75686276
0.8235294 0.84313726 0.80784315 0.7764706 0.78039217 0.78431374 0.78039217 0.78039217 0.60784316 0.29803923 0.36862746 0.5764706 0.5411765 0.7254902 0.7372549 0.7176471 0.7607843 0.7921569 0.80784315 0.8 0.8156863 0.81960785 0.8117647 0.8039216 0.79607844 0.8039216 0.8117647 0.8235294 0.8117647 0.79607844 0.78431374 0.7529412
0.81960785 0.827451 0.79607844 0.77254903 0.77254903 0.78039217 0.7882353 0.77254903 0.6745098 0.3137255 0.19215687 0.44313726 0.5921569 0.827451 0.81960785 0.7764706 0.8 0.8156863 0.81960785 0.8117647 0.80784315 0.80784315 0.8 0.8 0.7921569 0.80784315 0.81960785 0.827451 0.8156863 0.79607844 0.78431374 0.75686276
0.8117647 0.81960785 0.7921569 0.7764706 0.76862746 0.7647059 0.78039217 0.77254903 0.75686276 0.50980395 0.10980392 0.08235294 0.27450982 0.7372549 0.827451 0.77254903 0.7764706 0.78039217 0.7882353 0.7764706 0.76862746 0.75686276 0.76862746 0.8039216 0.8156863 0.8156863 0.827451 0.83137256 0.827451 0.8 0.7921569 0.76862746
0.80784315 0.8156863 0.7882353 0.7764706 0.7647059 0.75686276 0.77254903 0.77254903 0.77254903 0.6901961 0.32156864 0.039215688 0.09411765 0.5254902 0.75686276 0.63529414 0.5372549 0.57254905 0.62352943 0.5764706 0.5176471 0.48235294 0.52156866 0.65882355 0.8039216 0.84705883 0.827451 0.81960785 0.83137256 0.81960785 0.80784315 0.78431374
0.8 0.80784315 0.7882353 0.77254903 0.7647059 0.76862746 0.7764706 0.78039217 0.7764706 0.79607844 0.56078434 0.08235294 0.023529412 0.26666668 0.46666667 0.2901961 0.14509805 0.19215687 0.24705882 0.18039216 0.11372549 0.09411765 0.17254902 0.37254903 0.60784316 0.7921569 0.83137256 0.8156863 0.827451 0.827451 0.81960785 0.7921569
0.8 0.8117647 0.7882353 0.7647059 0.7607843 0.77254903 0.78039217 0.78431374 0.78431374 0.8 0.6745098 0.19215687 0.05490196 0.08235294 0.10980392 0.0627451 0.03137255 0.023529412 0.011764706 0.007843138 0.007843138 0.011764706 0.09019608 0.26666668 0.43529412 0.67058825 0.83137256 0.8235294 0.827451 0.827451 0.81960785 0.8
0.8 0.8117647 0.7882353 0.75686276 0.75686276 0.77254903 0.78431374 0.78039217 0.78039217 0.78431374 0.7411765 0.49803922 0.4392157 0.3137255 0.101960786 0.03137255 0.03529412 0.03529412 0.023529412 0.015686275 0.023529412 0.023529412 0.08235294 0.3647059 0.5568628 0.6901961 0.8235294 0.83137256 0.8392157 0.8392157 0.83137256 0.80784315
0.78431374 0.79607844 0.78431374 0.7607843 0.7529412 0.76862746 0.78039217 0.77254903 0.7647059 0.7647059 0.76862746 0.7411765 0.7764706 0.70980394 0.3764706 0.101960786 0.12156863 0.29411766 0.2509804 0.22745098 0.32156864 0.15294118 0.16470589 0.6117647 0.7254902 0.75686276 0.8039216 0.83137256 0.84705883 0.84313726 0.8352941 0.80784315
0.76862746 0.7764706 0.78039217 0.7647059 0.75686276 0.7647059 0.76862746 0.7607843 0.75686276 0.7607843 0.77254903 0.77254903 0.78039217 0.72156864 0.5568628 0.3764706 0.27058825 0.6156863 0.5568628 0.62352943 0.76862746 0.39607844 0.3254902 0.7490196 0.7882353 0.8 0.78039217 0.84705883 0.8509804 0.8352941 0.827451 0.8117647
0.7647059 0.76862746 0.78039217 0.77254903 0.7647059 0.7607843 0.7490196 0.7490196 0.7607843 0.7607843 0.77254903 0.78039217 0.7921569 0.6666667 0.49411765 0.54901963 0.3647059 0.7372549 0.6627451 0.70980394 0.9019608 0.54901963 0.4745098 0.7647059 0.84313726 0.8352941 0.80784315 0.8627451 0.84705883 0.83137256 0.8392157 0.827451
0.7647059 0.76862746 0.77254903 0.76862746 0.7647059 0.7411765 0.7019608 0.72156864 0.7607843 0.7647059 0.78039217 0.78431374 0.7882353 0.7529412 0.5803922 0.49411765 0.3647059 0.6901961 0.54509807 0.52156866 0.76862746 0.49411765 0.57254905 0.7647059 0.87058824 0.84705883 0.8509804 0.8627451 0.8392157 0.84313726 0.85490197 0.8352941
0.75686276 0.7607843 0.75686276 0.7411765 0.7372549 0.69803923 0.6666667 0.7058824 0.7529412 0.7529412 0.75686276 0.76862746 0.78431374 0.78039217 0.7019608 0.4392157 0.2901961 0.6509804 0.627451 0.54901963 0.62352943 0.56078434 0.74509805 0.81960785 0.8 0.78431374 0.85882354 0.85490197 0.8352941 0.85490197 0.87058824 0.84313726
0.7137255 0.7137255 0.7019608 0.69411767 0.6901961 0.6784314 0.6862745 0.7058824 0.70980394 0.69803923 0.7019608 0.7294118 0.75686276 0.7372549 0.69803923 0.5058824 0.36078432 0.63529414 0.7647059 0.74509805 0.7764706 0.77254903 0.84313726 0.8392157 0.67058825 0.65882355 0.84313726 0.84313726 0.8352941 0.8509804 0.8627451 0.8352941
0.6784314 0.6666667 0.6784314 0.6745098 0.6862745 0.69411767 0.69803923 0.6666667 0.654902 0.64705884 0.6627451 0.69803923 0.7137255 0.70980394 0.7019608 0.68235296 0.47058824 0.6156863 0.7607843 0.8 0.85882354 0.8 0.7882353 0.8117647 0.5921569 0.6039216 0.7882353 0.80784315 0.827451 0.8352941 0.84313726 0.80784315
0.79607844 0.8 0.8352941 0.80784315 0.8117647 0.8039216 0.8039216 0.79607844 0.78431374 0.7490196 0.7254902 0.7294118 0.7294118 0.7490196 0.7294118 0.7764706 0.52156866 0.627451 0.7254902 0.74509805 0.78431374 0.7411765 0.7372549 0.7607843 0.6784314 0.68235296 0.7647059 0.77254903 0.78431374 0.78431374 0.8117647 0.78431374
0.9098039 0.8666667 0.87058824 0.8627451 0.8980392 0.9137255 0.93333334 0.9490196 0.9529412 0.9411765 0.9137255 0.9019608 0.9019608 0.9019608 0.84313726 0.8627451 0.68235296 0.6117647 0.8 0.8156863 0.827451 0.84313726 0.8352941 0.8039216 0.78039217 0.8 0.8 0.8 0.8039216 0.7764706 0.8156863 0.80784315
0.9607843 0.9019608 0.8627451 0.8392157 0.84705883 0.8862745 0.89411765 0.9098039 0.9372549 0.94509804 0.96862745 0.972549 0.98039216 0.9764706 0.9490196 0.9607843 0.9137255 0.78039217 0.9098039 0.96862745 0.9607843 0.972549 0.96862745 0.93333334 0.8666667 0.92156863 0.92156863 0.91764706 0.92156863 0.9137255 0.91764706 0.88235295
0.9882353 0.9647059 0.93333334 0.9137255 0.9019608 0.8980392 0.88235295 0.8627451 0.8392157 0.81960785 0.8509804 0.8627451 0.8862745 0.88235295 0.93333334 0.9647059 0.9098039 0.8901961 0.9490196 0.9764706 0.9529412 0.95686275 0.9647059 0.94509804 0.9372549 0.972549 0.9647059 0.9764706 0.96862745 0.95686275 0.95686275 0.91764706
0.99607843 0.9882353 0.9843137 0.98039216 0.9764706 0.95686275 0.9372549 0.91764706 0.90588236 0.8980392 0.89411765 0.8862745 0.87058824 0.827451 0.8352941 0.85882354 0.8235294 0.8039216 0.8745098 0.91764706 0.84705883 0.827451 0.8352941 0.8235294 0.8901961 0.8666667 0.8627451 0.8862745 0.88235295 0.91764706 0.96862745 0.91764706
1.0 0.99215686 0.99215686 0.9882353 0.9882353 0.99215686 0.9764706 0.972549 0.98039216 0.98039216 0.95686275 0.92941177 0.91764706 0.8980392 0.85882354 0.85882354 0.8901961 0.8627451 0.81960785 0.8156863 0.85882354 0.83137256 0.8156863 0.79607844 0.89411765 0.8666667 0.89411765 0.827451 0.7607843 0.9098039 0.91764706 0.84313726
1.0 0.99215686 0.9882353 0.9843137 0.99215686 0.99607843 0.99215686 0.9882353 0.99215686 0.99215686 0.99215686 0.9882353 0.9843137 0.98039216 0.9607843 0.94509804 0.9490196 0.93333334 0.8980392 0.87058824 0.88235295 0.85882354 0.81960785 0.78039217 0.8235294 0.78039217 0.7254902 0.5803922 0.53333336 0.8156863 0.7254902 0.7607843
1.0 1.0 1.0 0.99607843 1.0 1.0 1.0 1.0 1.0 1.0 1.0 1.0 1.0 1.0 1.0 0.99607843 0.99607843 0.9882353 0.9843137 0.96862745 0.9490196 0.9372549 0.91764706 0.8901961 0.8666667 0.84313726 0.73333335 0.59607846 0.59607846 0.69411767 0.7176471 0.85490197
1.0 0.99215686 0.99607843 0.99607843 0.99607843 0.99607843 0.99607843 0.99607843 0.99607843 0.99607843 0.99607843 0.99607843 0.99607843 0.99607843 0.99607843 0.99607843 0.99607843 0.99607843 0.99607843 0.99215686 0.99215686 0.9882353 0.9843137 0.98039216 0.9607843 0.93333334 0.9137255 0.8901961 0.8862745 0.8745098 0.8980392 0.9490196
0.94509804 0.83137256 0.78039217 0.76862746 0.77254903 0.7764706 0.77254903 0.7607843 0.7490196 0.7647059 0.7647059 0.7647059 0.76862746 0.7647059 0.76862746 0.7647059 0.7647059 0.78039217 0.7882353 0.78431374 0.7882353 0.8 0.7921569 0.7921569 0.8 0.79607844 0.79607844 0.80784315 0.7921569 0.7921569 0.88235295 0.96862745
0.8745098 0.827451 0.81960785 0.79607844 0.7921569 0.7921569 0.7882353 0.7647059 0.7411765 0.7607843 0.75686276 0.76862746 0.7764706 0.77254903 0.7882353 0.7882353 0.7882353 0.8039216 0.81960785 0.827451 0.8392157 0.84313726 0.83137256 0.83137256 0.8392157 0.8392157 0.83137256 0.827451 0.8156863 0.7882353 0.7529412 0.8509804
0.827451 0.8392157 0.8117647 0.8039216 0.7921569 0.7882353 0.78039217 0.7607843 0.7372549 0.7411765 0.74509805 0.75686276 0.7529412 0.7607843 0.7882353 0.8 0.8039216 0.80784315 0.8117647 0.827451 0.83137256 0.8235294 0.81960785 0.83137256 0.84313726 0.8392157 0.83137256 0.8156863 0.8039216 0.7921569 0.7607843 0.77254903
0.8392157 0.8509804 0.81960785 0.8156863 0.8 0.78431374 0.7764706 0.7607843 0.74509805 0.7372549 0.7411765 0.7529412 0.75686276 0.77254903 0.80784315 0.8156863 0.8039216 0.8039216 0.80784315 0.8235294 0.8235294 0.8156863 0.81960785 0.8352941 0.84705883 0.8392157 0.8352941 0.83137256 0.8156863 0.8 0.7764706 0.7647059
0.85490197 0.8666667 0.8352941 0.8156863 0.8 0.78039217 0.77254903 0.7647059 0.7490196 0.74509805 0.7529412 0.7607843 0.7647059 0.78431374 0.79607844 0.8 0.79607844 0.8 0.80784315 0.8039216 0.8 0.80784315 0.81960785 0.83137256 0.8392157 0.8392157 0.8352941 0.83137256 0.81960785 0.8 0.7764706 0.76862746
0.8666667 0.8745098 0.8352941 0.8117647 0.7921569 0.77254903 0.7647059 0.7607843 0.7529412 0.7529412 0.7607843 0.7607843 0.7647059 0.7764706 0.7764706 0.77254903 0.7490196 0.7294118 0.7607843 0.73333335 0.7490196 0.7921569 0.8156863 0.8235294 0.83137256 0.8392157 0.8352941 0.8235294 0.8156863 0.8 0.78039217 0.77254903
0.8627451 0.87058824 0.83137256 0.8 0.78431374 0.77254903 0.7607843 0.7490196 0.75686276 0.7529412 0.7490196 0.7529412 0.7411765 0.74509805 0.68235296 0.654902 0.6392157 0.5529412 0.63529414 0.7019608 0.75686276 0.7882353 0.80784315 0.81960785 0.8235294 0.827451 0.81960785 0.8156863 0.8117647 0.8 0.78431374 0.77254903
0.8509804 0.85882354 0.8235294 0.79607844 0.7882353 0.7764706 0.7647059 0.7529412 0.75686276 0.7529412 0.7372549 0.67058825 0.57254905 0.6117647 0.5019608 0.4862745 0.6 0.6745098 0.7294118 0.7607843 0.76862746 0.7882353 0.8117647 0.81960785 0.8117647 0.8156863 0.8117647 0.8156863 0.8156863 0.8117647 0.7921569 0.7764706
0.84313726 0.8509804 0.8235294 0.7921569 0.78431374 0.78039217 0.76862746 0.7607843 0.7019608 0.61960787 0.6156863 0.5176471 0.29803923 0.46666667 0.5647059 0.6313726 0.6509804 0.69803923 0.7058824 0.7254902 0.7647059 0.79607844 0.81960785 0.81960785 0.8117647 0.8117647 0.8117647 0.8117647 0.8156863 0.8117647 0.8 0.78039217
0.83137256 0.84313726 0.8117647 0.78431374 0.78039217 0.78431374 0.7764706 0.7647059 0.5921569 0.28235295 0.34509805 0.5294118 0.4627451 0.6431373 0.6745098 0.67058825 0.70980394 0.74509805 0.7647059 0.7607843 0.78039217 0.8 0.8156863 0.81960785 0.8117647 0.8117647 0.80784315 0.8156863 0.80784315 0.8039216 0.8 0.7764706
0.8235294 0.827451 0.79607844 0.7764706 0.7764706 0.78039217 0.78039217 0.7529412 0.6509804 0.2901961 0.17254902 0.39215687 0.49411765 0.7294118 0.7607843 0.7411765 0.75686276 0.76862746 0.78039217 0.7764706 0.7764706 0.78431374 0.79607844 0.8117647 0.80784315 0.8039216 0.80784315 0.81960785 0.8117647 0.8039216 0.8 0.7764706
0.81960785 0.81960785 0.7921569 0.78039217 0.77254903 0.7647059 0.77254903 0.7490196 0.7254902 0.4745098 0.09019608 0.03529412 0.18431373 0.6392157 0.76862746 0.7372549 0.7372549 0.74509805 0.75686276 0.7529412 0.7490196 0.7372549 0.7490196 0.78431374 0.7882353 0.7921569 0.8039216 0.8235294 0.8235294 0.80784315 0.80784315 0.7921569
0.8117647 0.8117647 0.7921569 0.78039217 0.76862746 0.7647059 0.7647059 0.74509805 0.7254902 0.63529414 0.29411766 0.011764706 0.03529412 0.45490196 0.69803923 0.59607846 0.5058824 0.54509807 0.6 0.56078434 0.5058824 0.47058824 0.48235294 0.57254905 0.70980394 0.78431374 0.8039216 0.8156863 0.827451 0.8235294 0.8235294 0.8039216
0.8039216 0.80784315 0.7882353 0.7764706 0.77254903 0.7764706 0.76862746 0.7490196 0.72156864 0.7294118 0.5254902 0.07058824 0.003921569 0.23529412 0.41568628 0.24313726 0.12156863 0.1764706 0.23529412 0.1764706 0.11372549 0.09411765 0.11372549 0.21960784 0.4392157 0.69411767 0.8117647 0.8117647 0.8235294 0.8352941 0.8352941 0.8117647
0.79607844 0.79607844 0.78039217 0.76862746 0.76862746 0.78039217 0.77254903 0.7529412 0.73333335 0.7411765 0.6392157 0.18431373 0.05490196 0.07058824 0.07058824 0.023529412 0.015686275 0.019607844 0.019607844 0.019607844 0.015686275 0.015686275 0.023529412 0.08235294 0.21176471 0.53333336 0.79607844 0.81960785 0.827451 0.83137256 0.83137256 0.8156863
0.78431374 0.78039217 0.76862746 0.7529412 0.7607843 0.7764706 0.78039217 0.7607843 0.7490196 0.74509805 0.7058824 0.4745098 0.42745098 0.3019608 0.08235294 0.011764706 0.02745098 0.039215688 0.03137255 0.023529412 0.019607844 0.019607844 0.023529412 0.12156863 0.2627451 0.5568628 0.78039217 0.81960785 0.8392157 0.8392157 0.8352941 0.8156863
0.7764706 0.7647059 0.7607843 0.7529412 0.75686276 0.76862746 0.7764706 0.75686276 0.7411765 0.7411765 0.7372549 0.70980394 0.7529412 0.6901961 0.36078432 0.08235294 0.08235294 0.24313726 0.2 0.18039216 0.2784314 0.13725491 0.078431375 0.2627451 0.36862746 0.6862745 0.7882353 0.81960785 0.84705883 0.84313726 0.83137256 0.80784315
0.7647059 0.74509805 0.7529412 0.7529412 0.7529412 0.7607843 0.7607843 0.7490196 0.7411765 0.7411765 0.7372549 0.73333335 0.74509805 0.69411767 0.5294118 0.34117648 0.20784314 0.50980395 0.42745098 0.5137255 0.7019608 0.34901962 0.14901961 0.3647059 0.5019608 0.77254903 0.75686276 0.827451 0.84313726 0.827451 0.81960785 0.80784315
0.7529412 0.7294118 0.7411765 0.74509805 0.7411765 0.7372549 0.7254902 0.7294118 0.73333335 0.73333335 0.7294118 0.73333335 0.74509805 0.62352943 0.45490196 0.50980395 0.30588236 0.627451 0.5137255 0.5882353 0.8392157 0.47843137 0.21960784 0.4 0.65882355 0.8156863 0.75686276 0.8352941 0.8352941 0.8156863 0.827451 0.8156863
0.74509805 0.7176471 0.7176471 0.7176471 0.7176471 0.69803923 0.6627451 0.6862745 0.72156864 0.7254902 0.7254902 0.7254902 0.73333335 0.7019608 0.5294118 0.45490196 0.3254902 0.60784316 0.43137255 0.42745098 0.7294118 0.44313726 0.37254903 0.40784314 0.6509804 0.8392157 0.8156863 0.83137256 0.8235294 0.8235294 0.8392157 0.8235294
0.7254902 0.7019608 0.6862745 0.67058825 0.67058825 0.6392157 0.6117647 0.654902 0.7019608 0.7019608 0.7019608 0.7137255 0.7254902 0.7254902 0.64705884 0.39607844 0.25490198 0.59607846 0.56078434 0.49019608 0.58431375 0.5372549 0.654902 0.49411765 0.5058824 0.7647059 0.84705883 0.8235294 0.8156863 0.83137256 0.84705883 0.827451
0.6784314 0.64705884 0.62352943 0.6156863 0.6117647 0.6117647 0.62352943 0.6509804 0.654902 0.64705884 0.64705884 0.6784314 0.7019608 0.68235296 0.64705884 0.45882353 0.30588236 0.5882353 0.72156864 0.69803923 0.7137255 0.74509805 0.8 0.6313726 0.42745098 0.5764706 0.8 0.8156863 0.8117647 0.8235294 0.8392157 0.81960785
0.6431373 0.60784316 0.6 0.5764706 0.58431375 0.60784316 0.627451 0.6156863 0.6117647 0.6039216 0.6039216 0.627451 0.6431373 0.6392157 0.6392157 0.61960787 0.39607844 0.5568628 0.7176471 0.7411765 0.7764706 0.75686276 0.7607843 0.7254902 0.47058824 0.5176471 0.7372549 0.78039217 0.78431374 0.78431374 0.80784315 0.79607844
0.77254903 0.75686276 0.7647059 0.70980394 0.7019608 0.69411767 0.72156864 0.7372549 0.7372549 0.69803923 0.6784314 0.68235296 0.6745098 0.69411767 0.6901961 0.73333335 0.45490196 0.5686275 0.68235296 0.69411767 0.7137255 0.6862745 0.6862745 0.69411767 0.6039216 0.60784316 0.7058824 0.73333335 0.7176471 0.70980394 0.75686276 0.75686276
0.8980392 0.8392157 0.8235294 0.79607844 0.80784315 0.8039216 0.8509804 0.8901961 0.8901961 0.8745098 0.8745098 0.87058824 0.8627451 0.87058824 0.81960785 0.8352941 0.6313726 0.5647059 0.76862746 0.77254903 0.7764706 0.78431374 0.76862746 0.7294118 0.7019608 0.7294118 0.7411765 0.75686276 0.74509805 0.7176471 0.76862746 0.7647059
0.95686275 0.89411765 0.8392157 0.8039216 0.78431374 0.79607844 0.81960785 0.8509804 0.8666667 0.8627451 0.8901961 0.8901961 0.89411765 0.8980392 0.8784314 0.90588236 0.8509804 0.72156864 0.8666667 0.9254902 0.90588236 0.9254902 0.9254902 0.89411765 0.827451 0.8862745 0.8901961 0.8901961 0.8862745 0.8745098 0.88235295 0.84313726
0.99215686 0.9607843 0.92156863 0.8980392 0.8666667 0.8509804 0.84705883 0.827451 0.7882353 0.74509805 0.7411765 0.73333335 0.7490196 0.7490196 0.83137256 0.8745098 0.8039216 0.7921569 0.87058824 0.8901961 0.85882354 0.88235295 0.9019608 0.9019608 0.9098039 0.93333334 0.9019608 0.9019608 0.8627451 0.84313726 0.85490197 0.8235294
1.0 0.99215686 0.9843137 0.972549 0.9647059 0.94509804 0.93333334 0.9137255 0.8862745 0.85490197 0.8352941 0.8156863 0.79607844 0.75686276 0.7921569 0.8 0.70980394 0.69411767 0.7764706 0.81960785 0.7372549 0.6862745 0.69803923 0.72156864 0.8039216 0.74509805 0.69411767 0.6862745 0.62352943 0.63529414 0.7176471 0.72156864
1.0 0.99607843 0.99607843 0.99607843 0.9882353 0.9882353 0.9882353 0.98039216 0.9764706 0.9607843 0.9490196 0.92941177 0.9019608 0.89411765 0.8784314 0.85882354 0.81960785 0.7882353 0.7607843 0.75686276 0.78431374 0.6862745 0.65882355 0.6862745 0.79607844 0.7058824 0.6784314 0.5764706 0.42352942 0.5294118 0.5921569 0.6392157
1.0 0.99607843 0.99607843 1.0 0.99215686 0.9843137 0.99215686 0.99215686 0.9882353 0.98039216 0.98039216 0.972549 0.9647059 0.9647059 0.9607843 0.94509804 0.9137255 0.90588236 0.8901961 0.85490197 0.84705883 0.7764706 0.7411765 0.75686276 0.7921569 0.67058825 0.5647059 0.41960785 0.27058825 0.48235294 0.46666667 0.6666667
1.0 1.0 1.0 1.0 1.0 1.0 1.0 1.0 1.0 0.99607843 0.99607843 0.99607843 0.99215686 0.99215686 0.99215686 0.99215686 0.9882353 0.9843137 0.9843137 0.9647059 0.9411765 0.91764706 0.90588236 0.89411765 0.87058824 0.8117647 0.6862745 0.54901963 0.49411765 0.5529412 0.6117647 0.8352941
1.0 0.99215686 0.99607843 0.99607843 0.99607843 0.99607843 0.99607843 0.99607843 0.99607843 0.99607843 0.99607843 0.99607843 0.99607843 0.99607843 0.99607843 0.99607843 0.99607843 0.99607843 0.99607843 0.99215686 0.99215686 0.9882353 0.9843137 0.98039216 0.9607843 0.93333334 0.9137255 0.8862745 0.8627451 0.83137256 0.8666667 0.9411765
0.9529412 0.88235295 0.8509804 0.83137256 0.8235294 0.827451 0.827451 0.8156863 0.8039216 0.81960785 0.8235294 0.83137256 0.8352941 0.83137256 0.8352941 0.83137256 0.83137256 0.84313726 0.84705883 0.84313726 0.84705883 0.8509804 0.84313726 0.84313726 0.84705883 0.84705883 0.84705883 0.8627451 0.85490197 0.84705883 0.91764706 0.96862745
0.93333334 0.9372549 0.9529412 0.91764706 0.9019608 0.9098039 0.90588236 0.8862745 0.8666667 0.8862745 0.8901961 0.90588236 0.9098039 0.8980392 0.9137255 0.90588236 0.8901961 0.9019608 0.9137255 0.91764706 0.92941177 0.9490196 0.94509804 0.9490196 0.95686275 0.95686275 0.9490196 0.94509804 0.94509804 0.9098039 0.8509804 0.9019608
0.91764706 0.9764706 0.96862745 0.9529412 0.9254902 0.9254902 0.9254902 0.9098039 0.89411765 0.9019608 0.9098039 0.92156863 0.9098039 0.9098039 0.93333334 0.9372549 0.9254902 0.9254902 0.92941177 0.9411765 0.9490196 0.95686275 0.9607843 0.972549 0.9843137 0.98039216 0.9764706 0.9607843 0.95686275 0.9372549 0.8862745 0.8666667
0.91764706 0.98039216 0.9647059 0.9490196 0.92156863 0.9098039 0.9098039 0.8980392 0.8901961 0.8862745 0.8901961 0.8980392 0.89411765 0.90588236 0.93333334 0.9411765 0.9372549 0.93333334 0.9372549 0.9490196 0.9490196 0.94509804 0.9490196 0.9647059 0.9764706 0.96862745 0.9647059 0.9607843 0.9490196 0.92941177 0.89411765 0.8509804
0.91764706 0.9764706 0.9647059 0.93333334 0.90588236 0.89411765 0.8901961 0.8862745 0.8745098 0.8745098 0.8784314 0.88235295 0.88235295 0.8980392 0.90588236 0.9098039 0.91764706 0.9254902 0.92941177 0.92156863 0.91764706 0.92156863 0.93333334 0.94509804 0.9529412 0.9529412 0.9490196 0.9411765 0.93333334 0.91764706 0.8784314 0.84705883
0.93333334 0.9882353 0.96862745 0.92941177 0.90588236 0.89411765 0.8862745 0.88235295 0.8784314 0.8784314 0.8784314 0.8784314 0.88235295 0.89411765 0.89411765 0.8862745 0.85882354 0.8352941 0.8666667 0.8392157 0.8509804 0.90588236 0.9372549 0.9411765 0.9529412 0.9607843 0.9490196 0.93333334 0.93333334 0.9254902 0.8901961 0.85882354
0.94509804 1.0 0.972549 0.9254902 0.9098039 0.90588236 0.8980392 0.8862745 0.8901961 0.88235295 0.87058824 0.8745098 0.8627451 0.87058824 0.80784315 0.76862746 0.73333335 0.64705884 0.73333335 0.79607844 0.85490197 0.90588236 0.9411765 0.9529412 0.95686275 0.95686275 0.9411765 0.9372549 0.9411765 0.9372549 0.90588236 0.8745098
0.94509804 1.0 0.9490196 0.9098039 0.9098039 0.90588236 0.90588236 0.9019608 0.89411765 0.8745098 0.8392157 0.76862746 0.67058825 0.70980394 0.6 0.5803922 0.68235296 0.7647059 0.827451 0.87058824 0.8862745 0.9137255 0.9411765 0.9607843 0.9490196 0.9372549 0.9254902 0.9372549 0.94509804 0.93333334 0.9019608 0.8745098
0.9411765 0.99607843 0.9411765 0.8980392 0.90588236 0.90588236 0.90588236 0.9019608 0.8235294 0.7176471 0.68235296 0.5647059 0.3372549 0.5137255 0.6313726 0.7176471 0.7411765 0.79607844 0.81960785 0.85490197 0.9019608 0.92941177 0.9529412 0.95686275 0.9411765 0.9372549 0.92941177 0.9372549 0.9411765 0.92941177 0.90588236 0.8745098
0.92941177 0.9843137 0.93333334 0.8901961 0.9019608 0.9137255 0.9098039 0.8901961 0.69411767 0.35686275 0.3764706 0.5254902 0.4392157 0.6431373 0.73333335 0.76862746 0.8156863 0.85882354 0.8901961 0.89411765 0.92156863 0.9372549 0.94509804 0.9411765 0.93333334 0.9372549 0.9372549 0.94509804 0.93333334 0.91764706 0.9019608 0.87058824
0.92156863 0.972549 0.91764706 0.88235295 0.8980392 0.9137255 0.9137255 0.8745098 0.7411765 0.34901962 0.19607843 0.3764706 0.45490196 0.72156864 0.8352941 0.8666667 0.87058824 0.8901961 0.90588236 0.90588236 0.9137255 0.9137255 0.9137255 0.9137255 0.9137255 0.92941177 0.9411765 0.9490196 0.9372549 0.91764706 0.90588236 0.87058824
0.91764706 0.9647059 0.9137255 0.8862745 0.89411765 0.8980392 0.90588236 0.8745098 0.81960785 0.5411765 0.1254902 0.043137256 0.16862746 0.65882355 0.8627451 0.8745098 0.84313726 0.84705883 0.8627451 0.85882354 0.85882354 0.8392157 0.83137256 0.85490197 0.87058824 0.8980392 0.93333334 0.9490196 0.9490196 0.92156863 0.9137255 0.8862745
0.9098039 0.95686275 0.9137255 0.8862745 0.8901961 0.8901961 0.8980392 0.88235295 0.8392157 0.7294118 0.34901962 0.03529412 0.047058824 0.49019608 0.78431374 0.7058824 0.58431375 0.61960787 0.6745098 0.6313726 0.57254905 0.5294118 0.5254902 0.6156863 0.7647059 0.8666667 0.9098039 0.9372549 0.9529412 0.9411765 0.92941177 0.8980392
0.9019608 0.9529412 0.9098039 0.88235295 0.8901961 0.8980392 0.90588236 0.8980392 0.85882354 0.8509804 0.5882353 0.09803922 0.02745098 0.2627451 0.45882353 0.29411766 0.16470589 0.21568628 0.27450982 0.20784314 0.14117648 0.10980392 0.12156863 0.23529412 0.47058824 0.74509805 0.8862745 0.93333334 0.9490196 0.9529412 0.9411765 0.90588236
0.8980392 0.9490196 0.9098039 0.8784314 0.8862745 0.9019608 0.90588236 0.90588236 0.8862745 0.88235295 0.7176471 0.21960784 0.07450981 0.078431375 0.07450981 0.03137255 0.039215688 0.03529412 0.02745098 0.02745098 0.02745098 0.023529412 0.03529412 0.07058824 0.19215687 0.5254902 0.8509804 0.93333334 0.9529412 0.9529412 0.9411765 0.9098039
0.8862745 0.9372549 0.8980392 0.8627451 0.8784314 0.8980392 0.90588236 0.8980392 0.8901961 0.8862745 0.8117647 0.5372549 0.4509804 0.3019608 0.07450981 0.011764706 0.039215688 0.039215688 0.019607844 0.015686275 0.02745098 0.039215688 0.03529412 0.07450981 0.19607843 0.49019608 0.81960785 0.9372549 0.9647059 0.9647059 0.9529412 0.9098039
0.8627451 0.9098039 0.88235295 0.85882354 0.8745098 0.8901961 0.89411765 0.88235295 0.8666667 0.8627451 0.84705883 0.7882353 0.7882353 0.69411767 0.35686275 0.08627451 0.09411765 0.24313726 0.1882353 0.16470589 0.27058825 0.14117648 0.050980393 0.16862746 0.3137255 0.62352943 0.8235294 0.93333334 0.972549 0.972549 0.9529412 0.9019608
0.84705883 0.8862745 0.8784314 0.8745098 0.8862745 0.88235295 0.88235295 0.8666667 0.85882354 0.85882354 0.85490197 0.8352941 0.8156863 0.7372549 0.56078434 0.36862746 0.21568628 0.5058824 0.4117647 0.49019608 0.67058825 0.33333334 0.078431375 0.20392157 0.45490196 0.7607843 0.8117647 0.94509804 0.96862745 0.95686275 0.9411765 0.90588236
0.84705883 0.8784314 0.8784314 0.8862745 0.89411765 0.8666667 0.85490197 0.85490197 0.8666667 0.87058824 0.8784314 0.8745098 0.8666667 0.7254902 0.5411765 0.5647059 0.3137255 0.61960787 0.49803922 0.5568628 0.79607844 0.45882353 0.14117648 0.2 0.59607846 0.84705883 0.8392157 0.95686275 0.9647059 0.9490196 0.9490196 0.9137255
0.8392157 0.85490197 0.8392157 0.8509804 0.85882354 0.8039216 0.77254903 0.8039216 0.8509804 0.8666667 0.88235295 0.8862745 0.8862745 0.8352941 0.64705884 0.5294118 0.33333334 0.6 0.41960785 0.4117647 0.7058824 0.4392157 0.30980393 0.24313726 0.6117647 0.8666667 0.8980392 0.9529412 0.9529412 0.95686275 0.9647059 0.92156863
0.7921569 0.7882353 0.74509805 0.74509805 0.74509805 0.67058825 0.654902 0.72156864 0.79607844 0.8156863 0.8235294 0.84705883 0.8627451 0.84705883 0.7490196 0.45882353 0.27058825 0.6039216 0.57254905 0.50980395 0.6156863 0.5803922 0.6431373 0.40784314 0.49019608 0.75686276 0.9254902 0.9529412 0.94509804 0.96862745 0.972549 0.9254902
0.6862745 0.6627451 0.6039216 0.6039216 0.59607846 0.54901963 0.58431375 0.6431373 0.6862745 0.7019608 0.70980394 0.74509805 0.78039217 0.75686276 0.69803923 0.49019608 0.3372549 0.6156863 0.75686276 0.75686276 0.8 0.8352941 0.85882354 0.59607846 0.3882353 0.54901963 0.88235295 0.9411765 0.9411765 0.9647059 0.9647059 0.92156863
0.5921569 0.5294118 0.49019608 0.47843137 0.49019608 0.4862745 0.5176471 0.5254902 0.5411765 0.5529412 0.56078434 0.5882353 0.6039216 0.6156863 0.6313726 0.62352943 0.4117647 0.56078434 0.7137255 0.76862746 0.84313726 0.8117647 0.7882353 0.6862745 0.41568628 0.48235294 0.78039217 0.8627451 0.9019608 0.9137255 0.9254902 0.90588236
0.7019608 0.62352943 0.5921569 0.5411765 0.5411765 0.53333336 0.5529412 0.5686275 0.5686275 0.5372549 0.5254902 0.52156866 0.50980395 0.56078434 0.6039216 0.6745098 0.38039216 0.47843137 0.5764706 0.6 0.6431373 0.60784316 0.59607846 0.5921569 0.5019608 0.5176471 0.63529414 0.69411767 0.7372549 0.7372549 0.77254903 0.79607844
0.85490197 0.7137255 0.6392157 0.5921569 0.60784316 0.6117647 0.64705884 0.67058825 0.6666667 0.64705884 0.64705884 0.6392157 0.627451 0.6627451 0.6627451 0.6901961 0.4509804 0.38431373 0.58431375 0.5803922 0.5647059 0.5568628 0.5647059 0.5647059 0.5529412 0.56078434 0.54901963 0.5803922 0.6117647 0.5803922 0.62352943 0.6666667
0.9411765 0.80784315 0.7019608 0.6431373 0.61960787 0.62352943 0.6313726 0.64705884 0.6509804 0.6431373 0.6666667 0.6627451 0.6627451 0.6901961 0.70980394 0.7372549 0.654902 0.5529412 0.7058824 0.7254902 0.64705884 0.6431373 0.69411767 0.7294118 0.68235296 0.69411767 0.64705884 0.6509804 0.6627451 0.6313726 0.6313726 0.6666667
0.9882353 0.93333334 0.8745098 0.84705883 0.80784315 0.7647059 0.7372549 0.7019608 0.654902 0.6039216 0.5882353 0.57254905 0.58431375 0.6 0.7019608 0.7372549 0.6509804 0.67058825 0.75686276 0.7254902 0.61960787 0.60784316 0.6862745 0.76862746 0.7921569 0.7490196 0.654902 0.65882355 0.6156863 0.54901963 0.5568628 0.61960787
1.0 0.9882353 0.9843137 0.98039216 0.96862745 0.9372549 0.9098039 0.8784314 0.84705883 0.8117647 0.7647059 0.7294118 0.70980394 0.67058825 0.70980394 0.7019608 0.5764706 0.5764706 0.65882355 0.65882355 0.5176471 0.4392157 0.49803922 0.58431375 0.6745098 0.54509807 0.4392157 0.44313726 0.36862746 0.31764707 0.39215687 0.49803922
0.99607843 0.99607843 1.0 0.99607843 0.99607843 0.99607843 0.9882353 0.9843137 0.98039216 0.96862745 0.9372549 0.9019608 0.8784314 0.8627451 0.8392157 0.8039216 0.74509805 0.7019608 0.65882355 0.627451 0.6313726 0.5254902 0.5137255 0.5647059 0.65882355 0.5137255 0.45490196 0.38431373 0.20392157 0.23529412 0.28627452 0.43529412
0.99215686 0.9882353 0.9764706 0.96862745 0.972549 0.9843137 0.99215686 0.99607843 0.99607843 0.99215686 0.99215686 0.9882353 0.9843137 0.98039216 0.9607843 0.9411765 0.92941177 0.9137255 0.8666667 0.83137256 0.8352941 0.7490196 0.69411767 0.69411767 0.7019608 0.54901963 0.43529412 0.32156864 0.14901961 0.2784314 0.2509804 0.5372549
1.0 0.99607843 0.9882353 0.98039216 0.9843137 0.99607843 1.0 1.0 1.0 1.0 1.0 1.0 1.0 1.0 0.99607843 0.99607843 0.99607843 0.99607843 0.99215686 0.9764706 0.9607843 0.9254902 0.9019608 0.88235295 0.84705883 0.7764706 0.6509804 0.5294118 0.45882353 0.48235294 0.5372549 0.79607844
1.0 0.99215686 0.99607843 0.99607843 0.99607843 0.99607843 0.99607843 0.99607843 0.99607843 0.99607843 0.99607843 0.99607843 0.99607843 0.99607843 0.99607843 0.99607843 0.99607843 0.99607843 0.99607843 0.99215686 0.99215686 0.9882353 0.9843137 0.98039216 0.9607843 0.93333334 0.9137255 0.8862745 0.85882354 0.81960785 0.85490197 0.9372549
24 25 1
14 26 0
7 13 1
9 19 2
9 16 2
6 1 1
28 26 2
12 19 1
18 0 1
20 0 0
1 22 0
2 2 2
12 31 2
29 29 1
30 18 0
31 23 2
10 25 1
15 16 2
4 1 0
30 30 0
27 27 0
17 31 1
31 29 0
3 20 1
31 9 1
29 13 0
15 27 2
25 8 0
3 17 2
0 22 0
7 17 2
20 0 2
6 22 0
9 9 2
0 0 2
4 7 1
17 9 0
24 30 2
14 27 1
25 13 1
16 18 2
10 16 2
1 3 1
16 13 0
0 0 0
23 5 2
14 24 1
22 31 1
20 27 2
3 2 0
