32, 32, 3, 50
0.7372549 0.77254903 0.6117647 0.34509805 0.5882353 0.7137255 0.5372549 0.49411765 0.7411765 0.7411765 0.5647059 0.6627451 0.7372549 0.73333335 0.5647059 0.44705883 0.44313726 0.5176471 0.5568628 0.57254905 0.5882353 0.5647059 0.5529412 0.5568628 0.5411765 0.5411765 0.54901963 0.54509807 0.50980395 0.47843137 0.4627451 0.4627451
0.6666667 0.7137255 0.7529412 0.40784314 0.30588236 0.47058824 0.39215687 0.36862746 0.44313726 0.47843137 0.40784314 0.54901963 0.7411765 0.6862745 0.49803922 0.4392157 0.46666667 0.5411765 0.57254905 0.56078434 0.5921569 0.6 0.59607846 0.6039216 0.59607846 0.5764706 0.57254905 0.5647059 0.54901963 0.49411765 0.4862745 0.49803922
0.5254902 0.61960787 0.72156864 0.57254905 0.3254902 0.30588236 0.32156864 0.3019608 0.32941177 0.34117648 0.29411766 0.33333334 0.63529414 0.8 0.59607846 0.4627451 0.4627451 0.5019608 0.5411765 0.5372549 0.59607846 0.62352943 0.62352943 0.6313726 0.60784316 0.5764706 0.5647059 0.5764706 0.56078434 0.50980395 0.50980395 0.53333336
0.29411766 0.4862745 0.61960787 0.53333336 0.3882353 0.3372549 0.2627451 0.25490198 0.46666667 0.5529412 0.41960785 0.3882353 0.6431373 0.8156863 0.70980394 0.5176471 0.4509804 0.4627451 0.44705883 0.46666667 0.5411765 0.5882353 0.64705884 0.61960787 0.54509807 0.54509807 0.5764706 0.58431375 0.5882353 0.5568628 0.53333336 0.5294118
0.3137255 0.2509804 0.3764706 0.29803923 0.22745098 0.50980395 0.4627451 0.43137255 0.7019608 0.80784315 0.80784315 0.6117647 0.56078434 0.61960787 0.53333336 0.43529412 0.4 0.41960785 0.49019608 0.5529412 0.5372549 0.54509807 0.5764706 0.5764706 0.5803922 0.54509807 0.56078434 0.5647059 0.6156863 0.5882353 0.52156866 0.50980395
0.5529412 0.2784314 0.23921569 0.22352941 0.30588236 0.65882355 0.62352943 0.5372549 0.7176471 0.7372549 0.8 0.7137255 0.54901963 0.57254905 0.5568628 0.46666667 0.44313726 0.52156866 0.69803923 0.72156864 0.6862745 0.654902 0.64705884 0.6392157 0.6431373 0.56078434 0.5372549 0.5372549 0.57254905 0.5647059 0.52156866 0.49019608
0.56078434 0.44705883 0.36862746 0.32156864 0.39607844 0.46666667 0.4627451 0.5137255 0.68235296 0.6784314 0.62352943 0.7372549 0.6627451 0.65882355 0.7058824 0.65882355 0.6509804 0.7411765 0.80784315 0.78039217 0.76862746 0.77254903 0.7882353 0.7921569 0.654902 0.5372549 0.53333336 0.5647059 0.5647059 0.56078434 0.5254902 0.53333336
0.54901963 0.5137255 0.42352942 0.37254903 0.39607844 0.36078432 0.3764706 0.39215687 0.59607846 0.69803923 0.6117647 0.65882355 0.6666667 0.6627451 0.7176471 0.7372549 0.7607843 0.8 0.78431374 0.76862746 0.77254903 0.77254903 0.7647059 0.75686276 0.69411767 0.6039216 0.59607846 0.60784316 0.5764706 0.5764706 0.5803922 0.7176471
0.627451 0.49019608 0.43529412 0.60784316 0.6313726 0.45490196 0.31764707 0.3019608 0.52156866 0.7294118 0.7529412 0.7490196 0.74509805 0.73333335 0.70980394 0.69803923 0.72156864 0.7372549 0.70980394 0.7137255 0.74509805 0.7607843 0.7647059 0.74509805 0.7254902 0.69803923 0.65882355 0.58431375 0.5647059 0.74509805 0.827451 0.8156863
0.6431373 0.4117647 0.45490196 0.7411765 0.7058824 0.46666667 0.3764706 0.5411765 0.7019608 0.7647059 0.77254903 0.7607843 0.7294118 0.69803923 0.63529414 0.6313726 0.6509804 0.6627451 0.64705884 0.6156863 0.6745098 0.7372549 0.7490196 0.7411765 0.7294118 0.7137255 0.7019608 0.6666667 0.63529414 0.8352941 0.99607843 0.7764706
0.37254903 0.25490198 0.4 0.47058824 0.5176471 0.5647059 0.61960787 0.7411765 0.7764706 0.7607843 0.72156864 0.6862745 0.65882355 0.60784316 0.5764706 0.54901963 0.54509807 0.5294118 0.56078434 0.5568628 0.57254905 0.69411767 0.7176471 0.7137255 0.7137255 0.7137255 0.7254902 0.73333335 0.7137255 0.8039216 0.9372549 0.92156863
0.2 0.23921569 0.29803923 0.43529412 0.59607846 0.6901961 0.7372549 0.76862746 0.78039217 0.7607843 0.67058825 0.63529414 0.6 0.50980395 0.47843137 0.4 0.34509805 0.3019608 0.33333334 0.44313726 0.5019608 0.6509804 0.7254902 0.69411767 0.7058824 0.7019608 0.70980394 0.72156864 0.7254902 0.79607844 0.93333334 0.9372549
0.3019608 0.3882353 0.48235294 0.6313726 0.6784314 0.7137255 0.7647059 0.76862746 0.78431374 0.74509805 0.61960787 0.5921569 0.49019608 0.3372549 0.28627452 0.22352941 0.17254902 0.13333334 0.15294118 0.26666668 0.44313726 0.6 0.7411765 0.69411767 0.7019608 0.7019608 0.7058824 0.7176471 0.7176471 0.7607843 0.8745098 0.84705883
0.48235294 0.45882353 0.627451 0.84313726 0.7607843 0.7411765 0.76862746 0.7764706 0.7764706 0.7019608 0.57254905 0.52156866 0.3137255 0.16862746 0.16862746 0.13725491 0.13333334 0.15686275 0.15686275 0.16470589 0.34509805 0.57254905 0.7372549 0.72156864 0.7137255 0.7176471 0.7176471 0.7176471 0.72156864 0.7176471 0.7372549 0.7647059
0.6156863 0.56078434 0.6901961 0.84705883 0.7647059 0.7529412 0.76862746 0.7764706 0.76862746 0.6666667 0.56078434 0.45490196 0.19607843 0.13725491 0.16470589 0.14117648 0.15294118 0.16862746 0.1764706 0.23137255 0.28235295 0.5176471 0.7058824 0.7176471 0.7137255 0.72156864 0.7254902 0.7176471 0.7176471 0.7058824 0.6901961 0.7019608
0.83137256 0.77254903 0.7372549 0.73333335 0.72156864 0.7490196 0.76862746 0.76862746 0.75686276 0.654902 0.52156866 0.34117648 0.14901961 0.20392157 0.16470589 0.1882353 0.23137255 0.14117648 0.11764706 0.21960784 0.20392157 0.4 0.6627451 0.68235296 0.7019608 0.70980394 0.7176471 0.7176471 0.7137255 0.6901961 0.67058825 0.65882355
0.8039216 0.78039217 0.7372549 0.7294118 0.73333335 0.74509805 0.75686276 0.75686276 0.7490196 0.6627451 0.43529412 0.24705882 0.2509804 0.20784314 0.11764706 0.18431373 0.23137255 0.16862746 0.12156863 0.14117648 0.12941177 0.29411766 0.59607846 0.6156863 0.6901961 0.69411767 0.6901961 0.7058824 0.69803923 0.67058825 0.6509804 0.6392157
0.79607844 0.76862746 0.73333335 0.73333335 0.73333335 0.7372549 0.7490196 0.75686276 0.7372549 0.6784314 0.4627451 0.26666668 0.29411766 0.16078432 0.10980392 0.18039216 0.21568628 0.19215687 0.14901961 0.14509805 0.14117648 0.21960784 0.5529412 0.53333336 0.60784316 0.65882355 0.654902 0.68235296 0.6862745 0.654902 0.6392157 0.627451
0.7921569 0.77254903 0.7411765 0.7372549 0.7254902 0.7294118 0.74509805 0.7529412 0.7254902 0.654902 0.5058824 0.25882354 0.18431373 0.12941177 0.12941177 0.16862746 0.18431373 0.16862746 0.14901961 0.15686275 0.15686275 0.1764706 0.5137255 0.44313726 0.4627451 0.56078434 0.6039216 0.6431373 0.6666667 0.654902 0.63529414 0.62352943
0.7411765 0.7490196 0.7411765 0.73333335 0.7254902 0.7294118 0.7372549 0.7372549 0.6901961 0.5921569 0.52156866 0.2509804 0.14117648 0.13725491 0.14509805 0.15686275 0.18039216 0.16862746 0.13725491 0.15294118 0.13333334 0.18431373 0.47843137 0.34901962 0.3372549 0.43529412 0.47843137 0.5686275 0.6392157 0.6509804 0.62352943 0.61960787
0.6862745 0.7254902 0.7411765 0.73333335 0.7254902 0.73333335 0.73333335 0.72156864 0.627451 0.5294118 0.5254902 0.23921569 0.1254902 0.17254902 0.16470589 0.14117648 0.13333334 0.12941177 0.11764706 0.11372549 0.13725491 0.3882353 0.50980395 0.2784314 0.2509804 0.3372549 0.34117648 0.44705883 0.6 0.64705884 0.61960787 0.61960787
0.6431373 0.7137255 0.73333335 0.73333335 0.7254902 0.72156864 0.7137255 0.6901961 0.5411765 0.49411765 0.5411765 0.25882354 0.10980392 0.14117648 0.13333334 0.14509805 0.1882353 0.16078432 0.13725491 0.21960784 0.48235294 0.67058825 0.5764706 0.29411766 0.19607843 0.2509804 0.25490198 0.3254902 0.5529412 0.6392157 0.60784316 0.6039216
0.6431373 0.69803923 0.72156864 0.7254902 0.70980394 0.6862745 0.65882355 0.6156863 0.44313726 0.43137255 0.54509807 0.35686275 0.14117648 0.13725491 0.19607843 0.39607844 0.5372549 0.50980395 0.49411765 0.6117647 0.7411765 0.72156864 0.61960787 0.34509805 0.22745098 0.22745098 0.21568628 0.2627451 0.5019608 0.6313726 0.6039216 0.58431375
0.61960787 0.6901961 0.7058824 0.7019608 0.6666667 0.6117647 0.56078434 0.50980395 0.35686275 0.35686275 0.5294118 0.47843137 0.3254902 0.3882353 0.5294118 0.64705884 0.6901961 0.7058824 0.69803923 0.7254902 0.7372549 0.72156864 0.63529414 0.41960785 0.3137255 0.24705882 0.20784314 0.23921569 0.48235294 0.61960787 0.59607846 0.58431375
0.5803922 0.654902 0.6862745 0.6627451 0.6 0.50980395 0.44705883 0.4 0.3019608 0.2901961 0.50980395 0.5647059 0.5176471 0.6117647 0.7254902 0.7176471 0.7254902 0.7254902 0.7058824 0.70980394 0.7058824 0.6901961 0.6431373 0.5254902 0.4117647 0.3137255 0.2627451 0.27450982 0.47843137 0.60784316 0.57254905 0.5647059
0.56078434 0.6156863 0.65882355 0.627451 0.5294118 0.40784314 0.33333334 0.29803923 0.25882354 0.24705882 0.4509804 0.6117647 0.64705884 0.7058824 0.74509805 0.7529412 0.7372549 0.72156864 0.7019608 0.69411767 0.69411767 0.6745098 0.64705884 0.59607846 0.52156866 0.4392157 0.4 0.4117647 0.52156866 0.58431375 0.5529412 0.5294118
0.5803922 0.5921569 0.62352943 0.5764706 0.43529412 0.32941177 0.2784314 0.2627451 0.23921569 0.24705882 0.4117647 0.6117647 0.7411765 0.7647059 0.7607843 0.78039217 0.74509805 0.70980394 0.6784314 0.68235296 0.7137255 0.6862745 0.654902 0.6156863 0.5803922 0.5568628 0.54901963 0.5568628 0.5686275 0.56078434 0.5294118 0.49019608
0.56078434 0.5529412 0.5764706 0.5019608 0.34901962 0.27450982 0.2627451 0.26666668 0.2509804 0.2901961 0.4627451 0.6509804 0.7647059 0.8 0.79607844 0.78431374 0.74509805 0.68235296 0.74509805 0.8235294 0.8509804 0.8 0.7019608 0.6745098 0.64705884 0.6392157 0.6313726 0.62352943 0.54509807 0.49803922 0.48235294 0.45882353
0.57254905 0.56078434 0.56078434 0.48235294 0.3529412 0.2509804 0.22352941 0.21960784 0.21960784 0.3137255 0.5058824 0.65882355 0.75686276 0.8039216 0.8 0.76862746 0.73333335 0.76862746 0.8156863 0.8156863 0.8509804 0.84313726 0.72156864 0.61960787 0.6392157 0.6117647 0.5882353 0.60784316 0.5176471 0.45882353 0.4509804 0.4392157
0.6117647 0.6039216 0.5882353 0.50980395 0.4117647 0.3137255 0.23921569 0.2 0.21176471 0.33333334 0.52156866 0.67058825 0.76862746 0.80784315 0.78431374 0.7137255 0.7254902 0.8235294 0.7647059 0.7490196 0.77254903 0.7372549 0.7176471 0.6 0.5921569 0.5921569 0.5411765 0.5568628 0.5137255 0.4745098 0.4627451 0.43137255
0.6627451 0.65882355 0.6509804 0.6039216 0.5372549 0.45490196 0.36078432 0.29411766 0.3254902 0.3882353 0.49411765 0.6392157 0.73333335 0.7529412 0.7137255 0.6039216 0.6745098 0.7921569 0.7137255 0.7058824 0.67058825 0.6313726 0.5921569 0.50980395 0.5254902 0.5882353 0.5254902 0.49411765 0.5019608 0.47058824 0.4745098 0.49019608
0.6666667 0.67058825 0.6745098 0.67058825 0.64705884 0.63529414 0.60784316 0.57254905 0.5882353 0.6039216 0.61960787 0.65882355 0.69411767 0.7019608 0.6784314 0.6117647 0.63529414 0.69411767 0.5647059 0.6 0.62352943 0.5921569 0.5254902 0.4862745 0.5058824 0.5764706 0.5686275 0.56078434 0.56078434 0.5647059 0.5764706 0.5921569
0.78431374 0.80784315 0.63529414 0.4392157 0.6901961 0.75686276 0.60784316 0.54901963 0.75686276 0.7294118 0.5882353 0.73333335 0.8039216 0.78039217 0.6431373 0.54509807 0.54509807 0.60784316 0.6745098 0.69803923 0.7137255 0.69411767 0.6745098 0.6745098 0.65882355 0.654902 0.65882355 0.6627451 0.6313726 0.60784316 0.5921569 0.5882353
0.7176471 0.7607843 0.8039216 0.48235294 0.40392157 0.56078434 0.5137255 0.5058824 0.5529412 0.52156866 0.47843137 0.6509804 0.79607844 0.7294118 0.5882353 0.54901963 0.5686275 0.6392157 0.68235296 0.68235296 0.7058824 0.7254902 0.7137255 0.72156864 0.7137255 0.69411767 0.6862745 0.68235296 0.67058825 0.61960787 0.6156863 0.6313726
0.5921569 0.6745098 0.78431374 0.6313726 0.40392157 0.4117647 0.45882353 0.4509804 0.4745098 0.4627451 0.41960785 0.47058824 0.7137255 0.8392157 0.6666667 0.52156866 0.5176471 0.6039216 0.6627451 0.68235296 0.7058824 0.7411765 0.7411765 0.7529412 0.72156864 0.69411767 0.68235296 0.69411767 0.68235296 0.6313726 0.6392157 0.65882355
0.3882353 0.5568628 0.7058824 0.61960787 0.48235294 0.45882353 0.3882353 0.38039216 0.5764706 0.6392157 0.52156866 0.49411765 0.7176471 0.85490197 0.7529412 0.5254902 0.4392157 0.5411765 0.58431375 0.6 0.6431373 0.69803923 0.7607843 0.72156864 0.6745098 0.6745098 0.69411767 0.7019608 0.7058824 0.67058825 0.654902 0.6509804
0.41568628 0.34901962 0.47058824 0.38431373 0.33333334 0.6117647 0.5647059 0.5176471 0.7607843 0.85490197 0.8509804 0.6627451 0.6117647 0.6666667 0.6156863 0.49411765 0.41568628 0.47058824 0.60784316 0.62352943 0.6 0.64705884 0.72156864 0.70980394 0.6627451 0.6392157 0.6862745 0.6862745 0.7372549 0.7019608 0.6431373 0.63529414
0.62352943 0.4 0.35686275 0.33333334 0.41960785 0.7294118 0.6862745 0.58431375 0.75686276 0.78431374 0.8352941 0.7529412 0.59607846 0.6313726 0.6431373 0.5019608 0.44705883 0.5529412 0.7137255 0.70980394 0.65882355 0.65882355 0.6627451 0.6666667 0.654902 0.6039216 0.6745098 0.67058825 0.69803923 0.68235296 0.63529414 0.6156863
0.56078434 0.5411765 0.49411765 0.46666667 0.5411765 0.5882353 0.5647059 0.59607846 0.7254902 0.72156864 0.67058825 0.78039217 0.7058824 0.7019608 0.7411765 0.67058825 0.63529414 0.7019608 0.74509805 0.7137255 0.69803923 0.6784314 0.6392157 0.59607846 0.6313726 0.5764706 0.6392157 0.6627451 0.6784314 0.6745098 0.6431373 0.64705884
0.5568628 0.5647059 0.5254902 0.5137255 0.53333336 0.5137255 0.52156866 0.5137255 0.654902 0.72156864 0.627451 0.6745098 0.6784314 0.65882355 0.68235296 0.6862745 0.6745098 0.7019608 0.7058824 0.69803923 0.69803923 0.6901961 0.6784314 0.65882355 0.654902 0.6117647 0.63529414 0.6431373 0.67058825 0.69411767 0.6862745 0.78039217
0.6666667 0.5647059 0.53333336 0.6862745 0.69803923 0.57254905 0.45490196 0.3882353 0.5411765 0.6862745 0.69411767 0.68235296 0.67058825 0.6509804 0.6 0.5764706 0.5921569 0.6117647 0.59607846 0.627451 0.67058825 0.6745098 0.6666667 0.6627451 0.65882355 0.654902 0.65882355 0.6117647 0.6627451 0.8156863 0.8627451 0.8392157
0.69803923 0.50980395 0.5294118 0.75686276 0.70980394 0.5137255 0.45882353 0.54509807 0.6431373 0.68235296 0.6862745 0.654902 0.60784316 0.57254905 0.50980395 0.5019608 0.52156866 0.53333336 0.5176471 0.5058824 0.5803922 0.6392157 0.63529414 0.63529414 0.6431373 0.64705884 0.65882355 0.65882355 0.6784314 0.85882354 0.99607843 0.79607844
0.4392157 0.34509805 0.4745098 0.5254902 0.54509807 0.5686275 0.60784316 0.6666667 0.68235296 0.6666667 0.61960787 0.5647059 0.5254902 0.47843137 0.43529412 0.40784314 0.4117647 0.4117647 0.44705883 0.43137255 0.4509804 0.5882353 0.59607846 0.6 0.6117647 0.627451 0.6509804 0.6745098 0.68235296 0.79607844 0.9254902 0.91764706
0.28235295 0.32941177 0.38431373 0.45490196 0.60784316 0.69803923 0.6745098 0.65882355 0.67058825 0.6509804 0.54901963 0.49803922 0.47058824 0.38039216 0.3372549 0.27058825 0.25490198 0.23921569 0.26666668 0.32941177 0.36078432 0.53333336 0.60784316 0.5764706 0.59607846 0.6039216 0.6313726 0.6627451 0.6784314 0.77254903 0.91764706 0.9254902
0.38039216 0.46666667 0.49019608 0.39215687 0.52156866 0.6862745 0.67058825 0.65882355 0.67058825 0.627451 0.49411765 0.45882353 0.38431373 0.25490198 0.20784314 0.16470589 0.14901961 0.12941177 0.13725491 0.20392157 0.31764707 0.4745098 0.62352943 0.5764706 0.59607846 0.6039216 0.62352943 0.654902 0.6666667 0.7254902 0.85490197 0.8352941
0.53333336 0.5058824 0.41568628 0.34117648 0.5254902 0.65882355 0.654902 0.65882355 0.6627451 0.58431375 0.44313726 0.39215687 0.24705882 0.14509805 0.14117648 0.11764706 0.1254902 0.15294118 0.15294118 0.14117648 0.25882354 0.45882353 0.61960787 0.6 0.6 0.6156863 0.6313726 0.6431373 0.6627451 0.6784314 0.70980394 0.7490196
0.627451 0.5411765 0.41960785 0.5411765 0.6509804 0.6509804 0.6509804 0.6627451 0.6509804 0.5411765 0.41568628 0.33333334 0.16470589 0.12941177 0.14509805 0.12941177 0.14509805 0.15294118 0.16078432 0.2 0.22745098 0.43529412 0.5882353 0.59607846 0.6039216 0.61960787 0.6392157 0.64705884 0.654902 0.6627451 0.6666667 0.69411767
0.8039216 0.69803923 0.6313726 0.6627451 0.64705884 0.6431373 0.6509804 0.654902 0.6392157 0.52156866 0.36862746 0.25882354 0.14509805 0.19215687 0.14509805 0.18039216 0.22745098 0.13725491 0.10980392 0.19607843 0.17254902 0.34901962 0.5647059 0.5764706 0.59607846 0.6156863 0.6392157 0.64705884 0.64705884 0.6431373 0.6431373 0.65882355
0.7764706 0.7176471 0.6627451 0.6509804 0.6392157 0.6392157 0.6392157 0.6431373 0.627451 0.5372549 0.3137255 0.19215687 0.23137255 0.18431373 0.11372549 0.18039216 0.23137255 0.16862746 0.12156863 0.14117648 0.12941177 0.2627451 0.52156866 0.5294118 0.5803922 0.6 0.61960787 0.63529414 0.6313726 0.62352943 0.61960787 0.6392157
0.76862746 0.72156864 0.6627451 0.654902 0.6392157 0.6313726 0.6313726 0.6392157 0.61960787 0.5647059 0.36862746 0.20784314 0.2509804 0.14509805 0.10980392 0.1764706 0.20784314 0.18431373 0.14901961 0.14509805 0.14117648 0.19607843 0.4862745 0.45490196 0.50980395 0.57254905 0.58431375 0.6117647 0.62352943 0.6156863 0.60784316 0.62352943
0.76862746 0.7254902 0.67058825 0.6627451 0.6392157 0.62352943 0.627451 0.63529414 0.60784316 0.54901963 0.42745098 0.21568628 0.16078432 0.1254902 0.12941177 0.16470589 0.18431373 0.16862746 0.14901961 0.15686275 0.15686275 0.16078432 0.4509804 0.3764706 0.38039216 0.48235294 0.5294118 0.57254905 0.6117647 0.61960787 0.60784316 0.62352943
0.7137255 0.70980394 0.6745098 0.6627451 0.6392157 0.62352943 0.62352943 0.61960787 0.5764706 0.49803922 0.4509804 0.21960784 0.13333334 0.13725491 0.14509805 0.15686275 0.18431373 0.17254902 0.13725491 0.14901961 0.13333334 0.16862746 0.41568628 0.29411766 0.2784314 0.3647059 0.40392157 0.49411765 0.5803922 0.61960787 0.6 0.61960787
0.6666667 0.6901961 0.6784314 0.6627451 0.64705884 0.63529414 0.61960787 0.6 0.5254902 0.45490196 0.45490196 0.21568628 0.12941177 0.16862746 0.16470589 0.14117648 0.13725491 0.13333334 0.11372549 0.11372549 0.1254902 0.34509805 0.4392157 0.23137255 0.21960784 0.2901961 0.29411766 0.3882353 0.5372549 0.6117647 0.6 0.61960787
0.6392157 0.68235296 0.68235296 0.6627451 0.6509804 0.63529414 0.6117647 0.5686275 0.4509804 0.43137255 0.4745098 0.23137255 0.10980392 0.14117648 0.13333334 0.14509805 0.18431373 0.15686275 0.13725491 0.21176471 0.42745098 0.58431375 0.49019608 0.24313726 0.17254902 0.22352941 0.23529412 0.2901961 0.49803922 0.60784316 0.59607846 0.6117647
0.6431373 0.67058825 0.6745098 0.6509804 0.63529414 0.6039216 0.5647059 0.50980395 0.36862746 0.37254903 0.4627451 0.30588236 0.13725491 0.13725491 0.1882353 0.3764706 0.5019608 0.46666667 0.4509804 0.5568628 0.65882355 0.63529414 0.5294118 0.28627452 0.19215687 0.19607843 0.19607843 0.23529412 0.45490196 0.59607846 0.59607846 0.59607846
0.6156863 0.6627451 0.6627451 0.63529414 0.5921569 0.5254902 0.47058824 0.41960785 0.3019608 0.30980393 0.4509804 0.41960785 0.29411766 0.36078432 0.49019608 0.60784316 0.6431373 0.63529414 0.6156863 0.627451 0.6392157 0.6313726 0.54901963 0.3529412 0.2627451 0.21568628 0.19215687 0.21960784 0.43137255 0.5803922 0.5764706 0.6
0.57254905 0.62352943 0.64705884 0.6117647 0.5294118 0.42745098 0.3764706 0.3254902 0.25882354 0.25882354 0.4392157 0.49411765 0.45882353 0.5529412 0.65882355 0.6627451 0.6627451 0.64705884 0.60784316 0.6039216 0.60784316 0.59607846 0.56078434 0.44705883 0.34901962 0.27450982 0.23529412 0.2509804 0.43529412 0.57254905 0.5568628 0.5764706
0.5411765 0.5686275 0.627451 0.5882353 0.46666667 0.3529412 0.28627452 0.25490198 0.23137255 0.21568628 0.3882353 0.5411765 0.5803922 0.63529414 0.6784314 0.6862745 0.67058825 0.6431373 0.6039216 0.5921569 0.59607846 0.58431375 0.5647059 0.5176471 0.4509804 0.38039216 0.34901962 0.38039216 0.49019608 0.5568628 0.5411765 0.54901963
0.5568628 0.5058824 0.5764706 0.54509807 0.3882353 0.29803923 0.24705882 0.23137255 0.22745098 0.22352941 0.34509805 0.5411765 0.6745098 0.69803923 0.69803923 0.70980394 0.6745098 0.6313726 0.5921569 0.58431375 0.6156863 0.59607846 0.5803922 0.54509807 0.5137255 0.5019608 0.5019608 0.5294118 0.5411765 0.5411765 0.52156866 0.5176471
0.5921569 0.53333336 0.5647059 0.49411765 0.33333334 0.25882354 0.24705882 0.24705882 0.23529412 0.25882354 0.40392157 0.58431375 0.7058824 0.7372549 0.7294118 0.70980394 0.6745098 0.60784316 0.6666667 0.75686276 0.80784315 0.7490196 0.64705884 0.6117647 0.5803922 0.5921569 0.6 0.59607846 0.5254902 0.48235294 0.4745098 0.48235294
0.65882355 0.6509804 0.6313726 0.49803922 0.34509805 0.24705882 0.21960784 0.21960784 0.20784314 0.28235295 0.4627451 0.6 0.69411767 0.7411765 0.7372549 0.69803923 0.6627451 0.70980394 0.77254903 0.77254903 0.8156863 0.81960785 0.6901961 0.57254905 0.5803922 0.5686275 0.5686275 0.5882353 0.5058824 0.4509804 0.4509804 0.45882353
0.7058824 0.69411767 0.6627451 0.54901963 0.43529412 0.32156864 0.23921569 0.19607843 0.20784314 0.31764707 0.49019608 0.61960787 0.7176471 0.75686276 0.7254902 0.654902 0.67058825 0.78431374 0.7372549 0.7137255 0.7490196 0.7254902 0.7058824 0.57254905 0.54901963 0.56078434 0.52156866 0.5372549 0.5058824 0.46666667 0.47058824 0.46666667
0.75686276 0.7490196 0.7294118 0.6745098 0.6 0.50980395 0.39607844 0.3254902 0.34901962 0.40392157 0.49411765 0.627451 0.7176471 0.7294118 0.68235296 0.5764706 0.6509804 0.76862746 0.69411767 0.6901961 0.6627451 0.61960787 0.5803922 0.49019608 0.49803922 0.57254905 0.5176471 0.5019608 0.5176471 0.5019608 0.5254902 0.5568628
0.7647059 0.7607843 0.7607843 0.75686276 0.73333335 0.72156864 0.6901961 0.6666667 0.6784314 0.6862745 0.6862745 0.7137255 0.7411765 0.7411765 0.7294118 0.65882355 0.6745098 0.7176471 0.5764706 0.60784316 0.62352943 0.6039216 0.5568628 0.52156866 0.54901963 0.62352943 0.6313726 0.6392157 0.64705884 0.654902 0.6784314 0.69803923
0.78039217 0.8 0.6862745 0.41568628 0.61960787 0.7372549 0.5568628 0.6156863 0.8509804 0.8784314 0.7019608 0.6784314 0.77254903 0.78431374 0.69411767 0.627451 0.6117647 0.6392157 0.7529412 0.8 0.8156863 0.8 0.78431374 0.78039217 0.76862746 0.7607843 0.76862746 0.77254903 0.7411765 0.7176471 0.7058824 0.7058824
0.72156864 0.7607843 0.80784315 0.44313726 0.32156864 0.4745098 0.36862746 0.38431373 0.5019608 0.60784316 0.52156866 0.5529412 0.76862746 0.75686276 0.6509804 0.63529414 0.59607846 0.54901963 0.6901961 0.78039217 0.81960785 0.8352941 0.827451 0.827451 0.8156863 0.8039216 0.79607844 0.7921569 0.78431374 0.7411765 0.7372549 0.74509805
0.57254905 0.67058825 0.7921569 0.6392157 0.33333334 0.28627452 0.2784314 0.25882354 0.30588236 0.36862746 0.30980393 0.3019608 0.6392157 0.84313726 0.7058824 0.5529412 0.48235294 0.5058824 0.6392157 0.7490196 0.8156863 0.84313726 0.84705883 0.8509804 0.8235294 0.79607844 0.7882353 0.8039216 0.7882353 0.7490196 0.7529412 0.76862746
0.28235295 0.5019608 0.67058825 0.57254905 0.38431373 0.30588236 0.21568628 0.22745098 0.4509804 0.54901963 0.40392157 0.3764706 0.6431373 0.83137256 0.76862746 0.47058824 0.36078432 0.45882353 0.5411765 0.654902 0.7254902 0.79607844 0.8627451 0.8235294 0.78039217 0.7764706 0.8 0.8117647 0.8156863 0.7882353 0.76862746 0.7607843
0.28235295 0.22745098 0.39607844 0.2784314 0.19215687 0.5019608 0.44705883 0.4 0.7137255 0.827451 0.8352941 0.627451 0.56078434 0.6431373 0.65882355 0.45882353 0.35686275 0.4 0.54509807 0.6784314 0.654902 0.73333335 0.827451 0.81960785 0.74509805 0.73333335 0.7921569 0.7921569 0.84705883 0.8156863 0.75686276 0.74509805
0.5176471 0.24313726 0.20392157 0.19215687 0.2784314 0.6745098 0.63529414 0.5254902 0.7254902 0.7490196 0.8156863 0.72156864 0.5372549 0.6039216 0.6784314 0.49411765 0.4117647 0.49803922 0.6392157 0.68235296 0.65882355 0.6901961 0.7411765 0.7529412 0.6862745 0.6666667 0.7921569 0.78431374 0.8156863 0.8 0.7529412 0.7294118
0.42352942 0.45490196 0.3372549 0.2784314 0.3647059 0.43137255 0.42745098 0.49803922 0.6862745 0.6862745 0.62352943 0.74509805 0.6666667 0.67058825 0.72156864 0.6156863 0.5764706 0.63529414 0.6666667 0.6313726 0.6156863 0.6156863 0.6039216 0.6 0.6901961 0.64705884 0.7372549 0.75686276 0.78039217 0.7882353 0.7647059 0.7490196
0.49803922 0.5568628 0.40392157 0.3372549 0.36078432 0.32156864 0.32941177 0.36078432 0.58431375 0.6862745 0.5647059 0.6156863 0.627451 0.6117647 0.62352943 0.59607846 0.5764706 0.6117647 0.6156863 0.6039216 0.6 0.5882353 0.5921569 0.6 0.6666667 0.654902 0.69411767 0.67058825 0.7607843 0.8039216 0.7882353 0.84313726
0.65882355 0.52156866 0.42745098 0.60784316 0.6313726 0.43137255 0.2784314 0.25490198 0.4509804 0.627451 0.61960787 0.5921569 0.58431375 0.5647059 0.5019608 0.45490196 0.45490196 0.4862745 0.4862745 0.5294118 0.5686275 0.5647059 0.5568628 0.5647059 0.5882353 0.61960787 0.65882355 0.63529414 0.7647059 0.8745098 0.8980392 0.87058824
0.65882355 0.40784314 0.44705883 0.74509805 0.69803923 0.43137255 0.32941177 0.44705883 0.5529412 0.59607846 0.5882353 0.5411765 0.49019608 0.45490196 0.38431373 0.36862746 0.39215687 0.40784314 0.38039216 0.38039216 0.47843137 0.53333336 0.5176471 0.5294118 0.54901963 0.57254905 0.5921569 0.627451 0.7137255 0.87058824 0.99607843 0.8156863
0.36862746 0.23921569 0.38431373 0.45490196 0.49411765 0.53333336 0.5372549 0.58431375 0.5882353 0.57254905 0.5137255 0.43529412 0.39607844 0.34509805 0.3019608 0.26666668 0.28627452 0.29803923 0.3254902 0.3137255 0.3372549 0.47843137 0.47843137 0.47843137 0.49803922 0.5294118 0.5647059 0.60784316 0.6509804 0.78431374 0.9137255 0.9098039
0.16862746 0.21176471 0.27058825 0.34117648 0.5529412 0.67058825 0.6156863 0.5686275 0.5686275 0.54901963 0.43137255 0.3647059 0.34901962 0.25882354 0.22352941 0.18039216 0.18431373 0.1882353 0.21176471 0.24705882 0.24705882 0.42352942 0.49019608 0.4509804 0.47843137 0.49411765 0.53333336 0.5882353 0.62352943 0.7411765 0.9098039 0.92156863
0.28627452 0.38039216 0.44313726 0.32941177 0.48235294 0.6313726 0.5882353 0.5529412 0.5568628 0.5176471 0.36862746 0.32941177 0.2901961 0.18431373 0.15686275 0.13725491 0.12941177 0.11764706 0.12941177 0.16862746 0.21176471 0.3647059 0.5058824 0.44705883 0.47058824 0.4862745 0.50980395 0.5686275 0.6 0.6745098 0.8352941 0.83137256
0.5019608 0.47843137 0.42352942 0.3254902 0.47843137 0.58431375 0.5568628 0.54901963 0.54509807 0.4627451 0.31764707 0.2784314 0.19215687 0.12156863 0.12941177 0.10980392 0.11372549 0.13725491 0.15686275 0.14509805 0.19215687 0.35686275 0.5019608 0.47058824 0.47843137 0.49411765 0.5137255 0.5529412 0.5921569 0.6156863 0.6666667 0.73333335
0.6627451 0.59607846 0.49019608 0.50980395 0.5803922 0.5647059 0.54509807 0.5411765 0.5294118 0.41568628 0.2784314 0.23529412 0.14901961 0.12941177 0.12941177 0.1254902 0.14117648 0.14509805 0.15686275 0.18431373 0.1882353 0.35686275 0.4745098 0.47058824 0.48235294 0.5058824 0.53333336 0.54901963 0.5764706 0.59607846 0.6156863 0.67058825
0.8784314 0.8352941 0.7411765 0.62352943 0.56078434 0.54509807 0.5411765 0.53333336 0.50980395 0.38431373 0.23529412 0.2 0.15294118 0.18431373 0.13333334 0.1882353 0.23921569 0.14117648 0.10980392 0.18039216 0.15294118 0.29803923 0.4627451 0.45490196 0.47843137 0.5058824 0.5411765 0.5568628 0.57254905 0.5764706 0.5882353 0.627451
0.87058824 0.8 0.6784314 0.5921569 0.5529412 0.5372549 0.5294118 0.5254902 0.5019608 0.4 0.21568628 0.1764706 0.22352941 0.1764706 0.10980392 0.1882353 0.23137255 0.16862746 0.13333334 0.15294118 0.13333334 0.23529412 0.43529412 0.42352942 0.47058824 0.49411765 0.5176471 0.5529412 0.56078434 0.5568628 0.5647059 0.6117647
0.8509804 0.7411765 0.6313726 0.5882353 0.5529412 0.5254902 0.52156866 0.5254902 0.49411765 0.4392157 0.28627452 0.17254902 0.21568628 0.14509805 0.11764706 0.18039216 0.21176471 0.1882353 0.15294118 0.14901961 0.14901961 0.18431373 0.4117647 0.37254903 0.40784314 0.4627451 0.48235294 0.5254902 0.5529412 0.54901963 0.5529412 0.6
0.8235294 0.7176471 0.62352943 0.5882353 0.54901963 0.5176471 0.5176471 0.52156866 0.49019608 0.43529412 0.34509805 0.18431373 0.14901961 0.12941177 0.13333334 0.16862746 0.18431373 0.16862746 0.15294118 0.15686275 0.16078432 0.15294118 0.38431373 0.31764707 0.30588236 0.38039216 0.43137255 0.48235294 0.5372549 0.54901963 0.5529412 0.5921569
0.7490196 0.6901961 0.62352943 0.5921569 0.5529412 0.52156866 0.5137255 0.50980395 0.46666667 0.4 0.37254903 0.19215687 0.13333334 0.13725491 0.14901961 0.15686275 0.1764706 0.16470589 0.14117648 0.14901961 0.13725491 0.15294118 0.34509805 0.25882354 0.23137255 0.29411766 0.3254902 0.40392157 0.5019608 0.5568628 0.54901963 0.5882353
0.6745098 0.6666667 0.63529414 0.5882353 0.5568628 0.5372549 0.5176471 0.49411765 0.42745098 0.36862746 0.36862746 0.1882353 0.13725491 0.16862746 0.16862746 0.14901961 0.14117648 0.14117648 0.12156863 0.1254902 0.12156863 0.29411766 0.35686275 0.2 0.19607843 0.25490198 0.24705882 0.30980393 0.45490196 0.5529412 0.5529412 0.6039216
0.64705884 0.67058825 0.63529414 0.59607846 0.5647059 0.5411765 0.5137255 0.46666667 0.3764706 0.35686275 0.38039216 0.2 0.13333334 0.15294118 0.14117648 0.15294118 0.18431373 0.15294118 0.14117648 0.20392157 0.3647059 0.4862745 0.40392157 0.2 0.16078432 0.21176471 0.21960784 0.2509804 0.42352942 0.5411765 0.54509807 0.59607846
0.65882355 0.65882355 0.627451 0.5921569 0.56078434 0.5137255 0.47058824 0.40784314 0.30980393 0.3137255 0.3647059 0.25882354 0.13725491 0.14509805 0.18039216 0.34509805 0.46666667 0.41960785 0.4 0.48235294 0.56078434 0.5294118 0.43137255 0.23921569 0.1764706 0.1882353 0.1882353 0.21176471 0.38431373 0.5294118 0.54901963 0.5803922
0.654902 0.6509804 0.61960787 0.5764706 0.5176471 0.43529412 0.38431373 0.3372549 0.25882354 0.2627451 0.35686275 0.3529412 0.2627451 0.3254902 0.44313726 0.5568628 0.5882353 0.5647059 0.5254902 0.5254902 0.5411765 0.5294118 0.45882353 0.29411766 0.23529412 0.20392157 0.18039216 0.19607843 0.3647059 0.5137255 0.5411765 0.5803922
0.6313726 0.627451 0.61960787 0.5568628 0.45490196 0.3529412 0.3137255 0.2784314 0.23137255 0.22745098 0.35686275 0.42352942 0.38431373 0.48235294 0.59607846 0.6 0.59607846 0.5647059 0.50980395 0.49411765 0.5019608 0.49411765 0.46666667 0.3764706 0.29411766 0.24705882 0.21176471 0.21960784 0.36862746 0.50980395 0.52156866 0.5647059
0.62352943 0.6313726 0.627451 0.54509807 0.41568628 0.30980393 0.25490198 0.22745098 0.21176471 0.20392157 0.32941177 0.46666667 0.5019608 0.5686275 0.6156863 0.627451 0.5921569 0.54901963 0.5058824 0.4862745 0.49803922 0.48235294 0.46666667 0.43137255 0.3764706 0.3254902 0.29411766 0.3254902 0.42352942 0.5019608 0.5019608 0.54901963
0.6745098 0.6666667 0.6431373 0.52156866 0.36078432 0.28235295 0.23529412 0.21960784 0.21176471 0.20784314 0.30588236 0.47843137 0.60784316 0.63529414 0.63529414 0.6509804 0.59607846 0.5411765 0.49019608 0.4862745 0.5176471 0.49803922 0.48235294 0.45882353 0.43137255 0.42745098 0.42745098 0.45490196 0.47843137 0.49019608 0.4862745 0.5254902
0.7176471 0.7019608 0.6745098 0.5137255 0.3254902 0.25882354 0.24313726 0.23921569 0.22745098 0.24313726 0.34901962 0.52156866 0.6431373 0.6745098 0.65882355 0.6431373 0.5921569 0.50980395 0.5803922 0.68235296 0.72156864 0.67058825 0.57254905 0.5411765 0.5137255 0.5294118 0.5372549 0.53333336 0.47058824 0.4392157 0.44705883 0.4862745
0.75686276 0.74509805 0.7137255 0.5372549 0.35686275 0.25490198 0.22745098 0.21568628 0.20784314 0.26666668 0.4 0.5372549 0.6313726 0.6745098 0.6666667 0.627451 0.58431375 0.62352943 0.69803923 0.69803923 0.74509805 0.7764706 0.6509804 0.5176471 0.5137255 0.50980395 0.5176471 0.5411765 0.4627451 0.41568628 0.42352942 0.4627451
0.7921569 0.7764706 0.74509805 0.6 0.4627451 0.34509805 0.25490198 0.20392157 0.20392157 0.29411766 0.4392157 0.5647059 0.6509804 0.6901961 0.65882355 0.59607846 0.6117647 0.7294118 0.68235296 0.6509804 0.6901961 0.69411767 0.6862745 0.5294118 0.48235294 0.49803922 0.4745098 0.49803922 0.4745098 0.43529412 0.4509804 0.4745098
0.8392157 0.827451 0.80784315 0.7490196 0.6666667 0.5647059 0.43529412 0.35686275 0.37254903 0.40784314 0.48235294 0.59607846 0.6666667 0.6745098 0.6313726 0.53333336 0.6156863 0.7372549 0.65882355 0.654902 0.627451 0.59607846 0.5568628 0.4509804 0.44705883 0.52156866 0.48235294 0.47058824 0.5058824 0.5019608 0.5411765 0.6
0.85490197 0.8509804 0.84705883 0.84313726 0.8156863 0.7921569 0.7607843 0.7411765 0.7490196 0.74509805 0.7411765 0.7607843 0.77254903 0.76862746 0.7490196 0.6862745 0.69411767 0.7254902 0.5686275 0.5921569 0.60784316 0.59607846 0.5647059 0.53333336 0.5568628 0.6392157 0.6627451 0.6784314 0.69803923 0.7254902 0.7607843 0.7921569
25 17 1
7 18 0
18 5 0
21 5 2
18 30 0
30 6 0
24 14 2
31 17 2
16 26 0
15 28 0
11 8 1
20 28 2
4 0 2
7 25 2
3 2 0
30 26 1
11 19 2
23 6 1
2 4 0
25 25 1
22 1 0
19 27 0
21 24 2
4 12 1
3 21 0
25 25 2
21 7 1
24 30 0
14 23 2
26 8 0
6 2 1
30 1 1
3 28 0
9 22 2
2 27 2
25 9 0
2 24 2
6 27 0
19 5 0
6 16 0
5 16 0
15 31 0
10 4 1
22 22 2
24 1 1
1 24 1
4 19 0
11 2 1
16 28 2
5 11 1
