32, 32, 3, 50
0.13333334 0.15294118 0.11372549 0.11764706 0.16470589 0.12941177 0.047058824 0.03137255 0.03137255 0.12156863 0.11372549 0.18039216 0.4509804 0.3647059 0.15294118 0.08235294 0.09411765 0.09019608 0.08235294 0.07058824 0.06666667 0.08235294 0.14117648 0.19215687 0.12156863 0.05490196 0.10980392 0.15686275 0.14509805 0.13725491 0.15686275 0.16078432
0.14117648 0.14509805 0.11764706 0.1254902 0.18431373 0.14901961 0.0627451 0.03137255 0.08235294 0.16862746 0.09803922 0.18431373 0.40784314 0.36078432 0.14901961 0.09019608 0.07450981 0.07058824 0.0627451 0.050980393 0.06666667 0.101960786 0.18039216 0.19215687 0.11764706 0.05490196 0.09411765 0.13725491 0.14117648 0.14901961 0.13333334 0.16078432
0.101960786 0.12941177 0.1254902 0.11764706 0.1882353 0.16862746 0.07450981 0.07058824 0.10980392 0.101960786 0.08235294 0.14509805 0.28627452 0.29411766 0.11764706 0.09411765 0.078431375 0.06666667 0.0627451 0.050980393 0.06666667 0.105882354 0.16078432 0.14509805 0.08627451 0.05882353 0.08627451 0.11764706 0.11764706 0.12941177 0.11764706 0.16862746
0.07450981 0.12156863 0.09803922 0.10980392 0.17254902 0.15686275 0.09019608 0.13333334 0.09411765 0.07450981 0.07450981 0.09803922 0.14117648 0.17254902 0.09019608 0.09803922 0.09019608 0.05490196 0.050980393 0.050980393 0.06666667 0.13333334 0.16862746 0.14117648 0.09411765 0.0627451 0.09019608 0.13725491 0.14901961 0.1254902 0.1254902 0.16470589
0.05882353 0.09019608 0.08627451 0.11372549 0.14901961 0.14901961 0.08235294 0.09803922 0.08627451 0.07450981 0.08235294 0.08627451 0.08627451 0.09803922 0.047058824 0.050980393 0.050980393 0.02745098 0.02745098 0.03137255 0.06666667 0.15686275 0.17254902 0.14117648 0.09803922 0.05490196 0.09019608 0.13725491 0.14901961 0.101960786 0.10980392 0.16862746
0.05882353 0.06666667 0.06666667 0.10980392 0.16470589 0.16470589 0.06666667 0.05490196 0.07450981 0.06666667 0.08235294 0.08627451 0.09019608 0.06666667 0.06666667 0.06666667 0.02745098 0.015686275 0.015686275 0.015686275 0.07058824 0.15294118 0.13725491 0.11372549 0.08627451 0.06666667 0.09019608 0.11764706 0.105882354 0.06666667 0.11764706 0.20392157
0.09019608 0.105882354 0.08627451 0.078431375 0.15294118 0.13333334 0.06666667 0.050980393 0.047058824 0.047058824 0.08235294 0.101960786 0.078431375 0.05882353 0.08627451 0.078431375 0.03529412 0.023529412 0.019607844 0.019607844 0.07058824 0.13333334 0.10980392 0.12156863 0.12156863 0.09411765 0.101960786 0.105882354 0.08627451 0.07450981 0.13333334 0.20392157
0.105882354 0.11764706 0.09411765 0.039215688 0.06666667 0.05882353 0.043137256 0.02745098 0.019607844 0.05490196 0.13333334 0.11764706 0.08235294 0.0627451 0.078431375 0.08235294 0.03529412 0.03137255 0.02745098 0.02745098 0.07450981 0.10980392 0.101960786 0.13333334 0.14117648 0.105882354 0.11372549 0.105882354 0.105882354 0.12941177 0.16078432 0.19215687
0.07450981 0.101960786 0.07058824 0.019607844 0.039215688 0.03529412 0.03137255 0.023529412 0.023529412 0.05882353 0.15686275 0.15294118 0.08235294 0.0627451 0.07450981 0.07450981 0.039215688 0.043137256 0.023529412 0.03137255 0.07450981 0.09803922 0.11372549 0.12941177 0.11764706 0.10980392 0.10980392 0.12156863 0.11372549 0.14117648 0.18431373 0.21176471
0.050980393 0.07450981 0.05490196 0.02745098 0.03137255 0.02745098 0.023529412 0.023529412 0.02745098 0.043137256 0.13725491 0.21960784 0.12941177 0.08235294 0.09019608 0.08235294 0.05882353 0.043137256 0.02745098 0.047058824 0.09411765 0.10980392 0.13725491 0.1254902 0.10980392 0.1254902 0.13333334 0.13725491 0.12941177 0.13333334 0.14509805 0.20392157
0.047058824 0.05882353 0.05882353 0.043137256 0.02745098 0.023529412 0.03137255 0.02745098 0.02745098 0.043137256 0.101960786 0.16470589 0.078431375 0.047058824 0.08235294 0.078431375 0.0627451 0.0627451 0.05882353 0.08235294 0.11372549 0.11764706 0.14117648 0.101960786 0.07058824 0.105882354 0.09019608 0.07058824 0.08627451 0.11372549 0.18431373 0.21960784
0.05490196 0.0627451 0.06666667 0.06666667 0.039215688 0.03137255 0.039215688 0.03529412 0.03137255 0.0627451 0.105882354 0.1764706 0.2 0.14509805 0.21176471 0.30588236 0.14509805 0.11764706 0.10980392 0.09019608 0.101960786 0.10980392 0.12941177 0.10980392 0.105882354 0.14117648 0.09411765 0.078431375 0.101960786 0.15294118 0.2509804 0.23921569
0.0627451 0.07058824 0.07058824 0.07058824 0.06666667 0.05490196 0.05882353 0.043137256 0.09411765 0.15294118 0.13333334 0.28627452 0.3372549 0.27058825 0.34901962 0.49411765 0.27450982 0.16470589 0.16470589 0.14509805 0.13725491 0.1254902 0.12941177 0.13333334 0.15294118 0.14901961 0.13725491 0.15686275 0.18431373 0.2627451 0.3254902 0.24705882
0.07450981 0.07058824 0.0627451 0.07058824 0.078431375 0.078431375 0.13333334 0.09411765 0.14117648 0.15294118 0.08235294 0.3254902 0.4117647 0.29411766 0.38431373 0.43529412 0.3254902 0.26666668 0.17254902 0.14901961 0.12941177 0.07450981 0.078431375 0.12156863 0.14117648 0.12156863 0.11764706 0.13333334 0.16078432 0.21960784 0.2784314 0.17254902
0.11372549 0.09411765 0.07450981 0.07450981 0.07450981 0.101960786 0.18431373 0.14117648 0.11372549 0.07450981 0.05490196 0.24313726 0.3764706 0.27058825 0.44705883 0.3647059 0.28627452 0.29411766 0.2784314 0.24313726 0.14509805 0.039215688 0.047058824 0.11764706 0.16470589 0.15294118 0.15294118 0.14117648 0.16470589 0.17254902 0.15686275 0.078431375
0.10980392 0.11764706 0.09411765 0.07058824 0.06666667 0.16078432 0.21960784 0.18431373 0.105882354 0.08235294 0.07450981 0.10980392 0.31764707 0.27058825 0.37254903 0.4392157 0.30588236 0.27450982 0.29411766 0.24705882 0.09019608 0.039215688 0.03529412 0.0627451 0.13725491 0.13725491 0.11764706 0.12941177 0.16862746 0.14901961 0.09019608 0.105882354
0.0627451 0.05882353 0.06666667 0.101960786 0.14117648 0.16470589 0.11764706 0.11372549 0.105882354 0.07450981 0.0627451 0.07058824 0.23137255 0.37254903 0.34901962 0.4862745 0.44313726 0.2901961 0.34509805 0.2901961 0.08627451 0.05490196 0.05490196 0.039215688 0.11372549 0.14117648 0.11764706 0.12941177 0.16470589 0.16862746 0.11764706 0.105882354
0.05882353 0.06666667 0.09019608 0.12941177 0.14509805 0.078431375 0.03529412 0.08235294 0.14117648 0.078431375 0.0627451 0.08235294 0.10980392 0.32941177 0.3647059 0.3529412 0.42352942 0.3882353 0.39607844 0.4862745 0.32156864 0.10980392 0.08627451 0.16470589 0.21176471 0.16078432 0.16078432 0.12941177 0.11764706 0.13333334 0.12156863 0.10980392
0.047058824 0.050980393 0.07450981 0.10980392 0.07450981 0.03529412 0.047058824 0.13725491 0.22352941 0.1254902 0.06666667 0.08235294 0.11764706 0.29411766 0.33333334 0.2509804 0.2901961 0.5137255 0.45882353 0.42352942 0.4862745 0.27058825 0.15686275 0.3529412 0.2784314 0.16862746 0.16078432 0.078431375 0.078431375 0.078431375 0.078431375 0.14117648
0.043137256 0.039215688 0.08627451 0.08627451 0.03529412 0.043137256 0.05490196 0.13725491 0.31764707 0.2509804 0.11764706 0.12941177 0.3019608 0.4392157 0.3137255 0.25490198 0.3372549 0.53333336 0.6156863 0.41960785 0.47843137 0.3764706 0.26666668 0.39215687 0.34509805 0.19607843 0.15686275 0.050980393 0.05882353 0.08235294 0.08235294 0.13725491
0.05882353 0.047058824 0.07058824 0.050980393 0.047058824 0.0627451 0.105882354 0.13725491 0.24705882 0.30980393 0.3372549 0.48235294 0.5058824 0.31764707 0.15294118 0.21568628 0.42745098 0.46666667 0.4509804 0.53333336 0.43137255 0.40392157 0.38431373 0.3882353 0.37254903 0.2 0.14901961 0.05882353 0.0627451 0.101960786 0.14117648 0.14901961
0.050980393 0.050980393 0.050980393 0.047058824 0.09411765 0.11372549 0.16862746 0.1254902 0.07450981 0.12156863 0.29411766 0.4627451 0.24313726 0.05490196 0.05882353 0.13333334 0.47843137 0.6392157 0.4862745 0.5176471 0.45490196 0.37254903 0.3882353 0.3647059 0.3137255 0.21176471 0.1764706 0.07058824 0.06666667 0.08235294 0.11764706 0.16078432
0.043137256 0.07450981 0.047058824 0.043137256 0.105882354 0.18431373 0.11764706 0.0627451 0.05490196 0.047058824 0.078431375 0.09411765 0.050980393 0.050980393 0.05490196 0.09411765 0.27058825 0.41960785 0.5803922 0.5019608 0.4862745 0.34509805 0.3019608 0.33333334 0.30980393 0.21176471 0.20392157 0.08627451 0.078431375 0.078431375 0.08627451 0.11372549
0.05490196 0.078431375 0.02745098 0.05490196 0.14901961 0.15294118 0.07058824 0.0627451 0.078431375 0.08627451 0.08235294 0.043137256 0.06666667 0.05882353 0.047058824 0.06666667 0.09803922 0.21176471 0.47058824 0.5411765 0.43529412 0.39215687 0.25490198 0.2509804 0.3372549 0.29411766 0.18431373 0.09803922 0.11764706 0.101960786 0.09019608 0.08235294
0.078431375 0.05490196 0.023529412 0.0627451 0.105882354 0.08627451 0.0627451 0.05882353 0.09019608 0.105882354 0.06666667 0.039215688 0.07450981 0.07058824 0.05490196 0.105882354 0.24313726 0.3019608 0.42745098 0.50980395 0.42352942 0.32156864 0.1764706 0.24705882 0.39215687 0.33333334 0.11764706 0.105882354 0.14509805 0.13725491 0.12941177 0.10980392
0.078431375 0.039215688 0.023529412 0.02745098 0.07058824 0.09019608 0.05882353 0.05490196 0.07058824 0.07058824 0.03529412 0.03529412 0.0627451 0.07058824 0.08627451 0.25490198 0.45882353 0.4745098 0.5254902 0.46666667 0.34901962 0.30588236 0.25490198 0.2901961 0.25490198 0.24313726 0.09411765 0.13333334 0.14509805 0.13725491 0.17254902 0.14117648
0.05490196 0.03137255 0.023529412 0.02745098 0.05490196 0.06666667 0.043137256 0.039215688 0.047058824 0.023529412 0.03137255 0.047058824 0.08627451 0.08627451 0.14117648 0.3372549 0.54509807 0.5921569 0.5647059 0.4392157 0.27450982 0.2509804 0.3372549 0.41568628 0.21960784 0.101960786 0.1254902 0.14117648 0.12941177 0.16078432 0.19607843 0.15294118
0.05490196 0.02745098 0.03137255 0.02745098 0.023529412 0.02745098 0.02745098 0.03529412 0.05490196 0.02745098 0.02745098 0.07058824 0.11372549 0.08627451 0.13725491 0.25490198 0.4117647 0.41960785 0.3882353 0.28627452 0.17254902 0.2784314 0.4117647 0.3529412 0.21960784 0.105882354 0.09411765 0.11764706 0.12941177 0.20784314 0.2 0.15686275
0.05882353 0.03529412 0.03529412 0.03137255 0.019607844 0.023529412 0.03529412 0.050980393 0.05882353 0.023529412 0.050980393 0.09411765 0.14117648 0.14117648 0.14117648 0.14509805 0.18039216 0.23921569 0.23137255 0.18039216 0.2 0.28627452 0.3254902 0.20392157 0.13725491 0.10980392 0.1254902 0.12941177 0.14509805 0.19607843 0.19215687 0.16078432
0.050980393 0.039215688 0.03529412 0.03529412 0.02745098 0.03137255 0.047058824 0.05882353 0.0627451 0.039215688 0.05882353 0.078431375 0.18039216 0.23137255 0.16862746 0.18431373 0.25882354 0.2901961 0.22745098 0.1764706 0.17254902 0.16862746 0.16078432 0.14117648 0.13333334 0.11764706 0.12156863 0.14117648 0.11764706 0.14117648 0.16078432 0.15686275
0.039215688 0.03137255 0.03137255 0.03529412 0.02745098 0.023529412 0.039215688 0.07450981 0.09411765 0.07450981 0.05882353 0.09411765 0.21176471 0.19215687 0.09803922 0.09803922 0.12941177 0.14901961 0.10980392 0.08627451 0.105882354 0.12941177 0.16078432 0.16078432 0.13333334 0.11764706 0.08627451 0.1254902 0.08235294 0.08235294 0.13725491 0.12941177
0.02745098 0.03529412 0.039215688 0.05490196 0.06666667 0.043137256 0.05490196 0.078431375 0.09803922 0.09411765 0.105882354 0.15686275 0.23137255 0.14509805 0.05882353 0.09019608 0.09803922 0.1254902 0.09803922 0.09019608 0.15294118 0.18039216 0.1764706 0.16470589 0.12156863 0.12156863 0.08235294 0.11764706 0.09803922 0.0627451 0.13725491 0.1254902
0.11764706 0.13725491 0.105882354 0.1254902 0.19215687 0.15294118 0.047058824 0.02745098 0.02745098 0.13333334 0.1254902 0.2 0.4 0.3647059 0.18039216 0.0627451 0.09411765 0.09803922 0.08235294 0.06666667 0.0627451 0.08235294 0.12156863 0.13725491 0.08235294 0.05882353 0.10980392 0.15294118 0.13333334 0.11764706 0.14509805 0.16078432
0.13333334 0.13725491 0.11764706 0.14117648 0.21176471 0.17254902 0.0627451 0.023529412 0.08627451 0.1882353 0.12156863 0.2 0.34901962 0.3647059 0.16078432 0.07058824 0.07450981 0.078431375 0.06666667 0.047058824 0.06666667 0.09803922 0.14901961 0.12941177 0.078431375 0.050980393 0.09019608 0.13333334 0.12941177 0.1254902 0.11764706 0.16470589
0.09411765 0.12156863 0.12156863 0.12941177 0.21960784 0.19607843 0.07450981 0.050980393 0.11764706 0.10980392 0.09803922 0.14117648 0.24313726 0.3019608 0.11764706 0.078431375 0.07450981 0.07450981 0.06666667 0.050980393 0.06666667 0.101960786 0.13333334 0.105882354 0.05882353 0.043137256 0.07058824 0.10980392 0.105882354 0.105882354 0.105882354 0.18039216
0.0627451 0.09803922 0.08235294 0.13333334 0.20392157 0.1882353 0.09803922 0.12941177 0.09411765 0.06666667 0.09019608 0.09803922 0.11764706 0.17254902 0.08235294 0.09019608 0.08627451 0.0627451 0.05490196 0.050980393 0.06666667 0.1254902 0.14509805 0.10980392 0.07058824 0.050980393 0.07058824 0.11372549 0.1254902 0.09803922 0.11372549 0.16470589
0.05490196 0.078431375 0.07450981 0.14509805 0.18039216 0.18431373 0.101960786 0.105882354 0.08235294 0.07058824 0.09411765 0.09411765 0.078431375 0.105882354 0.05882353 0.05490196 0.05490196 0.03529412 0.03529412 0.03529412 0.06666667 0.13725491 0.13725491 0.10980392 0.08627451 0.0627451 0.08627451 0.12156863 0.12156863 0.08235294 0.09019608 0.14901961
0.05882353 0.0627451 0.05882353 0.13333334 0.21960784 0.21960784 0.09019608 0.047058824 0.07450981 0.07058824 0.08235294 0.07450981 0.078431375 0.07058824 0.07058824 0.07058824 0.039215688 0.02745098 0.023529412 0.02745098 0.07450981 0.13725491 0.10980392 0.09803922 0.09411765 0.078431375 0.09803922 0.12156863 0.101960786 0.0627451 0.09019608 0.16470589
0.08235294 0.09803922 0.08235294 0.101960786 0.20784314 0.18039216 0.08235294 0.043137256 0.047058824 0.039215688 0.0627451 0.08235294 0.07058824 0.06666667 0.09019608 0.08235294 0.039215688 0.023529412 0.02745098 0.03529412 0.08235294 0.1254902 0.09019608 0.105882354 0.12156863 0.09803922 0.105882354 0.11372549 0.09803922 0.07450981 0.12156863 0.16862746
0.08627451 0.105882354 0.09411765 0.043137256 0.08627451 0.07450981 0.043137256 0.023529412 0.019607844 0.043137256 0.11764706 0.101960786 0.08235294 0.08235294 0.08235294 0.09019608 0.039215688 0.03137255 0.02745098 0.039215688 0.08235294 0.105882354 0.08627451 0.11372549 0.13333334 0.105882354 0.10980392 0.11764706 0.11372549 0.12941177 0.15294118 0.16862746
0.050980393 0.08627451 0.07058824 0.019607844 0.043137256 0.03529412 0.02745098 0.015686275 0.019607844 0.047058824 0.15294118 0.14509805 0.09019608 0.08235294 0.0627451 0.078431375 0.047058824 0.047058824 0.03137255 0.039215688 0.078431375 0.09803922 0.101960786 0.11764706 0.11764706 0.10980392 0.10980392 0.12941177 0.11764706 0.13333334 0.17254902 0.19607843
0.03137255 0.0627451 0.050980393 0.019607844 0.03137255 0.02745098 0.023529412 0.019607844 0.023529412 0.03529412 0.14509805 0.24705882 0.15686275 0.09411765 0.078431375 0.078431375 0.0627451 0.050980393 0.03529412 0.050980393 0.09803922 0.105882354 0.1254902 0.12156863 0.11372549 0.12156863 0.1254902 0.12941177 0.12156863 0.12156863 0.13725491 0.1882353
0.03529412 0.05882353 0.05882353 0.039215688 0.02745098 0.019607844 0.03529412 0.03137255 0.02745098 0.039215688 0.10980392 0.15294118 0.07450981 0.050980393 0.09019608 0.08627451 0.078431375 0.06666667 0.05490196 0.07450981 0.10980392 0.11372549 0.13333334 0.105882354 0.08235294 0.105882354 0.09019608 0.07450981 0.09019608 0.105882354 0.15686275 0.18039216
0.05882353 0.07058824 0.07058824 0.06666667 0.039215688 0.023529412 0.03529412 0.039215688 0.02745098 0.050980393 0.09019608 0.12941177 0.19215687 0.17254902 0.20392157 0.2627451 0.1254902 0.10980392 0.101960786 0.08235294 0.101960786 0.101960786 0.12156863 0.11372549 0.10980392 0.13333334 0.09019608 0.07450981 0.09803922 0.11764706 0.1764706 0.18039216
0.06666667 0.078431375 0.07058824 0.07058824 0.05882353 0.043137256 0.047058824 0.039215688 0.07058824 0.12156863 0.101960786 0.24313726 0.3372549 0.31764707 0.3882353 0.44313726 0.24705882 0.16078432 0.14117648 0.11372549 0.11764706 0.105882354 0.11372549 0.12156863 0.14117648 0.13333334 0.11372549 0.12941177 0.14509805 0.1882353 0.21960784 0.18039216
0.08235294 0.078431375 0.05882353 0.05490196 0.0627451 0.0627451 0.105882354 0.07450981 0.105882354 0.12156863 0.0627451 0.2901961 0.3882353 0.25882354 0.37254903 0.49019608 0.35686275 0.28235295 0.18039216 0.14117648 0.11764706 0.07450981 0.08627451 0.12156863 0.14117648 0.1254902 0.11764706 0.12941177 0.14117648 0.16470589 0.19215687 0.12941177
0.10980392 0.08235294 0.05882353 0.050980393 0.05490196 0.0627451 0.14509805 0.10980392 0.08627451 0.0627451 0.043137256 0.21568628 0.34117648 0.21568628 0.3529412 0.4 0.36078432 0.32941177 0.27450982 0.24313726 0.16078432 0.05490196 0.05882353 0.12156863 0.16078432 0.14901961 0.15294118 0.14117648 0.15686275 0.14509805 0.11372549 0.07058824
0.101960786 0.09803922 0.078431375 0.05882353 0.050980393 0.12156863 0.1882353 0.15686275 0.08627451 0.07450981 0.050980393 0.09803922 0.29411766 0.23921569 0.34901962 0.44313726 0.38039216 0.3529412 0.2901961 0.23529412 0.101960786 0.05490196 0.05490196 0.07450981 0.14117648 0.13333334 0.11764706 0.13333334 0.16862746 0.12941177 0.07450981 0.09803922
0.06666667 0.05882353 0.06666667 0.09803922 0.12156863 0.13725491 0.101960786 0.09803922 0.08235294 0.05882353 0.050980393 0.050980393 0.20784314 0.35686275 0.34509805 0.45490196 0.47058824 0.3647059 0.39215687 0.28627452 0.08627451 0.07058824 0.07058824 0.05882353 0.12941177 0.14117648 0.11372549 0.12941177 0.15294118 0.14901961 0.101960786 0.105882354
0.0627451 0.07058824 0.09411765 0.12156863 0.11764706 0.05882353 0.019607844 0.06666667 0.10980392 0.050980393 0.050980393 0.0627451 0.09019608 0.31764707 0.38431373 0.4117647 0.44705883 0.41568628 0.4392157 0.4862745 0.30980393 0.10980392 0.09411765 0.1882353 0.24705882 0.1764706 0.16470589 0.13725491 0.11372549 0.1254902 0.10980392 0.10980392
0.047058824 0.050980393 0.07450981 0.09411765 0.05490196 0.023529412 0.03137255 0.11764706 0.18431373 0.08627451 0.050980393 0.06666667 0.09019608 0.26666668 0.34117648 0.30588236 0.33333334 0.5254902 0.4745098 0.44705883 0.49019608 0.26666668 0.14901961 0.3647059 0.32156864 0.2 0.17254902 0.09019608 0.08627451 0.08235294 0.078431375 0.14117648
0.043137256 0.03529412 0.07450981 0.07058824 0.02745098 0.03137255 0.039215688 0.10980392 0.2627451 0.21568628 0.11764706 0.105882354 0.21960784 0.34509805 0.28235295 0.27450982 0.3882353 0.54509807 0.61960787 0.43529412 0.5019608 0.39215687 0.26666668 0.40784314 0.38431373 0.23137255 0.16862746 0.06666667 0.07450981 0.08627451 0.078431375 0.13333334
0.05882353 0.043137256 0.05882353 0.03529412 0.039215688 0.039215688 0.07450981 0.09803922 0.1882353 0.28235295 0.33333334 0.40784314 0.4 0.2509804 0.13725491 0.22352941 0.43529412 0.4627451 0.4509804 0.5294118 0.4627451 0.42745098 0.37254903 0.38431373 0.40392157 0.23921569 0.16470589 0.07450981 0.07450981 0.09803922 0.1254902 0.13725491
0.050980393 0.050980393 0.050980393 0.039215688 0.07058824 0.07450981 0.12941177 0.09411765 0.0627451 0.101960786 0.25882354 0.39215687 0.20784314 0.043137256 0.050980393 0.13725491 0.4509804 0.58431375 0.45490196 0.47843137 0.45490196 0.40392157 0.3764706 0.36862746 0.36862746 0.23529412 0.1882353 0.08235294 0.07450981 0.07450981 0.101960786 0.14117648
0.047058824 0.078431375 0.047058824 0.03529412 0.078431375 0.1254902 0.08235294 0.050980393 0.043137256 0.03529412 0.07058824 0.08235294 0.039215688 0.02745098 0.047058824 0.09019608 0.25490198 0.39215687 0.5372549 0.47058824 0.45490196 0.38039216 0.3254902 0.32941177 0.3647059 0.24705882 0.20784314 0.09411765 0.08235294 0.078431375 0.078431375 0.09411765
0.05882353 0.08235294 0.02745098 0.03529412 0.105882354 0.105882354 0.047058824 0.050980393 0.05882353 0.06666667 0.078431375 0.043137256 0.050980393 0.039215688 0.039215688 0.06666667 0.09411765 0.20392157 0.43529412 0.5019608 0.40784314 0.39215687 0.28235295 0.25882354 0.36078432 0.30588236 0.19215687 0.10980392 0.1254902 0.101960786 0.08235294 0.07450981
0.078431375 0.050980393 0.011764706 0.039215688 0.06666667 0.050980393 0.047058824 0.050980393 0.07450981 0.08235294 0.06666667 0.043137256 0.05490196 0.047058824 0.047058824 0.105882354 0.24313726 0.3019608 0.4 0.47058824 0.4117647 0.3254902 0.19607843 0.25490198 0.38039216 0.32941177 0.12941177 0.11764706 0.14901961 0.13725491 0.11372549 0.101960786
0.08235294 0.039215688 0.015686275 0.023529412 0.047058824 0.050980393 0.047058824 0.05490196 0.06666667 0.05882353 0.043137256 0.043137256 0.047058824 0.043137256 0.078431375 0.2627451 0.4509804 0.47843137 0.5058824 0.4627451 0.38039216 0.32941177 0.27058825 0.2901961 0.23921569 0.23529412 0.10980392 0.14117648 0.15294118 0.13725491 0.15294118 0.12156863
0.05490196 0.03137255 0.023529412 0.023529412 0.03529412 0.039215688 0.03137255 0.043137256 0.047058824 0.023529412 0.043137256 0.05882353 0.078431375 0.05490196 0.13725491 0.37254903 0.5411765 0.60784316 0.5294118 0.43137255 0.32941177 0.2784314 0.3529412 0.39215687 0.20784314 0.105882354 0.13333334 0.14901961 0.13333334 0.15294118 0.16862746 0.13333334
0.05490196 0.02745098 0.03137255 0.02745098 0.015686275 0.019607844 0.02745098 0.047058824 0.05490196 0.02745098 0.043137256 0.07058824 0.09803922 0.05882353 0.11764706 0.25490198 0.3882353 0.41960785 0.3647059 0.27058825 0.20392157 0.2901961 0.38431373 0.32941177 0.20784314 0.11372549 0.10980392 0.1254902 0.12941177 0.19215687 0.16862746 0.13333334
0.05882353 0.03529412 0.039215688 0.03137255 0.019607844 0.019607844 0.03137255 0.05882353 0.05882353 0.02745098 0.0627451 0.09019608 0.11764706 0.10980392 0.11372549 0.13725491 0.16470589 0.20784314 0.21176471 0.1764706 0.20784314 0.29803923 0.29803923 0.20392157 0.14117648 0.11764706 0.13725491 0.13725491 0.14509805 0.18431373 0.16470589 0.14117648
0.05490196 0.039215688 0.039215688 0.039215688 0.023529412 0.02745098 0.039215688 0.05490196 0.0627451 0.039215688 0.07058824 0.08235294 0.15294118 0.18431373 0.14509805 0.18431373 0.23529412 0.25490198 0.20784314 0.18431373 0.1764706 0.16862746 0.16470589 0.14509805 0.14901961 0.1254902 0.11764706 0.14117648 0.12156863 0.13725491 0.14509805 0.14901961
0.047058824 0.039215688 0.03529412 0.043137256 0.02745098 0.019607844 0.03529412 0.06666667 0.08627451 0.06666667 0.0627451 0.09411765 0.16862746 0.14117648 0.078431375 0.09411765 0.11372549 0.12941177 0.101960786 0.09411765 0.10980392 0.13333334 0.17254902 0.16078432 0.14901961 0.1254902 0.08627451 0.12156863 0.09411765 0.08627451 0.1254902 0.1254902
0.043137256 0.047058824 0.043137256 0.05490196 0.05490196 0.03137255 0.043137256 0.06666667 0.08627451 0.07450981 0.09803922 0.14117648 0.18431373 0.10980392 0.043137256 0.08235294 0.09019608 0.11372549 0.09411765 0.09411765 0.14901961 0.1764706 0.18431373 0.17254902 0.12941177 0.12941177 0.08235294 0.11764706 0.11372549 0.07058824 0.12156863 0.1254902
0.101960786 0.07450981 0.078431375 0.03137255 0.015686275 0.015686275 0.015686275 0.015686275 0.015686275 0.078431375 0.11764706 0.09411765 0.08235294 0.05882353 0.039215688 0.039215688 0.101960786 0.12156863 0.08627451 0.050980393 0.05490196 0.09019608 0.10980392 0.08235294 0.047058824 0.08235294 0.14901961 0.15686275 0.11372549 0.09019608 0.12941177 0.16470589
0.12941177 0.09803922 0.08627451 0.03137255 0.015686275 0.019607844 0.019607844 0.011764706 0.039215688 0.101960786 0.13725491 0.09019608 0.078431375 0.09411765 0.05490196 0.043137256 0.078431375 0.12156863 0.08627451 0.043137256 0.0627451 0.105882354 0.11764706 0.07058824 0.047058824 0.05882353 0.105882354 0.14117648 0.10980392 0.08235294 0.11372549 0.16862746
0.09019608 0.09411765 0.08235294 0.02745098 0.011764706 0.019607844 0.023529412 0.019607844 0.039215688 0.101960786 0.13333334 0.05882353 0.05490196 0.078431375 0.039215688 0.05882353 0.08235294 0.11764706 0.08627451 0.047058824 0.0627451 0.101960786 0.10980392 0.07450981 0.043137256 0.03529412 0.0627451 0.09803922 0.08235294 0.06666667 0.101960786 0.17254902
0.0627451 0.0627451 0.047058824 0.015686275 0.019607844 0.023529412 0.03529412 0.043137256 0.050980393 0.08235294 0.10980392 0.047058824 0.023529412 0.019607844 0.023529412 0.07450981 0.08235294 0.08627451 0.078431375 0.050980393 0.07058824 0.11372549 0.10980392 0.09019608 0.07058824 0.050980393 0.050980393 0.07058824 0.07058824 0.05490196 0.09803922 0.15294118
0.07058824 0.050980393 0.047058824 0.023529412 0.003921569 0.007843138 0.02745098 0.050980393 0.078431375 0.07058824 0.09411765 0.039215688 0.023529412 0.019607844 0.03529412 0.08235294 0.08235294 0.05882353 0.06666667 0.05882353 0.09019608 0.1254902 0.10980392 0.101960786 0.101960786 0.08627451 0.08235294 0.078431375 0.0627451 0.043137256 0.07058824 0.1254902
0.07058824 0.05490196 0.039215688 0.039215688 0.05490196 0.047058824 0.02745098 0.039215688 0.07058824 0.078431375 0.07450981 0.047058824 0.05490196 0.023529412 0.05882353 0.101960786 0.08627451 0.047058824 0.050980393 0.0627451 0.11372549 0.13333334 0.09019608 0.09019608 0.105882354 0.11372549 0.1254902 0.11764706 0.08627451 0.05490196 0.05882353 0.09803922
0.078431375 0.07058824 0.05490196 0.05882353 0.10980392 0.08235294 0.050980393 0.039215688 0.043137256 0.039215688 0.03137255 0.03137255 0.03137255 0.02745098 0.08235294 0.09411765 0.05490196 0.03529412 0.043137256 0.07058824 0.11764706 0.12941177 0.08627451 0.09411765 0.12156863 0.12156863 0.13725491 0.14117648 0.11372549 0.07450981 0.08235294 0.101960786
0.06666667 0.06666667 0.05490196 0.03137255 0.03137255 0.023529412 0.023529412 0.019607844 0.015686275 0.039215688 0.047058824 0.023529412 0.015686275 0.011764706 0.06666667 0.09803922 0.050980393 0.039215688 0.039215688 0.078431375 0.12156863 0.1254902 0.09019608 0.09803922 0.11764706 0.10980392 0.1254902 0.14117648 0.12156863 0.09411765 0.105882354 0.12941177
0.03137255 0.05882353 0.05490196 0.015686275 0.011764706 0.007843138 0.015686275 0.019607844 0.019607844 0.043137256 0.05490196 0.043137256 0.023529412 0.015686275 0.039215688 0.07450981 0.06666667 0.07058824 0.03529412 0.07450981 0.11764706 0.10980392 0.105882354 0.10980392 0.10980392 0.101960786 0.11372549 0.13725491 0.1254902 0.09411765 0.11764706 0.15686275
0.019607844 0.05490196 0.050980393 0.011764706 0.011764706 0.007843138 0.015686275 0.019607844 0.023529412 0.03137255 0.050980393 0.12941177 0.12156863 0.050980393 0.05490196 0.08627451 0.09411765 0.08235294 0.039215688 0.07450981 0.12156863 0.105882354 0.11372549 0.12156863 0.1254902 0.11372549 0.11764706 0.1254902 0.1254902 0.09019608 0.101960786 0.15686275
0.02745098 0.05490196 0.050980393 0.023529412 0.007843138 0.007843138 0.02745098 0.02745098 0.023529412 0.03137255 0.047058824 0.050980393 0.05882353 0.047058824 0.08627451 0.09019608 0.09803922 0.08235294 0.05490196 0.078431375 0.1254902 0.10980392 0.11764706 0.1254902 0.12156863 0.11764706 0.101960786 0.09411765 0.09803922 0.078431375 0.105882354 0.14117648
0.05490196 0.07450981 0.0627451 0.050980393 0.019607844 0.007843138 0.023529412 0.02745098 0.015686275 0.023529412 0.03529412 0.043137256 0.0627451 0.08627451 0.11764706 0.15686275 0.105882354 0.105882354 0.078431375 0.07450981 0.11372549 0.101960786 0.12156863 0.13333334 0.13333334 0.14117648 0.11764706 0.105882354 0.101960786 0.08627451 0.105882354 0.13333334
0.05882353 0.07450981 0.05882353 0.050980393 0.039215688 0.023529412 0.03137255 0.019607844 0.043137256 0.08235294 0.050980393 0.1254902 0.13333334 0.12156863 0.19607843 0.24705882 0.14117648 0.14509805 0.11764706 0.09019608 0.11372549 0.09803922 0.12156863 0.13333334 0.14117648 0.14117648 0.12941177 0.12941177 0.1254902 0.105882354 0.105882354 0.12156863
0.07450981 0.05882353 0.039215688 0.02745098 0.03137255 0.02745098 0.05490196 0.039215688 0.06666667 0.09411765 0.039215688 0.16078432 0.17254902 0.15294118 0.17254902 0.21960784 0.1882353 0.1882353 0.16470589 0.12941177 0.11764706 0.09803922 0.11372549 0.14117648 0.15294118 0.14509805 0.13725491 0.13725491 0.12941177 0.09803922 0.105882354 0.101960786
0.08627451 0.05490196 0.03137255 0.02745098 0.02745098 0.02745098 0.047058824 0.05490196 0.05882353 0.05490196 0.03137255 0.15686275 0.21568628 0.13725491 0.1764706 0.21176471 0.18431373 0.16470589 0.1764706 0.20784314 0.14901961 0.09411765 0.101960786 0.14117648 0.16862746 0.15686275 0.15294118 0.14509805 0.14117648 0.105882354 0.07450981 0.078431375
0.08627451 0.08627451 0.039215688 0.023529412 0.02745098 0.03529412 0.0627451 0.0627451 0.047058824 0.0627451 0.047058824 0.08627451 0.22745098 0.14117648 0.20784314 0.27058825 0.1764706 0.15686275 0.15686275 0.19215687 0.105882354 0.09411765 0.101960786 0.10980392 0.16078432 0.15294118 0.14117648 0.13725491 0.13725491 0.101960786 0.0627451 0.09411765
0.07058824 0.050980393 0.03529412 0.047058824 0.050980393 0.039215688 0.03529412 0.039215688 0.03529412 0.039215688 0.047058824 0.02745098 0.16470589 0.28235295 0.23137255 0.27058825 0.27058825 0.1764706 0.14901961 0.16078432 0.09019608 0.105882354 0.11372549 0.101960786 0.14117648 0.16078432 0.14509805 0.15294118 0.14117648 0.105882354 0.07450981 0.105882354
0.0627451 0.050980393 0.047058824 0.050980393 0.043137256 0.019607844 0.015686275 0.039215688 0.06666667 0.02745098 0.03529412 0.047058824 0.07058824 0.2627451 0.2901961 0.29411766 0.32156864 0.24313726 0.1882353 0.24705882 0.21568628 0.1254902 0.12941177 0.16078432 0.1882353 0.1882353 0.1882353 0.15686275 0.1254902 0.105882354 0.07450981 0.10980392
0.05490196 0.039215688 0.047058824 0.05490196 0.03137255 0.015686275 0.023529412 0.08627451 0.12941177 0.05490196 0.03529412 0.043137256 0.050980393 0.1882353 0.21960784 0.2 0.24313726 0.32156864 0.24313726 0.23137255 0.29411766 0.19215687 0.15294118 0.24313726 0.19607843 0.18431373 0.19607843 0.1254902 0.11372549 0.09803922 0.07450981 0.11372549
0.047058824 0.03529412 0.05882353 0.050980393 0.019607844 0.015686275 0.023529412 0.07058824 0.16862746 0.14509805 0.105882354 0.07450981 0.12941177 0.23529412 0.16862746 0.15686275 0.20392157 0.30588236 0.3647059 0.23137255 0.26666668 0.21960784 0.19215687 0.24705882 0.20784314 0.18431373 0.1882353 0.10980392 0.10980392 0.101960786 0.07058824 0.10980392
0.05882353 0.03529412 0.043137256 0.023529412 0.015686275 0.019607844 0.03529412 0.039215688 0.10980392 0.19607843 0.27058825 0.26666668 0.22352941 0.16470589 0.09019608 0.14901961 0.24313726 0.2509804 0.26666668 0.30588236 0.23137255 0.23137255 0.23529412 0.22745098 0.22352941 0.1882353 0.16862746 0.10980392 0.10980392 0.10980392 0.09019608 0.10980392
0.05882353 0.03529412 0.02745098 0.019607844 0.03137255 0.03529412 0.043137256 0.047058824 0.03529412 0.07450981 0.21568628 0.24313726 0.09019608 0.015686275 0.02745098 0.11764706 0.28627452 0.3254902 0.23137255 0.28235295 0.24705882 0.21568628 0.22352941 0.22745098 0.20392157 0.19607843 0.18039216 0.11372549 0.10980392 0.09019608 0.08627451 0.105882354
0.050980393 0.05490196 0.02745098 0.019607844 0.03137255 0.047058824 0.03529412 0.03137255 0.023529412 0.03529412 0.08235294 0.0627451 0.023529412 0.023529412 0.02745098 0.09019608 0.18431373 0.23137255 0.29411766 0.2627451 0.2784314 0.21960784 0.19215687 0.2 0.21176471 0.19607843 0.2 0.12156863 0.11372549 0.09411765 0.07058824 0.08235294
0.05490196 0.05882353 0.015686275 0.019607844 0.043137256 0.043137256 0.023529412 0.03137255 0.02745098 0.039215688 0.09411765 0.050980393 0.03137255 0.02745098 0.02745098 0.07058824 0.08627451 0.14117648 0.27058825 0.28627452 0.21568628 0.23529412 0.17254902 0.15686275 0.20784314 0.22352941 0.18431373 0.12941177 0.13333334 0.101960786 0.0627451 0.06666667
0.05882353 0.03529412 0.011764706 0.019607844 0.02745098 0.02745098 0.023529412 0.039215688 0.039215688 0.047058824 0.09019608 0.05882353 0.03137255 0.019607844 0.03529412 0.09019608 0.15294118 0.1764706 0.23921569 0.25882354 0.20392157 0.2 0.16470589 0.18431373 0.21568628 0.21568628 0.14509805 0.13333334 0.14509805 0.1254902 0.078431375 0.07450981
0.06666667 0.023529412 0.015686275 0.019607844 0.023529412 0.023529412 0.03137255 0.050980393 0.039215688 0.039215688 0.078431375 0.06666667 0.02745098 0.015686275 0.0627451 0.14509805 0.20784314 0.20392157 0.21176471 0.21176471 0.20392157 0.20784314 0.20392157 0.21176471 0.15686275 0.18039216 0.13333334 0.14509805 0.14901961 0.12941177 0.105882354 0.08627451
0.06666667 0.03137255 0.019607844 0.019607844 0.019607844 0.023529412 0.023529412 0.050980393 0.03529412 0.023529412 0.078431375 0.08627451 0.05490196 0.02745098 0.09019608 0.19215687 0.23529412 0.22352941 0.22352941 0.20392157 0.18431373 0.1882353 0.20392157 0.20784314 0.14901961 0.11372549 0.14509805 0.14117648 0.13725491 0.13725491 0.12156863 0.09019608
0.07450981 0.03529412 0.03137255 0.019607844 0.011764706 0.011764706 0.023529412 0.047058824 0.03137255 0.03137255 0.08235294 0.09803922 0.07450981 0.03137255 0.07450981 0.17254902 0.25490198 0.22352941 0.22745098 0.19607843 0.16078432 0.23921569 0.2784314 0.20784314 0.15686275 0.09803922 0.12156863 0.13725491 0.14117648 0.16078432 0.11764706 0.09803922
0.078431375 0.047058824 0.050980393 0.03529412 0.015686275 0.015686275 0.02745098 0.05490196 0.03529412 0.023529412 0.08627451 0.09803922 0.078431375 0.0627451 0.07450981 0.1254902 0.14509805 0.15686275 0.16078432 0.16078432 0.1882353 0.22352941 0.23137255 0.1764706 0.13725491 0.09803922 0.13725491 0.14117648 0.14509805 0.15294118 0.11764706 0.09411765
0.07450981 0.05882353 0.0627451 0.050980393 0.023529412 0.015686275 0.02745098 0.05490196 0.039215688 0.03137255 0.09019608 0.09803922 0.09411765 0.101960786 0.101960786 0.14901961 0.18039216 0.18039216 0.15294118 0.16078432 0.17254902 0.15294118 0.14901961 0.13725491 0.14117648 0.105882354 0.11764706 0.14117648 0.13333334 0.13725491 0.105882354 0.101960786
0.078431375 0.07058824 0.06666667 0.05882353 0.02745098 0.011764706 0.02745098 0.050980393 0.047058824 0.047058824 0.08627451 0.101960786 0.09019608 0.07058824 0.05882353 0.09019608 0.09411765 0.09803922 0.09019608 0.10980392 0.12941177 0.13725491 0.15686275 0.14509805 0.14117648 0.11764706 0.09411765 0.13725491 0.12156863 0.11372549 0.09803922 0.09019608
0.07450981 0.08235294 0.06666667 0.0627451 0.043137256 0.011764706 0.02745098 0.043137256 0.043137256 0.043137256 0.09411765 0.10980392 0.09803922 0.05882353 0.03529412 0.07450981 0.07450981 0.09019608 0.08627451 0.11372549 0.14901961 0.15686275 0.15686275 0.14901961 0.13333334 0.1254902 0.09019608 0.1254902 0.12941177 0.105882354 0.105882354 0.08627451
6 31 1
7 23 1
27 31 1
11 0 0
0 18 1
12 18 1
0 20 0
16 21 1
10 12 2
0 14 1
8 14 0
25 23 0
31 27 1
10 0 2
1 27 0
28 21 1
16 8 2
15 24 2
2 3 1
18 10 0
0 25 2
11 1 2
15 13 0
20 13 1
24 28 1
21 20 1
8 10 0
25 24 2
16 21 1
5 18 0
19 30 0
15 31 1
9 11 1
31 21 1
19 2 1
8 8 2
22 18 1
17 9 0
15 5 1
19 24 0
31 4 1
18 20 0
7 25 0
25 15 1
31 2 2
2 29 2
13 27 0
19 21 1
5 3 2
26 5 1
