32, 32, 3, 50
0.5647059 0.5647059 0.5803922 0.5882353 0.5921569 0.6 0.6 0.6039216 0.6 0.6039216 0.60784316 0.6039216 0.6117647 0.6117647 0.6117647 0.6117647 0.6117647 0.6117647 0.6117647 0.6117647 0.6156863 0.61960787 0.61960787 0.61960787 0.61960787 0.62352943 0.62352943 0.62352943 0.62352943 0.6156863 0.60784316 0.6
0.56078434 0.5647059 0.5803922 0.58431375 0.5882353 0.5921569 0.5921569 0.59607846 0.59607846 0.6 0.60784316 0.6 0.6 0.6039216 0.6039216 0.6 0.6039216 0.6039216 0.6 0.6 0.6039216 0.60784316 0.60784316 0.60784316 0.60784316 0.60784316 0.60784316 0.6039216 0.60784316 0.6117647 0.6039216 0.5882353
0.54901963 0.5529412 0.5686275 0.5686275 0.57254905 0.5764706 0.5764706 0.5803922 0.5803922 0.5803922 0.58431375 0.58431375 0.58431375 0.5882353 0.5882353 0.58431375 0.5803922 0.5803922 0.5764706 0.5764706 0.5803922 0.5882353 0.5921569 0.5921569 0.5882353 0.58431375 0.5803922 0.5882353 0.5882353 0.59607846 0.5882353 0.5803922
0.5411765 0.53333336 0.5411765 0.54509807 0.5529412 0.5568628 0.5647059 0.5647059 0.56078434 0.5686275 0.57254905 0.5686275 0.5686275 0.57254905 0.56078434 0.5372549 0.5529412 0.57254905 0.57254905 0.5647059 0.56078434 0.5647059 0.57254905 0.57254905 0.57254905 0.57254905 0.57254905 0.5803922 0.58431375 0.5921569 0.58431375 0.5803922
0.5529412 0.54509807 0.54901963 0.56078434 0.5647059 0.5647059 0.5686275 0.5686275 0.5686275 0.5764706 0.57254905 0.57254905 0.57254905 0.5882353 0.5882353 0.5529412 0.5764706 0.5803922 0.5764706 0.57254905 0.57254905 0.5803922 0.58431375 0.58431375 0.58431375 0.59607846 0.6039216 0.6 0.5921569 0.6 0.6 0.5882353
0.5647059 0.56078434 0.5647059 0.57254905 0.5686275 0.5686275 0.5686275 0.57254905 0.57254905 0.57254905 0.5647059 0.57254905 0.5803922 0.58431375 0.5803922 0.5568628 0.5803922 0.5882353 0.5803922 0.5803922 0.5882353 0.5921569 0.59607846 0.6 0.59607846 0.5921569 0.59607846 0.5921569 0.58431375 0.59607846 0.5921569 0.5803922
0.5647059 0.5647059 0.5686275 0.5647059 0.56078434 0.57254905 0.5647059 0.5882353 0.6156863 0.6313726 0.61960787 0.6 0.5882353 0.58431375 0.5921569 0.54901963 0.57254905 0.59607846 0.5882353 0.58431375 0.6 0.60784316 0.6 0.6 0.6 0.5882353 0.5921569 0.5882353 0.5803922 0.5882353 0.58431375 0.5882353
0.5647059 0.5686275 0.5686275 0.5647059 0.5686275 0.5647059 0.5411765 0.5568628 0.5647059 0.5647059 0.5568628 0.5294118 0.5058824 0.5019608 0.49803922 0.5176471 0.5803922 0.5882353 0.5882353 0.5921569 0.58431375 0.58431375 0.5803922 0.57254905 0.57254905 0.5882353 0.5882353 0.58431375 0.58431375 0.5803922 0.58431375 0.5882353
0.5568628 0.5529412 0.5529412 0.5568628 0.5686275 0.54509807 0.4392157 0.38431373 0.25490198 0.18039216 0.16470589 0.24705882 0.23137255 0.19607843 0.19607843 0.34117648 0.5294118 0.6 0.5647059 0.54901963 0.5803922 0.57254905 0.57254905 0.56078434 0.5647059 0.58431375 0.58431375 0.58431375 0.5882353 0.5921569 0.58431375 0.5764706
0.5568628 0.5568628 0.56078434 0.5568628 0.56078434 0.54901963 0.3764706 0.35686275 0.21960784 0.09019608 0.09803922 0.21568628 0.1254902 0.12941177 0.22352941 0.23137255 0.4392157 0.6039216 0.43137255 0.32941177 0.44705883 0.5764706 0.5686275 0.5686275 0.5764706 0.5921569 0.5921569 0.58431375 0.58431375 0.5882353 0.5764706 0.5686275
0.56078434 0.56078434 0.5686275 0.5686275 0.56078434 0.54509807 0.3882353 0.3764706 0.21176471 0.06666667 0.09803922 0.23529412 0.14509805 0.21960784 0.36078432 0.18431373 0.30980393 0.5254902 0.30980393 0.2509804 0.30588236 0.5372549 0.5647059 0.56078434 0.56078434 0.57254905 0.58431375 0.5803922 0.5803922 0.5882353 0.58431375 0.5803922
0.5411765 0.54509807 0.5529412 0.56078434 0.56078434 0.56078434 0.3764706 0.3529412 0.21176471 0.06666667 0.05490196 0.19215687 0.17254902 0.1882353 0.28235295 0.12156863 0.14901961 0.3019608 0.21568628 0.16470589 0.19215687 0.45882353 0.6 0.5686275 0.57254905 0.5921569 0.58431375 0.5686275 0.5764706 0.5882353 0.5764706 0.5647059
0.5411765 0.53333336 0.5411765 0.5372549 0.54901963 0.5058824 0.37254903 0.37254903 0.27450982 0.11372549 0.101960786 0.23137255 0.21176471 0.15686275 0.22352941 0.16078432 0.19607843 0.23529412 0.18431373 0.17254902 0.17254902 0.28627452 0.41960785 0.36078432 0.3882353 0.45882353 0.5294118 0.5529412 0.5529412 0.5647059 0.5686275 0.5647059
0.54901963 0.5411765 0.54509807 0.53333336 0.52156866 0.39607844 0.34117648 0.41568628 0.3647059 0.2627451 0.31764707 0.4 0.2 0.105882354 0.19215687 0.25882354 0.26666668 0.26666668 0.19215687 0.21960784 0.24705882 0.2509804 0.2784314 0.29411766 0.3137255 0.34901962 0.44313726 0.54509807 0.54509807 0.5647059 0.5882353 0.5764706
0.5176471 0.5176471 0.5294118 0.53333336 0.5058824 0.3882353 0.36862746 0.4509804 0.5254902 0.5137255 0.52156866 0.50980395 0.18039216 0.11372549 0.17254902 0.2 0.21176471 0.23529412 0.23137255 0.22352941 0.2509804 0.27450982 0.3137255 0.36862746 0.32941177 0.3529412 0.48235294 0.53333336 0.54901963 0.54901963 0.54901963 0.54509807
0.49803922 0.5019608 0.5058824 0.44705883 0.49803922 0.5058824 0.50980395 0.5294118 0.53333336 0.50980395 0.47843137 0.40392157 0.23921569 0.23137255 0.24705882 0.23921569 0.22352941 0.1882353 0.1764706 0.18039216 0.2627451 0.31764707 0.3254902 0.39215687 0.39215687 0.43529412 0.5254902 0.49019608 0.5176471 0.53333336 0.53333336 0.5372549
0.5058824 0.49803922 0.5058824 0.41960785 0.38431373 0.44705883 0.46666667 0.44705883 0.4117647 0.36078432 0.32941177 0.33333334 0.3529412 0.34117648 0.2901961 0.22352941 0.21960784 0.24313726 0.27450982 0.3137255 0.3529412 0.38039216 0.3647059 0.42352942 0.5254902 0.6862745 0.69411767 0.54901963 0.54509807 0.5529412 0.5529412 0.54901963
0.54901963 0.5411765 0.5686275 0.5254902 0.36078432 0.36078432 0.4 0.38431373 0.3764706 0.38039216 0.39607844 0.4117647 0.40392157 0.3882353 0.37254903 0.3529412 0.34509805 0.35686275 0.3529412 0.36078432 0.37254903 0.41568628 0.42745098 0.5019608 0.5803922 0.70980394 0.7372549 0.5568628 0.53333336 0.56078434 0.54901963 0.5411765
0.5176471 0.5058824 0.52156866 0.50980395 0.4392157 0.4627451 0.49803922 0.4862745 0.4745098 0.45882353 0.43529412 0.42745098 0.4509804 0.42745098 0.40784314 0.40392157 0.3882353 0.38039216 0.38039216 0.38431373 0.40784314 0.43137255 0.41568628 0.47843137 0.54509807 0.6509804 0.61960787 0.5254902 0.52156866 0.5294118 0.5294118 0.52156866
0.42352942 0.38431373 0.3882353 0.41568628 0.47058824 0.48235294 0.49019608 0.4862745 0.48235294 0.49019608 0.5019608 0.47058824 0.49411765 0.43137255 0.34901962 0.32156864 0.32941177 0.3254902 0.3137255 0.33333334 0.36862746 0.38431373 0.40784314 0.43137255 0.45490196 0.5254902 0.5568628 0.59607846 0.5882353 0.5647059 0.56078434 0.5647059
0.48235294 0.45882353 0.4509804 0.41568628 0.41568628 0.43529412 0.44313726 0.49019608 0.50980395 0.4862745 0.46666667 0.4509804 0.43529412 0.39607844 0.3529412 0.28627452 0.23921569 0.20392157 0.20392157 0.21568628 0.2627451 0.3137255 0.4 0.3529412 0.3137255 0.41960785 0.4509804 0.5137255 0.5686275 0.5686275 0.56078434 0.5647059
0.5372549 0.53333336 0.5254902 0.46666667 0.3764706 0.3647059 0.36078432 0.39607844 0.43529412 0.42352942 0.39607844 0.3764706 0.34901962 0.3137255 0.29803923 0.22745098 0.16470589 0.15294118 0.15686275 0.14509805 0.17254902 0.21960784 0.32156864 0.2901961 0.27450982 0.38039216 0.40784314 0.4509804 0.5019608 0.5294118 0.5411765 0.5568628
0.54901963 0.54509807 0.54901963 0.49019608 0.4 0.3882353 0.35686275 0.34901962 0.34117648 0.36078432 0.38039216 0.3529412 0.3019608 0.29803923 0.27058825 0.23137255 0.22352941 0.21176471 0.19215687 0.20392157 0.23921569 0.2627451 0.3137255 0.3254902 0.34509805 0.4745098 0.5529412 0.52156866 0.5372549 0.54509807 0.54509807 0.54901963
0.54509807 0.54509807 0.54509807 0.5176471 0.4745098 0.42352942 0.33333334 0.34509805 0.29803923 0.24705882 0.29411766 0.30980393 0.25882354 0.25882354 0.24705882 0.24705882 0.24313726 0.22745098 0.22352941 0.25490198 0.2901961 0.29803923 0.33333334 0.38039216 0.38431373 0.48235294 0.6 0.5529412 0.5568628 0.56078434 0.5568628 0.5529412
0.54509807 0.54509807 0.54509807 0.52156866 0.49411765 0.44313726 0.3529412 0.3647059 0.3647059 0.3137255 0.30588236 0.3254902 0.34901962 0.3372549 0.3137255 0.29803923 0.30588236 0.3019608 0.2509804 0.23529412 0.27450982 0.2784314 0.30980393 0.38039216 0.39215687 0.45490196 0.5686275 0.5647059 0.5529412 0.5568628 0.5529412 0.5529412
0.5411765 0.5411765 0.5411765 0.53333336 0.5137255 0.45882353 0.35686275 0.3647059 0.36078432 0.31764707 0.32941177 0.30588236 0.3019608 0.34901962 0.32941177 0.27450982 0.3137255 0.30980393 0.27058825 0.27058825 0.29411766 0.30588236 0.32156864 0.36078432 0.3882353 0.47843137 0.5764706 0.5921569 0.5764706 0.5647059 0.5647059 0.5529412
0.5372549 0.53333336 0.54509807 0.5372549 0.5058824 0.4627451 0.4117647 0.41568628 0.39215687 0.3372549 0.28235295 0.3254902 0.32941177 0.34901962 0.37254903 0.34901962 0.38431373 0.40784314 0.3882353 0.37254903 0.40392157 0.39607844 0.34117648 0.37254903 0.3529412 0.43137255 0.5372549 0.5411765 0.56078434 0.5529412 0.54901963 0.54509807
0.5372549 0.5294118 0.5372549 0.5254902 0.49411765 0.4627451 0.41960785 0.4117647 0.37254903 0.35686275 0.34509805 0.3764706 0.3647059 0.36862746 0.40784314 0.3882353 0.39215687 0.41568628 0.3882353 0.38431373 0.43529412 0.44313726 0.38039216 0.4 0.41960785 0.47058824 0.5294118 0.5372549 0.54901963 0.5372549 0.53333336 0.5254902
0.5254902 0.5254902 0.53333336 0.5294118 0.49019608 0.46666667 0.45882353 0.4509804 0.39607844 0.3764706 0.3647059 0.34509805 0.34117648 0.3254902 0.34117648 0.35686275 0.36078432 0.38431373 0.34509805 0.34509805 0.42745098 0.44313726 0.45490196 0.45490196 0.4627451 0.47843137 0.5294118 0.5568628 0.56078434 0.5647059 0.56078434 0.5568628
0.50980395 0.5137255 0.52156866 0.5176471 0.5058824 0.4627451 0.44705883 0.46666667 0.44313726 0.41960785 0.41568628 0.42745098 0.42352942 0.42745098 0.44313726 0.42745098 0.43137255 0.44705883 0.43137255 0.42745098 0.44313726 0.48235294 0.47843137 0.4745098 0.4509804 0.45882353 0.5137255 0.53333336 0.5372549 0.5372549 0.5254902 0.5176471
0.4862745 0.49411765 0.49803922 0.5019608 0.5137255 0.49803922 0.46666667 0.45490196 0.4117647 0.41960785 0.44313726 0.4509804 0.43137255 0.4509804 0.4392157 0.41960785 0.42352942 0.40392157 0.40392157 0.40784314 0.40392157 0.4509804 0.44705883 0.44705883 0.44313726 0.47058824 0.50980395 0.5294118 0.53333336 0.5372549 0.52156866 0.50980395
0.4745098 0.49019608 0.5058824 0.50980395 0.50980395 0.49411765 0.46666667 0.46666667 0.4627451 0.45882353 0.44705883 0.42352942 0.43529412 0.46666667 0.45882353 0.4392157 0.44705883 0.46666667 0.4392157 0.40784314 0.42352942 0.43137255 0.43529412 0.45490196 0.47058824 0.49019608 0.52156866 0.5411765 0.5294118 0.5372549 0.5372549 0.5294118
0.5764706 0.5764706 0.5921569 0.6039216 0.6117647 0.61960787 0.61960787 0.61960787 0.6117647 0.6156863 0.61960787 0.6156863 0.62352943 0.62352943 0.62352943 0.62352943 0.62352943 0.62352943 0.62352943 0.62352943 0.627451 0.6313726 0.6313726 0.6313726 0.6313726 0.63529414 0.63529414 0.63529414 0.63529414 0.627451 0.61960787 0.6117647
0.57254905 0.5764706 0.5921569 0.6039216 0.60784316 0.6117647 0.6117647 0.6117647 0.6117647 0.6117647 0.61960787 0.6156863 0.6117647 0.6156863 0.6156863 0.6117647 0.6156863 0.6156863 0.6156863 0.6156863 0.61960787 0.61960787 0.61960787 0.61960787 0.61960787 0.61960787 0.61960787 0.61960787 0.61960787 0.62352943 0.6156863 0.6
0.5686275 0.57254905 0.58431375 0.5882353 0.5921569 0.59607846 0.59607846 0.6 0.59607846 0.6 0.6039216 0.6039216 0.6039216 0.6039216 0.60784316 0.6 0.6 0.6 0.59607846 0.5921569 0.6 0.6039216 0.6117647 0.6117647 0.60784316 0.6 0.6 0.60784316 0.60784316 0.60784316 0.6 0.5921569
0.56078434 0.5529412 0.56078434 0.5647059 0.57254905 0.5764706 0.58431375 0.58431375 0.58431375 0.5882353 0.5921569 0.5921569 0.5882353 0.5921569 0.58431375 0.5568628 0.57254905 0.5921569 0.5921569 0.58431375 0.5803922 0.58431375 0.5921569 0.5921569 0.5921569 0.5921569 0.5921569 0.6 0.6039216 0.6039216 0.59607846 0.5921569
0.57254905 0.5647059 0.5686275 0.5803922 0.58431375 0.58431375 0.5882353 0.58431375 0.58431375 0.59607846 0.5921569 0.5882353 0.5921569 0.60784316 0.60784316 0.57254905 0.59607846 0.6 0.59607846 0.5921569 0.5921569 0.6 0.6039216 0.6039216 0.6039216 0.6156863 0.62352943 0.61960787 0.6117647 0.6117647 0.6117647 0.6039216
0.58431375 0.5803922 0.58431375 0.5921569 0.5882353 0.5882353 0.5882353 0.6 0.6117647 0.6117647 0.6039216 0.60784316 0.6039216 0.6039216 0.6 0.57254905 0.6 0.60784316 0.6 0.6 0.60784316 0.6117647 0.6156863 0.61960787 0.6156863 0.6117647 0.6156863 0.6117647 0.6039216 0.6156863 0.6117647 0.6
0.58431375 0.58431375 0.5882353 0.58431375 0.5803922 0.5921569 0.5882353 0.5921569 0.5647059 0.5372549 0.5411765 0.5764706 0.60784316 0.60784316 0.6117647 0.5686275 0.5921569 0.6117647 0.60784316 0.6039216 0.61960787 0.627451 0.6156863 0.6156863 0.6156863 0.60784316 0.6117647 0.60784316 0.6 0.60784316 0.6039216 0.60784316
0.58431375 0.5882353 0.5882353 0.5803922 0.5882353 0.58431375 0.56078434 0.53333336 0.44705883 0.40392157 0.4117647 0.4509804 0.5137255 0.50980395 0.49803922 0.52156866 0.6039216 0.6117647 0.6 0.6039216 0.6039216 0.60784316 0.60784316 0.6039216 0.6 0.60784316 0.60784316 0.6039216 0.6039216 0.6 0.6039216 0.60784316
0.5764706 0.57254905 0.57254905 0.57254905 0.58431375 0.5647059 0.4627451 0.40784314 0.27058825 0.19607843 0.18431373 0.2627451 0.23529412 0.1882353 0.1764706 0.30980393 0.5176471 0.6039216 0.57254905 0.5568628 0.5921569 0.5921569 0.60784316 0.60784316 0.6039216 0.6039216 0.6039216 0.6039216 0.60784316 0.6117647 0.6039216 0.59607846
0.5764706 0.5764706 0.5803922 0.57254905 0.5764706 0.5686275 0.39607844 0.37254903 0.21960784 0.09019608 0.09411765 0.20784314 0.11372549 0.15294118 0.23137255 0.18039216 0.38431373 0.59607846 0.43137255 0.2784314 0.4117647 0.5803922 0.5882353 0.59607846 0.6039216 0.6156863 0.6117647 0.6039216 0.6039216 0.60784316 0.59607846 0.5882353
0.5803922 0.5803922 0.5882353 0.5882353 0.58431375 0.5686275 0.4 0.38039216 0.20784314 0.0627451 0.09411765 0.23137255 0.12941177 0.22352941 0.35686275 0.14901961 0.25882354 0.52156866 0.3137255 0.16470589 0.24313726 0.5372549 0.57254905 0.58431375 0.58431375 0.5921569 0.6039216 0.6 0.6039216 0.60784316 0.6039216 0.6
0.56078434 0.5647059 0.57254905 0.5803922 0.5764706 0.57254905 0.40784314 0.3882353 0.23529412 0.09019608 0.078431375 0.20784314 0.15294118 0.13725491 0.23137255 0.09803922 0.12941177 0.31764707 0.25882354 0.15686275 0.1764706 0.45882353 0.6117647 0.5921569 0.59607846 0.6117647 0.6039216 0.5882353 0.59607846 0.60784316 0.59607846 0.58431375
0.5647059 0.5529412 0.56078434 0.5764706 0.54901963 0.4509804 0.34117648 0.38039216 0.29411766 0.12941177 0.11764706 0.24705882 0.21568628 0.13333334 0.19607843 0.16078432 0.20784314 0.2509804 0.20392157 0.1882353 0.1764706 0.28627452 0.42745098 0.38431373 0.4117647 0.48235294 0.54901963 0.5764706 0.5764706 0.58431375 0.5882353 0.58431375
0.5686275 0.56078434 0.5647059 0.5803922 0.49411765 0.25490198 0.20784314 0.3647059 0.36862746 0.26666668 0.32156864 0.4117647 0.22352941 0.12156863 0.20784314 0.28627452 0.28235295 0.27450982 0.2 0.22745098 0.25882354 0.2627451 0.29411766 0.3137255 0.34901962 0.34901962 0.42352942 0.5764706 0.5764706 0.58431375 0.60784316 0.59607846
0.5372549 0.5372549 0.54901963 0.5647059 0.4627451 0.23137255 0.1882353 0.3647059 0.5411765 0.5294118 0.5372549 0.5254902 0.19607843 0.12941177 0.1882353 0.21568628 0.22745098 0.2509804 0.24705882 0.23921569 0.27058825 0.29411766 0.33333334 0.38431373 0.3529412 0.33333334 0.4509804 0.57254905 0.56078434 0.5647059 0.57254905 0.5647059
0.52156866 0.52156866 0.5254902 0.48235294 0.5058824 0.45882353 0.44705883 0.5019608 0.54901963 0.5254902 0.49411765 0.41960785 0.25490198 0.24705882 0.2627451 0.25882354 0.23921569 0.20392157 0.19215687 0.19607843 0.28235295 0.3372549 0.34901962 0.42352942 0.3529412 0.2784314 0.47058824 0.5568628 0.5372549 0.54901963 0.5529412 0.5529412
0.5372549 0.5294118 0.5372549 0.44705883 0.40784314 0.47058824 0.49411765 0.47058824 0.42745098 0.38039216 0.34901962 0.3529412 0.37254903 0.36078432 0.30980393 0.24313726 0.23529412 0.2627451 0.29411766 0.33333334 0.38431373 0.38039216 0.3882353 0.45882353 0.34509805 0.1882353 0.39607844 0.5647059 0.5529412 0.5686275 0.57254905 0.5686275
0.58431375 0.5764706 0.6039216 0.54901963 0.38039216 0.38039216 0.41960785 0.40392157 0.39215687 0.4 0.41568628 0.42745098 0.42352942 0.40784314 0.39215687 0.37254903 0.3647059 0.3764706 0.37254903 0.38039216 0.40392157 0.41568628 0.4392157 0.45882353 0.28235295 0.15294118 0.25490198 0.5411765 0.57254905 0.5647059 0.5686275 0.56078434
0.5529412 0.5411765 0.5647059 0.5411765 0.4627451 0.4862745 0.52156866 0.50980395 0.49803922 0.47843137 0.45882353 0.44705883 0.47058824 0.44705883 0.43137255 0.42745098 0.4117647 0.40392157 0.4 0.40784314 0.42352942 0.43529412 0.45882353 0.44705883 0.27058825 0.1254902 0.27058825 0.5294118 0.5372549 0.5411765 0.54901963 0.5372549
0.4627451 0.43529412 0.45490196 0.4627451 0.5058824 0.5176471 0.5294118 0.52156866 0.5176471 0.52156866 0.53333336 0.5058824 0.5294118 0.46666667 0.38431373 0.36078432 0.36862746 0.3647059 0.3529412 0.37254903 0.39607844 0.4 0.43529412 0.44705883 0.39215687 0.36078432 0.47843137 0.5921569 0.5921569 0.58431375 0.5803922 0.58431375
0.5058824 0.49803922 0.5019608 0.4627451 0.45490196 0.4745098 0.48235294 0.5294118 0.54509807 0.52156866 0.5019608 0.4862745 0.47058824 0.43529412 0.39215687 0.3254902 0.26666668 0.22745098 0.23137255 0.23921569 0.28627452 0.3372549 0.41960785 0.37254903 0.3372549 0.4509804 0.46666667 0.5058824 0.5647059 0.5882353 0.5803922 0.58431375
0.54901963 0.5568628 0.5568628 0.5019608 0.4117647 0.39607844 0.39215687 0.42745098 0.46666667 0.45490196 0.42745098 0.40784314 0.39215687 0.35686275 0.3372549 0.26666668 0.18039216 0.16078432 0.16470589 0.15686275 0.18039216 0.23137255 0.34117648 0.30980393 0.2627451 0.3137255 0.3529412 0.4509804 0.5058824 0.54509807 0.56078434 0.5764706
0.5647059 0.5647059 0.5686275 0.5176471 0.42745098 0.4 0.36078432 0.35686275 0.36078432 0.38431373 0.40392157 0.3764706 0.34509805 0.3372549 0.30980393 0.27058825 0.24313726 0.22745098 0.20784314 0.21960784 0.22745098 0.25882354 0.32941177 0.3372549 0.2784314 0.24313726 0.36862746 0.5372549 0.54901963 0.56078434 0.5647059 0.5686275
0.5647059 0.5647059 0.5647059 0.54509807 0.5019608 0.43529412 0.33333334 0.3529412 0.31764707 0.26666668 0.3137255 0.32941177 0.2784314 0.2784314 0.26666668 0.26666668 0.25882354 0.24313726 0.23921569 0.27058825 0.29411766 0.3137255 0.34901962 0.3647059 0.2901961 0.22745098 0.4 0.5764706 0.5686275 0.57254905 0.5764706 0.5686275
0.5647059 0.5647059 0.5647059 0.54901963 0.52156866 0.45490196 0.35686275 0.36862746 0.38431373 0.33333334 0.3254902 0.34901962 0.37254903 0.3529412 0.32156864 0.30588236 0.31764707 0.31764707 0.26666668 0.25490198 0.28627452 0.30980393 0.3372549 0.3647059 0.29411766 0.21960784 0.38039216 0.5803922 0.5803922 0.57254905 0.5764706 0.57254905
0.56078434 0.5568628 0.56078434 0.54901963 0.5176471 0.4509804 0.3372549 0.36078432 0.38039216 0.3372549 0.34901962 0.32941177 0.34901962 0.38431373 0.34901962 0.28235295 0.32941177 0.32941177 0.2901961 0.2901961 0.30588236 0.33333334 0.35686275 0.3647059 0.3019608 0.25882354 0.4 0.57254905 0.5921569 0.58431375 0.58431375 0.57254905
0.5568628 0.5529412 0.5647059 0.56078434 0.5254902 0.4745098 0.4117647 0.41960785 0.4117647 0.35686275 0.3019608 0.34901962 0.37254903 0.38431373 0.39215687 0.35686275 0.4 0.42745098 0.40784314 0.39215687 0.4117647 0.42352942 0.3764706 0.3764706 0.28627452 0.28627452 0.4627451 0.58431375 0.5803922 0.5686275 0.5686275 0.5647059
0.5568628 0.54901963 0.5529412 0.5686275 0.54509807 0.5019608 0.4392157 0.43137255 0.39215687 0.3764706 0.3647059 0.4 0.40784314 0.4117647 0.4392157 0.41960785 0.42352942 0.4509804 0.42352942 0.41568628 0.45490196 0.46666667 0.40784314 0.4117647 0.3882353 0.39215687 0.5019608 0.56078434 0.5529412 0.5529412 0.5529412 0.54509807
0.54509807 0.54509807 0.54901963 0.5647059 0.53333336 0.49019608 0.47058824 0.4627451 0.41568628 0.39607844 0.38431373 0.3647059 0.3529412 0.34117648 0.35686275 0.37254903 0.3764706 0.4 0.36078432 0.36078432 0.44313726 0.4627451 0.4745098 0.47843137 0.46666667 0.46666667 0.5294118 0.5686275 0.5803922 0.58431375 0.5803922 0.5764706
0.53333336 0.53333336 0.5411765 0.5529412 0.54901963 0.49019608 0.45490196 0.4745098 0.45882353 0.4392157 0.43137255 0.44313726 0.44313726 0.44705883 0.45882353 0.44313726 0.4509804 0.46666667 0.4509804 0.44705883 0.4627451 0.5019608 0.49803922 0.49411765 0.4627451 0.46666667 0.53333336 0.5647059 0.57254905 0.56078434 0.54509807 0.5372549
0.52156866 0.5294118 0.53333336 0.53333336 0.5411765 0.5176471 0.48235294 0.46666667 0.42352942 0.43137255 0.45490196 0.46666667 0.45882353 0.4745098 0.4509804 0.42352942 0.4509804 0.4392157 0.43529412 0.4392157 0.4392157 0.4862745 0.48235294 0.48235294 0.45882353 0.45882353 0.50980395 0.54509807 0.5568628 0.5568628 0.5411765 0.5294118
0.5058824 0.52156866 0.53333336 0.53333336 0.5294118 0.5137255 0.4862745 0.49411765 0.5019608 0.49803922 0.4862745 0.46666667 0.4745098 0.49803922 0.4745098 0.44705883 0.4627451 0.4862745 0.45882353 0.42745098 0.44705883 0.45882353 0.46666667 0.4862745 0.48235294 0.47843137 0.5254902 0.5529412 0.5529412 0.5568628 0.5568628 0.54901963
0.6039216 0.6039216 0.61960787 0.6313726 0.63529414 0.6431373 0.6431373 0.6431373 0.6392157 0.6431373 0.64705884 0.6431373 0.6509804 0.6509804 0.6509804 0.6509804 0.6509804 0.6509804 0.6509804 0.6509804 0.654902 0.65882355 0.65882355 0.65882355 0.65882355 0.6627451 0.6627451 0.6627451 0.6627451 0.654902 0.64705884 0.6392157
0.6 0.6039216 0.61960787 0.627451 0.6313726 0.63529414 0.63529414 0.6392157 0.6392157 0.6392157 0.64705884 0.6392157 0.6392157 0.6431373 0.6431373 0.6392157 0.6431373 0.6431373 0.6392157 0.6431373 0.6431373 0.64705884 0.64705884 0.64705884 0.64705884 0.64705884 0.64705884 0.6431373 0.64705884 0.6509804 0.6431373 0.627451
0.5921569 0.59607846 0.60784316 0.6117647 0.6156863 0.61960787 0.61960787 0.62352943 0.62352943 0.62352943 0.627451 0.627451 0.627451 0.6313726 0.6313726 0.627451 0.62352943 0.62352943 0.61960787 0.6156863 0.62352943 0.6313726 0.63529414 0.63529414 0.6313726 0.62352943 0.62352943 0.6313726 0.6313726 0.63529414 0.627451 0.61960787
0.58431375 0.5764706 0.58431375 0.5882353 0.59607846 0.6 0.60784316 0.60784316 0.60784316 0.6117647 0.6156863 0.6117647 0.6117647 0.6156863 0.60784316 0.5803922 0.59607846 0.6156863 0.6156863 0.60784316 0.6039216 0.60784316 0.6156863 0.6156863 0.6156863 0.6156863 0.6156863 0.62352943 0.627451 0.6313726 0.62352943 0.61960787
0.59607846 0.5882353 0.5921569 0.6039216 0.60784316 0.60784316 0.6117647 0.6117647 0.6117647 0.62352943 0.61960787 0.6156863 0.6156863 0.6313726 0.6313726 0.59607846 0.61960787 0.62352943 0.61960787 0.6156863 0.6156863 0.62352943 0.627451 0.627451 0.627451 0.6392157 0.64705884 0.6431373 0.63529414 0.6392157 0.6392157 0.6313726
0.60784316 0.6039216 0.60784316 0.6156863 0.6117647 0.6117647 0.6117647 0.62352943 0.63529414 0.63529414 0.627451 0.6313726 0.627451 0.627451 0.62352943 0.59607846 0.62352943 0.6313726 0.62352943 0.62352943 0.6313726 0.63529414 0.6392157 0.6431373 0.6392157 0.63529414 0.6392157 0.63529414 0.627451 0.6392157 0.63529414 0.62352943
0.6117647 0.60784316 0.6117647 0.60784316 0.6039216 0.6117647 0.6117647 0.6 0.5568628 0.54509807 0.5411765 0.57254905 0.627451 0.6313726 0.63529414 0.59607846 0.6156863 0.6392157 0.6313726 0.627451 0.6431373 0.6509804 0.6392157 0.6392157 0.6392157 0.6313726 0.63529414 0.6313726 0.62352943 0.6313726 0.627451 0.6313726
0.60784316 0.6117647 0.6117647 0.6117647 0.6156863 0.6039216 0.5803922 0.53333336 0.43137255 0.40392157 0.40392157 0.4392157 0.5254902 0.5254902 0.5176471 0.5411765 0.6156863 0.627451 0.627451 0.6392157 0.6313726 0.6313726 0.627451 0.62352943 0.61960787 0.6313726 0.6313726 0.627451 0.627451 0.62352943 0.627451 0.6313726
0.6039216 0.59607846 0.59607846 0.60784316 0.62352943 0.5882353 0.46666667 0.40392157 0.2627451 0.1882353 0.1764706 0.25882354 0.23529412 0.1882353 0.18431373 0.32156864 0.5294118 0.61960787 0.59607846 0.5921569 0.62352943 0.6156863 0.627451 0.62352943 0.62352943 0.6313726 0.627451 0.627451 0.6313726 0.63529414 0.627451 0.61960787
0.6039216 0.6 0.6039216 0.6117647 0.6156863 0.5882353 0.40392157 0.37254903 0.21960784 0.09019608 0.09803922 0.21176471 0.11764706 0.14509805 0.22745098 0.2 0.41568628 0.6117647 0.43529412 0.2901961 0.4392157 0.6117647 0.6117647 0.61960787 0.627451 0.6392157 0.63529414 0.627451 0.627451 0.6313726 0.61960787 0.6117647
0.6039216 0.6039216 0.6117647 0.6 0.6039216 0.6 0.41960785 0.3882353 0.21960784 0.07450981 0.101960786 0.23921569 0.14117648 0.21568628 0.34901962 0.16862746 0.28627452 0.5294118 0.30980393 0.18039216 0.26666668 0.5529412 0.5921569 0.6039216 0.60784316 0.6156863 0.627451 0.62352943 0.62352943 0.6313726 0.627451 0.62352943
0.58431375 0.5882353 0.59607846 0.59607846 0.6 0.6117647 0.42352942 0.3882353 0.24705882 0.09803922 0.08627451 0.22352941 0.17254902 0.14117648 0.23529412 0.11764706 0.14117648 0.3137255 0.24313726 0.16078432 0.1764706 0.45882353 0.61960787 0.6117647 0.61960787 0.63529414 0.627451 0.6117647 0.61960787 0.6313726 0.61960787 0.60784316
0.5882353 0.5764706 0.58431375 0.6 0.5568628 0.4392157 0.30980393 0.3647059 0.30588236 0.14117648 0.12941177 0.25882354 0.22352941 0.1254902 0.19215687 0.17254902 0.21176471 0.24705882 0.2 0.18039216 0.16862746 0.28627452 0.43529412 0.40392157 0.43529412 0.5058824 0.57254905 0.59607846 0.6 0.60784316 0.6117647 0.60784316
0.5921569 0.58431375 0.5882353 0.6117647 0.4862745 0.19215687 0.13725491 0.33333334 0.38431373 0.28235295 0.3372549 0.42352942 0.21960784 0.10980392 0.2 0.28235295 0.2784314 0.27450982 0.2 0.22352941 0.25882354 0.27058825 0.30588236 0.32941177 0.3529412 0.36078432 0.44705883 0.5921569 0.59607846 0.60784316 0.6313726 0.61960787
0.56078434 0.56078434 0.57254905 0.58431375 0.45490196 0.19215687 0.13725491 0.34117648 0.5529412 0.5411765 0.54901963 0.5372549 0.19215687 0.1254902 0.18431373 0.21176471 0.22352941 0.24705882 0.24313726 0.23529412 0.27450982 0.30588236 0.34509805 0.4 0.3529412 0.34117648 0.47058824 0.5803922 0.58431375 0.5882353 0.5921569 0.5882353
0.54509807 0.54509807 0.54901963 0.49411765 0.50980395 0.4627451 0.43137255 0.49019608 0.56078434 0.5372549 0.5058824 0.43137255 0.2509804 0.24313726 0.25882354 0.25490198 0.23529412 0.2 0.19215687 0.19215687 0.28627452 0.34901962 0.36078432 0.43137255 0.37254903 0.3254902 0.49411765 0.56078434 0.5647059 0.5764706 0.5764706 0.5803922
0.5568628 0.54901963 0.56078434 0.4627451 0.42352942 0.4862745 0.5019608 0.47843137 0.4392157 0.39215687 0.36078432 0.3647059 0.38039216 0.36862746 0.31764707 0.2509804 0.24313726 0.27058825 0.3019608 0.34117648 0.38039216 0.39607844 0.4 0.44705883 0.35686275 0.23921569 0.4117647 0.5803922 0.5921569 0.5921569 0.59607846 0.5921569
0.6039216 0.59607846 0.62352943 0.5647059 0.39215687 0.39215687 0.43137255 0.41568628 0.40392157 0.4117647 0.42745098 0.4392157 0.43529412 0.41960785 0.40392157 0.38431373 0.3764706 0.3882353 0.38431373 0.39215687 0.39607844 0.43137255 0.45882353 0.46666667 0.3019608 0.15686275 0.27058825 0.54509807 0.5882353 0.5921569 0.5921569 0.58431375
0.57254905 0.56078434 0.5803922 0.5529412 0.47058824 0.49803922 0.5294118 0.52156866 0.50980395 0.49019608 0.47058824 0.45882353 0.48235294 0.45882353 0.44313726 0.43529412 0.42352942 0.41568628 0.4117647 0.41568628 0.42352942 0.4509804 0.46666667 0.45490196 0.3019608 0.16078432 0.28235295 0.54509807 0.57254905 0.5647059 0.57254905 0.56078434
0.47843137 0.4509804 0.4627451 0.46666667 0.50980395 0.5254902 0.53333336 0.53333336 0.53333336 0.5411765 0.5529412 0.52156866 0.5372549 0.4745098 0.3882353 0.3647059 0.37254903 0.36862746 0.35686275 0.3764706 0.40392157 0.4117647 0.44705883 0.45490196 0.40784314 0.39215687 0.49411765 0.61960787 0.627451 0.60784316 0.6039216 0.60784316
0.5294118 0.5137255 0.5176471 0.47058824 0.45882353 0.47843137 0.4862745 0.5411765 0.5647059 0.5411765 0.52156866 0.5058824 0.47843137 0.4392157 0.39607844 0.32941177 0.27450982 0.23921569 0.23921569 0.2509804 0.29411766 0.34509805 0.43137255 0.3882353 0.3372549 0.44313726 0.4745098 0.5294118 0.59607846 0.6117647 0.6039216 0.60784316
0.5764706 0.5803922 0.5764706 0.5137255 0.41568628 0.4 0.3882353 0.43137255 0.4862745 0.47058824 0.44313726 0.42352942 0.39607844 0.36078432 0.34117648 0.27058825 0.19215687 0.1764706 0.1764706 0.16862746 0.19607843 0.24705882 0.34901962 0.31764707 0.26666668 0.32156864 0.37254903 0.47058824 0.5372549 0.5686275 0.58431375 0.6
0.5882353 0.5882353 0.5921569 0.53333336 0.43137255 0.39607844 0.34901962 0.3529412 0.37254903 0.39607844 0.41568628 0.3882353 0.34509805 0.34117648 0.3137255 0.27450982 0.25490198 0.23921569 0.21960784 0.23137255 0.25490198 0.28235295 0.3372549 0.3372549 0.27450982 0.27058825 0.4117647 0.54901963 0.5803922 0.5882353 0.5882353 0.5921569
0.5882353 0.5882353 0.5882353 0.56078434 0.5019608 0.43137255 0.32156864 0.34509805 0.32941177 0.2784314 0.3254902 0.34117648 0.2901961 0.2901961 0.2784314 0.2784314 0.27058825 0.25490198 0.2509804 0.28235295 0.31764707 0.33333334 0.35686275 0.37254903 0.2901961 0.25882354 0.44313726 0.58431375 0.6039216 0.6 0.6 0.5921569
0.5882353 0.5882353 0.5882353 0.5686275 0.5294118 0.45490196 0.34901962 0.36862746 0.39607844 0.34509805 0.3372549 0.35686275 0.38039216 0.3647059 0.3372549 0.32156864 0.32941177 0.32941177 0.2784314 0.26666668 0.30980393 0.3254902 0.34117648 0.37254903 0.29803923 0.24705882 0.41960785 0.58431375 0.6039216 0.6 0.59607846 0.59607846
0.58431375 0.5803922 0.58431375 0.57254905 0.5411765 0.46666667 0.34509805 0.3647059 0.3882353 0.34901962 0.36078432 0.34117648 0.34901962 0.3882353 0.36078432 0.29803923 0.34117648 0.34117648 0.3019608 0.3019608 0.32941177 0.34901962 0.35686275 0.3647059 0.30980393 0.29411766 0.44313726 0.5882353 0.6117647 0.60784316 0.60784316 0.59607846
0.5803922 0.5764706 0.5882353 0.58431375 0.54509807 0.48235294 0.4117647 0.42352942 0.42352942 0.36862746 0.3137255 0.36078432 0.37254903 0.3882353 0.40392157 0.36862746 0.4117647 0.4392157 0.41960785 0.40392157 0.43529412 0.4392157 0.3764706 0.3764706 0.29411766 0.3137255 0.49019608 0.59607846 0.6117647 0.59607846 0.5921569 0.5882353
0.5803922 0.57254905 0.5803922 0.5803922 0.54901963 0.5058824 0.44313726 0.43529412 0.4 0.3882353 0.3764706 0.4117647 0.4117647 0.41568628 0.44705883 0.42745098 0.43137255 0.45882353 0.43137255 0.42352942 0.4745098 0.4862745 0.41960785 0.42352942 0.40784314 0.42352942 0.5254902 0.5803922 0.58431375 0.5764706 0.5764706 0.5686275
0.5686275 0.5686275 0.5764706 0.57254905 0.5372549 0.5019608 0.48235294 0.4745098 0.42745098 0.40784314 0.39607844 0.3764706 0.36862746 0.3529412 0.36862746 0.38431373 0.3882353 0.4117647 0.37254903 0.37254903 0.4627451 0.4862745 0.49803922 0.5019608 0.49019608 0.49019608 0.54901963 0.5803922 0.5921569 0.60784316 0.60784316 0.6
0.5568628 0.5568628 0.5647059 0.5647059 0.54901963 0.5019608 0.47058824 0.49019608 0.47058824 0.4509804 0.44313726 0.45490196 0.45490196 0.45882353 0.47058824 0.45490196 0.4627451 0.47843137 0.4627451 0.45882353 0.48235294 0.5254902 0.52156866 0.5176471 0.4862745 0.48235294 0.54509807 0.57254905 0.5803922 0.5803922 0.5686275 0.56078434
0.5372549 0.54509807 0.54901963 0.5529412 0.5568628 0.5372549 0.5019608 0.4862745 0.4392157 0.44313726 0.47058824 0.47843137 0.46666667 0.48235294 0.4627451 0.4392157 0.4627451 0.4509804 0.4509804 0.45490196 0.45490196 0.5019608 0.5019608 0.5019608 0.48235294 0.49019608 0.5372549 0.5647059 0.5764706 0.5803922 0.5647059 0.5529412
0.5254902 0.5411765 0.5568628 0.5568628 0.5529412 0.5372549 0.50980395 0.50980395 0.5058824 0.5019608 0.49019608 0.47058824 0.47843137 0.5058824 0.4862745 0.4627451 0.48235294 0.50980395 0.48235294 0.4509804 0.47058824 0.48235294 0.4862745 0.5058824 0.50980395 0.5137255 0.5568628 0.5803922 0.5764706 0.58431375 0.5803922 0.57254905
15 24 1
27 18 1
8 31 0
20 9 1
0 26 1
28 11 1
13 23 2
5 22 2
13 28 0
24 20 0
8 6 2
12 12 2
16 23 1
25 26 1
25 26 2
25 10 0
21 19 2
24 14 2
7 27 2
12 22 2
5 28 1
18 28 0
3 6 0
5 29 2
14 11 1
19 26 0
22 21 1
10 12 0
5 6 1
19 30 1
12 24 1
5 4 0
23 21 1
24 17 2
13 12 1
3 16 0
31 26 2
16 28 1
7 7 2
10 14 2
22 30 0
23 18 1
9 28 2
28 29 1
24 4 1
20 3 2
5 29 0
0 31 1
5 30 1
31 8 2
