32, 32, 3, 50
1.0 0.9843137 0.9843137 0.9764706 0.98039216 0.9882353 0.9882353 0.9764706 0.56078434 0.20392157 0.19607843 0.30588236 0.41960785 0.39215687 0.41568628 0.7058824 0.79607844 0.88235295 0.8 0.7921569 0.8117647 0.8235294 0.8156863 0.78039217 0.8392157 0.84705883 0.74509805 0.72156864 0.7607843 0.8235294 0.83137256 0.8156863
0.972549 0.9607843 0.95686275 0.95686275 0.9607843 0.972549 0.98039216 0.9647059 0.4862745 0.16078432 0.33333334 0.50980395 0.41568628 0.34509805 0.2901961 0.54901963 0.7647059 0.88235295 0.7921569 0.7882353 0.8 0.7921569 0.78039217 0.76862746 0.73333335 0.6784314 0.77254903 0.84313726 0.85882354 0.8392157 0.8039216 0.76862746
0.9647059 0.95686275 0.95686275 0.9647059 0.972549 0.972549 0.972549 0.9764706 0.7294118 0.34901962 0.29411766 0.41960785 0.45882353 0.49411765 0.56078434 0.7137255 0.84705883 0.91764706 0.7647059 0.7764706 0.7764706 0.76862746 0.77254903 0.76862746 0.76862746 0.7372549 0.75686276 0.8352941 0.8509804 0.84313726 0.73333335 0.6156863
0.91764706 0.9529412 0.9529412 0.9647059 0.9764706 0.9843137 0.98039216 0.98039216 0.9411765 0.7294118 0.3764706 0.4392157 0.60784316 0.69803923 0.7411765 0.84313726 0.90588236 0.91764706 0.74509805 0.75686276 0.76862746 0.7647059 0.7254902 0.7372549 0.7607843 0.76862746 0.7254902 0.7294118 0.81960785 0.8235294 0.7607843 0.69803923
0.8862745 0.9607843 0.9607843 0.9764706 0.9490196 0.89411765 0.91764706 0.7921569 0.72156864 0.75686276 0.627451 0.69803923 0.8039216 0.8117647 0.8156863 0.8784314 0.8980392 0.9137255 0.7411765 0.7529412 0.76862746 0.7529412 0.627451 0.6039216 0.6627451 0.72156864 0.75686276 0.7137255 0.7137255 0.7921569 0.78431374 0.7647059
0.85490197 0.9882353 0.99607843 0.92941177 0.7882353 0.64705884 0.6627451 0.5882353 0.40784314 0.5254902 0.6431373 0.67058825 0.8392157 0.8627451 0.84313726 0.88235295 0.8784314 0.7921569 0.7176471 0.7529412 0.7607843 0.7607843 0.6784314 0.627451 0.6039216 0.6313726 0.7176471 0.7490196 0.70980394 0.7411765 0.7647059 0.74509805
0.8627451 0.98039216 0.92156863 0.8352941 0.8235294 0.6784314 0.6039216 0.4 0.3137255 0.36862746 0.4392157 0.68235296 0.827451 0.70980394 0.8156863 0.88235295 0.85882354 0.65882355 0.6862745 0.75686276 0.7647059 0.7058824 0.69411767 0.7372549 0.7137255 0.6509804 0.6156863 0.6901961 0.7058824 0.6509804 0.7019608 0.73333335
0.9411765 0.9647059 0.8627451 0.8862745 0.8392157 0.627451 0.5921569 0.36862746 0.34509805 0.39215687 0.48235294 0.7764706 0.8235294 0.54901963 0.7294118 0.84705883 0.83137256 0.7294118 0.6901961 0.7529412 0.7647059 0.7019608 0.627451 0.627451 0.69411767 0.6901961 0.6784314 0.6117647 0.67058825 0.5882353 0.6666667 0.72156864
0.92941177 0.98039216 0.92941177 0.90588236 0.84705883 0.6862745 0.57254905 0.39215687 0.34901962 0.36862746 0.45882353 0.7647059 0.83137256 0.58431375 0.6745098 0.7607843 0.7764706 0.7647059 0.6784314 0.7529412 0.7607843 0.7607843 0.7372549 0.68235296 0.64705884 0.6392157 0.6862745 0.6666667 0.6627451 0.5647059 0.6431373 0.69803923
0.9019608 0.9529412 0.9372549 0.9254902 0.9411765 0.79607844 0.54509807 0.61960787 0.4509804 0.3647059 0.47058824 0.7176471 0.827451 0.6117647 0.6313726 0.69411767 0.7019608 0.6156863 0.64705884 0.7490196 0.7607843 0.75686276 0.75686276 0.74509805 0.68235296 0.6666667 0.6431373 0.62352943 0.6431373 0.56078434 0.654902 0.70980394
0.8666667 0.9254902 0.93333334 0.9137255 0.91764706 0.7529412 0.50980395 0.69411767 0.48235294 0.3882353 0.44705883 0.4627451 0.70980394 0.6039216 0.5647059 0.65882355 0.65882355 0.54901963 0.63529414 0.7529412 0.75686276 0.75686276 0.7254902 0.6392157 0.6431373 0.65882355 0.7019608 0.6784314 0.627451 0.48235294 0.5137255 0.52156866
0.8784314 0.90588236 0.9411765 0.92156863 0.8784314 0.69411767 0.4745098 0.68235296 0.47058824 0.37254903 0.34117648 0.3254902 0.5411765 0.5921569 0.52156866 0.64705884 0.627451 0.57254905 0.61960787 0.7490196 0.7529412 0.7490196 0.7254902 0.6392157 0.59607846 0.60784316 0.59607846 0.64705884 0.5921569 0.23921569 0.19215687 0.19215687
0.83137256 0.827451 0.8627451 0.8784314 0.827451 0.6784314 0.41568628 0.5019608 0.39607844 0.36078432 0.40784314 0.3882353 0.5803922 0.7176471 0.6901961 0.6313726 0.5921569 0.56078434 0.56078434 0.73333335 0.7411765 0.7372549 0.7372549 0.7294118 0.70980394 0.68235296 0.63529414 0.6431373 0.5921569 0.20392157 0.3764706 0.25490198
0.68235296 0.5921569 0.64705884 0.80784315 0.73333335 0.6901961 0.44705883 0.4 0.50980395 0.5176471 0.5921569 0.65882355 0.73333335 0.76862746 0.79607844 0.6156863 0.5294118 0.48235294 0.53333336 0.7294118 0.7372549 0.7372549 0.7019608 0.627451 0.63529414 0.6627451 0.6431373 0.6666667 0.6117647 0.23137255 0.6 0.33333334
0.52156866 0.5882353 0.49803922 0.62352943 0.6509804 0.73333335 0.7254902 0.69411767 0.69803923 0.6039216 0.70980394 0.72156864 0.72156864 0.7529412 0.78039217 0.5803922 0.45882353 0.4509804 0.5372549 0.73333335 0.7372549 0.73333335 0.70980394 0.654902 0.6392157 0.64705884 0.6 0.63529414 0.58431375 0.2 0.41960785 0.25882354
0.654902 0.78431374 0.62352943 0.7411765 0.8117647 0.7647059 0.7529412 0.7372549 0.7372549 0.7372549 0.7411765 0.67058825 0.65882355 0.74509805 0.7764706 0.5764706 0.45882353 0.45882353 0.52156866 0.73333335 0.7372549 0.73333335 0.7294118 0.7254902 0.7137255 0.69411767 0.6784314 0.654902 0.54509807 0.17254902 0.13725491 0.15294118
0.7647059 0.8627451 0.8627451 0.8862745 0.8509804 0.73333335 0.7294118 0.7411765 0.7490196 0.7529412 0.7490196 0.7490196 0.7176471 0.7137255 0.73333335 0.54901963 0.46666667 0.43137255 0.50980395 0.7294118 0.7372549 0.73333335 0.72156864 0.7176471 0.7058824 0.6862745 0.6745098 0.6431373 0.5176471 0.17254902 0.14901961 0.15686275
0.73333335 0.80784315 0.84705883 0.84313726 0.827451 0.7254902 0.7372549 0.7490196 0.7490196 0.7490196 0.7607843 0.74509805 0.7019608 0.67058825 0.67058825 0.49803922 0.44313726 0.38431373 0.49019608 0.70980394 0.7254902 0.7137255 0.69803923 0.6862745 0.64705884 0.5921569 0.5294118 0.45882353 0.32156864 0.12941177 0.1254902 0.13333334
0.69411767 0.7294118 0.8156863 0.8 0.7254902 0.68235296 0.7372549 0.74509805 0.7490196 0.7490196 0.7607843 0.69803923 0.6901961 0.6392157 0.6039216 0.44705883 0.32941177 0.39607844 0.5254902 0.654902 0.6392157 0.59607846 0.5372549 0.4627451 0.38039216 0.28627452 0.19607843 0.13333334 0.11372549 0.2 0.22745098 0.20784314
0.52156866 0.5803922 0.7882353 0.7490196 0.43137255 0.57254905 0.74509805 0.74509805 0.7490196 0.7607843 0.627451 0.45882353 0.44313726 0.4117647 0.3529412 0.26666668 0.19607843 0.32941177 0.43137255 0.41568628 0.31764707 0.25490198 0.1764706 0.101960786 0.06666667 0.06666667 0.09019608 0.09803922 0.18431373 0.44705883 0.5372549 0.5411765
0.4392157 0.34901962 0.64705884 0.74509805 0.40392157 0.5411765 0.74509805 0.7529412 0.7490196 0.6666667 0.39215687 0.2509804 0.18039216 0.12941177 0.09019608 0.078431375 0.0627451 0.101960786 0.101960786 0.06666667 0.047058824 0.07450981 0.05882353 0.039215688 0.05490196 0.09803922 0.15686275 0.13333334 0.21176471 0.47843137 0.5882353 0.6156863
0.49411765 0.31764707 0.54901963 0.68235296 0.5372549 0.58431375 0.6117647 0.54901963 0.7137255 0.45882353 0.21960784 0.105882354 0.07450981 0.050980393 0.043137256 0.05490196 0.05882353 0.09019608 0.11372549 0.11764706 0.101960786 0.14509805 0.09411765 0.050980393 0.0627451 0.09411765 0.29411766 0.18431373 0.22352941 0.4745098 0.56078434 0.5921569
0.6392157 0.40392157 0.4745098 0.7058824 0.6862745 0.64705884 0.6392157 0.5921569 0.59607846 0.2784314 0.10980392 0.09411765 0.09803922 0.09411765 0.0627451 0.0627451 0.05882353 0.11764706 0.16862746 0.15686275 0.10980392 0.13725491 0.08627451 0.07058824 0.05882353 0.09411765 0.4117647 0.23529412 0.2627451 0.3882353 0.45490196 0.45882353
0.6039216 0.63529414 0.56078434 0.50980395 0.49019608 0.42745098 0.3647059 0.29411766 0.21568628 0.15294118 0.101960786 0.105882354 0.1254902 0.10980392 0.09019608 0.07058824 0.05490196 0.09411765 0.13333334 0.12156863 0.09803922 0.101960786 0.07450981 0.06666667 0.05882353 0.078431375 0.21176471 0.21960784 0.3137255 0.3764706 0.39607844 0.38431373
0.6627451 0.56078434 0.7254902 0.7490196 0.6627451 0.3137255 0.05882353 0.09019608 0.14117648 0.13333334 0.10980392 0.13725491 0.39215687 0.23529412 0.09803922 0.078431375 0.0627451 0.09019608 0.12156863 0.13333334 0.13333334 0.14509805 0.1254902 0.08627451 0.06666667 0.0627451 0.08627451 0.16862746 0.22745098 0.28235295 0.32156864 0.36862746
0.60784316 0.6509804 0.68235296 0.80784315 0.8039216 0.4 0.21960784 0.28235295 0.21960784 0.1254902 0.11372549 0.42352942 0.57254905 0.3764706 0.13725491 0.09411765 0.09411765 0.12941177 0.13725491 0.16470589 0.18039216 0.20392157 0.23529412 0.22745098 0.21176471 0.20784314 0.21176471 0.1764706 0.16078432 0.1764706 0.20784314 0.23529412
0.49019608 0.6117647 0.64705884 0.7254902 0.7254902 0.3647059 0.14509805 0.14901961 0.105882354 0.11372549 0.14509805 0.6666667 0.41960785 0.29411766 0.1764706 0.101960786 0.12156863 0.13333334 0.14901961 0.1882353 0.23529412 0.27058825 0.30588236 0.34509805 0.38431373 0.40392157 0.3882353 0.29411766 0.24313726 0.21960784 0.20784314 0.1764706
0.49019608 0.41960785 0.5568628 0.7607843 0.7764706 0.43529412 0.02745098 0.05882353 0.07058824 0.11372549 0.13333334 0.41568628 0.2784314 0.27450982 0.17254902 0.105882354 0.13333334 0.16078432 0.21568628 0.26666668 0.3137255 0.34901962 0.38039216 0.39607844 0.40784314 0.42352942 0.43137255 0.43137255 0.41960785 0.40784314 0.41568628 0.34117648
0.4509804 0.39215687 0.36078432 0.54509807 0.6901961 0.45490196 0.09019608 0.13725491 0.15686275 0.11372549 0.12156863 0.3254902 0.36078432 0.34117648 0.13725491 0.14509805 0.19215687 0.23529412 0.2784314 0.32941177 0.38039216 0.40392157 0.41960785 0.43137255 0.44705883 0.4509804 0.44705883 0.45490196 0.45882353 0.46666667 0.47058824 0.5019608
0.4509804 0.42745098 0.38431373 0.31764707 0.28627452 0.26666668 0.27058825 0.2627451 0.21568628 0.11764706 0.10980392 0.20784314 0.31764707 0.23921569 0.12941177 0.20784314 0.24705882 0.29803923 0.3372549 0.31764707 0.3647059 0.41960785 0.44705883 0.45882353 0.47058824 0.47843137 0.47843137 0.4745098 0.45490196 0.44705883 0.45490196 0.4745098
0.4509804 0.42745098 0.37254903 0.30588236 0.23529412 0.21960784 0.22745098 0.16470589 0.11764706 0.1254902 0.105882354 0.13333334 0.18431373 0.11764706 0.20784314 0.30980393 0.32941177 0.34509805 0.34509805 0.34901962 0.34901962 0.39215687 0.44313726 0.47058824 0.47843137 0.4862745 0.4862745 0.4862745 0.47843137 0.46666667 0.45882353 0.4627451
0.43529412 0.42745098 0.38431373 0.32941177 0.2784314 0.24313726 0.20784314 0.1882353 0.16470589 0.14509805 0.11764706 0.09019608 0.09411765 0.19215687 0.34509805 0.40784314 0.4117647 0.40784314 0.38431373 0.39215687 0.38039216 0.4117647 0.44705883 0.45882353 0.4745098 0.4862745 0.47843137 0.4745098 0.48235294 0.48235294 0.47058824 0.4627451
1.0 0.9843137 0.9843137 0.9764706 0.98039216 0.9882353 0.9882353 0.9764706 0.56078434 0.20392157 0.19607843 0.30588236 0.41960785 0.39215687 0.41568628 0.7058824 0.79607844 0.88235295 0.8 0.7921569 0.8117647 0.8235294 0.8156863 0.78039217 0.8392157 0.84705883 0.74509805 0.72156864 0.7607843 0.8235294 0.83137256 0.8156863
0.972549 0.9607843 0.95686275 0.95686275 0.9607843 0.972549 0.98039216 0.9647059 0.4862745 0.16078432 0.33333334 0.50980395 0.41568628 0.34509805 0.2901961 0.54901963 0.7647059 0.88235295 0.7921569 0.7882353 0.8 0.7921569 0.78039217 0.76862746 0.73333335 0.6784314 0.77254903 0.84313726 0.85882354 0.8392157 0.8039216 0.76862746
0.9647059 0.95686275 0.95686275 0.9647059 0.972549 0.972549 0.972549 0.9764706 0.7294118 0.34901962 0.29411766 0.41960785 0.45882353 0.49411765 0.56078434 0.7137255 0.84705883 0.91764706 0.7647059 0.7764706 0.7764706 0.76862746 0.77254903 0.76862746 0.76862746 0.7372549 0.75686276 0.8352941 0.8509804 0.84313726 0.73333335 0.6156863
0.91764706 0.9529412 0.9529412 0.9647059 0.9764706 0.9843137 0.98039216 0.98039216 0.9411765 0.7294118 0.3764706 0.4392157 0.60784316 0.69803923 0.7411765 0.84313726 0.90588236 0.91764706 0.74509805 0.75686276 0.76862746 0.7647059 0.7254902 0.7372549 0.7607843 0.76862746 0.7254902 0.7294118 0.81960785 0.8235294 0.7607843 0.69803923
0.8862745 0.9607843 0.9607843 0.9764706 0.9490196 0.89411765 0.91764706 0.7921569 0.72156864 0.75686276 0.627451 0.69803923 0.8039216 0.8117647 0.8156863 0.8784314 0.8980392 0.9137255 0.7411765 0.7529412 0.76862746 0.7529412 0.627451 0.6039216 0.6627451 0.72156864 0.75686276 0.7137255 0.7137255 0.7921569 0.78431374 0.7647059
0.85490197 0.9882353 0.99607843 0.92941177 0.7882353 0.64705884 0.6627451 0.5882353 0.40784314 0.5254902 0.6431373 0.67058825 0.8392157 0.8627451 0.84313726 0.88235295 0.8784314 0.7921569 0.7176471 0.7529412 0.7607843 0.7607843 0.6784314 0.627451 0.6039216 0.6313726 0.7176471 0.7490196 0.70980394 0.7411765 0.7647059 0.74509805
0.8627451 0.98039216 0.92156863 0.8352941 0.8235294 0.6784314 0.6039216 0.4 0.3137255 0.36862746 0.4392157 0.68235296 0.827451 0.70980394 0.8156863 0.88235295 0.85882354 0.65882355 0.6862745 0.75686276 0.7647059 0.7058824 0.69411767 0.7372549 0.7137255 0.6509804 0.6156863 0.6901961 0.7058824 0.6509804 0.7019608 0.73333335
0.9411765 0.9647059 0.8627451 0.8862745 0.8392157 0.627451 0.5921569 0.36862746 0.34509805 0.39215687 0.48235294 0.7764706 0.8235294 0.54901963 0.7294118 0.84705883 0.83137256 0.7294118 0.6901961 0.7529412 0.7647059 0.7019608 0.627451 0.627451 0.69411767 0.6901961 0.6784314 0.6117647 0.67058825 0.5882353 0.6666667 0.72156864
0.92941177 0.98039216 0.92941177 0.90588236 0.84705883 0.6862745 0.57254905 0.39215687 0.34901962 0.36862746 0.45882353 0.7647059 0.83137256 0.58431375 0.6745098 0.7607843 0.7764706 0.7647059 0.6784314 0.7529412 0.7607843 0.7607843 0.7372549 0.68235296 0.64705884 0.6392157 0.6862745 0.6666667 0.6627451 0.5647059 0.6431373 0.69803923
0.9019608 0.9529412 0.9372549 0.9254902 0.9411765 0.79607844 0.54509807 0.61960787 0.4509804 0.3647059 0.47058824 0.7176471 0.827451 0.6117647 0.6313726 0.69411767 0.7019608 0.6156863 0.64705884 0.7490196 0.7607843 0.75686276 0.75686276 0.74509805 0.68235296 0.6666667 0.6431373 0.62352943 0.6431373 0.56078434 0.654902 0.70980394
0.8666667 0.9254902 0.93333334 0.9137255 0.91764706 0.7529412 0.50980395 0.69411767 0.48235294 0.3882353 0.44705883 0.4627451 0.70980394 0.6039216 0.5647059 0.65882355 0.65882355 0.54901963 0.63529414 0.7529412 0.75686276 0.75686276 0.7254902 0.6392157 0.6431373 0.65882355 0.7019608 0.6784314 0.627451 0.48235294 0.5137255 0.52156866
0.8784314 0.90588236 0.9411765 0.92156863 0.8784314 0.69411767 0.4745098 0.68235296 0.47058824 0.37254903 0.34117648 0.3254902 0.5411765 0.5921569 0.52156866 0.64705884 0.627451 0.57254905 0.61960787 0.7490196 0.7529412 0.7490196 0.7254902 0.6392157 0.59607846 0.60784316 0.59607846 0.64705884 0.5921569 0.23921569 0.19215687 0.19215687
0.83137256 0.827451 0.8627451 0.8784314 0.827451 0.6784314 0.41568628 0.5019608 0.39607844 0.36078432 0.40784314 0.3882353 0.5803922 0.7176471 0.6901961 0.6313726 0.5921569 0.56078434 0.56078434 0.73333335 0.7411765 0.7372549 0.7372549 0.7294118 0.70980394 0.68235296 0.63529414 0.6431373 0.5921569 0.20392157 0.3764706 0.25490198
0.68235296 0.5921569 0.64705884 0.80784315 0.73333335 0.6901961 0.44705883 0.4 0.50980395 0.5176471 0.5921569 0.65882355 0.73333335 0.76862746 0.79607844 0.6156863 0.5294118 0.48235294 0.53333336 0.7294118 0.7372549 0.7372549 0.7019608 0.627451 0.63529414 0.6627451 0.6431373 0.6666667 0.6117647 0.23137255 0.6 0.33333334
0.52156866 0.5882353 0.49803922 0.62352943 0.6509804 0.73333335 0.7254902 0.69411767 0.69803923 0.6039216 0.70980394 0.72156864 0.72156864 0.7529412 0.78039217 0.5803922 0.45882353 0.4509804 0.5372549 0.73333335 0.7372549 0.73333335 0.70980394 0.654902 0.6392157 0.64705884 0.6 0.63529414 0.58431375 0.2 0.41960785 0.25882354
0.654902 0.78431374 0.62352943 0.7411765 0.8117647 0.7647059 0.7529412 0.7372549 0.7372549 0.7372549 0.7411765 0.67058825 0.65882355 0.74509805 0.7764706 0.5764706 0.45882353 0.45882353 0.52156866 0.73333335 0.7372549 0.73333335 0.7294118 0.7254902 0.7137255 0.69411767 0.6784314 0.654902 0.54509807 0.17254902 0.13725491 0.15294118
0.7647059 0.8627451 0.8627451 0.8862745 0.8509804 0.73333335 0.7294118 0.7411765 0.7490196 0.7529412 0.7490196 0.7490196 0.7176471 0.7137255 0.73333335 0.54901963 0.46666667 0.43137255 0.50980395 0.7294118 0.7372549 0.73333335 0.72156864 0.7176471 0.7058824 0.6862745 0.6745098 0.6431373 0.5176471 0.17254902 0.14901961 0.15686275
0.73333335 0.80784315 0.84705883 0.84313726 0.827451 0.7254902 0.7372549 0.7490196 0.7490196 0.7490196 0.7607843 0.74509805 0.7019608 0.67058825 0.67058825 0.49803922 0.44313726 0.38431373 0.49019608 0.70980394 0.7254902 0.7137255 0.69803923 0.6862745 0.64705884 0.5921569 0.5294118 0.45882353 0.32156864 0.12941177 0.1254902 0.13333334
0.69411767 0.7294118 0.8156863 0.8 0.7254902 0.68235296 0.7372549 0.74509805 0.7490196 0.7490196 0.7607843 0.69803923 0.6901961 0.6392157 0.6039216 0.44705883 0.32941177 0.39607844 0.5254902 0.654902 0.6392157 0.59607846 0.5372549 0.4627451 0.38039216 0.28627452 0.19607843 0.13333334 0.11372549 0.2 0.22745098 0.20784314
0.52156866 0.5803922 0.7882353 0.7490196 0.43137255 0.57254905 0.74509805 0.74509805 0.7490196 0.7607843 0.627451 0.45882353 0.44313726 0.4117647 0.3529412 0.26666668 0.19607843 0.32941177 0.43137255 0.41568628 0.31764707 0.25490198 0.1764706 0.101960786 0.06666667 0.06666667 0.09019608 0.09803922 0.18431373 0.44705883 0.5372549 0.5411765
0.4392157 0.34901962 0.64705884 0.74509805 0.40392157 0.5411765 0.74509805 0.7529412 0.7490196 0.6666667 0.39215687 0.2509804 0.18039216 0.12941177 0.09019608 0.078431375 0.0627451 0.101960786 0.101960786 0.06666667 0.047058824 0.07450981 0.05882353 0.039215688 0.05490196 0.09803922 0.15686275 0.13333334 0.21176471 0.47843137 0.5882353 0.6156863
0.49411765 0.31764707 0.54901963 0.68235296 0.5372549 0.58431375 0.6117647 0.54901963 0.7137255 0.45882353 0.21960784 0.105882354 0.07450981 0.050980393 0.043137256 0.05490196 0.05882353 0.09019608 0.11372549 0.11764706 0.101960786 0.14509805 0.09411765 0.050980393 0.0627451 0.09411765 0.29411766 0.18431373 0.22352941 0.4745098 0.56078434 0.5921569
0.6392157 0.40392157 0.4745098 0.7058824 0.6862745 0.64705884 0.6392157 0.5921569 0.59607846 0.2784314 0.10980392 0.09411765 0.09803922 0.09411765 0.0627451 0.0627451 0.05882353 0.11764706 0.16862746 0.15686275 0.10980392 0.13725491 0.08627451 0.07058824 0.05882353 0.09411765 0.4117647 0.23529412 0.2627451 0.3882353 0.45490196 0.45882353
0.6039216 0.63529414 0.56078434 0.50980395 0.49019608 0.42745098 0.3647059 0.29411766 0.21568628 0.15294118 0.101960786 0.105882354 0.1254902 0.10980392 0.09019608 0.07058824 0.05490196 0.09411765 0.13333334 0.12156863 0.09803922 0.101960786 0.07450981 0.06666667 0.05882353 0.078431375 0.21176471 0.21960784 0.3137255 0.3764706 0.39607844 0.38431373
0.6627451 0.56078434 0.7254902 0.7490196 0.6627451 0.3137255 0.05882353 0.09019608 0.14117648 0.13333334 0.10980392 0.13725491 0.39215687 0.23529412 0.09803922 0.078431375 0.0627451 0.09019608 0.12156863 0.13333334 0.13333334 0.14509805 0.1254902 0.08627451 0.06666667 0.0627451 0.08627451 0.16862746 0.22745098 0.28235295 0.32156864 0.36862746
0.60784316 0.6509804 0.68235296 0.80784315 0.8039216 0.4 0.21960784 0.28235295 0.21960784 0.1254902 0.11372549 0.42352942 0.57254905 0.3764706 0.13725491 0.09411765 0.09411765 0.12941177 0.13725491 0.16470589 0.18039216 0.20392157 0.23529412 0.22745098 0.21176471 0.20784314 0.21176471 0.1764706 0.16078432 0.1764706 0.20784314 0.23529412
0.49019608 0.6117647 0.64705884 0.7254902 0.7254902 0.3647059 0.14509805 0.14901961 0.105882354 0.11372549 0.14509805 0.6666667 0.41960785 0.29411766 0.1764706 0.101960786 0.12156863 0.13333334 0.14901961 0.1882353 0.23529412 0.27058825 0.30588236 0.34509805 0.38431373 0.40392157 0.3882353 0.29411766 0.24313726 0.21960784 0.20784314 0.1764706
0.49019608 0.41960785 0.5568628 0.7607843 0.7764706 0.43529412 0.02745098 0.05882353 0.07058824 0.11372549 0.13333334 0.41568628 0.2784314 0.27450982 0.17254902 0.105882354 0.13333334 0.16078432 0.21568628 0.26666668 0.3137255 0.34901962 0.38039216 0.39607844 0.40784314 0.42352942 0.43137255 0.43137255 0.41960785 0.40784314 0.41568628 0.34117648
0.4509804 0.39215687 0.36078432 0.54509807 0.6901961 0.45490196 0.09019608 0.13725491 0.15686275 0.11372549 0.12156863 0.3254902 0.36078432 0.34117648 0.13725491 0.14509805 0.19215687 0.23529412 0.2784314 0.32941177 0.38039216 0.40392157 0.41960785 0.43137255 0.44705883 0.4509804 0.44705883 0.45490196 0.45882353 0.46666667 0.47058824 0.5019608
0.4509804 0.42745098 0.38431373 0.31764707 0.28627452 0.26666668 0.27058825 0.2627451 0.21568628 0.11764706 0.10980392 0.20784314 0.31764707 0.23921569 0.12941177 0.20784314 0.24705882 0.29803923 0.3372549 0.31764707 0.3647059 0.41960785 0.44705883 0.45882353 0.47058824 0.47843137 0.47843137 0.4745098 0.45490196 0.44705883 0.45490196 0.4745098
0.4509804 0.42745098 0.37254903 0.30588236 0.23529412 0.21960784 0.22745098 0.16470589 0.11764706 0.1254902 0.105882354 0.13333334 0.18431373 0.11764706 0.20784314 0.30980393 0.32941177 0.34509805 0.34509805 0.34901962 0.34901962 0.39215687 0.44313726 0.47058824 0.47843137 0.4862745 0.4862745 0.4862745 0.47843137 0.46666667 0.45882353 0.4627451
0.43529412 0.42745098 0.38431373 0.32941177 0.2784314 0.24313726 0.20784314 0.1882353 0.16470589 0.14509805 0.11764706 0.09019608 0.09411765 0.19215687 0.34509805 0.40784314 0.4117647 0.40784314 0.38431373 0.39215687 0.38039216 0.4117647 0.44705883 0.45882353 0.4745098 0.4862745 0.47843137 0.4745098 0.48235294 0.48235294 0.47058824 0.4627451
1.0 0.9843137 0.9843137 0.9764706 0.98039216 0.9882353 0.9882353 0.9764706 0.56078434 0.20392157 0.19607843 0.30588236 0.41960785 0.39215687 0.41568628 0.7058824 0.79607844 0.88235295 0.8 0.7921569 0.8117647 0.8235294 0.8156863 0.78039217 0.8392157 0.84705883 0.74509805 0.72156864 0.7607843 0.8235294 0.83137256 0.8156863
0.972549 0.9607843 0.95686275 0.95686275 0.9607843 0.972549 0.98039216 0.9647059 0.4862745 0.16078432 0.33333334 0.50980395 0.41568628 0.34509805 0.2901961 0.54901963 0.7647059 0.88235295 0.7921569 0.7882353 0.8 0.7921569 0.78039217 0.76862746 0.73333335 0.6784314 0.77254903 0.84313726 0.85882354 0.8392157 0.8039216 0.76862746
0.9647059 0.95686275 0.95686275 0.9647059 0.972549 0.972549 0.972549 0.9764706 0.7294118 0.34901962 0.29411766 0.41960785 0.45882353 0.49411765 0.56078434 0.7137255 0.84705883 0.91764706 0.7647059 0.7764706 0.7764706 0.76862746 0.77254903 0.76862746 0.76862746 0.7372549 0.75686276 0.8352941 0.8509804 0.84313726 0.73333335 0.6156863
0.91764706 0.9529412 0.9529412 0.9647059 0.9764706 0.9843137 0.98039216 0.98039216 0.9411765 0.7294118 0.3764706 0.4392157 0.60784316 0.69803923 0.7411765 0.84313726 0.90588236 0.91764706 0.74509805 0.75686276 0.76862746 0.7647059 0.7254902 0.7372549 0.7607843 0.76862746 0.7254902 0.7294118 0.81960785 0.8235294 0.7607843 0.69803923
0.8862745 0.9607843 0.9607843 0.9764706 0.9490196 0.89411765 0.91764706 0.7921569 0.72156864 0.75686276 0.627451 0.69803923 0.8039216 0.8117647 0.8156863 0.8784314 0.8980392 0.9137255 0.7411765 0.7529412 0.76862746 0.7529412 0.627451 0.6039216 0.6627451 0.72156864 0.75686276 0.7137255 0.7137255 0.7921569 0.78431374 0.7647059
0.85490197 0.9882353 0.99607843 0.92941177 0.7882353 0.64705884 0.6627451 0.5882353 0.40784314 0.5254902 0.6431373 0.67058825 0.8392157 0.8627451 0.84313726 0.88235295 0.8784314 0.7921569 0.7176471 0.7529412 0.7607843 0.7607843 0.6784314 0.627451 0.6039216 0.6313726 0.7176471 0.7490196 0.70980394 0.7411765 0.7647059 0.74509805
0.8627451 0.98039216 0.92156863 0.8352941 0.8235294 0.6784314 0.6039216 0.4 0.3137255 0.36862746 0.4392157 0.68235296 0.827451 0.70980394 0.8156863 0.88235295 0.85882354 0.65882355 0.6862745 0.75686276 0.7647059 0.7058824 0.69411767 0.7372549 0.7137255 0.6509804 0.6156863 0.6901961 0.7058824 0.6509804 0.7019608 0.73333335
0.9411765 0.9647059 0.8627451 0.8862745 0.8392157 0.627451 0.5921569 0.36862746 0.34509805 0.39215687 0.48235294 0.7764706 0.8235294 0.54901963 0.7294118 0.84705883 0.83137256 0.7294118 0.6901961 0.7529412 0.7647059 0.7019608 0.627451 0.627451 0.69411767 0.6901961 0.6784314 0.6117647 0.67058825 0.5882353 0.6666667 0.72156864
0.92941177 0.98039216 0.92941177 0.90588236 0.84705883 0.6862745 0.57254905 0.39215687 0.34901962 0.36862746 0.45882353 0.7647059 0.83137256 0.58431375 0.6745098 0.7607843 0.7764706 0.7647059 0.6784314 0.7529412 0.7607843 0.7607843 0.7372549 0.68235296 0.64705884 0.6392157 0.6862745 0.6666667 0.6627451 0.5647059 0.6431373 0.69803923
0.9019608 0.9529412 0.9372549 0.9254902 0.9411765 0.79607844 0.54509807 0.61960787 0.4509804 0.3647059 0.47058824 0.7176471 0.827451 0.6117647 0.6313726 0.69411767 0.7019608 0.6156863 0.64705884 0.7490196 0.7607843 0.75686276 0.75686276 0.74509805 0.68235296 0.6666667 0.6431373 0.62352943 0.6431373 0.56078434 0.654902 0.70980394
0.8666667 0.9254902 0.93333334 0.9137255 0.91764706 0.7529412 0.50980395 0.69411767 0.48235294 0.3882353 0.44705883 0.4627451 0.70980394 0.6039216 0.5647059 0.65882355 0.65882355 0.54901963 0.63529414 0.7529412 0.75686276 0.75686276 0.7254902 0.6392157 0.6431373 0.65882355 0.7019608 0.6784314 0.627451 0.48235294 0.5137255 0.52156866
0.8784314 0.90588236 0.9411765 0.92156863 0.8784314 0.69411767 0.4745098 0.68235296 0.47058824 0.37254903 0.34117648 0.3254902 0.5411765 0.5921569 0.52156866 0.64705884 0.627451 0.57254905 0.61960787 0.7490196 0.7529412 0.7490196 0.7254902 0.6392157 0.59607846 0.60784316 0.59607846 0.64705884 0.5921569 0.23921569 0.19215687 0.19215687
0.83137256 0.827451 0.8627451 0.8784314 0.827451 0.6784314 0.41568628 0.5019608 0.39607844 0.36078432 0.40784314 0.3882353 0.5803922 0.7176471 0.6901961 0.6313726 0.5921569 0.56078434 0.56078434 0.73333335 0.7411765 0.7372549 0.7372549 0.7294118 0.70980394 0.68235296 0.63529414 0.6431373 0.5921569 0.20392157 0.3764706 0.25490198
0.68235296 0.5921569 0.64705884 0.80784315 0.73333335 0.6901961 0.44705883 0.4 0.50980395 0.5176471 0.5921569 0.65882355 0.73333335 0.76862746 0.79607844 0.6156863 0.5294118 0.48235294 0.53333336 0.7294118 0.7372549 0.7372549 0.7019608 0.627451 0.63529414 0.6627451 0.6431373 0.6666667 0.6117647 0.23137255 0.6 0.33333334
0.52156866 0.5882353 0.49803922 0.62352943 0.6509804 0.73333335 0.7254902 0.69411767 0.69803923 0.6039216 0.70980394 0.72156864 0.72156864 0.7529412 0.78039217 0.5803922 0.45882353 0.4509804 0.5372549 0.73333335 0.7372549 0.73333335 0.70980394 0.654902 0.6392157 0.64705884 0.6 0.63529414 0.58431375 0.2 0.41960785 0.25882354
0.654902 0.78431374 0.62352943 0.7411765 0.8117647 0.7647059 0.7529412 0.7372549 0.7372549 0.7372549 0.7411765 0.67058825 0.65882355 0.74509805 0.7764706 0.5764706 0.45882353 0.45882353 0.52156866 0.73333335 0.7372549 0.73333335 0.7294118 0.7254902 0.7137255 0.69411767 0.6784314 0.654902 0.54509807 0.17254902 0.13725491 0.15294118
0.7647059 0.8627451 0.8627451 0.8862745 0.8509804 0.73333335 0.7294118 0.7411765 0.7490196 0.7529412 0.7490196 0.7490196 0.7176471 0.7137255 0.73333335 0.54901963 0.46666667 0.43137255 0.50980395 0.7294118 0.7372549 0.73333335 0.72156864 0.7176471 0.7058824 0.6862745 0.6745098 0.6431373 0.5176471 0.17254902 0.14901961 0.15686275
0.73333335 0.80784315 0.84705883 0.84313726 0.827451 0.7254902 0.7372549 0.7490196 0.7490196 0.7490196 0.7607843 0.74509805 0.7019608 0.67058825 0.67058825 0.49803922 0.44313726 0.38431373 0.49019608 0.70980394 0.7254902 0.7137255 0.69803923 0.6862745 0.64705884 0.5921569 0.5294118 0.45882353 0.32156864 0.12941177 0.1254902 0.13333334
0.69411767 0.7294118 0.8156863 0.8 0.7254902 0.68235296 0.7372549 0.74509805 0.7490196 0.7490196 0.7607843 0.69803923 0.6901961 0.6392157 0.6039216 0.44705883 0.32941177 0.39607844 0.5254902 0.654902 0.6392157 0.59607846 0.5372549 0.4627451 0.38039216 0.28627452 0.19607843 0.13333334 0.11372549 0.2 0.22745098 0.20784314
0.52156866 0.5803922 0.7882353 0.7490196 0.43137255 0.57254905 0.74509805 0.74509805 0.7490196 0.7607843 0.627451 0.45882353 0.44313726 0.4117647 0.3529412 0.26666668 0.19607843 0.32941177 0.43137255 0.41568628 0.31764707 0.25490198 0.1764706 0.101960786 0.06666667 0.06666667 0.09019608 0.09803922 0.18431373 0.44705883 0.5372549 0.5411765
0.4392157 0.34901962 0.64705884 0.74509805 0.40392157 0.5411765 0.74509805 0.7529412 0.7490196 0.6666667 0.39215687 0.2509804 0.18039216 0.12941177 0.09019608 0.078431375 0.0627451 0.101960786 0.101960786 0.06666667 0.047058824 0.07450981 0.05882353 0.039215688 0.05490196 0.09803922 0.15686275 0.13333334 0.21176471 0.47843137 0.5882353 0.6156863
0.49411765 0.31764707 0.54901963 0.68235296 0.5372549 0.58431375 0.6117647 0.54901963 0.7137255 0.45882353 0.21960784 0.105882354 0.07450981 0.050980393 0.043137256 0.05490196 0.05882353 0.09019608 0.11372549 0.11764706 0.101960786 0.14509805 0.09411765 0.050980393 0.0627451 0.09411765 0.29411766 0.18431373 0.22352941 0.4745098 0.56078434 0.5921569
0.6392157 0.40392157 0.4745098 0.7058824 0.6862745 0.64705884 0.6392157 0.5921569 0.59607846 0.2784314 0.10980392 0.09411765 0.09803922 0.09411765 0.0627451 0.0627451 0.05882353 0.11764706 0.16862746 0.15686275 0.10980392 0.13725491 0.08627451 0.07058824 0.05882353 0.09411765 0.4117647 0.23529412 0.2627451 0.3882353 0.45490196 0.45882353
0.6039216 0.63529414 0.56078434 0.50980395 0.49019608 0.42745098 0.3647059 0.29411766 0.21568628 0.15294118 0.101960786 0.105882354 0.1254902 0.10980392 0.09019608 0.07058824 0.05490196 0.09411765 0.13333334 0.12156863 0.09803922 0.101960786 0.07450981 0.06666667 0.05882353 0.078431375 0.21176471 0.21960784 0.3137255 0.3764706 0.39607844 0.38431373
0.6627451 0.56078434 0.7254902 0.7490196 0.6627451 0.3137255 0.05882353 0.09019608 0.14117648 0.13333334 0.10980392 0.13725491 0.39215687 0.23529412 0.09803922 0.078431375 0.0627451 0.09019608 0.12156863 0.13333334 0.13333334 0.14509805 0.1254902 0.08627451 0.06666667 0.0627451 0.08627451 0.16862746 0.22745098 0.28235295 0.32156864 0.36862746
0.60784316 0.6509804 0.68235296 0.80784315 0.8039216 0.4 0.21960784 0.28235295 0.21960784 0.1254902 0.11372549 0.42352942 0.57254905 0.3764706 0.13725491 0.09411765 0.09411765 0.12941177 0.13725491 0.16470589 0.18039216 0.20392157 0.23529412 0.22745098 0.21176471 0.20784314 0.21176471 0.1764706 0.16078432 0.1764706 0.20784314 0.23529412
0.49019608 0.6117647 0.64705884 0.7254902 0.7254902 0.3647059 0.14509805 0.14901961 0.105882354 0.11372549 0.14509805 0.6666667 0.41960785 0.29411766 0.1764706 0.101960786 0.12156863 0.13333334 0.14901961 0.1882353 0.23529412 0.27058825 0.30588236 0.34509805 0.38431373 0.40392157 0.3882353 0.29411766 0.24313726 0.21960784 0.20784314 0.1764706
0.49019608 0.41960785 0.5568628 0.7607843 0.7764706 0.43529412 0.02745098 0.05882353 0.07058824 0.11372549 0.13333334 0.41568628 0.2784314 0.27450982 0.17254902 0.105882354 0.13333334 0.16078432 0.21568628 0.26666668 0.3137255 0.34901962 0.38039216 0.39607844 0.40784314 0.42352942 0.43137255 0.43137255 0.41960785 0.40784314 0.41568628 0.34117648
0.4509804 0.39215687 0.36078432 0.54509807 0.6901961 0.45490196 0.09019608 0.13725491 0.15686275 0.11372549 0.12156863 0.3254902 0.36078432 0.34117648 0.13725491 0.14509805 0.19215687 0.23529412 0.2784314 0.32941177 0.38039216 0.40392157 0.41960785 0.43137255 0.44705883 0.4509804 0.44705883 0.45490196 0.45882353 0.46666667 0.47058824 0.5019608
0.4509804 0.42745098 0.38431373 0.31764707 0.28627452 0.26666668 0.27058825 0.2627451 0.21568628 0.11764706 0.10980392 0.20784314 0.31764707 0.23921569 0.12941177 0.20784314 0.24705882 0.29803923 0.3372549 0.31764707 0.3647059 0.41960785 0.44705883 0.45882353 0.47058824 0.47843137 0.47843137 0.4745098 0.45490196 0.44705883 0.45490196 0.4745098
0.4509804 0.42745098 0.37254903 0.30588236 0.23529412 0.21960784 0.22745098 0.16470589 0.11764706 0.1254902 0.105882354 0.13333334 0.18431373 0.11764706 0.20784314 0.30980393 0.32941177 0.34509805 0.34509805 0.34901962 0.34901962 0.39215687 0.44313726 0.47058824 0.47843137 0.4862745 0.4862745 0.4862745 0.47843137 0.46666667 0.45882353 0.4627451
0.43529412 0.42745098 0.38431373 0.32941177 0.2784314 0.24313726 0.20784314 0.1882353 0.16470589 0.14509805 0.11764706 0.09019608 0.09411765 0.19215687 0.34509805 0.40784314 0.4117647 0.40784314 0.38431373 0.39215687 0.38039216 0.4117647 0.44705883 0.45882353 0.4745098 0.4862745 0.47843137 0.4745098 0.48235294 0.48235294 0.47058824 0.4627451
1 28 0
31 24 1
1 7 1
2 18 2
6 18 0
0 8 1
8 1 0
6 1 1
12 30 0
19 4 1
26 4 2
9 24 2
5 26 0
27 10 2
22 24 0
31 11 1
11 10 1
29 23 1
1 19 1
19 10 2
0 12 0
28 6 2
22 18 0
9 23 0
13 12 0
31 13 2
21 26 1
18 25 0
27 23 2
9 16 2
6 16 1
8 3 2
24 0 2
29 15 1
2 3 0
18 25 2
28 24 1
25 29 0
26 10 1
6 31 1
17 2 1
14 30 2
7 10 0
9 22 0
26 22 0
18 27 0
19 27 1
28 30 0
18 17 2
10 9 2
