32, 32, 3, 1
0.9490196 0.9372549 0.93333334 0.9254902 0.93333334 0.9372549 0.93333334 0.92941177 0.92941177 0.92941177 0.93333334 0.92941177 0.92156863 0.92941177 0.92156863 0.9254902 0.9411765 0.93333334 0.92941177 0.92941177 0.9254902 0.9254902 0.92941177 0.93333334 0.93333334 0.93333334 0.92941177 0.92941177 0.93333334 0.91764706 0.9098039 0.93333334
0.9490196 0.93333334 0.92941177 0.9254902 0.92941177 0.9372549 0.93333334 0.9254902 0.92941177 0.92941177 0.92941177 0.92941177 0.92156863 0.8392157 0.69411767 0.73333335 0.827451 0.90588236 0.92941177 0.9254902 0.9254902 0.9254902 0.9254902 0.93333334 0.9372549 0.93333334 0.9254902 0.92941177 0.92941177 0.9137255 0.90588236 0.93333334
0.9529412 0.9372549 0.93333334 0.92941177 0.93333334 0.9411765 0.9372549 0.92941177 0.93333334 0.93333334 0.9372549 0.92941177 0.84705883 0.5686275 0.30588236 0.39607844 0.5137255 0.78431374 0.92941177 0.92941177 0.92941177 0.92941177 0.92941177 0.93333334 0.9372549 0.9372549 0.92941177 0.93333334 0.93333334 0.91764706 0.9137255 0.93333334
0.9490196 0.9372549 0.93333334 0.92941177 0.93333334 0.9411765 0.9372549 0.92941177 0.93333334 0.93333334 0.9372549 0.89411765 0.7647059 0.6 0.5568628 0.6431373 0.6862745 0.79607844 0.9137255 0.92941177 0.92941177 0.92941177 0.92941177 0.93333334 0.93333334 0.9372549 0.93333334 0.93333334 0.93333334 0.91764706 0.9137255 0.93333334
0.9490196 0.9372549 0.93333334 0.92941177 0.93333334 0.9411765 0.9372549 0.92941177 0.93333334 0.93333334 0.91764706 0.8392157 0.7882353 0.79607844 0.8235294 0.85882354 0.8862745 0.8980392 0.92156863 0.92941177 0.92941177 0.93333334 0.93333334 0.9372549 0.9372549 0.9372549 0.92941177 0.92941177 0.93333334 0.91764706 0.9098039 0.93333334
0.9529412 0.93333334 0.92941177 0.9254902 0.93333334 0.9411765 0.9372549 0.93333334 0.93333334 0.93333334 0.8862745 0.827451 0.8039216 0.79607844 0.79607844 0.827451 0.8627451 0.8980392 0.9254902 0.9372549 0.9411765 0.9411765 0.9411765 0.9411765 0.94509804 0.9372549 0.9254902 0.92156863 0.92941177 0.91764706 0.9098039 0.93333334
0.9529412 0.93333334 0.9254902 0.9254902 0.93333334 0.9411765 0.9372549 0.92941177 0.92941177 0.9254902 0.8627451 0.8156863 0.8039216 0.79607844 0.8 0.81960785 0.85882354 0.9019608 0.9372549 0.9490196 0.9490196 0.9411765 0.9411765 0.94509804 0.94509804 0.9372549 0.92941177 0.9254902 0.9254902 0.9137255 0.9019608 0.92941177
0.9529412 0.93333334 0.9254902 0.9254902 0.93333334 0.9372549 0.93333334 0.92941177 0.9254902 0.90588236 0.84705883 0.8039216 0.79607844 0.7921569 0.7921569 0.80784315 0.8392157 0.8980392 0.9372549 0.95686275 0.9529412 0.9411765 0.9411765 0.94509804 0.94509804 0.9372549 0.9372549 0.9372549 0.9254902 0.91764706 0.8980392 0.9137255
0.9529412 0.93333334 0.9254902 0.92156863 0.92941177 0.93333334 0.92941177 0.92941177 0.92156863 0.8901961 0.8392157 0.8039216 0.8 0.7921569 0.7921569 0.7882353 0.8235294 0.8901961 0.9372549 0.9529412 0.9490196 0.9411765 0.9411765 0.9411765 0.93333334 0.9254902 0.9529412 0.9607843 0.9411765 0.9137255 0.84313726 0.85882354
0.9490196 0.92941177 0.9254902 0.92156863 0.92941177 0.93333334 0.92941177 0.92941177 0.92156863 0.8784314 0.8235294 0.7607843 0.69411767 0.6627451 0.654902 0.6509804 0.654902 0.73333335 0.83137256 0.8862745 0.91764706 0.9254902 0.9490196 0.9529412 0.9529412 0.93333334 0.9529412 0.83137256 0.7411765 0.74509805 0.50980395 0.4745098
0.95686275 0.93333334 0.9254902 0.9254902 0.92941177 0.93333334 0.92941177 0.92156863 0.90588236 0.8509804 0.77254903 0.68235296 0.58431375 0.48235294 0.4 0.4117647 0.45882353 0.5686275 0.7019608 0.80784315 0.8862745 0.7019608 0.62352943 0.69803923 0.70980394 0.7882353 0.91764706 0.57254905 0.3529412 0.4862745 0.23529412 0.19607843
0.95686275 0.93333334 0.92941177 0.91764706 0.9137255 0.91764706 0.9137255 0.92156863 0.9019608 0.827451 0.78039217 0.7490196 0.6509804 0.5372549 0.49411765 0.5176471 0.5254902 0.5764706 0.7254902 0.8509804 0.9137255 0.5882353 0.3137255 0.4509804 0.4117647 0.44313726 0.5568628 0.32941177 0.21176471 0.41568628 0.28235295 0.24313726
0.9372549 0.93333334 0.9411765 0.90588236 0.88235295 0.8784314 0.84313726 0.8392157 0.88235295 0.8235294 0.74509805 0.67058825 0.45882353 0.27058825 0.17254902 0.13333334 0.08235294 0.12941177 0.42745098 0.7529412 0.8039216 0.5294118 0.30980393 0.44705883 0.39607844 0.24705882 0.13333334 0.101960786 0.10980392 0.14117648 0.2 0.21960784
0.92941177 0.8980392 0.7058824 0.7137255 0.6745098 0.6627451 0.59607846 0.5529412 0.69411767 0.74509805 0.63529414 0.6 0.47058824 0.3529412 0.24313726 0.15686275 0.105882354 0.14117648 0.44313726 0.7294118 0.6666667 0.3882353 0.29803923 0.3882353 0.3019608 0.16470589 0.06666667 0.05882353 0.07058824 0.03529412 0.05490196 0.10980392
0.84705883 0.6627451 0.31764707 0.33333334 0.36862746 0.39215687 0.31764707 0.28627452 0.42745098 0.67058825 0.53333336 0.53333336 0.5137255 0.47843137 0.40784314 0.36078432 0.3019608 0.3019608 0.47058824 0.6156863 0.5921569 0.36078432 0.2509804 0.31764707 0.23137255 0.105882354 0.03137255 0.03529412 0.039215688 0.023529412 0.07450981 0.14509805
0.67058825 0.5647059 0.49411765 0.4745098 0.49411765 0.43529412 0.34117648 0.32941177 0.43529412 0.5372549 0.4392157 0.44313726 0.41568628 0.38431373 0.3372549 0.30980393 0.24313726 0.22352941 0.30980393 0.43137255 0.5176471 0.34901962 0.23137255 0.34901962 0.29803923 0.12941177 0.03137255 0.03137255 0.043137256 0.03137255 0.078431375 0.08235294
0.34901962 0.43137255 0.52156866 0.58431375 0.6392157 0.6313726 0.59607846 0.61960787 0.59607846 0.42352942 0.3647059 0.3882353 0.3529412 0.30980393 0.26666668 0.21960784 0.15294118 0.12941177 0.18431373 0.29411766 0.43137255 0.3137255 0.16078432 0.21960784 0.1882353 0.105882354 0.05490196 0.05882353 0.07058824 0.05490196 0.06666667 0.047058824
0.25490198 0.43529412 0.4862745 0.46666667 0.4509804 0.43529412 0.4392157 0.5686275 0.56078434 0.3647059 0.32941177 0.35686275 0.31764707 0.27450982 0.21176471 0.17254902 0.10980392 0.09019608 0.1254902 0.2 0.35686275 0.4392157 0.40784314 0.34901962 0.22745098 0.09803922 0.16078432 0.13725491 0.20392157 0.39607844 0.24705882 0.08627451
0.4392157 0.5921569 0.63529414 0.6862745 0.67058825 0.5882353 0.3529412 0.21960784 0.2901961 0.28235295 0.31764707 0.32156864 0.2901961 0.25490198 0.15294118 0.12156863 0.078431375 0.07058824 0.09803922 0.14901961 0.32156864 0.60784316 0.69803923 0.70980394 0.6313726 0.2901961 0.13725491 0.1254902 0.27450982 0.70980394 0.5764706 0.33333334
0.25490198 0.25882354 0.3019608 0.49411765 0.6156863 0.5921569 0.33333334 0.16470589 0.21960784 0.21568628 0.2901961 0.29411766 0.25882354 0.20392157 0.11764706 0.08235294 0.05882353 0.05882353 0.08627451 0.1254902 0.3254902 0.6901961 0.7490196 0.7607843 0.72156864 0.3529412 0.14509805 0.15294118 0.2 0.63529414 0.74509805 0.68235296
0.25882354 0.31764707 0.26666668 0.31764707 0.34117648 0.30588236 0.17254902 0.101960786 0.16470589 0.19607843 0.27058825 0.26666668 0.23137255 0.14901961 0.09019608 0.05490196 0.043137256 0.05490196 0.078431375 0.12941177 0.34117648 0.6431373 0.68235296 0.6862745 0.7019608 0.47843137 0.25490198 0.19215687 0.18431373 0.4392157 0.6666667 0.7058824
0.34901962 0.39607844 0.3647059 0.28235295 0.21568628 0.2 0.12156863 0.050980393 0.15294118 0.19215687 0.24313726 0.23921569 0.21176471 0.1254902 0.0627451 0.03529412 0.043137256 0.0627451 0.09411765 0.16078432 0.23921569 0.36078432 0.44313726 0.47843137 0.52156866 0.5254902 0.4392157 0.3372549 0.19215687 0.3764706 0.62352943 0.6745098
0.2627451 0.32156864 0.32941177 0.14901961 0.09411765 0.08235294 0.050980393 0.02745098 0.05490196 0.05882353 0.1254902 0.19215687 0.16470589 0.105882354 0.0627451 0.06666667 0.09803922 0.11372549 0.14117648 0.21960784 0.31764707 0.3764706 0.40784314 0.4509804 0.4509804 0.5019608 0.5176471 0.4117647 0.34117648 0.32156864 0.53333336 0.6431373
0.25882354 0.3019608 0.24313726 0.101960786 0.07450981 0.05882353 0.06666667 0.09019608 0.07058824 0.050980393 0.08235294 0.12156863 0.10980392 0.09411765 0.08627451 0.08627451 0.12156863 0.14117648 0.12941177 0.17254902 0.2901961 0.4392157 0.4 0.30980393 0.2509804 0.31764707 0.27058825 0.16470589 0.4509804 0.45490196 0.35686275 0.5254902
0.30588236 0.28627452 0.2509804 0.16862746 0.13333334 0.14509805 0.1882353 0.23529412 0.23137255 0.20784314 0.19607843 0.16862746 0.1254902 0.15686275 0.11764706 0.12941177 0.24705882 0.31764707 0.34117648 0.36862746 0.37254903 0.45490196 0.3019608 0.11372549 0.10980392 0.24705882 0.14901961 0.06666667 0.3647059 0.38039216 0.14509805 0.23529412
0.32941177 0.34901962 0.3137255 0.24705882 0.25882354 0.30588236 0.31764707 0.30588236 0.3529412 0.3882353 0.38039216 0.34117648 0.21176471 0.22352941 0.1764706 0.24705882 0.44705883 0.48235294 0.47058824 0.43529412 0.38039216 0.32941177 0.29411766 0.1764706 0.1254902 0.22352941 0.1882353 0.1882353 0.45882353 0.26666668 0.03137255 0.050980393
0.30980393 0.3647059 0.3137255 0.2784314 0.30588236 0.29803923 0.26666668 0.24705882 0.28627452 0.34117648 0.36078432 0.36078432 0.2509804 0.19215687 0.20392157 0.3372549 0.4392157 0.4117647 0.35686275 0.32156864 0.31764707 0.27450982 0.26666668 0.28235295 0.3019608 0.31764707 0.32156864 0.34901962 0.43529412 0.23921569 0.03529412 0.05882353
0.30980393 0.33333334 0.31764707 0.2509804 0.22352941 0.23137255 0.21568628 0.19215687 0.20392157 0.22745098 0.2784314 0.3137255 0.23137255 0.16862746 0.20392157 0.29411766 0.3137255 0.31764707 0.27058825 0.2901961 0.32156864 0.3019608 0.28627452 0.34509805 0.39215687 0.4 0.38039216 0.35686275 0.3254902 0.18431373 0.02745098 0.039215688
0.30588236 0.34509805 0.34509805 0.25490198 0.23137255 0.2509804 0.27450982 0.2901961 0.2627451 0.24705882 0.2627451 0.2627451 0.1254902 0.09019608 0.14901961 0.18431373 0.25490198 0.35686275 0.3254902 0.34117648 0.3137255 0.25490198 0.24705882 0.29803923 0.37254903 0.3529412 0.34509805 0.32941177 0.25490198 0.11372549 0.03529412 0.06666667
0.2901961 0.3372549 0.30980393 0.33333334 0.3529412 0.34509805 0.39215687 0.40392157 0.3647059 0.38039216 0.36862746 0.29411766 0.16470589 0.09019608 0.105882354 0.09411765 0.21960784 0.40392157 0.31764707 0.27450982 0.21568628 0.15686275 0.15686275 0.22745098 0.3254902 0.3372549 0.27058825 0.21960784 0.19607843 0.0627451 0.03529412 0.101960786
0.2901961 0.31764707 0.30980393 0.34901962 0.3882353 0.41568628 0.47058824 0.40784314 0.33333334 0.3137255 0.32156864 0.23529412 0.16862746 0.08235294 0.10980392 0.10980392 0.1254902 0.27058825 0.21960784 0.1882353 0.18431373 0.16862746 0.13333334 0.22745098 0.23529412 0.27058825 0.23921569 0.15686275 0.22745098 0.1882353 0.05882353 0.05490196
0.21960784 0.21960784 0.26666668 0.2784314 0.3137255 0.39607844 0.38039216 0.2784314 0.19607843 0.17254902 0.21960784 0.15686275 0.07058824 0.047058824 0.08627451 0.08627451 0.13333334 0.21176471 0.21568628 0.27058825 0.27058825 0.19607843 0.1764706 0.28235295 0.29411766 0.23137255 0.19607843 0.16078432 0.16078432 0.1764706 0.14509805 0.105882354
1.0 0.9882353 0.98039216 0.98039216 0.9882353 0.99215686 0.9882353 0.9843137 0.9843137 0.9843137 0.9843137 0.9843137 0.9843137 0.9882353 0.972549 0.96862745 0.9882353 0.9882353 0.9882353 0.98039216 0.98039216 0.98039216 0.9843137 0.9882353 0.9843137 0.9764706 0.96862745 0.96862745 0.972549 0.96862745 0.9647059 0.9764706
1.0 0.9882353 0.98039216 0.9764706 0.9843137 0.99215686 0.9882353 0.98039216 0.9843137 0.9843137 0.9843137 0.9843137 0.9843137 0.9019608 0.7529412 0.78431374 0.88235295 0.9647059 0.9843137 0.98039216 0.98039216 0.98039216 0.98039216 0.9882353 0.9882353 0.9764706 0.9647059 0.96862745 0.96862745 0.96862745 0.9607843 0.9764706
1.0 0.99215686 0.9843137 0.98039216 0.9882353 0.99607843 0.99215686 0.9843137 0.9882353 0.9882353 0.99215686 0.9882353 0.9137255 0.6313726 0.3647059 0.44705883 0.5686275 0.84313726 0.9843137 0.9843137 0.9843137 0.9843137 0.9843137 0.9882353 0.9882353 0.98039216 0.96862745 0.972549 0.972549 0.972549 0.96862745 0.9764706
1.0 0.99215686 0.9843137 0.98039216 0.9882353 0.99607843 0.99215686 0.9843137 0.9882353 0.9882353 0.99215686 0.9490196 0.83137256 0.6627451 0.60784316 0.6862745 0.73333335 0.85490197 0.96862745 0.9843137 0.9843137 0.9843137 0.9843137 0.9882353 0.9882353 0.98039216 0.96862745 0.972549 0.972549 0.972549 0.96862745 0.9764706
1.0 0.9882353 0.9843137 0.98039216 0.9882353 0.99607843 0.99215686 0.9843137 0.9882353 0.9882353 0.9764706 0.9019608 0.85490197 0.8627451 0.88235295 0.90588236 0.9372549 0.9607843 0.98039216 0.9843137 0.9843137 0.9843137 0.9843137 0.9882353 0.9882353 0.9764706 0.972549 0.972549 0.972549 0.972549 0.96862745 0.9764706
1.0 0.9882353 0.98039216 0.98039216 0.9882353 0.99607843 0.99215686 0.9843137 0.9882353 0.99215686 0.95686275 0.9019608 0.8784314 0.87058824 0.87058824 0.8980392 0.93333334 0.9647059 0.98039216 0.98039216 0.9764706 0.98039216 0.98039216 0.9843137 0.9843137 0.9764706 0.972549 0.972549 0.972549 0.9764706 0.972549 0.9764706
1.0 0.9882353 0.98039216 0.98039216 0.9882353 0.99607843 0.99215686 0.9843137 0.9843137 0.9843137 0.9372549 0.89411765 0.8745098 0.8627451 0.8666667 0.8862745 0.92156863 0.95686275 0.9764706 0.9764706 0.9764706 0.98039216 0.98039216 0.9843137 0.9843137 0.9764706 0.972549 0.96862745 0.96862745 0.972549 0.9647059 0.972549
1.0 0.9882353 0.98039216 0.98039216 0.9882353 0.99215686 0.9882353 0.98039216 0.98039216 0.96862745 0.91764706 0.88235295 0.85882354 0.84705883 0.84705883 0.85882354 0.8901961 0.9411765 0.972549 0.9764706 0.9764706 0.98039216 0.98039216 0.9843137 0.9843137 0.9764706 0.9647059 0.95686275 0.9607843 0.9647059 0.9607843 0.972549
1.0 0.9843137 0.98039216 0.9764706 0.9843137 0.9882353 0.9843137 0.98039216 0.9764706 0.9490196 0.9137255 0.8862745 0.87058824 0.85882354 0.85882354 0.85490197 0.8862745 0.94509804 0.98039216 0.9882353 0.98039216 0.98039216 0.98039216 0.9764706 0.972549 0.96862745 0.9607843 0.95686275 0.972549 0.9529412 0.90588236 0.9490196
1.0 0.9882353 0.98039216 0.98039216 0.9843137 0.9882353 0.9843137 0.9843137 0.972549 0.9372549 0.8980392 0.84705883 0.7882353 0.7607843 0.7490196 0.74509805 0.74509805 0.8117647 0.90588236 0.9529412 0.972549 0.9647059 0.9843137 0.99607843 1.0 0.98039216 0.94509804 0.8039216 0.7647059 0.7647059 0.5647059 0.6117647
1.0 0.9843137 0.98039216 0.9764706 0.9764706 0.98039216 0.9843137 0.9764706 0.96862745 0.92156863 0.84705883 0.7490196 0.67058825 0.57254905 0.49019608 0.5019608 0.54901963 0.654902 0.77254903 0.8666667 0.93333334 0.75686276 0.6745098 0.7137255 0.7294118 0.827451 0.93333334 0.5647059 0.3882353 0.5294118 0.31764707 0.39215687
0.99215686 0.972549 0.9647059 0.9607843 0.96862745 0.972549 0.9764706 0.9764706 0.95686275 0.9019608 0.8509804 0.8 0.7254902 0.62352943 0.5764706 0.60784316 0.62352943 0.67058825 0.8 0.9019608 0.9529412 0.6666667 0.38431373 0.43137255 0.39607844 0.4862745 0.63529414 0.37254903 0.28235295 0.49019608 0.3372549 0.39215687
0.972549 0.9490196 0.9372549 0.95686275 0.9647059 0.94509804 0.89411765 0.8627451 0.88235295 0.8627451 0.79607844 0.72156864 0.5686275 0.4 0.29803923 0.25490198 0.21176471 0.25882354 0.5372549 0.84313726 0.87058824 0.6039216 0.38039216 0.43137255 0.4 0.32941177 0.26666668 0.2 0.22745098 0.25882354 0.22352941 0.27450982
0.972549 0.9098039 0.6862745 0.7294118 0.7137255 0.67058825 0.5764706 0.50980395 0.6509804 0.7490196 0.67058825 0.6431373 0.5529412 0.44313726 0.3254902 0.23529412 0.19215687 0.22352941 0.50980395 0.7764706 0.7019608 0.4509804 0.36078432 0.38039216 0.3254902 0.29803923 0.2509804 0.21176471 0.24313726 0.25882354 0.1764706 0.20784314
0.8862745 0.6784314 0.30980393 0.3137255 0.3372549 0.3372549 0.23921569 0.20392157 0.38039216 0.67058825 0.5568628 0.54901963 0.5254902 0.48235294 0.40784314 0.35686275 0.30980393 0.3019608 0.45490196 0.58431375 0.57254905 0.40784314 0.30980393 0.3137255 0.27450982 0.25490198 0.23529412 0.20392157 0.23529412 0.23137255 0.15686275 0.2
0.68235296 0.57254905 0.5019608 0.4627451 0.4627451 0.40392157 0.30588236 0.29803923 0.42352942 0.56078434 0.4627451 0.44313726 0.40784314 0.3764706 0.3254902 0.29803923 0.23921569 0.21568628 0.28235295 0.38039216 0.48235294 0.39607844 0.2901961 0.34901962 0.34117648 0.25882354 0.20784314 0.17254902 0.20392157 0.20392157 0.15686275 0.16862746
0.34117648 0.41960785 0.5137255 0.57254905 0.6313726 0.6431373 0.627451 0.6509804 0.6039216 0.4392157 0.37254903 0.3764706 0.34509805 0.30588236 0.25490198 0.20784314 0.14901961 0.1254902 0.16470589 0.25490198 0.4 0.32941177 0.1882353 0.22352941 0.21960784 0.1882353 0.1764706 0.15686275 0.1764706 0.1882353 0.19215687 0.20784314
0.23921569 0.40784314 0.4509804 0.43529412 0.43529412 0.44705883 0.4745098 0.6 0.56078434 0.36078432 0.3137255 0.33333334 0.3019608 0.25490198 0.1882353 0.13725491 0.09019608 0.07450981 0.09411765 0.16470589 0.32156864 0.40784314 0.39215687 0.34901962 0.23921569 0.13333334 0.22352941 0.20784314 0.25882354 0.42745098 0.28235295 0.15294118
0.41960785 0.56078434 0.5921569 0.6431373 0.6392157 0.5764706 0.36078432 0.22745098 0.2901961 0.2784314 0.3019608 0.29411766 0.2627451 0.23137255 0.12941177 0.09411765 0.05882353 0.050980393 0.06666667 0.11372549 0.28235295 0.56078434 0.654902 0.6784314 0.60784316 0.28235295 0.15686275 0.16078432 0.3019608 0.6745098 0.52156866 0.3019608
0.23529412 0.22352941 0.25882354 0.4509804 0.5803922 0.5647059 0.3137255 0.14509805 0.20784314 0.20392157 0.26666668 0.25882354 0.21960784 0.17254902 0.09411765 0.06666667 0.043137256 0.039215688 0.050980393 0.08627451 0.27450982 0.62352943 0.6784314 0.69411767 0.6509804 0.29803923 0.1254902 0.16078432 0.20784314 0.59607846 0.6862745 0.6392157
0.23921569 0.28627452 0.22745098 0.28235295 0.31764707 0.28235295 0.14117648 0.07058824 0.14117648 0.17254902 0.23921569 0.21960784 0.1764706 0.105882354 0.0627451 0.050980393 0.03529412 0.03137255 0.043137256 0.09019608 0.29411766 0.5764706 0.60784316 0.6039216 0.60784316 0.4 0.21960784 0.19607843 0.19215687 0.42352942 0.6431373 0.68235296
0.33333334 0.36862746 0.32941177 0.2627451 0.21176471 0.1882353 0.09411765 0.015686275 0.12156863 0.15686275 0.19607843 0.18431373 0.14901961 0.078431375 0.039215688 0.03137255 0.03529412 0.039215688 0.05882353 0.12156863 0.2 0.3137255 0.3882353 0.40392157 0.43529412 0.44705883 0.40392157 0.34117648 0.20784314 0.36078432 0.58431375 0.63529414
0.23529412 0.3019608 0.31764707 0.14117648 0.08627451 0.07058824 0.03529412 0.007843138 0.03529412 0.039215688 0.09411765 0.15294118 0.12156863 0.06666667 0.03137255 0.043137256 0.078431375 0.09019608 0.11372549 0.19607843 0.27450982 0.29803923 0.32941177 0.36862746 0.36078432 0.4117647 0.48235294 0.41568628 0.3254902 0.2784314 0.49803922 0.60784316
0.21960784 0.2784314 0.23921569 0.09411765 0.05882353 0.043137256 0.05490196 0.07450981 0.050980393 0.019607844 0.03529412 0.07058824 0.08235294 0.0627451 0.050980393 0.05490196 0.08235294 0.09803922 0.09019608 0.13725491 0.23137255 0.3372549 0.3137255 0.24313726 0.1882353 0.2509804 0.24705882 0.16470589 0.4 0.4117647 0.3529412 0.5176471
0.27450982 0.2627451 0.23137255 0.14901961 0.10980392 0.1254902 0.1764706 0.21568628 0.19215687 0.15294118 0.1254902 0.09019608 0.08235294 0.1254902 0.078431375 0.09411765 0.19215687 0.24705882 0.27058825 0.29803923 0.29803923 0.37254903 0.24705882 0.09411765 0.101960786 0.22352941 0.14117648 0.05490196 0.30588236 0.35686275 0.16078432 0.24313726
0.30588236 0.32156864 0.28235295 0.21568628 0.22745098 0.28235295 0.29803923 0.28235295 0.3137255 0.33333334 0.30588236 0.25882354 0.16470589 0.1882353 0.13725491 0.21176471 0.38431373 0.39607844 0.38431373 0.34509805 0.29803923 0.2627451 0.2509804 0.16078432 0.12156863 0.20392157 0.16470589 0.15294118 0.39215687 0.25490198 0.06666667 0.07450981
0.29803923 0.34117648 0.28235295 0.23921569 0.26666668 0.2627451 0.23529412 0.21960784 0.25490198 0.29411766 0.29803923 0.2901961 0.2 0.14117648 0.15686275 0.29803923 0.37254903 0.32156864 0.26666668 0.22745098 0.23137255 0.20784314 0.2 0.21568628 0.23137255 0.24705882 0.24705882 0.27058825 0.36078432 0.23529412 0.07450981 0.09019608
0.30588236 0.30980393 0.2784314 0.20784314 0.18431373 0.19215687 0.17254902 0.14901961 0.16470589 0.1764706 0.22352941 0.2509804 0.17254902 0.11372549 0.14901961 0.24705882 0.24313726 0.23137255 0.18039216 0.19607843 0.23529412 0.23137255 0.2 0.23529412 0.27058825 0.28627452 0.2627451 0.25490198 0.25490198 0.1764706 0.0627451 0.07058824
0.2784314 0.30588236 0.29411766 0.21176471 0.20392157 0.21960784 0.21960784 0.21960784 0.2 0.18431373 0.2 0.2 0.078431375 0.047058824 0.10980392 0.14509805 0.19215687 0.27450982 0.24313726 0.2509804 0.23137255 0.19215687 0.20392157 0.25490198 0.30980393 0.2901961 0.25490198 0.24313726 0.21568628 0.12156863 0.047058824 0.0627451
0.25490198 0.2901961 0.25882354 0.2901961 0.32156864 0.3019608 0.33333334 0.3372549 0.30980393 0.3254902 0.3137255 0.24313726 0.12941177 0.05882353 0.07450981 0.0627451 0.16470589 0.33333334 0.24705882 0.2 0.14117648 0.105882354 0.14117648 0.21176471 0.2901961 0.29411766 0.20392157 0.14901961 0.17254902 0.07058824 0.039215688 0.08235294
0.2627451 0.2784314 0.25882354 0.3019608 0.3372549 0.34509805 0.4 0.3529412 0.29411766 0.2784314 0.28235295 0.2 0.14117648 0.05882353 0.08627451 0.08627451 0.08235294 0.21176471 0.16078432 0.12941177 0.12156863 0.1254902 0.11372549 0.20392157 0.18039216 0.21176471 0.18039216 0.10980392 0.20784314 0.19215687 0.05882353 0.03529412
0.19607843 0.1882353 0.21960784 0.23529412 0.24705882 0.30588236 0.3137255 0.24705882 0.16470589 0.14509805 0.19215687 0.12941177 0.05882353 0.039215688 0.07450981 0.07450981 0.105882354 0.16862746 0.1764706 0.23529412 0.23137255 0.16862746 0.16470589 0.2509804 0.22352941 0.16470589 0.15686275 0.14117648 0.14117648 0.16862746 0.13725491 0.09019608
1.0 0.99607843 0.99607843 0.99607843 0.99607843 0.99607843 0.99607843 0.99607843 0.99607843 0.99607843 0.99607843 0.99607843 0.99215686 0.9882353 0.9647059 0.9607843 0.96862745 0.972549 0.98039216 0.9882353 0.9882353 0.98039216 0.9843137 0.9882353 0.9882353 0.98039216 0.972549 0.972549 0.9764706 0.96862745 0.9647059 0.98039216
1.0 0.99215686 0.99607843 0.99607843 0.99607843 0.99607843 0.99607843 0.99215686 0.99607843 0.99607843 0.99607843 0.99607843 0.99607843 0.8980392 0.7176471 0.72156864 0.8392157 0.9490196 0.98039216 0.9843137 0.9882353 0.98039216 0.98039216 0.9882353 0.9882353 0.9764706 0.96862745 0.972549 0.972549 0.96862745 0.9607843 0.9764706
1.0 0.99607843 1.0 1.0 1.0 1.0 1.0 0.99607843 1.0 1.0 1.0 0.99607843 0.9254902 0.627451 0.32941177 0.38431373 0.52156866 0.827451 0.98039216 0.99215686 0.99215686 0.9843137 0.9843137 0.9882353 0.9882353 0.98039216 0.972549 0.9764706 0.9764706 0.972549 0.9647059 0.98039216
1.0 0.99607843 1.0 1.0 1.0 1.0 1.0 1.0 1.0 1.0 1.0 0.95686275 0.8392157 0.6627451 0.6 0.67058825 0.70980394 0.8352941 0.9607843 0.99215686 0.99215686 0.9843137 0.9843137 0.9882353 0.9882353 0.98039216 0.972549 0.9764706 0.9764706 0.972549 0.96862745 0.98039216
1.0 0.99607843 1.0 0.99607843 0.99607843 1.0 0.99607843 0.99607843 0.99607843 1.0 0.9882353 0.9137255 0.8627451 0.87058824 0.8980392 0.9372549 0.9372549 0.94509804 0.9764706 0.99215686 0.99215686 0.9843137 0.9843137 0.9882353 0.9882353 0.98039216 0.9764706 0.9764706 0.9764706 0.972549 0.9647059 0.9764706
1.0 0.99607843 0.99607843 0.9882353 0.99215686 0.99607843 0.99215686 0.9843137 0.9843137 0.99215686 0.96862745 0.92156863 0.9019608 0.89411765 0.89411765 0.9254902 0.9411765 0.9607843 0.9843137 0.99607843 0.99215686 0.9843137 0.9843137 0.9882353 0.9882353 0.98039216 0.9764706 0.98039216 0.9764706 0.972549 0.95686275 0.9647059
1.0 0.99607843 0.99215686 0.9843137 0.9882353 0.99607843 0.99215686 0.98039216 0.9764706 0.9843137 0.9490196 0.9137255 0.89411765 0.88235295 0.8862745 0.9098039 0.9254902 0.9490196 0.9764706 0.9843137 0.9843137 0.9843137 0.9843137 0.9882353 0.9882353 0.98039216 0.96862745 0.9647059 0.96862745 0.9647059 0.9490196 0.95686275
1.0 0.99607843 0.99215686 0.9843137 0.9882353 0.99215686 0.9882353 0.98039216 0.972549 0.96862745 0.92941177 0.90588236 0.88235295 0.8745098 0.8745098 0.8862745 0.9019608 0.9372549 0.9647059 0.9647059 0.96862745 0.9843137 0.9843137 0.9882353 0.9882353 0.98039216 0.9529412 0.9411765 0.95686275 0.9529412 0.94509804 0.96862745
1.0 0.99607843 0.99215686 0.9843137 0.9843137 0.9882353 0.9843137 0.98039216 0.96862745 0.9490196 0.9254902 0.90588236 0.90588236 0.8980392 0.9019608 0.8980392 0.91764706 0.9647059 0.9843137 0.972549 0.96862745 0.9843137 0.9843137 0.98039216 0.98039216 0.972549 0.93333334 0.92156863 0.9647059 0.9254902 0.8862745 0.96862745
1.0 1.0 0.99215686 0.9843137 0.9843137 0.9882353 0.9843137 0.98039216 0.9647059 0.9372549 0.90588236 0.87058824 0.8509804 0.83137256 0.8235294 0.8156863 0.8117647 0.8666667 0.93333334 0.95686275 0.96862745 0.96862745 0.9882353 1.0 1.0 0.9843137 0.90588236 0.7529412 0.75686276 0.72156864 0.5411765 0.67058825
0.99215686 0.9764706 0.9764706 0.972549 0.972549 0.98039216 0.9843137 0.9764706 0.9647059 0.93333334 0.87058824 0.78431374 0.7411765 0.65882355 0.5686275 0.5764706 0.61960787 0.7058824 0.8039216 0.8745098 0.9372549 0.7647059 0.67058825 0.69411767 0.7254902 0.80784315 0.89411765 0.5137255 0.3647059 0.48235294 0.29803923 0.47843137
0.9764706 0.95686275 0.95686275 0.95686275 0.9647059 0.96862745 0.972549 0.972549 0.9529412 0.92941177 0.89411765 0.8392157 0.79607844 0.70980394 0.654902 0.68235296 0.6862745 0.7176471 0.827451 0.9137255 0.96862745 0.69411767 0.36862746 0.35686275 0.36078432 0.46666667 0.6627451 0.3882353 0.28235295 0.4627451 0.29411766 0.44313726
1.0 0.96862745 0.94509804 0.95686275 0.9607843 0.9254902 0.8627451 0.8156863 0.827451 0.84705883 0.80784315 0.7372549 0.61960787 0.47843137 0.39607844 0.37254903 0.32156864 0.34117648 0.58431375 0.8509804 0.8784314 0.64705884 0.37254903 0.33333334 0.3372549 0.38039216 0.4 0.31764707 0.32941177 0.33333334 0.21960784 0.30980393
0.96862745 0.88235295 0.63529414 0.6745098 0.6509804 0.5882353 0.46666667 0.3882353 0.54901963 0.69411767 0.63529414 0.60784316 0.53333336 0.45490196 0.3764706 0.3137255 0.26666668 0.26666668 0.5019608 0.7137255 0.6509804 0.48235294 0.3647059 0.2784314 0.23921569 0.35686275 0.40784314 0.34509805 0.3647059 0.41568628 0.24705882 0.25490198
0.80784315 0.58431375 0.19607843 0.20392157 0.22745098 0.21176471 0.09803922 0.05882353 0.27450982 0.5921569 0.48235294 0.4627451 0.43529412 0.4117647 0.3647059 0.34117648 0.28627452 0.2509804 0.36078432 0.4392157 0.4509804 0.40784314 0.30980393 0.22745098 0.18431373 0.2901961 0.35686275 0.30980393 0.32156864 0.34509805 0.16470589 0.17254902
0.6156863 0.5058824 0.43137255 0.3882353 0.38431373 0.3254902 0.23137255 0.21568628 0.34509805 0.4862745 0.3647059 0.32156864 0.3137255 0.29411766 0.24705882 0.21960784 0.15294118 0.11372549 0.16078432 0.23529412 0.34509805 0.34509805 0.28627452 0.28235295 0.27450982 0.32156864 0.35686275 0.3019608 0.32156864 0.3372549 0.21960784 0.21568628
0.27058825 0.34509805 0.43529412 0.50980395 0.5764706 0.59607846 0.6039216 0.63529414 0.5568628 0.36862746 0.27058825 0.26666668 0.25490198 0.21568628 0.16470589 0.11372549 0.0627451 0.039215688 0.07058824 0.12941177 0.27058825 0.2627451 0.16078432 0.18431373 0.1882353 0.23137255 0.2901961 0.28235295 0.27450982 0.3019608 0.28627452 0.30588236
0.13333334 0.2901961 0.3254902 0.32941177 0.34509805 0.36078432 0.43529412 0.59607846 0.5254902 0.27058825 0.20392157 0.23921569 0.19215687 0.14117648 0.08235294 0.043137256 0.015686275 0.019607844 0.03137255 0.047058824 0.18039216 0.3019608 0.3019608 0.27450982 0.17254902 0.09803922 0.2509804 0.26666668 0.28627452 0.40392157 0.23921569 0.1254902
0.3372549 0.47058824 0.49411765 0.5254902 0.49803922 0.44313726 0.27450982 0.18431373 0.21960784 0.16078432 0.16470589 0.17254902 0.14509805 0.12156863 0.03529412 0.019607844 0.0 0.007843138 0.011764706 0.007843138 0.1254902 0.39215687 0.49411765 0.5254902 0.4627451 0.18431373 0.13333334 0.1764706 0.2901961 0.58431375 0.38431373 0.18039216
0.16078432 0.14901961 0.1764706 0.32156864 0.4117647 0.40392157 0.21176471 0.08627451 0.12156863 0.07058824 0.10980392 0.12156863 0.09803922 0.06666667 0.011764706 0.007843138 0.0 0.003921569 0.011764706 0.0 0.13725491 0.4745098 0.5294118 0.54509807 0.49803922 0.15686275 0.05882353 0.12941177 0.15686275 0.47843137 0.52156866 0.4745098
0.15294118 0.19607843 0.1254902 0.15294118 0.16078432 0.14117648 0.0627451 0.03137255 0.07450981 0.050980393 0.09019608 0.08627451 0.05490196 0.011764706 0.003921569 0.007843138 0.003921569 0.003921569 0.011764706 0.003921569 0.16862746 0.45882353 0.48235294 0.47058824 0.45882353 0.23137255 0.10980392 0.13725491 0.12156863 0.3019608 0.47843137 0.5137255
0.21960784 0.2509804 0.20392157 0.14117648 0.09019608 0.08627451 0.047058824 0.007843138 0.07450981 0.0627451 0.07450981 0.06666667 0.03529412 0.0 0.0 0.007843138 0.011764706 0.019607844 0.02745098 0.039215688 0.08235294 0.16862746 0.21176471 0.21960784 0.23921569 0.24313726 0.27450982 0.27450982 0.13333334 0.22745098 0.39607844 0.43137255
0.105882354 0.18039216 0.2 0.050980393 0.015686275 0.011764706 0.007843138 0.0 0.007843138 0.003921569 0.023529412 0.05490196 0.02745098 0.007843138 0.015686275 0.02745098 0.039215688 0.039215688 0.05490196 0.101960786 0.1254902 0.07058824 0.09803922 0.14509805 0.14509805 0.20392157 0.36078432 0.35686275 0.24705882 0.15294118 0.30980393 0.3764706
0.101960786 0.17254902 0.14509805 0.023529412 0.003921569 0.0 0.0 0.019607844 0.007843138 0.0 0.0 0.015686275 0.011764706 0.003921569 0.019607844 0.019607844 0.023529412 0.019607844 0.019607844 0.03137255 0.05882353 0.11372549 0.12941177 0.09411765 0.05490196 0.101960786 0.15686275 0.11372549 0.29803923 0.3019608 0.24313726 0.3764706
0.1764706 0.17254902 0.14901961 0.078431375 0.039215688 0.03529412 0.05490196 0.07450981 0.07058824 0.05882353 0.05490196 0.03529412 0.007843138 0.03529412 0.015686275 0.011764706 0.07450981 0.09803922 0.11764706 0.12941177 0.11764706 0.20392157 0.12941177 0.023529412 0.03137255 0.105882354 0.07058824 0.0 0.1764706 0.2509804 0.15686275 0.24313726
0.20784314 0.22745098 0.18431373 0.13333334 0.13725491 0.15686275 0.13725491 0.08627451 0.09019608 0.13333334 0.13725491 0.11372549 0.043137256 0.08235294 0.039215688 0.08235294 0.19607843 0.1882353 0.18039216 0.14901961 0.11764706 0.12156863 0.14117648 0.09019608 0.0627451 0.09411765 0.078431375 0.0627451 0.22352941 0.15294118 0.11764706 0.14509805
0.18039216 0.21568628 0.14509805 0.12156863 0.16078432 0.13725491 0.09411765 0.050980393 0.050980393 0.09411765 0.11372549 0.11372549 0.07058824 0.047058824 0.050980393 0.15294118 0.1882353 0.12941177 0.08627451 0.0627451 0.07058824 0.05490196 0.05882353 0.09411765 0.11372549 0.09803922 0.101960786 0.11764706 0.16078432 0.12941177 0.101960786 0.11372549
0.16078432 0.15294118 0.101960786 0.06666667 0.07058824 0.078431375 0.0627451 0.047058824 0.0627451 0.06666667 0.09411765 0.11764706 0.07450981 0.03529412 0.06666667 0.11764706 0.07450981 0.05882353 0.03137255 0.06666667 0.101960786 0.06666667 0.03137255 0.05882353 0.08627451 0.08627451 0.078431375 0.07058824 0.05490196 0.08235294 0.050980393 0.023529412
0.1254902 0.12941177 0.09019608 0.06666667 0.078431375 0.06666667 0.07450981 0.09803922 0.08235294 0.0627451 0.07058824 0.07058824 0.011764706 0.0 0.050980393 0.07450981 0.047058824 0.09803922 0.08627451 0.11764706 0.11372549 0.078431375 0.06666667 0.09019608 0.12941177 0.09411765 0.08627451 0.101960786 0.08235294 0.07450981 0.043137256 0.011764706
0.10980392 0.11764706 0.0627451 0.11372549 0.13333334 0.08235294 0.12156863 0.14509805 0.1254902 0.14117648 0.12941177 0.07058824 0.047058824 0.015686275 0.02745098 0.019607844 0.050980393 0.16078432 0.09411765 0.06666667 0.043137256 0.023529412 0.039215688 0.07058824 0.13333334 0.13725491 0.07058824 0.047058824 0.0627451 0.02745098 0.019607844 0.03529412
0.13333334 0.13333334 0.101960786 0.12941177 0.13333334 0.12156863 0.1882353 0.16862746 0.1254902 0.10980392 0.10980392 0.043137256 0.05882353 0.019607844 0.043137256 0.043137256 0.011764706 0.07058824 0.03529412 0.011764706 0.02745098 0.047058824 0.023529412 0.07450981 0.05882353 0.10980392 0.078431375 0.015686275 0.078431375 0.09411765 0.015686275 0.0
0.08627451 0.07450981 0.105882354 0.11372549 0.11372549 0.16078432 0.18431373 0.14117648 0.078431375 0.05882353 0.101960786 0.047058824 0.003921569 0.0 0.023529412 0.023529412 0.02745098 0.050980393 0.05490196 0.101960786 0.12156863 0.09019608 0.06666667 0.12941177 0.10980392 0.078431375 0.06666667 0.047058824 0.043137256 0.07058824 0.0627451 0.039215688
24 31 0
