32, 32, 3, 1
0.7254902 0.7372549 0.7529412 0.76862746 0.78431374 0.8 0.8117647 0.81960785 0.827451 0.8392157 0.85490197 0.85882354 0.85882354 0.8627451 0.8745098 0.8784314 0.8784314 0.8745098 0.8745098 0.87058824 0.87058824 0.8666667 0.8666667 0.8666667 0.8627451 0.85490197 0.84705883 0.8392157 0.827451 0.8156863 0.8039216 0.7882353
0.7294118 0.7411765 0.75686276 0.77254903 0.7882353 0.8 0.8117647 0.81960785 0.827451 0.8352941 0.8509804 0.85490197 0.85882354 0.8627451 0.87058824 0.8745098 0.8745098 0.87058824 0.8666667 0.87058824 0.87058824 0.8666667 0.8666667 0.8666667 0.85882354 0.8509804 0.84313726 0.8352941 0.827451 0.81960785 0.80784315 0.7921569
0.73333335 0.74509805 0.7607843 0.7764706 0.7921569 0.8039216 0.8156863 0.81960785 0.827451 0.8352941 0.84705883 0.8509804 0.85490197 0.85882354 0.8666667 0.8745098 0.87058824 0.8666667 0.8627451 0.8666667 0.87058824 0.87058824 0.8666667 0.8627451 0.85882354 0.8509804 0.84705883 0.8392157 0.83137256 0.8235294 0.8117647 0.8
0.7372549 0.7490196 0.7607843 0.7764706 0.7921569 0.8039216 0.8156863 0.8235294 0.827451 0.8352941 0.84705883 0.8509804 0.85882354 0.8627451 0.8627451 0.87058824 0.8745098 0.87058824 0.8666667 0.87058824 0.8745098 0.87058824 0.8666667 0.85490197 0.84705883 0.84313726 0.84705883 0.84313726 0.83137256 0.81960785 0.8117647 0.8
0.73333335 0.7490196 0.7647059 0.78039217 0.79607844 0.80784315 0.81960785 0.83137256 0.8352941 0.84313726 0.8509804 0.85490197 0.85882354 0.8627451 0.8627451 0.8666667 0.87058824 0.87058824 0.8627451 0.8666667 0.87058824 0.8666667 0.85882354 0.85490197 0.84705883 0.84313726 0.84705883 0.84313726 0.83137256 0.8235294 0.8156863 0.8117647
0.7411765 0.7607843 0.76862746 0.7882353 0.8 0.80784315 0.81960785 0.8352941 0.8392157 0.84313726 0.85490197 0.85882354 0.8627451 0.8627451 0.8627451 0.85882354 0.8627451 0.8666667 0.87058824 0.8666667 0.8666667 0.8666667 0.8627451 0.85882354 0.85490197 0.8509804 0.8509804 0.8509804 0.8392157 0.8352941 0.8235294 0.8235294
0.7529412 0.76862746 0.77254903 0.7921569 0.8 0.8117647 0.8235294 0.83137256 0.8352941 0.84313726 0.85490197 0.85882354 0.8627451 0.8627451 0.8627451 0.8627451 0.8745098 0.88235295 0.88235295 0.8784314 0.8745098 0.8745098 0.87058824 0.8666667 0.85882354 0.85490197 0.85882354 0.85882354 0.84705883 0.8392157 0.83137256 0.83137256
0.7490196 0.76862746 0.77254903 0.7882353 0.8039216 0.8235294 0.827451 0.827451 0.827451 0.8352941 0.85490197 0.85882354 0.8627451 0.8666667 0.8666667 0.88235295 0.89411765 0.8980392 0.8980392 0.8980392 0.89411765 0.8901961 0.8862745 0.8784314 0.87058824 0.8627451 0.8666667 0.85882354 0.8509804 0.84313726 0.8352941 0.8352941
0.7490196 0.76862746 0.7764706 0.7882353 0.8039216 0.81960785 0.8235294 0.827451 0.827451 0.8352941 0.8509804 0.85490197 0.85882354 0.8666667 0.87058824 0.88235295 0.89411765 0.89411765 0.8980392 0.8980392 0.8980392 0.89411765 0.8901961 0.8862745 0.8784314 0.87058824 0.87058824 0.8627451 0.85490197 0.8509804 0.8392157 0.8392157
0.7529412 0.77254903 0.78431374 0.79607844 0.8039216 0.80784315 0.8156863 0.8235294 0.8235294 0.83137256 0.84705883 0.85490197 0.8627451 0.87058824 0.8745098 0.88235295 0.8901961 0.8862745 0.8901961 0.89411765 0.89411765 0.8980392 0.89411765 0.8901961 0.88235295 0.8745098 0.8745098 0.87058824 0.8627451 0.85490197 0.84705883 0.84313726
0.75686276 0.7764706 0.7882353 0.8 0.8 0.8039216 0.8117647 0.8235294 0.8235294 0.8352941 0.84705883 0.85882354 0.8666667 0.8745098 0.8784314 0.8862745 0.8901961 0.8862745 0.8901961 0.89411765 0.89411765 0.8980392 0.89411765 0.89411765 0.8901961 0.88235295 0.8784314 0.8745098 0.8666667 0.85882354 0.8509804 0.8509804
0.7607843 0.78039217 0.7921569 0.8039216 0.8 0.8039216 0.8156863 0.83137256 0.8352941 0.8392157 0.85490197 0.8627451 0.8666667 0.8745098 0.88235295 0.8862745 0.89411765 0.89411765 0.8980392 0.9019608 0.8980392 0.90588236 0.8980392 0.89411765 0.8901961 0.88235295 0.8745098 0.87058824 0.8627451 0.85882354 0.8509804 0.84705883
0.7647059 0.78431374 0.79607844 0.80784315 0.80784315 0.8117647 0.8235294 0.84313726 0.85882354 0.87058824 0.8784314 0.89411765 0.8901961 0.8980392 0.90588236 0.9137255 0.90588236 0.8745098 0.8 0.69803923 0.65882355 0.76862746 0.8901961 0.9098039 0.8980392 0.8901961 0.8784314 0.8745098 0.8627451 0.85882354 0.8509804 0.8509804
0.76862746 0.7882353 0.8 0.80784315 0.8156863 0.827451 0.84313726 0.7137255 0.5411765 0.5294118 0.54901963 0.5764706 0.5921569 0.6039216 0.6117647 0.62352943 0.54509807 0.4862745 0.41568628 0.3647059 0.39215687 0.39215687 0.49411765 0.5882353 0.78431374 0.90588236 0.8901961 0.88235295 0.8745098 0.8666667 0.85882354 0.85490197
0.77254903 0.7921569 0.8039216 0.80784315 0.8235294 0.84313726 0.80784315 0.5647059 0.4392157 0.43137255 0.36078432 0.3019608 0.28627452 0.2901961 0.29803923 0.30980393 0.3137255 0.31764707 0.3254902 0.33333334 0.31764707 0.28627452 0.34901962 0.61960787 0.8627451 0.9019608 0.8980392 0.8901961 0.88235295 0.8745098 0.8627451 0.85882354
0.78039217 0.79607844 0.8117647 0.8156863 0.8156863 0.83137256 0.75686276 0.4117647 0.3529412 0.47843137 0.5921569 0.39607844 0.32941177 0.34117648 0.34509805 0.34509805 0.3372549 0.34117648 0.33333334 0.32941177 0.3254902 0.4745098 0.7921569 0.91764706 0.9019608 0.8980392 0.8980392 0.8901961 0.8784314 0.87058824 0.8627451 0.8627451
0.79607844 0.80784315 0.8156863 0.81960785 0.8156863 0.827451 0.85490197 0.74509805 0.36078432 0.24705882 0.29411766 0.3137255 0.3372549 0.34117648 0.33333334 0.3254902 0.3254902 0.32156864 0.30980393 0.36862746 0.6313726 0.8745098 0.9137255 0.8901961 0.8901961 0.8901961 0.89411765 0.8862745 0.8745098 0.8666667 0.85882354 0.85882354
0.8039216 0.8117647 0.8156863 0.8235294 0.827451 0.8392157 0.84705883 0.8509804 0.7058824 0.5411765 0.45882353 0.3647059 0.3254902 0.32941177 0.34509805 0.34117648 0.32156864 0.32156864 0.4627451 0.78039217 0.9254902 0.90588236 0.8862745 0.88235295 0.8784314 0.8784314 0.88235295 0.8784314 0.87058824 0.8666667 0.85882354 0.85882354
0.8039216 0.8117647 0.8156863 0.827451 0.83137256 0.83137256 0.84313726 0.8509804 0.8666667 0.8666667 0.84313726 0.80784315 0.7137255 0.49803922 0.33333334 0.30588236 0.34901962 0.6117647 0.8784314 0.92941177 0.90588236 0.89411765 0.8862745 0.8745098 0.87058824 0.87058824 0.8745098 0.87058824 0.87058824 0.87058824 0.8627451 0.85882354
0.79607844 0.8156863 0.81960785 0.827451 0.827451 0.8392157 0.84313726 0.84705883 0.84705883 0.84705883 0.85490197 0.8784314 0.8392157 0.41960785 0.29803923 0.42352942 0.74509805 0.92156863 0.91764706 0.9019608 0.9019608 0.8901961 0.8784314 0.8745098 0.87058824 0.8666667 0.87058824 0.87058824 0.87058824 0.8627451 0.85882354 0.85882354
0.79607844 0.8117647 0.81960785 0.8235294 0.827451 0.83137256 0.8392157 0.84313726 0.84313726 0.84313726 0.85490197 0.84313726 0.5019608 0.30588236 0.5764706 0.8509804 0.9254902 0.9098039 0.90588236 0.9019608 0.8980392 0.8862745 0.8784314 0.8745098 0.87058824 0.8666667 0.87058824 0.87058824 0.87058824 0.85882354 0.85490197 0.85490197
0.79607844 0.80784315 0.8156863 0.81960785 0.8235294 0.8235294 0.827451 0.83137256 0.8352941 0.8392157 0.8509804 0.827451 0.627451 0.7254902 0.8980392 0.90588236 0.89411765 0.9019608 0.8980392 0.8980392 0.89411765 0.8862745 0.8784314 0.8745098 0.87058824 0.8666667 0.8666667 0.8666667 0.8666667 0.85882354 0.85490197 0.8509804
0.7921569 0.8 0.8156863 0.81960785 0.8156863 0.8156863 0.8156863 0.81960785 0.827451 0.8352941 0.85490197 0.87058824 0.88235295 0.8862745 0.88235295 0.8862745 0.88235295 0.8901961 0.8901961 0.8901961 0.8862745 0.8862745 0.8784314 0.8745098 0.87058824 0.8666667 0.8627451 0.8627451 0.8627451 0.85490197 0.8509804 0.84705883
0.7882353 0.79607844 0.80784315 0.8117647 0.8117647 0.8117647 0.81960785 0.827451 0.83137256 0.8392157 0.8509804 0.85882354 0.8627451 0.8627451 0.8666667 0.8784314 0.8784314 0.88235295 0.8862745 0.88235295 0.88235295 0.8901961 0.88235295 0.8784314 0.8745098 0.87058824 0.8666667 0.8627451 0.85882354 0.85882354 0.8509804 0.84705883
0.7764706 0.7882353 0.8 0.8039216 0.80784315 0.8117647 0.81960785 0.83137256 0.8352941 0.8392157 0.84705883 0.85490197 0.85882354 0.85882354 0.8627451 0.87058824 0.8745098 0.8745098 0.8784314 0.8784314 0.88235295 0.8862745 0.8862745 0.8784314 0.8745098 0.87058824 0.8666667 0.8627451 0.85882354 0.85490197 0.8509804 0.8509804
0.76862746 0.78431374 0.7921569 0.79607844 0.8 0.80784315 0.8156863 0.827451 0.83137256 0.8352941 0.84313726 0.85490197 0.85490197 0.85490197 0.85882354 0.8666667 0.87058824 0.87058824 0.8745098 0.8745098 0.8745098 0.8862745 0.88235295 0.8745098 0.87058824 0.8666667 0.8627451 0.85882354 0.85490197 0.85490197 0.8509804 0.84705883
0.76862746 0.78431374 0.7882353 0.7921569 0.79607844 0.80784315 0.8156863 0.8235294 0.827451 0.83137256 0.84313726 0.8509804 0.85490197 0.85490197 0.85882354 0.8627451 0.8627451 0.8666667 0.8666667 0.8666667 0.87058824 0.88235295 0.8784314 0.87058824 0.87058824 0.8666667 0.85882354 0.85490197 0.8509804 0.8509804 0.84705883 0.84313726
0.7647059 0.78039217 0.78431374 0.7882353 0.7921569 0.8 0.8117647 0.81960785 0.8235294 0.83137256 0.8392157 0.84313726 0.8509804 0.8509804 0.85882354 0.8627451 0.8627451 0.8627451 0.8627451 0.8627451 0.8666667 0.8784314 0.8784314 0.87058824 0.87058824 0.8627451 0.85882354 0.85490197 0.8509804 0.8509804 0.84313726 0.8392157
0.7529412 0.76862746 0.78039217 0.78039217 0.7882353 0.8 0.8117647 0.8156863 0.8235294 0.83137256 0.8352941 0.8392157 0.84705883 0.8509804 0.85490197 0.8627451 0.8627451 0.8627451 0.8627451 0.8627451 0.8627451 0.8745098 0.8745098 0.87058824 0.87058824 0.8666667 0.85882354 0.85490197 0.84705883 0.84705883 0.8392157 0.8352941
0.7411765 0.7607843 0.76862746 0.7764706 0.78431374 0.79607844 0.80784315 0.8156863 0.8235294 0.83137256 0.8352941 0.8392157 0.84313726 0.8509804 0.8509804 0.85882354 0.8627451 0.8627451 0.8627451 0.85882354 0.85882354 0.87058824 0.87058824 0.87058824 0.87058824 0.8666667 0.85882354 0.8509804 0.84313726 0.84313726 0.8352941 0.83137256
0.7294118 0.7490196 0.75686276 0.76862746 0.78039217 0.7921569 0.80784315 0.8156863 0.8235294 0.83137256 0.8352941 0.8392157 0.84313726 0.84705883 0.8509804 0.85882354 0.8627451 0.8627451 0.8627451 0.85490197 0.85490197 0.8666667 0.8666667 0.8666667 0.87058824 0.8627451 0.85490197 0.84705883 0.84313726 0.84313726 0.8352941 0.83137256
0.7254902 0.7411765 0.7529412 0.7647059 0.7764706 0.7921569 0.8 0.8156863 0.8235294 0.83137256 0.8352941 0.84313726 0.84705883 0.84705883 0.85490197 0.85882354 0.8627451 0.8666667 0.8666667 0.8627451 0.8627451 0.87058824 0.87058824 0.87058824 0.8745098 0.8666667 0.85882354 0.8509804 0.84313726 0.84313726 0.8352941 0.827451
0.7411765 0.7529412 0.76862746 0.78431374 0.8 0.8156863 0.827451 0.8352941 0.84313726 0.8509804 0.8627451 0.8666667 0.8666667 0.87058824 0.88235295 0.88235295 0.8784314 0.8745098 0.8745098 0.87058824 0.87058824 0.8666667 0.8666667 0.8666667 0.8627451 0.85490197 0.84313726 0.8352941 0.8235294 0.8117647 0.8 0.7882353
0.74509805 0.75686276 0.77254903 0.7882353 0.8039216 0.8156863 0.827451 0.8352941 0.84313726 0.8509804 0.85882354 0.8627451 0.8666667 0.87058824 0.8784314 0.8784314 0.8745098 0.87058824 0.8666667 0.87058824 0.87058824 0.8666667 0.8666667 0.8666667 0.85882354 0.8509804 0.8392157 0.83137256 0.8235294 0.8156863 0.8039216 0.7921569
0.7490196 0.7607843 0.7764706 0.7921569 0.80784315 0.81960785 0.83137256 0.8352941 0.84313726 0.8509804 0.85490197 0.85882354 0.8627451 0.8666667 0.8745098 0.8745098 0.87058824 0.8666667 0.8627451 0.8666667 0.87058824 0.87058824 0.8666667 0.8627451 0.85882354 0.8509804 0.84313726 0.8352941 0.827451 0.81960785 0.80784315 0.79607844
0.7529412 0.7647059 0.7764706 0.7921569 0.80784315 0.81960785 0.83137256 0.8392157 0.84313726 0.8509804 0.85490197 0.85882354 0.8666667 0.87058824 0.87058824 0.8745098 0.8745098 0.87058824 0.8666667 0.87058824 0.8745098 0.87058824 0.8666667 0.85490197 0.84705883 0.84313726 0.84313726 0.8392157 0.827451 0.8156863 0.80784315 0.79607844
0.7490196 0.7647059 0.78039217 0.79607844 0.8117647 0.8235294 0.8352941 0.84705883 0.8509804 0.85490197 0.85882354 0.8627451 0.8666667 0.87058824 0.87058824 0.87058824 0.87058824 0.87058824 0.8627451 0.8666667 0.87058824 0.8666667 0.85882354 0.85490197 0.84705883 0.84313726 0.84313726 0.8392157 0.827451 0.81960785 0.8117647 0.8039216
0.75686276 0.7764706 0.78431374 0.8039216 0.8156863 0.8235294 0.8352941 0.8509804 0.85490197 0.85882354 0.8627451 0.8666667 0.87058824 0.87058824 0.87058824 0.8627451 0.8627451 0.8666667 0.87058824 0.8666667 0.8666667 0.8666667 0.8627451 0.85882354 0.85490197 0.8509804 0.84705883 0.84705883 0.8352941 0.83137256 0.81960785 0.8156863
0.76862746 0.78431374 0.7921569 0.80784315 0.8156863 0.827451 0.8392157 0.84705883 0.8509804 0.85490197 0.8627451 0.8666667 0.87058824 0.87058824 0.87058824 0.8666667 0.87058824 0.8784314 0.8784314 0.8745098 0.8745098 0.8784314 0.8745098 0.8666667 0.85882354 0.85490197 0.85882354 0.85490197 0.84313726 0.8352941 0.827451 0.8235294
0.77254903 0.7882353 0.79607844 0.80784315 0.81960785 0.83137256 0.84313726 0.84705883 0.84705883 0.85490197 0.8627451 0.8666667 0.87058824 0.8745098 0.8745098 0.8745098 0.8784314 0.8862745 0.8862745 0.8862745 0.8862745 0.8901961 0.88235295 0.8745098 0.8666667 0.85882354 0.8627451 0.85490197 0.84705883 0.8392157 0.83137256 0.827451
0.77254903 0.7921569 0.8 0.8117647 0.8235294 0.8352941 0.84313726 0.8509804 0.8509804 0.85882354 0.8627451 0.87058824 0.8745098 0.8784314 0.88235295 0.88235295 0.8862745 0.8862745 0.8901961 0.89411765 0.8901961 0.8901961 0.8862745 0.88235295 0.8745098 0.8666667 0.8666667 0.85882354 0.8509804 0.84705883 0.8352941 0.83137256
0.7764706 0.79607844 0.80784315 0.81960785 0.83137256 0.8352941 0.84313726 0.8509804 0.85490197 0.8627451 0.8666667 0.8784314 0.8862745 0.8901961 0.89411765 0.89411765 0.8901961 0.8901961 0.8980392 0.9019608 0.89411765 0.89411765 0.8901961 0.8862745 0.8784314 0.87058824 0.87058824 0.8666667 0.85882354 0.8509804 0.84313726 0.8352941
0.78039217 0.8 0.8117647 0.8235294 0.83137256 0.8392157 0.84705883 0.85490197 0.85882354 0.8627451 0.87058824 0.88235295 0.8901961 0.8980392 0.90588236 0.8980392 0.8980392 0.89411765 0.8980392 0.9019608 0.8980392 0.89411765 0.8901961 0.8901961 0.8862745 0.8784314 0.8745098 0.87058824 0.8627451 0.85490197 0.84705883 0.84313726
0.78431374 0.8039216 0.8156863 0.827451 0.8352941 0.84705883 0.8509804 0.85490197 0.85882354 0.85882354 0.8784314 0.88235295 0.8901961 0.89411765 0.9019608 0.8980392 0.9019608 0.9019608 0.90588236 0.9098039 0.9019608 0.9019608 0.89411765 0.8901961 0.8862745 0.8784314 0.87058824 0.8666667 0.85882354 0.85490197 0.84705883 0.8392157
0.7882353 0.80784315 0.81960785 0.83137256 0.8392157 0.8509804 0.8509804 0.85882354 0.8627451 0.8784314 0.89411765 0.90588236 0.90588236 0.9098039 0.91764706 0.92156863 0.90588236 0.8745098 0.8039216 0.7019608 0.6627451 0.7647059 0.8862745 0.90588236 0.89411765 0.8862745 0.8745098 0.87058824 0.85882354 0.85490197 0.84705883 0.84313726
0.7921569 0.8117647 0.8235294 0.83137256 0.84313726 0.85490197 0.85882354 0.7137255 0.5294118 0.5176471 0.54901963 0.5803922 0.59607846 0.60784316 0.6156863 0.6156863 0.53333336 0.47058824 0.40784314 0.35686275 0.3882353 0.39215687 0.49019608 0.58431375 0.7764706 0.8980392 0.8862745 0.8784314 0.87058824 0.8627451 0.85490197 0.84705883
0.79607844 0.8156863 0.827451 0.83137256 0.84705883 0.8627451 0.8156863 0.5568628 0.41568628 0.40392157 0.3529412 0.29411766 0.2784314 0.28627452 0.29411766 0.2901961 0.2901961 0.29411766 0.3019608 0.3137255 0.30588236 0.2901961 0.34901962 0.6156863 0.85490197 0.8901961 0.8901961 0.8862745 0.8784314 0.8666667 0.85882354 0.85490197
0.8 0.8156863 0.83137256 0.83137256 0.84313726 0.85882354 0.77254903 0.4117647 0.3372549 0.45490196 0.5686275 0.37254903 0.30980393 0.32941177 0.3372549 0.33333334 0.3254902 0.32941177 0.32156864 0.3137255 0.31764707 0.47843137 0.79607844 0.92156863 0.90588236 0.8980392 0.8980392 0.8862745 0.8784314 0.87058824 0.8627451 0.85882354
0.8117647 0.81960785 0.83137256 0.8352941 0.84313726 0.85882354 0.8745098 0.7529412 0.3529412 0.23137255 0.27450982 0.2901961 0.3137255 0.3254902 0.31764707 0.32156864 0.33333334 0.3254902 0.30980393 0.36862746 0.63529414 0.88235295 0.9254902 0.8980392 0.8980392 0.8980392 0.89411765 0.8862745 0.8745098 0.8745098 0.8666667 0.85882354
0.81960785 0.827451 0.83137256 0.8392157 0.85490197 0.87058824 0.8666667 0.85882354 0.7058824 0.5372549 0.45490196 0.36078432 0.3137255 0.30980393 0.32156864 0.33333334 0.32941177 0.3254902 0.4627451 0.7764706 0.9254902 0.9137255 0.89411765 0.8901961 0.8862745 0.8862745 0.88235295 0.8784314 0.8745098 0.87058824 0.8666667 0.85882354
0.81960785 0.827451 0.83137256 0.84313726 0.85882354 0.8627451 0.8627451 0.8627451 0.87058824 0.8745098 0.85882354 0.8156863 0.70980394 0.47843137 0.30588236 0.3019608 0.35686275 0.6156863 0.8784314 0.9254902 0.90588236 0.9019608 0.89411765 0.88235295 0.8784314 0.8784314 0.8745098 0.87058824 0.87058824 0.8745098 0.8666667 0.85882354
0.8117647 0.83137256 0.8352941 0.84313726 0.8509804 0.8666667 0.8627451 0.8627451 0.8627451 0.8627451 0.8784314 0.89411765 0.8392157 0.40392157 0.27058825 0.41568628 0.7529412 0.9254902 0.91764706 0.8980392 0.9019608 0.8980392 0.8862745 0.88235295 0.8784314 0.8745098 0.87058824 0.87058824 0.87058824 0.8666667 0.8627451 0.85490197
0.8117647 0.827451 0.8352941 0.8392157 0.84705883 0.85490197 0.85882354 0.8627451 0.8627451 0.8627451 0.8745098 0.85882354 0.5058824 0.3019608 0.56078434 0.8509804 0.93333334 0.9137255 0.9098039 0.9019608 0.8980392 0.89411765 0.8862745 0.88235295 0.8784314 0.8745098 0.87058824 0.87058824 0.87058824 0.8627451 0.85882354 0.85490197
0.8117647 0.8235294 0.83137256 0.8352941 0.8392157 0.84313726 0.84705883 0.85490197 0.8627451 0.8627451 0.87058824 0.84313726 0.6392157 0.7294118 0.9019608 0.9098039 0.9019608 0.9098039 0.90588236 0.90588236 0.9019608 0.89411765 0.8862745 0.88235295 0.8784314 0.8745098 0.8666667 0.8666667 0.8666667 0.8627451 0.85882354 0.8509804
0.80784315 0.8156863 0.83137256 0.8352941 0.8352941 0.8352941 0.84313726 0.8509804 0.85882354 0.8666667 0.8666667 0.8784314 0.8980392 0.9019608 0.8980392 0.8980392 0.89411765 0.9019608 0.90588236 0.90588236 0.9019608 0.89411765 0.8862745 0.88235295 0.88235295 0.8745098 0.8666667 0.8627451 0.8627451 0.85882354 0.85490197 0.84705883
0.80784315 0.8156863 0.827451 0.83137256 0.83137256 0.8352941 0.84313726 0.8509804 0.85882354 0.8627451 0.87058824 0.8784314 0.88235295 0.88235295 0.8901961 0.89411765 0.89411765 0.8980392 0.9019608 0.9019608 0.8980392 0.8901961 0.8862745 0.88235295 0.8784314 0.8745098 0.8666667 0.8627451 0.8627451 0.8627451 0.85490197 0.8509804
0.8 0.8117647 0.8235294 0.827451 0.83137256 0.8352941 0.84313726 0.8509804 0.85882354 0.8627451 0.87058824 0.8784314 0.88235295 0.88235295 0.8862745 0.8901961 0.8901961 0.8901961 0.89411765 0.89411765 0.89411765 0.8862745 0.8862745 0.8784314 0.8745098 0.87058824 0.8666667 0.8627451 0.8627451 0.85882354 0.85490197 0.8509804
0.7921569 0.80784315 0.8156863 0.81960785 0.8235294 0.83137256 0.8392157 0.8509804 0.85490197 0.85882354 0.8666667 0.8784314 0.8784314 0.8784314 0.88235295 0.8862745 0.8862745 0.8862745 0.8901961 0.8901961 0.8862745 0.8862745 0.88235295 0.8745098 0.87058824 0.8666667 0.8627451 0.85882354 0.85882354 0.85882354 0.85490197 0.84705883
0.7921569 0.80784315 0.8117647 0.8156863 0.81960785 0.83137256 0.8392157 0.84705883 0.8509804 0.85490197 0.8666667 0.8745098 0.8784314 0.8784314 0.88235295 0.88235295 0.8784314 0.88235295 0.88235295 0.8862745 0.88235295 0.88235295 0.8784314 0.87058824 0.87058824 0.8666667 0.85882354 0.85490197 0.85490197 0.85490197 0.8509804 0.84313726
0.7882353 0.8039216 0.80784315 0.8117647 0.8156863 0.8235294 0.8352941 0.84313726 0.84705883 0.85490197 0.8627451 0.8666667 0.8745098 0.8745098 0.88235295 0.8784314 0.8784314 0.8784314 0.8784314 0.8784314 0.8784314 0.8784314 0.8784314 0.87058824 0.87058824 0.8627451 0.85882354 0.85490197 0.8509804 0.85490197 0.84705883 0.8392157
0.7764706 0.7921569 0.8039216 0.8039216 0.8117647 0.8235294 0.8352941 0.8392157 0.84705883 0.85490197 0.85882354 0.8627451 0.87058824 0.8745098 0.8784314 0.8784314 0.8784314 0.8784314 0.8784314 0.8784314 0.8745098 0.8745098 0.8745098 0.87058824 0.87058824 0.8666667 0.85882354 0.85490197 0.8509804 0.8509804 0.84313726 0.8352941
0.7647059 0.78431374 0.7921569 0.8 0.80784315 0.81960785 0.83137256 0.8392157 0.84705883 0.85490197 0.85882354 0.8627451 0.8666667 0.8745098 0.8745098 0.8784314 0.8784314 0.8784314 0.8784314 0.8745098 0.87058824 0.87058824 0.87058824 0.87058824 0.87058824 0.8666667 0.85882354 0.8509804 0.84705883 0.84705883 0.8392157 0.8352941
0.7529412 0.77254903 0.78039217 0.7921569 0.8039216 0.8156863 0.83137256 0.8392157 0.84705883 0.85490197 0.85882354 0.8627451 0.8666667 0.87058824 0.8745098 0.8784314 0.8784314 0.8784314 0.8784314 0.87058824 0.8666667 0.8666667 0.8666667 0.8666667 0.87058824 0.8627451 0.85490197 0.84705883 0.84313726 0.84705883 0.8392157 0.83137256
0.7490196 0.7647059 0.7764706 0.7882353 0.8 0.8156863 0.8235294 0.8392157 0.84705883 0.85490197 0.85490197 0.8627451 0.8666667 0.8666667 0.8745098 0.8784314 0.88235295 0.88235295 0.8784314 0.87058824 0.8666667 0.87058824 0.87058824 0.87058824 0.8745098 0.8666667 0.85882354 0.8509804 0.84313726 0.84705883 0.8392157 0.83137256
0.7372549 0.7490196 0.7647059 0.78039217 0.79607844 0.8117647 0.8235294 0.83137256 0.8392157 0.84705883 0.85882354 0.8627451 0.8627451 0.8666667 0.8784314 0.8784314 0.8784314 0.8745098 0.8745098 0.87058824 0.8666667 0.85882354 0.85882354 0.85882354 0.85490197 0.84705883 0.83137256 0.81960785 0.80784315 0.79607844 0.78431374 0.76862746
0.7411765 0.7529412 0.76862746 0.78431374 0.8 0.8117647 0.8235294 0.83137256 0.8392157 0.84705883 0.85490197 0.85882354 0.8627451 0.8666667 0.8745098 0.8784314 0.8745098 0.87058824 0.8666667 0.87058824 0.8666667 0.85882354 0.85882354 0.85882354 0.8509804 0.84313726 0.827451 0.8156863 0.80784315 0.8 0.7882353 0.7764706
0.74509805 0.75686276 0.77254903 0.7882353 0.8039216 0.8156863 0.827451 0.83137256 0.8392157 0.84705883 0.8509804 0.85490197 0.85882354 0.8627451 0.87058824 0.8745098 0.87058824 0.8666667 0.8627451 0.8666667 0.87058824 0.8627451 0.85882354 0.85490197 0.8509804 0.84313726 0.827451 0.81960785 0.8117647 0.8039216 0.7921569 0.7764706
0.7490196 0.7607843 0.77254903 0.7882353 0.8039216 0.8156863 0.827451 0.8352941 0.8392157 0.84705883 0.8509804 0.85490197 0.8627451 0.8666667 0.8666667 0.87058824 0.8745098 0.87058824 0.8666667 0.87058824 0.87058824 0.8627451 0.85490197 0.84705883 0.8392157 0.8352941 0.827451 0.8235294 0.8117647 0.8 0.7921569 0.7764706
0.74509805 0.7607843 0.7764706 0.7921569 0.80784315 0.81960785 0.83137256 0.84313726 0.84705883 0.8509804 0.85490197 0.85882354 0.8627451 0.8666667 0.8666667 0.87058824 0.87058824 0.87058824 0.8627451 0.8666667 0.8666667 0.85882354 0.8509804 0.84705883 0.8392157 0.8352941 0.83137256 0.8235294 0.8117647 0.8039216 0.79607844 0.78431374
0.7529412 0.77254903 0.78039217 0.8 0.8117647 0.81960785 0.83137256 0.84705883 0.8509804 0.85490197 0.85882354 0.8627451 0.8666667 0.8666667 0.8666667 0.8627451 0.8627451 0.8666667 0.87058824 0.8666667 0.8666667 0.85882354 0.85490197 0.8509804 0.84705883 0.84313726 0.8352941 0.83137256 0.81960785 0.8156863 0.8039216 0.79607844
0.7647059 0.78039217 0.7882353 0.8039216 0.8117647 0.8235294 0.8352941 0.84313726 0.84705883 0.8509804 0.85882354 0.8627451 0.8666667 0.8666667 0.8666667 0.8666667 0.87058824 0.8784314 0.88235295 0.8745098 0.87058824 0.8666667 0.8627451 0.85882354 0.8509804 0.84705883 0.84313726 0.8392157 0.827451 0.81960785 0.8117647 0.8
0.77254903 0.7882353 0.79607844 0.80784315 0.8156863 0.8235294 0.83137256 0.8392157 0.84313726 0.85490197 0.85882354 0.8627451 0.8666667 0.87058824 0.87058824 0.88235295 0.8901961 0.8901961 0.88235295 0.8784314 0.8745098 0.8666667 0.8627451 0.8627451 0.85882354 0.85490197 0.84705883 0.8392157 0.83137256 0.8235294 0.8156863 0.80784315
0.77254903 0.7921569 0.8 0.8117647 0.8235294 0.827451 0.8392157 0.84705883 0.8509804 0.85882354 0.8666667 0.8745098 0.8745098 0.88235295 0.8862745 0.8901961 0.89411765 0.8901961 0.88235295 0.88235295 0.8745098 0.87058824 0.8666667 0.8666667 0.85882354 0.8509804 0.8509804 0.84313726 0.8352941 0.83137256 0.81960785 0.8117647
0.7764706 0.79607844 0.80784315 0.81960785 0.83137256 0.8392157 0.8509804 0.85882354 0.85882354 0.8666667 0.87058824 0.8784314 0.8862745 0.89411765 0.8980392 0.9019608 0.8980392 0.89411765 0.8901961 0.8901961 0.88235295 0.88235295 0.8745098 0.87058824 0.8627451 0.8509804 0.85490197 0.8509804 0.84313726 0.8352941 0.827451 0.81960785
0.78039217 0.8 0.8117647 0.8235294 0.8352941 0.84705883 0.85490197 0.8627451 0.85882354 0.8627451 0.87058824 0.88235295 0.8901961 0.8980392 0.9019608 0.90588236 0.9019608 0.8901961 0.8862745 0.8862745 0.8862745 0.8862745 0.88235295 0.8745098 0.8627451 0.8509804 0.85882354 0.85490197 0.84705883 0.8392157 0.83137256 0.8235294
0.78431374 0.8039216 0.8156863 0.827451 0.84313726 0.85490197 0.85882354 0.85882354 0.8509804 0.8509804 0.87058824 0.8784314 0.88235295 0.8901961 0.8980392 0.89411765 0.8901961 0.8862745 0.88235295 0.88235295 0.8784314 0.8901961 0.88235295 0.8745098 0.8666667 0.85882354 0.85490197 0.8509804 0.84313726 0.8392157 0.83137256 0.81960785
0.7882353 0.80784315 0.81960785 0.83137256 0.84705883 0.85882354 0.85490197 0.8509804 0.84705883 0.85490197 0.8745098 0.8862745 0.8862745 0.8901961 0.9019608 0.8980392 0.88235295 0.84313726 0.7607843 0.654902 0.61960787 0.7411765 0.8666667 0.8901961 0.88235295 0.88235295 0.8627451 0.8509804 0.84313726 0.8392157 0.83137256 0.8235294
0.7921569 0.8117647 0.8235294 0.83137256 0.84705883 0.85490197 0.85490197 0.69411767 0.5019608 0.48235294 0.5176471 0.54901963 0.56078434 0.57254905 0.5803922 0.57254905 0.4862745 0.42352942 0.34901962 0.29411766 0.3254902 0.34509805 0.45882353 0.5686275 0.78431374 0.9137255 0.88235295 0.8627451 0.85490197 0.84705883 0.8392157 0.827451
0.79607844 0.8156863 0.827451 0.83137256 0.84705883 0.85882354 0.8 0.5294118 0.3764706 0.36078432 0.30588236 0.2509804 0.23529412 0.23921569 0.24705882 0.23921569 0.23137255 0.23137255 0.23137255 0.23921569 0.23137255 0.23137255 0.30588236 0.6 0.87058824 0.92156863 0.8901961 0.87058824 0.8627451 0.85490197 0.84313726 0.8352941
0.79607844 0.8117647 0.827451 0.827451 0.8392157 0.8509804 0.75686276 0.38039216 0.29411766 0.40392157 0.5019608 0.30588236 0.24313726 0.25882354 0.26666668 0.25882354 0.2509804 0.2509804 0.24705882 0.24313726 0.2627451 0.45490196 0.78039217 0.91764706 0.9098039 0.9098039 0.89411765 0.8784314 0.8627451 0.8509804 0.8392157 0.8352941
0.80784315 0.8156863 0.827451 0.83137256 0.8392157 0.85490197 0.85882354 0.72156864 0.30980393 0.18039216 0.21176471 0.22745098 0.24313726 0.24705882 0.23529412 0.23529412 0.2509804 0.24705882 0.24705882 0.3137255 0.59607846 0.8784314 0.92156863 0.89411765 0.89411765 0.89411765 0.8862745 0.8784314 0.85882354 0.84705883 0.8352941 0.83137256
0.8156863 0.8235294 0.827451 0.8352941 0.8509804 0.8666667 0.85490197 0.8352941 0.6745098 0.49803922 0.41568628 0.3137255 0.25490198 0.23529412 0.23921569 0.2509804 0.25490198 0.26666668 0.42352942 0.7529412 0.9098039 0.9098039 0.8901961 0.8862745 0.88235295 0.88235295 0.8784314 0.87058824 0.85882354 0.8509804 0.8352941 0.83137256
0.8156863 0.8235294 0.827451 0.8392157 0.85490197 0.85882354 0.85882354 0.84705883 0.8509804 0.84705883 0.8392157 0.7882353 0.6627451 0.4117647 0.22745098 0.23137255 0.29803923 0.5803922 0.8666667 0.92941177 0.9137255 0.8980392 0.8901961 0.8784314 0.8745098 0.8745098 0.87058824 0.8627451 0.85490197 0.8509804 0.8352941 0.83137256
0.80784315 0.827451 0.83137256 0.8392157 0.8509804 0.87058824 0.8627451 0.85882354 0.8509804 0.85490197 0.88235295 0.8862745 0.8117647 0.35686275 0.21176471 0.3647059 0.7137255 0.90588236 0.91764706 0.91764706 0.92156863 0.89411765 0.88235295 0.8784314 0.8745098 0.87058824 0.8666667 0.8627451 0.85490197 0.84313726 0.8352941 0.827451
0.80784315 0.8235294 0.83137256 0.8352941 0.8509804 0.8627451 0.8666667 0.8666667 0.8666667 0.8745098 0.8901961 0.8627451 0.49411765 0.27058825 0.52156866 0.8235294 0.9137255 0.90588236 0.9098039 0.9137255 0.9098039 0.8901961 0.88235295 0.8784314 0.8745098 0.87058824 0.8627451 0.8627451 0.85490197 0.8392157 0.83137256 0.827451
0.80784315 0.81960785 0.827451 0.83137256 0.84313726 0.85490197 0.8627451 0.8666667 0.8745098 0.8784314 0.8862745 0.8509804 0.63529414 0.7176471 0.88235295 0.90588236 0.9019608 0.90588236 0.8980392 0.89411765 0.8901961 0.8901961 0.88235295 0.8784314 0.8745098 0.87058824 0.8627451 0.85882354 0.8509804 0.8392157 0.827451 0.8235294
0.8039216 0.8117647 0.827451 0.83137256 0.8392157 0.84705883 0.85490197 0.8627451 0.8745098 0.8784314 0.88235295 0.89411765 0.90588236 0.90588236 0.9019608 0.9098039 0.9098039 0.9019608 0.8901961 0.8784314 0.8784314 0.8901961 0.88235295 0.8784314 0.8745098 0.87058824 0.85882354 0.85490197 0.84705883 0.8352941 0.827451 0.81960785
0.8039216 0.8117647 0.81960785 0.8235294 0.83137256 0.8392157 0.84705883 0.85882354 0.8666667 0.87058824 0.8745098 0.88235295 0.8862745 0.8862745 0.89411765 0.9019608 0.9019608 0.9019608 0.8980392 0.8901961 0.8862745 0.8901961 0.8862745 0.8784314 0.8745098 0.87058824 0.85882354 0.85490197 0.84705883 0.8392157 0.827451 0.8235294
0.7921569 0.8039216 0.8156863 0.81960785 0.827451 0.8352941 0.84313726 0.85490197 0.85882354 0.8627451 0.87058824 0.8784314 0.88235295 0.88235295 0.8862745 0.89411765 0.89411765 0.89411765 0.8980392 0.8980392 0.89411765 0.8862745 0.8862745 0.8784314 0.8745098 0.87058824 0.85882354 0.85490197 0.84313726 0.8352941 0.827451 0.8235294
0.78431374 0.8 0.80784315 0.8117647 0.8235294 0.83137256 0.8392157 0.8509804 0.85490197 0.85882354 0.8666667 0.8784314 0.8784314 0.8784314 0.88235295 0.8901961 0.8901961 0.8901961 0.89411765 0.89411765 0.8901961 0.8862745 0.88235295 0.8745098 0.87058824 0.8666667 0.85490197 0.8509804 0.8392157 0.8352941 0.8235294 0.81960785
0.78431374 0.8 0.8039216 0.80784315 0.81960785 0.83137256 0.8392157 0.84705883 0.8509804 0.85490197 0.8666667 0.8745098 0.8784314 0.8784314 0.88235295 0.88235295 0.88235295 0.8862745 0.8862745 0.8901961 0.8862745 0.88235295 0.8784314 0.87058824 0.87058824 0.8666667 0.85490197 0.84705883 0.8392157 0.83137256 0.8235294 0.8156863
0.78039217 0.79607844 0.8 0.8039216 0.8117647 0.827451 0.8352941 0.84313726 0.84705883 0.85490197 0.8627451 0.8666667 0.8745098 0.8745098 0.88235295 0.88235295 0.88235295 0.88235295 0.88235295 0.88235295 0.88235295 0.8784314 0.8784314 0.87058824 0.87058824 0.8627451 0.85490197 0.84705883 0.8352941 0.83137256 0.81960785 0.8117647
0.76862746 0.78431374 0.79607844 0.79607844 0.80784315 0.8235294 0.8352941 0.8392157 0.84705883 0.85490197 0.85882354 0.8627451 0.87058824 0.8745098 0.8784314 0.88235295 0.88235295 0.88235295 0.88235295 0.88235295 0.8784314 0.8745098 0.8745098 0.87058824 0.87058824 0.8666667 0.85490197 0.84705883 0.8352941 0.827451 0.8156863 0.80784315
0.75686276 0.7764706 0.78431374 0.7921569 0.8039216 0.81960785 0.83137256 0.8392157 0.84705883 0.85490197 0.85882354 0.8627451 0.8666667 0.8745098 0.8745098 0.88235295 0.88235295 0.88235295 0.88235295 0.8784314 0.8745098 0.87058824 0.87058824 0.87058824 0.87058824 0.8666667 0.8509804 0.84313726 0.83137256 0.8235294 0.8117647 0.80784315
0.74509805 0.7647059 0.77254903 0.78431374 0.8 0.8156863 0.83137256 0.8392157 0.84705883 0.85490197 0.85882354 0.8627451 0.8666667 0.87058824 0.8745098 0.8784314 0.88235295 0.88235295 0.88235295 0.8745098 0.8666667 0.8666667 0.8666667 0.8666667 0.87058824 0.8666667 0.8509804 0.8392157 0.827451 0.8235294 0.80784315 0.8039216
0.73333335 0.7529412 0.76862746 0.78039217 0.79607844 0.8117647 0.81960785 0.8352941 0.84313726 0.8509804 0.85882354 0.8627451 0.8666667 0.87058824 0.8745098 0.8784314 0.8784314 0.8784314 0.8784314 0.8745098 0.8666667 0.8666667 0.8666667 0.8666667 0.87058824 0.8627451 0.85490197 0.84705883 0.8352941 0.827451 0.8156863 0.80784315
31 18 1
