32, 32, 3, 1
0.4509804 0.44705883 0.5764706 0.7019608 0.46666667 0.38431373 0.70980394 0.7764706 0.7137255 0.7019608 0.7176471 0.7058824 0.7254902 0.7294118 0.7529412 0.7607843 0.7764706 0.78431374 0.7607843 0.69803923 0.6784314 0.69803923 0.7176471 0.7372549 0.74509805 0.74509805 0.7294118 0.72156864 0.7176471 0.69803923 0.7058824 0.7294118
0.45490196 0.4509804 0.58431375 0.72156864 0.47843137 0.3529412 0.6901961 0.7529412 0.7176471 0.7058824 0.72156864 0.7294118 0.72156864 0.7176471 0.7254902 0.7294118 0.7254902 0.7607843 0.7529412 0.6901961 0.68235296 0.69411767 0.7137255 0.6862745 0.7176471 0.7372549 0.7176471 0.70980394 0.7176471 0.70980394 0.72156864 0.7411765
0.44313726 0.4509804 0.5882353 0.73333335 0.47843137 0.34901962 0.6431373 0.7411765 0.7411765 0.7019608 0.7058824 0.69803923 0.68235296 0.6745098 0.6862745 0.7058824 0.69803923 0.73333335 0.7254902 0.7294118 0.7372549 0.68235296 0.69411767 0.69411767 0.7019608 0.7254902 0.69803923 0.68235296 0.7019608 0.7058824 0.7058824 0.72156864
0.44705883 0.44705883 0.54509807 0.7490196 0.5019608 0.3372549 0.64705884 0.74509805 0.73333335 0.7019608 0.7137255 0.69411767 0.6784314 0.6901961 0.7019608 0.72156864 0.69803923 0.72156864 0.7254902 0.73333335 0.7372549 0.7019608 0.7058824 0.7058824 0.7137255 0.7254902 0.7137255 0.7137255 0.7058824 0.70980394 0.7019608 0.7176471
0.4745098 0.45490196 0.5294118 0.74509805 0.50980395 0.32941177 0.60784316 0.73333335 0.7176471 0.69803923 0.70980394 0.69803923 0.7058824 0.69803923 0.70980394 0.7254902 0.7058824 0.7019608 0.68235296 0.6784314 0.69411767 0.7058824 0.72156864 0.7058824 0.7019608 0.6901961 0.69803923 0.70980394 0.7019608 0.7137255 0.72156864 0.7254902
0.45490196 0.47058824 0.52156866 0.7490196 0.5411765 0.34901962 0.6156863 0.7647059 0.7490196 0.7607843 0.64705884 0.6666667 0.73333335 0.7176471 0.7254902 0.7411765 0.72156864 0.7058824 0.6901961 0.69411767 0.7058824 0.7254902 0.73333335 0.7372549 0.7254902 0.7019608 0.6901961 0.7019608 0.6901961 0.70980394 0.7294118 0.7411765
0.28235295 0.40392157 0.5176471 0.7529412 0.5529412 0.34117648 0.60784316 0.74509805 0.7137255 0.7647059 0.5294118 0.5686275 0.7058824 0.7019608 0.72156864 0.7529412 0.7294118 0.7137255 0.7019608 0.6862745 0.7019608 0.7019608 0.6901961 0.7019608 0.69411767 0.6784314 0.67058825 0.67058825 0.67058825 0.6784314 0.6745098 0.70980394
0.17254902 0.22352941 0.33333334 0.5803922 0.5647059 0.36862746 0.6156863 0.74509805 0.6901961 0.63529414 0.4 0.53333336 0.7137255 0.7058824 0.7137255 0.75686276 0.7372549 0.73333335 0.7294118 0.70980394 0.72156864 0.7137255 0.7058824 0.69803923 0.68235296 0.68235296 0.6745098 0.69411767 0.7137255 0.70980394 0.69411767 0.7176471
0.18039216 0.18431373 0.19215687 0.38431373 0.5921569 0.5882353 0.7490196 0.7647059 0.6 0.5568628 0.3529412 0.45882353 0.7294118 0.73333335 0.7137255 0.6862745 0.67058825 0.64705884 0.6156863 0.6156863 0.627451 0.654902 0.70980394 0.70980394 0.69411767 0.7176471 0.7058824 0.7058824 0.7019608 0.7058824 0.7176471 0.72156864
0.15686275 0.16470589 0.16862746 0.23529412 0.49411765 0.7607843 0.8784314 0.81960785 0.62352943 0.54901963 0.40392157 0.44313726 0.6039216 0.60784316 0.54509807 0.4627451 0.5058824 0.5058824 0.5137255 0.5294118 0.52156866 0.5019608 0.57254905 0.7372549 0.74509805 0.7254902 0.7137255 0.70980394 0.70980394 0.7176471 0.7058824 0.70980394
0.27058825 0.28235295 0.2901961 0.34509805 0.36862746 0.43137255 0.6 0.5529412 0.4745098 0.57254905 0.5137255 0.43529412 0.36862746 0.40784314 0.43137255 0.43137255 0.49019608 0.5058824 0.5372549 0.5529412 0.54901963 0.5411765 0.50980395 0.6039216 0.7490196 0.7294118 0.7254902 0.72156864 0.7019608 0.70980394 0.7176471 0.70980394
0.44313726 0.4745098 0.42745098 0.5254902 0.47843137 0.1764706 0.47058824 0.6509804 0.48235294 0.67058825 0.6156863 0.3764706 0.36862746 0.49019608 0.5254902 0.52156866 0.5686275 0.6039216 0.6156863 0.5882353 0.5803922 0.5921569 0.5882353 0.5294118 0.69411767 0.74509805 0.7294118 0.74509805 0.72156864 0.69803923 0.7176471 0.73333335
0.3764706 0.49411765 0.39607844 0.2901961 0.38431373 0.13333334 0.44313726 0.5686275 0.29411766 0.5411765 0.7411765 0.3254902 0.38431373 0.5568628 0.6039216 0.59607846 0.6156863 0.6666667 0.6745098 0.6117647 0.6039216 0.6 0.5921569 0.5803922 0.6784314 0.7254902 0.7137255 0.7294118 0.7294118 0.70980394 0.6901961 0.7254902
0.28627452 0.4392157 0.38039216 0.16470589 0.16862746 0.14509805 0.27450982 0.23529412 0.12941177 0.22745098 0.7058824 0.54509807 0.48235294 0.6039216 0.654902 0.627451 0.63529414 0.69411767 0.6784314 0.59607846 0.6117647 0.61960787 0.63529414 0.58431375 0.6666667 0.69803923 0.69803923 0.6862745 0.6784314 0.64705884 0.6392157 0.63529414
0.2901961 0.33333334 0.30588236 0.13725491 0.12156863 0.22352941 0.21960784 0.16470589 0.14509805 0.12156863 0.43529412 0.7294118 0.63529414 0.62352943 0.6862745 0.6784314 0.68235296 0.7058824 0.7254902 0.6901961 0.67058825 0.6901961 0.654902 0.49411765 0.47843137 0.4627451 0.52156866 0.5647059 0.5803922 0.5568628 0.5568628 0.5294118
0.30588236 0.2627451 0.20784314 0.13333334 0.13333334 0.27450982 0.28235295 0.2509804 0.27058825 0.27450982 0.21176471 0.44705883 0.5686275 0.5686275 0.6117647 0.57254905 0.54901963 0.5647059 0.5568628 0.5882353 0.7137255 0.7529412 0.58431375 0.3019608 0.29803923 0.3137255 0.39607844 0.5529412 0.5921569 0.5803922 0.5137255 0.4745098
0.33333334 0.3137255 0.16470589 0.10980392 0.17254902 0.33333334 0.34901962 0.34901962 0.36862746 0.35686275 0.2 0.14117648 0.36078432 0.5647059 0.56078434 0.2784314 0.1764706 0.1882353 0.16078432 0.20392157 0.50980395 0.72156864 0.6 0.32941177 0.27450982 0.31764707 0.3764706 0.48235294 0.45882353 0.4509804 0.37254903 0.34509805
0.34901962 0.21960784 0.08627451 0.0627451 0.1882353 0.38039216 0.2901961 0.25490198 0.2627451 0.23137255 0.2 0.13725491 0.46666667 0.58431375 0.5411765 0.15686275 0.03137255 0.0627451 0.06666667 0.06666667 0.14117648 0.49019608 0.68235296 0.5529412 0.35686275 0.3372549 0.37254903 0.40784314 0.39215687 0.32941177 0.40784314 0.4
0.14509805 0.078431375 0.05490196 0.03529412 0.17254902 0.37254903 0.27058825 0.24313726 0.21960784 0.2 0.20392157 0.2627451 0.50980395 0.39215687 0.4862745 0.16078432 0.13333334 0.11372549 0.08627451 0.09019608 0.05490196 0.18039216 0.4509804 0.6039216 0.45490196 0.34509805 0.3529412 0.3019608 0.32941177 0.33333334 0.38431373 0.38039216
0.07450981 0.05490196 0.05882353 0.105882354 0.23137255 0.3764706 0.3019608 0.23921569 0.24313726 0.23137255 0.2627451 0.37254903 0.36078432 0.22352941 0.4627451 0.23921569 0.3254902 0.24705882 0.2627451 0.25882354 0.08627451 0.23137255 0.3372549 0.4862745 0.47058824 0.28627452 0.29803923 0.2901961 0.33333334 0.3019608 0.35686275 0.36078432
0.15294118 0.11764706 0.14117648 0.24313726 0.32156864 0.37254903 0.31764707 0.2901961 0.3254902 0.29803923 0.3137255 0.49019608 0.38039216 0.3019608 0.4392157 0.32941177 0.26666668 0.27058825 0.39215687 0.37254903 0.29411766 0.44705883 0.29803923 0.36078432 0.4509804 0.3019608 0.30588236 0.3529412 0.3529412 0.29411766 0.3529412 0.40392157
0.28627452 0.2627451 0.27450982 0.3019608 0.3372549 0.34509805 0.32941177 0.34509805 0.3647059 0.34509805 0.3529412 0.47843137 0.3764706 0.38431373 0.4392157 0.35686275 0.3372549 0.33333334 0.36078432 0.34901962 0.38039216 0.49019608 0.34117648 0.44313726 0.4627451 0.39607844 0.43137255 0.4 0.3882353 0.4 0.41568628 0.40784314
0.29803923 0.2784314 0.29803923 0.3372549 0.3647059 0.3647059 0.3882353 0.3882353 0.37254903 0.3882353 0.3647059 0.3764706 0.36862746 0.3882353 0.4392157 0.39215687 0.40784314 0.39607844 0.38431373 0.38039216 0.39607844 0.3882353 0.41568628 0.4862745 0.4509804 0.4 0.44313726 0.44705883 0.4509804 0.47843137 0.4627451 0.45490196
0.3529412 0.34117648 0.35686275 0.37254903 0.3882353 0.3882353 0.3882353 0.37254903 0.3647059 0.39215687 0.39607844 0.3882353 0.40784314 0.43529412 0.4117647 0.43137255 0.47058824 0.43529412 0.40784314 0.4392157 0.48235294 0.4745098 0.45490196 0.43529412 0.42352942 0.38039216 0.39607844 0.42745098 0.4627451 0.54901963 0.5411765 0.5176471
0.35686275 0.36862746 0.4117647 0.4 0.37254903 0.38039216 0.3882353 0.36862746 0.39215687 0.43137255 0.41568628 0.3882353 0.42745098 0.44313726 0.43529412 0.47843137 0.5058824 0.5019608 0.50980395 0.5254902 0.5568628 0.5411765 0.41960785 0.42745098 0.42745098 0.45882353 0.47058824 0.49019608 0.53333336 0.5764706 0.5647059 0.47058824
0.3882353 0.3882353 0.40784314 0.4 0.3764706 0.4 0.38431373 0.36862746 0.41568628 0.42745098 0.4117647 0.39215687 0.41568628 0.43529412 0.46666667 0.49411765 0.5294118 0.54509807 0.5529412 0.56078434 0.5921569 0.47843137 0.42352942 0.41568628 0.43137255 0.5176471 0.5568628 0.5647059 0.5803922 0.5882353 0.54509807 0.45490196
0.42352942 0.42352942 0.42745098 0.39607844 0.3764706 0.41568628 0.42745098 0.39215687 0.40784314 0.43137255 0.47058824 0.4509804 0.45882353 0.5058824 0.5137255 0.52156866 0.54901963 0.5372549 0.5372549 0.56078434 0.5647059 0.5176471 0.5058824 0.5058824 0.50980395 0.5254902 0.5411765 0.5529412 0.5647059 0.5764706 0.5176471 0.42352942
0.43137255 0.4627451 0.47058824 0.4509804 0.44313726 0.44705883 0.40784314 0.41568628 0.40784314 0.39607844 0.42745098 0.42745098 0.48235294 0.53333336 0.5294118 0.53333336 0.5568628 0.5568628 0.5647059 0.5529412 0.5529412 0.56078434 0.56078434 0.5568628 0.5372549 0.5058824 0.5137255 0.5294118 0.5372549 0.5372549 0.49803922 0.44705883
0.47058824 0.46666667 0.49803922 0.4745098 0.49411765 0.50980395 0.4627451 0.39607844 0.3764706 0.3529412 0.43137255 0.48235294 0.5254902 0.54901963 0.5254902 0.5137255 0.54901963 0.56078434 0.56078434 0.5568628 0.5529412 0.5411765 0.5568628 0.5686275 0.5372549 0.4745098 0.4392157 0.45882353 0.47843137 0.46666667 0.39607844 0.4509804
0.4627451 0.44313726 0.49803922 0.49411765 0.5137255 0.5294118 0.5019608 0.4745098 0.4745098 0.5058824 0.53333336 0.54509807 0.56078434 0.5568628 0.54509807 0.54901963 0.56078434 0.5568628 0.56078434 0.54901963 0.54901963 0.54509807 0.5647059 0.57254905 0.54901963 0.4745098 0.42352942 0.4 0.44313726 0.43529412 0.3764706 0.44313726
0.49019608 0.49019608 0.5058824 0.5137255 0.5294118 0.53333336 0.53333336 0.52156866 0.53333336 0.5294118 0.5372549 0.5568628 0.57254905 0.5686275 0.5568628 0.5568628 0.5529412 0.54509807 0.54509807 0.5372549 0.5411765 0.5529412 0.5686275 0.5529412 0.5254902 0.41960785 0.4117647 0.38039216 0.4392157 0.4 0.32156864 0.3764706
0.50980395 0.5019608 0.5176471 0.52156866 0.5294118 0.5254902 0.5294118 0.5294118 0.52156866 0.5137255 0.50980395 0.5254902 0.5647059 0.56078434 0.54901963 0.54901963 0.5372549 0.5372549 0.5411765 0.5137255 0.49803922 0.5372549 0.54509807 0.5254902 0.47843137 0.33333334 0.36862746 0.41568628 0.4117647 0.3647059 0.3372549 0.35686275
0.44313726 0.44313726 0.53333336 0.6313726 0.3882353 0.3137255 0.654902 0.73333335 0.6745098 0.6627451 0.6784314 0.6666667 0.69411767 0.6901961 0.7019608 0.69411767 0.7176471 0.7294118 0.70980394 0.6509804 0.62352943 0.6392157 0.654902 0.6745098 0.68235296 0.6901961 0.6784314 0.67058825 0.6666667 0.65882355 0.6745098 0.69803923
0.44705883 0.44313726 0.5411765 0.654902 0.40784314 0.29411766 0.6431373 0.72156864 0.6901961 0.6745098 0.6862745 0.69803923 0.7137255 0.7058824 0.69803923 0.6862745 0.69803923 0.7411765 0.70980394 0.627451 0.62352943 0.65882355 0.6784314 0.6509804 0.68235296 0.69411767 0.67058825 0.6666667 0.6745098 0.67058825 0.6862745 0.7058824
0.4392157 0.44313726 0.54901963 0.67058825 0.41568628 0.29803923 0.60784316 0.7176471 0.7254902 0.68235296 0.6862745 0.68235296 0.68235296 0.67058825 0.6666667 0.67058825 0.68235296 0.72156864 0.6901961 0.6745098 0.68235296 0.6509804 0.6666667 0.6666667 0.67058825 0.6901961 0.65882355 0.6431373 0.6627451 0.67058825 0.67058825 0.6862745
0.44313726 0.4392157 0.5058824 0.69411767 0.4509804 0.29411766 0.61960787 0.73333335 0.7254902 0.69411767 0.7019608 0.68235296 0.67058825 0.6745098 0.67058825 0.6745098 0.6627451 0.69411767 0.69803923 0.7058824 0.7058824 0.6627451 0.6627451 0.6666667 0.67058825 0.69411767 0.6862745 0.6862745 0.6784314 0.6745098 0.6627451 0.6784314
0.46666667 0.44705883 0.4862745 0.6901961 0.45490196 0.28627452 0.5803922 0.72156864 0.7137255 0.6901961 0.69411767 0.68235296 0.6784314 0.6627451 0.6627451 0.6666667 0.6509804 0.65882355 0.6509804 0.67058825 0.6745098 0.6509804 0.6666667 0.64705884 0.64705884 0.654902 0.67058825 0.68235296 0.6745098 0.6745098 0.68235296 0.6862745
0.44313726 0.44705883 0.47843137 0.6901961 0.4745098 0.28627452 0.57254905 0.7372549 0.7294118 0.7294118 0.6039216 0.61960787 0.69803923 0.6784314 0.6745098 0.68235296 0.67058825 0.6627451 0.6509804 0.6627451 0.67058825 0.6784314 0.68235296 0.68235296 0.6666667 0.6509804 0.6392157 0.654902 0.6431373 0.6627451 0.6784314 0.6901961
0.27058825 0.37254903 0.4745098 0.7137255 0.5137255 0.29411766 0.5686275 0.7019608 0.6431373 0.7019608 0.48235294 0.53333336 0.68235296 0.6745098 0.6784314 0.7019608 0.68235296 0.67058825 0.6627451 0.6431373 0.65882355 0.6627451 0.6509804 0.6666667 0.654902 0.627451 0.6117647 0.6156863 0.6156863 0.62352943 0.61960787 0.654902
0.16078432 0.19607843 0.2901961 0.52156866 0.4862745 0.27450982 0.5058824 0.61960787 0.5529412 0.5372549 0.34901962 0.5137255 0.69411767 0.6745098 0.6745098 0.7058824 0.6862745 0.6862745 0.6784314 0.6627451 0.67058825 0.6666667 0.6666667 0.67058825 0.654902 0.6392157 0.61960787 0.6392157 0.6627451 0.65882355 0.6392157 0.6627451
0.16862746 0.15686275 0.15294118 0.29803923 0.45882353 0.41960785 0.54509807 0.54901963 0.42352942 0.43529412 0.28235295 0.41568628 0.6862745 0.6784314 0.6509804 0.6156863 0.5921569 0.57254905 0.5372549 0.5372549 0.54901963 0.5764706 0.64705884 0.6666667 0.6627451 0.67058825 0.654902 0.654902 0.6509804 0.6509804 0.6627451 0.6666667
0.14509805 0.13725491 0.12941177 0.17254902 0.39607844 0.6117647 0.6666667 0.5882353 0.4392157 0.40784314 0.3019608 0.36078432 0.5254902 0.52156866 0.44705883 0.35686275 0.3882353 0.38431373 0.39215687 0.4117647 0.39607844 0.3764706 0.47058824 0.6627451 0.6901961 0.6745098 0.6627451 0.6627451 0.6627451 0.6627451 0.6509804 0.654902
0.26666668 0.2627451 0.25882354 0.3137255 0.3254902 0.3529412 0.47058824 0.39607844 0.3372549 0.45490196 0.4117647 0.34117648 0.27450982 0.29803923 0.30588236 0.30588236 0.36078432 0.36862746 0.39607844 0.4117647 0.4 0.38431373 0.3647059 0.4862745 0.6666667 0.6784314 0.6784314 0.6666667 0.64705884 0.654902 0.6666667 0.6509804
0.45882353 0.47058824 0.4117647 0.49019608 0.43137255 0.1254902 0.40784314 0.5764706 0.41568628 0.6039216 0.5411765 0.29411766 0.2784314 0.3647059 0.38039216 0.3882353 0.44313726 0.4745098 0.4745098 0.4392157 0.42352942 0.42745098 0.4117647 0.38431373 0.6 0.69803923 0.68235296 0.68235296 0.6509804 0.64705884 0.6745098 0.6745098
0.40392157 0.5019608 0.3882353 0.27450982 0.35686275 0.09803922 0.4117647 0.54509807 0.27058825 0.49803922 0.6666667 0.22745098 0.2784314 0.41960785 0.4392157 0.4509804 0.4862745 0.53333336 0.5254902 0.4509804 0.4392157 0.43137255 0.42352942 0.45490196 0.6156863 0.69411767 0.6784314 0.6784314 0.67058825 0.6627451 0.654902 0.6784314
0.32941177 0.4627451 0.38039216 0.16862746 0.16470589 0.11764706 0.2627451 0.24705882 0.14117648 0.20392157 0.6392157 0.44705883 0.37254903 0.4627451 0.4862745 0.47843137 0.50980395 0.56078434 0.5372549 0.44313726 0.44705883 0.44313726 0.48235294 0.49803922 0.64705884 0.69803923 0.68235296 0.65882355 0.6392157 0.6156863 0.60784316 0.58431375
0.34509805 0.37254903 0.31764707 0.15686275 0.11764706 0.18431373 0.20784314 0.2 0.17254902 0.11764706 0.39607844 0.6627451 0.54509807 0.49803922 0.5372549 0.54901963 0.5764706 0.6 0.60784316 0.5686275 0.5254902 0.50980395 0.5137255 0.44705883 0.5137255 0.49411765 0.5372549 0.5686275 0.57254905 0.54901963 0.5294118 0.4509804
0.3764706 0.30980393 0.22745098 0.14901961 0.11764706 0.21176471 0.25490198 0.2784314 0.2901961 0.2784314 0.20392157 0.43137255 0.5137255 0.47058824 0.49019608 0.47058824 0.4745098 0.49803922 0.47843137 0.5019608 0.58431375 0.5686275 0.44705883 0.2784314 0.3764706 0.37254903 0.43529412 0.5803922 0.6039216 0.59607846 0.49019608 0.36078432
0.37254903 0.34117648 0.18431373 0.13725491 0.14509805 0.24313726 0.30980393 0.38039216 0.4 0.4 0.24705882 0.16470589 0.30980393 0.47058824 0.44313726 0.20784314 0.16078432 0.16862746 0.13333334 0.17254902 0.4509804 0.5647059 0.46666667 0.27450982 0.34117648 0.4117647 0.4509804 0.5529412 0.5254902 0.5058824 0.39215687 0.29411766
0.34509805 0.22352941 0.101960786 0.09803922 0.16078432 0.28235295 0.2509804 0.29803923 0.30980393 0.3137255 0.28627452 0.1764706 0.40392157 0.49411765 0.4117647 0.10980392 0.0627451 0.07450981 0.08235294 0.08235294 0.15686275 0.38039216 0.5568628 0.4509804 0.38039216 0.45490196 0.4745098 0.5137255 0.49803922 0.42352942 0.48235294 0.44313726
0.14509805 0.09019608 0.07450981 0.07450981 0.16862746 0.3019608 0.2509804 0.2901961 0.27450982 0.2784314 0.2784314 0.28627452 0.4627451 0.32941177 0.37254903 0.12156863 0.1764706 0.14117648 0.11372549 0.11764706 0.09411765 0.11372549 0.35686275 0.49803922 0.44313726 0.44313726 0.44705883 0.39607844 0.42352942 0.43529412 0.4745098 0.44705883
0.078431375 0.078431375 0.09019608 0.15294118 0.2509804 0.34901962 0.30980393 0.29411766 0.3019608 0.30980393 0.32156864 0.38431373 0.33333334 0.18431373 0.36862746 0.21176471 0.38039216 0.29411766 0.30980393 0.30588236 0.14901961 0.20784314 0.28627452 0.39607844 0.4392157 0.37254903 0.38431373 0.3764706 0.41960785 0.39607844 0.4509804 0.44313726
0.17254902 0.15686275 0.19215687 0.30588236 0.36078432 0.3882353 0.34901962 0.3529412 0.39215687 0.37254903 0.35686275 0.4862745 0.38039216 0.29803923 0.3647059 0.30980393 0.3372549 0.3372549 0.45490196 0.43529412 0.3764706 0.44313726 0.28627452 0.3019608 0.43137255 0.38039216 0.38039216 0.43137255 0.42745098 0.3647059 0.41568628 0.46666667
0.3254902 0.31764707 0.34117648 0.37254903 0.39215687 0.38431373 0.38039216 0.40784314 0.43137255 0.41960785 0.3882353 0.46666667 0.39215687 0.40392157 0.38039216 0.34509805 0.4117647 0.40784314 0.43529412 0.42352942 0.45882353 0.48235294 0.34901962 0.41960785 0.46666667 0.46666667 0.49803922 0.46666667 0.4509804 0.43529412 0.43529412 0.4392157
0.34901962 0.33333334 0.36078432 0.38431373 0.4 0.39215687 0.41960785 0.43529412 0.43529412 0.45490196 0.41960785 0.40392157 0.39215687 0.40392157 0.41960785 0.3764706 0.44313726 0.44313726 0.43137255 0.42745098 0.44313726 0.39215687 0.42745098 0.4862745 0.4627451 0.4627451 0.5019608 0.49411765 0.49019608 0.4627451 0.43137255 0.4392157
0.39215687 0.38039216 0.39607844 0.40784314 0.41960785 0.41960785 0.41960785 0.4117647 0.42352942 0.4509804 0.45490196 0.44313726 0.43137255 0.4392157 0.40392157 0.40784314 0.45882353 0.4392157 0.40784314 0.4392157 0.49019608 0.49803922 0.4745098 0.45490196 0.44313726 0.41568628 0.42352942 0.43529412 0.45882353 0.49019608 0.49019608 0.50980395
0.3764706 0.3882353 0.43137255 0.4392157 0.42352942 0.43137255 0.4392157 0.41568628 0.4392157 0.47843137 0.4627451 0.43137255 0.4392157 0.4392157 0.41568628 0.44705883 0.46666667 0.45882353 0.46666667 0.48235294 0.5411765 0.5686275 0.4509804 0.45490196 0.44705883 0.45490196 0.45490196 0.45490196 0.48235294 0.49019608 0.50980395 0.49411765
0.38431373 0.38431373 0.40392157 0.42352942 0.42352942 0.44313726 0.42745098 0.40784314 0.4509804 0.4627451 0.44313726 0.41960785 0.41568628 0.41960785 0.43529412 0.4509804 0.46666667 0.4745098 0.48235294 0.49019608 0.54901963 0.49019608 0.43137255 0.42352942 0.43137255 0.4862745 0.5058824 0.49803922 0.5019608 0.48235294 0.49019608 0.49803922
0.4 0.4 0.40392157 0.39215687 0.39215687 0.42745098 0.4392157 0.40784314 0.43137255 0.4509804 0.49411765 0.4745098 0.44705883 0.4745098 0.47058824 0.46666667 0.48235294 0.4627451 0.4627451 0.48235294 0.5058824 0.48235294 0.47058824 0.47058824 0.4745098 0.4862745 0.49019608 0.4862745 0.4862745 0.47058824 0.4627451 0.4627451
0.39215687 0.42352942 0.42745098 0.42352942 0.42352942 0.42352942 0.38431373 0.40784314 0.42352942 0.40784314 0.4392157 0.43137255 0.45882353 0.49411765 0.47843137 0.47058824 0.49019608 0.49019608 0.49803922 0.4862745 0.4862745 0.49411765 0.49411765 0.4862745 0.47058824 0.47843137 0.4862745 0.49411765 0.4862745 0.45490196 0.4509804 0.47058824
0.4117647 0.4117647 0.4392157 0.4392157 0.45490196 0.44705883 0.41568628 0.3882353 0.39215687 0.34901962 0.39607844 0.43137255 0.4627451 0.4862745 0.47058824 0.4627451 0.49411765 0.5019608 0.5058824 0.49019608 0.4862745 0.48235294 0.47058824 0.48235294 0.4745098 0.4862745 0.49019608 0.5137255 0.50980395 0.4627451 0.42745098 0.50980395
0.4 0.38039216 0.43137255 0.44313726 0.45882353 0.4509804 0.4392157 0.44313726 0.45490196 0.4627451 0.45882353 0.4509804 0.47058824 0.4745098 0.4745098 0.49411765 0.5019608 0.49803922 0.5019608 0.49019608 0.49019608 0.48235294 0.47058824 0.48235294 0.5019608 0.5058824 0.50980395 0.49803922 0.5058824 0.46666667 0.44705883 0.54509807
0.42745098 0.42745098 0.44313726 0.4509804 0.45882353 0.45882353 0.4627451 0.45882353 0.47058824 0.45490196 0.44313726 0.44705883 0.46666667 0.4745098 0.47843137 0.49019608 0.49803922 0.4862745 0.48235294 0.49411765 0.5058824 0.49019608 0.47843137 0.47843137 0.49411765 0.45882353 0.5058824 0.4862745 0.50980395 0.44705883 0.40784314 0.5058824
0.44705883 0.4392157 0.45490196 0.45882353 0.47058824 0.48235294 0.4745098 0.47058824 0.4745098 0.4627451 0.4509804 0.45490196 0.47843137 0.47843137 0.48235294 0.49411765 0.49803922 0.47843137 0.4745098 0.49411765 0.5019608 0.49411765 0.4862745 0.49411765 0.49411765 0.39215687 0.4745098 0.53333336 0.49803922 0.44313726 0.44313726 0.49019608
0.41960785 0.41960785 0.4862745 0.5803922 0.36862746 0.31764707 0.63529414 0.6901961 0.6313726 0.6313726 0.65882355 0.6509804 0.6392157 0.627451 0.64705884 0.6431373 0.68235296 0.7019608 0.68235296 0.62352943 0.5882353 0.58431375 0.6039216 0.62352943 0.63529414 0.65882355 0.6509804 0.6392157 0.6392157 0.62352943 0.6313726 0.654902
0.42745098 0.42352942 0.49411765 0.6039216 0.3882353 0.29411766 0.62352943 0.6784314 0.6509804 0.6509804 0.6745098 0.6901961 0.6862745 0.6745098 0.6745098 0.6666667 0.6745098 0.7137255 0.6901961 0.6156863 0.60784316 0.6392157 0.654902 0.6313726 0.65882355 0.6745098 0.654902 0.64705884 0.654902 0.6392157 0.6509804 0.67058825
0.41568628 0.42352942 0.5019608 0.61960787 0.39607844 0.29411766 0.58431375 0.67058825 0.6901961 0.65882355 0.6745098 0.6784314 0.67058825 0.65882355 0.6627451 0.67058825 0.67058825 0.7019608 0.6784314 0.67058825 0.68235296 0.6509804 0.6627451 0.6627451 0.67058825 0.68235296 0.6509804 0.63529414 0.654902 0.64705884 0.6431373 0.65882355
0.41960785 0.41960785 0.45490196 0.6392157 0.42745098 0.28627452 0.5921569 0.68235296 0.69803923 0.6745098 0.69803923 0.6901961 0.6627451 0.6666667 0.67058825 0.6784314 0.6627451 0.6901961 0.69411767 0.7058824 0.7058824 0.6627451 0.6627451 0.6666667 0.6745098 0.6901961 0.68235296 0.68235296 0.6745098 0.6627451 0.6509804 0.6627451
0.44313726 0.42352942 0.44705883 0.6431373 0.43529412 0.28627452 0.5568628 0.6784314 0.6901961 0.6745098 0.69803923 0.6862745 0.67058825 0.6509804 0.654902 0.65882355 0.6509804 0.65882355 0.64705884 0.65882355 0.6666667 0.654902 0.6666667 0.64705884 0.6431373 0.654902 0.6666667 0.68235296 0.67058825 0.67058825 0.6745098 0.6784314
0.42745098 0.43137255 0.46666667 0.6627451 0.47058824 0.31764707 0.5803922 0.7058824 0.6901961 0.7137255 0.6039216 0.61960787 0.6901961 0.6627451 0.6509804 0.654902 0.64705884 0.64705884 0.63529414 0.6431373 0.6627451 0.69411767 0.6862745 0.67058825 0.64705884 0.6431373 0.6392157 0.6509804 0.6392157 0.65882355 0.6745098 0.6862745
0.2509804 0.36078432 0.47058824 0.6862745 0.49411765 0.3019608 0.5568628 0.6666667 0.60784316 0.6745098 0.4627451 0.5176471 0.6745098 0.6666667 0.6627451 0.6745098 0.6627451 0.65882355 0.6509804 0.6313726 0.654902 0.6666667 0.6392157 0.6392157 0.62352943 0.6117647 0.6039216 0.60784316 0.6039216 0.61960787 0.6156863 0.6509804
0.14509805 0.18431373 0.28627452 0.5019608 0.46666667 0.25882354 0.47843137 0.5882353 0.52156866 0.47843137 0.29411766 0.47843137 0.68235296 0.6666667 0.6627451 0.68235296 0.6666667 0.6666667 0.6627451 0.6431373 0.6509804 0.6392157 0.63529414 0.6313726 0.6117647 0.6117647 0.6 0.61960787 0.6392157 0.64705884 0.63529414 0.65882355
0.14901961 0.14509805 0.14117648 0.2901961 0.4392157 0.38039216 0.5058824 0.52156866 0.38431373 0.34117648 0.19215687 0.37254903 0.6666667 0.65882355 0.61960787 0.57254905 0.54901963 0.5254902 0.49411765 0.49411765 0.5019608 0.5254902 0.6 0.61960787 0.61960787 0.63529414 0.62352943 0.62352943 0.6156863 0.63529414 0.65882355 0.6627451
0.1254902 0.1254902 0.12156863 0.16078432 0.34901962 0.52156866 0.58431375 0.5411765 0.38039216 0.2784314 0.18039216 0.30588236 0.4862745 0.47058824 0.3882353 0.28627452 0.3137255 0.30588236 0.31764707 0.33333334 0.32156864 0.31764707 0.41568628 0.6156863 0.64705884 0.6392157 0.62352943 0.62352943 0.62352943 0.64705884 0.64705884 0.6509804
0.23529412 0.2509804 0.23921569 0.27058825 0.25490198 0.27058825 0.39607844 0.34509805 0.2784314 0.33333334 0.3019608 0.29411766 0.21568628 0.22745098 0.22745098 0.21568628 0.26666668 0.2784314 0.3019608 0.30980393 0.30588236 0.30980393 0.30588236 0.4392157 0.62352943 0.6392157 0.6392157 0.627451 0.60784316 0.6313726 0.654902 0.64705884
0.4 0.45490196 0.38039216 0.42745098 0.38039216 0.11764706 0.4 0.56078434 0.3882353 0.5294118 0.4627451 0.2509804 0.20392157 0.2784314 0.2901961 0.28235295 0.34117648 0.3764706 0.36862746 0.3254902 0.3137255 0.33333334 0.34509805 0.33333334 0.54901963 0.65882355 0.6509804 0.654902 0.62352943 0.6156863 0.6431373 0.6627451
0.32156864 0.46666667 0.36078432 0.23137255 0.33333334 0.10980392 0.41568628 0.54509807 0.28235295 0.46666667 0.6156863 0.1764706 0.1882353 0.31764707 0.33333334 0.32941177 0.37254903 0.42352942 0.40784314 0.3254902 0.31764707 0.32941177 0.34117648 0.3882353 0.5529412 0.654902 0.6509804 0.654902 0.64705884 0.62352943 0.60784316 0.64705884
0.21568628 0.39607844 0.35686275 0.15294118 0.16078432 0.1254902 0.25882354 0.2509804 0.16470589 0.2 0.6 0.38039216 0.26666668 0.34509805 0.3647059 0.3372549 0.38039216 0.44705883 0.41568628 0.30980393 0.31764707 0.3372549 0.3882353 0.40784314 0.5568628 0.63529414 0.6313726 0.6117647 0.59607846 0.5529412 0.5411765 0.5372549
0.20392157 0.2784314 0.29411766 0.16078432 0.11764706 0.17254902 0.1882353 0.1764706 0.16862746 0.10980392 0.35686275 0.5803922 0.43529412 0.38431373 0.41960785 0.4117647 0.45490196 0.49411765 0.49411765 0.44313726 0.39607844 0.39215687 0.40392157 0.33333334 0.39215687 0.3882353 0.4392157 0.4745098 0.48235294 0.4509804 0.4392157 0.39215687
0.20784314 0.19215687 0.20392157 0.16862746 0.105882354 0.17254902 0.20784314 0.22352941 0.23137255 0.24313726 0.15294118 0.33333334 0.40784314 0.37254903 0.3882353 0.3529412 0.37254903 0.40784314 0.38039216 0.39607844 0.47058824 0.44313726 0.32941177 0.14901961 0.22745098 0.21568628 0.28235295 0.43137255 0.4627451 0.46666667 0.38431373 0.29803923
0.23921569 0.24705882 0.14901961 0.12941177 0.12941177 0.20392157 0.24313726 0.28627452 0.29411766 0.30980393 0.15686275 0.05490196 0.20392157 0.38431373 0.3764706 0.13333334 0.09411765 0.11764706 0.07450981 0.11372549 0.36862746 0.45882353 0.33333334 0.12941177 0.1764706 0.21568628 0.25490198 0.35686275 0.33333334 0.34509805 0.25882354 0.19215687
0.28627452 0.18039216 0.07058824 0.06666667 0.14117648 0.25490198 0.1764706 0.1764706 0.1882353 0.18039216 0.15686275 0.05882353 0.29803923 0.40784314 0.36862746 0.07450981 0.015686275 0.039215688 0.047058824 0.047058824 0.105882354 0.30980393 0.43137255 0.30588236 0.21176471 0.24313726 0.25882354 0.29803923 0.28235295 0.23529412 0.31764707 0.28627452
0.1254902 0.07450981 0.06666667 0.039215688 0.11372549 0.2509804 0.16078432 0.16078432 0.13725491 0.13333334 0.13333334 0.15686275 0.3529412 0.23921569 0.31764707 0.07058824 0.101960786 0.07450981 0.047058824 0.050980393 0.02745098 0.06666667 0.2627451 0.3764706 0.28627452 0.24313726 0.24313726 0.19215687 0.21960784 0.23921569 0.2901961 0.26666668
0.06666667 0.0627451 0.07058824 0.08627451 0.15686275 0.2627451 0.2 0.15294118 0.14509805 0.14509805 0.16470589 0.24313726 0.22352941 0.09803922 0.29411766 0.1254902 0.27058825 0.18431373 0.2 0.19215687 0.043137256 0.14901961 0.20392157 0.2901961 0.2901961 0.18039216 0.19215687 0.1882353 0.23137255 0.20392157 0.25882354 0.25490198
0.11764706 0.08235294 0.10980392 0.1882353 0.23137255 0.2627451 0.21960784 0.2 0.21568628 0.19215687 0.1882353 0.33333334 0.25490198 0.18039216 0.27058825 0.2 0.1882353 0.1764706 0.29803923 0.2784314 0.21176471 0.32156864 0.18431373 0.2 0.28235295 0.19607843 0.2 0.24705882 0.24705882 0.19607843 0.2627451 0.30980393
0.20784314 0.18039216 0.18431373 0.21176471 0.23921569 0.23921569 0.23921569 0.25490198 0.24313726 0.22352941 0.20784314 0.30980393 0.25882354 0.27450982 0.27450982 0.21568628 0.23921569 0.22352941 0.24705882 0.23921569 0.25490198 0.3019608 0.21176471 0.30588236 0.32156864 0.2901961 0.3254902 0.29411766 0.28235295 0.3019608 0.3254902 0.32156864
0.20392157 0.18039216 0.2 0.22352941 0.24705882 0.24313726 0.27450982 0.2784314 0.2509804 0.27058825 0.23921569 0.23529412 0.25490198 0.27450982 0.29803923 0.2509804 0.2901961 0.2784314 0.26666668 0.2627451 0.2627451 0.21176471 0.27450982 0.3529412 0.32156864 0.2901961 0.3372549 0.34117648 0.34901962 0.37254903 0.3529412 0.3372549
0.25490198 0.24313726 0.25882354 0.2627451 0.27058825 0.27058825 0.27058825 0.25490198 0.2509804 0.27450982 0.28235295 0.27450982 0.29411766 0.3137255 0.28235295 0.29411766 0.34117648 0.3137255 0.28235295 0.3137255 0.3529412 0.3372549 0.32156864 0.31764707 0.3137255 0.27058825 0.2901961 0.32156864 0.35686275 0.43529412 0.42352942 0.39607844
0.25490198 0.26666668 0.30980393 0.3019608 0.2784314 0.28627452 0.29411766 0.26666668 0.2784314 0.31764707 0.29803923 0.27058825 0.3137255 0.3254902 0.30588236 0.34509805 0.3647059 0.3647059 0.37254903 0.3882353 0.42745098 0.41960785 0.30980393 0.32941177 0.33333334 0.34901962 0.3647059 0.38431373 0.43137255 0.4627451 0.44313726 0.36078432
0.27450982 0.2784314 0.29803923 0.3019608 0.2901961 0.30980393 0.29411766 0.27058825 0.3019608 0.3137255 0.29803923 0.2784314 0.3019608 0.3137255 0.3372549 0.35686275 0.39215687 0.4117647 0.41960785 0.42745098 0.4627451 0.36862746 0.31764707 0.32156864 0.34117648 0.4117647 0.44313726 0.45490196 0.4745098 0.46666667 0.42352942 0.34901962
0.30588236 0.30588236 0.3137255 0.28627452 0.27450982 0.30980393 0.32156864 0.28627452 0.29803923 0.32156864 0.36078432 0.34509805 0.34509805 0.3882353 0.3882353 0.38431373 0.42352942 0.41960785 0.41960785 0.44313726 0.44705883 0.39215687 0.3882353 0.40392157 0.4117647 0.40784314 0.41960785 0.43529412 0.44705883 0.45882353 0.39607844 0.3019608
0.3137255 0.34509805 0.3529412 0.3372549 0.3254902 0.3254902 0.2901961 0.3019608 0.3019608 0.2901961 0.32156864 0.31764707 0.36862746 0.41960785 0.40392157 0.4 0.44313726 0.45490196 0.45882353 0.4509804 0.4392157 0.43137255 0.4392157 0.44705883 0.43137255 0.38039216 0.3882353 0.40784314 0.41568628 0.42352942 0.3764706 0.30980393
0.34901962 0.34901962 0.3764706 0.3764706 0.38431373 0.36862746 0.34509805 0.30980393 0.2901961 0.25490198 0.30980393 0.3529412 0.4 0.42745098 0.40784314 0.4 0.44705883 0.4627451 0.45490196 0.43137255 0.43137255 0.43529412 0.43529412 0.45490196 0.43529412 0.3764706 0.3372549 0.34117648 0.3647059 0.35686275 0.29411766 0.34509805
0.34117648 0.32156864 0.37254903 0.39215687 0.39607844 0.3764706 0.37254903 0.38431373 0.38039216 0.39215687 0.40392157 0.4 0.41568628 0.41960785 0.41568628 0.43137255 0.4509804 0.4509804 0.44313726 0.41568628 0.42352942 0.4392157 0.43529412 0.44705883 0.44705883 0.3882353 0.3254902 0.28627452 0.3254902 0.3254902 0.28627452 0.36078432
0.3647059 0.36862746 0.38431373 0.39607844 0.39215687 0.37254903 0.3882353 0.40392157 0.4117647 0.4 0.39607844 0.40392157 0.41568628 0.41568628 0.41568628 0.42352942 0.4392157 0.43137255 0.41568628 0.40784314 0.41960785 0.42745098 0.42745098 0.41960785 0.41568628 0.32941177 0.3137255 0.26666668 0.32156864 0.29411766 0.23529412 0.30588236
0.3882353 0.38039216 0.39607844 0.4 0.39215687 0.37254903 0.3882353 0.40392157 0.3882353 0.38039216 0.37254903 0.38039216 0.40392157 0.40392157 0.4 0.4117647 0.41960785 0.4117647 0.4 0.3882353 0.38431373 0.40392157 0.4 0.4 0.38431373 0.24313726 0.26666668 0.3019608 0.29411766 0.27058825 0.2509804 0.28235295
15 0 2
