32, 32, 3, 1
0.24313726 0.27058825 0.29411766 0.4117647 0.43529412 0.35686275 0.35686275 0.37254903 0.3529412 0.35686275 0.35686275 0.37254903 0.35686275 0.3529412 0.34509805 0.34117648 0.34901962 0.3647059 0.37254903 0.38039216 0.39607844 0.3882353 0.33333334 0.29411766 0.28235295 0.27058825 0.26666668 0.27058825 0.2627451 0.2627451 0.2509804 0.23529412
0.24705882 0.27058825 0.28627452 0.32156864 0.47058824 0.4509804 0.4 0.41568628 0.38039216 0.38431373 0.38431373 0.42352942 0.42352942 0.41568628 0.4117647 0.41568628 0.41960785 0.4117647 0.42745098 0.41960785 0.39607844 0.41568628 0.40392157 0.37254903 0.34901962 0.30980393 0.29411766 0.29411766 0.28235295 0.26666668 0.2509804 0.22745098
0.23921569 0.24705882 0.24705882 0.2784314 0.33333334 0.43529412 0.42745098 0.3764706 0.3529412 0.36078432 0.37254903 0.40392157 0.43137255 0.4509804 0.46666667 0.4745098 0.47058824 0.47058824 0.45882353 0.45490196 0.41960785 0.42352942 0.4627451 0.44313726 0.42352942 0.3529412 0.32156864 0.3254902 0.3019608 0.28235295 0.27058825 0.24705882
0.23921569 0.24313726 0.23529412 0.2509804 0.27450982 0.32941177 0.41568628 0.37254903 0.33333334 0.34509805 0.36078432 0.37254903 0.4 0.45882353 0.49411765 0.49019608 0.47843137 0.4509804 0.42352942 0.4117647 0.40392157 0.45490196 0.50980395 0.4627451 0.49019608 0.4509804 0.37254903 0.3372549 0.32941177 0.31764707 0.29803923 0.27450982
0.24313726 0.2627451 0.27450982 0.25490198 0.28235295 0.31764707 0.37254903 0.45882353 0.4117647 0.4 0.41568628 0.44313726 0.4392157 0.45882353 0.4862745 0.4627451 0.32156864 0.22352941 0.16862746 0.14901961 0.16862746 0.30588236 0.49411765 0.4745098 0.50980395 0.5372549 0.4745098 0.38431373 0.34901962 0.32941177 0.29803923 0.27450982
0.25882354 0.2784314 0.29803923 0.2901961 0.2901961 0.3137255 0.3254902 0.38431373 0.45490196 0.40392157 0.41960785 0.47058824 0.45490196 0.44313726 0.45490196 0.33333334 0.1254902 0.07450981 0.050980393 0.06666667 0.07058824 0.1764706 0.44705883 0.5254902 0.5176471 0.5254902 0.5254902 0.4627451 0.4117647 0.34509805 0.29803923 0.27450982
0.2627451 0.2784314 0.31764707 0.32941177 0.32156864 0.3254902 0.33333334 0.32941177 0.3882353 0.44313726 0.44705883 0.45882353 0.46666667 0.47843137 0.44705883 0.29803923 0.11764706 0.08627451 0.05882353 0.078431375 0.105882354 0.15686275 0.37254903 0.54901963 0.5294118 0.5176471 0.5058824 0.49411765 0.45490196 0.40392157 0.32941177 0.29411766
0.27058825 0.28235295 0.30980393 0.32156864 0.32156864 0.32941177 0.32941177 0.32156864 0.3372549 0.4392157 0.47058824 0.44313726 0.46666667 0.4745098 0.44705883 0.30980393 0.14117648 0.09019608 0.05882353 0.08627451 0.14509805 0.18039216 0.28627452 0.52156866 0.5294118 0.5137255 0.5019608 0.4862745 0.45882353 0.44313726 0.41568628 0.34117648
0.28235295 0.2784314 0.29411766 0.31764707 0.32941177 0.3372549 0.32941177 0.3137255 0.3254902 0.38431373 0.40784314 0.41568628 0.4392157 0.44705883 0.44313726 0.30980393 0.11764706 0.0627451 0.05490196 0.078431375 0.15686275 0.24313726 0.2627451 0.44705883 0.5137255 0.5019608 0.49411765 0.47843137 0.45490196 0.45490196 0.45882353 0.42352942
0.28627452 0.28627452 0.3019608 0.31764707 0.3372549 0.34509805 0.3372549 0.32941177 0.34117648 0.34509805 0.3529412 0.3882353 0.42745098 0.45490196 0.44705883 0.27058825 0.07058824 0.043137256 0.07058824 0.09019608 0.2 0.38039216 0.31764707 0.40784314 0.48235294 0.49019608 0.47058824 0.44313726 0.4392157 0.44705883 0.4509804 0.4509804
0.28235295 0.28627452 0.3019608 0.3137255 0.3254902 0.32941177 0.33333334 0.3372549 0.34509805 0.32941177 0.34117648 0.38431373 0.41960785 0.4509804 0.44705883 0.3137255 0.24705882 0.13333334 0.10980392 0.12156863 0.35686275 0.5921569 0.34509805 0.42745098 0.46666667 0.46666667 0.46666667 0.41960785 0.40392157 0.41960785 0.42352942 0.41960785
0.27450982 0.2784314 0.2901961 0.30588236 0.32156864 0.3372549 0.3372549 0.33333334 0.33333334 0.3529412 0.3647059 0.38431373 0.40392157 0.35686275 0.28235295 0.27058825 0.39607844 0.36078432 0.18431373 0.14117648 0.52156866 0.7137255 0.43529412 0.43529412 0.46666667 0.4509804 0.45490196 0.44313726 0.41568628 0.40784314 0.38039216 0.38431373
0.28627452 0.2901961 0.2901961 0.29803923 0.30980393 0.3372549 0.34901962 0.3372549 0.3372549 0.35686275 0.3529412 0.35686275 0.3137255 0.18039216 0.08235294 0.08235294 0.14117648 0.22352941 0.19215687 0.24313726 0.5647059 0.6117647 0.44313726 0.41960785 0.44705883 0.45882353 0.43529412 0.4392157 0.44313726 0.40392157 0.3882353 0.38431373
0.29803923 0.29803923 0.29411766 0.2901961 0.29803923 0.3137255 0.33333334 0.3372549 0.32941177 0.33333334 0.33333334 0.31764707 0.18431373 0.078431375 0.047058824 0.03137255 0.050980393 0.078431375 0.10980392 0.27450982 0.3882353 0.44313726 0.4509804 0.4392157 0.42745098 0.42745098 0.41568628 0.41568628 0.42745098 0.40392157 0.3882353 0.38431373
0.32156864 0.33333334 0.3254902 0.29803923 0.29803923 0.29803923 0.3019608 0.3137255 0.30588236 0.3137255 0.3254902 0.23921569 0.1254902 0.08627451 0.06666667 0.05490196 0.050980393 0.06666667 0.09019608 0.2784314 0.38039216 0.40784314 0.44705883 0.47843137 0.45490196 0.41960785 0.41960785 0.42352942 0.41568628 0.40784314 0.39215687 0.3882353
0.3372549 0.3529412 0.3529412 0.3254902 0.30980393 0.29803923 0.29803923 0.30588236 0.30588236 0.3019608 0.24313726 0.1254902 0.078431375 0.07058824 0.06666667 0.07058824 0.06666667 0.078431375 0.105882354 0.31764707 0.4627451 0.45882353 0.4509804 0.4627451 0.4745098 0.4627451 0.44313726 0.43137255 0.42352942 0.4117647 0.39607844 0.4
0.28627452 0.29411766 0.30980393 0.30588236 0.30980393 0.30588236 0.30588236 0.30588236 0.30980393 0.25490198 0.13725491 0.078431375 0.050980393 0.05490196 0.05490196 0.06666667 0.101960786 0.105882354 0.1254902 0.31764707 0.47058824 0.45490196 0.45490196 0.4627451 0.48235294 0.4862745 0.4627451 0.43529412 0.42745098 0.42745098 0.41568628 0.41568628
0.2784314 0.2784314 0.28627452 0.29803923 0.31764707 0.3254902 0.3254902 0.3254902 0.29803923 0.17254902 0.11764706 0.08627451 0.0627451 0.06666667 0.07058824 0.07450981 0.12941177 0.12941177 0.16862746 0.38039216 0.47843137 0.46666667 0.47058824 0.4745098 0.48235294 0.4862745 0.49019608 0.44705883 0.43137255 0.44313726 0.44705883 0.4862745
0.2509804 0.2509804 0.2627451 0.27450982 0.30588236 0.3254902 0.3254902 0.31764707 0.21960784 0.1254902 0.105882354 0.08235294 0.06666667 0.07058824 0.09803922 0.105882354 0.13725491 0.12941177 0.23921569 0.44705883 0.44313726 0.47843137 0.5019608 0.49019608 0.4745098 0.48235294 0.4862745 0.48235294 0.45882353 0.4627451 0.50980395 0.5764706
0.25490198 0.2509804 0.25490198 0.2627451 0.28627452 0.30588236 0.31764707 0.2627451 0.13725491 0.09803922 0.09019608 0.078431375 0.07058824 0.08627451 0.11764706 0.11372549 0.12156863 0.14901961 0.26666668 0.42745098 0.39215687 0.45882353 0.49411765 0.49019608 0.4745098 0.4745098 0.5058824 0.5137255 0.47843137 0.48235294 0.5411765 0.58431375
0.27058825 0.26666668 0.26666668 0.26666668 0.28235295 0.30980393 0.30588236 0.19215687 0.105882354 0.09803922 0.101960786 0.08627451 0.08627451 0.11372549 0.15294118 0.12156863 0.11372549 0.14901961 0.21960784 0.34901962 0.34509805 0.38039216 0.42745098 0.47843137 0.49803922 0.4745098 0.50980395 0.5294118 0.5019608 0.46666667 0.46666667 0.5058824
0.2784314 0.28235295 0.28627452 0.2901961 0.3019608 0.3137255 0.25882354 0.12941177 0.101960786 0.10980392 0.1254902 0.11764706 0.12941177 0.16470589 0.17254902 0.14901961 0.12156863 0.13725491 0.18431373 0.28627452 0.3137255 0.32156864 0.38431373 0.45490196 0.49803922 0.48235294 0.5019608 0.5058824 0.5019608 0.48235294 0.45882353 0.45882353
0.28235295 0.29803923 0.2784314 0.29411766 0.3019608 0.3019608 0.19215687 0.09803922 0.09803922 0.11764706 0.14117648 0.14117648 0.15294118 0.16862746 0.13725491 0.11764706 0.10980392 0.13725491 0.1764706 0.29803923 0.3647059 0.33333334 0.3647059 0.3882353 0.43529412 0.5254902 0.5294118 0.4862745 0.5137255 0.5176471 0.5019608 0.49803922
0.26666668 0.27058825 0.2627451 0.2784314 0.3019608 0.25882354 0.12941177 0.08627451 0.09019608 0.11372549 0.11764706 0.10980392 0.105882354 0.1254902 0.14901961 0.13333334 0.13333334 0.14901961 0.19607843 0.3254902 0.37254903 0.3372549 0.33333334 0.33333334 0.36078432 0.4745098 0.52156866 0.5176471 0.52156866 0.5137255 0.5019608 0.49803922
0.24313726 0.2509804 0.27450982 0.29411766 0.2784314 0.18431373 0.105882354 0.08235294 0.07450981 0.09411765 0.08627451 0.09019608 0.09803922 0.1254902 0.15686275 0.15294118 0.14509805 0.14509805 0.21176471 0.34509805 0.3764706 0.36862746 0.36862746 0.3529412 0.32941177 0.36862746 0.4745098 0.5254902 0.52156866 0.49803922 0.48235294 0.4862745
0.2509804 0.26666668 0.29411766 0.31764707 0.21568628 0.12156863 0.11372549 0.08235294 0.07058824 0.078431375 0.07450981 0.08627451 0.10980392 0.14901961 0.14509805 0.14901961 0.16862746 0.15294118 0.21960784 0.34509805 0.36862746 0.39607844 0.4117647 0.4 0.3529412 0.3372549 0.41568628 0.5019608 0.50980395 0.50980395 0.49411765 0.49411765
0.25882354 0.27450982 0.29411766 0.3019608 0.19215687 0.13725491 0.105882354 0.09411765 0.09019608 0.08627451 0.08235294 0.09019608 0.12941177 0.15294118 0.1254902 0.21568628 0.23137255 0.19607843 0.21176471 0.32156864 0.36078432 0.38431373 0.41568628 0.41568628 0.38039216 0.36862746 0.37254903 0.4117647 0.46666667 0.50980395 0.52156866 0.49411765
0.2509804 0.25490198 0.2784314 0.2901961 0.27450982 0.23529412 0.14117648 0.1254902 0.12156863 0.09803922 0.10980392 0.11372549 0.16470589 0.2 0.21568628 0.36862746 0.34509805 0.22745098 0.23137255 0.3137255 0.34901962 0.34901962 0.3764706 0.38431373 0.37254903 0.3764706 0.34117648 0.32156864 0.3764706 0.4862745 0.5176471 0.49411765
0.2509804 0.2509804 0.27058825 0.2901961 0.29411766 0.3137255 0.2901961 0.14117648 0.13725491 0.13333334 0.15686275 0.13725491 0.2 0.32156864 0.32156864 0.3647059 0.41568628 0.36862746 0.38039216 0.39607844 0.3529412 0.3254902 0.33333334 0.3372549 0.36078432 0.37254903 0.35686275 0.3372549 0.34117648 0.39215687 0.44705883 0.49019608
0.25882354 0.2627451 0.27058825 0.2784314 0.28235295 0.28627452 0.27450982 0.14509805 0.14509805 0.15294118 0.16470589 0.14117648 0.2 0.30588236 0.29803923 0.29411766 0.3529412 0.46666667 0.52156866 0.54509807 0.41568628 0.3372549 0.3372549 0.34509805 0.37254903 0.38039216 0.38039216 0.35686275 0.34901962 0.34901962 0.36862746 0.43529412
0.25490198 0.25490198 0.27450982 0.27058825 0.27058825 0.2509804 0.1764706 0.13333334 0.12941177 0.13333334 0.12941177 0.1254902 0.19215687 0.29803923 0.28235295 0.2627451 0.28235295 0.36862746 0.5529412 0.5882353 0.41960785 0.34509805 0.35686275 0.3372549 0.34901962 0.3647059 0.38039216 0.36862746 0.34901962 0.3254902 0.33333334 0.37254903
0.27450982 0.2627451 0.27058825 0.26666668 0.2627451 0.2509804 0.19607843 0.12941177 0.101960786 0.101960786 0.11372549 0.10980392 0.1764706 0.29411766 0.27058825 0.24705882 0.26666668 0.26666668 0.36862746 0.39607844 0.3254902 0.33333334 0.3529412 0.32941177 0.31764707 0.3254902 0.34117648 0.3529412 0.34509805 0.32156864 0.32156864 0.3254902
0.24313726 0.23529412 0.23137255 0.3254902 0.3764706 0.35686275 0.36862746 0.3764706 0.36078432 0.3647059 0.3647059 0.38039216 0.3647059 0.36078432 0.3529412 0.34901962 0.34901962 0.3529412 0.36078432 0.36862746 0.37254903 0.34117648 0.29803923 0.28235295 0.28235295 0.28235295 0.28235295 0.28627452 0.2784314 0.27058825 0.25490198 0.23921569
0.24705882 0.24705882 0.24705882 0.23137255 0.36862746 0.4 0.39215687 0.41960785 0.3882353 0.39215687 0.39215687 0.43137255 0.43137255 0.42352942 0.41960785 0.42352942 0.41568628 0.40392157 0.41960785 0.4117647 0.39215687 0.41568628 0.39215687 0.34509805 0.3137255 0.30588236 0.3019608 0.29803923 0.28627452 0.27058825 0.25490198 0.23137255
0.24313726 0.23921569 0.23137255 0.21176471 0.23529412 0.35686275 0.3882353 0.37254903 0.36078432 0.36862746 0.38039216 0.40784314 0.42745098 0.44705883 0.4627451 0.47058824 0.4627451 0.4627451 0.4509804 0.44705883 0.42352942 0.44705883 0.46666667 0.41568628 0.3882353 0.34509805 0.3254902 0.3254902 0.30588236 0.28627452 0.27450982 0.2509804
0.24313726 0.24705882 0.23921569 0.23921569 0.22352941 0.2509804 0.3529412 0.3529412 0.34117648 0.3529412 0.36862746 0.3764706 0.38431373 0.4392157 0.4745098 0.47058824 0.46666667 0.4392157 0.4117647 0.4 0.40392157 0.4745098 0.5176471 0.45490196 0.47058824 0.4392157 0.3647059 0.32941177 0.31764707 0.32156864 0.30588236 0.2784314
0.23921569 0.26666668 0.28627452 0.28235295 0.28235295 0.25882354 0.30980393 0.41960785 0.40392157 0.41568628 0.43137255 0.44313726 0.42745098 0.44313726 0.47058824 0.4509804 0.30980393 0.21176471 0.16078432 0.13725491 0.16470589 0.3137255 0.49803922 0.47843137 0.5137255 0.5294118 0.4627451 0.36862746 0.3254902 0.32156864 0.29803923 0.27450982
0.24705882 0.27058825 0.2901961 0.3019608 0.30588236 0.29803923 0.2901961 0.32941177 0.39607844 0.41568628 0.4392157 0.45490196 0.45490196 0.45490196 0.4627451 0.3372549 0.12941177 0.08627451 0.05882353 0.07450981 0.078431375 0.17254902 0.44313726 0.5254902 0.52156866 0.5294118 0.52156866 0.44313726 0.37254903 0.30980393 0.27058825 0.26666668
0.24705882 0.2627451 0.30588236 0.32941177 0.32941177 0.32156864 0.3137255 0.2901961 0.32941177 0.39215687 0.4117647 0.4392157 0.44313726 0.4509804 0.42352942 0.26666668 0.11372549 0.105882354 0.07450981 0.09411765 0.11372549 0.15294118 0.36862746 0.54901963 0.5294118 0.5254902 0.5058824 0.47843137 0.42352942 0.35686275 0.28235295 0.2627451
0.25490198 0.26666668 0.29803923 0.31764707 0.31764707 0.32156864 0.31764707 0.3137255 0.3019608 0.32156864 0.36862746 0.42352942 0.45490196 0.45490196 0.43137255 0.28627452 0.14117648 0.105882354 0.07450981 0.101960786 0.15294118 0.1764706 0.28235295 0.52156866 0.5294118 0.5137255 0.5019608 0.48235294 0.44705883 0.40392157 0.35686275 0.2901961
0.26666668 0.2627451 0.28235295 0.3019608 0.3137255 0.32941177 0.32941177 0.31764707 0.30588236 0.28235295 0.3137255 0.38039216 0.4509804 0.46666667 0.45882353 0.31764707 0.12941177 0.078431375 0.07058824 0.09411765 0.16470589 0.23921569 0.25882354 0.44705883 0.5137255 0.49803922 0.49411765 0.4862745 0.47058824 0.4392157 0.41960785 0.38039216
0.27058825 0.27058825 0.2901961 0.2901961 0.30980393 0.3372549 0.34901962 0.3372549 0.32156864 0.33333334 0.32156864 0.32156864 0.38039216 0.41960785 0.40784314 0.22745098 0.06666667 0.06666667 0.09019608 0.105882354 0.21176471 0.3764706 0.3137255 0.40784314 0.48235294 0.48235294 0.47058824 0.4627451 0.47843137 0.46666667 0.44705883 0.42745098
0.26666668 0.27450982 0.2901961 0.29411766 0.3019608 0.32156864 0.3372549 0.33333334 0.32941177 0.3529412 0.34509805 0.32156864 0.30980393 0.32941177 0.30980393 0.15686275 0.14117648 0.078431375 0.08235294 0.12156863 0.36862746 0.5921569 0.34117648 0.42745098 0.46666667 0.45882353 0.4627451 0.43137255 0.43137255 0.44313726 0.43137255 0.4117647
0.2627451 0.26666668 0.2784314 0.29411766 0.30980393 0.3254902 0.32941177 0.3254902 0.32941177 0.34901962 0.35686275 0.3647059 0.34117648 0.25882354 0.15294118 0.105882354 0.20784314 0.19607843 0.09019608 0.11764706 0.5294118 0.7137255 0.43529412 0.43529412 0.46666667 0.44705883 0.4509804 0.44313726 0.41568628 0.40784314 0.38039216 0.38431373
0.27450982 0.2784314 0.2784314 0.28627452 0.29803923 0.3254902 0.3372549 0.32941177 0.33333334 0.34901962 0.34509805 0.34901962 0.30980393 0.1764706 0.07058824 0.0627451 0.0627451 0.11764706 0.12941177 0.22745098 0.5647059 0.6117647 0.44313726 0.41960785 0.44705883 0.45490196 0.43137255 0.43529412 0.4392157 0.40392157 0.3882353 0.38431373
0.28627452 0.28627452 0.28235295 0.2784314 0.28627452 0.3019608 0.32156864 0.32941177 0.32156864 0.3254902 0.3254902 0.30588236 0.17254902 0.078431375 0.07058824 0.07450981 0.0627451 0.0627451 0.09803922 0.27058825 0.38431373 0.44313726 0.4509804 0.4392157 0.42745098 0.42352942 0.4117647 0.4117647 0.42352942 0.40392157 0.3882353 0.38431373
0.30980393 0.32156864 0.3137255 0.28627452 0.28627452 0.28627452 0.2901961 0.3019608 0.29803923 0.30588236 0.3137255 0.21960784 0.08235294 0.047058824 0.05490196 0.06666667 0.07450981 0.09019608 0.105882354 0.28235295 0.38039216 0.4117647 0.44705883 0.47843137 0.4509804 0.41568628 0.41568628 0.41960785 0.4117647 0.40784314 0.39215687 0.3882353
0.3254902 0.34117648 0.34117648 0.3137255 0.29803923 0.28627452 0.28627452 0.29803923 0.29411766 0.2901961 0.22745098 0.10980392 0.05882353 0.05490196 0.05882353 0.07450981 0.07450981 0.08627451 0.11372549 0.3254902 0.47058824 0.45882353 0.4509804 0.4627451 0.4745098 0.45882353 0.4392157 0.42745098 0.42352942 0.4117647 0.4 0.4
0.2627451 0.27450982 0.2901961 0.28627452 0.2901961 0.2901961 0.28627452 0.29411766 0.30588236 0.2509804 0.13333334 0.07450981 0.05882353 0.0627451 0.0627451 0.07450981 0.09803922 0.101960786 0.12941177 0.29803923 0.44705883 0.47058824 0.4627451 0.45490196 0.47058824 0.48235294 0.45882353 0.43137255 0.42352942 0.42745098 0.41568628 0.40784314
0.24313726 0.24705882 0.25882354 0.27450982 0.2901961 0.29803923 0.29803923 0.30588236 0.3019608 0.1764706 0.12156863 0.09019608 0.05882353 0.0627451 0.06666667 0.07058824 0.12156863 0.12941177 0.16862746 0.32156864 0.4117647 0.4627451 0.45882353 0.45882353 0.47058824 0.4862745 0.49019608 0.44705883 0.43137255 0.4392157 0.43137255 0.45490196
0.22745098 0.23137255 0.24313726 0.25490198 0.28627452 0.30588236 0.30588236 0.30588236 0.21960784 0.12941177 0.105882354 0.08235294 0.0627451 0.06666667 0.09019608 0.101960786 0.13333334 0.12941177 0.23137255 0.40392157 0.3647059 0.3882353 0.44313726 0.47058824 0.4745098 0.48235294 0.4862745 0.48235294 0.45882353 0.44313726 0.4745098 0.5254902
0.23921569 0.24313726 0.24705882 0.25490198 0.2784314 0.29803923 0.30980393 0.25490198 0.13725491 0.09803922 0.09019608 0.078431375 0.07058824 0.08235294 0.11764706 0.10980392 0.12156863 0.14509805 0.2509804 0.40784314 0.32941177 0.33333334 0.40784314 0.45490196 0.4745098 0.47843137 0.5058824 0.5137255 0.47843137 0.4627451 0.5019608 0.5294118
0.26666668 0.26666668 0.26666668 0.26666668 0.28235295 0.30980393 0.30588236 0.19215687 0.105882354 0.09803922 0.09803922 0.08627451 0.08235294 0.10980392 0.14901961 0.11764706 0.11764706 0.14117648 0.19607843 0.34509805 0.32941177 0.30980393 0.3647059 0.41960785 0.45490196 0.46666667 0.50980395 0.5254902 0.5019608 0.4627451 0.45490196 0.47843137
0.2784314 0.28235295 0.28627452 0.29411766 0.30588236 0.31764707 0.2627451 0.12941177 0.09803922 0.105882354 0.12156863 0.11764706 0.1254902 0.16078432 0.16862746 0.14509805 0.12941177 0.12941177 0.15686275 0.2901961 0.34901962 0.3372549 0.35686275 0.38431373 0.40784314 0.45490196 0.5019608 0.50980395 0.5058824 0.49411765 0.4745098 0.4627451
0.28235295 0.29411766 0.2784314 0.29803923 0.30588236 0.30588236 0.19607843 0.09803922 0.09411765 0.11372549 0.13725491 0.13725491 0.14901961 0.16470589 0.13333334 0.11372549 0.10980392 0.1254902 0.15686275 0.29411766 0.38039216 0.35686275 0.36078432 0.36078432 0.37254903 0.4117647 0.48235294 0.5058824 0.52156866 0.49803922 0.47843137 0.48235294
0.2627451 0.2627451 0.25882354 0.2784314 0.3019608 0.25882354 0.12941177 0.08627451 0.08627451 0.10980392 0.11372549 0.105882354 0.101960786 0.12156863 0.14509805 0.12941177 0.12156863 0.12941177 0.18039216 0.30980393 0.36078432 0.3372549 0.33333334 0.3372549 0.34117648 0.36078432 0.43137255 0.4862745 0.5019608 0.49411765 0.48235294 0.4745098
0.23921569 0.24705882 0.27058825 0.2901961 0.2784314 0.18431373 0.105882354 0.08235294 0.07058824 0.09019608 0.08235294 0.08627451 0.09411765 0.12156863 0.15294118 0.15294118 0.13333334 0.12941177 0.19607843 0.32941177 0.3647059 0.36862746 0.36862746 0.3529412 0.32941177 0.32941177 0.36862746 0.40392157 0.45490196 0.49803922 0.49411765 0.48235294
0.24705882 0.2627451 0.2901961 0.3137255 0.21176471 0.11764706 0.10980392 0.08235294 0.06666667 0.07450981 0.07058824 0.08235294 0.105882354 0.14509805 0.14117648 0.14509805 0.15686275 0.13725491 0.20392157 0.32941177 0.35686275 0.39215687 0.4117647 0.4 0.35686275 0.34509805 0.3254902 0.35686275 0.41960785 0.49411765 0.49803922 0.48235294
0.25490198 0.27450982 0.2901961 0.29803923 0.1882353 0.13333334 0.101960786 0.09019608 0.08627451 0.078431375 0.078431375 0.08627451 0.1254902 0.14901961 0.12156863 0.21176471 0.21960784 0.18039216 0.19607843 0.30588236 0.34901962 0.38431373 0.41568628 0.4117647 0.38431373 0.37254903 0.34117648 0.34509805 0.38431373 0.43529412 0.46666667 0.45882353
0.24313726 0.2509804 0.27450982 0.28627452 0.27058825 0.23137255 0.13725491 0.12156863 0.11764706 0.09411765 0.105882354 0.10980392 0.16078432 0.19607843 0.21176471 0.36862746 0.33333334 0.21176471 0.21568628 0.29803923 0.34117648 0.34901962 0.3764706 0.38431373 0.36862746 0.35686275 0.36078432 0.3372549 0.32156864 0.3647059 0.4 0.42352942
0.23137255 0.23529412 0.25490198 0.28235295 0.2901961 0.30980393 0.28627452 0.13725491 0.13725491 0.13333334 0.15686275 0.13333334 0.19607843 0.31764707 0.31764707 0.36078432 0.40784314 0.36078432 0.37254903 0.3882353 0.34901962 0.3254902 0.33333334 0.3372549 0.35686275 0.3647059 0.36862746 0.34901962 0.32941177 0.3372549 0.34901962 0.37254903
0.23137255 0.23921569 0.24705882 0.26666668 0.2784314 0.28235295 0.27058825 0.14117648 0.14117648 0.14901961 0.16078432 0.13725491 0.19607843 0.3019608 0.29411766 0.2901961 0.34509805 0.4627451 0.5176471 0.54509807 0.41568628 0.3372549 0.3372549 0.34509805 0.37254903 0.38039216 0.38039216 0.35686275 0.34901962 0.34117648 0.30980393 0.3254902
0.23137255 0.23137255 0.2509804 0.25882354 0.26666668 0.24705882 0.17254902 0.12941177 0.1254902 0.12941177 0.1254902 0.12156863 0.1882353 0.29411766 0.2784314 0.25882354 0.27450982 0.36078432 0.54509807 0.58431375 0.41960785 0.34509805 0.35686275 0.3372549 0.34901962 0.3647059 0.38039216 0.36862746 0.34901962 0.33333334 0.3137255 0.30588236
0.2509804 0.23921569 0.24705882 0.25490198 0.25882354 0.24705882 0.19215687 0.1254902 0.09803922 0.09411765 0.10980392 0.105882354 0.17254902 0.2901961 0.26666668 0.24313726 0.2627451 0.25882354 0.3647059 0.39215687 0.3254902 0.33333334 0.3529412 0.32941177 0.31764707 0.3254902 0.34117648 0.3529412 0.34509805 0.32156864 0.32156864 0.30980393
0.22745098 0.23137255 0.23529412 0.3529412 0.4 0.33333334 0.3137255 0.31764707 0.31764707 0.32156864 0.32156864 0.3372549 0.32156864 0.31764707 0.30980393 0.30588236 0.30980393 0.31764707 0.3254902 0.33333334 0.34901962 0.3372549 0.29411766 0.27058825 0.26666668 0.2627451 0.2627451 0.2627451 0.25490198 0.2509804 0.23529412 0.21960784
0.23137255 0.23921569 0.24313726 0.25490198 0.39607844 0.39215687 0.34901962 0.36862746 0.34509805 0.34901962 0.34901962 0.38431373 0.3647059 0.34901962 0.34509805 0.34901962 0.3529412 0.34901962 0.3647059 0.3529412 0.34901962 0.39607844 0.38039216 0.3372549 0.30980393 0.2901961 0.28235295 0.2784314 0.26666668 0.2509804 0.23529412 0.21176471
0.22352941 0.22352941 0.21960784 0.21960784 0.2509804 0.36078432 0.3647059 0.33333334 0.31764707 0.3254902 0.3372549 0.36078432 0.35686275 0.3647059 0.38431373 0.3882353 0.39607844 0.40784314 0.39607844 0.3882353 0.3764706 0.42352942 0.44705883 0.40784314 0.38039216 0.32941177 0.30588236 0.30588236 0.28627452 0.26666668 0.25490198 0.23137255
0.22352941 0.22745098 0.21960784 0.21960784 0.21176471 0.2509804 0.34509805 0.32941177 0.29803923 0.30980393 0.3254902 0.33333334 0.3254902 0.3764706 0.4117647 0.40392157 0.4117647 0.4 0.37254903 0.35686275 0.36862746 0.44705883 0.49803922 0.4392157 0.45882353 0.42352942 0.34901962 0.3137255 0.30588236 0.3019608 0.28235295 0.25882354
0.22352941 0.24705882 0.2627451 0.24313726 0.24705882 0.2509804 0.30588236 0.40784314 0.36862746 0.37254903 0.3882353 0.40784314 0.38431373 0.39607844 0.42352942 0.40784314 0.2901961 0.2 0.14509805 0.1254902 0.15294118 0.3019608 0.4862745 0.4627451 0.49803922 0.5137255 0.4509804 0.35686275 0.31764707 0.30588236 0.28235295 0.25882354
0.24705882 0.25882354 0.26666668 0.2627451 0.2627451 0.26666668 0.2627451 0.31764707 0.3882353 0.3882353 0.40784314 0.43529412 0.42352942 0.40392157 0.41568628 0.3254902 0.13725491 0.09411765 0.06666667 0.08235294 0.09019608 0.19607843 0.45882353 0.5254902 0.5137255 0.5137255 0.5058824 0.43137255 0.36862746 0.3137255 0.2784314 0.26666668
0.24705882 0.2509804 0.28235295 0.29411766 0.28627452 0.28235295 0.2784314 0.27058825 0.3254902 0.3882353 0.4 0.42745098 0.42352942 0.41568628 0.3882353 0.27058825 0.13333334 0.11764706 0.09019608 0.105882354 0.13333334 0.18039216 0.3882353 0.5529412 0.5254902 0.5137255 0.49411765 0.4745098 0.42352942 0.36862746 0.3019608 0.27450982
0.25882354 0.25490198 0.27450982 0.28235295 0.2784314 0.28627452 0.28235295 0.28235295 0.2901961 0.34117648 0.38039216 0.40784314 0.43137255 0.41568628 0.39215687 0.2901961 0.15686275 0.11764706 0.08627451 0.11372549 0.17254902 0.20392157 0.3019608 0.5254902 0.5254902 0.50980395 0.5019608 0.48235294 0.4509804 0.41568628 0.3764706 0.30980393
0.26666668 0.2509804 0.25882354 0.27058825 0.2784314 0.2901961 0.2901961 0.28235295 0.2901961 0.29411766 0.32156864 0.36862746 0.41960785 0.41568628 0.4117647 0.30980393 0.14117648 0.09019608 0.08235294 0.105882354 0.18431373 0.27058825 0.2784314 0.4509804 0.50980395 0.5019608 0.49803922 0.4862745 0.47058824 0.44705883 0.43137255 0.39607844
0.27450982 0.2627451 0.26666668 0.2627451 0.2784314 0.3019608 0.30588236 0.29803923 0.30588236 0.31764707 0.30980393 0.32156864 0.36862746 0.38431373 0.38039216 0.23529412 0.08627451 0.078431375 0.101960786 0.11764706 0.22745098 0.40784314 0.33333334 0.4117647 0.48235294 0.49411765 0.4862745 0.47058824 0.47843137 0.46666667 0.44705883 0.43529412
0.2627451 0.25882354 0.26666668 0.26666668 0.27058825 0.28235295 0.29803923 0.29411766 0.29411766 0.30980393 0.3137255 0.3137255 0.3137255 0.32156864 0.30980393 0.19215687 0.17254902 0.09411765 0.101960786 0.14509805 0.3882353 0.6117647 0.35686275 0.42745098 0.46666667 0.4745098 0.48235294 0.44705883 0.4392157 0.44313726 0.42745098 0.41568628
0.24313726 0.24705882 0.25882354 0.26666668 0.27450982 0.2901961 0.29411766 0.27450982 0.25882354 0.2901961 0.30980393 0.32941177 0.32941177 0.25882354 0.16470589 0.13333334 0.23137255 0.21960784 0.12156863 0.15686275 0.5568628 0.7176471 0.43529412 0.43529412 0.46666667 0.4627451 0.47058824 0.4627451 0.43137255 0.41568628 0.38039216 0.38431373
0.25490198 0.25882354 0.25882354 0.25882354 0.2627451 0.28627452 0.3019608 0.28235295 0.2627451 0.2901961 0.3019608 0.31764707 0.3019608 0.1764706 0.07058824 0.06666667 0.06666667 0.1254902 0.14901961 0.25882354 0.5882353 0.6117647 0.44313726 0.41960785 0.4509804 0.47058824 0.4509804 0.45490196 0.45882353 0.4117647 0.3882353 0.38431373
0.26666668 0.26666668 0.2627451 0.2509804 0.2509804 0.26666668 0.28627452 0.28627452 0.26666668 0.28235295 0.29411766 0.2901961 0.19215687 0.101960786 0.08627451 0.08235294 0.05490196 0.050980393 0.101960786 0.28627452 0.4 0.44313726 0.4509804 0.4392157 0.43137255 0.4392157 0.43137255 0.43137255 0.44313726 0.40784314 0.3882353 0.38431373
0.2901961 0.3019608 0.29411766 0.25882354 0.2509804 0.2509804 0.25490198 0.2627451 0.2509804 0.27058825 0.2901961 0.21568628 0.11372549 0.08627451 0.08627451 0.08627451 0.07450981 0.078431375 0.101960786 0.28235295 0.38431373 0.4117647 0.44705883 0.47843137 0.45490196 0.43529412 0.43529412 0.4392157 0.43137255 0.4117647 0.39215687 0.3882353
0.30588236 0.32156864 0.32156864 0.28627452 0.2627451 0.2509804 0.2509804 0.25882354 0.25490198 0.2627451 0.21568628 0.10980392 0.07058824 0.07058824 0.07058824 0.08235294 0.08235294 0.09019608 0.10980392 0.31764707 0.4627451 0.45882353 0.4509804 0.4627451 0.4745098 0.4745098 0.45882353 0.44705883 0.4392157 0.41960785 0.39607844 0.4
0.25490198 0.25882354 0.26666668 0.2627451 0.25882354 0.25882354 0.25490198 0.2627451 0.28235295 0.23137255 0.11764706 0.0627451 0.05882353 0.06666667 0.06666667 0.078431375 0.10980392 0.11372549 0.12941177 0.29411766 0.4392157 0.45490196 0.4509804 0.44705883 0.46666667 0.49019608 0.47058824 0.44313726 0.43529412 0.42352942 0.40784314 0.4
0.24705882 0.23529412 0.23529412 0.2509804 0.26666668 0.27450982 0.27450982 0.28627452 0.28235295 0.15686275 0.101960786 0.07450981 0.07058824 0.08235294 0.08627451 0.09019608 0.14117648 0.14117648 0.16862746 0.33333334 0.41568628 0.44705883 0.44705883 0.44705883 0.45882353 0.48235294 0.49019608 0.44705883 0.43137255 0.43137255 0.41568628 0.44705883
0.23529412 0.22352941 0.22352941 0.23921569 0.27058825 0.2901961 0.2901961 0.2901961 0.21176471 0.12156863 0.09803922 0.078431375 0.078431375 0.08627451 0.11372549 0.12156863 0.15294118 0.14117648 0.23529412 0.40784314 0.37254903 0.4 0.44705883 0.45882353 0.45882353 0.47843137 0.4862745 0.48235294 0.45490196 0.4392157 0.46666667 0.5254902
0.25882354 0.24313726 0.23137255 0.24313726 0.26666668 0.2901961 0.29803923 0.24705882 0.13725491 0.09803922 0.09019608 0.078431375 0.08627451 0.101960786 0.13333334 0.12941177 0.14117648 0.16078432 0.25490198 0.40392157 0.33333334 0.36078432 0.41960785 0.4509804 0.45882353 0.4745098 0.5058824 0.5137255 0.47843137 0.45882353 0.49803922 0.53333336
0.2901961 0.27450982 0.25882354 0.2627451 0.28235295 0.30588236 0.30588236 0.19215687 0.11372549 0.105882354 0.10980392 0.09411765 0.09803922 0.12941177 0.16862746 0.13725491 0.13333334 0.15686275 0.20392157 0.3372549 0.31764707 0.31764707 0.36862746 0.42352942 0.45490196 0.46666667 0.50980395 0.5254902 0.5019608 0.45490196 0.4392157 0.47058824
0.3019608 0.29803923 0.2901961 0.29411766 0.30588236 0.31764707 0.2627451 0.13725491 0.11764706 0.1254902 0.14117648 0.13333334 0.14509805 0.18039216 0.1882353 0.16470589 0.14509805 0.14509805 0.16862746 0.2784314 0.32156864 0.31764707 0.34901962 0.39215687 0.42352942 0.45882353 0.49803922 0.5058824 0.5019608 0.47843137 0.4509804 0.44313726
0.30588236 0.3137255 0.29411766 0.29803923 0.3019608 0.3019608 0.19215687 0.101960786 0.11372549 0.13333334 0.15686275 0.15686275 0.16862746 0.18431373 0.15294118 0.13333334 0.12156863 0.13333334 0.16078432 0.2901961 0.36862746 0.34117648 0.35686275 0.3647059 0.3882353 0.4392157 0.4862745 0.4862745 0.5058824 0.4862745 0.4745098 0.48235294
0.28235295 0.28235295 0.28235295 0.28627452 0.29803923 0.25882354 0.1254902 0.09019608 0.105882354 0.12941177 0.13333334 0.1254902 0.12156863 0.14117648 0.16470589 0.14901961 0.12941177 0.13333334 0.18431373 0.3137255 0.3647059 0.3372549 0.33333334 0.3372549 0.34509805 0.3882353 0.44313726 0.47843137 0.49019608 0.48235294 0.47843137 0.48235294
0.25882354 0.26666668 0.2901961 0.3019608 0.28235295 0.1882353 0.10980392 0.09019608 0.09019608 0.10980392 0.101960786 0.105882354 0.11372549 0.14117648 0.17254902 0.16862746 0.14117648 0.13333334 0.2 0.33333334 0.36862746 0.36862746 0.36862746 0.3529412 0.32941177 0.32941177 0.38431373 0.42745098 0.45882353 0.47843137 0.47843137 0.48235294
0.26666668 0.28235295 0.30980393 0.33333334 0.23137255 0.13333334 0.1254902 0.09803922 0.08627451 0.09411765 0.09019608 0.101960786 0.1254902 0.16470589 0.16078432 0.16470589 0.16862746 0.14117648 0.20784314 0.33333334 0.36078432 0.39607844 0.4117647 0.4 0.3529412 0.32941177 0.3372549 0.3882353 0.43137255 0.48235294 0.48235294 0.4862745
0.27450982 0.2901961 0.30980393 0.31764707 0.21568628 0.16078432 0.12941177 0.11372549 0.105882354 0.101960786 0.09803922 0.105882354 0.14509805 0.16862746 0.14117648 0.23137255 0.23137255 0.18431373 0.2 0.30980393 0.3529412 0.38431373 0.41568628 0.41568628 0.38039216 0.35686275 0.33333334 0.34901962 0.39607844 0.44313726 0.4745098 0.47058824
0.26666668 0.27058825 0.29411766 0.3137255 0.3019608 0.2627451 0.16862746 0.14901961 0.13725491 0.11372549 0.12156863 0.12941177 0.18039216 0.21568628 0.23529412 0.3882353 0.34901962 0.21960784 0.22352941 0.3019608 0.34509805 0.34901962 0.3764706 0.38431373 0.36862746 0.34901962 0.3372549 0.31764707 0.3254902 0.3882353 0.42745098 0.44313726
0.26666668 0.26666668 0.28627452 0.3137255 0.32156864 0.34117648 0.31764707 0.16078432 0.14901961 0.14117648 0.16862746 0.14509805 0.21960784 0.34509805 0.34509805 0.3882353 0.44313726 0.39607844 0.39607844 0.40392157 0.3529412 0.32941177 0.33333334 0.3372549 0.35686275 0.36078432 0.36078432 0.34117648 0.32941177 0.3372549 0.35686275 0.39215687
0.27450982 0.2784314 0.28627452 0.29803923 0.30980393 0.3137255 0.3019608 0.16862746 0.15686275 0.16470589 0.1764706 0.15294118 0.22745098 0.33333334 0.3254902 0.32156864 0.39215687 0.50980395 0.54901963 0.56078434 0.42352942 0.3372549 0.3372549 0.34509805 0.37254903 0.38039216 0.38039216 0.35686275 0.34901962 0.3254902 0.3019608 0.3372549
0.27058825 0.27058825 0.2901961 0.2901961 0.29803923 0.2784314 0.20392157 0.15686275 0.14509805 0.15294118 0.14901961 0.14509805 0.21960784 0.3254902 0.30588236 0.2901961 0.31764707 0.40784314 0.5764706 0.6 0.42352942 0.34509805 0.35686275 0.3372549 0.34901962 0.3647059 0.38039216 0.36862746 0.34901962 0.31764707 0.3019608 0.30980393
0.2901961 0.2784314 0.28627452 0.2901961 0.2901961 0.2784314 0.22352941 0.16078432 0.13333334 0.12941177 0.14509805 0.14117648 0.20784314 0.32156864 0.29803923 0.27450982 0.30588236 0.30588236 0.39607844 0.40784314 0.32941177 0.33333334 0.3529412 0.32941177 0.31764707 0.3254902 0.34117648 0.3529412 0.34509805 0.31764707 0.3137255 0.30588236
6 31 2
