32, 32, 3, 1
0.41960785 0.4117647 0.40784314 0.39607844 0.38431373 0.39607844 0.4117647 0.3882353 0.39215687 0.4117647 0.41960785 0.41960785 0.41568628 0.42352942 0.43137255 0.40392157 0.38431373 0.39215687 0.4 0.40784314 0.4117647 0.40784314 0.40392157 0.3882353 0.37254903 0.3647059 0.36862746 0.3647059 0.36078432 0.36078432 0.34901962 0.34509805
0.43529412 0.42352942 0.4117647 0.40392157 0.40392157 0.41568628 0.42745098 0.40784314 0.41960785 0.43529412 0.4392157 0.4392157 0.43137255 0.43529412 0.43529412 0.41568628 0.39215687 0.4 0.40784314 0.41568628 0.42745098 0.42745098 0.42352942 0.40392157 0.38431373 0.3764706 0.38039216 0.3764706 0.37254903 0.37254903 0.36078432 0.36078432
0.42745098 0.41960785 0.4117647 0.40784314 0.4117647 0.42745098 0.4392157 0.42745098 0.4392157 0.4509804 0.44705883 0.4509804 0.45490196 0.4509804 0.43137255 0.4509804 0.42745098 0.3882353 0.40784314 0.41568628 0.42745098 0.43137255 0.42352942 0.40784314 0.38431373 0.38039216 0.38431373 0.38039216 0.3764706 0.3764706 0.3647059 0.3647059
0.43137255 0.42745098 0.43137255 0.42745098 0.43137255 0.4392157 0.44313726 0.44313726 0.44705883 0.45490196 0.45490196 0.43137255 0.47843137 0.5137255 0.44705883 0.4862745 0.46666667 0.37254903 0.41568628 0.43137255 0.44313726 0.4392157 0.42352942 0.4117647 0.39215687 0.3882353 0.38431373 0.38431373 0.38431373 0.38039216 0.37254903 0.36862746
0.4392157 0.4392157 0.4392157 0.4392157 0.4392157 0.4392157 0.44313726 0.44313726 0.4392157 0.4509804 0.4392157 0.36862746 0.4392157 0.5529412 0.47843137 0.4862745 0.4392157 0.3882353 0.43529412 0.4509804 0.4509804 0.44705883 0.4392157 0.4117647 0.39607844 0.39215687 0.3882353 0.3882353 0.3882353 0.38431373 0.3764706 0.3764706
0.44705883 0.4392157 0.43529412 0.43529412 0.4392157 0.44313726 0.44705883 0.44705883 0.44705883 0.44705883 0.41568628 0.3882353 0.43529412 0.54509807 0.5019608 0.49411765 0.44313726 0.41568628 0.44705883 0.4509804 0.42745098 0.42745098 0.4509804 0.41960785 0.4 0.39607844 0.39215687 0.39215687 0.39215687 0.3882353 0.38039216 0.38431373
0.44705883 0.43529412 0.43529412 0.43529412 0.44705883 0.45490196 0.45490196 0.4509804 0.45490196 0.44313726 0.42352942 0.44705883 0.5019608 0.56078434 0.5411765 0.58431375 0.5372549 0.41960785 0.43137255 0.43529412 0.42352942 0.41960785 0.43529412 0.42352942 0.4117647 0.40392157 0.39215687 0.39215687 0.39607844 0.39215687 0.38431373 0.3882353
0.44313726 0.43529412 0.43529412 0.43137255 0.4509804 0.45882353 0.45490196 0.45490196 0.44705883 0.42745098 0.45490196 0.48235294 0.5176471 0.5411765 0.5411765 0.5803922 0.5176471 0.41568628 0.41568628 0.41960785 0.42745098 0.42745098 0.43137255 0.42352942 0.42352942 0.41568628 0.4 0.4 0.40392157 0.39607844 0.38431373 0.3882353
0.4509804 0.44313726 0.4392157 0.4392157 0.44705883 0.45490196 0.4509804 0.43137255 0.4117647 0.43529412 0.42352942 0.44313726 0.4862745 0.5294118 0.54901963 0.5529412 0.49411765 0.42352942 0.41568628 0.41568628 0.42352942 0.43137255 0.43529412 0.42745098 0.42745098 0.41960785 0.40392157 0.40392157 0.4117647 0.4 0.38431373 0.39215687
0.43529412 0.41960785 0.41960785 0.42745098 0.4392157 0.4509804 0.4392157 0.3372549 0.3529412 0.4 0.41960785 0.5294118 0.59607846 0.5294118 0.48235294 0.4745098 0.43529412 0.3882353 0.40392157 0.41960785 0.43137255 0.43529412 0.43529412 0.43137255 0.43137255 0.42352942 0.4117647 0.4117647 0.41960785 0.40392157 0.38431373 0.39215687
0.42745098 0.4117647 0.4 0.4 0.41960785 0.42745098 0.41568628 0.3137255 0.3372549 0.4 0.50980395 0.49019608 0.5254902 0.54901963 0.54509807 0.5254902 0.45882353 0.39215687 0.40392157 0.42745098 0.43529412 0.4392157 0.4392157 0.43529412 0.43529412 0.42352942 0.4117647 0.41568628 0.41960785 0.40784314 0.39215687 0.39607844
0.40392157 0.3882353 0.4117647 0.45882353 0.39215687 0.36862746 0.36862746 0.35686275 0.35686275 0.3529412 0.49019608 0.5803922 0.60784316 0.6156863 0.58431375 0.5529412 0.4509804 0.3764706 0.39215687 0.4117647 0.42352942 0.43137255 0.43529412 0.43529412 0.44313726 0.43137255 0.4117647 0.4117647 0.41568628 0.40784314 0.39215687 0.39607844
0.40392157 0.3882353 0.44313726 0.4627451 0.42745098 0.39215687 0.36078432 0.37254903 0.37254903 0.44313726 0.64705884 0.7058824 0.60784316 0.6039216 0.5764706 0.5019608 0.44705883 0.35686275 0.36078432 0.38039216 0.4 0.4117647 0.41568628 0.43529412 0.4509804 0.43529412 0.4117647 0.40784314 0.40784314 0.40392157 0.39215687 0.39607844
0.38039216 0.43137255 0.5058824 0.5019608 0.49019608 0.41568628 0.40392157 0.4627451 0.4627451 0.5137255 0.64705884 0.6431373 0.5803922 0.6 0.5411765 0.46666667 0.45490196 0.36078432 0.3647059 0.37254903 0.38431373 0.4 0.40784314 0.43137255 0.44705883 0.43529412 0.41960785 0.4117647 0.40392157 0.40392157 0.4 0.4
0.3764706 0.39215687 0.43137255 0.43529412 0.40392157 0.3764706 0.4509804 0.50980395 0.52156866 0.57254905 0.5921569 0.5686275 0.5686275 0.5568628 0.4745098 0.45490196 0.50980395 0.4117647 0.37254903 0.36862746 0.3764706 0.3882353 0.4 0.41960785 0.44313726 0.44313726 0.43137255 0.41960785 0.40784314 0.40784314 0.40784314 0.4117647
0.3764706 0.37254903 0.36078432 0.35686275 0.35686275 0.42745098 0.5058824 0.50980395 0.5254902 0.5019608 0.47843137 0.45490196 0.44313726 0.42745098 0.38431373 0.38431373 0.4627451 0.4509804 0.39215687 0.37254903 0.38039216 0.39607844 0.40392157 0.41960785 0.4392157 0.44313726 0.4392157 0.42745098 0.4117647 0.4117647 0.4117647 0.41568628
0.3882353 0.3882353 0.39215687 0.39607844 0.4 0.42352942 0.45490196 0.48235294 0.48235294 0.43137255 0.39607844 0.3647059 0.36078432 0.3647059 0.3529412 0.3529412 0.38039216 0.43137255 0.40784314 0.38039216 0.39215687 0.40392157 0.41568628 0.42745098 0.43529412 0.43137255 0.43137255 0.42352942 0.41568628 0.41568628 0.4117647 0.41568628
0.41568628 0.40784314 0.4117647 0.42352942 0.42745098 0.4117647 0.40392157 0.41568628 0.43529412 0.4862745 0.46666667 0.4392157 0.44313726 0.43529412 0.4 0.3882353 0.40392157 0.42352942 0.4117647 0.39607844 0.40392157 0.4117647 0.41568628 0.42745098 0.4392157 0.43529412 0.42745098 0.4117647 0.4117647 0.4117647 0.4117647 0.41960785
0.4 0.38431373 0.3882353 0.40784314 0.42745098 0.41568628 0.42352942 0.41960785 0.41960785 0.48235294 0.5176471 0.5137255 0.49803922 0.4862745 0.43529412 0.4 0.40392157 0.40784314 0.40784314 0.4 0.4 0.40784314 0.40784314 0.41960785 0.43529412 0.4392157 0.43137255 0.41960785 0.41960785 0.41568628 0.4117647 0.41960785
0.36862746 0.37254903 0.38039216 0.39215687 0.41960785 0.41568628 0.42352942 0.4509804 0.43529412 0.44313726 0.5294118 0.54901963 0.5019608 0.5137255 0.48235294 0.43529412 0.4117647 0.42745098 0.41960785 0.40392157 0.4 0.40784314 0.4117647 0.41960785 0.43529412 0.43529412 0.42745098 0.42352942 0.42352942 0.41568628 0.4117647 0.41960785
0.39215687 0.38431373 0.39607844 0.40392157 0.41568628 0.4117647 0.42352942 0.46666667 0.4509804 0.4117647 0.4627451 0.49019608 0.4745098 0.4862745 0.47058824 0.4509804 0.4117647 0.43137255 0.43529412 0.41960785 0.42352942 0.42352942 0.41960785 0.42745098 0.4392157 0.43529412 0.41960785 0.41960785 0.42352942 0.41960785 0.41568628 0.41960785
0.41960785 0.41568628 0.4117647 0.40784314 0.4117647 0.41960785 0.43529412 0.45882353 0.44313726 0.41960785 0.42745098 0.45490196 0.49411765 0.4862745 0.4627451 0.45490196 0.41960785 0.41568628 0.44313726 0.43137255 0.4392157 0.43137255 0.42352942 0.42352942 0.43529412 0.43529412 0.4117647 0.4117647 0.42745098 0.42745098 0.41568628 0.41960785
0.40392157 0.4117647 0.4117647 0.40784314 0.40784314 0.41568628 0.43529412 0.45882353 0.46666667 0.4509804 0.45882353 0.4509804 0.4745098 0.4862745 0.4745098 0.45882353 0.42352942 0.41568628 0.4392157 0.4392157 0.4392157 0.42745098 0.41960785 0.41960785 0.42745098 0.42745098 0.4117647 0.40392157 0.40784314 0.40784314 0.39215687 0.3882353
0.41568628 0.41960785 0.42352942 0.42352942 0.41960785 0.42745098 0.4509804 0.4745098 0.4862745 0.4745098 0.46666667 0.47058824 0.4627451 0.47058824 0.4745098 0.45490196 0.41960785 0.42352942 0.4509804 0.44313726 0.4392157 0.42352942 0.41960785 0.42352942 0.42352942 0.41960785 0.40784314 0.39607844 0.39607844 0.39215687 0.3764706 0.38039216
0.42745098 0.42745098 0.42745098 0.43137255 0.42745098 0.43529412 0.45882353 0.4745098 0.4745098 0.4862745 0.47843137 0.47058824 0.49803922 0.47843137 0.47058824 0.45882353 0.4392157 0.4392157 0.45882353 0.44705883 0.4392157 0.43137255 0.42745098 0.42745098 0.42352942 0.41568628 0.40392157 0.4 0.39607844 0.38431373 0.37254903 0.38039216
0.43529412 0.43137255 0.43529412 0.4392157 0.43529412 0.44313726 0.4627451 0.4745098 0.4745098 0.4627451 0.47843137 0.47843137 0.4745098 0.49803922 0.49019608 0.48235294 0.4627451 0.4392157 0.45882353 0.44705883 0.44313726 0.4392157 0.4392157 0.4392157 0.43137255 0.42352942 0.41568628 0.4117647 0.40392157 0.39215687 0.38431373 0.3882353
0.43529412 0.43529412 0.44313726 0.44313726 0.44313726 0.4509804 0.47058824 0.47843137 0.4745098 0.45490196 0.45490196 0.47058824 0.4745098 0.4862745 0.49803922 0.49019608 0.4509804 0.43529412 0.45882353 0.4509804 0.44313726 0.44313726 0.44313726 0.44705883 0.44313726 0.43137255 0.42352942 0.41960785 0.41568628 0.40784314 0.40392157 0.40784314
0.43529412 0.43529412 0.44313726 0.44705883 0.44313726 0.45490196 0.46666667 0.47058824 0.4627451 0.44313726 0.44313726 0.44705883 0.46666667 0.49803922 0.49803922 0.5019608 0.46666667 0.43137255 0.4509804 0.44313726 0.4392157 0.44705883 0.44705883 0.4509804 0.44313726 0.43529412 0.43137255 0.42745098 0.42352942 0.42352942 0.41960785 0.42352942
0.43137255 0.43137255 0.43529412 0.44313726 0.44313726 0.45490196 0.4627451 0.4627451 0.45490196 0.44313726 0.44313726 0.4392157 0.47058824 0.49803922 0.47843137 0.49411765 0.4862745 0.4392157 0.44313726 0.4392157 0.4392157 0.44705883 0.4509804 0.45490196 0.4509804 0.4392157 0.4392157 0.43529412 0.43529412 0.43529412 0.43137255 0.43529412
0.43137255 0.42745098 0.43529412 0.44313726 0.4509804 0.45882353 0.4627451 0.4627451 0.45882353 0.44705883 0.44313726 0.44705883 0.4745098 0.48235294 0.4627451 0.46666667 0.4627451 0.44705883 0.44313726 0.4392157 0.44705883 0.45490196 0.45882353 0.46666667 0.45882353 0.44705883 0.44313726 0.44313726 0.44313726 0.4392157 0.43529412 0.4392157
0.4392157 0.43137255 0.43137255 0.4392157 0.44705883 0.4509804 0.45882353 0.4627451 0.45882353 0.4509804 0.44313726 0.4509804 0.45882353 0.45882353 0.4627451 0.45882353 0.44705883 0.44705883 0.44705883 0.44313726 0.4509804 0.45882353 0.4627451 0.47058824 0.4627451 0.45490196 0.44705883 0.44705883 0.44705883 0.44313726 0.4392157 0.44313726
0.44705883 0.4392157 0.43137255 0.43529412 0.44313726 0.44705883 0.4509804 0.4509804 0.45490196 0.44705883 0.44313726 0.44705883 0.4509804 0.45882353 0.4627451 0.45882353 0.4509804 0.4509804 0.44705883 0.44705883 0.45490196 0.4627451 0.46666667 0.4745098 0.46666667 0.45490196 0.4509804 0.4509804 0.4509804 0.44705883 0.44313726 0.4509804
0.43137255 0.42352942 0.41960785 0.40784314 0.39607844 0.4117647 0.43137255 0.40392157 0.4 0.39607844 0.4117647 0.4117647 0.40784314 0.4 0.4 0.40784314 0.40392157 0.4 0.40392157 0.41960785 0.41960785 0.41568628 0.4117647 0.4 0.3882353 0.38039216 0.38431373 0.38039216 0.38431373 0.38431373 0.37254903 0.36862746
0.44313726 0.43137255 0.41960785 0.4117647 0.40784314 0.42745098 0.44313726 0.41960785 0.41960785 0.42352942 0.42745098 0.42745098 0.41568628 0.4117647 0.41568628 0.42352942 0.41568628 0.4117647 0.41568628 0.42352942 0.43529412 0.43137255 0.42745098 0.41568628 0.4 0.39607844 0.4 0.39607844 0.4 0.4 0.38431373 0.38431373
0.43137255 0.42352942 0.41568628 0.4117647 0.41568628 0.43137255 0.44705883 0.43529412 0.4392157 0.4392157 0.43529412 0.4392157 0.43529412 0.43137255 0.41960785 0.4627451 0.44705883 0.39215687 0.4117647 0.42352942 0.43529412 0.43529412 0.42745098 0.41960785 0.40392157 0.4 0.40392157 0.4 0.4 0.40392157 0.39215687 0.3882353
0.42745098 0.42352942 0.42745098 0.42352942 0.42352942 0.43529412 0.44313726 0.4392157 0.4392157 0.44313726 0.44313726 0.41568628 0.45882353 0.49803922 0.44313726 0.5019608 0.48235294 0.37254903 0.41568628 0.4392157 0.4509804 0.44313726 0.42745098 0.42352942 0.4117647 0.40784314 0.40784314 0.40392157 0.40784314 0.40784314 0.4 0.39607844
0.43137255 0.43137255 0.43137255 0.43137255 0.43137255 0.43137255 0.43529412 0.43137255 0.42745098 0.4392157 0.42352942 0.3529412 0.42745098 0.54509807 0.49019608 0.50980395 0.45882353 0.39215687 0.43137255 0.45490196 0.45490196 0.4509804 0.44313726 0.42352942 0.41960785 0.41568628 0.4117647 0.4117647 0.41568628 0.4117647 0.40392157 0.40392157
0.43529412 0.42745098 0.42745098 0.42352942 0.42745098 0.43137255 0.4392157 0.43529412 0.43137255 0.4392157 0.4 0.3764706 0.42745098 0.5529412 0.5294118 0.5294118 0.47058824 0.42352942 0.44705883 0.45490196 0.43137255 0.43137255 0.4509804 0.43137255 0.42352942 0.41960785 0.41568628 0.41568628 0.41960785 0.41568628 0.40784314 0.4117647
0.43529412 0.42745098 0.42745098 0.42352942 0.41960785 0.43137255 0.4392157 0.43529412 0.4392157 0.43529412 0.43529412 0.4745098 0.5294118 0.5921569 0.58431375 0.6156863 0.54509807 0.41568628 0.42745098 0.43529412 0.42352942 0.41960785 0.43529412 0.42745098 0.41960785 0.41960785 0.41568628 0.41960785 0.42352942 0.41960785 0.4117647 0.4117647
0.4392157 0.43137255 0.43137255 0.42352942 0.42352942 0.43137255 0.43529412 0.4392157 0.42745098 0.42352942 0.4862745 0.54509807 0.5647059 0.5764706 0.5764706 0.58431375 0.49803922 0.39607844 0.40784314 0.41960785 0.42352942 0.42745098 0.42745098 0.42352942 0.41960785 0.41960785 0.41568628 0.42352942 0.42745098 0.41960785 0.40784314 0.40784314
0.44705883 0.4392157 0.43529412 0.43137255 0.42745098 0.43529412 0.43529412 0.4117647 0.39607844 0.43137255 0.44705883 0.47843137 0.49803922 0.5254902 0.5411765 0.5254902 0.45882353 0.40392157 0.4117647 0.4117647 0.41960785 0.42745098 0.43137255 0.42352942 0.42352942 0.42352942 0.42352942 0.42745098 0.43529412 0.42352942 0.40784314 0.4117647
0.4392157 0.42352942 0.42352942 0.42745098 0.43137255 0.4392157 0.42745098 0.31764707 0.32941177 0.39215687 0.4117647 0.50980395 0.5568628 0.4745098 0.42745098 0.4117647 0.38431373 0.37254903 0.40784314 0.41960785 0.42745098 0.43137255 0.43137255 0.42745098 0.42745098 0.42745098 0.43137255 0.43529412 0.4392157 0.42745098 0.40784314 0.41568628
0.4392157 0.42352942 0.40784314 0.40392157 0.42352942 0.42352942 0.40392157 0.28627452 0.3019608 0.36862746 0.45882353 0.41960785 0.4392157 0.4627451 0.4627451 0.44705883 0.40392157 0.3882353 0.4117647 0.42352942 0.43137255 0.43529412 0.43529412 0.43137255 0.43137255 0.43137255 0.43529412 0.44313726 0.44313726 0.43137255 0.41568628 0.41568628
0.42352942 0.40392157 0.41960785 0.45882353 0.4 0.36862746 0.35686275 0.3254902 0.3137255 0.29803923 0.40784314 0.48235294 0.50980395 0.53333336 0.50980395 0.48235294 0.40784314 0.38039216 0.40392157 0.40784314 0.41960785 0.42745098 0.43137255 0.43529412 0.44313726 0.43529412 0.43529412 0.4392157 0.4392157 0.42745098 0.41568628 0.41568628
0.42352942 0.4 0.4392157 0.4509804 0.43137255 0.39607844 0.34901962 0.34509805 0.3254902 0.37254903 0.5529412 0.59607846 0.5254902 0.54901963 0.53333336 0.45490196 0.41568628 0.36862746 0.38039216 0.3764706 0.39607844 0.40784314 0.4117647 0.43529412 0.4509804 0.44313726 0.43529412 0.43529412 0.43137255 0.42352942 0.41568628 0.41568628
0.4 0.44313726 0.5019608 0.49411765 0.49019608 0.41960785 0.39215687 0.43137255 0.4117647 0.4392157 0.5529412 0.5411765 0.5058824 0.5529412 0.50980395 0.42745098 0.43137255 0.36862746 0.3764706 0.37254903 0.38431373 0.39607844 0.40784314 0.42745098 0.44705883 0.44313726 0.43529412 0.43137255 0.42352942 0.41960785 0.41568628 0.41568628
0.39607844 0.4117647 0.44705883 0.44313726 0.40392157 0.38039216 0.44313726 0.48235294 0.46666667 0.49803922 0.50980395 0.4862745 0.49019608 0.49411765 0.42745098 0.40784314 0.47843137 0.40392157 0.38039216 0.3764706 0.38039216 0.39607844 0.40784314 0.41960785 0.44313726 0.44313726 0.43529412 0.42352942 0.4117647 0.40784314 0.40784314 0.4117647
0.4 0.39607844 0.38431373 0.3764706 0.35686275 0.42745098 0.5058824 0.48235294 0.4745098 0.4509804 0.42745098 0.4 0.3882353 0.37254903 0.33333334 0.3372549 0.43137255 0.4392157 0.39607844 0.38431373 0.3882353 0.40392157 0.4117647 0.42352942 0.4392157 0.44313726 0.43529412 0.42352942 0.40784314 0.40784314 0.40784314 0.4117647
0.4117647 0.4117647 0.41568628 0.41568628 0.4 0.42745098 0.45882353 0.45882353 0.43529412 0.39215687 0.35686275 0.3254902 0.32156864 0.31764707 0.30588236 0.30980393 0.3529412 0.42352942 0.4117647 0.3882353 0.4 0.4117647 0.42352942 0.43137255 0.43529412 0.43137255 0.42745098 0.41960785 0.4117647 0.4117647 0.40784314 0.4117647
0.4392157 0.43137255 0.43529412 0.44313726 0.42745098 0.41568628 0.4117647 0.39607844 0.3882353 0.42745098 0.4117647 0.38039216 0.38039216 0.3764706 0.3529412 0.34901962 0.3764706 0.4117647 0.41568628 0.40392157 0.4117647 0.41960785 0.42352942 0.43137255 0.4392157 0.43529412 0.42352942 0.40784314 0.40784314 0.40784314 0.40784314 0.41568628
0.42352942 0.40784314 0.4117647 0.42745098 0.42745098 0.42745098 0.43529412 0.40784314 0.36862746 0.40392157 0.43529412 0.42745098 0.40784314 0.4117647 0.3882353 0.3647059 0.38039216 0.39607844 0.40784314 0.40784314 0.40784314 0.41568628 0.41568628 0.42352942 0.43529412 0.4392157 0.42745098 0.41568628 0.41568628 0.4117647 0.40784314 0.41568628
0.39215687 0.39607844 0.40392157 0.4117647 0.41960785 0.42745098 0.4392157 0.44313726 0.3882353 0.36862746 0.4509804 0.47058824 0.42352942 0.44313726 0.4392157 0.4 0.3882353 0.4117647 0.41960785 0.4117647 0.40784314 0.41568628 0.41960785 0.42352942 0.43529412 0.43529412 0.42352942 0.41960785 0.41960785 0.4117647 0.40784314 0.41568628
0.41568628 0.40392157 0.41960785 0.41960785 0.41960785 0.42352942 0.44313726 0.45882353 0.41568628 0.3647059 0.41568628 0.4392157 0.42352942 0.43529412 0.42745098 0.4117647 0.3882353 0.41568628 0.43529412 0.42745098 0.43137255 0.43137255 0.42745098 0.43137255 0.4392157 0.43529412 0.41960785 0.41568628 0.41960785 0.41568628 0.4117647 0.41568628
0.42352942 0.41568628 0.41568628 0.4117647 0.41960785 0.42745098 0.44313726 0.4509804 0.42352942 0.39215687 0.39215687 0.40784314 0.4392157 0.43529412 0.4117647 0.4117647 0.38431373 0.39215687 0.4392157 0.4392157 0.44705883 0.4392157 0.43137255 0.43137255 0.4392157 0.4392157 0.41568628 0.4117647 0.41960785 0.41960785 0.40784314 0.40784314
0.39607844 0.40392157 0.40392157 0.40392157 0.41568628 0.42352942 0.43529412 0.4509804 0.4509804 0.42745098 0.42352942 0.40392157 0.41568628 0.42745098 0.41568628 0.40392157 0.38039216 0.38431373 0.43137255 0.44313726 0.44705883 0.43529412 0.42745098 0.42745098 0.4392157 0.43529412 0.41568628 0.40784314 0.4117647 0.40784314 0.39215687 0.3882353
0.40784314 0.4117647 0.41568628 0.41960785 0.42745098 0.43529412 0.4509804 0.46666667 0.47058824 0.45882353 0.43529412 0.42745098 0.4117647 0.4117647 0.4117647 0.39215687 0.36862746 0.38431373 0.43529412 0.4509804 0.44705883 0.43137255 0.42745098 0.43137255 0.43529412 0.42745098 0.4117647 0.4 0.40784314 0.40392157 0.39215687 0.39215687
0.41960785 0.41960785 0.41960785 0.42745098 0.43529412 0.44313726 0.45882353 0.46666667 0.4627451 0.47058824 0.45490196 0.43529412 0.45490196 0.42352942 0.4 0.39607844 0.38431373 0.39215687 0.44313726 0.45490196 0.44705883 0.4392157 0.43529412 0.43529412 0.43137255 0.42352942 0.40784314 0.40784314 0.41568628 0.4117647 0.4 0.40784314
0.42745098 0.42352942 0.42745098 0.43137255 0.44313726 0.4509804 0.45882353 0.46666667 0.4627451 0.45490196 0.45882353 0.44705883 0.4392157 0.4509804 0.42745098 0.42745098 0.41568628 0.40784314 0.4509804 0.45490196 0.4509804 0.44705883 0.44705883 0.44705883 0.44313726 0.43137255 0.41960785 0.41568628 0.42352942 0.41960785 0.4117647 0.41568628
0.42745098 0.42745098 0.43529412 0.4392157 0.4509804 0.45882353 0.46666667 0.47058824 0.4627451 0.4509804 0.44313726 0.44705883 0.44705883 0.4509804 0.4509804 0.44705883 0.41960785 0.41960785 0.45490196 0.45882353 0.4509804 0.4509804 0.4509804 0.45490196 0.4509804 0.4392157 0.43137255 0.42352942 0.42745098 0.42352942 0.41568628 0.41960785
0.42745098 0.42745098 0.43529412 0.44313726 0.4509804 0.45882353 0.46666667 0.4627451 0.45490196 0.44705883 0.4392157 0.42745098 0.44313726 0.47058824 0.46666667 0.47843137 0.4509804 0.43137255 0.45490196 0.4509804 0.44705883 0.45490196 0.45490196 0.45882353 0.4509804 0.44313726 0.43529412 0.43137255 0.42352942 0.42352942 0.41960785 0.42352942
0.42745098 0.42352942 0.43137255 0.4392157 0.44705883 0.45490196 0.45882353 0.45490196 0.4509804 0.44705883 0.4392157 0.42745098 0.45490196 0.48235294 0.4627451 0.48235294 0.47843137 0.44313726 0.44705883 0.44313726 0.44313726 0.4509804 0.45490196 0.45882353 0.4509804 0.44313726 0.4392157 0.43529412 0.43137255 0.42745098 0.42745098 0.42745098
0.42745098 0.42745098 0.43529412 0.44313726 0.44705883 0.4509804 0.45490196 0.45882353 0.45490196 0.44705883 0.4392157 0.4392157 0.46666667 0.4745098 0.45490196 0.45882353 0.45882353 0.44313726 0.44313726 0.4392157 0.44313726 0.4509804 0.45490196 0.4627451 0.45490196 0.44705883 0.4392157 0.4392157 0.4392157 0.43529412 0.43137255 0.43529412
0.4392157 0.43137255 0.43137255 0.43529412 0.4392157 0.44313726 0.4509804 0.45882353 0.45490196 0.44705883 0.4392157 0.44313726 0.4509804 0.4509804 0.45882353 0.45490196 0.44313726 0.44313726 0.44313726 0.4392157 0.44705883 0.45490196 0.45882353 0.46666667 0.45882353 0.4509804 0.44313726 0.44313726 0.44313726 0.4392157 0.43529412 0.4392157
0.44705883 0.43529412 0.43137255 0.43137255 0.43529412 0.4392157 0.44705883 0.44705883 0.4509804 0.44313726 0.4392157 0.4392157 0.44313726 0.4509804 0.45882353 0.45490196 0.44705883 0.44705883 0.44313726 0.44313726 0.4509804 0.45882353 0.4627451 0.47058824 0.4627451 0.4509804 0.44705883 0.44705883 0.44705883 0.44313726 0.4392157 0.44705883
0.2627451 0.25490198 0.2509804 0.23921569 0.21960784 0.21568628 0.21960784 0.21176471 0.23529412 0.2509804 0.23529412 0.21960784 0.23137255 0.23529412 0.22352941 0.21176471 0.20784314 0.21568628 0.21568628 0.21568628 0.22745098 0.23137255 0.23137255 0.24313726 0.24313726 0.23529412 0.23921569 0.23529412 0.22745098 0.23137255 0.22745098 0.23137255
0.27058825 0.2627451 0.2509804 0.24313726 0.23529412 0.23137255 0.23137255 0.22352941 0.2509804 0.2627451 0.25490198 0.25490198 0.27058825 0.25882354 0.22745098 0.22352941 0.21176471 0.20784314 0.21176471 0.22352941 0.23921569 0.24705882 0.2509804 0.2509804 0.24705882 0.23921569 0.24313726 0.23921569 0.23529412 0.23921569 0.23529412 0.23921569
0.25490198 0.2509804 0.24313726 0.23921569 0.24313726 0.23921569 0.23921569 0.24313726 0.26666668 0.27058825 0.27450982 0.2901961 0.30980393 0.29803923 0.2627451 0.30588236 0.28235295 0.21568628 0.21960784 0.23137255 0.2509804 0.25882354 0.2627451 0.25882354 0.24705882 0.24313726 0.24313726 0.23921569 0.23529412 0.23921569 0.23529412 0.23921569
0.23921569 0.24313726 0.24313726 0.24705882 0.2509804 0.24313726 0.23921569 0.2509804 0.27058825 0.27450982 0.28627452 0.27450982 0.32941177 0.36862746 0.32156864 0.39215687 0.3647059 0.22352941 0.23529412 0.2509804 0.27058825 0.27450982 0.26666668 0.2627451 0.2509804 0.24705882 0.24313726 0.23921569 0.23921569 0.23921569 0.23529412 0.23921569
0.23921569 0.24313726 0.24313726 0.24705882 0.25490198 0.24313726 0.23529412 0.24705882 0.25882354 0.26666668 0.27058825 0.21176471 0.27058825 0.3882353 0.3647059 0.40784314 0.34509805 0.23137255 0.24705882 0.27450982 0.28235295 0.28627452 0.2901961 0.2627451 0.24705882 0.24313726 0.23529412 0.23529412 0.23529412 0.23921569 0.23921569 0.24313726
0.24705882 0.23921569 0.23921569 0.24313726 0.25490198 0.24313726 0.23921569 0.2509804 0.2627451 0.26666668 0.2509804 0.22745098 0.24313726 0.3529412 0.35686275 0.38431373 0.31764707 0.21568628 0.23529412 0.2784314 0.2627451 0.27058825 0.29803923 0.26666668 0.24313726 0.23921569 0.23529412 0.23529412 0.23529412 0.23529412 0.23921569 0.24705882
0.25882354 0.24313726 0.24705882 0.25882354 0.26666668 0.25490198 0.24313726 0.2509804 0.27058825 0.28235295 0.28235295 0.30588236 0.33333334 0.3647059 0.34509805 0.40392157 0.34509805 0.19215687 0.21176471 0.2509804 0.24705882 0.24705882 0.26666668 0.25490198 0.24705882 0.24313726 0.23529412 0.23529412 0.23529412 0.23529412 0.23529412 0.24313726
0.26666668 0.24705882 0.25490198 0.2627451 0.27450982 0.2627451 0.24313726 0.25490198 0.2627451 0.27450982 0.31764707 0.34509805 0.3529412 0.34509805 0.31764707 0.34901962 0.28627452 0.19215687 0.20784314 0.23137255 0.23921569 0.23921569 0.24313726 0.24313726 0.24705882 0.24313726 0.23921569 0.24313726 0.23921569 0.23529412 0.23137255 0.24313726
0.2627451 0.24705882 0.24705882 0.25882354 0.26666668 0.25490198 0.24313726 0.23921569 0.23529412 0.2509804 0.2509804 0.26666668 0.28235295 0.3137255 0.3372549 0.33333334 0.28235295 0.23137255 0.23137255 0.22352941 0.23137255 0.23921569 0.24313726 0.24313726 0.24705882 0.24313726 0.23921569 0.24313726 0.24705882 0.23921569 0.23137255 0.24313726
0.24705882 0.22352941 0.23529412 0.25490198 0.2627451 0.25882354 0.24313726 0.16078432 0.18431373 0.20784314 0.21960784 0.3254902 0.38039216 0.3137255 0.29411766 0.28235295 0.2509804 0.22745098 0.23921569 0.23137255 0.23921569 0.24313726 0.24313726 0.24313726 0.24705882 0.24705882 0.24313726 0.24705882 0.2509804 0.24313726 0.23137255 0.24705882
0.24705882 0.23921569 0.2509804 0.27450982 0.28235295 0.26666668 0.24313726 0.15294118 0.18039216 0.21960784 0.32156864 0.3019608 0.3372549 0.37254903 0.38039216 0.3529412 0.29411766 0.2509804 0.24313726 0.23529412 0.24313726 0.24705882 0.24705882 0.24313726 0.24313726 0.24313726 0.23921569 0.24705882 0.2509804 0.24705882 0.23529412 0.24705882
0.24705882 0.25490198 0.3254902 0.40784314 0.31764707 0.25490198 0.22745098 0.21176471 0.20392157 0.17254902 0.30588236 0.40784314 0.45882353 0.48235294 0.44313726 0.39607844 0.28627452 0.22352941 0.22352941 0.21960784 0.23137255 0.23921569 0.24313726 0.24313726 0.24705882 0.24313726 0.23137255 0.23529412 0.24705882 0.24705882 0.23921569 0.24705882
0.25882354 0.29803923 0.41960785 0.48235294 0.40784314 0.3254902 0.24705882 0.24313726 0.21568628 0.22745098 0.43137255 0.5176471 0.46666667 0.49019608 0.45490196 0.3529412 0.27450982 0.18039216 0.18039216 0.1882353 0.20784314 0.21960784 0.22352941 0.23921569 0.2509804 0.24313726 0.23137255 0.23137255 0.23529412 0.23921569 0.23921569 0.24705882
0.24313726 0.34509805 0.47843137 0.5176471 0.46666667 0.36078432 0.31764707 0.3529412 0.3137255 0.28235295 0.4117647 0.4392157 0.41960785 0.47843137 0.43137255 0.33333334 0.29411766 0.1764706 0.17254902 0.18039216 0.19215687 0.20784314 0.21960784 0.23137255 0.24313726 0.23921569 0.23137255 0.22745098 0.23137255 0.23921569 0.23921569 0.24705882
0.22745098 0.2627451 0.31764707 0.32941177 0.28627452 0.28627452 0.38431373 0.43529412 0.4 0.38039216 0.39607844 0.3882353 0.40392157 0.41960785 0.37254903 0.36078432 0.39215687 0.23921569 0.18039216 0.18431373 0.1882353 0.20392157 0.21568628 0.21960784 0.23529412 0.24313726 0.23921569 0.23529412 0.23137255 0.23529412 0.23529412 0.23921569
0.22745098 0.22352941 0.21176471 0.20392157 0.20392157 0.3137255 0.43529412 0.43137255 0.41960785 0.3647059 0.34509805 0.3254902 0.3254902 0.30980393 0.27058825 0.2901961 0.34901962 0.27450982 0.19607843 0.1882353 0.19607843 0.20784314 0.21960784 0.22352941 0.23137255 0.24313726 0.24705882 0.24313726 0.23529412 0.23529412 0.23529412 0.23921569
0.23529412 0.23921569 0.24313726 0.24313726 0.24705882 0.3019608 0.3647059 0.3882353 0.36862746 0.30588236 0.2784314 0.25490198 0.2627451 0.2509804 0.22352941 0.23529412 0.24705882 0.24705882 0.20784314 0.19607843 0.20784314 0.21960784 0.23137255 0.22745098 0.22745098 0.23137255 0.23921569 0.23921569 0.23529412 0.23921569 0.23529412 0.23921569
0.2627451 0.25882354 0.2627451 0.27058825 0.27450982 0.27450982 0.28627452 0.29803923 0.3019608 0.32156864 0.30980393 0.28627452 0.29803923 0.29411766 0.25882354 0.2509804 0.2509804 0.23529412 0.21568628 0.21176471 0.21960784 0.22745098 0.23137255 0.23137255 0.23137255 0.23921569 0.23137255 0.22745098 0.23137255 0.23529412 0.23529412 0.23921569
0.24705882 0.23529412 0.23921569 0.25882354 0.27058825 0.26666668 0.2784314 0.2784314 0.2627451 0.27058825 0.30588236 0.30980393 0.29803923 0.30980393 0.28627452 0.2509804 0.24313726 0.22745098 0.21960784 0.21568628 0.21568628 0.22352941 0.22352941 0.21960784 0.22745098 0.24313726 0.23921569 0.23529412 0.23921569 0.23921569 0.23529412 0.23921569
0.21960784 0.22352941 0.23137255 0.24313726 0.2627451 0.2509804 0.25490198 0.2901961 0.26666668 0.23529412 0.3254902 0.3529412 0.3137255 0.34509805 0.34117648 0.28235295 0.25490198 0.2627451 0.24313726 0.21960784 0.21568628 0.22352941 0.22745098 0.22352941 0.22745098 0.23529412 0.23529412 0.23529412 0.24313726 0.23921569 0.23529412 0.23921569
0.23921569 0.23137255 0.24705882 0.2509804 0.25882354 0.23921569 0.24313726 0.2901961 0.28235295 0.24705882 0.30980393 0.34509805 0.3372549 0.34901962 0.3372549 0.3019608 0.25882354 0.2784314 0.27058825 0.23529412 0.23921569 0.23921569 0.23529412 0.22745098 0.23137255 0.23921569 0.22745098 0.23529412 0.24705882 0.24313726 0.23921569 0.24313726
0.2627451 0.25882354 0.25490198 0.2509804 0.25490198 0.2509804 0.25490198 0.26666668 0.2627451 0.2627451 0.28627452 0.32156864 0.3529412 0.3372549 0.3137255 0.3137255 0.2784314 0.26666668 0.27450982 0.24705882 0.2509804 0.24313726 0.23529412 0.23137255 0.24313726 0.2509804 0.23921569 0.24313726 0.2509804 0.24705882 0.23529412 0.23529412
0.24313726 0.2509804 0.2509804 0.2509804 0.2509804 0.25490198 0.25882354 0.2627451 0.27058825 0.28235295 0.3137255 0.3137255 0.32156864 0.32156864 0.30980393 0.30980393 0.2784314 0.2509804 0.25882354 0.24705882 0.2509804 0.23921569 0.23137255 0.23529412 0.24705882 0.2509804 0.24705882 0.24313726 0.23921569 0.23529412 0.21960784 0.21568628
0.2509804 0.25882354 0.2627451 0.2627451 0.25882354 0.26666668 0.27058825 0.2784314 0.29411766 0.30588236 0.31764707 0.33333334 0.3137255 0.29803923 0.29411766 0.28627452 0.2509804 0.23921569 0.25882354 0.25490198 0.2509804 0.23529412 0.23137255 0.23529412 0.23921569 0.24313726 0.24313726 0.23529412 0.23529412 0.22745098 0.21568628 0.21176471
0.2627451 0.26666668 0.26666668 0.27450982 0.27058825 0.27450982 0.2784314 0.28235295 0.28235295 0.3137255 0.32941177 0.33333334 0.34509805 0.29803923 0.27450982 0.28235295 0.2627451 0.24313726 0.25882354 0.25882354 0.2509804 0.24313726 0.23921569 0.24313726 0.23921569 0.23921569 0.23921569 0.23921569 0.23921569 0.22745098 0.21960784 0.22352941
0.27058825 0.27058825 0.27450982 0.2784314 0.27450982 0.28235295 0.28235295 0.2784314 0.2784314 0.29411766 0.3254902 0.3372549 0.32156864 0.32156864 0.3019608 0.30980393 0.2901961 0.2509804 0.26666668 0.25882354 0.25490198 0.2509804 0.2509804 0.25490198 0.2509804 0.24705882 0.2509804 0.2509804 0.24705882 0.23529412 0.22745098 0.23137255
0.27058825 0.27450982 0.28235295 0.28627452 0.28627452 0.2901961 0.2901961 0.28235295 0.2784314 0.28235295 0.3019608 0.32941177 0.32156864 0.31764707 0.32941177 0.3372549 0.29803923 0.26666668 0.27450982 0.2627451 0.25490198 0.25490198 0.25490198 0.2627451 0.25882354 0.25490198 0.25882354 0.25882354 0.2509804 0.24313726 0.23921569 0.23921569
0.27058825 0.27450982 0.28235295 0.28627452 0.28627452 0.29411766 0.2901961 0.27450982 0.26666668 0.27058825 0.2901961 0.3019608 0.30980393 0.33333334 0.34901962 0.37254903 0.3372549 0.2901961 0.2784314 0.25490198 0.2509804 0.25882354 0.25882354 0.2627451 0.2627451 0.25882354 0.26666668 0.26666668 0.25490198 0.2509804 0.24705882 0.24705882
0.27450982 0.27450982 0.28235295 0.28627452 0.28627452 0.2901961 0.28627452 0.27450982 0.2627451 0.2627451 0.2784314 0.28627452 0.3137255 0.34117648 0.3254902 0.34901962 0.34509805 0.2901961 0.27058825 0.2509804 0.2509804 0.25882354 0.2627451 0.27058825 0.27058825 0.2627451 0.27058825 0.26666668 0.25490198 0.2509804 0.24705882 0.24705882
0.2784314 0.27450982 0.28235295 0.29411766 0.29411766 0.29411766 0.28627452 0.28235295 0.27058825 0.25882354 0.2627451 0.2784314 0.31764707 0.32156864 0.2901961 0.29411766 0.29411766 0.27450982 0.2627451 0.2509804 0.25490198 0.2627451 0.26666668 0.28235295 0.28235295 0.27058825 0.26666668 0.26666668 0.25882354 0.24705882 0.24313726 0.24705882
0.28627452 0.28235295 0.28235295 0.2901961 0.2901961 0.2901961 0.28627452 0.28235295 0.27450982 0.2627451 0.2627451 0.28235295 0.3019608 0.29411766 0.28627452 0.28235295 0.27058825 0.27058825 0.26666668 0.2509804 0.25882354 0.26666668 0.27058825 0.28627452 0.28627452 0.27450982 0.27058825 0.27058825 0.25882354 0.2509804 0.24705882 0.2509804
0.29411766 0.2901961 0.28235295 0.28235295 0.28627452 0.28627452 0.2784314 0.27450982 0.27058825 0.27058825 0.27058825 0.2784314 0.28627452 0.2901961 0.28627452 0.28235295 0.27450982 0.27450982 0.26666668 0.25490198 0.2627451 0.27058825 0.27058825 0.2901961 0.2901961 0.2784314 0.27450982 0.27450982 0.2627451 0.25490198 0.2509804 0.25490198
0 1 2
