32, 32, 3, 1
0.63529414 0.6392157 0.5647059 0.5529412 0.54509807 0.5921569 0.627451 0.61960787 0.60784316 0.62352943 0.5568628 0.5647059 0.627451 0.57254905 0.6039216 0.6509804 0.6431373 0.6627451 0.65882355 0.5882353 0.50980395 0.5058824 0.46666667 0.4862745 0.46666667 0.44313726 0.49803922 0.5294118 0.5568628 0.61960787 0.63529414 0.6509804
0.7411765 0.7294118 0.6745098 0.6313726 0.6392157 0.68235296 0.76862746 0.7411765 0.7294118 0.73333335 0.62352943 0.6509804 0.69411767 0.6627451 0.6784314 0.7176471 0.73333335 0.7490196 0.69803923 0.63529414 0.5529412 0.5568628 0.52156866 0.54509807 0.5176471 0.5019608 0.54901963 0.6156863 0.6039216 0.6666667 0.69411767 0.74509805
0.77254903 0.74509805 0.69411767 0.627451 0.6509804 0.6901961 0.7882353 0.7254902 0.74509805 0.7607843 0.6039216 0.654902 0.6862745 0.6784314 0.6745098 0.69803923 0.7411765 0.7019608 0.627451 0.5882353 0.5294118 0.5568628 0.5137255 0.5058824 0.47058824 0.48235294 0.5294118 0.59607846 0.59607846 0.627451 0.63529414 0.70980394
0.7529412 0.7294118 0.6784314 0.60784316 0.62352943 0.6666667 0.7490196 0.7019608 0.74509805 0.7607843 0.6117647 0.69411767 0.6784314 0.7176471 0.7254902 0.7411765 0.78039217 0.6784314 0.60784316 0.5764706 0.5372549 0.53333336 0.50980395 0.47843137 0.4509804 0.47058824 0.5058824 0.5411765 0.6117647 0.61960787 0.6117647 0.7058824
0.7411765 0.7058824 0.6117647 0.5803922 0.5921569 0.6156863 0.72156864 0.69803923 0.7137255 0.7490196 0.6313726 0.7019608 0.6901961 0.73333335 0.7607843 0.76862746 0.7921569 0.68235296 0.6 0.5686275 0.5254902 0.5058824 0.49411765 0.4745098 0.44705883 0.43529412 0.47058824 0.52156866 0.58431375 0.5803922 0.60784316 0.72156864
0.69803923 0.6666667 0.54901963 0.54901963 0.58431375 0.5764706 0.68235296 0.69803923 0.68235296 0.7411765 0.6392157 0.69411767 0.7019608 0.7294118 0.73333335 0.7176471 0.7176471 0.6627451 0.59607846 0.5686275 0.5176471 0.49019608 0.5019608 0.4862745 0.47843137 0.44313726 0.45882353 0.49803922 0.54509807 0.5647059 0.6156863 0.7019608
0.6509804 0.65882355 0.5686275 0.5176471 0.5568628 0.5254902 0.6 0.6666667 0.654902 0.72156864 0.67058825 0.65882355 0.6745098 0.7176471 0.7058824 0.65882355 0.627451 0.60784316 0.58431375 0.59607846 0.5411765 0.48235294 0.5254902 0.50980395 0.49019608 0.47843137 0.4745098 0.49803922 0.5254902 0.57254905 0.6313726 0.69803923
0.6509804 0.6509804 0.54509807 0.4745098 0.5058824 0.5019608 0.54509807 0.6431373 0.62352943 0.6627451 0.67058825 0.62352943 0.6392157 0.6745098 0.67058825 0.63529414 0.6039216 0.5882353 0.5686275 0.60784316 0.59607846 0.49411765 0.5686275 0.5647059 0.49019608 0.50980395 0.49803922 0.5176471 0.5411765 0.6039216 0.6666667 0.72156864
0.6 0.6117647 0.50980395 0.4627451 0.49411765 0.5019608 0.5176471 0.61960787 0.6039216 0.61960787 0.6392157 0.5372549 0.50980395 0.50980395 0.52156866 0.4862745 0.45490196 0.4509804 0.44313726 0.5019608 0.6 0.5254902 0.5529412 0.5647059 0.5058824 0.5058824 0.5764706 0.5686275 0.5568628 0.57254905 0.6313726 0.65882355
0.5686275 0.6 0.5176471 0.5019608 0.52156866 0.53333336 0.5254902 0.58431375 0.6 0.60784316 0.59607846 0.39215687 0.35686275 0.41960785 0.5019608 0.41960785 0.38039216 0.35686275 0.38039216 0.44705883 0.53333336 0.57254905 0.53333336 0.5372549 0.50980395 0.5058824 0.5568628 0.54509807 0.5254902 0.5372549 0.53333336 0.48235294
0.5647059 0.58431375 0.5176471 0.5411765 0.5647059 0.58431375 0.5529412 0.5647059 0.59607846 0.6039216 0.6117647 0.45882353 0.4117647 0.5254902 0.6156863 0.46666667 0.38039216 0.35686275 0.33333334 0.38431373 0.49803922 0.5686275 0.49803922 0.5019608 0.5137255 0.49411765 0.4862745 0.4862745 0.49803922 0.49803922 0.44705883 0.40392157
0.54901963 0.5647059 0.52156866 0.5294118 0.56078434 0.5803922 0.5686275 0.5764706 0.5529412 0.5568628 0.6156863 0.5568628 0.52156866 0.5647059 0.61960787 0.61960787 0.53333336 0.47058824 0.4 0.38039216 0.4745098 0.5176471 0.47843137 0.47058824 0.47843137 0.4627451 0.47058824 0.5019608 0.52156866 0.5058824 0.44313726 0.39607844
0.5529412 0.56078434 0.54509807 0.53333336 0.5568628 0.5803922 0.56078434 0.5803922 0.53333336 0.5372549 0.54509807 0.40392157 0.34901962 0.36862746 0.44313726 0.46666667 0.4 0.34509805 0.43529412 0.40392157 0.49411765 0.5137255 0.4862745 0.47843137 0.4392157 0.4392157 0.45490196 0.47843137 0.49019608 0.47843137 0.4509804 0.43137255
0.49411765 0.54509807 0.5568628 0.54901963 0.5568628 0.57254905 0.54901963 0.56078434 0.5176471 0.5294118 0.5176471 0.39215687 0.3372549 0.3529412 0.4509804 0.46666667 0.36862746 0.2901961 0.44313726 0.40784314 0.4862745 0.49019608 0.4745098 0.46666667 0.43529412 0.43137255 0.49019608 0.53333336 0.5568628 0.53333336 0.5137255 0.5411765
0.42745098 0.47843137 0.5176471 0.53333336 0.5254902 0.5372549 0.5372549 0.5568628 0.49803922 0.47058824 0.49019608 0.4392157 0.36078432 0.39215687 0.44705883 0.45882353 0.37254903 0.3254902 0.42745098 0.39215687 0.43529412 0.4392157 0.4392157 0.42352942 0.39607844 0.4 0.52156866 0.5568628 0.5764706 0.56078434 0.54901963 0.5882353
0.40784314 0.43529412 0.44705883 0.47058824 0.5019608 0.5058824 0.5294118 0.5686275 0.56078434 0.63529414 0.6156863 0.6431373 0.59607846 0.5686275 0.5137255 0.49803922 0.40784314 0.38039216 0.38039216 0.3529412 0.45882353 0.4627451 0.46666667 0.42352942 0.40392157 0.41568628 0.5019608 0.40784314 0.38431373 0.4392157 0.5411765 0.59607846
0.38431373 0.41568628 0.42745098 0.4509804 0.49019608 0.47843137 0.5137255 0.5411765 0.5568628 0.62352943 0.59607846 0.59607846 0.627451 0.50980395 0.4392157 0.47058824 0.43137255 0.40392157 0.3372549 0.29411766 0.4745098 0.4862745 0.49411765 0.46666667 0.43529412 0.4392157 0.5254902 0.40392157 0.34117648 0.43529412 0.56078434 0.6
0.36078432 0.39215687 0.41568628 0.4392157 0.45490196 0.4392157 0.46666667 0.49411765 0.47058824 0.3764706 0.35686275 0.34509805 0.45882353 0.4627451 0.43137255 0.44705883 0.4392157 0.43137255 0.3372549 0.3019608 0.47058824 0.46666667 0.43529412 0.44313726 0.4392157 0.44705883 0.54901963 0.4392157 0.3529412 0.45490196 0.57254905 0.6117647
0.3647059 0.3764706 0.40784314 0.4392157 0.4392157 0.43529412 0.47058824 0.4862745 0.45490196 0.36862746 0.32941177 0.3137255 0.44313726 0.5019608 0.47843137 0.4627451 0.4509804 0.44705883 0.34117648 0.33333334 0.46666667 0.47058824 0.43529412 0.4392157 0.46666667 0.45490196 0.5411765 0.47058824 0.39607844 0.49019608 0.5529412 0.6
0.39607844 0.39607844 0.43137255 0.44705883 0.43137255 0.4392157 0.44705883 0.4862745 0.45882353 0.3764706 0.34117648 0.3254902 0.4509804 0.5019608 0.49803922 0.5137255 0.53333336 0.4862745 0.38431373 0.36078432 0.49019608 0.4862745 0.42352942 0.36862746 0.32941177 0.34117648 0.45882353 0.54509807 0.57254905 0.5686275 0.54509807 0.5764706
0.44313726 0.4392157 0.45490196 0.44313726 0.4862745 0.60784316 0.54901963 0.5686275 0.4745098 0.34901962 0.31764707 0.3137255 0.42745098 0.4745098 0.54901963 0.5254902 0.5372549 0.47058824 0.39607844 0.34117648 0.32156864 0.3137255 0.28235295 0.25882354 0.25882354 0.3137255 0.45490196 0.58431375 0.59607846 0.5568628 0.57254905 0.5882353
0.49803922 0.4627451 0.45882353 0.5529412 0.7058824 0.81960785 0.6509804 0.5176471 0.44313726 0.36862746 0.3882353 0.39215687 0.47058824 0.5019608 0.5294118 0.5019608 0.39607844 0.31764707 0.3137255 0.30980393 0.29803923 0.38431373 0.31764707 0.30588236 0.31764707 0.37254903 0.52156866 0.5686275 0.5764706 0.58431375 0.6313726 0.6666667
0.53333336 0.5137255 0.6117647 0.7764706 0.7882353 0.7764706 0.6313726 0.5411765 0.54509807 0.5411765 0.5058824 0.5764706 0.6156863 0.5921569 0.54509807 0.49411765 0.42352942 0.34509805 0.34509805 0.34901962 0.37254903 0.41568628 0.3137255 0.2901961 0.30980393 0.38039216 0.6039216 0.6745098 0.69411767 0.69411767 0.7019608 0.7254902
0.5568628 0.5647059 0.60784316 0.6509804 0.6 0.56078434 0.49803922 0.5254902 0.5647059 0.57254905 0.5529412 0.6039216 0.62352943 0.57254905 0.50980395 0.47843137 0.39215687 0.33333334 0.33333334 0.35686275 0.30588236 0.27058825 0.2627451 0.30588236 0.3019608 0.44313726 0.7137255 0.7411765 0.7372549 0.7137255 0.7019608 0.7058824
0.52156866 0.5137255 0.4509804 0.45882353 0.48235294 0.4862745 0.49803922 0.39215687 0.31764707 0.36078432 0.41960785 0.41960785 0.42745098 0.40784314 0.30980393 0.33333334 0.3764706 0.32156864 0.30588236 0.38039216 0.49019608 0.2627451 0.23529412 0.32941177 0.28627452 0.49411765 0.7137255 0.7019608 0.69803923 0.6784314 0.65882355 0.6627451
0.42745098 0.4392157 0.44313726 0.4627451 0.4862745 0.5058824 0.5058824 0.32941177 0.20392157 0.22352941 0.22745098 0.21568628 0.20784314 0.21960784 0.21176471 0.2901961 0.3764706 0.33333334 0.28627452 0.37254903 0.41960785 0.27450982 0.23529412 0.34509805 0.38039216 0.5176471 0.627451 0.6431373 0.6509804 0.63529414 0.6156863 0.6313726
0.3882353 0.4 0.40784314 0.42352942 0.44313726 0.44313726 0.4509804 0.3647059 0.24705882 0.2784314 0.30980393 0.16862746 0.24705882 0.34509805 0.30980393 0.29803923 0.36078432 0.3254902 0.2509804 0.3647059 0.35686275 0.36862746 0.40784314 0.48235294 0.5568628 0.57254905 0.5803922 0.59607846 0.6039216 0.60784316 0.60784316 0.61960787
0.3529412 0.38431373 0.38431373 0.39607844 0.43137255 0.45490196 0.5019608 0.49411765 0.30980393 0.31764707 0.43529412 0.23529412 0.2627451 0.3137255 0.27450982 0.25882354 0.32156864 0.33333334 0.3019608 0.42745098 0.5176471 0.5411765 0.59607846 0.60784316 0.58431375 0.59607846 0.6 0.6117647 0.61960787 0.6117647 0.6 0.6
0.36078432 0.41568628 0.44705883 0.5058824 0.58431375 0.62352943 0.63529414 0.6313726 0.5019608 0.44313726 0.46666667 0.40392157 0.3647059 0.34901962 0.3372549 0.3372549 0.38039216 0.49803922 0.54901963 0.57254905 0.5882353 0.58431375 0.62352943 0.6509804 0.627451 0.6313726 0.6509804 0.6392157 0.6313726 0.6 0.58431375 0.59607846
0.4745098 0.5647059 0.6313726 0.6862745 0.70980394 0.7019608 0.6901961 0.69411767 0.6901961 0.6627451 0.62352943 0.6039216 0.6117647 0.62352943 0.62352943 0.61960787 0.62352943 0.6392157 0.64705884 0.63529414 0.62352943 0.6313726 0.6509804 0.68235296 0.6745098 0.65882355 0.64705884 0.6313726 0.62352943 0.6039216 0.6117647 0.60784316
0.5921569 0.65882355 0.6666667 0.70980394 0.7254902 0.7137255 0.69411767 0.6901961 0.7176471 0.72156864 0.7019608 0.6901961 0.69803923 0.69803923 0.69411767 0.68235296 0.65882355 0.6431373 0.6627451 0.6901961 0.69411767 0.69803923 0.68235296 0.6862745 0.6784314 0.64705884 0.627451 0.62352943 0.63529414 0.63529414 0.59607846 0.5137255
0.58431375 0.627451 0.6313726 0.6745098 0.6784314 0.7137255 0.69803923 0.6901961 0.7019608 0.7058824 0.6745098 0.6627451 0.67058825 0.6627451 0.6627451 0.654902 0.64705884 0.6509804 0.6862745 0.7137255 0.7137255 0.7058824 0.67058825 0.654902 0.64705884 0.627451 0.61960787 0.6313726 0.6156863 0.53333336 0.44705883 0.39607844
0.6431373 0.64705884 0.57254905 0.5568628 0.54901963 0.59607846 0.6313726 0.61960787 0.60784316 0.62352943 0.5568628 0.5686275 0.63529414 0.5764706 0.6117647 0.654902 0.6509804 0.67058825 0.6666667 0.5921569 0.5176471 0.5137255 0.4745098 0.49411765 0.4862745 0.48235294 0.53333336 0.56078434 0.58431375 0.6509804 0.65882355 0.6627451
0.7490196 0.7372549 0.68235296 0.6392157 0.64705884 0.6901961 0.77254903 0.74509805 0.7294118 0.73333335 0.62352943 0.654902 0.7019608 0.67058825 0.6862745 0.7254902 0.7411765 0.75686276 0.7058824 0.6431373 0.56078434 0.5647059 0.5294118 0.5529412 0.5372549 0.5411765 0.5882353 0.6509804 0.6313726 0.69803923 0.7176471 0.7529412
0.78039217 0.7529412 0.7019608 0.63529414 0.65882355 0.7019608 0.79607844 0.7294118 0.7490196 0.7647059 0.60784316 0.6627451 0.69803923 0.6862745 0.6862745 0.7058824 0.7490196 0.70980394 0.63529414 0.59607846 0.5372549 0.5686275 0.52156866 0.5176471 0.49019608 0.52156866 0.5686275 0.627451 0.62352943 0.654902 0.654902 0.7176471
0.7607843 0.7372549 0.6862745 0.6156863 0.63529414 0.6784314 0.7607843 0.70980394 0.7529412 0.7647059 0.6156863 0.7019608 0.6901961 0.7294118 0.7372549 0.7529412 0.7882353 0.6862745 0.6156863 0.58431375 0.54901963 0.54509807 0.52156866 0.49019608 0.4745098 0.50980395 0.54509807 0.57254905 0.6392157 0.64705884 0.6313726 0.7137255
0.7490196 0.7137255 0.61960787 0.5921569 0.6039216 0.6313726 0.73333335 0.70980394 0.72156864 0.75686276 0.6392157 0.70980394 0.7019608 0.7490196 0.7764706 0.78431374 0.8039216 0.69411767 0.6117647 0.5803922 0.5372549 0.5176471 0.5058824 0.4862745 0.47058824 0.4745098 0.5058824 0.5529412 0.6156863 0.6117647 0.6313726 0.7254902
0.7019608 0.67058825 0.5568628 0.5568628 0.5921569 0.58431375 0.6901961 0.70980394 0.6901961 0.74509805 0.63529414 0.6901961 0.70980394 0.7411765 0.74509805 0.72156864 0.7254902 0.6745098 0.60784316 0.5803922 0.5254902 0.49411765 0.50980395 0.49019608 0.49411765 0.4745098 0.49019608 0.5254902 0.57254905 0.59607846 0.63529414 0.7019608
0.6509804 0.6627451 0.57254905 0.52156866 0.56078434 0.5294118 0.6039216 0.6745098 0.6627451 0.7176471 0.6509804 0.63529414 0.6666667 0.7176471 0.7058824 0.654902 0.6313726 0.61960787 0.6 0.60784316 0.54901963 0.4862745 0.5294118 0.50980395 0.5019608 0.5019608 0.49803922 0.52156866 0.5529412 0.6039216 0.64705884 0.6901961
0.6509804 0.654902 0.54901963 0.47843137 0.50980395 0.5058824 0.54509807 0.6509804 0.63529414 0.6627451 0.65882355 0.60784316 0.63529414 0.6745098 0.67058825 0.63529414 0.61960787 0.6156863 0.59607846 0.63529414 0.60784316 0.49803922 0.57254905 0.5686275 0.5019608 0.53333336 0.5176471 0.5372549 0.56078434 0.62352943 0.67058825 0.7137255
0.6 0.6156863 0.5137255 0.46666667 0.49803922 0.5058824 0.5254902 0.62352943 0.6039216 0.61960787 0.6313726 0.5294118 0.52156866 0.50980395 0.52156866 0.49803922 0.4862745 0.49411765 0.4862745 0.5411765 0.61960787 0.5372549 0.5647059 0.5764706 0.5254902 0.53333336 0.5921569 0.5803922 0.5647059 0.5803922 0.6313726 0.654902
0.5686275 0.6039216 0.52156866 0.5058824 0.5254902 0.5372549 0.5294118 0.5803922 0.5803922 0.6 0.5882353 0.39215687 0.38039216 0.42352942 0.5019608 0.44705883 0.41960785 0.4 0.42352942 0.4862745 0.5568628 0.5882353 0.54901963 0.5568628 0.53333336 0.53333336 0.57254905 0.54509807 0.5176471 0.53333336 0.5294118 0.48235294
0.5647059 0.5882353 0.52156866 0.54509807 0.5686275 0.5882353 0.5568628 0.5529412 0.5686275 0.5921569 0.60784316 0.4627451 0.44705883 0.5254902 0.6156863 0.5058824 0.41960785 0.39215687 0.36862746 0.4117647 0.5176471 0.5803922 0.5137255 0.5254902 0.5411765 0.5254902 0.5019608 0.48235294 0.47843137 0.47843137 0.4392157 0.40392157
0.54901963 0.5647059 0.5254902 0.53333336 0.5647059 0.58431375 0.57254905 0.5686275 0.53333336 0.54901963 0.61960787 0.5764706 0.5686275 0.57254905 0.627451 0.6627451 0.5647059 0.49019608 0.41960785 0.39607844 0.49019608 0.5372549 0.5019608 0.49803922 0.50980395 0.49411765 0.47843137 0.49019608 0.49411765 0.48235294 0.43137255 0.39607844
0.54901963 0.56078434 0.54509807 0.53333336 0.5568628 0.5803922 0.56078434 0.5921569 0.54901963 0.52156866 0.5529412 0.45882353 0.41568628 0.43137255 0.5019608 0.52156866 0.44313726 0.3647059 0.4392157 0.42352942 0.53333336 0.56078434 0.5372549 0.5294118 0.4862745 0.4745098 0.47058824 0.47058824 0.47058824 0.47843137 0.44705883 0.42745098
0.49411765 0.54901963 0.5568628 0.5529412 0.5568628 0.57254905 0.54509807 0.57254905 0.5254902 0.49019608 0.5058824 0.43529412 0.40392157 0.44313726 0.5411765 0.5372549 0.43137255 0.32941177 0.46666667 0.4509804 0.5411765 0.54509807 0.53333336 0.5294118 0.49019608 0.47843137 0.5176471 0.5411765 0.56078434 0.54509807 0.5176471 0.53333336
0.43137255 0.48235294 0.5254902 0.5372549 0.5254902 0.5372549 0.5372549 0.5529412 0.47058824 0.41960785 0.45882353 0.45490196 0.42352942 0.47843137 0.54509807 0.54901963 0.4509804 0.39215687 0.49019608 0.45882353 0.49411765 0.49019608 0.49019608 0.47843137 0.45490196 0.45490196 0.5647059 0.5882353 0.59607846 0.5764706 0.5568628 0.58431375
0.4117647 0.44313726 0.45490196 0.47843137 0.5058824 0.5058824 0.53333336 0.56078434 0.5294118 0.5921569 0.5882353 0.6509804 0.6627451 0.654902 0.6039216 0.58431375 0.4862745 0.4627451 0.4627451 0.43529412 0.5137255 0.5058824 0.50980395 0.47058824 0.45490196 0.46666667 0.54901963 0.4509804 0.41960785 0.4627451 0.54901963 0.59607846
0.39215687 0.42352942 0.4392157 0.45490196 0.49411765 0.48235294 0.5176471 0.53333336 0.5411765 0.60784316 0.5882353 0.60784316 0.6862745 0.58431375 0.5137255 0.54901963 0.49803922 0.48235294 0.42745098 0.37254903 0.52156866 0.52156866 0.5294118 0.50980395 0.4745098 0.4745098 0.56078434 0.44313726 0.38039216 0.46666667 0.5764706 0.60784316
0.36862746 0.4 0.42745098 0.44705883 0.45882353 0.44313726 0.47058824 0.49411765 0.47058824 0.39215687 0.3764706 0.36862746 0.49803922 0.5176471 0.49803922 0.52156866 0.49803922 0.5137255 0.43137255 0.38039216 0.5176471 0.5019608 0.4745098 0.4862745 0.47058824 0.4627451 0.5647059 0.45882353 0.38431373 0.49411765 0.59607846 0.62352943
0.36078432 0.37254903 0.40784314 0.44313726 0.44313726 0.44313726 0.48235294 0.49803922 0.47058824 0.4 0.36078432 0.34509805 0.4862745 0.54509807 0.5372549 0.5254902 0.50980395 0.5176471 0.42352942 0.40392157 0.5058824 0.49411765 0.4627451 0.47058824 0.49019608 0.4627451 0.54509807 0.4745098 0.40784314 0.50980395 0.5647059 0.6039216
0.38039216 0.38431373 0.41960785 0.44313726 0.43529412 0.4509804 0.4627451 0.5058824 0.48235294 0.40784314 0.37254903 0.36078432 0.5019608 0.5372549 0.53333336 0.5568628 0.5803922 0.5372549 0.4392157 0.41960785 0.52156866 0.49803922 0.43137255 0.38431373 0.34509805 0.3529412 0.4627451 0.5411765 0.56078434 0.5647059 0.5411765 0.5686275
0.42745098 0.42745098 0.44313726 0.43529412 0.48235294 0.6117647 0.5568628 0.5803922 0.49411765 0.37254903 0.34117648 0.3372549 0.45882353 0.49019608 0.5647059 0.54509807 0.56078434 0.5019608 0.42745098 0.3764706 0.34117648 0.32156864 0.29411766 0.27058825 0.27450982 0.33333334 0.45882353 0.5803922 0.5882353 0.5568628 0.57254905 0.58431375
0.48235294 0.4509804 0.4509804 0.5411765 0.69411767 0.8156863 0.654902 0.52156866 0.45490196 0.38039216 0.4 0.40392157 0.47843137 0.49803922 0.5294118 0.5019608 0.4 0.3254902 0.3254902 0.32156864 0.30588236 0.39215687 0.32941177 0.31764707 0.3372549 0.39215687 0.5294118 0.5647059 0.5647059 0.58431375 0.6313726 0.6627451
0.5294118 0.50980395 0.6117647 0.7647059 0.77254903 0.77254903 0.627451 0.5372549 0.54509807 0.54509807 0.50980395 0.5803922 0.6117647 0.5803922 0.5411765 0.4862745 0.41568628 0.34117648 0.34509805 0.34509805 0.3764706 0.42352942 0.3254902 0.30588236 0.3254902 0.4 0.6117647 0.6745098 0.68235296 0.69411767 0.7019608 0.72156864
0.5568628 0.5686275 0.6156863 0.6392157 0.5764706 0.54901963 0.49411765 0.52156866 0.56078434 0.5686275 0.5529412 0.6039216 0.62352943 0.57254905 0.5176471 0.48235294 0.39215687 0.33333334 0.33333334 0.35686275 0.3137255 0.28235295 0.27450982 0.32156864 0.32156864 0.4627451 0.7176471 0.7372549 0.7254902 0.7137255 0.69803923 0.7019608
0.5294118 0.52156866 0.4627451 0.4509804 0.4627451 0.4745098 0.49019608 0.3882353 0.3137255 0.3529412 0.41568628 0.41960785 0.43529412 0.41960785 0.32941177 0.34509805 0.38431373 0.32941177 0.3137255 0.3882353 0.49803922 0.27450982 0.24705882 0.34509805 0.3019608 0.5058824 0.7176471 0.69411767 0.68235296 0.6745098 0.6509804 0.6509804
0.43137255 0.44705883 0.45490196 0.4627451 0.47843137 0.5019608 0.5019608 0.3254902 0.2 0.22352941 0.23529412 0.22745098 0.21568628 0.22352941 0.21960784 0.29803923 0.38039216 0.34117648 0.2901961 0.3764706 0.42745098 0.2784314 0.24313726 0.3529412 0.39215687 0.53333336 0.6313726 0.63529414 0.6392157 0.62352943 0.6 0.6156863
0.39215687 0.40784314 0.41568628 0.42745098 0.44313726 0.4392157 0.44705883 0.35686275 0.23921569 0.2784314 0.32156864 0.18431373 0.25882354 0.35686275 0.32156864 0.30980393 0.3647059 0.33333334 0.25490198 0.36862746 0.36078432 0.37254903 0.4117647 0.4862745 0.5647059 0.58431375 0.58431375 0.5882353 0.5921569 0.6039216 0.6 0.6156863
0.35686275 0.3882353 0.39215687 0.39607844 0.43137255 0.4509804 0.49803922 0.48235294 0.29803923 0.3137255 0.44313726 0.2509804 0.28627452 0.3372549 0.29411766 0.28235295 0.32941177 0.3372549 0.30980393 0.43529412 0.52156866 0.54509807 0.6 0.6117647 0.5921569 0.60784316 0.6039216 0.6039216 0.60784316 0.6156863 0.6039216 0.6
0.36078432 0.41960785 0.4509804 0.50980395 0.58431375 0.62352943 0.6313726 0.61960787 0.48235294 0.43529412 0.46666667 0.4117647 0.38431373 0.36862746 0.35686275 0.35686275 0.3882353 0.5019608 0.5529412 0.5764706 0.5882353 0.58431375 0.62352943 0.6509804 0.63529414 0.6431373 0.6509804 0.6313726 0.61960787 0.6039216 0.5882353 0.6
0.4745098 0.5686275 0.63529414 0.6862745 0.70980394 0.69803923 0.6862745 0.68235296 0.6666667 0.6431373 0.6156863 0.60784316 0.6156863 0.62352943 0.62352943 0.61960787 0.62352943 0.6392157 0.6509804 0.63529414 0.62352943 0.6313726 0.6509804 0.68235296 0.68235296 0.67058825 0.6509804 0.62352943 0.60784316 0.59607846 0.60784316 0.6039216
0.5921569 0.65882355 0.67058825 0.70980394 0.7254902 0.7137255 0.6901961 0.67058825 0.68235296 0.69803923 0.6901961 0.68235296 0.68235296 0.6784314 0.6745098 0.6627451 0.6509804 0.6431373 0.6627451 0.6901961 0.69411767 0.69803923 0.68235296 0.6862745 0.68235296 0.65882355 0.627451 0.61960787 0.61960787 0.60784316 0.5764706 0.49411765
0.58431375 0.627451 0.6313726 0.6666667 0.6666667 0.69803923 0.68235296 0.67058825 0.6745098 0.6862745 0.6666667 0.65882355 0.654902 0.6509804 0.64705884 0.6431373 0.6431373 0.64705884 0.68235296 0.7137255 0.7137255 0.7058824 0.67058825 0.654902 0.6509804 0.63529414 0.61960787 0.627451 0.6039216 0.5176471 0.43529412 0.38431373
0.6392157 0.6431373 0.5686275 0.5647059 0.5647059 0.6117647 0.64705884 0.6313726 0.6117647 0.627451 0.56078434 0.57254905 0.6392157 0.5803922 0.6156863 0.65882355 0.6509804 0.67058825 0.6627451 0.5921569 0.50980395 0.5019608 0.4627451 0.48235294 0.4627451 0.44705883 0.5137255 0.5647059 0.59607846 0.6509804 0.67058825 0.6666667
0.74509805 0.73333335 0.6784314 0.6392157 0.64705884 0.69411767 0.7764706 0.74509805 0.7254902 0.7294118 0.6156863 0.64705884 0.69411767 0.6627451 0.6784314 0.7137255 0.73333335 0.7490196 0.69803923 0.63529414 0.54901963 0.5529412 0.5176471 0.5372549 0.50980395 0.5058824 0.5686275 0.654902 0.6509804 0.7137255 0.7490196 0.78039217
0.7764706 0.7490196 0.69803923 0.627451 0.6431373 0.6862745 0.78431374 0.7137255 0.7294118 0.7411765 0.58431375 0.6392157 0.67058825 0.6627451 0.65882355 0.68235296 0.73333335 0.69411767 0.61960787 0.5803922 0.5176471 0.5411765 0.49803922 0.49411765 0.45882353 0.4862745 0.54901963 0.6313726 0.6431373 0.6862745 0.7019608 0.75686276
0.75686276 0.73333335 0.68235296 0.6 0.60784316 0.654902 0.73333335 0.68235296 0.7137255 0.7294118 0.5803922 0.6627451 0.6509804 0.6901961 0.69803923 0.7137255 0.7647059 0.6666667 0.5921569 0.5647059 0.52156866 0.5137255 0.4862745 0.45882353 0.43529412 0.4745098 0.5254902 0.5764706 0.65882355 0.6784314 0.6784314 0.7529412
0.74509805 0.70980394 0.6156863 0.5686275 0.5686275 0.5921569 0.69803923 0.6666667 0.6745098 0.7058824 0.5921569 0.6627451 0.6509804 0.69411767 0.72156864 0.73333335 0.77254903 0.67058825 0.58431375 0.5529412 0.5058824 0.48235294 0.47058824 0.4509804 0.43137255 0.4392157 0.49019608 0.5568628 0.6313726 0.6313726 0.6666667 0.75686276
0.69803923 0.6627451 0.54509807 0.5254902 0.5529412 0.54901963 0.654902 0.67058825 0.654902 0.7176471 0.6156863 0.6666667 0.6745098 0.70980394 0.7137255 0.6901961 0.7019608 0.6392157 0.5686275 0.5411765 0.49019608 0.4627451 0.47843137 0.4627451 0.45882353 0.43529412 0.4745098 0.5372549 0.59607846 0.6117647 0.68235296 0.74509805
0.64705884 0.64705884 0.5529412 0.49411765 0.5294118 0.49803922 0.57254905 0.63529414 0.627451 0.7019608 0.6509804 0.6313726 0.65882355 0.72156864 0.7058824 0.6509804 0.627451 0.5882353 0.54509807 0.56078434 0.5137255 0.45882353 0.5019608 0.49019608 0.46666667 0.45490196 0.47843137 0.53333336 0.57254905 0.61960787 0.70980394 0.7529412
0.6509804 0.6392157 0.5254902 0.4509804 0.4745098 0.4745098 0.5176471 0.60784316 0.57254905 0.6117647 0.62352943 0.5882353 0.63529414 0.6784314 0.67058825 0.6392157 0.6313726 0.6039216 0.5647059 0.6117647 0.58431375 0.46666667 0.5411765 0.5411765 0.46666667 0.49019608 0.49411765 0.53333336 0.5686275 0.627451 0.72156864 0.76862746
0.6 0.59607846 0.49019608 0.4392157 0.46666667 0.4745098 0.49019608 0.5882353 0.5686275 0.5764706 0.6039216 0.5294118 0.5254902 0.5019608 0.5137255 0.5058824 0.5137255 0.5019608 0.47843137 0.5529412 0.6156863 0.5058824 0.5294118 0.5372549 0.48235294 0.49411765 0.56078434 0.5568628 0.54509807 0.5647059 0.654902 0.68235296
0.5686275 0.5882353 0.5019608 0.4745098 0.49411765 0.5058824 0.49803922 0.57254905 0.59607846 0.5921569 0.6039216 0.43529412 0.3882353 0.40392157 0.4862745 0.45490196 0.4509804 0.41960785 0.4392157 0.5294118 0.5803922 0.58431375 0.5294118 0.52156866 0.49411765 0.49803922 0.53333336 0.5019608 0.4745098 0.49803922 0.52156866 0.4862745
0.56078434 0.57254905 0.49803922 0.5176471 0.5372549 0.5568628 0.52156866 0.5568628 0.59607846 0.5803922 0.61960787 0.52156866 0.45882353 0.5019608 0.5921569 0.50980395 0.4509804 0.41568628 0.39607844 0.47058824 0.5686275 0.60784316 0.52156866 0.5058824 0.5137255 0.49019608 0.4509804 0.41568628 0.40784314 0.42745098 0.39607844 0.38039216
0.54901963 0.5529412 0.5058824 0.5058824 0.53333336 0.5529412 0.5372549 0.5568628 0.5176471 0.49803922 0.5921569 0.6039216 0.57254905 0.54509807 0.6 0.67058825 0.59607846 0.5137255 0.4509804 0.46666667 0.5647059 0.5921569 0.5294118 0.49803922 0.49803922 0.47058824 0.43529412 0.41960785 0.41568628 0.41960785 0.38039216 0.3647059
0.5686275 0.5647059 0.5372549 0.50980395 0.5254902 0.54509807 0.5254902 0.5411765 0.4745098 0.47058824 0.5294118 0.4509804 0.40784314 0.41568628 0.4862745 0.5254902 0.46666667 0.39215687 0.49019608 0.52156866 0.6392157 0.6431373 0.59607846 0.5686275 0.5176471 0.49803922 0.4745098 0.44313726 0.42745098 0.43529412 0.42352942 0.4117647
0.5019608 0.54509807 0.54509807 0.52156866 0.5176471 0.53333336 0.50980395 0.53333336 0.5019608 0.5137255 0.54901963 0.49019608 0.4745098 0.49411765 0.5568628 0.53333336 0.44313726 0.34901962 0.5058824 0.5294118 0.64705884 0.64705884 0.6117647 0.58431375 0.5411765 0.5176471 0.5411765 0.53333336 0.53333336 0.5254902 0.52156866 0.5411765
0.40784314 0.4509804 0.48235294 0.49019608 0.48235294 0.49411765 0.49019608 0.5411765 0.5254902 0.5019608 0.5647059 0.5686275 0.5529412 0.6117647 0.6392157 0.5882353 0.48235294 0.43137255 0.5372549 0.5294118 0.59607846 0.59607846 0.57254905 0.5411765 0.49803922 0.4862745 0.5764706 0.5764706 0.57254905 0.57254905 0.5764706 0.60784316
0.36862746 0.3882353 0.39607844 0.41960785 0.45490196 0.45490196 0.48235294 0.54509807 0.57254905 0.654902 0.67058825 0.7294118 0.7411765 0.8156863 0.79607844 0.73333335 0.6 0.5686275 0.5686275 0.5411765 0.61960787 0.6039216 0.5882353 0.5294118 0.49411765 0.49411765 0.5568628 0.44313726 0.40392157 0.47058824 0.5882353 0.63529414
0.34117648 0.36862746 0.37254903 0.39215687 0.4392157 0.42745098 0.4627451 0.49411765 0.5294118 0.60784316 0.6 0.60784316 0.6862745 0.7411765 0.75686276 0.75686276 0.6627451 0.6431373 0.57254905 0.49411765 0.6156863 0.6 0.5882353 0.54901963 0.5019608 0.49411765 0.57254905 0.4392157 0.36862746 0.47058824 0.60784316 0.6431373
0.3254902 0.34901962 0.3647059 0.38431373 0.4 0.38431373 0.4117647 0.44313726 0.43529412 0.35686275 0.34901962 0.33333334 0.49411765 0.6745098 0.72156864 0.6745098 0.63529414 0.65882355 0.5529412 0.45490196 0.57254905 0.5529412 0.50980395 0.49803922 0.48235294 0.48235294 0.5803922 0.47058824 0.38039216 0.4862745 0.6156863 0.64705884
0.32156864 0.32156864 0.34117648 0.38039216 0.38039216 0.38039216 0.43137255 0.46666667 0.4392157 0.34901962 0.31764707 0.30980393 0.5019608 0.70980394 0.7176471 0.63529414 0.60784316 0.6156863 0.49411765 0.43529412 0.5294118 0.5137255 0.46666667 0.45882353 0.48235294 0.47058824 0.5568628 0.48235294 0.40784314 0.5019608 0.57254905 0.61960787
0.34901962 0.32941177 0.34901962 0.38039216 0.3764706 0.39607844 0.4392157 0.5058824 0.46666667 0.35686275 0.32156864 0.32156864 0.5137255 0.6901961 0.6862745 0.6745098 0.67058825 0.6039216 0.4745098 0.43137255 0.52156866 0.49019608 0.41568628 0.3529412 0.32156864 0.34117648 0.4509804 0.53333336 0.5529412 0.5529412 0.5372549 0.5764706
0.4117647 0.39215687 0.3882353 0.3882353 0.4392157 0.5686275 0.54509807 0.59607846 0.49803922 0.34509805 0.3137255 0.3137255 0.4745098 0.61960787 0.68235296 0.6431373 0.627451 0.5411765 0.44705883 0.37254903 0.33333334 0.30588236 0.27058825 0.23529412 0.23921569 0.3019608 0.43529412 0.56078434 0.5647059 0.53333336 0.5529412 0.5764706
0.4862745 0.43137255 0.41568628 0.5058824 0.654902 0.78039217 0.64705884 0.54901963 0.47843137 0.3882353 0.4 0.39607844 0.49411765 0.58431375 0.5882353 0.56078434 0.43529412 0.33333334 0.32156864 0.30588236 0.2901961 0.37254903 0.29803923 0.2784314 0.2901961 0.34901962 0.49019608 0.5294118 0.53333336 0.54901963 0.6 0.64705884
0.53333336 0.49411765 0.5764706 0.7254902 0.7294118 0.7254902 0.6156863 0.5568628 0.5764706 0.5686275 0.52156866 0.57254905 0.62352943 0.62352943 0.5411765 0.5019608 0.42352942 0.32941177 0.32941177 0.3254902 0.3529412 0.39607844 0.2901961 0.25490198 0.2784314 0.36078432 0.5764706 0.6431373 0.654902 0.65882355 0.6745098 0.7058824
0.5568628 0.5411765 0.57254905 0.58431375 0.5137255 0.4862745 0.4627451 0.5254902 0.5803922 0.6 0.5647059 0.5882353 0.627451 0.5647059 0.4509804 0.4509804 0.38039216 0.30980393 0.3137255 0.3372549 0.28627452 0.24705882 0.23137255 0.2627451 0.27450982 0.43529412 0.69411767 0.7176471 0.7058824 0.6901961 0.68235296 0.69803923
0.50980395 0.4862745 0.4117647 0.38431373 0.38431373 0.4 0.44705883 0.37254903 0.32156864 0.38039216 0.41960785 0.39607844 0.42745098 0.3764706 0.22745098 0.2901961 0.36078432 0.30588236 0.29411766 0.37254903 0.4745098 0.23921569 0.2 0.28627452 0.2627451 0.49411765 0.70980394 0.6901961 0.6784314 0.6666667 0.654902 0.6666667
0.40784314 0.40392157 0.40392157 0.40784314 0.42745098 0.4627451 0.4745098 0.30980393 0.1882353 0.21568628 0.21960784 0.20392157 0.19607843 0.2 0.1764706 0.26666668 0.36078432 0.31764707 0.27058825 0.36078432 0.40392157 0.2509804 0.21176471 0.31764707 0.36862746 0.5254902 0.6313726 0.63529414 0.6392157 0.62352943 0.627451 0.63529414
0.3647059 0.37254903 0.36862746 0.38039216 0.40784314 0.4117647 0.43137255 0.34509805 0.22352941 0.2627451 0.3019608 0.16078432 0.23921569 0.3372549 0.3019608 0.28627452 0.3372549 0.3019608 0.22745098 0.34117648 0.3372549 0.3529412 0.39215687 0.4627451 0.54901963 0.5803922 0.5803922 0.5921569 0.59607846 0.6156863 0.6313726 0.63529414
0.3372549 0.36078432 0.3529412 0.3529412 0.39215687 0.42352942 0.48235294 0.47058824 0.28235295 0.29803923 0.42352942 0.22745098 0.2627451 0.30980393 0.27058825 0.25490198 0.29411766 0.29803923 0.26666668 0.39215687 0.49803922 0.5254902 0.5764706 0.5921569 0.5764706 0.6039216 0.6039216 0.60784316 0.6156863 0.6313726 0.627451 0.6156863
0.34901962 0.39607844 0.41960785 0.46666667 0.54509807 0.59607846 0.6156863 0.6039216 0.47058824 0.41960785 0.44705883 0.39215687 0.36078432 0.34509805 0.33333334 0.33333334 0.35686275 0.46666667 0.5176471 0.54509807 0.5686275 0.57254905 0.6117647 0.6392157 0.62352943 0.6392157 0.6509804 0.6313726 0.627451 0.61960787 0.59607846 0.59607846
0.47058824 0.54901963 0.6117647 0.6509804 0.67058825 0.67058825 0.67058825 0.6666667 0.654902 0.6313726 0.6 0.5882353 0.59607846 0.60784316 0.60784316 0.6039216 0.60784316 0.62352943 0.6313726 0.61960787 0.6156863 0.627451 0.6509804 0.6784314 0.6784314 0.6666667 0.6509804 0.627451 0.6156863 0.6 0.58431375 0.57254905
0.5921569 0.6509804 0.6509804 0.6745098 0.6862745 0.6862745 0.6745098 0.6627451 0.6745098 0.6862745 0.6784314 0.67058825 0.67058825 0.6666667 0.6627451 0.654902 0.6509804 0.6431373 0.6666667 0.69411767 0.69411767 0.69803923 0.6862745 0.6862745 0.68235296 0.654902 0.627451 0.61960787 0.62352943 0.6 0.5294118 0.43529412
0.58431375 0.62352943 0.61960787 0.64705884 0.64705884 0.6862745 0.6745098 0.65882355 0.6666667 0.6784314 0.65882355 0.654902 0.6509804 0.6431373 0.6431373 0.6392157 0.6509804 0.65882355 0.6901961 0.72156864 0.7176471 0.7058824 0.6745098 0.65882355 0.654902 0.6392157 0.61960787 0.627451 0.6 0.49411765 0.38039216 0.32941177
6 0 0
