32, 32, 3, 50
0.30588236 0.3019608 0.30588236 0.3137255 0.32156864 0.32156864 0.33333334 0.32941177 0.32156864 0.3254902 0.32941177 0.3254902 0.3254902 0.32156864 0.31764707 0.31764707 0.32156864 0.32941177 0.33333334 0.33333334 0.3372549 0.33333334 0.32941177 0.3254902 0.3254902 0.3254902 0.32941177 0.32941177 0.32941177 0.33333334 0.33333334 0.33333334
0.3254902 0.3254902 0.33333334 0.3372549 0.3372549 0.34117648 0.3529412 0.34901962 0.34117648 0.34509805 0.34901962 0.34509805 0.34509805 0.34509805 0.34509805 0.34509805 0.34901962 0.3529412 0.35686275 0.35686275 0.36078432 0.36078432 0.35686275 0.3529412 0.3529412 0.3529412 0.3529412 0.3529412 0.3529412 0.34901962 0.34901962 0.34901962
0.35686275 0.35686275 0.35686275 0.35686275 0.36078432 0.36862746 0.3764706 0.38431373 0.3882353 0.3882353 0.38039216 0.38039216 0.38431373 0.3882353 0.3882353 0.3882353 0.39215687 0.39607844 0.39607844 0.39215687 0.39607844 0.39215687 0.3882353 0.3882353 0.3882353 0.38431373 0.3882353 0.39215687 0.3882353 0.38039216 0.38039216 0.3764706
0.39215687 0.39215687 0.39215687 0.39607844 0.4 0.40392157 0.40392157 0.41568628 0.42352942 0.41960785 0.41960785 0.41568628 0.4117647 0.41960785 0.41960785 0.41960785 0.42352942 0.43137255 0.43137255 0.42745098 0.43137255 0.42745098 0.42352942 0.41960785 0.41960785 0.41960785 0.42352942 0.42745098 0.42352942 0.4117647 0.40784314 0.40392157
0.43137255 0.43529412 0.4392157 0.44313726 0.44705883 0.4509804 0.44705883 0.45882353 0.4627451 0.4627451 0.4627451 0.45882353 0.45490196 0.45882353 0.45882353 0.45882353 0.4627451 0.46666667 0.46666667 0.46666667 0.47058824 0.47058824 0.46666667 0.46666667 0.46666667 0.46666667 0.46666667 0.47058824 0.46666667 0.45490196 0.45490196 0.4509804
0.4862745 0.4862745 0.49411765 0.5019608 0.5058824 0.50980395 0.50980395 0.5137255 0.5137255 0.5137255 0.5137255 0.5176471 0.5176471 0.5137255 0.50980395 0.50980395 0.5176471 0.5176471 0.5176471 0.52156866 0.5176471 0.5137255 0.5137255 0.5137255 0.5137255 0.5137255 0.5137255 0.5137255 0.5176471 0.5176471 0.5176471 0.5137255
0.54509807 0.5411765 0.5529412 0.56078434 0.56078434 0.5647059 0.5647059 0.5647059 0.5647059 0.5647059 0.5647059 0.5647059 0.56078434 0.56078434 0.5529412 0.5568628 0.5647059 0.5686275 0.5647059 0.56078434 0.5529412 0.54901963 0.5529412 0.5529412 0.5529412 0.54901963 0.5411765 0.54509807 0.54901963 0.5529412 0.54901963 0.54901963
0.5882353 0.5803922 0.5882353 0.59607846 0.59607846 0.6 0.6 0.6039216 0.6039216 0.6039216 0.6039216 0.59607846 0.5882353 0.58431375 0.5764706 0.57254905 0.5803922 0.58431375 0.57254905 0.5686275 0.5568628 0.56078434 0.5647059 0.5529412 0.54509807 0.54509807 0.56078434 0.5529412 0.5411765 0.53333336 0.54509807 0.5529412
0.60784316 0.5921569 0.57254905 0.6 0.62352943 0.6039216 0.59607846 0.6039216 0.6156863 0.6156863 0.6156863 0.60784316 0.60784316 0.60784316 0.60784316 0.6 0.60784316 0.6039216 0.6117647 0.5803922 0.5764706 0.5882353 0.5647059 0.5372549 0.54901963 0.56078434 0.5529412 0.5411765 0.6 0.54901963 0.5686275 0.58431375
0.5764706 0.56078434 0.5686275 0.5921569 0.627451 0.627451 0.5921569 0.6117647 0.63529414 0.62352943 0.6039216 0.5764706 0.5803922 0.58431375 0.6156863 0.6117647 0.59607846 0.59607846 0.59607846 0.5647059 0.6 0.5764706 0.56078434 0.54509807 0.5529412 0.5764706 0.5764706 0.54509807 0.56078434 0.5568628 0.6 0.5411765
0.5803922 0.56078434 0.54901963 0.54509807 0.5921569 0.6117647 0.5529412 0.58431375 0.5803922 0.5568628 0.5137255 0.5411765 0.43529412 0.3529412 0.49803922 0.56078434 0.56078434 0.5254902 0.5686275 0.5803922 0.58431375 0.5647059 0.54901963 0.54509807 0.5568628 0.5803922 0.5686275 0.5058824 0.50980395 0.5882353 0.627451 0.5647059
0.4862745 0.47058824 0.47843137 0.5058824 0.54901963 0.56078434 0.5372549 0.5372549 0.5411765 0.5294118 0.5058824 0.5647059 0.26666668 0.17254902 0.37254903 0.56078434 0.5686275 0.54509807 0.5921569 0.5529412 0.50980395 0.5176471 0.50980395 0.5254902 0.5764706 0.6117647 0.58431375 0.5921569 0.60784316 0.5882353 0.5568628 0.53333336
0.54901963 0.5686275 0.57254905 0.5803922 0.5568628 0.50980395 0.4862745 0.5058824 0.4862745 0.45490196 0.4509804 0.5254902 0.2 0.12941177 0.27450982 0.44313726 0.5176471 0.54901963 0.56078434 0.49803922 0.5254902 0.6 0.6156863 0.6039216 0.6039216 0.5882353 0.5647059 0.54509807 0.50980395 0.5137255 0.5647059 0.50980395
0.5294118 0.5058824 0.4745098 0.44313726 0.41960785 0.41960785 0.43137255 0.4117647 0.39607844 0.4 0.43137255 0.5019608 0.18431373 0.07450981 0.19215687 0.44313726 0.6313726 0.6313726 0.627451 0.5372549 0.5294118 0.59607846 0.6039216 0.5254902 0.4745098 0.44705883 0.43529412 0.43137255 0.44313726 0.4627451 0.5568628 0.56078434
0.43529412 0.45490196 0.5058824 0.49803922 0.50980395 0.5921569 0.5686275 0.47058824 0.4392157 0.44705883 0.5372549 0.5647059 0.18431373 0.08627451 0.105882354 0.3882353 0.6431373 0.6039216 0.53333336 0.4745098 0.47058824 0.5254902 0.54509807 0.5254902 0.48235294 0.42352942 0.40784314 0.4745098 0.5294118 0.5254902 0.5176471 0.5254902
0.54901963 0.5764706 0.62352943 0.6039216 0.59607846 0.58431375 0.50980395 0.4509804 0.42745098 0.40392157 0.4627451 0.54509807 0.22745098 0.09019608 0.07450981 0.30588236 0.57254905 0.5529412 0.4509804 0.40392157 0.5254902 0.6 0.5764706 0.58431375 0.5647059 0.54901963 0.5294118 0.5529412 0.5803922 0.6 0.5686275 0.5647059
0.5294118 0.5019608 0.5176471 0.5294118 0.5019608 0.46666667 0.44705883 0.4117647 0.38431373 0.3764706 0.4 0.54509807 0.30980393 0.078431375 0.06666667 0.24313726 0.46666667 0.46666667 0.45490196 0.5019608 0.6 0.63529414 0.62352943 0.6431373 0.64705884 0.6431373 0.627451 0.6 0.58431375 0.6431373 0.5921569 0.5882353
0.41960785 0.39607844 0.4117647 0.42352942 0.4117647 0.4117647 0.4117647 0.4117647 0.42352942 0.41568628 0.42352942 0.5803922 0.45490196 0.08627451 0.07450981 0.17254902 0.4509804 0.6039216 0.58431375 0.40784314 0.57254905 0.67058825 0.6392157 0.6627451 0.65882355 0.6 0.5686275 0.5882353 0.5764706 0.5764706 0.54509807 0.53333336
0.39215687 0.36862746 0.3764706 0.38431373 0.3764706 0.38431373 0.39607844 0.41568628 0.28627452 0.32941177 0.5647059 0.6784314 0.5294118 0.12941177 0.08627451 0.09803922 0.3254902 0.58431375 0.46666667 0.05490196 0.32941177 0.69411767 0.69411767 0.70980394 0.6901961 0.59607846 0.47843137 0.4745098 0.49019608 0.47843137 0.47058824 0.4627451
0.38431373 0.36078432 0.36862746 0.39215687 0.39215687 0.38431373 0.41960785 0.49411765 0.24705882 0.19215687 0.41568628 0.38039216 0.22745098 0.10980392 0.08627451 0.08627451 0.09803922 0.16470589 0.16470589 0.07450981 0.1764706 0.45490196 0.49803922 0.52156866 0.5254902 0.5058824 0.4117647 0.34509805 0.34901962 0.3529412 0.36078432 0.38039216
0.38039216 0.40784314 0.4509804 0.4745098 0.48235294 0.49019608 0.5019608 0.48235294 0.25490198 0.11372549 0.105882354 0.07058824 0.08235294 0.09411765 0.09019608 0.09803922 0.09019608 0.09411765 0.10980392 0.09411765 0.10980392 0.14117648 0.14901961 0.16470589 0.14117648 0.14117648 0.18431373 0.20784314 0.21960784 0.23529412 0.26666668 0.3372549
0.41960785 0.41960785 0.42745098 0.39607844 0.34117648 0.25882354 0.21568628 0.18431373 0.13333334 0.08627451 0.1254902 0.14509805 0.1254902 0.10980392 0.101960786 0.11372549 0.12156863 0.14509805 0.16862746 0.12941177 0.13725491 0.13333334 0.1254902 0.16470589 0.16470589 0.1764706 0.28627452 0.35686275 0.3254902 0.32941177 0.3254902 0.32156864
0.5568628 0.5137255 0.49411765 0.50980395 0.43529412 0.22745098 0.21568628 0.21960784 0.18431373 0.24313726 0.2627451 0.20392157 0.18039216 0.2 0.14901961 0.15294118 0.1882353 0.20392157 0.24313726 0.29803923 0.40784314 0.4392157 0.41960785 0.4745098 0.47843137 0.4745098 0.4392157 0.3647059 0.33333334 0.3254902 0.32156864 0.3137255
0.6745098 0.6627451 0.6627451 0.69411767 0.6901961 0.6 0.5882353 0.6117647 0.58431375 0.6392157 0.6313726 0.5686275 0.5254902 0.5372549 0.3372549 0.2509804 0.2901961 0.34117648 0.5294118 0.5411765 0.5411765 0.56078434 0.5882353 0.56078434 0.52156866 0.47058824 0.41568628 0.34901962 0.31764707 0.30588236 0.29803923 0.3019608
0.64705884 0.6156863 0.60784316 0.6392157 0.6627451 0.63529414 0.63529414 0.6666667 0.67058825 0.6666667 0.6627451 0.65882355 0.6745098 0.64705884 0.5372549 0.43529412 0.41960785 0.44705883 0.50980395 0.4627451 0.44705883 0.46666667 0.4862745 0.46666667 0.4627451 0.42745098 0.4 0.35686275 0.30588236 0.2901961 0.28627452 0.3529412
0.61960787 0.6313726 0.6509804 0.6509804 0.6509804 0.61960787 0.6156863 0.62352943 0.64705884 0.67058825 0.6784314 0.6784314 0.6627451 0.6039216 0.5372549 0.49019608 0.45490196 0.45490196 0.4509804 0.43529412 0.40392157 0.4 0.40784314 0.43137255 0.44705883 0.4117647 0.38431373 0.34117648 0.3137255 0.29411766 0.30980393 0.4392157
0.627451 0.6431373 0.64705884 0.654902 0.654902 0.6627451 0.6666667 0.6666667 0.68235296 0.69411767 0.6901961 0.654902 0.6117647 0.5686275 0.4862745 0.42745098 0.40784314 0.4 0.4 0.40392157 0.39215687 0.39607844 0.4509804 0.4627451 0.42352942 0.38039216 0.3529412 0.3254902 0.3254902 0.3137255 0.3529412 0.48235294
0.6392157 0.64705884 0.64705884 0.6666667 0.6784314 0.6862745 0.654902 0.6627451 0.69411767 0.69803923 0.6745098 0.6156863 0.5411765 0.5137255 0.4745098 0.40784314 0.37254903 0.35686275 0.34901962 0.35686275 0.3882353 0.4117647 0.44705883 0.43529412 0.39607844 0.3529412 0.31764707 0.3137255 0.31764707 0.3254902 0.3647059 0.4627451
0.6431373 0.6509804 0.6666667 0.6784314 0.6745098 0.6627451 0.62352943 0.654902 0.68235296 0.67058825 0.6117647 0.5647059 0.52156866 0.4745098 0.42745098 0.38039216 0.34901962 0.33333334 0.32941177 0.35686275 0.42745098 0.43529412 0.40392157 0.3764706 0.36078432 0.3529412 0.3372549 0.30980393 0.30588236 0.32156864 0.34509805 0.40392157
0.654902 0.65882355 0.68235296 0.68235296 0.65882355 0.62352943 0.5921569 0.627451 0.6431373 0.60784316 0.5686275 0.5294118 0.5058824 0.46666667 0.39607844 0.3647059 0.34509805 0.3254902 0.33333334 0.39215687 0.4392157 0.39607844 0.34901962 0.33333334 0.34117648 0.3647059 0.34901962 0.30588236 0.29803923 0.31764707 0.32941177 0.35686275
0.65882355 0.65882355 0.6745098 0.6627451 0.6313726 0.5921569 0.56078434 0.57254905 0.57254905 0.56078434 0.54901963 0.53333336 0.47058824 0.42745098 0.3764706 0.34901962 0.34117648 0.32941177 0.3529412 0.4117647 0.39607844 0.34509805 0.32156864 0.3137255 0.32941177 0.3529412 0.3254902 0.29411766 0.29411766 0.3647059 0.34901962 0.3254902
0.627451 0.59607846 0.627451 0.6431373 0.6117647 0.5882353 0.54509807 0.5176471 0.5058824 0.5058824 0.50980395 0.5058824 0.44705883 0.39607844 0.35686275 0.3372549 0.34509805 0.35686275 0.36862746 0.38039216 0.34901962 0.3254902 0.3137255 0.3137255 0.31764707 0.32941177 0.31764707 0.29803923 0.3019608 0.40392157 0.3882353 0.32156864
0.4745098 0.47058824 0.4745098 0.4745098 0.47058824 0.4745098 0.48235294 0.4862745 0.49019608 0.49411765 0.49803922 0.49803922 0.49803922 0.49411765 0.49019608 0.49019608 0.49803922 0.5058824 0.50980395 0.50980395 0.5137255 0.50980395 0.5058824 0.5058824 0.5019608 0.49411765 0.49803922 0.49803922 0.49803922 0.49803922 0.49803922 0.49411765
0.49411765 0.49019608 0.5019608 0.49803922 0.49411765 0.49803922 0.50980395 0.50980395 0.50980395 0.50980395 0.5137255 0.5137255 0.5137255 0.5176471 0.5176471 0.5176471 0.52156866 0.5294118 0.53333336 0.53333336 0.5372549 0.5372549 0.5294118 0.5294118 0.5254902 0.52156866 0.52156866 0.52156866 0.52156866 0.52156866 0.52156866 0.52156866
0.5254902 0.5254902 0.5254902 0.5254902 0.5294118 0.5372549 0.54509807 0.5529412 0.5568628 0.5568628 0.54901963 0.54901963 0.5568628 0.56078434 0.56078434 0.56078434 0.5647059 0.57254905 0.57254905 0.5686275 0.57254905 0.5686275 0.5647059 0.5647059 0.56078434 0.5529412 0.5568628 0.56078434 0.56078434 0.5568628 0.5568628 0.5529412
0.56078434 0.56078434 0.56078434 0.5647059 0.57254905 0.5803922 0.5803922 0.5882353 0.5921569 0.5921569 0.5882353 0.58431375 0.58431375 0.5921569 0.5921569 0.59607846 0.6 0.60784316 0.60784316 0.60784316 0.60784316 0.6039216 0.6 0.6 0.59607846 0.5882353 0.5921569 0.59607846 0.6 0.6 0.6 0.5921569
0.59607846 0.6 0.6039216 0.60784316 0.6156863 0.61960787 0.61960787 0.627451 0.627451 0.62352943 0.62352943 0.62352943 0.627451 0.6313726 0.6313726 0.6313726 0.6313726 0.63529414 0.63529414 0.63529414 0.6431373 0.6431373 0.6392157 0.6392157 0.63529414 0.6313726 0.63529414 0.63529414 0.63529414 0.63529414 0.63529414 0.6313726
0.6392157 0.6392157 0.64705884 0.654902 0.65882355 0.6627451 0.6627451 0.6627451 0.6627451 0.6666667 0.6666667 0.6666667 0.6784314 0.6784314 0.6745098 0.67058825 0.67058825 0.67058825 0.67058825 0.67058825 0.6745098 0.6745098 0.6745098 0.6745098 0.6745098 0.67058825 0.67058825 0.67058825 0.6745098 0.6745098 0.6745098 0.6666667
0.6862745 0.68235296 0.6901961 0.69803923 0.7019608 0.7058824 0.7058824 0.7058824 0.7019608 0.7019608 0.7019608 0.7058824 0.70980394 0.70980394 0.7058824 0.7058824 0.7058824 0.7058824 0.7019608 0.69803923 0.7019608 0.7019608 0.7058824 0.7058824 0.7058824 0.7019608 0.69411767 0.69803923 0.7019608 0.69411767 0.6901961 0.6862745
0.72156864 0.7137255 0.72156864 0.7294118 0.7294118 0.73333335 0.73333335 0.7372549 0.7372549 0.7372549 0.7372549 0.73333335 0.7254902 0.72156864 0.7137255 0.7058824 0.7176471 0.7176471 0.70980394 0.7019608 0.69803923 0.7019608 0.7058824 0.69803923 0.6901961 0.6901961 0.7019608 0.69803923 0.68235296 0.6666667 0.6745098 0.68235296
0.7372549 0.7176471 0.7019608 0.7294118 0.7490196 0.7294118 0.72156864 0.73333335 0.74509805 0.7411765 0.74509805 0.73333335 0.7254902 0.7254902 0.7254902 0.72156864 0.73333335 0.7294118 0.7372549 0.7058824 0.70980394 0.7254902 0.7019608 0.67058825 0.68235296 0.6901961 0.6862745 0.6745098 0.73333335 0.6745098 0.69411767 0.7058824
0.69411767 0.6745098 0.68235296 0.7058824 0.74509805 0.7411765 0.70980394 0.7254902 0.7529412 0.7411765 0.7176471 0.6901961 0.6862745 0.6901961 0.72156864 0.72156864 0.70980394 0.7137255 0.7137255 0.68235296 0.7254902 0.7058824 0.69411767 0.6784314 0.68235296 0.7019608 0.7058824 0.67058825 0.6862745 0.67058825 0.7137255 0.654902
0.6901961 0.67058825 0.654902 0.654902 0.7019608 0.72156864 0.65882355 0.6901961 0.6901961 0.6627451 0.62352943 0.6431373 0.5176471 0.44313726 0.6 0.67058825 0.67058825 0.63529414 0.6784314 0.6901961 0.69803923 0.68235296 0.6627451 0.65882355 0.67058825 0.69411767 0.68235296 0.61960787 0.62352943 0.69411767 0.7372549 0.6745098
0.5921569 0.5764706 0.58431375 0.6117647 0.654902 0.6666667 0.6431373 0.6431373 0.64705884 0.63529414 0.6117647 0.65882355 0.32941177 0.2509804 0.47843137 0.68235296 0.6784314 0.6509804 0.69803923 0.65882355 0.6156863 0.62352943 0.6156863 0.6313726 0.68235296 0.7176471 0.6901961 0.69803923 0.7137255 0.69411767 0.6627451 0.6392157
0.65882355 0.6745098 0.6784314 0.6862745 0.6627451 0.6156863 0.5921569 0.6117647 0.5921569 0.56078434 0.56078434 0.61960787 0.25882354 0.20392157 0.36862746 0.5568628 0.62352943 0.654902 0.6666667 0.6039216 0.6313726 0.7058824 0.72156864 0.70980394 0.70980394 0.69411767 0.67058825 0.6509804 0.6156863 0.61960787 0.67058825 0.6156863
0.63529414 0.6117647 0.5803922 0.54901963 0.5254902 0.5254902 0.5372549 0.5176471 0.5019608 0.5058824 0.5411765 0.59607846 0.23137255 0.13333334 0.2784314 0.54901963 0.7372549 0.7372549 0.73333335 0.6431373 0.63529414 0.7019608 0.70980394 0.6313726 0.5803922 0.5529412 0.5411765 0.5372549 0.54901963 0.5686275 0.6627451 0.6666667
0.5411765 0.56078434 0.6117647 0.6039216 0.6156863 0.69803923 0.6745098 0.5764706 0.54509807 0.5529412 0.6431373 0.654902 0.22745098 0.13725491 0.18431373 0.48235294 0.7490196 0.70980394 0.6392157 0.5803922 0.5764706 0.6313726 0.6509804 0.6313726 0.5882353 0.5294118 0.5137255 0.5803922 0.63529414 0.6313726 0.62352943 0.6313726
0.65882355 0.68235296 0.7294118 0.70980394 0.7019608 0.6901961 0.6156863 0.56078434 0.5372549 0.5137255 0.57254905 0.63529414 0.26666668 0.13725491 0.14509805 0.39215687 0.6784314 0.65882355 0.56078434 0.50980395 0.6313726 0.70980394 0.68235296 0.6901961 0.67058825 0.654902 0.63529414 0.65882355 0.6901961 0.7058824 0.6745098 0.67058825
0.63529414 0.60784316 0.62352943 0.6392157 0.6156863 0.5803922 0.5568628 0.5254902 0.5019608 0.49411765 0.5137255 0.64705884 0.36862746 0.14117648 0.13333334 0.31764707 0.5686275 0.5764706 0.5647059 0.6156863 0.7137255 0.7529412 0.7411765 0.7607843 0.75686276 0.7490196 0.7372549 0.7176471 0.7058824 0.7529412 0.69803923 0.69411767
0.5294118 0.5019608 0.5176471 0.5294118 0.52156866 0.52156866 0.5254902 0.5254902 0.53333336 0.5254902 0.53333336 0.68235296 0.52156866 0.14901961 0.13725491 0.23529412 0.54509807 0.7058824 0.6862745 0.50980395 0.68235296 0.78039217 0.7529412 0.7764706 0.7607843 0.69803923 0.6784314 0.70980394 0.69803923 0.6862745 0.6509804 0.6392157
0.49803922 0.47058824 0.48235294 0.4862745 0.47843137 0.4862745 0.5019608 0.5176471 0.38431373 0.42745098 0.6627451 0.76862746 0.5882353 0.18431373 0.14509805 0.15686275 0.40392157 0.67058825 0.5529412 0.13725491 0.41960785 0.7882353 0.7921569 0.80784315 0.78431374 0.6901961 0.5803922 0.5882353 0.60784316 0.58431375 0.5764706 0.5686275
0.49411765 0.46666667 0.4745098 0.49019608 0.4862745 0.47843137 0.5137255 0.5803922 0.32156864 0.27058825 0.49411765 0.45490196 0.28235295 0.16078432 0.13333334 0.13725491 0.16078432 0.23137255 0.23137255 0.14117648 0.2509804 0.5372549 0.5803922 0.6 0.6039216 0.5921569 0.5019608 0.44705883 0.45882353 0.45882353 0.46666667 0.4862745
0.4862745 0.5137255 0.5568628 0.57254905 0.57254905 0.5803922 0.59607846 0.56078434 0.30980393 0.17254902 0.16470589 0.12941177 0.1254902 0.13725491 0.12941177 0.14117648 0.14117648 0.14901961 0.16078432 0.14901961 0.17254902 0.20392157 0.21176471 0.22745098 0.20392157 0.21176471 0.26666668 0.3019608 0.32156864 0.34117648 0.37254903 0.44313726
0.5254902 0.5254902 0.53333336 0.4862745 0.41960785 0.3372549 0.29411766 0.25490198 0.1882353 0.13725491 0.18039216 0.19607843 0.17254902 0.15294118 0.14509805 0.15686275 0.16862746 0.19215687 0.21568628 0.1764706 0.19607843 0.2 0.19215687 0.23137255 0.23137255 0.25490198 0.36862746 0.44705883 0.42352942 0.43529412 0.43137255 0.42745098
0.6627451 0.61960787 0.6 0.59607846 0.50980395 0.3019608 0.28627452 0.2901961 0.25490198 0.3137255 0.33333334 0.27450982 0.24705882 0.26666668 0.21568628 0.21960784 0.25490198 0.27450982 0.3137255 0.3647059 0.4862745 0.5294118 0.50980395 0.5647059 0.57254905 0.57254905 0.5411765 0.47058824 0.43529412 0.43137255 0.42745098 0.41960785
0.78039217 0.76862746 0.76862746 0.7921569 0.78431374 0.69411767 0.68235296 0.7058824 0.6784314 0.73333335 0.7254902 0.6627451 0.61960787 0.6313726 0.43137255 0.34509805 0.38431373 0.43529412 0.62352943 0.63529414 0.63529414 0.654902 0.68235296 0.654902 0.61960787 0.5764706 0.52156866 0.45882353 0.42352942 0.4117647 0.40392157 0.40784314
0.7529412 0.72156864 0.7137255 0.7490196 0.78039217 0.7490196 0.7490196 0.78039217 0.78431374 0.78039217 0.7764706 0.7764706 0.7882353 0.7607843 0.6509804 0.54901963 0.53333336 0.56078434 0.62352943 0.5764706 0.5529412 0.56078434 0.5803922 0.56078434 0.56078434 0.53333336 0.5058824 0.4627451 0.4117647 0.39607844 0.39215687 0.45882353
0.7254902 0.73333335 0.7529412 0.7647059 0.76862746 0.7372549 0.73333335 0.7411765 0.7607843 0.7882353 0.79607844 0.79607844 0.78039217 0.7176471 0.6509804 0.60784316 0.57254905 0.57254905 0.5686275 0.5529412 0.50980395 0.49411765 0.5019608 0.5254902 0.54509807 0.5176471 0.49019608 0.44705883 0.41960785 0.4 0.41568628 0.54509807
0.73333335 0.7490196 0.7529412 0.7607843 0.7607843 0.7647059 0.77254903 0.77254903 0.78431374 0.79607844 0.7921569 0.75686276 0.7137255 0.67058825 0.5882353 0.53333336 0.50980395 0.5058824 0.5058824 0.5058824 0.49019608 0.4862745 0.54509807 0.5568628 0.5254902 0.4862745 0.45882353 0.43137255 0.43137255 0.41960785 0.45882353 0.5882353
0.7411765 0.7490196 0.74509805 0.76862746 0.78039217 0.78431374 0.75686276 0.7607843 0.7882353 0.7921569 0.76862746 0.70980394 0.6392157 0.60784316 0.5686275 0.5019608 0.47058824 0.45882353 0.4509804 0.45882353 0.4862745 0.5137255 0.54901963 0.5372549 0.49803922 0.45882353 0.42352942 0.41960785 0.42352942 0.43137255 0.47058824 0.5686275
0.7411765 0.74509805 0.7607843 0.78039217 0.78039217 0.76862746 0.7294118 0.75686276 0.7764706 0.7647059 0.7058824 0.65882355 0.6156863 0.5686275 0.52156866 0.4745098 0.4509804 0.4392157 0.43529412 0.4627451 0.53333336 0.54509807 0.50980395 0.4862745 0.46666667 0.45882353 0.44313726 0.41568628 0.4117647 0.42745098 0.4509804 0.50980395
0.7529412 0.7529412 0.7764706 0.78431374 0.7647059 0.7294118 0.7019608 0.7294118 0.7372549 0.7019608 0.6627451 0.62352943 0.6 0.56078434 0.49019608 0.4627451 0.44705883 0.43137255 0.4392157 0.49803922 0.54509807 0.5019608 0.45490196 0.4392157 0.44705883 0.47058824 0.45490196 0.4117647 0.40392157 0.42352942 0.43529412 0.4627451
0.7529412 0.7490196 0.76862746 0.7647059 0.7372549 0.69803923 0.6666667 0.67058825 0.6666667 0.654902 0.6431373 0.627451 0.5647059 0.52156866 0.46666667 0.44313726 0.44313726 0.43529412 0.45490196 0.5176471 0.5019608 0.44705883 0.42745098 0.41568628 0.43529412 0.45882353 0.43137255 0.4 0.4 0.47058824 0.45490196 0.43137255
0.72156864 0.6901961 0.72156864 0.74509805 0.7176471 0.69411767 0.6509804 0.61960787 0.6 0.6 0.6039216 0.6 0.5411765 0.49019608 0.4509804 0.43137255 0.44705883 0.4627451 0.4745098 0.4862745 0.45490196 0.43137255 0.41960785 0.41960785 0.42352942 0.43529412 0.42352942 0.40392157 0.40784314 0.50980395 0.49411765 0.42745098
0.36862746 0.3647059 0.36862746 0.37254903 0.37254903 0.3764706 0.38431373 0.38431373 0.38431373 0.3882353 0.39215687 0.39215687 0.39215687 0.3882353 0.38431373 0.38431373 0.3882353 0.39215687 0.39607844 0.39607844 0.4 0.39607844 0.39215687 0.39215687 0.3882353 0.38431373 0.3882353 0.3882353 0.3882353 0.3882353 0.3882353 0.3882353
0.3882353 0.3882353 0.39607844 0.39215687 0.39215687 0.39607844 0.40784314 0.40784314 0.40392157 0.40784314 0.40784314 0.40784314 0.4117647 0.4117647 0.4117647 0.4117647 0.4117647 0.41568628 0.41960785 0.41960785 0.42352942 0.42352942 0.41568628 0.41568628 0.4117647 0.4117647 0.4117647 0.4117647 0.4117647 0.4117647 0.4117647 0.4117647
0.41960785 0.41960785 0.41960785 0.41960785 0.42352942 0.43137255 0.4392157 0.44705883 0.4509804 0.4509804 0.44313726 0.44313726 0.4509804 0.45490196 0.45490196 0.45490196 0.45490196 0.45882353 0.45882353 0.45490196 0.45882353 0.45490196 0.4509804 0.4509804 0.44705883 0.44313726 0.44705883 0.4509804 0.44705883 0.44313726 0.44313726 0.4392157
0.45490196 0.45490196 0.45490196 0.45882353 0.46666667 0.47058824 0.4745098 0.48235294 0.4862745 0.4862745 0.48235294 0.47843137 0.47843137 0.4862745 0.4862745 0.4862745 0.49019608 0.49411765 0.49411765 0.49411765 0.49411765 0.49019608 0.4862745 0.48235294 0.48235294 0.47843137 0.48235294 0.4862745 0.4862745 0.48235294 0.48235294 0.4745098
0.49411765 0.49411765 0.49803922 0.5058824 0.50980395 0.5137255 0.5137255 0.52156866 0.52156866 0.52156866 0.52156866 0.52156866 0.52156866 0.5254902 0.5254902 0.5254902 0.5254902 0.5254902 0.5254902 0.5254902 0.53333336 0.5294118 0.5294118 0.5294118 0.5254902 0.5254902 0.5254902 0.5254902 0.5254902 0.52156866 0.52156866 0.5176471
0.5372549 0.5411765 0.54901963 0.5568628 0.5568628 0.56078434 0.5647059 0.5647059 0.5647059 0.5647059 0.5686275 0.5686275 0.5764706 0.5764706 0.5686275 0.5686275 0.5686275 0.57254905 0.5686275 0.57254905 0.57254905 0.57254905 0.57254905 0.57254905 0.5686275 0.5647059 0.5647059 0.5647059 0.5686275 0.5686275 0.5686275 0.56078434
0.5882353 0.5882353 0.59607846 0.6039216 0.60784316 0.6117647 0.6117647 0.60784316 0.60784316 0.60784316 0.60784316 0.60784316 0.6117647 0.6117647 0.6039216 0.6039216 0.6117647 0.6117647 0.60784316 0.6039216 0.6039216 0.6039216 0.6039216 0.60784316 0.60784316 0.6039216 0.5921569 0.59607846 0.6 0.59607846 0.5921569 0.5921569
0.627451 0.61960787 0.627451 0.63529414 0.63529414 0.6392157 0.6392157 0.6431373 0.6431373 0.6431373 0.6431373 0.6392157 0.6313726 0.627451 0.61960787 0.6117647 0.62352943 0.62352943 0.6156863 0.60784316 0.6039216 0.60784316 0.6117647 0.6039216 0.59607846 0.6 0.6117647 0.60784316 0.59607846 0.5803922 0.5882353 0.6
0.6431373 0.627451 0.60784316 0.63529414 0.65882355 0.6392157 0.6313726 0.6431373 0.6509804 0.6509804 0.654902 0.6431373 0.6392157 0.6392157 0.6392157 0.6313726 0.6431373 0.6392157 0.64705884 0.6156863 0.6156863 0.6313726 0.60784316 0.5764706 0.5921569 0.6117647 0.60784316 0.59607846 0.654902 0.6 0.61960787 0.63529414
0.6039216 0.5882353 0.59607846 0.61960787 0.65882355 0.654902 0.62352943 0.6392157 0.6666667 0.654902 0.6313726 0.6039216 0.6039216 0.60784316 0.6392157 0.63529414 0.62352943 0.627451 0.62352943 0.59607846 0.6313726 0.6156863 0.6 0.58431375 0.6 0.63529414 0.6392157 0.6039216 0.61960787 0.6117647 0.6509804 0.59607846
0.6117647 0.5921569 0.5803922 0.5764706 0.62352943 0.64705884 0.58431375 0.6156863 0.6156863 0.5882353 0.54901963 0.57254905 0.45490196 0.37254903 0.52156866 0.58431375 0.5921569 0.56078434 0.6 0.6117647 0.61960787 0.6039216 0.58431375 0.5803922 0.59607846 0.6313726 0.61960787 0.5568628 0.5568628 0.6313726 0.6745098 0.6117647
0.5254902 0.50980395 0.5176471 0.54509807 0.5882353 0.6 0.5764706 0.5764706 0.5803922 0.5686275 0.54509807 0.6 0.2901961 0.19607843 0.40392157 0.59607846 0.60784316 0.58431375 0.63529414 0.5921569 0.54901963 0.5568628 0.54901963 0.5647059 0.6156863 0.6509804 0.62352943 0.6313726 0.64705884 0.627451 0.59607846 0.57254905
0.5882353 0.60784316 0.6117647 0.61960787 0.59607846 0.54901963 0.5254902 0.54509807 0.5254902 0.49411765 0.49019608 0.56078434 0.22352941 0.15686275 0.30588236 0.47843137 0.5529412 0.5882353 0.6 0.5372549 0.5647059 0.6392157 0.654902 0.6431373 0.6431373 0.627451 0.6039216 0.58431375 0.54901963 0.5529412 0.6039216 0.54901963
0.5686275 0.54509807 0.5137255 0.48235294 0.45882353 0.45882353 0.47058824 0.4509804 0.43529412 0.4392157 0.47058824 0.5411765 0.20784314 0.101960786 0.22745098 0.48235294 0.6666667 0.67058825 0.6666667 0.5764706 0.5686275 0.63529414 0.6431373 0.5647059 0.5137255 0.4862745 0.4745098 0.47058824 0.48235294 0.5019608 0.59607846 0.6
0.4745098 0.49411765 0.54509807 0.5372549 0.54901963 0.6313726 0.60784316 0.50980395 0.47843137 0.4862745 0.5764706 0.6039216 0.21176471 0.11372549 0.14117648 0.42745098 0.68235296 0.6431373 0.57254905 0.5137255 0.50980395 0.5647059 0.58431375 0.5647059 0.52156866 0.4627451 0.44705883 0.5137255 0.5686275 0.5647059 0.5568628 0.5647059
0.5921569 0.6156863 0.6627451 0.6431373 0.63529414 0.62352943 0.54901963 0.49019608 0.47058824 0.44705883 0.5019608 0.58431375 0.25490198 0.12156863 0.10980392 0.34117648 0.6117647 0.5921569 0.49019608 0.44313726 0.5647059 0.6392157 0.6117647 0.62352943 0.6039216 0.5882353 0.5686275 0.5921569 0.62352943 0.6392157 0.60784316 0.6039216
0.5686275 0.5411765 0.5568628 0.57254905 0.54509807 0.50980395 0.4862745 0.45490196 0.43137255 0.42352942 0.44313726 0.5882353 0.34117648 0.11372549 0.101960786 0.2784314 0.5058824 0.5058824 0.49411765 0.54509807 0.63529414 0.67058825 0.65882355 0.68235296 0.6862745 0.6862745 0.6745098 0.654902 0.63529414 0.6862745 0.6313726 0.627451
0.45882353 0.43529412 0.4509804 0.4627451 0.4509804 0.45490196 0.45490196 0.45490196 0.46666667 0.45882353 0.46666667 0.62352943 0.49019608 0.11764706 0.105882354 0.20392157 0.49019608 0.6392157 0.61960787 0.44313726 0.60784316 0.7019608 0.6745098 0.69803923 0.6862745 0.62352943 0.6039216 0.6313726 0.61960787 0.6156863 0.58431375 0.57254905
0.43137255 0.40392157 0.41568628 0.41960785 0.41568628 0.41960785 0.43529412 0.45490196 0.3254902 0.36862746 0.6039216 0.7137255 0.56078434 0.16078432 0.11764706 0.1254902 0.35686275 0.6156863 0.49803922 0.08627451 0.36078432 0.7254902 0.7254902 0.7411765 0.7137255 0.60784316 0.49803922 0.5019608 0.52156866 0.5176471 0.50980395 0.5019608
0.42745098 0.4 0.40784314 0.42745098 0.42352942 0.41568628 0.4509804 0.5294118 0.28235295 0.23137255 0.45490196 0.41568628 0.25490198 0.13333334 0.10980392 0.10980392 0.1254902 0.19607843 0.19607843 0.105882354 0.20392157 0.4862745 0.5294118 0.5529412 0.54509807 0.52156866 0.43137255 0.37254903 0.38431373 0.39215687 0.4 0.41960785
0.41960785 0.44705883 0.49019608 0.5058824 0.50980395 0.5176471 0.53333336 0.5137255 0.28235295 0.14509805 0.13725491 0.101960786 0.101960786 0.11372549 0.10980392 0.11764706 0.11764706 0.12156863 0.13333334 0.12156863 0.13725491 0.16470589 0.17254902 0.18431373 0.16470589 0.16862746 0.21960784 0.2509804 0.26666668 0.27450982 0.30588236 0.3764706
0.45882353 0.45882353 0.46666667 0.42352942 0.3647059 0.2784314 0.23921569 0.20784314 0.15294118 0.105882354 0.14509805 0.16470589 0.14117648 0.1254902 0.11764706 0.1254902 0.13725491 0.16078432 0.18431373 0.14509805 0.15686275 0.15686275 0.14901961 0.1882353 0.19215687 0.21960784 0.32941177 0.40784314 0.3764706 0.36862746 0.3647059 0.36078432
0.59607846 0.5529412 0.53333336 0.5372549 0.45490196 0.24705882 0.23137255 0.23921569 0.20392157 0.2627451 0.28235295 0.22352941 0.19607843 0.21568628 0.16470589 0.16862746 0.20392157 0.22352941 0.25882354 0.3137255 0.43137255 0.46666667 0.4509804 0.5058824 0.5137255 0.5137255 0.47843137 0.40784314 0.37254903 0.3647059 0.36078432 0.3529412
0.7137255 0.7019608 0.7019608 0.7294118 0.72156864 0.627451 0.61960787 0.6392157 0.6156863 0.67058825 0.65882355 0.6 0.5568628 0.5686275 0.36862746 0.28235295 0.32156864 0.37254903 0.56078434 0.5686275 0.5686275 0.5921569 0.61960787 0.5921569 0.5568628 0.50980395 0.45490196 0.3882353 0.35686275 0.34509805 0.3372549 0.34117648
0.6862745 0.654902 0.64705884 0.68235296 0.70980394 0.68235296 0.6784314 0.70980394 0.7137255 0.70980394 0.7058824 0.7058824 0.7176471 0.69411767 0.5803922 0.48235294 0.4627451 0.49019608 0.5529412 0.50980395 0.4862745 0.49803922 0.5176471 0.49803922 0.49411765 0.46666667 0.4392157 0.39607844 0.34509805 0.32941177 0.3254902 0.39215687
0.65882355 0.67058825 0.6862745 0.69411767 0.69803923 0.6666667 0.6627451 0.67058825 0.6901961 0.7176471 0.7254902 0.7254902 0.70980394 0.64705884 0.5803922 0.5372549 0.5019608 0.5019608 0.49803922 0.48235294 0.44313726 0.43137255 0.4392157 0.4627451 0.48235294 0.4509804 0.42352942 0.38039216 0.3529412 0.33333334 0.34901962 0.47843137
0.6666667 0.68235296 0.6862745 0.69411767 0.69411767 0.69803923 0.7058824 0.7058824 0.7176471 0.7294118 0.7254902 0.69411767 0.64705884 0.6039216 0.52156866 0.46666667 0.44313726 0.4392157 0.4392157 0.4392157 0.42745098 0.42352942 0.48235294 0.49411765 0.45882353 0.41960785 0.39215687 0.3647059 0.3647059 0.3529412 0.39215687 0.52156866
0.6745098 0.68235296 0.68235296 0.7019608 0.7137255 0.72156864 0.6901961 0.69803923 0.7254902 0.7294118 0.7058824 0.64705884 0.5764706 0.54509807 0.5058824 0.4392157 0.40392157 0.39215687 0.38431373 0.39607844 0.42352942 0.44705883 0.48235294 0.47058824 0.43137255 0.39215687 0.35686275 0.3529412 0.35686275 0.3647059 0.40392157 0.5019608
0.6745098 0.68235296 0.69803923 0.7137255 0.7137255 0.7019608 0.6627451 0.6901961 0.7137255 0.7019608 0.6431373 0.59607846 0.5529412 0.5058824 0.45882353 0.4117647 0.3882353 0.37254903 0.36862746 0.39607844 0.46666667 0.47843137 0.44313726 0.41568628 0.4 0.39215687 0.3764706 0.34901962 0.34509805 0.36078432 0.38431373 0.44313726
0.6862745 0.6901961 0.7137255 0.7176471 0.69803923 0.6627451 0.63529414 0.6627451 0.6745098 0.6392157 0.6 0.56078434 0.5372549 0.49803922 0.42745098 0.4 0.38039216 0.3647059 0.37254903 0.43137255 0.47843137 0.43529412 0.3882353 0.37254903 0.38039216 0.40392157 0.3882353 0.34509805 0.3372549 0.35686275 0.36862746 0.39607844
0.6901961 0.6901961 0.7058824 0.69803923 0.67058825 0.6313726 0.6 0.60784316 0.6039216 0.5921569 0.5803922 0.5647059 0.5019608 0.45882353 0.40392157 0.38039216 0.3764706 0.36862746 0.39215687 0.4509804 0.43529412 0.38039216 0.36078432 0.3529412 0.36862746 0.39215687 0.3647059 0.33333334 0.33333334 0.40392157 0.3882353 0.3647059
0.65882355 0.627451 0.65882355 0.6784314 0.6509804 0.627451 0.58431375 0.5568628 0.5372549 0.5372549 0.5411765 0.5372549 0.47843137 0.42745098 0.3882353 0.36862746 0.38431373 0.39607844 0.40784314 0.41960785 0.3882353 0.3647059 0.3529412 0.3529412 0.35686275 0.36862746 0.35686275 0.3372549 0.34117648 0.44313726 0.42745098 0.36078432
14 31 2
31 7 0
0 23 1
27 0 2
0 15 1
24 31 1
11 31 0
24 31 0
30 0 1
3 31 0
23 0 1
0 31 0
16 31 2
29 0 0
0 9 0
0 2 2
0 7 0
0 20 0
31 15 1
0 11 1
0 10 2
0 9 1
0 10 0
0 23 0
0 29 2
0 19 2
25 31 2
31 0 1
25 0 0
30 31 2
0 25 2
0 5 0
0 31 2
17 31 0
2 31 0
31 20 1
4 0 1
23 31 2
0 17 0
0 26 1
30 0 0
0 23 2
0 13 0
24 0 0
26 31 2
31 12 2
5 31 1
4 0 2
31 3 2
31 26 2
