32, 32, 3, 50
0.53333336 0.5411765 0.5411765 0.5411765 0.53333336 0.5254902 0.5254902 0.5254902 0.5254902 0.5254902 0.52156866 0.53333336 0.5294118 0.5372549 0.5568628 0.5372549 0.5254902 0.5254902 0.5254902 0.5254902 0.5254902 0.5254902 0.5254902 0.5254902 0.5254902 0.5254902 0.5372549 0.5411765 0.54509807 0.54509807 0.54509807 0.54901963
0.5411765 0.54509807 0.5411765 0.5411765 0.53333336 0.5254902 0.5254902 0.5254902 0.5254902 0.5254902 0.5294118 0.5372549 0.54901963 0.54509807 0.5686275 0.54509807 0.5254902 0.5254902 0.5254902 0.5254902 0.5254902 0.5254902 0.5254902 0.5254902 0.5254902 0.5254902 0.5411765 0.54901963 0.5529412 0.5568628 0.5568628 0.5529412
0.5372549 0.54509807 0.54509807 0.54509807 0.53333336 0.5254902 0.5254902 0.5254902 0.5254902 0.5254902 0.53333336 0.54509807 0.56078434 0.57254905 0.5411765 0.52156866 0.5254902 0.5254902 0.5254902 0.5254902 0.5254902 0.5254902 0.5254902 0.5254902 0.5254902 0.5254902 0.5411765 0.54509807 0.5529412 0.5568628 0.5568628 0.56078434
0.54509807 0.54509807 0.54509807 0.54509807 0.5411765 0.53333336 0.5372549 0.5372549 0.5372549 0.53333336 0.5254902 0.5529412 0.5764706 0.54901963 0.3764706 0.5294118 0.53333336 0.53333336 0.53333336 0.53333336 0.53333336 0.5372549 0.5372549 0.5372549 0.5372549 0.5372549 0.54509807 0.54901963 0.5529412 0.5529412 0.5529412 0.5568628
0.54509807 0.54509807 0.54509807 0.54509807 0.5372549 0.53333336 0.53333336 0.53333336 0.53333336 0.5294118 0.53333336 0.5529412 0.5921569 0.40392157 0.32156864 0.56078434 0.5294118 0.5294118 0.5294118 0.5294118 0.5294118 0.53333336 0.53333336 0.53333336 0.53333336 0.53333336 0.54509807 0.54901963 0.5529412 0.5568628 0.5568628 0.56078434
0.54509807 0.54509807 0.54509807 0.54509807 0.5372549 0.53333336 0.53333336 0.53333336 0.53333336 0.53333336 0.5411765 0.5686275 0.5176471 0.28627452 0.3764706 0.5686275 0.5294118 0.5294118 0.5294118 0.5294118 0.5294118 0.53333336 0.53333336 0.53333336 0.53333336 0.53333336 0.54509807 0.5529412 0.5568628 0.56078434 0.56078434 0.5647059
0.5411765 0.54509807 0.54509807 0.54509807 0.5372549 0.53333336 0.53333336 0.53333336 0.53333336 0.53333336 0.5568628 0.5647059 0.38039216 0.28627452 0.43137255 0.58431375 0.5294118 0.5294118 0.5294118 0.5294118 0.5294118 0.5372549 0.5372549 0.53333336 0.53333336 0.53333336 0.54901963 0.5568628 0.56078434 0.56078434 0.56078434 0.5686275
0.5294118 0.53333336 0.5372549 0.5372549 0.53333336 0.53333336 0.53333336 0.53333336 0.53333336 0.53333336 0.56078434 0.5254902 0.30980393 0.2901961 0.41960785 0.59607846 0.5568628 0.5294118 0.52156866 0.5294118 0.5529412 0.6 0.5764706 0.5647059 0.54901963 0.5294118 0.54509807 0.5568628 0.56078434 0.5647059 0.5647059 0.5647059
0.5254902 0.5294118 0.53333336 0.53333336 0.53333336 0.53333336 0.53333336 0.53333336 0.53333336 0.5372549 0.57254905 0.43137255 0.32941177 0.33333334 0.4862745 0.627451 0.58431375 0.54901963 0.5372549 0.54901963 0.5686275 0.5882353 0.5686275 0.56078434 0.5529412 0.53333336 0.54901963 0.5568628 0.56078434 0.5647059 0.5647059 0.5647059
0.5294118 0.5294118 0.53333336 0.53333336 0.53333336 0.53333336 0.53333336 0.53333336 0.53333336 0.54509807 0.5686275 0.3647059 0.36078432 0.37254903 0.49803922 0.63529414 0.6 0.5647059 0.5529412 0.56078434 0.5647059 0.54509807 0.5372549 0.5411765 0.54509807 0.5411765 0.54901963 0.5568628 0.56078434 0.5647059 0.5647059 0.5647059
0.5294118 0.5294118 0.53333336 0.53333336 0.53333336 0.53333336 0.53333336 0.53333336 0.53333336 0.54901963 0.5176471 0.34509805 0.37254903 0.36862746 0.4117647 0.627451 0.5921569 0.5568628 0.5411765 0.5529412 0.54901963 0.50980395 0.5137255 0.5254902 0.5372549 0.54509807 0.5529412 0.5568628 0.56078434 0.5647059 0.5647059 0.5647059
0.5294118 0.53333336 0.53333336 0.53333336 0.53333336 0.53333336 0.53333336 0.53333336 0.53333336 0.5529412 0.47058824 0.34117648 0.36078432 0.35686275 0.39607844 0.5568628 0.5529412 0.52156866 0.5137255 0.52156866 0.53333336 0.5137255 0.5254902 0.5529412 0.5411765 0.54901963 0.56078434 0.5647059 0.5647059 0.5647059 0.5647059 0.5647059
0.5294118 0.53333336 0.53333336 0.53333336 0.53333336 0.53333336 0.53333336 0.53333336 0.53333336 0.5411765 0.4 0.32941177 0.3372549 0.3372549 0.33333334 0.35686275 0.5568628 0.5254902 0.52156866 0.5294118 0.5529412 0.5568628 0.46666667 0.3764706 0.52156866 0.5411765 0.5647059 0.5647059 0.5647059 0.5647059 0.5647059 0.5647059
0.5294118 0.53333336 0.53333336 0.53333336 0.53333336 0.53333336 0.53333336 0.53333336 0.53333336 0.5411765 0.45490196 0.30588236 0.30588236 0.3137255 0.29411766 0.2627451 0.44705883 0.60784316 0.5882353 0.5921569 0.5372549 0.4117647 0.21568628 0.22352941 0.49411765 0.53333336 0.56078434 0.5647059 0.5647059 0.5647059 0.5647059 0.5647059
0.5294118 0.53333336 0.53333336 0.53333336 0.53333336 0.53333336 0.53333336 0.53333336 0.53333336 0.5372549 0.5686275 0.45882353 0.29411766 0.2509804 0.22745098 0.30588236 0.3882353 0.5019608 0.54509807 0.45882353 0.31764707 0.3764706 0.5176471 0.6 0.57254905 0.53333336 0.5568628 0.5647059 0.5647059 0.5647059 0.5647059 0.5647059
0.5294118 0.53333336 0.53333336 0.53333336 0.5372549 0.5411765 0.5372549 0.53333336 0.53333336 0.52156866 0.5058824 0.5921569 0.39215687 0.3019608 0.29411766 0.34901962 0.43137255 0.39607844 0.34901962 0.32941177 0.47843137 0.59607846 0.6156863 0.5764706 0.5568628 0.5568628 0.56078434 0.5647059 0.5647059 0.5647059 0.5647059 0.5686275
0.5294118 0.53333336 0.53333336 0.53333336 0.5372549 0.5411765 0.5411765 0.5372549 0.53333336 0.5254902 0.49019608 0.62352943 0.5568628 0.36078432 0.30588236 0.32941177 0.4117647 0.39607844 0.32941177 0.46666667 0.59607846 0.56078434 0.5529412 0.56078434 0.5647059 0.5647059 0.5647059 0.5647059 0.5647059 0.5647059 0.5647059 0.5686275
0.5294118 0.53333336 0.53333336 0.53333336 0.5372549 0.5411765 0.5411765 0.5372549 0.5372549 0.5372549 0.57254905 0.69803923 0.43529412 0.31764707 0.29411766 0.2901961 0.3254902 0.39607844 0.45882353 0.5764706 0.5764706 0.5568628 0.5686275 0.5686275 0.5647059 0.5647059 0.5647059 0.5647059 0.5647059 0.5647059 0.5647059 0.5686275
0.5294118 0.53333336 0.53333336 0.53333336 0.5372549 0.5411765 0.5411765 0.5411765 0.5411765 0.54901963 0.59607846 0.47058824 0.29803923 0.29803923 0.29411766 0.26666668 0.35686275 0.4745098 0.62352943 0.5764706 0.5686275 0.56078434 0.5647059 0.5647059 0.5647059 0.5647059 0.5647059 0.5647059 0.5647059 0.5647059 0.5647059 0.5686275
0.5294118 0.53333336 0.53333336 0.53333336 0.5372549 0.5411765 0.5411765 0.54509807 0.54509807 0.5568628 0.62352943 0.41960785 0.30588236 0.28627452 0.31764707 0.2901961 0.27450982 0.4117647 0.6039216 0.5529412 0.5568628 0.5647059 0.5647059 0.5647059 0.5647059 0.5647059 0.5647059 0.5647059 0.5647059 0.5647059 0.5647059 0.5686275
0.5294118 0.53333336 0.53333336 0.53333336 0.5372549 0.5411765 0.5411765 0.54901963 0.54901963 0.5568628 0.6 0.5764706 0.5372549 0.33333334 0.30588236 0.27058825 0.26666668 0.45882353 0.60784316 0.56078434 0.5568628 0.5647059 0.5647059 0.5647059 0.5647059 0.5647059 0.5647059 0.5647059 0.5647059 0.5647059 0.5647059 0.5647059
0.5294118 0.53333336 0.53333336 0.53333336 0.5372549 0.5411765 0.5411765 0.54901963 0.54901963 0.54901963 0.5529412 0.59607846 0.5254902 0.3019608 0.32156864 0.30588236 0.32156864 0.4392157 0.6156863 0.5686275 0.56078434 0.5647059 0.5647059 0.5647059 0.5647059 0.5647059 0.5647059 0.5647059 0.5647059 0.5647059 0.5647059 0.5647059
0.5294118 0.53333336 0.53333336 0.53333336 0.5372549 0.5411765 0.5411765 0.54509807 0.54901963 0.5372549 0.5058824 0.53333336 0.49411765 0.3019608 0.34901962 0.3137255 0.31764707 0.36078432 0.5647059 0.5764706 0.5686275 0.5647059 0.5647059 0.5647059 0.5647059 0.5647059 0.5647059 0.5647059 0.5647059 0.5647059 0.5647059 0.5647059
0.5294118 0.5372549 0.5372549 0.5372549 0.54901963 0.5568628 0.5568628 0.5568628 0.56078434 0.54901963 0.5294118 0.54509807 0.57254905 0.43137255 0.3019608 0.32941177 0.3647059 0.4117647 0.5176471 0.627451 0.57254905 0.57254905 0.57254905 0.57254905 0.57254905 0.57254905 0.5686275 0.5686275 0.5686275 0.5686275 0.5686275 0.57254905
0.5294118 0.5372549 0.5411765 0.5411765 0.5568628 0.5647059 0.5647059 0.5647059 0.5647059 0.56078434 0.5411765 0.5529412 0.5686275 0.5647059 0.3647059 0.3019608 0.36862746 0.4117647 0.43137255 0.60784316 0.5882353 0.5764706 0.5764706 0.5764706 0.5764706 0.5764706 0.57254905 0.57254905 0.57254905 0.57254905 0.57254905 0.5764706
0.5294118 0.5372549 0.5411765 0.5411765 0.5529412 0.5647059 0.5647059 0.5647059 0.5647059 0.56078434 0.5411765 0.5529412 0.5686275 0.5764706 0.54901963 0.3529412 0.31764707 0.3647059 0.35686275 0.4509804 0.5921569 0.5764706 0.5764706 0.5764706 0.5764706 0.5764706 0.57254905 0.57254905 0.57254905 0.57254905 0.57254905 0.5764706
0.5294118 0.5372549 0.5411765 0.5411765 0.5529412 0.5647059 0.5647059 0.5647059 0.5647059 0.56078434 0.5411765 0.5529412 0.56078434 0.57254905 0.5921569 0.5686275 0.38039216 0.31764707 0.30980393 0.29411766 0.50980395 0.58431375 0.5764706 0.5764706 0.5764706 0.5764706 0.57254905 0.57254905 0.57254905 0.57254905 0.57254905 0.5764706
0.5294118 0.5372549 0.5411765 0.5411765 0.5529412 0.5647059 0.5647059 0.5647059 0.5647059 0.56078434 0.54901963 0.5529412 0.5568628 0.5686275 0.5686275 0.5686275 0.57254905 0.43529412 0.32156864 0.2509804 0.2901961 0.5137255 0.58431375 0.5803922 0.5764706 0.5764706 0.57254905 0.57254905 0.57254905 0.57254905 0.57254905 0.5764706
0.5294118 0.5372549 0.5411765 0.5411765 0.5529412 0.5647059 0.5647059 0.5647059 0.5647059 0.5647059 0.5529412 0.5529412 0.5568628 0.5568628 0.5568628 0.5568628 0.5764706 0.6 0.53333336 0.44705883 0.3764706 0.4627451 0.58431375 0.57254905 0.5764706 0.5764706 0.57254905 0.57254905 0.57254905 0.57254905 0.57254905 0.5764706
0.5294118 0.5372549 0.5411765 0.5411765 0.5529412 0.5647059 0.5647059 0.5647059 0.5647059 0.56078434 0.5529412 0.5529412 0.5529412 0.54901963 0.54901963 0.54901963 0.5764706 0.58431375 0.6039216 0.6156863 0.60784316 0.58431375 0.5882353 0.5803922 0.5764706 0.5764706 0.57254905 0.57254905 0.57254905 0.57254905 0.57254905 0.5764706
0.5294118 0.5372549 0.5411765 0.5411765 0.5529412 0.5647059 0.5647059 0.5647059 0.5647059 0.5647059 0.5529412 0.5529412 0.54509807 0.5372549 0.5372549 0.57254905 0.5764706 0.5882353 0.5686275 0.5921569 0.60784316 0.5882353 0.5921569 0.5803922 0.5764706 0.5764706 0.57254905 0.57254905 0.57254905 0.57254905 0.57254905 0.5764706
0.5372549 0.5411765 0.5411765 0.5411765 0.5529412 0.56078434 0.56078434 0.5568628 0.5568628 0.5568628 0.5568628 0.5568628 0.5529412 0.54509807 0.54509807 0.5686275 0.5686275 0.57254905 0.5686275 0.5803922 0.5921569 0.57254905 0.5764706 0.5764706 0.57254905 0.57254905 0.5764706 0.5764706 0.5764706 0.5803922 0.5803922 0.5803922
0.60784316 0.6156863 0.6156863 0.6156863 0.62352943 0.627451 0.627451 0.627451 0.627451 0.627451 0.627451 0.62352943 0.6156863 0.6156863 0.6156863 0.62352943 0.62352943 0.62352943 0.62352943 0.62352943 0.62352943 0.627451 0.627451 0.627451 0.627451 0.627451 0.6156863 0.6156863 0.61960787 0.61960787 0.62352943 0.6156863
0.6156863 0.61960787 0.6156863 0.6156863 0.62352943 0.627451 0.627451 0.627451 0.627451 0.627451 0.62352943 0.6156863 0.6117647 0.6 0.6117647 0.61960787 0.62352943 0.62352943 0.62352943 0.62352943 0.62352943 0.627451 0.627451 0.627451 0.627451 0.627451 0.62352943 0.62352943 0.627451 0.6313726 0.6313726 0.62352943
0.6117647 0.61960787 0.61960787 0.61960787 0.62352943 0.627451 0.627451 0.627451 0.627451 0.627451 0.61960787 0.6117647 0.60784316 0.6117647 0.5647059 0.5921569 0.627451 0.62352943 0.62352943 0.62352943 0.627451 0.627451 0.627451 0.627451 0.627451 0.627451 0.61960787 0.61960787 0.627451 0.6313726 0.6313726 0.627451
0.61960787 0.61960787 0.61960787 0.61960787 0.627451 0.6313726 0.6313726 0.6313726 0.6313726 0.627451 0.61960787 0.6117647 0.6117647 0.57254905 0.37254903 0.5882353 0.6313726 0.6313726 0.6313726 0.6313726 0.6313726 0.6313726 0.6313726 0.63529414 0.6392157 0.63529414 0.62352943 0.62352943 0.627451 0.627451 0.627451 0.627451
0.61960787 0.61960787 0.61960787 0.61960787 0.62352943 0.627451 0.627451 0.627451 0.627451 0.627451 0.62352943 0.60784316 0.61960787 0.41568628 0.3019608 0.6156863 0.627451 0.627451 0.627451 0.627451 0.627451 0.627451 0.627451 0.6313726 0.63529414 0.63529414 0.62352943 0.62352943 0.627451 0.6313726 0.6313726 0.6313726
0.61960787 0.61960787 0.61960787 0.61960787 0.62352943 0.627451 0.627451 0.627451 0.627451 0.62352943 0.6156863 0.6117647 0.53333336 0.28235295 0.33333334 0.6156863 0.627451 0.627451 0.627451 0.627451 0.627451 0.627451 0.627451 0.6313726 0.63529414 0.63529414 0.627451 0.627451 0.6313726 0.63529414 0.63529414 0.63529414
0.61960787 0.61960787 0.61960787 0.61960787 0.62352943 0.627451 0.627451 0.627451 0.627451 0.62352943 0.62352943 0.6 0.39215687 0.27058825 0.3764706 0.627451 0.627451 0.627451 0.627451 0.627451 0.627451 0.627451 0.627451 0.6313726 0.63529414 0.63529414 0.6313726 0.6313726 0.63529414 0.63529414 0.63529414 0.63529414
0.627451 0.627451 0.6313726 0.6313726 0.6313726 0.63529414 0.63529414 0.63529414 0.63529414 0.6313726 0.62352943 0.5529412 0.3254902 0.29803923 0.40784314 0.6117647 0.62352943 0.63529414 0.6431373 0.63529414 0.61960787 0.6039216 0.6156863 0.62352943 0.6313726 0.6431373 0.6313726 0.6313726 0.63529414 0.6392157 0.6392157 0.63529414
0.6313726 0.6313726 0.63529414 0.63529414 0.63529414 0.63529414 0.63529414 0.63529414 0.63529414 0.6313726 0.61960787 0.44705883 0.3254902 0.3254902 0.46666667 0.60784316 0.60784316 0.61960787 0.6313726 0.62352943 0.6156863 0.60784316 0.6156863 0.62352943 0.6313726 0.6392157 0.6313726 0.6313726 0.63529414 0.6392157 0.6392157 0.63529414
0.6313726 0.6313726 0.63529414 0.63529414 0.63529414 0.63529414 0.63529414 0.63529414 0.63529414 0.63529414 0.5882353 0.35686275 0.32941177 0.33333334 0.4509804 0.6 0.6039216 0.6156863 0.61960787 0.61960787 0.61960787 0.62352943 0.627451 0.627451 0.6313726 0.63529414 0.6313726 0.6313726 0.63529414 0.6392157 0.6392157 0.63529414
0.6313726 0.6313726 0.63529414 0.63529414 0.63529414 0.63529414 0.63529414 0.63529414 0.63529414 0.63529414 0.5176471 0.32156864 0.32156864 0.3019608 0.34509805 0.6 0.61960787 0.6313726 0.6313726 0.6313726 0.6313726 0.63529414 0.6313726 0.63529414 0.63529414 0.6313726 0.627451 0.6313726 0.63529414 0.6392157 0.6392157 0.63529414
0.6313726 0.63529414 0.63529414 0.63529414 0.63529414 0.63529414 0.63529414 0.63529414 0.63529414 0.63529414 0.46666667 0.3137255 0.30588236 0.28235295 0.32156864 0.5686275 0.6313726 0.6392157 0.63529414 0.627451 0.6392157 0.6431373 0.6431373 0.65882355 0.63529414 0.6313726 0.6392157 0.6392157 0.6392157 0.6392157 0.6392157 0.63529414
0.6313726 0.63529414 0.63529414 0.63529414 0.63529414 0.63529414 0.63529414 0.63529414 0.63529414 0.6313726 0.40784314 0.3137255 0.29803923 0.28627452 0.28627452 0.37254903 0.627451 0.6313726 0.6313726 0.61960787 0.6313726 0.6431373 0.5529412 0.4627451 0.6117647 0.6313726 0.6392157 0.6392157 0.6392157 0.6392157 0.6392157 0.63529414
0.6313726 0.63529414 0.63529414 0.63529414 0.63529414 0.63529414 0.63529414 0.63529414 0.63529414 0.63529414 0.49411765 0.30980393 0.2901961 0.29803923 0.2784314 0.24705882 0.45882353 0.65882355 0.6392157 0.6313726 0.56078434 0.42352942 0.23921569 0.2784314 0.5764706 0.6313726 0.6392157 0.6392157 0.6392157 0.6392157 0.6392157 0.63529414
0.6313726 0.63529414 0.63529414 0.63529414 0.63529414 0.63529414 0.63529414 0.63529414 0.63529414 0.63529414 0.627451 0.47843137 0.3019608 0.26666668 0.24313726 0.24313726 0.3254902 0.47843137 0.5294118 0.43137255 0.27058825 0.3254902 0.49411765 0.627451 0.6509804 0.6392157 0.6431373 0.6392157 0.6392157 0.6392157 0.6392157 0.63529414
0.6313726 0.63529414 0.63529414 0.63529414 0.63529414 0.63529414 0.63529414 0.63529414 0.63529414 0.6392157 0.654902 0.6392157 0.34117648 0.23529412 0.26666668 0.30588236 0.3372549 0.2901961 0.30588236 0.31764707 0.47843137 0.63529414 0.6627451 0.6392157 0.63529414 0.6392157 0.6392157 0.6392157 0.6392157 0.6392157 0.6392157 0.6392157
0.6313726 0.63529414 0.63529414 0.63529414 0.63529414 0.63529414 0.63529414 0.63529414 0.63529414 0.6392157 0.6313726 0.65882355 0.48235294 0.27058825 0.27058825 0.3137255 0.33333334 0.2901961 0.3019608 0.4862745 0.6313726 0.6431373 0.6313726 0.63529414 0.6392157 0.6392157 0.6392157 0.6392157 0.6392157 0.6392157 0.6392157 0.6392157
0.6313726 0.63529414 0.63529414 0.63529414 0.63529414 0.63529414 0.63529414 0.6392157 0.6392157 0.63529414 0.6392157 0.69411767 0.36862746 0.23921569 0.27058825 0.30588236 0.28627452 0.32941177 0.4627451 0.627451 0.6313726 0.6313726 0.6392157 0.6431373 0.6392157 0.6392157 0.6392157 0.6392157 0.6392157 0.6392157 0.6392157 0.6392157
0.6313726 0.63529414 0.63529414 0.63529414 0.63529414 0.63529414 0.63529414 0.6431373 0.6431373 0.6392157 0.60784316 0.4392157 0.22745098 0.22745098 0.2784314 0.3019608 0.34509805 0.43529412 0.654902 0.6509804 0.6431373 0.63529414 0.6392157 0.6392157 0.6392157 0.6392157 0.6392157 0.6392157 0.6392157 0.6392157 0.6392157 0.6392157
0.6313726 0.63529414 0.63529414 0.63529414 0.63529414 0.63529414 0.63529414 0.64705884 0.6509804 0.6431373 0.6313726 0.4 0.26666668 0.24313726 0.30980393 0.34117648 0.29411766 0.39215687 0.64705884 0.6392157 0.6392157 0.6392157 0.6392157 0.6392157 0.6392157 0.6392157 0.6392157 0.6392157 0.6392157 0.6392157 0.6392157 0.6392157
0.6313726 0.63529414 0.63529414 0.63529414 0.63529414 0.63529414 0.63529414 0.64705884 0.6509804 0.64705884 0.63529414 0.5921569 0.5294118 0.31764707 0.29411766 0.3137255 0.28235295 0.4392157 0.6431373 0.6392157 0.63529414 0.6392157 0.6392157 0.6392157 0.6392157 0.6392157 0.6392157 0.6392157 0.6392157 0.6392157 0.6392157 0.63529414
0.6313726 0.63529414 0.63529414 0.63529414 0.63529414 0.63529414 0.63529414 0.64705884 0.6509804 0.6509804 0.6431373 0.65882355 0.5647059 0.31764707 0.3019608 0.32941177 0.3254902 0.4117647 0.6431373 0.63529414 0.63529414 0.6392157 0.6392157 0.6392157 0.6392157 0.6392157 0.6392157 0.6392157 0.6392157 0.6392157 0.6392157 0.63529414
0.6313726 0.63529414 0.63529414 0.63529414 0.63529414 0.63529414 0.63529414 0.64705884 0.6509804 0.6509804 0.6431373 0.6392157 0.5764706 0.34509805 0.32941177 0.32156864 0.3137255 0.3254902 0.58431375 0.6392157 0.6392157 0.6392157 0.6392157 0.6392157 0.6392157 0.6392157 0.6392157 0.6392157 0.6392157 0.6392157 0.6392157 0.63529414
0.6313726 0.63529414 0.63529414 0.63529414 0.63529414 0.6392157 0.6392157 0.6431373 0.6431373 0.6431373 0.64705884 0.6431373 0.64705884 0.48235294 0.3254902 0.3254902 0.30980393 0.30588236 0.43529412 0.627451 0.6313726 0.63529414 0.63529414 0.63529414 0.63529414 0.63529414 0.6431373 0.6431373 0.6431373 0.6431373 0.6431373 0.6431373
0.6313726 0.63529414 0.63529414 0.63529414 0.6392157 0.6392157 0.6392157 0.6392157 0.6392157 0.6392157 0.6392157 0.63529414 0.63529414 0.61960787 0.4117647 0.3137255 0.31764707 0.29803923 0.3137255 0.5803922 0.6392157 0.63529414 0.63529414 0.63529414 0.63529414 0.63529414 0.6431373 0.64705884 0.64705884 0.64705884 0.64705884 0.64705884
0.6313726 0.63529414 0.63529414 0.63529414 0.6392157 0.6392157 0.6392157 0.6392157 0.6392157 0.6392157 0.6392157 0.6392157 0.6392157 0.63529414 0.6039216 0.4 0.32156864 0.30980393 0.29803923 0.44705883 0.6431373 0.63529414 0.63529414 0.63529414 0.63529414 0.63529414 0.6431373 0.64705884 0.64705884 0.64705884 0.64705884 0.64705884
0.6313726 0.63529414 0.63529414 0.63529414 0.6392157 0.6392157 0.6392157 0.6392157 0.6392157 0.6392157 0.6392157 0.6392157 0.6313726 0.63529414 0.6509804 0.6392157 0.41960785 0.3019608 0.2901961 0.3137255 0.5568628 0.6431373 0.63529414 0.63529414 0.63529414 0.63529414 0.6431373 0.64705884 0.64705884 0.64705884 0.64705884 0.64705884
0.6313726 0.63529414 0.63529414 0.63529414 0.6392157 0.6392157 0.6392157 0.6392157 0.6392157 0.6392157 0.64705884 0.6431373 0.6392157 0.6392157 0.63529414 0.6509804 0.6313726 0.45490196 0.34117648 0.28235295 0.34117648 0.57254905 0.6431373 0.6392157 0.63529414 0.63529414 0.6431373 0.64705884 0.64705884 0.64705884 0.64705884 0.64705884
0.6313726 0.63529414 0.63529414 0.63529414 0.6392157 0.6392157 0.6392157 0.6392157 0.6392157 0.6392157 0.64705884 0.64705884 0.6431373 0.63529414 0.6392157 0.6431373 0.6431373 0.6392157 0.5686275 0.48235294 0.42352942 0.52156866 0.6431373 0.6313726 0.63529414 0.63529414 0.6431373 0.64705884 0.64705884 0.64705884 0.64705884 0.64705884
0.6313726 0.63529414 0.63529414 0.63529414 0.6392157 0.6392157 0.6392157 0.6392157 0.6392157 0.6392157 0.64705884 0.64705884 0.6431373 0.6392157 0.6392157 0.627451 0.63529414 0.6392157 0.6509804 0.64705884 0.6392157 0.6392157 0.64705884 0.6392157 0.63529414 0.63529414 0.6431373 0.64705884 0.64705884 0.64705884 0.64705884 0.64705884
0.6313726 0.63529414 0.63529414 0.63529414 0.6392157 0.6392157 0.6392157 0.6392157 0.6392157 0.6392157 0.6431373 0.64705884 0.64705884 0.6431373 0.6431373 0.6431373 0.6313726 0.64705884 0.6431373 0.63529414 0.6392157 0.64705884 0.6509804 0.6392157 0.63529414 0.63529414 0.6431373 0.64705884 0.64705884 0.64705884 0.64705884 0.64705884
0.62352943 0.627451 0.62352943 0.62352943 0.6313726 0.63529414 0.63529414 0.6313726 0.6313726 0.6313726 0.6392157 0.6392157 0.6392157 0.6392157 0.6392157 0.6392157 0.63529414 0.6392157 0.64705884 0.6431373 0.64705884 0.6392157 0.64705884 0.6431373 0.6392157 0.6392157 0.6431373 0.64705884 0.64705884 0.64705884 0.64705884 0.64705884
0.7254902 0.73333335 0.73333335 0.73333335 0.73333335 0.73333335 0.73333335 0.73333335 0.73333335 0.7372549 0.7411765 0.73333335 0.7176471 0.7294118 0.74509805 0.74509805 0.7411765 0.7411765 0.7411765 0.7411765 0.7411765 0.73333335 0.73333335 0.73333335 0.73333335 0.73333335 0.73333335 0.73333335 0.7372549 0.7372549 0.7372549 0.7372549
0.73333335 0.7372549 0.73333335 0.73333335 0.73333335 0.73333335 0.73333335 0.73333335 0.73333335 0.73333335 0.7411765 0.74509805 0.7411765 0.7176471 0.7254902 0.7372549 0.7411765 0.7411765 0.7411765 0.7411765 0.7411765 0.73333335 0.73333335 0.73333335 0.73333335 0.73333335 0.7372549 0.7411765 0.74509805 0.7490196 0.7490196 0.7411765
0.7294118 0.7372549 0.7372549 0.7372549 0.7372549 0.73333335 0.73333335 0.73333335 0.73333335 0.73333335 0.7372549 0.75686276 0.7607843 0.7254902 0.6666667 0.7019608 0.74509805 0.7411765 0.7411765 0.7411765 0.7411765 0.73333335 0.73333335 0.73333335 0.73333335 0.73333335 0.73333335 0.7372549 0.74509805 0.7490196 0.7490196 0.74509805
0.7372549 0.7372549 0.7372549 0.7372549 0.7372549 0.7411765 0.7411765 0.7411765 0.7411765 0.73333335 0.73333335 0.76862746 0.7490196 0.64705884 0.43529412 0.69411767 0.7490196 0.7490196 0.7490196 0.7490196 0.74509805 0.7411765 0.7411765 0.7411765 0.74509805 0.74509805 0.7411765 0.7411765 0.74509805 0.74509805 0.74509805 0.74509805
0.7372549 0.7372549 0.7372549 0.7372549 0.7372549 0.7372549 0.7372549 0.7372549 0.7372549 0.73333335 0.7372549 0.75686276 0.7294118 0.45490196 0.34509805 0.7176471 0.74509805 0.74509805 0.74509805 0.74509805 0.7411765 0.7372549 0.7372549 0.7372549 0.7411765 0.7411765 0.7411765 0.7411765 0.74509805 0.7490196 0.7490196 0.7490196
0.7372549 0.7372549 0.7372549 0.7372549 0.7372549 0.7372549 0.7372549 0.7372549 0.7372549 0.73333335 0.7372549 0.7529412 0.6117647 0.28627452 0.36078432 0.7176471 0.7490196 0.74509805 0.74509805 0.74509805 0.7411765 0.7372549 0.7372549 0.7411765 0.7411765 0.7411765 0.7411765 0.74509805 0.7490196 0.7529412 0.7529412 0.7529412
0.7372549 0.7372549 0.7372549 0.7372549 0.7372549 0.7372549 0.7372549 0.7372549 0.7372549 0.73333335 0.7490196 0.7294118 0.4392157 0.24313726 0.39215687 0.72156864 0.74509805 0.7411765 0.74509805 0.74509805 0.7411765 0.7372549 0.7372549 0.7411765 0.7411765 0.7411765 0.74509805 0.7490196 0.7529412 0.7529412 0.7529412 0.7529412
0.7372549 0.7372549 0.7411765 0.7411765 0.7411765 0.7411765 0.7411765 0.7411765 0.7411765 0.7411765 0.7490196 0.62352943 0.2901961 0.23529412 0.4392157 0.72156864 0.7294118 0.72156864 0.7176471 0.73333335 0.74509805 0.7372549 0.7372549 0.7411765 0.74509805 0.74509805 0.74509805 0.7490196 0.7529412 0.75686276 0.75686276 0.7490196
0.7372549 0.7372549 0.7411765 0.7411765 0.7411765 0.7411765 0.7411765 0.7411765 0.7411765 0.7411765 0.7254902 0.4627451 0.25490198 0.2627451 0.47843137 0.74509805 0.7647059 0.75686276 0.7372549 0.74509805 0.7490196 0.7411765 0.7411765 0.7411765 0.74509805 0.74509805 0.74509805 0.7490196 0.7529412 0.75686276 0.75686276 0.7490196
0.7372549 0.7372549 0.7411765 0.7411765 0.7411765 0.7411765 0.7411765 0.7411765 0.7411765 0.74509805 0.6627451 0.30980393 0.22745098 0.27450982 0.42352942 0.72156864 0.78039217 0.77254903 0.7490196 0.7372549 0.7372549 0.7490196 0.7490196 0.74509805 0.74509805 0.74509805 0.74509805 0.7490196 0.7529412 0.75686276 0.75686276 0.7490196
0.7372549 0.7372549 0.7411765 0.7411765 0.7411765 0.7411765 0.7411765 0.7411765 0.7411765 0.7411765 0.5686275 0.21960784 0.19215687 0.24705882 0.28627452 0.6627451 0.74509805 0.7372549 0.7254902 0.7058824 0.7058824 0.7490196 0.7490196 0.74509805 0.7411765 0.74509805 0.74509805 0.7490196 0.7529412 0.75686276 0.75686276 0.7490196
0.7372549 0.7411765 0.7411765 0.7411765 0.7411765 0.7411765 0.7411765 0.7411765 0.7411765 0.74509805 0.5137255 0.19607843 0.17254902 0.22745098 0.24313726 0.5529412 0.6862745 0.7137255 0.73333335 0.73333335 0.7411765 0.7294118 0.7411765 0.7607843 0.7490196 0.7529412 0.75686276 0.75686276 0.75686276 0.75686276 0.75686276 0.7490196
0.7372549 0.7411765 0.7411765 0.7411765 0.7411765 0.7411765 0.7411765 0.7411765 0.7411765 0.7372549 0.4745098 0.24705882 0.1882353 0.21960784 0.2 0.3529412 0.6745098 0.7137255 0.7529412 0.7529412 0.74509805 0.7058824 0.627451 0.56078434 0.72156864 0.75686276 0.7607843 0.75686276 0.75686276 0.75686276 0.75686276 0.7490196
0.7372549 0.7411765 0.7411765 0.7411765 0.7411765 0.7411765 0.7411765 0.7411765 0.7411765 0.7411765 0.5882353 0.3254902 0.23137255 0.21176471 0.2 0.22745098 0.49019608 0.72156864 0.74509805 0.7254902 0.627451 0.4509804 0.3019608 0.36078432 0.68235296 0.7647059 0.7647059 0.75686276 0.75686276 0.75686276 0.75686276 0.7490196
0.7372549 0.7411765 0.7411765 0.7411765 0.7411765 0.7411765 0.7411765 0.7411765 0.7411765 0.7411765 0.74509805 0.5647059 0.2784314 0.16470589 0.16862746 0.21568628 0.31764707 0.5058824 0.5686275 0.4392157 0.25490198 0.3254902 0.5372549 0.69803923 0.7529412 0.78039217 0.76862746 0.75686276 0.75686276 0.75686276 0.75686276 0.7490196
0.7372549 0.7411765 0.7411765 0.7411765 0.7411765 0.74509805 0.74509805 0.7411765 0.7411765 0.7411765 0.7490196 0.70980394 0.3647059 0.20784314 0.22352941 0.24705882 0.2784314 0.27058825 0.30980393 0.34901962 0.5254902 0.72156864 0.7607843 0.74509805 0.74509805 0.7647059 0.7607843 0.75686276 0.75686276 0.75686276 0.75686276 0.7529412
0.7372549 0.7411765 0.7411765 0.7411765 0.74509805 0.74509805 0.74509805 0.7411765 0.7411765 0.74509805 0.72156864 0.70980394 0.50980395 0.27058825 0.23529412 0.23921569 0.25490198 0.25490198 0.31764707 0.5529412 0.7254902 0.7647059 0.7529412 0.75686276 0.75686276 0.75686276 0.75686276 0.75686276 0.75686276 0.75686276 0.75686276 0.7529412
0.7372549 0.7411765 0.7411765 0.7411765 0.74509805 0.74509805 0.74509805 0.74509805 0.74509805 0.74509805 0.7490196 0.73333335 0.36862746 0.23529412 0.23137255 0.22352941 0.19607843 0.28627452 0.49803922 0.7137255 0.7372549 0.7490196 0.75686276 0.7607843 0.75686276 0.75686276 0.75686276 0.75686276 0.75686276 0.75686276 0.75686276 0.7529412
0.7372549 0.7411765 0.7411765 0.7411765 0.74509805 0.74509805 0.74509805 0.7490196 0.7490196 0.7529412 0.7254902 0.4627451 0.20784314 0.21960784 0.23529412 0.21176471 0.24705882 0.38431373 0.7058824 0.75686276 0.7607843 0.7529412 0.75686276 0.75686276 0.75686276 0.75686276 0.75686276 0.75686276 0.75686276 0.75686276 0.75686276 0.7529412
0.7372549 0.7411765 0.7411765 0.7411765 0.74509805 0.74509805 0.74509805 0.7529412 0.7529412 0.75686276 0.7490196 0.42745098 0.2509804 0.23529412 0.27058825 0.24313726 0.17254902 0.34117648 0.7137255 0.78431374 0.7764706 0.75686276 0.75686276 0.75686276 0.75686276 0.75686276 0.75686276 0.75686276 0.75686276 0.75686276 0.75686276 0.7490196
0.7372549 0.7411765 0.7411765 0.7411765 0.74509805 0.74509805 0.74509805 0.7529412 0.75686276 0.7607843 0.75686276 0.6509804 0.5372549 0.29803923 0.24313726 0.22745098 0.16078432 0.38039216 0.7176471 0.7921569 0.77254903 0.75686276 0.75686276 0.75686276 0.75686276 0.75686276 0.75686276 0.75686276 0.75686276 0.75686276 0.75686276 0.7490196
0.7372549 0.7411765 0.7411765 0.7411765 0.74509805 0.74509805 0.74509805 0.7529412 0.75686276 0.7607843 0.7607843 0.7647059 0.6039216 0.2784314 0.22745098 0.2509804 0.21176471 0.34509805 0.7176471 0.7764706 0.7529412 0.75686276 0.75686276 0.75686276 0.75686276 0.75686276 0.75686276 0.75686276 0.75686276 0.75686276 0.75686276 0.7490196
0.7372549 0.7411765 0.7411765 0.7411765 0.7411765 0.74509805 0.74509805 0.7529412 0.75686276 0.7490196 0.7647059 0.79607844 0.6431373 0.2784314 0.22352941 0.25882354 0.20392157 0.2509804 0.6745098 0.77254903 0.7372549 0.75686276 0.75686276 0.75686276 0.75686276 0.75686276 0.75686276 0.75686276 0.75686276 0.75686276 0.75686276 0.7490196
0.7372549 0.7411765 0.74509805 0.74509805 0.7490196 0.7529412 0.7529412 0.75686276 0.75686276 0.7490196 0.7490196 0.7764706 0.7490196 0.5019608 0.28627452 0.25882354 0.22352941 0.2509804 0.4509804 0.7019608 0.73333335 0.75686276 0.75686276 0.75686276 0.75686276 0.75686276 0.7607843 0.7607843 0.7607843 0.7607843 0.7607843 0.7529412
0.7372549 0.7411765 0.74509805 0.74509805 0.7529412 0.75686276 0.75686276 0.75686276 0.75686276 0.7529412 0.73333335 0.7490196 0.75686276 0.7058824 0.4392157 0.23137255 0.21960784 0.22352941 0.2901961 0.6156863 0.73333335 0.75686276 0.75686276 0.75686276 0.75686276 0.75686276 0.7647059 0.7647059 0.7647059 0.7647059 0.7647059 0.75686276
0.7372549 0.7411765 0.74509805 0.74509805 0.7529412 0.75686276 0.75686276 0.75686276 0.75686276 0.7529412 0.73333335 0.7529412 0.7647059 0.7372549 0.6627451 0.3529412 0.23137255 0.23137255 0.27450982 0.4627451 0.7058824 0.75686276 0.75686276 0.75686276 0.75686276 0.75686276 0.7647059 0.7647059 0.7647059 0.7647059 0.7647059 0.75686276
0.7372549 0.7411765 0.74509805 0.74509805 0.7529412 0.75686276 0.75686276 0.75686276 0.75686276 0.7529412 0.73333335 0.7529412 0.7607843 0.7607843 0.7490196 0.6666667 0.4117647 0.28235295 0.27450982 0.30588236 0.5921569 0.7647059 0.75686276 0.75686276 0.75686276 0.75686276 0.7647059 0.7647059 0.7647059 0.7647059 0.7647059 0.75686276
0.7372549 0.7411765 0.74509805 0.74509805 0.7529412 0.75686276 0.75686276 0.75686276 0.75686276 0.7529412 0.7372549 0.75686276 0.7647059 0.76862746 0.75686276 0.7529412 0.7137255 0.50980395 0.35686275 0.28627452 0.37254903 0.69411767 0.7647059 0.7607843 0.75686276 0.75686276 0.7647059 0.7647059 0.7647059 0.7647059 0.7647059 0.75686276
0.7372549 0.7411765 0.74509805 0.74509805 0.7529412 0.75686276 0.75686276 0.75686276 0.75686276 0.7529412 0.7411765 0.75686276 0.7647059 0.7607843 0.7607843 0.76862746 0.75686276 0.7294118 0.6509804 0.5529412 0.49411765 0.6431373 0.7647059 0.7529412 0.75686276 0.75686276 0.7647059 0.7647059 0.7647059 0.7647059 0.7647059 0.75686276
0.7372549 0.7411765 0.74509805 0.74509805 0.7529412 0.75686276 0.75686276 0.75686276 0.75686276 0.75686276 0.7529412 0.7529412 0.7490196 0.74509805 0.74509805 0.7490196 0.75686276 0.7490196 0.78431374 0.78039217 0.7607843 0.7607843 0.76862746 0.7607843 0.75686276 0.75686276 0.7647059 0.7647059 0.7647059 0.7647059 0.7647059 0.75686276
0.7372549 0.7411765 0.74509805 0.74509805 0.7529412 0.75686276 0.75686276 0.75686276 0.75686276 0.7607843 0.7647059 0.7490196 0.73333335 0.7294118 0.7294118 0.75686276 0.7647059 0.7764706 0.76862746 0.75686276 0.75686276 0.76862746 0.77254903 0.7607843 0.75686276 0.75686276 0.7647059 0.7647059 0.7647059 0.7647059 0.7647059 0.75686276
0.7372549 0.7411765 0.7372549 0.7372549 0.74509805 0.7529412 0.7529412 0.7490196 0.7490196 0.7490196 0.75686276 0.7490196 0.7411765 0.7411765 0.7411765 0.75686276 0.7607843 0.7647059 0.75686276 0.7529412 0.75686276 0.7607843 0.7647059 0.7607843 0.7607843 0.7607843 0.75686276 0.7529412 0.7529412 0.75686276 0.75686276 0.7529412
31 7 2
10 31 0
29 0 2
0 31 2
0 5 2
0 11 0
0 18 1
31 5 1
0 12 2
15 0 2
28 0 1
0 11 1
29 31 2
31 1 2
31 13 2
0 24 0
14 31 0
0 1 1
26 0 1
28 31 1
3 31 0
31 10 2
31 0 2
0 31 1
31 3 2
31 21 1
31 3 0
29 31 0
4 31 0
1 31 0
31 20 0
0 19 0
6 31 1
31 14 2
0 27 2
31 6 1
20 0 0
0 13 1
0 12 1
31 23 2
13 0 0
1 0 1
0 1 2
24 31 0
0 2 0
31 20 1
0 0 2
7 0 1
25 31 2
0 13 0
