32, 32, 3, 50
0.9843137 0.9843137 0.9843137 0.9843137 0.9843137 0.9843137 0.9843137 0.9843137 0.9843137 0.9843137 0.9843137 0.9843137 0.9843137 0.98039216 0.98039216 0.98039216 0.98039216 0.98039216 0.98039216 0.98039216 0.98039216 0.98039216 0.98039216 0.9843137 0.9843137 0.9843137 0.9882353 0.9882353 0.95686275 0.8980392 0.8784314 0.70980394
0.98039216 0.9843137 0.9843137 0.9843137 0.9882353 0.9882353 0.9882353 0.9843137 0.9843137 0.9843137 0.9843137 0.9843137 0.9843137 0.98039216 0.98039216 0.9843137 0.9882353 0.9882353 0.9882353 0.9882353 0.9882353 0.9882353 0.9882353 0.9882353 0.9843137 0.9882353 0.9882353 0.99215686 0.93333334 0.85882354 0.84705883 0.7176471
0.9882353 0.9843137 0.9843137 0.9882353 0.9882353 0.9882353 0.9882353 0.9882353 0.9882353 0.9882353 0.9882353 0.9882353 0.9843137 0.98039216 0.98039216 0.9843137 0.9882353 0.9882353 0.9882353 0.9882353 0.9882353 0.9882353 0.9843137 0.99607843 1.0 1.0 0.96862745 0.90588236 0.88235295 0.85490197 0.8156863 0.69411767
0.9372549 0.9843137 0.9882353 0.9882353 0.9882353 0.9882353 0.9882353 0.9843137 0.98039216 0.9843137 0.9882353 0.9882353 0.9882353 0.9843137 0.9882353 0.99215686 0.9882353 0.98039216 0.9843137 0.9882353 0.9843137 0.9843137 1.0 0.9490196 0.7058824 0.8666667 0.9411765 0.7921569 0.84705883 0.76862746 0.6627451 0.57254905
0.6627451 0.94509804 0.9843137 0.9843137 0.9882353 0.9882353 0.9882353 0.9843137 0.9843137 0.9843137 0.9882353 0.9882353 0.9882353 0.9882353 0.9882353 0.9764706 0.98039216 0.9647059 0.95686275 0.972549 0.972549 0.9882353 0.85882354 0.45882353 0.21568628 0.54509807 0.92156863 0.81960785 0.7372549 0.65882355 0.68235296 0.5372549
0.46666667 0.827451 0.9882353 0.9843137 0.9843137 0.9843137 0.9843137 0.9882353 0.9882353 0.9882353 0.99215686 0.99215686 0.99215686 0.9882353 0.9843137 0.9529412 0.8901961 0.87058824 0.8392157 0.9372549 0.9647059 0.8235294 0.4117647 0.23529412 0.23529412 0.49411765 0.7411765 0.7490196 0.6509804 0.63529414 0.6392157 0.5882353
0.46666667 0.72156864 0.972549 0.9843137 0.9843137 0.9843137 0.9843137 0.9882353 0.9882353 0.9882353 0.9882353 0.9882353 0.9882353 0.9843137 0.9529412 0.8 0.5411765 0.36862746 0.4509804 0.7411765 0.7176471 0.44705883 0.27058825 0.27058825 0.29411766 0.4392157 0.58431375 0.6 0.6313726 0.627451 0.52156866 0.54901963
0.34509805 0.5294118 0.9137255 0.9843137 0.9843137 0.9843137 0.9843137 0.9843137 0.9843137 0.9882353 0.9882353 0.9882353 0.9882353 0.95686275 0.8 0.3529412 0.15686275 0.2509804 0.42745098 0.5137255 0.43529412 0.30588236 0.2509804 0.2627451 0.33333334 0.3372549 0.47843137 0.48235294 0.58431375 0.5568628 0.5411765 0.5764706
0.32156864 0.4392157 0.74509805 0.96862745 0.98039216 0.98039216 0.9843137 0.9843137 0.9843137 0.9843137 0.9882353 0.9882353 0.9882353 0.9490196 0.5254902 0.08627451 0.11372549 0.43137255 0.4117647 0.3647059 0.3372549 0.25490198 0.25490198 0.30980393 0.44313726 0.36862746 0.40784314 0.47058824 0.5254902 0.5019608 0.54509807 0.67058825
0.3019608 0.38431373 0.5764706 0.827451 0.9764706 0.98039216 0.9843137 0.9843137 0.9843137 0.9843137 0.9843137 0.9843137 0.9882353 0.9098039 0.40784314 0.1882353 0.2901961 0.34901962 0.3529412 0.42352942 0.2627451 0.2627451 0.24705882 0.4 0.5411765 0.5137255 0.44313726 0.48235294 0.49803922 0.5294118 0.5176471 0.7254902
0.30588236 0.34509805 0.45490196 0.7372549 0.9843137 0.98039216 0.98039216 0.9843137 0.9843137 0.9843137 0.9843137 0.9843137 0.9843137 0.8509804 0.39607844 0.35686275 0.36078432 0.3529412 0.53333336 0.2784314 0.23529412 0.27058825 0.2627451 0.46666667 0.45882353 0.627451 0.47843137 0.5294118 0.50980395 0.5294118 0.6 0.72156864
0.2901961 0.3764706 0.39215687 0.5686275 0.8901961 0.9882353 0.98039216 0.9843137 0.9843137 0.9843137 0.9843137 0.9843137 0.9843137 0.8509804 0.54901963 0.47058824 0.39607844 0.5647059 0.36078432 0.19607843 0.25490198 0.23529412 0.40392157 0.45490196 0.3764706 0.47058824 0.45882353 0.5647059 0.5294118 0.45882353 0.45490196 0.6117647
0.28235295 0.35686275 0.4509804 0.46666667 0.6431373 0.93333334 0.9843137 0.98039216 0.9843137 0.9843137 0.9843137 0.9843137 0.972549 0.79607844 0.6039216 0.39215687 0.45490196 0.39607844 0.24313726 0.22352941 0.2627451 0.28627452 0.44705883 0.42745098 0.4509804 0.4862745 0.56078434 0.48235294 0.5411765 0.5294118 0.41960785 0.4862745
0.25882354 0.25882354 0.35686275 0.42745098 0.53333336 0.74509805 0.9647059 0.98039216 0.98039216 0.98039216 0.98039216 0.98039216 0.9647059 0.7764706 0.5882353 0.40392157 0.39215687 0.2901961 0.24705882 0.24313726 0.30588236 0.49019608 0.5921569 0.6039216 0.46666667 0.5921569 0.62352943 0.5411765 0.5019608 0.45882353 0.42352942 0.47058824
0.26666668 0.2627451 0.29803923 0.36078432 0.41568628 0.52156866 0.7882353 0.98039216 0.98039216 0.98039216 0.98039216 0.98039216 0.9647059 0.78431374 0.49411765 0.42352942 0.34901962 0.28627452 0.24705882 0.25490198 0.41568628 0.5372549 0.5411765 0.7647059 0.6784314 0.8 0.78039217 0.5372549 0.4745098 0.43529412 0.42352942 0.47843137
0.30588236 0.25882354 0.2627451 0.32941177 0.3764706 0.34509805 0.6431373 0.9647059 0.98039216 0.9764706 0.98039216 0.98039216 0.972549 0.85490197 0.5058824 0.4 0.31764707 0.2784314 0.23921569 0.29803923 0.5647059 0.69411767 0.7529412 0.8 0.69411767 0.74509805 0.7529412 0.63529414 0.5568628 0.43529412 0.48235294 0.54509807
0.30588236 0.22352941 0.22745098 0.28627452 0.33333334 0.2627451 0.41568628 0.7254902 0.9607843 0.96862745 0.972549 0.972549 0.972549 0.88235295 0.5254902 0.3647059 0.32156864 0.25882354 0.2627451 0.38431373 0.6666667 0.7529412 0.7137255 0.74509805 0.7294118 0.63529414 0.50980395 0.5294118 0.5137255 0.5294118 0.54509807 0.4117647
0.24705882 0.1764706 0.23529412 0.34901962 0.2901961 0.25882354 0.34117648 0.654902 0.9647059 0.9490196 0.9607843 0.96862745 0.9647059 0.8745098 0.5019608 0.39215687 0.3137255 0.2627451 0.28627452 0.5058824 0.627451 0.60784316 0.41960785 0.5254902 0.7882353 0.47843137 0.38431373 0.3764706 0.4117647 0.4117647 0.45490196 0.44705883
0.15294118 0.11372549 0.3882353 0.5411765 0.2509804 0.24705882 0.29411766 0.5529412 0.78039217 0.81960785 0.94509804 0.96862745 0.96862745 0.89411765 0.5411765 0.44705883 0.30980393 0.2627451 0.31764707 0.62352943 0.5764706 0.5254902 0.40784314 0.4509804 0.5019608 0.4117647 0.38039216 0.36078432 0.3529412 0.3647059 0.38039216 0.44705883
0.15686275 0.18039216 0.6156863 0.6862745 0.3019608 0.23137255 0.30588236 0.41960785 0.40784314 0.5058824 0.78039217 0.92156863 0.7921569 0.7058824 0.57254905 0.4745098 0.29803923 0.2509804 0.3529412 0.6901961 0.627451 0.54509807 0.5411765 0.45490196 0.4392157 0.40392157 0.3764706 0.34509805 0.32941177 0.41960785 0.40392157 0.40392157
0.10980392 0.34509805 0.6901961 0.63529414 0.3647059 0.23529412 0.3137255 0.34901962 0.32941177 0.4392157 0.57254905 0.57254905 0.5529412 0.62352943 0.59607846 0.4745098 0.3254902 0.2627451 0.38039216 0.6156863 0.5686275 0.5254902 0.5803922 0.47843137 0.3647059 0.4 0.34901962 0.30980393 0.3137255 0.39607844 0.4117647 0.34901962
0.14901961 0.52156866 0.5803922 0.48235294 0.38431373 0.23137255 0.27058825 0.35686275 0.30588236 0.4 0.49019608 0.50980395 0.5803922 0.63529414 0.6156863 0.47843137 0.30588236 0.25882354 0.40392157 0.58431375 0.5176471 0.5294118 0.52156866 0.42745098 0.30588236 0.3882353 0.38431373 0.34117648 0.32941177 0.40784314 0.36862746 0.3764706
0.36078432 0.5764706 0.5294118 0.4509804 0.39607844 0.2509804 0.27450982 0.4117647 0.41960785 0.43137255 0.41568628 0.40784314 0.5176471 0.60784316 0.6392157 0.49019608 0.30588236 0.3019608 0.45882353 0.53333336 0.44313726 0.49019608 0.46666667 0.38431373 0.34117648 0.36862746 0.3764706 0.32941177 0.29411766 0.5294118 0.44705883 0.43529412
0.5254902 0.49803922 0.49019608 0.41960785 0.3882353 0.31764707 0.24313726 0.29803923 0.35686275 0.39607844 0.4745098 0.45882353 0.44705883 0.5058824 0.6156863 0.49411765 0.31764707 0.3137255 0.45490196 0.49803922 0.44705883 0.44313726 0.44705883 0.4117647 0.35686275 0.34117648 0.35686275 0.3254902 0.3647059 0.44705883 0.43529412 0.42745098
0.49411765 0.49019608 0.46666667 0.40392157 0.38039216 0.4 0.32156864 0.3019608 0.3764706 0.39607844 0.4 0.42352942 0.4509804 0.4627451 0.56078434 0.4745098 0.31764707 0.32941177 0.49803922 0.50980395 0.38431373 0.36862746 0.3764706 0.3882353 0.38431373 0.3254902 0.3372549 0.29803923 0.37254903 0.44705883 0.4392157 0.39607844
0.48235294 0.49019608 0.44705883 0.41568628 0.40784314 0.41960785 0.35686275 0.35686275 0.38039216 0.35686275 0.36862746 0.4 0.3764706 0.3764706 0.5529412 0.5019608 0.3529412 0.3254902 0.50980395 0.4862745 0.36862746 0.35686275 0.34509805 0.34901962 0.32156864 0.34117648 0.34901962 0.33333334 0.34901962 0.40784314 0.43529412 0.4
0.4862745 0.39215687 0.34117648 0.34901962 0.39607844 0.3764706 0.2901961 0.33333334 0.28627452 0.30980393 0.31764707 0.31764707 0.24313726 0.30980393 0.5176471 0.49411765 0.32941177 0.35686275 0.52156866 0.47843137 0.41568628 0.3764706 0.3529412 0.29411766 0.2901961 0.36862746 0.3372549 0.34901962 0.3137255 0.32941177 0.3529412 0.34509805
0.41568628 0.3019608 0.27058825 0.26666668 0.29411766 0.3137255 0.27450982 0.25882354 0.22352941 0.21960784 0.21176471 0.21176471 0.21176471 0.25490198 0.45882353 0.4745098 0.36862746 0.31764707 0.5137255 0.50980395 0.36078432 0.32941177 0.38431373 0.29411766 0.28627452 0.34901962 0.30980393 0.23529412 0.26666668 0.3372549 0.3019608 0.28235295
0.35686275 0.2784314 0.23137255 0.21960784 0.21176471 0.24313726 0.22745098 0.14117648 0.14509805 0.12941177 0.12941177 0.11372549 0.1254902 0.16470589 0.34117648 0.49411765 0.34509805 0.3254902 0.49019608 0.49803922 0.34117648 0.30588236 0.2901961 0.21176471 0.22352941 0.2901961 0.3529412 0.16470589 0.21960784 0.3137255 0.29803923 0.24705882
0.39215687 0.24313726 0.16470589 0.15686275 0.18039216 0.24313726 0.23529412 0.14509805 0.078431375 0.047058824 0.07058824 0.09019608 0.12156863 0.16078432 0.27450982 0.4862745 0.32156864 0.30980393 0.4627451 0.49019608 0.34117648 0.29411766 0.18039216 0.14901961 0.23137255 0.23137255 0.33333334 0.21960784 0.20392157 0.30588236 0.30980393 0.23529412
0.36078432 0.17254902 0.09411765 0.08235294 0.16862746 0.21176471 0.21568628 0.22352941 0.11372549 0.043137256 0.08627451 0.09803922 0.039215688 0.078431375 0.23529412 0.48235294 0.2901961 0.28627452 0.41960785 0.5137255 0.34117648 0.28235295 0.18039216 0.16862746 0.24313726 0.22352941 0.29411766 0.2509804 0.20784314 0.29411766 0.2509804 0.16862746
0.3019608 0.13333334 0.101960786 0.105882354 0.10980392 0.2 0.23137255 0.24313726 0.1764706 0.08235294 0.06666667 0.09411765 0.050980393 0.078431375 0.20784314 0.45882353 0.3019608 0.31764707 0.41568628 0.4745098 0.23529412 0.23529412 0.25490198 0.27450982 0.23529412 0.23137255 0.23921569 0.23137255 0.20784314 0.30980393 0.21568628 0.18039216
0.99215686 0.99215686 0.99215686 0.99215686 0.99215686 0.99215686 0.99215686 0.99215686 0.99215686 0.99215686 0.99215686 0.99215686 0.99215686 0.99607843 0.99607843 0.99607843 0.99607843 0.99607843 0.99607843 0.99607843 0.99607843 0.99607843 0.99607843 0.99607843 0.99607843 0.99607843 0.99215686 0.99215686 0.96862745 0.9137255 0.8901961 0.73333335
0.9882353 0.99215686 0.99215686 0.99215686 0.99607843 0.99607843 0.99607843 0.99215686 0.99215686 0.99215686 0.99215686 0.99215686 0.99215686 0.99607843 0.99607843 0.99607843 0.99607843 0.99607843 0.99607843 0.99607843 0.99607843 0.99607843 0.99607843 0.99607843 0.99215686 0.99607843 0.99607843 1.0 0.9411765 0.8745098 0.8666667 0.73333335
0.99607843 0.99215686 0.99215686 0.99607843 0.99607843 0.99607843 0.99607843 0.99607843 0.99607843 0.99607843 0.99607843 0.99607843 0.99607843 0.99607843 0.99607843 0.99607843 0.99607843 0.99607843 0.99607843 0.99607843 0.99607843 0.99607843 0.99215686 1.0 1.0 1.0 0.972549 0.92156863 0.9019608 0.8745098 0.8392157 0.7137255
0.94509804 0.99215686 0.99607843 0.99607843 0.99607843 0.99607843 0.99607843 0.99607843 0.99607843 0.99607843 0.99607843 0.99607843 0.99607843 0.99607843 0.99607843 0.99607843 0.99215686 0.9843137 0.9843137 0.99215686 0.99215686 0.99215686 1.0 0.9529412 0.7137255 0.87058824 0.9490196 0.8235294 0.87058824 0.7882353 0.69411767 0.5882353
0.69803923 0.95686275 0.99215686 0.99215686 0.99607843 0.99607843 0.99607843 0.99607843 0.99607843 0.99607843 0.99607843 0.99607843 0.99607843 0.99607843 0.99607843 0.9843137 0.9843137 0.96862745 0.9607843 0.98039216 0.9882353 0.99607843 0.8627451 0.47058824 0.22745098 0.5647059 0.9372549 0.84313726 0.7647059 0.68235296 0.70980394 0.5647059
0.50980395 0.84705883 0.99607843 0.99215686 0.99215686 0.99215686 0.99215686 0.99607843 0.99607843 0.99607843 1.0 1.0 0.99607843 0.99607843 0.99215686 0.9607843 0.9019608 0.88235295 0.84705883 0.9411765 0.96862745 0.827451 0.4117647 0.23921569 0.23921569 0.5294118 0.7764706 0.77254903 0.6784314 0.6745098 0.6627451 0.6039216
0.5058824 0.74509805 0.98039216 0.9882353 0.99215686 0.99215686 0.99215686 0.99215686 0.99607843 0.99607843 0.99607843 0.99607843 0.99607843 0.9882353 0.9607843 0.80784315 0.54509807 0.36862746 0.44705883 0.74509805 0.7176471 0.44705883 0.26666668 0.2627451 0.3019608 0.4862745 0.63529414 0.6431373 0.65882355 0.6509804 0.5411765 0.5764706
0.4 0.5686275 0.9254902 0.9882353 0.9882353 0.99215686 0.99215686 0.99215686 0.99215686 0.99607843 0.99607843 0.99607843 0.99215686 0.9647059 0.79607844 0.36862746 0.17254902 0.2627451 0.43137255 0.52156866 0.41568628 0.30588236 0.25882354 0.2627451 0.3647059 0.39215687 0.5294118 0.52156866 0.6039216 0.5647059 0.56078434 0.6156863
0.3764706 0.49019608 0.7764706 0.9764706 0.9882353 0.9882353 0.99215686 0.99215686 0.99215686 0.99215686 0.99607843 0.99607843 0.99607843 0.9607843 0.5294118 0.09803922 0.1254902 0.44705883 0.41568628 0.3529412 0.3254902 0.2627451 0.2627451 0.32156864 0.4862745 0.4117647 0.45882353 0.5137255 0.5411765 0.5058824 0.57254905 0.7019608
0.35686275 0.43529412 0.627451 0.8509804 0.9843137 0.9882353 0.99215686 0.99215686 0.99215686 0.99215686 0.99215686 0.99215686 0.99607843 0.91764706 0.4117647 0.2 0.29411766 0.34901962 0.34901962 0.40392157 0.26666668 0.27058825 0.24705882 0.43137255 0.6 0.5647059 0.49019608 0.52156866 0.5176471 0.5529412 0.5411765 0.7490196
0.3647059 0.4 0.50980395 0.77254903 0.9882353 0.9882353 0.9882353 0.99215686 0.99215686 0.99215686 0.99215686 0.99215686 0.99215686 0.8509804 0.38431373 0.36078432 0.36078432 0.34509805 0.5294118 0.2784314 0.24313726 0.28235295 0.27450982 0.5058824 0.50980395 0.6784314 0.53333336 0.5647059 0.5254902 0.5568628 0.627451 0.7490196
0.3529412 0.43529412 0.44313726 0.6117647 0.90588236 0.99215686 0.9843137 0.99215686 0.99215686 0.99215686 0.99215686 0.99215686 0.99215686 0.8509804 0.5372549 0.46666667 0.39215687 0.56078434 0.36078432 0.21176471 0.2627451 0.23137255 0.43137255 0.49803922 0.41960785 0.52156866 0.5058824 0.6039216 0.56078434 0.49411765 0.49411765 0.63529414
0.34509805 0.4117647 0.5058824 0.50980395 0.6745098 0.94509804 0.99215686 0.9882353 0.99215686 0.99215686 0.99215686 0.99215686 0.98039216 0.8 0.6 0.3882353 0.45490196 0.39607844 0.24705882 0.23529412 0.27058825 0.28627452 0.4862745 0.4745098 0.49411765 0.5294118 0.5882353 0.5254902 0.5686275 0.54901963 0.43529412 0.50980395
0.3137255 0.31764707 0.40392157 0.4627451 0.57254905 0.76862746 0.972549 0.9882353 0.9882353 0.9882353 0.9882353 0.9882353 0.9764706 0.78431374 0.58431375 0.4 0.39215687 0.2901961 0.25490198 0.25490198 0.30980393 0.5058824 0.627451 0.64705884 0.50980395 0.6313726 0.65882355 0.57254905 0.52156866 0.4745098 0.43137255 0.47843137
0.31764707 0.32941177 0.35686275 0.4117647 0.45490196 0.56078434 0.80784315 0.9882353 0.9882353 0.9882353 0.9882353 0.9882353 0.972549 0.7882353 0.49411765 0.41960785 0.34509805 0.28235295 0.25490198 0.26666668 0.41568628 0.5568628 0.58431375 0.8 0.7058824 0.827451 0.80784315 0.5764706 0.49411765 0.45490196 0.4392157 0.49803922
0.35686275 0.31764707 0.31764707 0.3764706 0.41568628 0.3882353 0.67058825 0.972549 0.9882353 0.9843137 0.9843137 0.9843137 0.9764706 0.8666667 0.5058824 0.4 0.32156864 0.28235295 0.24705882 0.30980393 0.5764706 0.73333335 0.7882353 0.8352941 0.7254902 0.77254903 0.78039217 0.6666667 0.5803922 0.45490196 0.5058824 0.5686275
0.36078432 0.2784314 0.29411766 0.3372549 0.37254903 0.3137255 0.45882353 0.7529412 0.96862745 0.9764706 0.98039216 0.98039216 0.9764706 0.89411765 0.52156866 0.36862746 0.32941177 0.26666668 0.27058825 0.39215687 0.6745098 0.78431374 0.7372549 0.77254903 0.7647059 0.6627451 0.5411765 0.56078434 0.53333336 0.5529412 0.57254905 0.42352942
0.29803923 0.23529412 0.2627451 0.3529412 0.33333334 0.30980393 0.39215687 0.6862745 0.972549 0.9647059 0.972549 0.98039216 0.9764706 0.8901961 0.5058824 0.4 0.3254902 0.2784314 0.29803923 0.50980395 0.6313726 0.6313726 0.44313726 0.5529412 0.81960785 0.5137255 0.4117647 0.40784314 0.43137255 0.42745098 0.48235294 0.4627451
0.2 0.16862746 0.35686275 0.49019608 0.29411766 0.29411766 0.34117648 0.58431375 0.8 0.8509804 0.9647059 0.9882353 0.9843137 0.91764706 0.54509807 0.45882353 0.3254902 0.28235295 0.32941177 0.62352943 0.5764706 0.54901963 0.42352942 0.47058824 0.5294118 0.44313726 0.4 0.38431373 0.38039216 0.3882353 0.39607844 0.46666667
0.19607843 0.22745098 0.6392157 0.70980394 0.34117648 0.27450982 0.3529412 0.4627451 0.4392157 0.54901963 0.8039216 0.94509804 0.80784315 0.70980394 0.5803922 0.4862745 0.30980393 0.2627451 0.3647059 0.7019608 0.64705884 0.57254905 0.56078434 0.48235294 0.4509804 0.42745098 0.4 0.3647059 0.36078432 0.44705883 0.42352942 0.43137255
0.15686275 0.3764706 0.7019608 0.64705884 0.39215687 0.27450982 0.36078432 0.39215687 0.3764706 0.4862745 0.61960787 0.6039216 0.5764706 0.62352943 0.6 0.47843137 0.3372549 0.27450982 0.38431373 0.63529414 0.6039216 0.56078434 0.60784316 0.5137255 0.38039216 0.42352942 0.38039216 0.3372549 0.34509805 0.42745098 0.4392157 0.36862746
0.18431373 0.5372549 0.5921569 0.49411765 0.40392157 0.27450982 0.3137255 0.39607844 0.35686275 0.4509804 0.5411765 0.54509807 0.6039216 0.63529414 0.6156863 0.47843137 0.3137255 0.26666668 0.40392157 0.59607846 0.54901963 0.5568628 0.54901963 0.45490196 0.32941177 0.41960785 0.4117647 0.3764706 0.3529412 0.42745098 0.39215687 0.4
0.3764706 0.5921569 0.54901963 0.46666667 0.40784314 0.2901961 0.31764707 0.44705883 0.43529412 0.47843137 0.45882353 0.44313726 0.53333336 0.6117647 0.6392157 0.48235294 0.30980393 0.30588236 0.4627451 0.54901963 0.45882353 0.5176471 0.49411765 0.4 0.35686275 0.39215687 0.40392157 0.35686275 0.31764707 0.54901963 0.4627451 0.45490196
0.5137255 0.5137255 0.5019608 0.43137255 0.40392157 0.34117648 0.28627452 0.33333334 0.36862746 0.43137255 0.50980395 0.49411765 0.4627451 0.52156866 0.6156863 0.49019608 0.32156864 0.31764707 0.4627451 0.5176471 0.4745098 0.47843137 0.4745098 0.43137255 0.37254903 0.36078432 0.38039216 0.34901962 0.39215687 0.47843137 0.4509804 0.44313726
0.5137255 0.49803922 0.47843137 0.42745098 0.4 0.41568628 0.36862746 0.32941177 0.3882353 0.42352942 0.42352942 0.4509804 0.4745098 0.4862745 0.5647059 0.47058824 0.3254902 0.3372549 0.5058824 0.5254902 0.40392157 0.38431373 0.38431373 0.40784314 0.4117647 0.34509805 0.3529412 0.3254902 0.39607844 0.47843137 0.4745098 0.42352942
0.49411765 0.49019608 0.45882353 0.43529412 0.41960785 0.43137255 0.40392157 0.3882353 0.41568628 0.40392157 0.40392157 0.42745098 0.4117647 0.4 0.5647059 0.49411765 0.35686275 0.33333334 0.5176471 0.5019608 0.38431373 0.36862746 0.34901962 0.3647059 0.3372549 0.35686275 0.37254903 0.3529412 0.36862746 0.42352942 0.45882353 0.41960785
0.49019608 0.4 0.3647059 0.3764706 0.40784314 0.38431373 0.32941177 0.38039216 0.3372549 0.35686275 0.35686275 0.35686275 0.2901961 0.3372549 0.52156866 0.49019608 0.33333334 0.36078432 0.5254902 0.49411765 0.4392157 0.39607844 0.37254903 0.3137255 0.30588236 0.38039216 0.35686275 0.3764706 0.33333334 0.34117648 0.36862746 0.3529412
0.43137255 0.33333334 0.3137255 0.30980393 0.3254902 0.32941177 0.30980393 0.3019608 0.27058825 0.25882354 0.25490198 0.25490198 0.25882354 0.29411766 0.4745098 0.47058824 0.38039216 0.32941177 0.5254902 0.53333336 0.38431373 0.3529412 0.41960785 0.32941177 0.30980393 0.37254903 0.32941177 0.2627451 0.2901961 0.36078432 0.3254902 0.30588236
0.3647059 0.32941177 0.2784314 0.26666668 0.25490198 0.27450982 0.2627451 0.18431373 0.19215687 0.1764706 0.17254902 0.14901961 0.16862746 0.20392157 0.36862746 0.49019608 0.36078432 0.34509805 0.50980395 0.5254902 0.37254903 0.34117648 0.33333334 0.24705882 0.24705882 0.3137255 0.38039216 0.2 0.24313726 0.34509805 0.31764707 0.27450982
0.4 0.2901961 0.20784314 0.2 0.22352941 0.28627452 0.28235295 0.1882353 0.12156863 0.09019608 0.101960786 0.1254902 0.16470589 0.20392157 0.3019608 0.48235294 0.3372549 0.3254902 0.47843137 0.52156866 0.3882353 0.32941177 0.20784314 0.1764706 0.2627451 0.25490198 0.36862746 0.2509804 0.22745098 0.34509805 0.34117648 0.25882354
0.37254903 0.21568628 0.13725491 0.1254902 0.21568628 0.25882354 0.26666668 0.2627451 0.14509805 0.078431375 0.12156863 0.13333334 0.07450981 0.11764706 0.27058825 0.48235294 0.29803923 0.29411766 0.44313726 0.5372549 0.3882353 0.32156864 0.21176471 0.2 0.27058825 0.24705882 0.3254902 0.2784314 0.23529412 0.32941177 0.28235295 0.19607843
0.32156864 0.18039216 0.14509805 0.14509805 0.14901961 0.24705882 0.27450982 0.2784314 0.20392157 0.101960786 0.09411765 0.1254902 0.08235294 0.105882354 0.24313726 0.45490196 0.3019608 0.32156864 0.43529412 0.49803922 0.27058825 0.27450982 0.29411766 0.30980393 0.2627451 0.25490198 0.2627451 0.25490198 0.23529412 0.34117648 0.24313726 0.21176471
0.98039216 0.98039216 0.98039216 0.98039216 0.9843137 0.9843137 0.9843137 0.9882353 0.9882353 0.9882353 0.9882353 0.9882353 0.9882353 0.99215686 0.99215686 0.99215686 0.99215686 0.99215686 0.99215686 0.99215686 0.99215686 0.99215686 0.99215686 0.99215686 0.99215686 0.99215686 0.9843137 0.99215686 0.94509804 0.87058824 0.84705883 0.5411765
0.9764706 0.98039216 0.98039216 0.98039216 0.9843137 0.9843137 0.9843137 0.9882353 0.9882353 0.9882353 0.9882353 0.9882353 0.9882353 0.99215686 0.99215686 0.99215686 0.99215686 0.99215686 0.99215686 0.99215686 0.99215686 0.99215686 0.99215686 0.99215686 0.99215686 0.9882353 0.9882353 0.99215686 0.9098039 0.80784315 0.7882353 0.54509807
0.9882353 0.9764706 0.98039216 0.9843137 0.9843137 0.9843137 0.9843137 0.9882353 0.99215686 0.99215686 0.99215686 0.99215686 0.99215686 0.99215686 0.99215686 0.99215686 0.99215686 0.9882353 0.99215686 0.99215686 0.99215686 0.99215686 0.99215686 0.99607843 1.0 1.0 0.95686275 0.85882354 0.83137256 0.8039216 0.7372549 0.5254902
0.91764706 0.98039216 0.9843137 0.9843137 0.9843137 0.9843137 0.9843137 0.99215686 0.99215686 0.99215686 0.99215686 0.99607843 0.99215686 0.99215686 0.99215686 0.9882353 0.99215686 0.9764706 0.9764706 0.9843137 0.9882353 0.9843137 1.0 0.9372549 0.6509804 0.81960785 0.9137255 0.654902 0.7647059 0.627451 0.44313726 0.33333334
0.54509807 0.92941177 0.9843137 0.98039216 0.9843137 0.9843137 0.9843137 0.9882353 0.9882353 0.9882353 0.9882353 0.9882353 0.9882353 0.99215686 0.9882353 0.9647059 0.9764706 0.9647059 0.9490196 0.98039216 0.972549 0.99215686 0.827451 0.4 0.16078432 0.39215687 0.85882354 0.69411767 0.5137255 0.3882353 0.5176471 0.33333334
0.3137255 0.7607843 0.9843137 0.98039216 0.98039216 0.98039216 0.98039216 0.9843137 0.9843137 0.9843137 0.9882353 0.9882353 0.9882353 0.99215686 0.98039216 0.9372549 0.8627451 0.81960785 0.77254903 0.9137255 0.9607843 0.8 0.34901962 0.15686275 0.17254902 0.2627451 0.5411765 0.5529412 0.34901962 0.38039216 0.4117647 0.3647059
0.32941177 0.6039216 0.96862745 0.9764706 0.98039216 0.98039216 0.98039216 0.9843137 0.9843137 0.9843137 0.9843137 0.9843137 0.98039216 0.9843137 0.9411765 0.7411765 0.45882353 0.29411766 0.36078432 0.65882355 0.6627451 0.38039216 0.19607843 0.19215687 0.17254902 0.16862746 0.27450982 0.23921569 0.29411766 0.32941177 0.24313726 0.34901962
0.23921569 0.3882353 0.8862745 0.98039216 0.9764706 0.98039216 0.98039216 0.98039216 0.98039216 0.9843137 0.9843137 0.9843137 0.9843137 0.9529412 0.7176471 0.30588236 0.13333334 0.21176471 0.3647059 0.4509804 0.3372549 0.22745098 0.18431373 0.19215687 0.17254902 0.1254902 0.19607843 0.2 0.23137255 0.21176471 0.27058825 0.45490196
0.23529412 0.28627452 0.6627451 0.9607843 0.96862745 0.9764706 0.98039216 0.98039216 0.98039216 0.98039216 0.9843137 0.9843137 0.9882353 0.93333334 0.4392157 0.08235294 0.10980392 0.38039216 0.34117648 0.27058825 0.24313726 0.1882353 0.18431373 0.20784314 0.23529412 0.16078432 0.15294118 0.21176471 0.21568628 0.24705882 0.28235295 0.5803922
0.21176471 0.2509804 0.42745098 0.7764706 0.98039216 0.9764706 0.98039216 0.98039216 0.98039216 0.98039216 0.98039216 0.98039216 0.9882353 0.8745098 0.32156864 0.14901961 0.24705882 0.29803923 0.27058825 0.3019608 0.18039216 0.1882353 0.19607843 0.21960784 0.26666668 0.27450982 0.28235295 0.28235295 0.21176471 0.29803923 0.3647059 0.6627451
0.21176471 0.22745098 0.28235295 0.65882355 0.9882353 0.9764706 0.9764706 0.98039216 0.98039216 0.98039216 0.98039216 0.98039216 0.972549 0.80784315 0.28627452 0.27450982 0.27450982 0.26666668 0.42745098 0.1882353 0.16078432 0.19607843 0.16862746 0.21960784 0.24313726 0.50980395 0.34117648 0.39215687 0.30588236 0.37254903 0.4745098 0.63529414
0.19215687 0.22352941 0.23529412 0.41568628 0.8392157 0.9843137 0.972549 0.9764706 0.98039216 0.98039216 0.98039216 0.98039216 0.98039216 0.8039216 0.43529412 0.37254903 0.29411766 0.4509804 0.25882354 0.13333334 0.1764706 0.16470589 0.22745098 0.22745098 0.1764706 0.29803923 0.3372549 0.47058824 0.4 0.28235295 0.25882354 0.43529412
0.18039216 0.21568628 0.26666668 0.27450982 0.47843137 0.90588236 0.9764706 0.98039216 0.98039216 0.98039216 0.98039216 0.98039216 0.9647059 0.73333335 0.49019608 0.29411766 0.35686275 0.2901961 0.15686275 0.15686275 0.18431373 0.20392157 0.24705882 0.26666668 0.27450982 0.3019608 0.45882353 0.31764707 0.3882353 0.3254902 0.2 0.21176471
0.16862746 0.17254902 0.21568628 0.2784314 0.33333334 0.63529414 0.9490196 0.972549 0.9764706 0.9764706 0.9764706 0.98039216 0.95686275 0.69803923 0.4627451 0.3019608 0.29803923 0.19607843 0.16470589 0.17254902 0.2 0.35686275 0.47843137 0.53333336 0.33333334 0.43137255 0.4627451 0.38431373 0.30588236 0.17254902 0.2 0.22745098
0.15294118 0.15686275 0.18039216 0.22352941 0.25490198 0.35686275 0.7176471 0.9764706 0.9764706 0.9764706 0.9764706 0.9764706 0.9607843 0.70980394 0.36862746 0.3137255 0.25490198 0.2 0.17254902 0.1764706 0.3019608 0.40392157 0.45490196 0.73333335 0.6117647 0.7647059 0.75686276 0.39607844 0.28235295 0.19607843 0.23529412 0.28627452
0.19215687 0.16078432 0.20392157 0.22745098 0.24705882 0.22352941 0.53333336 0.9529412 0.9764706 0.9764706 0.9764706 0.972549 0.972549 0.8156863 0.39215687 0.29411766 0.22352941 0.19607843 0.16470589 0.21176471 0.43529412 0.63529414 0.7137255 0.79607844 0.59607846 0.70980394 0.69803923 0.53333336 0.39607844 0.25490198 0.37254903 0.4117647
0.16078432 0.13725491 0.15686275 0.1882353 0.21960784 0.20784314 0.27450982 0.63529414 0.9607843 0.9607843 0.96862745 0.96862745 0.972549 0.85490197 0.4117647 0.25882354 0.23137255 0.18039216 0.18039216 0.27058825 0.5294118 0.7058824 0.6431373 0.68235296 0.67058825 0.5137255 0.32156864 0.3882353 0.28235295 0.29411766 0.38039216 0.24705882
0.14117648 0.12941177 0.16078432 0.21568628 0.20392157 0.21960784 0.22352941 0.5254902 0.972549 0.9529412 0.9607843 0.96862745 0.9647059 0.8509804 0.39215687 0.28627452 0.22745098 0.1882353 0.19607843 0.3647059 0.44313726 0.45882353 0.23137255 0.32156864 0.73333335 0.28627452 0.17254902 0.14901961 0.14509805 0.1882353 0.21176471 0.19607843
0.10980392 0.105882354 0.29803923 0.40784314 0.1882353 0.19215687 0.21176471 0.4117647 0.69803923 0.78431374 0.9529412 0.9764706 0.96862745 0.88235295 0.44313726 0.34901962 0.22352941 0.19215687 0.23137255 0.4745098 0.36862746 0.34117648 0.23921569 0.21960784 0.30980393 0.22745098 0.20784314 0.16078432 0.16078432 0.18431373 0.18039216 0.19607843
0.101960786 0.1254902 0.5529412 0.61960787 0.2509804 0.17254902 0.20784314 0.25490198 0.25882354 0.3882353 0.69803923 0.91764706 0.7294118 0.54901963 0.47058824 0.37254903 0.21960784 0.18039216 0.2627451 0.5411765 0.44313726 0.2784314 0.27450982 0.24313726 0.22745098 0.17254902 0.18039216 0.1882353 0.17254902 0.21960784 0.16862746 0.15294118
0.08235294 0.29803923 0.6156863 0.5568628 0.3019608 0.16862746 0.20784314 0.22745098 0.24313726 0.30980393 0.42352942 0.4509804 0.34509805 0.39215687 0.48235294 0.35686275 0.24313726 0.1882353 0.2784314 0.40392157 0.31764707 0.28627452 0.4117647 0.34509805 0.18431373 0.18039216 0.1764706 0.17254902 0.16862746 0.22352941 0.1882353 0.16078432
0.10980392 0.45490196 0.5058824 0.40784314 0.3137255 0.17254902 0.16078432 0.21960784 0.22745098 0.27058825 0.36078432 0.30980393 0.3254902 0.4 0.49019608 0.3529412 0.21960784 0.1764706 0.28627452 0.32941177 0.19607843 0.2627451 0.3372549 0.2784314 0.14509805 0.21568628 0.24705882 0.16470589 0.23137255 0.28627452 0.1882353 0.21960784
0.28627452 0.49803922 0.45490196 0.38039216 0.3254902 0.2 0.17254902 0.22352941 0.23137255 0.2509804 0.32156864 0.29803923 0.3764706 0.3764706 0.49411765 0.36862746 0.22352941 0.22352941 0.35686275 0.2784314 0.1764706 0.23137255 0.23921569 0.16078432 0.16078432 0.1882353 0.19215687 0.15294118 0.16862746 0.37254903 0.2509804 0.23137255
0.43137255 0.41960785 0.4117647 0.34117648 0.31764707 0.26666668 0.15294118 0.18039216 0.20784314 0.23921569 0.29411766 0.3254902 0.37254903 0.30980393 0.45882353 0.37254903 0.23529412 0.23529412 0.3647059 0.2627451 0.1764706 0.19607843 0.19215687 0.16078432 0.14901961 0.13725491 0.14901961 0.1764706 0.19607843 0.21960784 0.2784314 0.23529412
0.4117647 0.41960785 0.3764706 0.3137255 0.29803923 0.32156864 0.20392157 0.16470589 0.21176471 0.23529412 0.22352941 0.28627452 0.37254903 0.30980393 0.39215687 0.35686275 0.23529412 0.2509804 0.4 0.2901961 0.14509805 0.16470589 0.16078432 0.13333334 0.14117648 0.1254902 0.16078432 0.16470589 0.21568628 0.2627451 0.3137255 0.20784314
0.4117647 0.3137255 0.24705882 0.26666668 0.29411766 0.31764707 0.22352941 0.2 0.20784314 0.2 0.23921569 0.2901961 0.25882354 0.23529412 0.35686275 0.38039216 0.26666668 0.24705882 0.40784314 0.27450982 0.14901961 0.14509805 0.14901961 0.14901961 0.13333334 0.13333334 0.12941177 0.20784314 0.21176471 0.23529412 0.23529412 0.19215687
0.36078432 0.17254902 0.13725491 0.17254902 0.21960784 0.23137255 0.16862746 0.21176471 0.15294118 0.18039216 0.19607843 0.21176471 0.14509805 0.1882353 0.34509805 0.37254903 0.23921569 0.27058825 0.42745098 0.24705882 0.15686275 0.15686275 0.16470589 0.13725491 0.13333334 0.13333334 0.13333334 0.19607843 0.16862746 0.15294118 0.14509805 0.14509805
0.24313726 0.13725491 0.13725491 0.12941177 0.12941177 0.15294118 0.15294118 0.16470589 0.12156863 0.12156863 0.10980392 0.1254902 0.14117648 0.16078432 0.32156864 0.34509805 0.28627452 0.23137255 0.42352942 0.2901961 0.12941177 0.16470589 0.29411766 0.1764706 0.14117648 0.12941177 0.1254902 0.1254902 0.12941177 0.14901961 0.12941177 0.11372549
0.15686275 0.11372549 0.10980392 0.10980392 0.105882354 0.08235294 0.09411765 0.07450981 0.08627451 0.07450981 0.05882353 0.0627451 0.09411765 0.09803922 0.21960784 0.36078432 0.25882354 0.23529412 0.4 0.3254902 0.10980392 0.11372549 0.18431373 0.12156863 0.11372549 0.13333334 0.16470589 0.08235294 0.105882354 0.1254902 0.10980392 0.09803922
0.19607843 0.09803922 0.07450981 0.06666667 0.08235294 0.10980392 0.09803922 0.08235294 0.050980393 0.03529412 0.043137256 0.043137256 0.07450981 0.09411765 0.1764706 0.3529412 0.23137255 0.21568628 0.3882353 0.3254902 0.06666667 0.09019608 0.08235294 0.05882353 0.09019608 0.09803922 0.13333334 0.09019608 0.10980392 0.13333334 0.105882354 0.09411765
0.1764706 0.06666667 0.039215688 0.043137256 0.09803922 0.101960786 0.09019608 0.11372549 0.07058824 0.02745098 0.043137256 0.05490196 0.023529412 0.03137255 0.14509805 0.34901962 0.2 0.19607843 0.34117648 0.3882353 0.09019608 0.105882354 0.08627451 0.07058824 0.09019608 0.101960786 0.12156863 0.105882354 0.105882354 0.12156863 0.078431375 0.047058824
0.13725491 0.0627451 0.043137256 0.05490196 0.05882353 0.09803922 0.10980392 0.101960786 0.08235294 0.043137256 0.03529412 0.05490196 0.02745098 0.047058824 0.13333334 0.3254902 0.20784314 0.23529412 0.3372549 0.3764706 0.09803922 0.07058824 0.07450981 0.09803922 0.09019608 0.09803922 0.10980392 0.105882354 0.09803922 0.11764706 0.0627451 0.05882353
0 16 0
25 0 2
31 22 0
23 0 1
22 0 2
0 25 1
5 0 1
19 31 2
31 25 0
2 0 2
0 0 2
31 29 1
31 18 1
31 31 0
25 31 1
31 4 2
31 0 0
7 0 2
10 0 0
17 31 1
9 0 2
31 9 1
31 1 2
31 4 0
0 6 1
18 31 0
17 0 1
0 2 0
31 4 1
0 11 0
3 0 1
16 31 0
0 22 2
26 31 0
4 0 1
22 0 0
16 0 0
31 31 2
14 31 0
28 31 0
0 28 1
31 13 0
14 0 0
17 31 0
19 31 0
31 20 0
31 24 2
17 0 2
25 31 0
24 31 1
