32, 32, 3, 50
0.4 0.61960787 0.43529412 0.4117647 0.74509805 0.5411765 0.24705882 0.41960785 0.36078432 0.5176471 0.6784314 0.7294118 0.80784315 0.7647059 0.5686275 0.5764706 0.6313726 0.65882355 0.7490196 0.654902 0.7058824 0.7294118 0.7294118 0.72156864 0.73333335 0.77254903 0.7882353 0.7058824 0.5647059 0.45882353 0.59607846 0.7921569
0.5803922 0.6431373 0.36078432 0.25490198 0.52156866 0.6156863 0.34901962 0.38039216 0.49803922 0.33333334 0.6745098 0.72156864 0.5921569 0.6666667 0.62352943 0.49019608 0.4745098 0.67058825 0.7137255 0.61960787 0.7058824 0.8039216 0.7529412 0.74509805 0.7529412 0.7019608 0.7019608 0.6901961 0.5882353 0.52156866 0.654902 0.7921569
0.7058824 0.61960787 0.43137255 0.5529412 0.54509807 0.61960787 0.52156866 0.27450982 0.5529412 0.5294118 0.39215687 0.49411765 0.48235294 0.7019608 0.6666667 0.5686275 0.38039216 0.30980393 0.4392157 0.44705883 0.63529414 0.7529412 0.6392157 0.64705884 0.75686276 0.8156863 0.7137255 0.6156863 0.6784314 0.6862745 0.7294118 0.7921569
0.61960787 0.5411765 0.4 0.6 0.6313726 0.65882355 0.627451 0.30588236 0.4 0.5647059 0.36862746 0.32156864 0.5803922 0.67058825 0.5411765 0.57254905 0.59607846 0.30588236 0.24705882 0.19215687 0.2901961 0.44705883 0.5019608 0.6 0.68235296 0.78431374 0.78039217 0.65882355 0.6392157 0.6039216 0.6156863 0.72156864
0.7137255 0.61960787 0.4509804 0.43137255 0.47843137 0.6156863 0.7058824 0.45882353 0.22745098 0.43529412 0.6901961 0.43137255 0.3647059 0.5882353 0.5686275 0.627451 0.6156863 0.41568628 0.26666668 0.4509804 0.38039216 0.16078432 0.21960784 0.5686275 0.7019608 0.73333335 0.78431374 0.7921569 0.68235296 0.62352943 0.6039216 0.6392157
0.6784314 0.54901963 0.49803922 0.45490196 0.48235294 0.6156863 0.62352943 0.44313726 0.20784314 0.4627451 0.73333335 0.5372549 0.28235295 0.49803922 0.8 0.81960785 0.654902 0.4 0.11372549 0.41960785 0.4627451 0.34117648 0.2 0.18039216 0.45882353 0.5686275 0.6627451 0.74509805 0.63529414 0.62352943 0.6666667 0.6039216
0.65882355 0.6117647 0.6039216 0.5058824 0.52156866 0.49411765 0.43137255 0.5529412 0.4117647 0.33333334 0.6745098 0.52156866 0.4627451 0.42745098 0.6039216 0.94509804 0.8627451 0.4392157 0.047058824 0.29803923 0.5058824 0.4509804 0.25882354 0.078431375 0.25490198 0.50980395 0.5294118 0.56078434 0.67058825 0.6392157 0.69803923 0.64705884
0.7058824 0.6666667 0.61960787 0.5647059 0.43137255 0.37254903 0.57254905 0.69803923 0.5882353 0.27450982 0.4 0.48235294 0.6392157 0.7137255 0.5137255 0.7490196 0.8745098 0.34509805 0.05882353 0.16470589 0.16862746 0.10980392 0.1254902 0.09803922 0.11764706 0.5921569 0.8039216 0.59607846 0.7764706 0.7372549 0.72156864 0.6862745
0.69411767 0.7019608 0.6666667 0.63529414 0.47058824 0.5647059 0.6509804 0.6666667 0.63529414 0.34509805 0.20784314 0.60784316 0.74509805 0.84313726 0.6862745 0.39215687 0.53333336 0.1764706 0.05882353 0.06666667 0.039215688 0.06666667 0.105882354 0.09019608 0.078431375 0.5254902 0.9607843 0.85882354 0.69411767 0.7137255 0.7764706 0.7254902
0.64705884 0.5882353 0.49411765 0.5803922 0.54901963 0.57254905 0.5686275 0.62352943 0.6784314 0.52156866 0.20784314 0.6313726 0.7529412 0.6901961 0.5411765 0.2901961 0.2627451 0.17254902 0.11764706 0.08235294 0.0627451 0.08235294 0.11372549 0.1254902 0.11372549 0.4745098 0.7529412 0.78431374 0.78431374 0.78039217 0.78431374 0.7529412
0.47058824 0.33333334 0.49019608 0.5137255 0.47058824 0.5921569 0.54509807 0.58431375 0.6666667 0.59607846 0.2901961 0.35686275 0.7254902 0.5176471 0.3019608 0.22352941 0.13333334 0.13333334 0.11372549 0.101960786 0.08627451 0.08235294 0.09411765 0.12156863 0.16862746 0.49803922 0.6627451 0.60784316 0.7058824 0.7490196 0.79607844 0.77254903
0.3137255 0.37254903 0.5019608 0.47058824 0.45490196 0.5647059 0.56078434 0.5882353 0.6745098 0.6392157 0.44313726 0.20392157 0.3254902 0.20392157 0.21960784 0.26666668 0.12941177 0.09411765 0.12156863 0.10980392 0.09019608 0.12156863 0.09019608 0.105882354 0.12941177 0.42745098 0.73333335 0.74509805 0.7294118 0.7058824 0.7921569 0.83137256
0.49019608 0.43137255 0.37254903 0.5529412 0.50980395 0.5176471 0.5882353 0.6509804 0.7254902 0.7176471 0.54509807 0.24313726 0.12941177 0.3019608 0.41568628 0.23137255 0.2 0.1254902 0.105882354 0.1254902 0.105882354 0.105882354 0.1254902 0.105882354 0.08627451 0.21176471 0.65882355 0.8039216 0.85490197 0.81960785 0.80784315 0.7882353
0.4862745 0.28235295 0.23137255 0.35686275 0.5254902 0.54509807 0.627451 0.6431373 0.6901961 0.7647059 0.44705883 0.29803923 0.2509804 0.2627451 0.24705882 0.14117648 0.16078432 0.15294118 0.15686275 0.14117648 0.09803922 0.12941177 0.14509805 0.08627451 0.10980392 0.17254902 0.5921569 0.84705883 0.85490197 0.8039216 0.7294118 0.5686275
0.39607844 0.3372549 0.52156866 0.3254902 0.23921569 0.5019608 0.62352943 0.6 0.627451 0.5882353 0.31764707 0.43529412 0.29411766 0.13333334 0.18039216 0.17254902 0.26666668 0.2 0.22745098 0.18431373 0.14509805 0.09411765 0.06666667 0.09803922 0.14509805 0.16862746 0.58431375 0.8156863 0.75686276 0.72156864 0.5529412 0.50980395
0.5568628 0.5058824 0.64705884 0.50980395 0.16862746 0.28235295 0.4627451 0.5686275 0.61960787 0.43137255 0.16862746 0.16078432 0.20784314 0.19607843 0.20392157 0.1764706 0.14117648 0.15294118 0.18431373 0.20392157 0.18431373 0.11372549 0.09411765 0.1764706 0.19215687 0.16862746 0.58431375 0.7921569 0.6392157 0.5921569 0.41568628 0.5176471
0.7176471 0.6156863 0.5764706 0.5411765 0.31764707 0.28235295 0.44313726 0.60784316 0.5882353 0.34117648 0.4 0.62352943 0.5254902 0.22745098 0.14117648 0.2784314 0.29411766 0.20392157 0.23529412 0.22352941 0.19215687 0.10980392 0.13333334 0.2 0.17254902 0.16078432 0.43137255 0.6431373 0.6117647 0.5176471 0.44705883 0.46666667
0.6313726 0.59607846 0.5686275 0.59607846 0.39607844 0.20784314 0.38431373 0.5882353 0.6666667 0.6156863 0.7764706 0.85882354 0.52156866 0.21176471 0.16470589 0.25882354 0.36078432 0.22745098 0.1764706 0.15686275 0.15294118 0.15686275 0.18431373 0.21176471 0.23137255 0.29803923 0.48235294 0.48235294 0.54509807 0.59607846 0.5294118 0.4627451
0.6156863 0.69411767 0.6313726 0.60784316 0.56078434 0.23137255 0.15686275 0.28235295 0.5019608 0.40784314 0.54901963 0.8 0.5568628 0.38039216 0.3137255 0.38431373 0.2901961 0.2509804 0.21568628 0.17254902 0.19215687 0.1254902 0.21568628 0.2509804 0.24705882 0.49803922 0.6509804 0.5647059 0.5019608 0.5882353 0.6156863 0.70980394
0.59607846 0.77254903 0.7176471 0.60784316 0.6666667 0.5294118 0.25882354 0.21176471 0.13725491 0.03529412 0.45490196 0.6901961 0.5058824 0.41568628 0.4509804 0.4627451 0.29411766 0.20392157 0.1882353 0.19215687 0.19215687 0.21568628 0.25882354 0.22745098 0.37254903 0.5137255 0.6117647 0.72156864 0.654902 0.6039216 0.6901961 0.77254903
0.62352943 0.7137255 0.7058824 0.57254905 0.57254905 0.57254905 0.31764707 0.4117647 0.29411766 0.19215687 0.47843137 0.47843137 0.38039216 0.37254903 0.4745098 0.5529412 0.29411766 0.23921569 0.11764706 0.10980392 0.15294118 0.21568628 0.21176471 0.34117648 0.54509807 0.45490196 0.40392157 0.5882353 0.7058824 0.68235296 0.6745098 0.7176471
0.5803922 0.6117647 0.68235296 0.5647059 0.6039216 0.6156863 0.5176471 0.5254902 0.37254903 0.54901963 0.4862745 0.3254902 0.23921569 0.23921569 0.46666667 0.4745098 0.23529412 0.33333334 0.11372549 0.11372549 0.16862746 0.19607843 0.2627451 0.41960785 0.45882353 0.5764706 0.49803922 0.28627452 0.5803922 0.74509805 0.7411765 0.7411765
0.6 0.6627451 0.7254902 0.7254902 0.6784314 0.6431373 0.67058825 0.4392157 0.39607844 0.41960785 0.34509805 0.2784314 0.2 0.23921569 0.45882353 0.5019608 0.28235295 0.30588236 0.16470589 0.2 0.20784314 0.2509804 0.45490196 0.3647059 0.44705883 0.6392157 0.52156866 0.30980393 0.40784314 0.627451 0.6627451 0.7490196
0.6627451 0.75686276 0.78039217 0.7411765 0.6901961 0.74509805 0.53333336 0.32156864 0.49019608 0.3764706 0.32156864 0.25490198 0.23921569 0.28235295 0.44705883 0.6156863 0.2784314 0.16078432 0.22745098 0.3137255 0.26666668 0.39215687 0.49019608 0.38039216 0.5411765 0.6313726 0.53333336 0.6509804 0.5372549 0.49019608 0.6156863 0.6039216
0.58431375 0.6784314 0.78039217 0.77254903 0.8 0.69803923 0.33333334 0.1882353 0.34509805 0.45490196 0.31764707 0.2784314 0.3019608 0.2784314 0.33333334 0.5058824 0.23921569 0.14901961 0.26666668 0.23921569 0.34901962 0.47843137 0.2784314 0.40392157 0.5372549 0.7058824 0.8901961 0.8509804 0.5921569 0.4117647 0.5137255 0.627451
0.6509804 0.7372549 0.7607843 0.74509805 0.74509805 0.44313726 0.23529412 0.16862746 0.18431373 0.23921569 0.22745098 0.24313726 0.2784314 0.39607844 0.3019608 0.44705883 0.33333334 0.23137255 0.24313726 0.28627452 0.41960785 0.47843137 0.5176471 0.6117647 0.5254902 0.6431373 0.8117647 0.6392157 0.48235294 0.44705883 0.34509805 0.32156864
0.6117647 0.7176471 0.7411765 0.77254903 0.58431375 0.29411766 0.17254902 0.19607843 0.24705882 0.25490198 0.27450982 0.2627451 0.40784314 0.4862745 0.18039216 0.42745098 0.3254902 0.16862746 0.30588236 0.39215687 0.3647059 0.47843137 0.5882353 0.6745098 0.5882353 0.5882353 0.627451 0.47843137 0.38039216 0.3372549 0.36078432 0.34117648
0.59607846 0.65882355 0.7411765 0.79607844 0.45490196 0.20784314 0.17254902 0.27450982 0.28627452 0.29411766 0.34901962 0.41568628 0.5294118 0.43529412 0.17254902 0.40784314 0.24705882 0.18039216 0.3647059 0.38431373 0.3764706 0.2784314 0.30588236 0.6156863 0.654902 0.46666667 0.40784314 0.43137255 0.48235294 0.57254905 0.43529412 0.4862745
0.5137255 0.54901963 0.5411765 0.5019608 0.28627452 0.11764706 0.2901961 0.41568628 0.41960785 0.49019608 0.6039216 0.654902 0.6392157 0.35686275 0.26666668 0.4862745 0.25490198 0.1254902 0.30588236 0.30980393 0.36862746 0.5137255 0.41960785 0.43137255 0.36078432 0.44705883 0.7372549 0.7294118 0.57254905 0.5019608 0.28627452 0.6431373
0.28627452 0.31764707 0.3529412 0.3647059 0.13333334 0.2 0.34509805 0.3372549 0.38431373 0.47843137 0.47843137 0.54509807 0.4627451 0.12941177 0.23921569 0.5058824 0.42352942 0.3137255 0.40784314 0.47843137 0.50980395 0.654902 0.45490196 0.43137255 0.6509804 0.8039216 0.84705883 0.7176471 0.45490196 0.29803923 0.27058825 0.72156864
0.42745098 0.3372549 0.40392157 0.38039216 0.16862746 0.37254903 0.32156864 0.23529412 0.38039216 0.53333336 0.40784314 0.2901961 0.21568628 0.23529412 0.49019608 0.654902 0.5137255 0.35686275 0.3254902 0.3882353 0.3764706 0.45882353 0.5686275 0.6745098 0.77254903 0.7921569 0.7764706 0.67058825 0.46666667 0.25490198 0.34509805 0.7647059
0.5058824 0.30980393 0.39607844 0.39607844 0.4392157 0.43529412 0.28627452 0.32941177 0.627451 0.6901961 0.62352943 0.32941177 0.3137255 0.5803922 0.59607846 0.5882353 0.61960787 0.31764707 0.16862746 0.24313726 0.34117648 0.45882353 0.47843137 0.56078434 0.6313726 0.68235296 0.7647059 0.6509804 0.5137255 0.36078432 0.4 0.654902
0.4862745 0.6784314 0.42352942 0.42745098 0.7411765 0.54901963 0.2784314 0.47058824 0.41568628 0.64705884 0.8352941 0.79607844 0.8509804 0.80784315 0.65882355 0.6666667 0.73333335 0.79607844 0.85490197 0.78039217 0.8156863 0.8352941 0.8235294 0.85490197 0.87058824 0.8901961 0.8901961 0.84705883 0.78431374 0.7411765 0.78431374 0.85882354
0.7019608 0.69411767 0.36078432 0.23921569 0.4745098 0.5882353 0.36862746 0.43529412 0.5803922 0.3882353 0.6901961 0.69803923 0.69411767 0.78039217 0.69803923 0.54509807 0.5411765 0.78431374 0.78431374 0.6784314 0.76862746 0.8352941 0.7882353 0.8235294 0.85882354 0.84705883 0.8392157 0.85490197 0.8039216 0.69411767 0.7607843 0.8745098
0.8156863 0.65882355 0.41960785 0.45882353 0.5137255 0.69803923 0.5803922 0.32156864 0.654902 0.5686275 0.3529412 0.43137255 0.47843137 0.7372549 0.7647059 0.69803923 0.42745098 0.34901962 0.49411765 0.4862745 0.69411767 0.8666667 0.7411765 0.7294118 0.8745098 0.93333334 0.8 0.70980394 0.7490196 0.75686276 0.80784315 0.8666667
0.7137255 0.57254905 0.36078432 0.45490196 0.54509807 0.7176471 0.6901961 0.32941177 0.45882353 0.58431375 0.3372549 0.30588236 0.5411765 0.69411767 0.64705884 0.70980394 0.7254902 0.3254902 0.22745098 0.20392157 0.33333334 0.5411765 0.62352943 0.69803923 0.84313726 0.94509804 0.90588236 0.7411765 0.7058824 0.6901961 0.7176471 0.81960785
0.74509805 0.5882353 0.34901962 0.31764707 0.47058824 0.6745098 0.7490196 0.47058824 0.24705882 0.47843137 0.6509804 0.3529412 0.34509805 0.6313726 0.6901961 0.77254903 0.8039216 0.49019608 0.23529412 0.42745098 0.3764706 0.15294118 0.23529412 0.627451 0.83137256 0.8862745 0.92156863 0.8745098 0.79607844 0.7019608 0.7176471 0.7921569
0.6862745 0.5686275 0.5372549 0.4745098 0.5176471 0.6666667 0.64705884 0.47843137 0.21960784 0.49019608 0.7176471 0.38039216 0.19607843 0.5058824 0.85490197 0.92156863 0.8352941 0.48235294 0.10980392 0.39215687 0.43137255 0.32941177 0.19607843 0.19215687 0.5058824 0.7254902 0.8352941 0.83137256 0.65882355 0.6392157 0.8 0.7921569
0.7137255 0.72156864 0.6745098 0.54509807 0.54901963 0.5176471 0.4745098 0.60784316 0.43529412 0.3529412 0.6156863 0.3372549 0.25490198 0.2901961 0.60784316 0.9647059 0.92156863 0.45490196 0.050980393 0.27450982 0.45882353 0.40784314 0.24705882 0.08627451 0.26666668 0.61960787 0.6901961 0.62352943 0.64705884 0.68235296 0.81960785 0.8235294
0.75686276 0.77254903 0.7058824 0.63529414 0.46666667 0.40784314 0.62352943 0.7411765 0.61960787 0.27058825 0.3019608 0.25882354 0.32941177 0.43529412 0.45490196 0.7882353 0.9098039 0.36078432 0.0627451 0.14901961 0.15294118 0.105882354 0.12156863 0.101960786 0.12941177 0.60784316 0.8156863 0.5647059 0.7921569 0.80784315 0.827451 0.84705883
0.7294118 0.7254902 0.72156864 0.65882355 0.47843137 0.54509807 0.63529414 0.7019608 0.6745098 0.3529412 0.16862746 0.5019608 0.63529414 0.7607843 0.6431373 0.37254903 0.5529412 0.18431373 0.0627451 0.06666667 0.039215688 0.06666667 0.101960786 0.09803922 0.09019608 0.5372549 0.95686275 0.84705883 0.7254902 0.7764706 0.8666667 0.87058824
0.6627451 0.5568628 0.5294118 0.60784316 0.56078434 0.4862745 0.5176471 0.6666667 0.70980394 0.5529412 0.19215687 0.5529412 0.72156864 0.80784315 0.5764706 0.24313726 0.26666668 0.1882353 0.12941177 0.09019608 0.06666667 0.078431375 0.10980392 0.13333334 0.1254902 0.5176471 0.80784315 0.80784315 0.75686276 0.74509805 0.8392157 0.8862745
0.4745098 0.34509805 0.52156866 0.5529412 0.49019608 0.52156866 0.5294118 0.6313726 0.7019608 0.6313726 0.27450982 0.29803923 0.6392157 0.5176471 0.32156864 0.21176471 0.14901961 0.14509805 0.12156863 0.101960786 0.08627451 0.08235294 0.09411765 0.1254902 0.18431373 0.5568628 0.72156864 0.6117647 0.69803923 0.75686276 0.8627451 0.8901961
0.32941177 0.3882353 0.5058824 0.49411765 0.47058824 0.53333336 0.54509807 0.62352943 0.7019608 0.6666667 0.4117647 0.18431373 0.34901962 0.21176471 0.22352941 0.2627451 0.12941177 0.09411765 0.12156863 0.10980392 0.08627451 0.12156863 0.09019608 0.10980392 0.13333334 0.44705883 0.7607843 0.7490196 0.7294118 0.78431374 0.89411765 0.9254902
0.5686275 0.42745098 0.36862746 0.6039216 0.57254905 0.48235294 0.5411765 0.68235296 0.7647059 0.7647059 0.5529412 0.22745098 0.12156863 0.29411766 0.4117647 0.22745098 0.19607843 0.12156863 0.09803922 0.12156863 0.105882354 0.105882354 0.1254902 0.11372549 0.08627451 0.21568628 0.7019608 0.8392157 0.8627451 0.85490197 0.8784314 0.90588236
0.56078434 0.2509804 0.20784314 0.36078432 0.5647059 0.5254902 0.52156866 0.65882355 0.73333335 0.8156863 0.47843137 0.29411766 0.22745098 0.24705882 0.24313726 0.14117648 0.16078432 0.15294118 0.15294118 0.13725491 0.09803922 0.12941177 0.14509805 0.08627451 0.11372549 0.18039216 0.63529414 0.89411765 0.89411765 0.87058824 0.8352941 0.7529412
0.38431373 0.2901961 0.5372549 0.34509805 0.22352941 0.46666667 0.47843137 0.5764706 0.654902 0.59607846 0.31764707 0.4392157 0.2784314 0.11372549 0.16862746 0.16862746 0.26666668 0.19607843 0.22745098 0.18431373 0.14117648 0.09411765 0.0627451 0.09411765 0.14509805 0.17254902 0.6 0.8901961 0.84313726 0.7882353 0.6117647 0.6392157
0.5568628 0.4862745 0.67058825 0.53333336 0.12156863 0.20784314 0.39215687 0.5686275 0.6392157 0.42745098 0.16078432 0.15686275 0.19607843 0.16862746 0.18039216 0.17254902 0.13725491 0.14509805 0.18039216 0.20392157 0.18039216 0.11372549 0.09411765 0.1764706 0.19215687 0.1764706 0.627451 0.8901961 0.7882353 0.6627451 0.41568628 0.59607846
0.76862746 0.6392157 0.62352943 0.59607846 0.30588236 0.24705882 0.4392157 0.62352943 0.59607846 0.33333334 0.39215687 0.6 0.5058824 0.21176471 0.1254902 0.27450982 0.29411766 0.19607843 0.23529412 0.22745098 0.2 0.10980392 0.13333334 0.20392157 0.17254902 0.16470589 0.5411765 0.8039216 0.7607843 0.58431375 0.49019608 0.60784316
0.7372549 0.7019608 0.6666667 0.6745098 0.4 0.17254902 0.37254903 0.58431375 0.67058825 0.6039216 0.76862746 0.83137256 0.49019608 0.19215687 0.14509805 0.29803923 0.3764706 0.22745098 0.18039216 0.16078432 0.15686275 0.15686275 0.18431373 0.21960784 0.23921569 0.32156864 0.60784316 0.6627451 0.7019608 0.72156864 0.6431373 0.5882353
0.67058825 0.7647059 0.68235296 0.6509804 0.5764706 0.17254902 0.105882354 0.27450982 0.5058824 0.40392157 0.5294118 0.74509805 0.5176471 0.35686275 0.34117648 0.49019608 0.29411766 0.24705882 0.21960784 0.1764706 0.19607843 0.12941177 0.21960784 0.25490198 0.23921569 0.48235294 0.7176471 0.6901961 0.6627451 0.75686276 0.74509805 0.7529412
0.6431373 0.81960785 0.7490196 0.6431373 0.7058824 0.4745098 0.1882353 0.1882353 0.12156863 0.03529412 0.44705883 0.6431373 0.4862745 0.41960785 0.54509807 0.5254902 0.27058825 0.2 0.1882353 0.1882353 0.19215687 0.22352941 0.2627451 0.22352941 0.36078432 0.44313726 0.53333336 0.68235296 0.7058824 0.74509805 0.8117647 0.84705883
0.7019608 0.7921569 0.75686276 0.6117647 0.6313726 0.54901963 0.26666668 0.38039216 0.2627451 0.1882353 0.47843137 0.46666667 0.37254903 0.40392157 0.5882353 0.59607846 0.23921569 0.20392157 0.11372549 0.105882354 0.15686275 0.22745098 0.21568628 0.3529412 0.6156863 0.5019608 0.39215687 0.5254902 0.64705884 0.6901961 0.74509805 0.83137256
0.6156863 0.7058824 0.7294118 0.5882353 0.69411767 0.6431373 0.49803922 0.49411765 0.34901962 0.54509807 0.4745098 0.31764707 0.24313726 0.28235295 0.57254905 0.5137255 0.1764706 0.25490198 0.101960786 0.11764706 0.18039216 0.20392157 0.2784314 0.49411765 0.5764706 0.6745098 0.5803922 0.38039216 0.6156863 0.7607843 0.7882353 0.81960785
0.6509804 0.78039217 0.80784315 0.7921569 0.77254903 0.6784314 0.6431373 0.41568628 0.38431373 0.41568628 0.34901962 0.28627452 0.21960784 0.2627451 0.5411765 0.5294118 0.21176471 0.22745098 0.15294118 0.20392157 0.21568628 0.2627451 0.5137255 0.4745098 0.5764706 0.7490196 0.5921569 0.30980393 0.4627451 0.73333335 0.7921569 0.8509804
0.7764706 0.8784314 0.8509804 0.78431374 0.72156864 0.73333335 0.49411765 0.30980393 0.47843137 0.36862746 0.32941177 0.25882354 0.23921569 0.29411766 0.5019608 0.64705884 0.24705882 0.13333334 0.23529412 0.33333334 0.2627451 0.36078432 0.57254905 0.5058824 0.654902 0.7137255 0.54509807 0.6039216 0.5568628 0.5882353 0.7529412 0.75686276
0.7176471 0.80784315 0.87058824 0.80784315 0.8117647 0.65882355 0.2784314 0.16862746 0.34117648 0.45882353 0.34117648 0.29803923 0.30980393 0.28235295 0.33333334 0.52156866 0.25490198 0.16470589 0.28627452 0.24313726 0.28627452 0.45490196 0.3647059 0.48235294 0.63529414 0.76862746 0.8980392 0.8784314 0.6392157 0.47843137 0.59607846 0.6745098
0.73333335 0.7882353 0.7882353 0.78039217 0.8117647 0.4 0.2 0.15686275 0.20392157 0.26666668 0.2509804 0.27450982 0.3019608 0.44313726 0.31764707 0.45490196 0.39215687 0.34509805 0.30980393 0.25882354 0.40784314 0.50980395 0.54901963 0.69411767 0.6392157 0.73333335 0.8784314 0.68235296 0.48235294 0.46666667 0.36078432 0.3372549
0.654902 0.7411765 0.7647059 0.7764706 0.6431373 0.2627451 0.15294118 0.21176471 0.2784314 0.2901961 0.28627452 0.27450982 0.4392157 0.5568628 0.2 0.42745098 0.4 0.23137255 0.28627452 0.39215687 0.4745098 0.57254905 0.6509804 0.7647059 0.69411767 0.7058824 0.7058824 0.44705883 0.34901962 0.34509805 0.3647059 0.38431373
0.61960787 0.6901961 0.7647059 0.80784315 0.48235294 0.16862746 0.16862746 0.28235295 0.29803923 0.31764707 0.38039216 0.4745098 0.6117647 0.50980395 0.1882353 0.40392157 0.25882354 0.16078432 0.32156864 0.39607844 0.4745098 0.41960785 0.49411765 0.7607843 0.74509805 0.5137255 0.40392157 0.42352942 0.5058824 0.6039216 0.5176471 0.5568628
0.49803922 0.5019608 0.49019608 0.4627451 0.2509804 0.09803922 0.29803923 0.4509804 0.48235294 0.6039216 0.7490196 0.7921569 0.7411765 0.4117647 0.29411766 0.47843137 0.19215687 0.07450981 0.23921569 0.25882354 0.4509804 0.6509804 0.6 0.5294118 0.39607844 0.4627451 0.7647059 0.8 0.6039216 0.5058824 0.34117648 0.7137255
0.21960784 0.24705882 0.3019608 0.3254902 0.105882354 0.18039216 0.34509805 0.3647059 0.4392157 0.5372549 0.5019608 0.5686275 0.49019608 0.1254902 0.23137255 0.48235294 0.34509805 0.32941177 0.40784314 0.49411765 0.61960787 0.7647059 0.5137255 0.45490196 0.6901961 0.8784314 0.9529412 0.7764706 0.4745098 0.3372549 0.3019608 0.7607843
0.3254902 0.30588236 0.43529412 0.37254903 0.14509805 0.34509805 0.31764707 0.23529412 0.3529412 0.42745098 0.31764707 0.3137255 0.23529412 0.23529412 0.50980395 0.69803923 0.5686275 0.41960785 0.34509805 0.4392157 0.43529412 0.58431375 0.7372549 0.78431374 0.84313726 0.8745098 0.8901961 0.73333335 0.40392157 0.3137255 0.41960785 0.83137256
0.3882353 0.24313726 0.41568628 0.3647059 0.39607844 0.41960785 0.28235295 0.32156864 0.57254905 0.5647059 0.57254905 0.36862746 0.36078432 0.6392157 0.69411767 0.7529412 0.76862746 0.34901962 0.12941177 0.1882353 0.34901962 0.54901963 0.6745098 0.7490196 0.7529412 0.7764706 0.84705883 0.69411767 0.3764706 0.27058825 0.4509804 0.7647059
0.39215687 0.5372549 0.32156864 0.20784314 0.41568628 0.3882353 0.1764706 0.28235295 0.19607843 0.15686275 0.22745098 0.38431373 0.59607846 0.56078434 0.35686275 0.44313726 0.41568628 0.48235294 0.627451 0.4627451 0.52156866 0.6627451 0.7176471 0.7411765 0.7529412 0.8 0.7647059 0.57254905 0.34901962 0.14901961 0.31764707 0.654902
0.49803922 0.5058824 0.25490198 0.14117648 0.3764706 0.47843137 0.25882354 0.27450982 0.36078432 0.14117648 0.3529412 0.40392157 0.23921569 0.32156864 0.41960785 0.4745098 0.38039216 0.4392157 0.5137255 0.43529412 0.5176471 0.6901961 0.6509804 0.6627451 0.6784314 0.61960787 0.654902 0.6156863 0.4509804 0.4509804 0.5921569 0.70980394
0.64705884 0.48235294 0.2784314 0.3529412 0.38039216 0.44313726 0.36862746 0.19607843 0.3647059 0.34509805 0.23921569 0.25490198 0.22745098 0.40392157 0.3882353 0.42745098 0.3647059 0.27450982 0.38431373 0.42352942 0.54901963 0.47058824 0.32156864 0.4 0.63529414 0.69803923 0.54509807 0.49019608 0.5882353 0.58431375 0.6431373 0.7058824
0.50980395 0.4117647 0.23921569 0.33333334 0.3764706 0.4862745 0.5686275 0.26666668 0.24705882 0.37254903 0.23529412 0.15686275 0.34509805 0.3372549 0.25882354 0.40392157 0.5176471 0.3019608 0.24313726 0.22745098 0.29411766 0.23921569 0.31764707 0.49803922 0.627451 0.7490196 0.7058824 0.56078434 0.5176471 0.4745098 0.49803922 0.63529414
0.5764706 0.42745098 0.18039216 0.14117648 0.2901961 0.57254905 0.7058824 0.40784314 0.13725491 0.34117648 0.49803922 0.19215687 0.2 0.32156864 0.30588236 0.49019608 0.49411765 0.34509805 0.1882353 0.30588236 0.2901961 0.15686275 0.25490198 0.5686275 0.65882355 0.7254902 0.77254903 0.6313726 0.4117647 0.39215687 0.36078432 0.39215687
0.54901963 0.4 0.28627452 0.26666668 0.34901962 0.5568628 0.5411765 0.32941177 0.14509805 0.42352942 0.6039216 0.24705882 0.11764706 0.39215687 0.70980394 0.74509805 0.44705883 0.32156864 0.10980392 0.28235295 0.29803923 0.23137255 0.16862746 0.1764706 0.28627452 0.29803923 0.4 0.38039216 0.34117648 0.38039216 0.38039216 0.26666668
0.4392157 0.39607844 0.41960785 0.35686275 0.42352942 0.38039216 0.31764707 0.48235294 0.35686275 0.27450982 0.5019608 0.23137255 0.16862746 0.19215687 0.5294118 0.91764706 0.7882353 0.4 0.06666667 0.22745098 0.3254902 0.27058825 0.21568628 0.11764706 0.16862746 0.27450982 0.2509804 0.2784314 0.54901963 0.57254905 0.5058824 0.35686275
0.48235294 0.39215687 0.36862746 0.42745098 0.3137255 0.26666668 0.5058824 0.6509804 0.5294118 0.2 0.16470589 0.14509805 0.23529412 0.29803923 0.33333334 0.7019608 0.8235294 0.33333334 0.078431375 0.16078432 0.15294118 0.12941177 0.16862746 0.12941177 0.14509805 0.5882353 0.73333335 0.3882353 0.67058825 0.6901961 0.5686275 0.41568628
0.52156866 0.5254902 0.45490196 0.47843137 0.36078432 0.4509804 0.5294118 0.60784316 0.5764706 0.2627451 0.09411765 0.37254903 0.41960785 0.5372549 0.5019608 0.27058825 0.4862745 0.21176471 0.105882354 0.101960786 0.07058824 0.09803922 0.13725491 0.12941177 0.101960786 0.46666667 0.9019608 0.79607844 0.5254902 0.57254905 0.61960787 0.49803922
0.44313726 0.42352942 0.35686275 0.4745098 0.48235294 0.4 0.39607844 0.5686275 0.627451 0.42745098 0.1254902 0.40392157 0.34901962 0.29411766 0.36078432 0.26666668 0.34117648 0.2784314 0.19215687 0.13333334 0.105882354 0.11372549 0.14901961 0.16470589 0.12156863 0.2 0.39215687 0.5882353 0.5882353 0.61960787 0.62352943 0.5529412
0.2784314 0.20784314 0.40784314 0.46666667 0.4392157 0.44705883 0.42352942 0.5254902 0.6 0.5137255 0.19607843 0.21176471 0.48235294 0.32941177 0.26666668 0.2627451 0.20392157 0.20392157 0.17254902 0.15294118 0.1254902 0.11372549 0.13725491 0.16470589 0.18431373 0.3372549 0.37254903 0.2901961 0.34901962 0.4117647 0.54901963 0.58431375
0.2 0.28627452 0.43529412 0.42745098 0.43137255 0.46666667 0.46666667 0.5254902 0.61960787 0.58431375 0.32941177 0.13333334 0.32156864 0.25882354 0.23137255 0.2509804 0.15686275 0.13725491 0.16078432 0.14509805 0.12156863 0.14901961 0.1254902 0.14509805 0.15686275 0.39607844 0.65882355 0.7019608 0.5372549 0.37254903 0.5568628 0.7058824
0.30980393 0.28235295 0.25490198 0.40784314 0.45490196 0.40784314 0.4392157 0.5882353 0.68235296 0.654902 0.45490196 0.1764706 0.08235294 0.26666668 0.3529412 0.19215687 0.20392157 0.14509805 0.13725491 0.15686275 0.13333334 0.12941177 0.14509805 0.13725491 0.10980392 0.2 0.56078434 0.7764706 0.827451 0.65882355 0.6392157 0.6627451
0.20392157 0.13333334 0.12941177 0.23137255 0.35686275 0.3254902 0.3764706 0.52156866 0.6431373 0.7058824 0.41960785 0.27450982 0.1764706 0.19215687 0.20784314 0.12941177 0.16078432 0.16078432 0.17254902 0.16470589 0.12156863 0.14509805 0.16862746 0.10980392 0.12941177 0.16470589 0.47058824 0.7411765 0.7764706 0.6784314 0.5882353 0.36078432
0.19607843 0.18431373 0.34509805 0.21568628 0.12941177 0.27058825 0.3647059 0.49411765 0.6117647 0.5529412 0.2901961 0.41960785 0.25882354 0.078431375 0.14509805 0.17254902 0.26666668 0.20392157 0.23137255 0.19215687 0.15294118 0.09803922 0.08235294 0.11372549 0.14117648 0.16470589 0.49803922 0.6 0.5568628 0.53333336 0.34509805 0.25882354
0.40784314 0.32941177 0.41960785 0.3254902 0.07450981 0.15686275 0.34117648 0.5176471 0.6039216 0.40392157 0.16470589 0.14509805 0.09803922 0.08235294 0.13725491 0.14901961 0.14117648 0.14117648 0.16862746 0.19215687 0.1764706 0.10980392 0.09019608 0.16862746 0.18039216 0.16078432 0.50980395 0.5176471 0.28235295 0.29803923 0.16862746 0.25490198
0.57254905 0.39607844 0.31764707 0.3019608 0.16078432 0.12941177 0.34509805 0.5647059 0.5372549 0.2627451 0.2 0.2 0.13725491 0.07450981 0.06666667 0.23137255 0.25490198 0.1764706 0.20392157 0.19215687 0.16078432 0.09803922 0.13333334 0.18431373 0.16078432 0.14117648 0.4117647 0.627451 0.36078432 0.2509804 0.20392157 0.2
0.43529412 0.36078432 0.33333334 0.3647059 0.23529412 0.101960786 0.24705882 0.47843137 0.50980395 0.34901962 0.3137255 0.18039216 0.08627451 0.12156863 0.078431375 0.14117648 0.24705882 0.17254902 0.14509805 0.12156863 0.11372549 0.11764706 0.15686275 0.18039216 0.18431373 0.24313726 0.45490196 0.47058824 0.57254905 0.58431375 0.39215687 0.26666668
0.4117647 0.47843137 0.43137255 0.38431373 0.31764707 0.105882354 0.07058824 0.20392157 0.34509805 0.24705882 0.15294118 0.07450981 0.16862746 0.29803923 0.19607843 0.2 0.1882353 0.18039216 0.14509805 0.11764706 0.12156863 0.08235294 0.17254902 0.2 0.17254902 0.39215687 0.65882355 0.54901963 0.46666667 0.5686275 0.54901963 0.56078434
0.4117647 0.6039216 0.5647059 0.3647059 0.3529412 0.28235295 0.14117648 0.14117648 0.07058824 0.023529412 0.16470589 0.30588236 0.36078432 0.3137255 0.2627451 0.27058825 0.17254902 0.14117648 0.12156863 0.11764706 0.11764706 0.13725491 0.1764706 0.14117648 0.24313726 0.36862746 0.5254902 0.6862745 0.59607846 0.5921569 0.6901961 0.7058824
0.3882353 0.49803922 0.53333336 0.34901962 0.3137255 0.31764707 0.2 0.1254902 0.043137256 0.15294118 0.3647059 0.3764706 0.26666668 0.22352941 0.2627451 0.34117648 0.17254902 0.16862746 0.078431375 0.07058824 0.09019608 0.13333334 0.14901961 0.14509805 0.2784314 0.30980393 0.27058825 0.43529412 0.627451 0.67058825 0.70980394 0.7647059
0.32941177 0.31764707 0.42745098 0.32941177 0.34509805 0.43529412 0.2509804 0.0627451 0.17254902 0.39215687 0.28627452 0.18039216 0.13725491 0.14117648 0.27450982 0.32941177 0.18039216 0.26666668 0.07450981 0.0627451 0.09411765 0.11764706 0.11764706 0.13725491 0.2 0.3647059 0.2901961 0.13333334 0.44313726 0.6745098 0.7490196 0.75686276
0.38039216 0.3882353 0.4509804 0.44313726 0.41960785 0.44313726 0.18039216 0.09803922 0.2901961 0.2509804 0.16470589 0.12156863 0.09411765 0.14901961 0.2901961 0.36862746 0.23529412 0.24313726 0.09803922 0.08627451 0.101960786 0.1254902 0.18039216 0.101960786 0.15686275 0.36078432 0.28235295 0.1254902 0.1882353 0.3764706 0.4745098 0.5176471
0.3764706 0.5294118 0.5647059 0.47843137 0.4862745 0.3764706 0.07450981 0.14117648 0.2784314 0.16470589 0.11764706 0.09019608 0.08235294 0.10980392 0.2627451 0.4745098 0.21176471 0.078431375 0.08627451 0.12941177 0.09803922 0.22745098 0.27450982 0.09411765 0.25490198 0.3529412 0.29803923 0.45882353 0.39215687 0.27450982 0.23137255 0.21960784
0.25490198 0.41568628 0.5529412 0.56078434 0.627451 0.27450982 0.03529412 0.047058824 0.13333334 0.15686275 0.0627451 0.05490196 0.0627451 0.047058824 0.12941177 0.37254903 0.16470589 0.05882353 0.10980392 0.078431375 0.15686275 0.36862746 0.20392157 0.19607843 0.3137255 0.45490196 0.69411767 0.69411767 0.4745098 0.28235295 0.23137255 0.33333334
0.45490196 0.5764706 0.5921569 0.54509807 0.6156863 0.1764706 0.02745098 0.03529412 0.039215688 0.047058824 0.050980393 0.047058824 0.078431375 0.16862746 0.15686275 0.3882353 0.24313726 0.13725491 0.11764706 0.06666667 0.1882353 0.3254902 0.34117648 0.40784314 0.28627452 0.3882353 0.5411765 0.39607844 0.42352942 0.40784314 0.2509804 0.20392157
0.44705883 0.54509807 0.6117647 0.62352943 0.34901962 0.08235294 0.039215688 0.03529412 0.047058824 0.05490196 0.0627451 0.043137256 0.17254902 0.19607843 0.09019608 0.4117647 0.21568628 0.08235294 0.07450981 0.101960786 0.19607843 0.30980393 0.36862746 0.45882353 0.3254902 0.2901961 0.38431373 0.3137255 0.28627452 0.30588236 0.26666668 0.16078432
0.42352942 0.47058824 0.59607846 0.69411767 0.22352941 0.039215688 0.05490196 0.05490196 0.050980393 0.078431375 0.14901961 0.22745098 0.32941177 0.26666668 0.13725491 0.36078432 0.12941177 0.10980392 0.2 0.19607843 0.25490198 0.2 0.22352941 0.49019608 0.4745098 0.30980393 0.28627452 0.25490198 0.32941177 0.44705883 0.23137255 0.23529412
0.41568628 0.4117647 0.39607844 0.3647059 0.12941177 0.047058824 0.09803922 0.22352941 0.28235295 0.38431373 0.5176471 0.5372549 0.4392157 0.24705882 0.24705882 0.36862746 0.105882354 0.078431375 0.24705882 0.19607843 0.19607843 0.32941177 0.36862746 0.38039216 0.29411766 0.3529412 0.6039216 0.5019608 0.32941177 0.29803923 0.101960786 0.38431373
0.1764706 0.18039216 0.20392157 0.19215687 0.0627451 0.039215688 0.06666667 0.13333334 0.21176471 0.29411766 0.32941177 0.35686275 0.3019608 0.08235294 0.1254902 0.3254902 0.29411766 0.23921569 0.32941177 0.35686275 0.35686275 0.5058824 0.39215687 0.3137255 0.48235294 0.6 0.6745098 0.5294118 0.2509804 0.13333334 0.09411765 0.44313726
0.30588236 0.22352941 0.22352941 0.18039216 0.050980393 0.03529412 0.047058824 0.03529412 0.08235294 0.30588236 0.2627451 0.12941177 0.11372549 0.14117648 0.27058825 0.49803922 0.3764706 0.22745098 0.23529412 0.3019608 0.3137255 0.36862746 0.45490196 0.46666667 0.5019608 0.5568628 0.5568628 0.41568628 0.22352941 0.09019608 0.16470589 0.5568628
0.3372549 0.16862746 0.20784314 0.19607843 0.05490196 0.03529412 0.039215688 0.05490196 0.25882354 0.47843137 0.47843137 0.20784314 0.26666668 0.5254902 0.47843137 0.40784314 0.4392157 0.17254902 0.07450981 0.1254902 0.14117648 0.21176471 0.3019608 0.3529412 0.32156864 0.3764706 0.50980395 0.40392157 0.21568628 0.10980392 0.20784314 0.45490196
31 24 1
15 0 0
31 14 0
5 31 0
31 26 0
0 30 1
31 26 2
4 0 0
9 31 0
30 0 0
4 31 2
29 0 2
31 24 0
0 25 2
10 0 2
31 20 1
31 0 1
31 21 2
12 0 1
29 31 2
4 0 1
20 31 0
22 0 0
31 12 1
0 22 2
0 21 2
31 8 1
0 31 0
4 31 1
0 14 2
15 0 2
18 31 2
6 31 0
6 31 2
0 9 1
31 25 1
7 31 0
0 31 1
0 7 0
0 0 1
12 31 1
31 8 0
31 19 0
31 22 0
26 31 0
0 3 2
13 31 1
3 0 0
31 5 2
7 31 2
