32, 32, 3, 50
0.7176471 0.69803923 0.6745098 0.74509805 0.77254903 0.8039216 0.83137256 0.8627451 0.9098039 0.8352941 0.69803923 0.7882353 0.7921569 0.72156864 0.7058824 0.69803923 0.69803923 0.7254902 0.64705884 0.5372549 0.69411767 0.6039216 0.63529414 0.6784314 0.5647059 0.5058824 0.5372549 0.5176471 0.627451 0.62352943 0.7411765 0.72156864
0.6862745 0.69803923 0.72156864 0.78039217 0.7137255 0.77254903 0.8784314 0.85882354 0.8862745 0.827451 0.7254902 0.6666667 0.7176471 0.67058825 0.72156864 0.6666667 0.58431375 0.6784314 0.5764706 0.56078434 0.6901961 0.62352943 0.63529414 0.6627451 0.5803922 0.54509807 0.59607846 0.5568628 0.6117647 0.6117647 0.7411765 0.7058824
0.6156863 0.7176471 0.7411765 0.73333335 0.6784314 0.70980394 0.84313726 0.8 0.7764706 0.83137256 0.7529412 0.62352943 0.6039216 0.6117647 0.6862745 0.6156863 0.52156866 0.6431373 0.6509804 0.58431375 0.654902 0.6392157 0.69411767 0.6784314 0.58431375 0.6156863 0.65882355 0.5686275 0.5921569 0.6392157 0.6509804 0.67058825
0.59607846 0.7372549 0.7647059 0.69803923 0.7411765 0.627451 0.7372549 0.7882353 0.7058824 0.7647059 0.7372549 0.6901961 0.6 0.6039216 0.6509804 0.5921569 0.4745098 0.5803922 0.70980394 0.5764706 0.61960787 0.69803923 0.73333335 0.7254902 0.60784316 0.5803922 0.69411767 0.59607846 0.5882353 0.6666667 0.6392157 0.6666667
0.6431373 0.7294118 0.81960785 0.7647059 0.7921569 0.68235296 0.6431373 0.75686276 0.74509805 0.67058825 0.7176471 0.6784314 0.6039216 0.6392157 0.68235296 0.59607846 0.4745098 0.5803922 0.70980394 0.63529414 0.5686275 0.67058825 0.6862745 0.6431373 0.60784316 0.59607846 0.68235296 0.62352943 0.57254905 0.654902 0.627451 0.6431373
0.60784316 0.6509804 0.8745098 0.84705883 0.8352941 0.7254902 0.627451 0.74509805 0.79607844 0.69411767 0.69803923 0.6156863 0.627451 0.7058824 0.7254902 0.6862745 0.6156863 0.654902 0.7176471 0.61960787 0.6117647 0.654902 0.6666667 0.6666667 0.63529414 0.56078434 0.5882353 0.6 0.654902 0.63529414 0.5882353 0.6117647
0.6666667 0.61960787 0.79607844 0.8235294 0.85490197 0.6039216 0.60784316 0.6666667 0.69411767 0.59607846 0.6156863 0.49411765 0.64705884 0.64705884 0.73333335 0.7176471 0.6392157 0.7137255 0.76862746 0.7137255 0.6901961 0.75686276 0.8156863 0.827451 0.8 0.60784316 0.54901963 0.5294118 0.627451 0.6117647 0.5686275 0.5764706
0.72156864 0.7764706 0.7882353 0.7411765 0.83137256 0.5921569 0.6901961 0.7764706 0.6901961 0.5254902 0.5529412 0.5647059 0.6431373 0.5294118 0.6627451 0.6627451 0.60784316 0.62352943 0.78039217 0.8352941 0.6666667 0.49411765 0.74509805 0.75686276 0.654902 0.56078434 0.6666667 0.5294118 0.54901963 0.58431375 0.5764706 0.6156863
0.7529412 0.8235294 0.7137255 0.7176471 0.8117647 0.6313726 0.7921569 0.80784315 0.6 0.4862745 0.4745098 0.59607846 0.5529412 0.5686275 0.6117647 0.5921569 0.5882353 0.5882353 0.6901961 0.6862745 0.6392157 0.4117647 0.48235294 0.60784316 0.4627451 0.3529412 0.6862745 0.6745098 0.53333336 0.53333336 0.5686275 0.61960787
0.69411767 0.74509805 0.6901961 0.69803923 0.7882353 0.65882355 0.7529412 0.7254902 0.5137255 0.3882353 0.40392157 0.5411765 0.5137255 0.6 0.5647059 0.49019608 0.5921569 0.6392157 0.5882353 0.5686275 0.6039216 0.53333336 0.38431373 0.46666667 0.6 0.56078434 0.6509804 0.69411767 0.53333336 0.4745098 0.52156866 0.6117647
0.6509804 0.65882355 0.6627451 0.68235296 0.76862746 0.73333335 0.72156864 0.654902 0.5058824 0.3647059 0.41960785 0.5764706 0.5647059 0.5254902 0.45882353 0.4392157 0.59607846 0.59607846 0.5411765 0.5568628 0.54901963 0.53333336 0.45490196 0.39607844 0.4392157 0.63529414 0.6313726 0.5372549 0.47058824 0.41960785 0.49803922 0.64705884
0.6509804 0.627451 0.69411767 0.654902 0.827451 0.78039217 0.6117647 0.5803922 0.5058824 0.32941177 0.42352942 0.5647059 0.52156866 0.4392157 0.41960785 0.41960785 0.4392157 0.4627451 0.54509807 0.52156866 0.4745098 0.48235294 0.39215687 0.35686275 0.25490198 0.3372549 0.4 0.42352942 0.4509804 0.43137255 0.5294118 0.6392157
0.61960787 0.53333336 0.6901961 0.6509804 0.8039216 0.6862745 0.5529412 0.49411765 0.43137255 0.36078432 0.43137255 0.45882353 0.4509804 0.43529412 0.36078432 0.31764707 0.32941177 0.39215687 0.5137255 0.5254902 0.40784314 0.34117648 0.31764707 0.32941177 0.30980393 0.28235295 0.25882354 0.28235295 0.39607844 0.5058824 0.6392157 0.58431375
0.6039216 0.48235294 0.5921569 0.7058824 0.6666667 0.5686275 0.5019608 0.43529412 0.40784314 0.4117647 0.47843137 0.47058824 0.41568628 0.4392157 0.33333334 0.3372549 0.4 0.40392157 0.5372549 0.56078434 0.4 0.37254903 0.34509805 0.3019608 0.2509804 0.18431373 0.18431373 0.20784314 0.3019608 0.41960785 0.52156866 0.60784316
0.50980395 0.50980395 0.54901963 0.627451 0.6039216 0.54509807 0.5058824 0.48235294 0.5254902 0.57254905 0.6313726 0.6509804 0.6117647 0.58431375 0.5294118 0.52156866 0.5372549 0.6117647 0.6156863 0.48235294 0.36078432 0.39607844 0.4509804 0.28235295 0.22745098 0.19215687 0.17254902 0.1764706 0.2509804 0.3882353 0.4392157 0.56078434
0.43529412 0.5019608 0.5529412 0.5372549 0.56078434 0.5882353 0.59607846 0.6627451 0.8039216 0.85882354 0.81960785 0.7764706 0.7372549 0.7254902 0.6784314 0.64705884 0.60784316 0.6117647 0.5764706 0.48235294 0.35686275 0.4862745 0.6509804 0.3372549 0.2509804 0.23137255 0.2 0.16862746 0.1882353 0.3529412 0.46666667 0.4862745
0.40392157 0.5019608 0.54901963 0.47843137 0.54901963 0.7176471 0.8 0.8392157 0.8666667 0.9137255 0.8901961 0.75686276 0.69803923 0.6745098 0.6392157 0.65882355 0.6627451 0.58431375 0.5568628 0.5568628 0.5254902 0.69803923 0.7294118 0.36862746 0.24313726 0.23921569 0.21960784 0.17254902 0.1764706 0.3764706 0.52156866 0.46666667
0.38431373 0.47058824 0.5254902 0.47058824 0.60784316 0.8392157 0.84705883 0.7607843 0.6666667 0.6509804 0.7058824 0.6901961 0.654902 0.57254905 0.5176471 0.5058824 0.5647059 0.58431375 0.56078434 0.5372549 0.5686275 0.6862745 0.6039216 0.32156864 0.22745098 0.23529412 0.22352941 0.18039216 0.22352941 0.28627452 0.42745098 0.40784314
0.4 0.49019608 0.4862745 0.5058824 0.7254902 0.81960785 0.6901961 0.6156863 0.5137255 0.39607844 0.39215687 0.5647059 0.5921569 0.5411765 0.4392157 0.43529412 0.46666667 0.5137255 0.49411765 0.41568628 0.4509804 0.6039216 0.5019608 0.27450982 0.23921569 0.26666668 0.29411766 0.26666668 0.25490198 0.2901961 0.38431373 0.4
0.4862745 0.59607846 0.42352942 0.54901963 0.7529412 0.6901961 0.61960787 0.5372549 0.42745098 0.29803923 0.2509804 0.39607844 0.4392157 0.38431373 0.4 0.47843137 0.45882353 0.4509804 0.42745098 0.3529412 0.4117647 0.5568628 0.42745098 0.26666668 0.2901961 0.32156864 0.40392157 0.39215687 0.30980393 0.36862746 0.4627451 0.40784314
0.44705883 0.50980395 0.38431373 0.6392157 0.73333335 0.65882355 0.5372549 0.43137255 0.3647059 0.2901961 0.22352941 0.25882354 0.31764707 0.29411766 0.36078432 0.3647059 0.37254903 0.43529412 0.38039216 0.36078432 0.39607844 0.44313726 0.3647059 0.2627451 0.2901961 0.3882353 0.4862745 0.5372549 0.4862745 0.44705883 0.54901963 0.5294118
0.47843137 0.5372549 0.49019608 0.6901961 0.67058825 0.57254905 0.4392157 0.33333334 0.3137255 0.29803923 0.21568628 0.19607843 0.27058825 0.26666668 0.36078432 0.33333334 0.31764707 0.3372549 0.31764707 0.34901962 0.3764706 0.36862746 0.32156864 0.2509804 0.2627451 0.4392157 0.6784314 0.6627451 0.59607846 0.60784316 0.64705884 0.6901961
0.54509807 0.7411765 0.6039216 0.63529414 0.56078434 0.42352942 0.36862746 0.3137255 0.28627452 0.2784314 0.21568628 0.18431373 0.2509804 0.2627451 0.3764706 0.3372549 0.34509805 0.35686275 0.30588236 0.34509805 0.35686275 0.30980393 0.30980393 0.25490198 0.2627451 0.4862745 0.7490196 0.7254902 0.7019608 0.7294118 0.7490196 0.7529412
0.5882353 0.83137256 0.70980394 0.5803922 0.4627451 0.38431373 0.38431373 0.34509805 0.30980393 0.2509804 0.20392157 0.20392157 0.3254902 0.33333334 0.4117647 0.3882353 0.45490196 0.45490196 0.36862746 0.34901962 0.40784314 0.30588236 0.34509805 0.30588236 0.29411766 0.4745098 0.65882355 0.73333335 0.7764706 0.7372549 0.7372549 0.7411765
0.67058825 0.8 0.8 0.54509807 0.40392157 0.4392157 0.4392157 0.36862746 0.37254903 0.2509804 0.21568628 0.31764707 0.32941177 0.3019608 0.38039216 0.45490196 0.4862745 0.4392157 0.3764706 0.30980393 0.41568628 0.3529412 0.41568628 0.3882353 0.34901962 0.46666667 0.5411765 0.654902 0.74509805 0.7176471 0.7607843 0.70980394
0.6862745 0.6666667 0.7607843 0.5411765 0.3882353 0.43137255 0.40784314 0.45882353 0.5019608 0.32156864 0.34117648 0.39215687 0.40784314 0.4 0.49411765 0.53333336 0.40392157 0.32941177 0.38039216 0.26666668 0.50980395 0.50980395 0.5294118 0.45882353 0.3764706 0.5254902 0.5372549 0.654902 0.68235296 0.7372549 0.7411765 0.7019608
0.63529414 0.60784316 0.7529412 0.63529414 0.56078434 0.5137255 0.53333336 0.5529412 0.5254902 0.48235294 0.53333336 0.5137255 0.6117647 0.5568628 0.6901961 0.6627451 0.54901963 0.42745098 0.49411765 0.46666667 0.62352943 0.57254905 0.6784314 0.58431375 0.5294118 0.60784316 0.6156863 0.65882355 0.6666667 0.69411767 0.6862745 0.72156864
0.62352943 0.61960787 0.7176471 0.7529412 0.7019608 0.75686276 0.7254902 0.7058824 0.69411767 0.7058824 0.7176471 0.6745098 0.70980394 0.7019608 0.7372549 0.7019608 0.6666667 0.61960787 0.64705884 0.69803923 0.73333335 0.6313726 0.77254903 0.69803923 0.627451 0.7058824 0.6313726 0.5647059 0.6509804 0.6627451 0.5921569 0.64705884
0.59607846 0.6392157 0.78431374 0.8117647 0.827451 0.85882354 0.8392157 0.7764706 0.7372549 0.7490196 0.79607844 0.7490196 0.7490196 0.79607844 0.78431374 0.77254903 0.7019608 0.6901961 0.69411767 0.7607843 0.7882353 0.7294118 0.7019608 0.6666667 0.6431373 0.7764706 0.69803923 0.59607846 0.6392157 0.69803923 0.63529414 0.65882355
0.59607846 0.6901961 0.79607844 0.8117647 0.8117647 0.8156863 0.8117647 0.7647059 0.7294118 0.74509805 0.8 0.69803923 0.7490196 0.8156863 0.77254903 0.7529412 0.7137255 0.69803923 0.65882355 0.7411765 0.8156863 0.73333335 0.6392157 0.6509804 0.67058825 0.78039217 0.7529412 0.7019608 0.69411767 0.6862745 0.6784314 0.70980394
0.7019608 0.79607844 0.76862746 0.7882353 0.74509805 0.79607844 0.79607844 0.78039217 0.7372549 0.7372549 0.77254903 0.69803923 0.6901961 0.77254903 0.7411765 0.74509805 0.72156864 0.69803923 0.6627451 0.68235296 0.78431374 0.7411765 0.6745098 0.6901961 0.73333335 0.78039217 0.7372549 0.72156864 0.6901961 0.6627451 0.60784316 0.65882355
0.77254903 0.80784315 0.7607843 0.7411765 0.7294118 0.72156864 0.7411765 0.7058824 0.6392157 0.6509804 0.6784314 0.6784314 0.68235296 0.6901961 0.7137255 0.7254902 0.7137255 0.7019608 0.69411767 0.6901961 0.7254902 0.73333335 0.7411765 0.7490196 0.7058824 0.654902 0.6666667 0.6901961 0.654902 0.6 0.49019608 0.57254905
0.8 0.8039216 0.7764706 0.83137256 0.8392157 0.84705883 0.85490197 0.87058824 0.9254902 0.8745098 0.7411765 0.81960785 0.827451 0.75686276 0.7372549 0.7411765 0.76862746 0.7882353 0.7019608 0.627451 0.7882353 0.6862745 0.7176471 0.7607843 0.6431373 0.5803922 0.62352943 0.6156863 0.7254902 0.7019608 0.8039216 0.78431374
0.78431374 0.8156863 0.81960785 0.8627451 0.78431374 0.81960785 0.9137255 0.88235295 0.92156863 0.8745098 0.7764706 0.7137255 0.7882353 0.7372549 0.78431374 0.73333335 0.6784314 0.7607843 0.65882355 0.6784314 0.80784315 0.7294118 0.7372549 0.7607843 0.6745098 0.6313726 0.69411767 0.6666667 0.7294118 0.72156864 0.8235294 0.78431374
0.7254902 0.8352941 0.8235294 0.8039216 0.74509805 0.7647059 0.8901961 0.8509804 0.83137256 0.8901961 0.80784315 0.68235296 0.69411767 0.69803923 0.7647059 0.69803923 0.6156863 0.7294118 0.74509805 0.7137255 0.7921569 0.7607843 0.8117647 0.7882353 0.6862745 0.7058824 0.75686276 0.6901961 0.72156864 0.77254903 0.75686276 0.7647059
0.7019608 0.84313726 0.827451 0.7529412 0.8 0.6901961 0.8039216 0.8509804 0.76862746 0.8392157 0.8039216 0.75686276 0.6901961 0.6901961 0.73333335 0.6784314 0.5686275 0.6627451 0.8 0.69803923 0.7490196 0.8156863 0.84313726 0.83137256 0.70980394 0.6745098 0.8 0.7176471 0.7254902 0.8156863 0.7647059 0.78039217
0.74509805 0.8235294 0.8666667 0.8039216 0.8352941 0.7372549 0.72156864 0.83137256 0.8156863 0.7647059 0.8039216 0.74509805 0.6862745 0.72156864 0.75686276 0.6784314 0.5568628 0.654902 0.7882353 0.74509805 0.68235296 0.77254903 0.78431374 0.7411765 0.7019608 0.69411767 0.7921569 0.7490196 0.7176471 0.80784315 0.76862746 0.77254903
0.70980394 0.73333335 0.9137255 0.8745098 0.87058824 0.78431374 0.7137255 0.81960785 0.87058824 0.8 0.79607844 0.68235296 0.7019608 0.7764706 0.79607844 0.76862746 0.69411767 0.7254902 0.7921569 0.72156864 0.7058824 0.7294118 0.7411765 0.74509805 0.72156864 0.6666667 0.7058824 0.7372549 0.8039216 0.78431374 0.7372549 0.7529412
0.74509805 0.6862745 0.8627451 0.8627451 0.89411765 0.6862745 0.69803923 0.7372549 0.7764706 0.7019608 0.7176471 0.5647059 0.7176471 0.72156864 0.8156863 0.8117647 0.7254902 0.7921569 0.8392157 0.78431374 0.7647059 0.8 0.84313726 0.8627451 0.8509804 0.6862745 0.6666667 0.6784314 0.78039217 0.7411765 0.72156864 0.7137255
0.78039217 0.827451 0.8627451 0.7921569 0.88235295 0.6745098 0.7607843 0.8352941 0.7764706 0.6392157 0.654902 0.6392157 0.7137255 0.60784316 0.75686276 0.76862746 0.7019608 0.7058824 0.8509804 0.89411765 0.75686276 0.5529412 0.7372549 0.72156864 0.63529414 0.58431375 0.7411765 0.65882355 0.6901961 0.70980394 0.7294118 0.7529412
0.8039216 0.8745098 0.77254903 0.77254903 0.8666667 0.6901961 0.83137256 0.8509804 0.69411767 0.6039216 0.5803922 0.6784314 0.6313726 0.6509804 0.70980394 0.69803923 0.6784314 0.67058825 0.7647059 0.7490196 0.72156864 0.45490196 0.4509804 0.5294118 0.38431373 0.31764707 0.7058824 0.7647059 0.6666667 0.65882355 0.7137255 0.7490196
0.7529412 0.80784315 0.7490196 0.75686276 0.84313726 0.69803923 0.77254903 0.76862746 0.60784316 0.5058824 0.5137255 0.62352943 0.59607846 0.6901961 0.6666667 0.6 0.6862745 0.7254902 0.6666667 0.63529414 0.6313726 0.5137255 0.34509805 0.4117647 0.5294118 0.49411765 0.627451 0.75686276 0.6627451 0.6039216 0.65882355 0.7411765
0.7254902 0.74509805 0.7294118 0.74509805 0.8235294 0.77254903 0.7529412 0.7137255 0.60784316 0.4862745 0.53333336 0.6627451 0.64705884 0.62352943 0.5686275 0.5529412 0.69411767 0.6901961 0.627451 0.6313726 0.52156866 0.45882353 0.42745098 0.4 0.41568628 0.5686275 0.5921569 0.5803922 0.6 0.5568628 0.627451 0.7607843
0.7529412 0.7411765 0.7764706 0.7254902 0.88235295 0.8235294 0.6784314 0.6666667 0.60784316 0.45882353 0.54509807 0.654902 0.6117647 0.5411765 0.5294118 0.53333336 0.5411765 0.56078434 0.6313726 0.6 0.44705883 0.41960785 0.39215687 0.38039216 0.25882354 0.29803923 0.35686275 0.45490196 0.5764706 0.57254905 0.64705884 0.7372549
0.7372549 0.67058825 0.7882353 0.7176471 0.85882354 0.7411765 0.64705884 0.60784316 0.54509807 0.49019608 0.54509807 0.54901963 0.5372549 0.5372549 0.4745098 0.43529412 0.43529412 0.49411765 0.6156863 0.6117647 0.4392157 0.3529412 0.34117648 0.33333334 0.29803923 0.27058825 0.22745098 0.30588236 0.50980395 0.6509804 0.75686276 0.6784314
0.7294118 0.627451 0.7019608 0.7607843 0.7294118 0.6784314 0.62352943 0.5568628 0.5294118 0.49803922 0.5294118 0.5019608 0.4509804 0.49019608 0.40392157 0.41960785 0.47843137 0.5058824 0.654902 0.67058825 0.49803922 0.44313726 0.37254903 0.2901961 0.23921569 0.19215687 0.18431373 0.23137255 0.37254903 0.5568628 0.654902 0.7137255
0.63529414 0.6509804 0.6627451 0.7176471 0.7176471 0.68235296 0.6117647 0.54901963 0.56078434 0.56078434 0.5764706 0.5764706 0.5529412 0.5411765 0.5058824 0.5137255 0.54509807 0.6627451 0.7019608 0.57254905 0.4509804 0.45882353 0.46666667 0.27450982 0.22745098 0.20392157 0.1882353 0.2 0.29803923 0.5058824 0.57254905 0.6745098
0.5647059 0.6431373 0.6666667 0.6784314 0.7176471 0.69803923 0.63529414 0.6313726 0.72156864 0.75686276 0.6745098 0.6039216 0.58431375 0.5882353 0.56078434 0.54509807 0.5372549 0.5803922 0.59607846 0.52156866 0.39215687 0.49803922 0.6431373 0.33333334 0.25882354 0.24313726 0.21568628 0.1882353 0.23137255 0.4509804 0.58431375 0.59607846
0.5294118 0.6431373 0.6666667 0.62352943 0.6745098 0.7294118 0.7294118 0.72156864 0.73333335 0.7921569 0.7411765 0.5568628 0.5137255 0.5058824 0.49019608 0.5254902 0.5411765 0.49019608 0.5137255 0.5529412 0.5176471 0.67058825 0.7019608 0.3647059 0.25882354 0.2509804 0.23529412 0.19607843 0.21568628 0.4509804 0.62352943 0.5764706
0.5058824 0.6117647 0.6392157 0.5803922 0.6392157 0.7411765 0.68235296 0.60784316 0.5568628 0.56078434 0.6 0.54509807 0.5058824 0.43529412 0.4 0.40392157 0.44313726 0.47058824 0.4862745 0.5058824 0.5411765 0.6392157 0.5647059 0.31764707 0.24313726 0.2509804 0.24313726 0.21176471 0.25490198 0.34509805 0.5176471 0.5176471
0.5176471 0.627451 0.6 0.57254905 0.68235296 0.6627451 0.5137255 0.49019608 0.4509804 0.36862746 0.35686275 0.4862745 0.4862745 0.44705883 0.3647059 0.3764706 0.38431373 0.41960785 0.41960785 0.3882353 0.42745098 0.56078434 0.4627451 0.27058825 0.25490198 0.28627452 0.32156864 0.29803923 0.28627452 0.3372549 0.46666667 0.5058824
0.6 0.7254902 0.5254902 0.5882353 0.6784314 0.53333336 0.4862745 0.4627451 0.39215687 0.30980393 0.25882354 0.36078432 0.3647059 0.32156864 0.3529412 0.44313726 0.41568628 0.3882353 0.36862746 0.32941177 0.39607844 0.5254902 0.39607844 0.25882354 0.29803923 0.34509805 0.4392157 0.43137255 0.34901962 0.41960785 0.54901963 0.5137255
0.54509807 0.59607846 0.43137255 0.5921569 0.62352943 0.54901963 0.45490196 0.38431373 0.34509805 0.29411766 0.23529412 0.25882354 0.29803923 0.27058825 0.3372549 0.3372549 0.3372549 0.39215687 0.34509805 0.34117648 0.38039216 0.42352942 0.34509805 0.2627451 0.3019608 0.4117647 0.5294118 0.5921569 0.5568628 0.5294118 0.64705884 0.6392157
0.56078434 0.59607846 0.5019608 0.6156863 0.5686275 0.5019608 0.3882353 0.29803923 0.29803923 0.29411766 0.22745098 0.21176471 0.27450982 0.2627451 0.34509805 0.30980393 0.28235295 0.29803923 0.2901961 0.3254902 0.3647059 0.35686275 0.3137255 0.25882354 0.28235295 0.4745098 0.73333335 0.7372549 0.68235296 0.7019608 0.7490196 0.7882353
0.6117647 0.7882353 0.6 0.58431375 0.49803922 0.38431373 0.34509805 0.3019608 0.28627452 0.28235295 0.22352941 0.19607843 0.2627451 0.26666668 0.3764706 0.32941177 0.30980393 0.31764707 0.2784314 0.32156864 0.34901962 0.30980393 0.31764707 0.27450982 0.29803923 0.5411765 0.8156863 0.80784315 0.7921569 0.8156863 0.8392157 0.84313726
0.64705884 0.8666667 0.69803923 0.54901963 0.44705883 0.38431373 0.39215687 0.36078432 0.3254902 0.2627451 0.21568628 0.21568628 0.34509805 0.3529412 0.42352942 0.39215687 0.43137255 0.42745098 0.34901962 0.34117648 0.41568628 0.3254902 0.3764706 0.34901962 0.3529412 0.54901963 0.7411765 0.81960785 0.85882354 0.8117647 0.81960785 0.8235294
0.7372549 0.8392157 0.7921569 0.5411765 0.42745098 0.4745098 0.4745098 0.40392157 0.40392157 0.27450982 0.23137255 0.33333334 0.36862746 0.34117648 0.40784314 0.4745098 0.4862745 0.4392157 0.38431373 0.3254902 0.44705883 0.4 0.4745098 0.45490196 0.42352942 0.5568628 0.6313726 0.74509805 0.827451 0.7921569 0.8352941 0.78431374
0.76862746 0.7254902 0.77254903 0.5647059 0.44313726 0.48235294 0.4509804 0.5058824 0.5529412 0.35686275 0.36078432 0.40784314 0.46666667 0.45490196 0.5372549 0.5686275 0.43137255 0.35686275 0.41960785 0.3137255 0.5647059 0.5764706 0.6039216 0.5411765 0.4745098 0.6392157 0.6431373 0.7529412 0.77254903 0.827451 0.83137256 0.7882353
0.73333335 0.68235296 0.78039217 0.6745098 0.61960787 0.5647059 0.5764706 0.60784316 0.5882353 0.5294118 0.56078434 0.5411765 0.68235296 0.62352943 0.7411765 0.70980394 0.6 0.4862745 0.5568628 0.5372549 0.6901961 0.64705884 0.76862746 0.68235296 0.63529414 0.7294118 0.73333335 0.7647059 0.7647059 0.8039216 0.79607844 0.83137256
0.7411765 0.72156864 0.76862746 0.7882353 0.7372549 0.7764706 0.7529412 0.7529412 0.7529412 0.7607843 0.7647059 0.7254902 0.78431374 0.76862746 0.8 0.76862746 0.74509805 0.7058824 0.73333335 0.78039217 0.8 0.6901961 0.8509804 0.7882353 0.72156864 0.8039216 0.7294118 0.6745098 0.7607843 0.78431374 0.7176471 0.7647059
0.7019608 0.7294118 0.83137256 0.8509804 0.8509804 0.8745098 0.87058824 0.83137256 0.8039216 0.8156863 0.85882354 0.8156863 0.8235294 0.8666667 0.85882354 0.8509804 0.79607844 0.7882353 0.78431374 0.8509804 0.8627451 0.7921569 0.78431374 0.7647059 0.7372549 0.85882354 0.7921569 0.7058824 0.7529412 0.81960785 0.7607843 0.78039217
0.6745098 0.75686276 0.83137256 0.8509804 0.85490197 0.84705883 0.8627451 0.84313726 0.8156863 0.827451 0.8745098 0.76862746 0.827451 0.8980392 0.85882354 0.84705883 0.8117647 0.79607844 0.7529412 0.83137256 0.8980392 0.8156863 0.74509805 0.7647059 0.76862746 0.8627451 0.84705883 0.8117647 0.80784315 0.8117647 0.8039216 0.827451
0.75686276 0.8392157 0.8 0.84705883 0.80784315 0.84705883 0.87058824 0.8745098 0.84313726 0.8392157 0.8666667 0.7882353 0.78431374 0.8666667 0.84705883 0.8509804 0.83137256 0.8039216 0.7647059 0.78039217 0.88235295 0.8392157 0.7882353 0.80784315 0.83137256 0.8666667 0.83137256 0.83137256 0.8039216 0.78431374 0.7294118 0.7764706
0.81960785 0.84313726 0.8 0.8235294 0.8156863 0.7921569 0.827451 0.81960785 0.7647059 0.78039217 0.8 0.7882353 0.7921569 0.8039216 0.8352941 0.84705883 0.83137256 0.81960785 0.80784315 0.80784315 0.8352941 0.8392157 0.85882354 0.85490197 0.79607844 0.73333335 0.75686276 0.79607844 0.7647059 0.7176471 0.60784316 0.6901961
0.5529412 0.5764706 0.52156866 0.5529412 0.61960787 0.69411767 0.73333335 0.76862746 0.827451 0.7411765 0.54509807 0.57254905 0.6 0.5529412 0.5372549 0.5176471 0.5294118 0.58431375 0.5254902 0.42352942 0.58431375 0.49803922 0.53333336 0.5764706 0.4627451 0.39607844 0.42745098 0.4117647 0.52156866 0.5176471 0.6392157 0.5686275
0.46666667 0.49803922 0.54901963 0.58431375 0.5411765 0.6431373 0.77254903 0.7294118 0.76862746 0.7529412 0.6 0.44705883 0.49019608 0.48235294 0.54901963 0.49019608 0.42352942 0.5254902 0.42352942 0.40392157 0.5372549 0.48235294 0.5058824 0.54901963 0.45882353 0.4 0.4509804 0.40784314 0.44313726 0.41568628 0.59607846 0.5372549
0.40392157 0.5058824 0.59607846 0.5647059 0.50980395 0.5803922 0.73333335 0.654902 0.6431373 0.76862746 0.65882355 0.43137255 0.4 0.44705883 0.5411765 0.47843137 0.39215687 0.5019608 0.49019608 0.41960785 0.4862745 0.46666667 0.54901963 0.5529412 0.4627451 0.48235294 0.5176471 0.42352942 0.40392157 0.38039216 0.47058824 0.4862745
0.43529412 0.5803922 0.6745098 0.5764706 0.6117647 0.52156866 0.6313726 0.6509804 0.5803922 0.69803923 0.654902 0.54509807 0.4392157 0.48235294 0.54901963 0.49019608 0.3764706 0.44705883 0.54509807 0.41960785 0.4509804 0.5254902 0.5803922 0.5882353 0.49019608 0.4745098 0.5803922 0.46666667 0.41568628 0.40392157 0.43529412 0.47058824
0.52156866 0.627451 0.7529412 0.6901961 0.7294118 0.6117647 0.54901963 0.6509804 0.65882355 0.5921569 0.6392157 0.5803922 0.4745098 0.53333336 0.5803922 0.4862745 0.34509805 0.40392157 0.50980395 0.45882353 0.4117647 0.50980395 0.53333336 0.49803922 0.4862745 0.49803922 0.5686275 0.4862745 0.40784314 0.43529412 0.41960785 0.4392157
0.49803922 0.5686275 0.8039216 0.79607844 0.81960785 0.69411767 0.54901963 0.6666667 0.7411765 0.6039216 0.61960787 0.54901963 0.49803922 0.58431375 0.6 0.5411765 0.43529412 0.42745098 0.47058824 0.40784314 0.45882353 0.52156866 0.5294118 0.5254902 0.5058824 0.44313726 0.44705883 0.43529412 0.48235294 0.46666667 0.38039216 0.40784314
0.56078434 0.49411765 0.7137255 0.7764706 0.8352941 0.5921569 0.57254905 0.6039216 0.62352943 0.5019608 0.53333336 0.40784314 0.52156866 0.53333336 0.61960787 0.5764706 0.4745098 0.52156866 0.5529412 0.5137255 0.56078434 0.6862745 0.72156864 0.7137255 0.6901961 0.47058824 0.4 0.36078432 0.47058824 0.47058824 0.3764706 0.39607844
0.6117647 0.627451 0.7019608 0.7019608 0.8039216 0.57254905 0.65882355 0.7137255 0.6117647 0.44313726 0.4745098 0.47843137 0.5254902 0.42745098 0.56078434 0.5411765 0.48235294 0.47058824 0.6039216 0.6627451 0.5529412 0.4392157 0.6392157 0.6039216 0.5137255 0.4117647 0.5137255 0.3764706 0.40784314 0.4509804 0.3882353 0.44313726
0.6392157 0.6745098 0.61960787 0.67058825 0.7764706 0.5882353 0.7294118 0.73333335 0.53333336 0.41568628 0.40784314 0.52156866 0.4509804 0.47843137 0.5176471 0.4862745 0.48235294 0.45882353 0.5411765 0.5372549 0.5137255 0.31764707 0.33333334 0.39607844 0.26666668 0.17254902 0.5176471 0.5176471 0.40392157 0.4117647 0.38039216 0.43137255
0.58431375 0.6 0.59607846 0.6509804 0.7411765 0.5921569 0.6627451 0.64705884 0.45882353 0.32941177 0.34901962 0.48235294 0.43529412 0.5176471 0.47843137 0.40392157 0.5137255 0.53333336 0.45882353 0.44313726 0.4392157 0.38039216 0.21568628 0.25490198 0.3882353 0.34117648 0.45490196 0.5254902 0.4 0.36078432 0.33333334 0.42745098
0.5529412 0.5294118 0.57254905 0.627451 0.70980394 0.6509804 0.62352943 0.58431375 0.47058824 0.32156864 0.38039216 0.5372549 0.5019608 0.4509804 0.38039216 0.37254903 0.5294118 0.5058824 0.42745098 0.44705883 0.3529412 0.3529412 0.3019608 0.23137255 0.25882354 0.4117647 0.44313726 0.3764706 0.34901962 0.3137255 0.3137255 0.47843137
0.5686275 0.5176471 0.6156863 0.6 0.75686276 0.6901961 0.5254902 0.5254902 0.47843137 0.30588236 0.4 0.5411765 0.47843137 0.37254903 0.34509805 0.36862746 0.38039216 0.36862746 0.42745098 0.40784314 0.29803923 0.3372549 0.28235295 0.23137255 0.12156863 0.1882353 0.2784314 0.3254902 0.37254903 0.32941177 0.34901962 0.49019608
0.54901963 0.4392157 0.62352943 0.58431375 0.72156864 0.59607846 0.47843137 0.45882353 0.42352942 0.34509805 0.4117647 0.44313726 0.41568628 0.37254903 0.29803923 0.2784314 0.27450982 0.3019608 0.40784314 0.4117647 0.28627452 0.27058825 0.24705882 0.21568628 0.20784314 0.21960784 0.22352941 0.2627451 0.37254903 0.4117647 0.47058824 0.46666667
0.53333336 0.40784314 0.5176471 0.6039216 0.5529412 0.47843137 0.43529412 0.4 0.4 0.37254903 0.40392157 0.3764706 0.32156864 0.34901962 0.2627451 0.28235295 0.34117648 0.36078432 0.49019608 0.4745098 0.34509805 0.3372549 0.2627451 0.19215687 0.15294118 0.12156863 0.16078432 0.2 0.28235295 0.3372549 0.38431373 0.5254902
0.4392157 0.43137255 0.46666667 0.5294118 0.49803922 0.43529412 0.39215687 0.36078432 0.39215687 0.40784314 0.42352942 0.40392157 0.38431373 0.3764706 0.34509805 0.35686275 0.40392157 0.53333336 0.5647059 0.39607844 0.30588236 0.34117648 0.34509805 0.17254902 0.13333334 0.12156863 0.14509805 0.16470589 0.23529412 0.32941177 0.32941177 0.49411765
0.3647059 0.41960785 0.45882353 0.46666667 0.46666667 0.42745098 0.38431373 0.40392157 0.5137255 0.57254905 0.4862745 0.39607844 0.38431373 0.39215687 0.36862746 0.36078432 0.3764706 0.4392157 0.45490196 0.36862746 0.25882354 0.3764706 0.5137255 0.21960784 0.16078432 0.16862746 0.17254902 0.15686275 0.1882353 0.32941177 0.38039216 0.42352942
0.34117648 0.42352942 0.45490196 0.40784314 0.42745098 0.4745098 0.47843137 0.49019608 0.5254902 0.61960787 0.5647059 0.35686275 0.32156864 0.32156864 0.30588236 0.34901962 0.38039216 0.34117648 0.37254903 0.41960785 0.4 0.54509807 0.5686275 0.2509804 0.16470589 0.17254902 0.1764706 0.15294118 0.1882353 0.38039216 0.4509804 0.40784314
0.34117648 0.40784314 0.4392157 0.38431373 0.43137255 0.5254902 0.4627451 0.39607844 0.38431373 0.4392157 0.47058824 0.38039216 0.34509805 0.28235295 0.2509804 0.25490198 0.2901961 0.31764707 0.34509805 0.38431373 0.42745098 0.5176471 0.44313726 0.21176471 0.15294118 0.15686275 0.15294118 0.14117648 0.22352941 0.29411766 0.35686275 0.34117648
0.38039216 0.44313726 0.41568628 0.4 0.5137255 0.49019608 0.32941177 0.3019608 0.3019608 0.28235295 0.25882354 0.34509805 0.34117648 0.30980393 0.23137255 0.24313726 0.24705882 0.27058825 0.27450982 0.26666668 0.31764707 0.44313726 0.3529412 0.1882353 0.17254902 0.16862746 0.2 0.20392157 0.24313726 0.28235295 0.3019608 0.32941177
0.4862745 0.5647059 0.3647059 0.43529412 0.5294118 0.38039216 0.3254902 0.28627452 0.2509804 0.22745098 0.1764706 0.22745098 0.21960784 0.18039216 0.21960784 0.3137255 0.2901961 0.2509804 0.22352941 0.21176471 0.2901961 0.41568628 0.29803923 0.19215687 0.22352941 0.21176471 0.28627452 0.30588236 0.2784314 0.3372549 0.36078432 0.3254902
0.43529412 0.47058824 0.30588236 0.4745098 0.49803922 0.40392157 0.30980393 0.24705882 0.22745098 0.20392157 0.16078432 0.16862746 0.1764706 0.15294118 0.22745098 0.23137255 0.21960784 0.27058825 0.22745098 0.23529412 0.27058825 0.3254902 0.27058825 0.1764706 0.2 0.28235295 0.35686275 0.40784314 0.3882353 0.36078432 0.41960785 0.4
0.45882353 0.49019608 0.40392157 0.5254902 0.4627451 0.37254903 0.26666668 0.19215687 0.2 0.21176471 0.16078432 0.14901961 0.18431373 0.16470589 0.24705882 0.20784314 0.16862746 0.1882353 0.18039216 0.22745098 0.25882354 0.27058825 0.24313726 0.16470589 0.16078432 0.32156864 0.5254902 0.49803922 0.44313726 0.45882353 0.47058824 0.49803922
0.52156866 0.69411767 0.5176471 0.50980395 0.40784314 0.27058825 0.24313726 0.20392157 0.1882353 0.2 0.16078432 0.14117648 0.19215687 0.18039216 0.27058825 0.20784314 0.19215687 0.20392157 0.16862746 0.22352941 0.25490198 0.22745098 0.24313726 0.1882353 0.1764706 0.36078432 0.5882353 0.54901963 0.5294118 0.5372549 0.53333336 0.5294118
0.56078434 0.78039217 0.61960787 0.47843137 0.35686275 0.27058825 0.29411766 0.2627451 0.21568628 0.17254902 0.14509805 0.16078432 0.2784314 0.25882354 0.30588236 0.25490198 0.3019608 0.30980393 0.23921569 0.23921569 0.32156864 0.23921569 0.28627452 0.25490198 0.23529412 0.38431373 0.5294118 0.5764706 0.6156863 0.5529412 0.53333336 0.5372549
0.6392157 0.7411765 0.7019608 0.4509804 0.3137255 0.34117648 0.35686275 0.28627452 0.27058825 0.16470589 0.14509805 0.25490198 0.26666668 0.21960784 0.26666668 0.32156864 0.34509805 0.3137255 0.2627451 0.21568628 0.34901962 0.2901961 0.3529412 0.34117648 0.3137255 0.4117647 0.44313726 0.53333336 0.6156863 0.5647059 0.5921569 0.54509807
0.64705884 0.6039216 0.65882355 0.4392157 0.29411766 0.32156864 0.30588236 0.36078432 0.39215687 0.21568628 0.2509804 0.30588236 0.31764707 0.3019608 0.3764706 0.40392157 0.28627452 0.22352941 0.2901961 0.19215687 0.4509804 0.44313726 0.4509804 0.4 0.34509805 0.47843137 0.4392157 0.5254902 0.5529412 0.5921569 0.58431375 0.5568628
0.5882353 0.53333336 0.63529414 0.5137255 0.4392157 0.37254903 0.39607844 0.42745098 0.39215687 0.35686275 0.41568628 0.39607844 0.4862745 0.43137255 0.56078434 0.53333336 0.43137255 0.33333334 0.4117647 0.40392157 0.5568628 0.49019608 0.5882353 0.5176471 0.47843137 0.5294118 0.49019608 0.5058824 0.50980395 0.5372549 0.52156866 0.5764706
0.56078434 0.5294118 0.5764706 0.5803922 0.5294118 0.5647059 0.5372549 0.52156866 0.50980395 0.53333336 0.54901963 0.49803922 0.5294118 0.54509807 0.58431375 0.53333336 0.50980395 0.4862745 0.53333336 0.6039216 0.62352943 0.5294118 0.6666667 0.6039216 0.54509807 0.5803922 0.49411765 0.43137255 0.5058824 0.49803922 0.43529412 0.50980395
0.5137255 0.5294118 0.627451 0.627451 0.6392157 0.64705884 0.61960787 0.5647059 0.5294118 0.5568628 0.61960787 0.5686275 0.56078434 0.6313726 0.6156863 0.5764706 0.5294118 0.5411765 0.5647059 0.654902 0.6784314 0.6392157 0.5921569 0.5568628 0.54509807 0.6313726 0.5529412 0.46666667 0.49803922 0.5294118 0.48235294 0.5254902
0.4862745 0.56078434 0.6313726 0.63529414 0.63529414 0.6039216 0.5882353 0.54509807 0.52156866 0.5529412 0.6392157 0.54901963 0.58431375 0.654902 0.5921569 0.54901963 0.54509807 0.5529412 0.5294118 0.627451 0.7254902 0.6666667 0.5294118 0.5294118 0.5647059 0.627451 0.6039216 0.5647059 0.54901963 0.52156866 0.52156866 0.5686275
0.5647059 0.64705884 0.6 0.62352943 0.5803922 0.6 0.5882353 0.57254905 0.53333336 0.54509807 0.62352943 0.5803922 0.54509807 0.60784316 0.5529412 0.5411765 0.5568628 0.5529412 0.5294118 0.5568628 0.7019608 0.6784314 0.54509807 0.54509807 0.6156863 0.63529414 0.59607846 0.5921569 0.5529412 0.50980395 0.45882353 0.5176471
0.61960787 0.64705884 0.6 0.5882353 0.5803922 0.54901963 0.5647059 0.5372549 0.45882353 0.46666667 0.5372549 0.57254905 0.54509807 0.52156866 0.5254902 0.53333336 0.54901963 0.54901963 0.54509807 0.5411765 0.6156863 0.63529414 0.5686275 0.5686275 0.5803922 0.52156866 0.5372549 0.57254905 0.5372549 0.47058824 0.36078432 0.44705883
28 0 0
31 0 2
0 21 1
22 31 1
31 8 0
6 0 0
31 6 1
31 31 0
4 31 0
14 31 0
18 0 1
31 19 1
0 0 0
9 31 1
9 31 0
0 0 2
0 15 1
0 19 2
9 0 0
24 0 0
0 23 0
0 31 1
23 0 0
31 25 1
28 31 1
0 24 2
0 5 1
0 31 0
0 6 0
0 1 0
31 27 0
7 31 1
0 24 1
31 16 0
0 4 1
31 27 2
6 31 2
27 0 0
0 26 0
31 21 0
0 30 2
31 9 2
0 24 0
0 23 1
20 31 1
0 8 1
31 12 1
31 12 0
26 31 2
26 31 1
