32, 32, 3, 50
0.19215687 0.14901961 0.16078432 0.22352941 0.23921569 0.22352941 0.20784314 0.22745098 0.20392157 0.27058825 0.29803923 0.27450982 0.3019608 0.34509805 0.33333334 0.32941177 0.3372549 0.34509805 0.36862746 0.33333334 0.30980393 0.29803923 0.28235295 0.3019608 0.29803923 0.30588236 0.30980393 0.3019608 0.26666668 0.28627452 0.27058825 0.2509804
0.22745098 0.16862746 0.23529412 0.23529412 0.22745098 0.20392157 0.19607843 0.21568628 0.19607843 0.2509804 0.2901961 0.28235295 0.2784314 0.34901962 0.35686275 0.3254902 0.30980393 0.2901961 0.30980393 0.33333334 0.32156864 0.27450982 0.28235295 0.28627452 0.27450982 0.32156864 0.3254902 0.2784314 0.26666668 0.29803923 0.26666668 0.21568628
0.21960784 0.16470589 0.23529412 0.19607843 0.21176471 0.18039216 0.1882353 0.21568628 0.1882353 0.21176471 0.22745098 0.2509804 0.23921569 0.28235295 0.34901962 0.34117648 0.28235295 0.24705882 0.26666668 0.28627452 0.29411766 0.25882354 0.2901961 0.28627452 0.3019608 0.3137255 0.2784314 0.2509804 0.27450982 0.3254902 0.27450982 0.19607843
0.16470589 0.12156863 0.13725491 0.15294118 0.20392157 0.16862746 0.18431373 0.22745098 0.21568628 0.23137255 0.2509804 0.23921569 0.2509804 0.24313726 0.28627452 0.3254902 0.2901961 0.23529412 0.23529412 0.25882354 0.25490198 0.23529412 0.2627451 0.30980393 0.32156864 0.28627452 0.24313726 0.24313726 0.2627451 0.29411766 0.25882354 0.21568628
0.13725491 0.07058824 0.09411765 0.14117648 0.18431373 0.16078432 0.16862746 0.18431373 0.21176471 0.23529412 0.25490198 0.26666668 0.25490198 0.22352941 0.23921569 0.28627452 0.27058825 0.22352941 0.21960784 0.2509804 0.23529412 0.22352941 0.23921569 0.27058825 0.30588236 0.29411766 0.24313726 0.23921569 0.2627451 0.27450982 0.23137255 0.25490198
0.105882354 0.039215688 0.06666667 0.11372549 0.13725491 0.14509805 0.15294118 0.17254902 0.20392157 0.23137255 0.19607843 0.22745098 0.21960784 0.20784314 0.21568628 0.22352941 0.23921569 0.23529412 0.22745098 0.26666668 0.26666668 0.24705882 0.2627451 0.2901961 0.33333334 0.29411766 0.22745098 0.22352941 0.24313726 0.23529412 0.20392157 0.21960784
0.06666667 0.03529412 0.09019608 0.11372549 0.12156863 0.14117648 0.1254902 0.13725491 0.21960784 0.1764706 0.17254902 0.26666668 0.22745098 0.20392157 0.20392157 0.2 0.21960784 0.21568628 0.23921569 0.26666668 0.2627451 0.24313726 0.2784314 0.29803923 0.27450982 0.27058825 0.23921569 0.21568628 0.21960784 0.19215687 0.19215687 0.18431373
0.078431375 0.0627451 0.09803922 0.101960786 0.101960786 0.14509805 0.12941177 0.11372549 0.14901961 0.16078432 0.12941177 0.16862746 0.18039216 0.1882353 0.21960784 0.17254902 0.21176471 0.22352941 0.23529412 0.24313726 0.21568628 0.26666668 0.3372549 0.33333334 0.29803923 0.3019608 0.23921569 0.20392157 0.2 0.18039216 0.16862746 0.18431373
0.08235294 0.02745098 0.06666667 0.13725491 0.12156863 0.14117648 0.12941177 0.16470589 0.16862746 0.18431373 0.15294118 0.1764706 0.22745098 0.20784314 0.21176471 0.1764706 0.20392157 0.2627451 0.3529412 0.3647059 0.45490196 0.6313726 0.6784314 0.6784314 0.6745098 0.6745098 0.44313726 0.19215687 0.19607843 0.18039216 0.16470589 0.18039216
0.078431375 0.015686275 0.05882353 0.1764706 0.13333334 0.14901961 0.11372549 0.14117648 0.16470589 0.13725491 0.1882353 0.18431373 0.21176471 0.20784314 0.20784314 0.22745098 0.3647059 0.58431375 0.74509805 0.8156863 0.8980392 0.9607843 0.96862745 0.9764706 0.98039216 0.95686275 0.8117647 0.38039216 0.1764706 0.17254902 0.20392157 0.22745098
0.15686275 0.0627451 0.050980393 0.16862746 0.16470589 0.17254902 0.16078432 0.22745098 0.20392157 0.14901961 0.2509804 0.19215687 0.17254902 0.18039216 0.20392157 0.3647059 0.7019608 0.9254902 0.99607843 1.0 1.0 0.98039216 0.9529412 0.9411765 0.9098039 0.9019608 0.9137255 0.8509804 0.45882353 0.16078432 0.1764706 0.16862746
0.18039216 0.09019608 0.08627451 0.13725491 0.14117648 0.12156863 0.20392157 0.54901963 0.34509805 0.21176471 0.29411766 0.18039216 0.16470589 0.16862746 0.2509804 0.47058824 0.7254902 0.9098039 0.9490196 0.9764706 0.9843137 0.98039216 0.9764706 0.9490196 0.87058824 0.7882353 0.8039216 0.92941177 0.7921569 0.25490198 0.17254902 0.16470589
0.24705882 0.14509805 0.18039216 0.13333334 0.13333334 0.21960784 0.33333334 0.6627451 0.5176471 0.45882353 0.43529412 0.18431373 0.15294118 0.18039216 0.31764707 0.5176471 0.7294118 0.8862745 0.8862745 0.9607843 0.98039216 0.9647059 0.9843137 0.98039216 0.8666667 0.7647059 0.7764706 0.81960785 0.6509804 0.21960784 0.18431373 0.19607843
0.2509804 0.23137255 0.22745098 0.17254902 0.22352941 0.45882353 0.59607846 0.68235296 0.50980395 0.6901961 0.4745098 0.13725491 0.11764706 0.20784314 0.39215687 0.5254902 0.73333335 0.8862745 0.87058824 0.9137255 0.92156863 0.9411765 0.9607843 0.9607843 0.84313726 0.8156863 0.8392157 0.7372549 0.47843137 0.2 0.2 0.21568628
0.22745098 0.26666668 0.15686275 0.18039216 0.1882353 0.30588236 0.53333336 0.6627451 0.37254903 0.6156863 0.5372549 0.14509805 0.14117648 0.2901961 0.45882353 0.49019608 0.68235296 0.81960785 0.8 0.8039216 0.8352941 0.8980392 0.92156863 0.9137255 0.8 0.7490196 0.7607843 0.69803923 0.43529412 0.23137255 0.29411766 0.2901961
0.22352941 0.28235295 0.13725491 0.17254902 0.15294118 0.16078432 0.37254903 0.58431375 0.42352942 0.41960785 0.5686275 0.16862746 0.1764706 0.37254903 0.44705883 0.4627451 0.6117647 0.75686276 0.76862746 0.6901961 0.75686276 0.85882354 0.8980392 0.8392157 0.7137255 0.62352943 0.63529414 0.68235296 0.5372549 0.35686275 0.39215687 0.42745098
0.20784314 0.24313726 0.23529412 0.25490198 0.2 0.18431373 0.29411766 0.4627451 0.5764706 0.43529412 0.6117647 0.24705882 0.27058825 0.40392157 0.39607844 0.43137255 0.58431375 0.68235296 0.7176471 0.654902 0.70980394 0.8039216 0.8392157 0.7921569 0.6666667 0.52156866 0.49803922 0.68235296 0.654902 0.50980395 0.5254902 0.53333336
0.22352941 0.23529412 0.31764707 0.3372549 0.27058825 0.26666668 0.3372549 0.43137255 0.56078434 0.67058825 0.75686276 0.49411765 0.40784314 0.36078432 0.3529412 0.41568628 0.5254902 0.5882353 0.6039216 0.5803922 0.5529412 0.62352943 0.654902 0.62352943 0.5176471 0.40392157 0.4 0.5568628 0.6862745 0.627451 0.5882353 0.56078434
0.3254902 0.35686275 0.3764706 0.34509805 0.34901962 0.43137255 0.4862745 0.5058824 0.5882353 0.7058824 0.8156863 0.6666667 0.40784314 0.30588236 0.3137255 0.40784314 0.4627451 0.50980395 0.53333336 0.46666667 0.47058824 0.48235294 0.43137255 0.4392157 0.42745098 0.2901961 0.42352942 0.4745098 0.63529414 0.7254902 0.6431373 0.5921569
0.47843137 0.48235294 0.46666667 0.48235294 0.49411765 0.60784316 0.65882355 0.69803923 0.7411765 0.74509805 0.8352941 0.6039216 0.2901961 0.28235295 0.29803923 0.35686275 0.4 0.4745098 0.47843137 0.56078434 0.6901961 0.6509804 0.627451 0.63529414 0.6313726 0.32941177 0.43529412 0.5529412 0.54509807 0.7137255 0.69411767 0.6392157
0.49803922 0.5294118 0.5803922 0.5921569 0.6039216 0.6509804 0.63529414 0.6627451 0.6784314 0.6156863 0.7019608 0.3882353 0.21568628 0.27058825 0.31764707 0.28235295 0.35686275 0.53333336 0.4117647 0.6392157 0.75686276 0.7411765 0.73333335 0.7137255 0.6745098 0.44705883 0.35686275 0.6039216 0.4392157 0.5058824 0.65882355 0.6509804
0.4745098 0.5176471 0.5411765 0.6156863 0.6431373 0.62352943 0.5882353 0.627451 0.5529412 0.5058824 0.49019608 0.2509804 0.22745098 0.26666668 0.2901961 0.23529412 0.5058824 0.5882353 0.32941177 0.6313726 0.75686276 0.7490196 0.7058824 0.73333335 0.7137255 0.6117647 0.31764707 0.5921569 0.5176471 0.3254902 0.6156863 0.67058825
0.4627451 0.45882353 0.4745098 0.5647059 0.6392157 0.6627451 0.63529414 0.6862745 0.6862745 0.42745098 0.3647059 0.27450982 0.24313726 0.24313726 0.24705882 0.47843137 0.69411767 0.5803922 0.3019608 0.64705884 0.77254903 0.74509805 0.7411765 0.76862746 0.7411765 0.68235296 0.32156864 0.54509807 0.6509804 0.3764706 0.62352943 0.6666667
0.46666667 0.44705883 0.45490196 0.52156866 0.57254905 0.6117647 0.6627451 0.72156864 0.6156863 0.36862746 0.27058825 0.33333334 0.29803923 0.27058825 0.3529412 0.69803923 0.7137255 0.5411765 0.32156864 0.6784314 0.72156864 0.6862745 0.6745098 0.6901961 0.6745098 0.6392157 0.33333334 0.50980395 0.61960787 0.46666667 0.5372549 0.61960787
0.43137255 0.42745098 0.43529412 0.46666667 0.4862745 0.49803922 0.5686275 0.5882353 0.5058824 0.43529412 0.25490198 0.39607844 0.43137255 0.36862746 0.4392157 0.67058825 0.6862745 0.5176471 0.3372549 0.6784314 0.6745098 0.6666667 0.7019608 0.7019608 0.64705884 0.58431375 0.34509805 0.5254902 0.5764706 0.49411765 0.3882353 0.5921569
0.39607844 0.38431373 0.40392157 0.40392157 0.42352942 0.41960785 0.49803922 0.50980395 0.5176471 0.42745098 0.25882354 0.40784314 0.50980395 0.40392157 0.47058824 0.6313726 0.6666667 0.5647059 0.3882353 0.6509804 0.6313726 0.65882355 0.69803923 0.6784314 0.62352943 0.5372549 0.3647059 0.5176471 0.5411765 0.53333336 0.3764706 0.5647059
0.36862746 0.3372549 0.34901962 0.34901962 0.39215687 0.43137255 0.49019608 0.48235294 0.47843137 0.3529412 0.2627451 0.4 0.52156866 0.36862746 0.5529412 0.6509804 0.6862745 0.6039216 0.45882353 0.65882355 0.63529414 0.62352943 0.6627451 0.64705884 0.5764706 0.5176471 0.43529412 0.5058824 0.4745098 0.5176471 0.43137255 0.4745098
0.30588236 0.27450982 0.29803923 0.32941177 0.46666667 0.5137255 0.5058824 0.4509804 0.39215687 0.36862746 0.27450982 0.41960785 0.49019608 0.3764706 0.54509807 0.6509804 0.6745098 0.5921569 0.48235294 0.654902 0.60784316 0.52156866 0.5882353 0.5882353 0.5764706 0.5686275 0.5254902 0.5647059 0.5058824 0.5176471 0.4627451 0.45882353
0.38039216 0.3764706 0.3647059 0.45882353 0.5686275 0.54901963 0.5529412 0.5176471 0.5411765 0.5254902 0.4117647 0.44705883 0.4117647 0.40392157 0.45490196 0.53333336 0.627451 0.5529412 0.5058824 0.6117647 0.5254902 0.5294118 0.5529412 0.5372549 0.5882353 0.5921569 0.5803922 0.6039216 0.5254902 0.5019608 0.5176471 0.5137255
0.49803922 0.4745098 0.4509804 0.54901963 0.5686275 0.5647059 0.60784316 0.57254905 0.60784316 0.654902 0.56078434 0.5294118 0.4392157 0.39215687 0.43529412 0.50980395 0.6117647 0.5882353 0.5686275 0.60784316 0.5294118 0.5647059 0.5686275 0.5176471 0.5529412 0.57254905 0.60784316 0.61960787 0.5686275 0.50980395 0.57254905 0.6039216
0.5411765 0.49411765 0.52156866 0.6 0.5764706 0.5764706 0.6039216 0.56078434 0.5803922 0.654902 0.6431373 0.5647059 0.49411765 0.49411765 0.50980395 0.5529412 0.6156863 0.62352943 0.65882355 0.627451 0.5647059 0.6 0.6392157 0.5529412 0.57254905 0.60784316 0.61960787 0.6117647 0.6509804 0.6156863 0.62352943 0.654902
0.5372549 0.46666667 0.54901963 0.5254902 0.5254902 0.5764706 0.5647059 0.5568628 0.5647059 0.61960787 0.654902 0.56078434 0.5137255 0.5647059 0.5372549 0.6117647 0.62352943 0.60784316 0.62352943 0.6 0.6117647 0.67058825 0.7137255 0.61960787 0.6392157 0.65882355 0.6509804 0.62352943 0.6431373 0.61960787 0.6509804 0.6784314
0.25490198 0.21568628 0.20784314 0.24705882 0.25490198 0.25490198 0.25490198 0.28235295 0.26666668 0.34509805 0.3882353 0.36862746 0.39215687 0.43529412 0.43137255 0.43137255 0.43137255 0.4392157 0.4627451 0.4117647 0.36862746 0.36078432 0.36078432 0.37254903 0.3529412 0.35686275 0.35686275 0.3529412 0.3137255 0.32156864 0.3019608 0.29411766
0.28235295 0.23137255 0.28627452 0.2627451 0.24705882 0.23921569 0.24313726 0.27058825 0.2509804 0.3254902 0.38431373 0.3882353 0.37254903 0.44313726 0.4627451 0.44313726 0.4117647 0.38039216 0.40784314 0.41568628 0.38039216 0.33333334 0.3647059 0.3764706 0.34901962 0.36862746 0.36862746 0.32156864 0.3137255 0.34117648 0.30588236 0.25490198
0.26666668 0.22352941 0.28627452 0.22352941 0.23529412 0.21568628 0.23921569 0.27450982 0.24705882 0.2901961 0.32941177 0.35686275 0.32941177 0.37254903 0.45490196 0.45882353 0.3764706 0.32941177 0.36078432 0.3647059 0.34901962 0.30588236 0.3647059 0.38039216 0.38039216 0.35686275 0.3137255 0.28627452 0.3137255 0.37254903 0.31764707 0.23529412
0.20392157 0.1764706 0.1882353 0.18039216 0.22745098 0.20784314 0.23529412 0.2901961 0.2901961 0.31764707 0.34901962 0.3372549 0.34117648 0.32941177 0.38039216 0.42352942 0.3647059 0.30980393 0.3137255 0.3254902 0.3019608 0.28627452 0.33333334 0.38431373 0.38431373 0.32156864 0.27450982 0.27058825 0.29411766 0.34117648 0.30980393 0.25490198
0.16470589 0.11764706 0.14117648 0.17254902 0.21176471 0.20392157 0.22352941 0.25882354 0.3137255 0.33333334 0.34901962 0.35686275 0.34117648 0.30588236 0.30980393 0.3529412 0.32156864 0.27450982 0.2784314 0.29803923 0.27058825 0.27058825 0.3019608 0.3254902 0.34509805 0.31764707 0.26666668 0.2627451 0.28627452 0.31764707 0.2784314 0.29411766
0.12941177 0.078431375 0.10980392 0.14509805 0.16078432 0.18431373 0.21176471 0.25490198 0.30980393 0.3254902 0.28627452 0.30980393 0.29803923 0.2784314 0.27058825 0.2627451 0.27058825 0.2784314 0.27058825 0.2901961 0.28627452 0.29411766 0.30588236 0.32156864 0.34509805 0.30980393 0.24705882 0.23921569 0.2627451 0.27450982 0.2509804 0.25882354
0.09411765 0.07450981 0.12941177 0.13333334 0.13333334 0.16862746 0.16862746 0.21176471 0.29411766 0.22745098 0.2627451 0.34509805 0.2901961 0.24705882 0.2509804 0.22352941 0.23529412 0.2509804 0.27450982 0.28627452 0.29411766 0.30588236 0.3137255 0.30980393 0.2784314 0.27450982 0.2509804 0.23137255 0.22745098 0.21960784 0.23529412 0.22745098
0.10980392 0.105882354 0.13725491 0.13333334 0.13725491 0.18039216 0.15294118 0.16078432 0.21176471 0.19215687 0.20392157 0.23921569 0.24705882 0.21960784 0.24705882 0.1882353 0.2 0.22745098 0.25882354 0.2901961 0.27450982 0.31764707 0.34901962 0.32156864 0.2784314 0.29411766 0.25882354 0.22745098 0.20392157 0.2 0.20784314 0.22745098
0.11764706 0.06666667 0.09803922 0.17254902 0.17254902 0.19215687 0.16078432 0.21176471 0.24705882 0.23529412 0.22352941 0.2509804 0.31764707 0.23921569 0.21176471 0.17254902 0.18431373 0.23921569 0.31764707 0.3254902 0.40784314 0.56078434 0.5803922 0.5529412 0.54509807 0.58431375 0.41568628 0.19607843 0.19607843 0.1882353 0.1882353 0.20784314
0.11764706 0.047058824 0.08235294 0.18039216 0.15686275 0.20392157 0.17254902 0.21568628 0.2627451 0.21568628 0.26666668 0.2784314 0.3137255 0.23137255 0.1882353 0.1882353 0.29411766 0.47843137 0.58431375 0.61960787 0.6901961 0.7490196 0.7411765 0.7294118 0.7176471 0.7254902 0.65882355 0.31764707 0.16078432 0.1764706 0.20784314 0.23921569
0.20784314 0.101960786 0.07450981 0.15294118 0.16078432 0.21960784 0.22745098 0.29803923 0.28235295 0.21568628 0.30588236 0.28235295 0.25882354 0.20392157 0.18039216 0.2784314 0.49411765 0.65882355 0.7294118 0.7607843 0.77254903 0.74509805 0.7058824 0.6627451 0.6 0.57254905 0.6313726 0.6862745 0.41568628 0.15686275 0.16862746 0.16862746
0.23529412 0.13333334 0.105882354 0.13725491 0.16470589 0.16470589 0.22745098 0.54509807 0.34509805 0.22352941 0.29411766 0.22745098 0.21568628 0.19215687 0.23921569 0.33333334 0.46666667 0.6117647 0.65882355 0.7294118 0.7647059 0.75686276 0.7490196 0.6901961 0.57254905 0.45882353 0.46666667 0.68235296 0.69411767 0.23529412 0.15686275 0.15294118
0.29803923 0.1882353 0.19607843 0.15686275 0.16862746 0.22352941 0.28235295 0.5764706 0.44705883 0.3529412 0.3529412 0.19607843 0.1764706 0.19607843 0.29803923 0.3529412 0.48235294 0.627451 0.6 0.68235296 0.7254902 0.70980394 0.72156864 0.69411767 0.5647059 0.4627451 0.44313726 0.52156866 0.5176471 0.19215687 0.16078432 0.1882353
0.2901961 0.2627451 0.24313726 0.19215687 0.22352941 0.4 0.46666667 0.5411765 0.40784314 0.4745098 0.34509805 0.14901961 0.14509805 0.20392157 0.34117648 0.36078432 0.47843137 0.6156863 0.5803922 0.61960787 0.6431373 0.6627451 0.65882355 0.654902 0.54509807 0.5176471 0.5294118 0.42745098 0.34117648 0.18431373 0.1764706 0.21176471
0.2627451 0.29803923 0.18039216 0.1882353 0.1764706 0.25882354 0.4 0.5058824 0.2784314 0.4392157 0.4392157 0.16862746 0.18039216 0.2627451 0.37254903 0.3372549 0.44705883 0.5568628 0.52156866 0.5254902 0.57254905 0.6313726 0.6313726 0.61960787 0.5137255 0.46666667 0.47843137 0.40784314 0.30980393 0.23137255 0.2784314 0.27450982
0.2509804 0.31764707 0.1764706 0.18431373 0.16862746 0.1764706 0.29411766 0.44313726 0.34509805 0.33333334 0.5254902 0.20392157 0.21960784 0.31764707 0.33333334 0.32156864 0.40392157 0.5058824 0.49803922 0.42352942 0.5058824 0.59607846 0.61960787 0.56078434 0.4392157 0.36862746 0.39215687 0.42745098 0.42352942 0.37254903 0.39215687 0.40392157
0.23137255 0.28627452 0.2901961 0.3019608 0.27450982 0.27450982 0.29803923 0.38039216 0.5058824 0.40784314 0.5882353 0.2784314 0.30588236 0.32941177 0.26666668 0.29411766 0.3764706 0.41960785 0.4392157 0.4 0.48235294 0.5568628 0.5764706 0.53333336 0.41568628 0.3137255 0.30588236 0.4627451 0.54901963 0.5372549 0.54509807 0.5254902
0.24705882 0.28627452 0.39215687 0.42352942 0.38039216 0.38039216 0.39607844 0.40784314 0.48235294 0.6509804 0.7058824 0.5058824 0.41960785 0.27058825 0.23921569 0.2784314 0.32156864 0.3372549 0.34901962 0.37254903 0.3882353 0.43529412 0.45882353 0.43137255 0.34117648 0.25882354 0.26666668 0.37254903 0.57254905 0.6509804 0.627451 0.5882353
0.34901962 0.41568628 0.46666667 0.4509804 0.45882353 0.52156866 0.54901963 0.5058824 0.49411765 0.6627451 0.7294118 0.65882355 0.39215687 0.21568628 0.21960784 0.27058825 0.27058825 0.3019608 0.33333334 0.3372549 0.40392157 0.3882353 0.3254902 0.34509805 0.34901962 0.20784314 0.33333334 0.30980393 0.50980395 0.7372549 0.6901961 0.6509804
0.5176471 0.5411765 0.54509807 0.5686275 0.57254905 0.65882355 0.6862745 0.67058825 0.63529414 0.6784314 0.7529412 0.5686275 0.25490198 0.19607843 0.2 0.23529412 0.27058825 0.32156864 0.32941177 0.5058824 0.7058824 0.654902 0.627451 0.6392157 0.6392157 0.3019608 0.37254903 0.4392157 0.41960785 0.6745098 0.7294118 0.7058824
0.5686275 0.6 0.654902 0.6509804 0.6509804 0.6862745 0.64705884 0.6431373 0.60784316 0.5294118 0.62352943 0.3372549 0.16470589 0.1764706 0.2 0.1882353 0.29803923 0.4392157 0.3019608 0.627451 0.81960785 0.8 0.7921569 0.77254903 0.7294118 0.4509804 0.3137255 0.5529412 0.34117648 0.41960785 0.67058825 0.70980394
0.5803922 0.6117647 0.6313726 0.6666667 0.6745098 0.6745098 0.6313726 0.67058825 0.57254905 0.40784314 0.38039216 0.19607843 0.15686275 0.16078432 0.1882353 0.1764706 0.49803922 0.5529412 0.25882354 0.6313726 0.8156863 0.80784315 0.7647059 0.7921569 0.77254903 0.627451 0.28235295 0.5803922 0.46666667 0.2509804 0.6156863 0.72156864
0.5686275 0.5529412 0.56078434 0.61960787 0.6862745 0.7176471 0.6627451 0.69803923 0.6862745 0.34509805 0.2627451 0.19607843 0.14509805 0.14509805 0.18431373 0.4627451 0.73333335 0.6039216 0.2784314 0.65882355 0.8235294 0.8039216 0.7882353 0.81960785 0.8 0.70980394 0.30588236 0.5647059 0.65882355 0.33333334 0.6117647 0.70980394
0.5568628 0.5294118 0.5294118 0.59607846 0.654902 0.67058825 0.64705884 0.64705884 0.54901963 0.33333334 0.21176471 0.21960784 0.19215687 0.20392157 0.3372549 0.7137255 0.76862746 0.58431375 0.3254902 0.7019608 0.76862746 0.7411765 0.7137255 0.7294118 0.7372549 0.6745098 0.33333334 0.5529412 0.6784314 0.4627451 0.5294118 0.65882355
0.5254902 0.52156866 0.53333336 0.5764706 0.60784316 0.5921569 0.5686275 0.5176471 0.47058824 0.4509804 0.21176471 0.27450982 0.34509805 0.34509805 0.4509804 0.6901961 0.7137255 0.54509807 0.34509805 0.70980394 0.7254902 0.7137255 0.7254902 0.7294118 0.7058824 0.6313726 0.3529412 0.5803922 0.6627451 0.5294118 0.3882353 0.61960787
0.5176471 0.52156866 0.5529412 0.54509807 0.5686275 0.56078434 0.5647059 0.54509807 0.6039216 0.46666667 0.20392157 0.29803923 0.45882353 0.4117647 0.49803922 0.6431373 0.6627451 0.56078434 0.39607844 0.6901961 0.6901961 0.70980394 0.7176471 0.7019608 0.6862745 0.59607846 0.3764706 0.5803922 0.6392157 0.5921569 0.39215687 0.5803922
0.49019608 0.47843137 0.5058824 0.49803922 0.53333336 0.56078434 0.5882353 0.5803922 0.59607846 0.3764706 0.2 0.3254902 0.5176471 0.39607844 0.58431375 0.67058825 0.68235296 0.61960787 0.47058824 0.6862745 0.72156864 0.7176471 0.7176471 0.69411767 0.63529414 0.57254905 0.4745098 0.5764706 0.5686275 0.58431375 0.45882353 0.4862745
0.41960785 0.40392157 0.42745098 0.4509804 0.57254905 0.6 0.5921569 0.54509807 0.4627451 0.37254903 0.24705882 0.40784314 0.5411765 0.43529412 0.5921569 0.69411767 0.69411767 0.6313726 0.5019608 0.6745098 0.7019608 0.6392157 0.67058825 0.64705884 0.6313726 0.61960787 0.58431375 0.6313726 0.5803922 0.5882353 0.5058824 0.48235294
0.4862745 0.49019608 0.46666667 0.5254902 0.6117647 0.6 0.63529414 0.61960787 0.6117647 0.54901963 0.42745098 0.49411765 0.5058824 0.49411765 0.5176471 0.5764706 0.65882355 0.58431375 0.5137255 0.627451 0.6039216 0.62352943 0.6117647 0.5803922 0.6392157 0.6392157 0.627451 0.64705884 0.56078434 0.57254905 0.5803922 0.54509807
0.5647059 0.54509807 0.50980395 0.57254905 0.5803922 0.6 0.6862745 0.6901961 0.7294118 0.72156864 0.6 0.5921569 0.5372549 0.47843137 0.49019608 0.5372549 0.654902 0.6156863 0.5647059 0.62352943 0.5882353 0.627451 0.60784316 0.54901963 0.5921569 0.6156863 0.64705884 0.6392157 0.5764706 0.5568628 0.61960787 0.6039216
0.5803922 0.5372549 0.54901963 0.62352943 0.60784316 0.61960787 0.68235296 0.6901961 0.74509805 0.7529412 0.69411767 0.62352943 0.57254905 0.5568628 0.5411765 0.5647059 0.67058825 0.6509804 0.6509804 0.6431373 0.6 0.63529414 0.65882355 0.57254905 0.60784316 0.6509804 0.6509804 0.62352943 0.64705884 0.6392157 0.6313726 0.62352943
0.5882353 0.5294118 0.60784316 0.6039216 0.61960787 0.654902 0.64705884 0.67058825 0.70980394 0.7137255 0.7294118 0.64705884 0.59607846 0.627451 0.5803922 0.6392157 0.7019608 0.63529414 0.6039216 0.61960787 0.627451 0.68235296 0.7137255 0.627451 0.6666667 0.69411767 0.6784314 0.63529414 0.6431373 0.63529414 0.654902 0.654902
0.21960784 0.1764706 0.19607843 0.21960784 0.21176471 0.22352941 0.20784314 0.23137255 0.21568628 0.2627451 0.2901961 0.27450982 0.29411766 0.33333334 0.32156864 0.3137255 0.3137255 0.3254902 0.3529412 0.3137255 0.28235295 0.2784314 0.27450982 0.28627452 0.26666668 0.2784314 0.2901961 0.28627452 0.23921569 0.24705882 0.2509804 0.25490198
0.24313726 0.19215687 0.27058825 0.24313726 0.22352941 0.21960784 0.21176471 0.22745098 0.20784314 0.2509804 0.29803923 0.3019608 0.28235295 0.34901962 0.35686275 0.32941177 0.30980393 0.2901961 0.30588236 0.3137255 0.2901961 0.26666668 0.28235295 0.2784314 0.2509804 0.29411766 0.30980393 0.26666668 0.24705882 0.25882354 0.24705882 0.21960784
0.22745098 0.19215687 0.27450982 0.21568628 0.22745098 0.21568628 0.21568628 0.23529412 0.20784314 0.21960784 0.24705882 0.2784314 0.25490198 0.2901961 0.36078432 0.35686275 0.3019608 0.2627451 0.27450982 0.26666668 0.26666668 0.25490198 0.2901961 0.28235295 0.2784314 0.2901961 0.26666668 0.24313726 0.25490198 0.2901961 0.25490198 0.20392157
0.17254902 0.16470589 0.18431373 0.18039216 0.23529412 0.20784314 0.21176471 0.24705882 0.23137255 0.23921569 0.26666668 0.26666668 0.27450982 0.25882354 0.3019608 0.34117648 0.30980393 0.25882354 0.24313726 0.24313726 0.22745098 0.23529412 0.2627451 0.29803923 0.29803923 0.2627451 0.23529412 0.23921569 0.24313726 0.26666668 0.2509804 0.22745098
0.15294118 0.1254902 0.15294118 0.1764706 0.21568628 0.2 0.19607843 0.2 0.22745098 0.23921569 0.25882354 0.28627452 0.28627452 0.2509804 0.2509804 0.28627452 0.2784314 0.23529412 0.22352941 0.23529412 0.21176471 0.21176471 0.23529412 0.25882354 0.28235295 0.27058825 0.23921569 0.23921569 0.24705882 0.25490198 0.23137255 0.27058825
0.1254902 0.101960786 0.13333334 0.15686275 0.16078432 0.1764706 0.18431373 0.19607843 0.21960784 0.22745098 0.2 0.23921569 0.24705882 0.23137255 0.22352941 0.21960784 0.23529412 0.24313726 0.22352941 0.24705882 0.23921569 0.22745098 0.23529412 0.25882354 0.29803923 0.27450982 0.22352941 0.21960784 0.23529412 0.23137255 0.21568628 0.23529412
0.09019608 0.09019608 0.14901961 0.16078432 0.12941177 0.15294118 0.16470589 0.18039216 0.23137255 0.16078432 0.2 0.2784314 0.23529412 0.21176471 0.21960784 0.2 0.21960784 0.21960784 0.22745098 0.24313726 0.2509804 0.23921569 0.23137255 0.23921569 0.24313726 0.24313726 0.23137255 0.21960784 0.21176471 0.19215687 0.20392157 0.2
0.105882354 0.1254902 0.16078432 0.16078432 0.1254902 0.16078432 0.15686275 0.14117648 0.16078432 0.14509805 0.15686275 0.18431373 0.1882353 0.19215687 0.23529412 0.1764706 0.19607843 0.20784314 0.20784314 0.21960784 0.21176471 0.2509804 0.27058825 0.25490198 0.24313726 0.2509804 0.23137255 0.21568628 0.1882353 0.17254902 0.1764706 0.19607843
0.11372549 0.09019608 0.13333334 0.20392157 0.15686275 0.16862746 0.15294118 0.16862746 0.19215687 0.19607843 0.1764706 0.2 0.25490198 0.21568628 0.21568628 0.15686275 0.16078432 0.19215687 0.23921569 0.23529412 0.30588236 0.43529412 0.4392157 0.41960785 0.43529412 0.47843137 0.34901962 0.17254902 0.1764706 0.16862746 0.16862746 0.18431373
0.10980392 0.07058824 0.1254902 0.21960784 0.15294118 0.1764706 0.14117648 0.13725491 0.1882353 0.17254902 0.2 0.22352941 0.25490198 0.21960784 0.19215687 0.16078432 0.22352941 0.3764706 0.46666667 0.49019608 0.5372549 0.5411765 0.52156866 0.50980395 0.5137255 0.52156866 0.50980395 0.24705882 0.13725491 0.16470589 0.2 0.22745098
0.17254902 0.10980392 0.105882354 0.19215687 0.16078432 0.19215687 0.1764706 0.19215687 0.19607843 0.16862746 0.22352941 0.22352941 0.21960784 0.1882353 0.16470589 0.21960784 0.39607844 0.52156866 0.5647059 0.5686275 0.57254905 0.5372549 0.4862745 0.44705883 0.38431373 0.3254902 0.41568628 0.5529412 0.36862746 0.15294118 0.16862746 0.16470589
0.1764706 0.1254902 0.12156863 0.16470589 0.15686275 0.13725491 0.18039216 0.4392157 0.26666668 0.18431373 0.20392157 0.1764706 0.19215687 0.1764706 0.2 0.24705882 0.33333334 0.44313726 0.4627451 0.5137255 0.5529412 0.5647059 0.54901963 0.48235294 0.36862746 0.25882354 0.24705882 0.49411765 0.60784316 0.22352941 0.16078432 0.15686275
0.22745098 0.14901961 0.19607843 0.16470589 0.14901961 0.1882353 0.22352941 0.4627451 0.3764706 0.29803923 0.2627451 0.17254902 0.17254902 0.18039216 0.23529412 0.24705882 0.3254902 0.42745098 0.39215687 0.4745098 0.50980395 0.49803922 0.52156866 0.47843137 0.34117648 0.27450982 0.22745098 0.32941177 0.41960785 0.1764706 0.16862746 0.1882353
0.20784314 0.19215687 0.22352941 0.1882353 0.20392157 0.3529412 0.3764706 0.40784314 0.34509805 0.36862746 0.24705882 0.16078432 0.14509805 0.1764706 0.25490198 0.24313726 0.33333334 0.4117647 0.37254903 0.41568628 0.41960785 0.44313726 0.4627451 0.4392157 0.3019608 0.29411766 0.3019608 0.25882354 0.25882354 0.15294118 0.17254902 0.20392157
0.19607843 0.23137255 0.15686275 0.19215687 0.16862746 0.21568628 0.31764707 0.3882353 0.21568628 0.31764707 0.33333334 0.16862746 0.15686275 0.22745098 0.29803923 0.23137255 0.30980393 0.3529412 0.30980393 0.3254902 0.34509805 0.4 0.4117647 0.4 0.29411766 0.2627451 0.27058825 0.24705882 0.20392157 0.16470589 0.24313726 0.24313726
0.20392157 0.2627451 0.14509805 0.18039216 0.14901961 0.1254902 0.21960784 0.34509805 0.27450982 0.20392157 0.40784314 0.16470589 0.16078432 0.27450982 0.27450982 0.22745098 0.27058825 0.30980393 0.29803923 0.23529412 0.29411766 0.37254903 0.38039216 0.3372549 0.2627451 0.21960784 0.21960784 0.27058825 0.2784314 0.2509804 0.30588236 0.33333334
0.18431373 0.22745098 0.23529412 0.25490198 0.21176471 0.1882353 0.2 0.27058825 0.4117647 0.26666668 0.44705883 0.1882353 0.21568628 0.28235295 0.21960784 0.21176471 0.2627451 0.2509804 0.27058825 0.24313726 0.29803923 0.35686275 0.35686275 0.3372549 0.28235295 0.20784314 0.17254902 0.3137255 0.37254903 0.34901962 0.39215687 0.4
0.18039216 0.2 0.29411766 0.30980393 0.25490198 0.24705882 0.2509804 0.25490198 0.34901962 0.5019608 0.5372549 0.3529412 0.3137255 0.22352941 0.19215687 0.2 0.21960784 0.19607843 0.20784314 0.23921569 0.22352941 0.2627451 0.28627452 0.27450982 0.21568628 0.1764706 0.16078432 0.23529412 0.38039216 0.41960785 0.41568628 0.4
0.2627451 0.3019608 0.3254902 0.28235295 0.2784314 0.3529412 0.36862746 0.31764707 0.32941177 0.49803922 0.5372549 0.45882353 0.28235295 0.16862746 0.16470589 0.1882353 0.1764706 0.17254902 0.20392157 0.21176471 0.23921569 0.22352941 0.19215687 0.21176471 0.21176471 0.12941177 0.24313726 0.18431373 0.31764707 0.48235294 0.44313726 0.41960785
0.3882353 0.3882353 0.36862746 0.37254903 0.37254903 0.46666667 0.4862745 0.47058824 0.4627451 0.5176471 0.5647059 0.40784314 0.17254902 0.14901961 0.15294118 0.16078432 0.16862746 0.20784314 0.22352941 0.33333334 0.48235294 0.43137255 0.42745098 0.4392157 0.42745098 0.1764706 0.2901961 0.3019608 0.24313726 0.47058824 0.47058824 0.44705883
0.3882353 0.40784314 0.44705883 0.44313726 0.44313726 0.4745098 0.4392157 0.43137255 0.43529412 0.39215687 0.47843137 0.25882354 0.12941177 0.15294118 0.17254902 0.12941177 0.1764706 0.3254902 0.21568628 0.39607844 0.5372549 0.5137255 0.5058824 0.48235294 0.44313726 0.26666668 0.22745098 0.3882353 0.18039216 0.29411766 0.42352942 0.4392157
0.3647059 0.3882353 0.39607844 0.43529412 0.44705883 0.4392157 0.4 0.44313726 0.38039216 0.29411766 0.28627452 0.15294118 0.15686275 0.16862746 0.17254902 0.10980392 0.34117648 0.40392157 0.16078432 0.4 0.5372549 0.5176471 0.47058824 0.49803922 0.47843137 0.42352942 0.18431373 0.4 0.29411766 0.15686275 0.40392157 0.44705883
0.3372549 0.31764707 0.31764707 0.37254903 0.43529412 0.4745098 0.43529412 0.4862745 0.50980395 0.24705882 0.20784314 0.17254902 0.14117648 0.14117648 0.13725491 0.34117648 0.5254902 0.41960785 0.16862746 0.42745098 0.5529412 0.52156866 0.5058824 0.5372549 0.50980395 0.49019608 0.19607843 0.37254903 0.45882353 0.24705882 0.44705883 0.44705883
0.33333334 0.30588236 0.3019608 0.3529412 0.40392157 0.43137255 0.44313726 0.4745098 0.39607844 0.22745098 0.16862746 0.19215687 0.14117648 0.14117648 0.22745098 0.52156866 0.5176471 0.38431373 0.21176471 0.47058824 0.5019608 0.46666667 0.44313726 0.4627451 0.4509804 0.44705883 0.21568628 0.34901962 0.44705883 0.34901962 0.3882353 0.41568628
0.31764707 0.3137255 0.3254902 0.3529412 0.37254903 0.3647059 0.3764706 0.3529412 0.3019608 0.32156864 0.16470589 0.21176471 0.23137255 0.22745098 0.29803923 0.45882353 0.4509804 0.34901962 0.23137255 0.47058824 0.4509804 0.4509804 0.46666667 0.47058824 0.43137255 0.40392157 0.23529412 0.36862746 0.39607844 0.36078432 0.25490198 0.40784314
0.32156864 0.3254902 0.3529412 0.34509805 0.36078432 0.34901962 0.36862746 0.3529412 0.39215687 0.31764707 0.14901961 0.2 0.30980393 0.27450982 0.33333334 0.4117647 0.41568628 0.38039216 0.2784314 0.4392157 0.40392157 0.4509804 0.46666667 0.4509804 0.41568628 0.37254903 0.25882354 0.36078432 0.34901962 0.37254903 0.2509804 0.4
0.32156864 0.32156864 0.3372549 0.31764707 0.33333334 0.34509805 0.37254903 0.36862746 0.3882353 0.24705882 0.13333334 0.21568628 0.36078432 0.23529412 0.4 0.4392157 0.4392157 0.42352942 0.3137255 0.44313726 0.44313726 0.4509804 0.4627451 0.4392157 0.3764706 0.3529412 0.29411766 0.34117648 0.30980393 0.37254903 0.29803923 0.3137255
0.25490198 0.25490198 0.26666668 0.27450982 0.36862746 0.3764706 0.35686275 0.3137255 0.27058825 0.24705882 0.14117648 0.27058825 0.36862746 0.25882354 0.39607844 0.45882353 0.44705883 0.42352942 0.30588236 0.4392157 0.44313726 0.3764706 0.41568628 0.4 0.39215687 0.4 0.34901962 0.3882353 0.34901962 0.38431373 0.31764707 0.28627452
0.29411766 0.3019608 0.26666668 0.32941177 0.40784314 0.36078432 0.3764706 0.35686275 0.3764706 0.37254903 0.2627451 0.29803923 0.3019608 0.3019608 0.3254902 0.3647059 0.41568628 0.3764706 0.32156864 0.39215687 0.34901962 0.37254903 0.3764706 0.34901962 0.40784314 0.41568628 0.3882353 0.40784314 0.33333334 0.34509805 0.3529412 0.32156864
0.36078432 0.3372549 0.28235295 0.35686275 0.36078432 0.34117648 0.40392157 0.39607844 0.43529412 0.4745098 0.3764706 0.34901962 0.30588236 0.27058825 0.2901961 0.33333334 0.40784314 0.4 0.3647059 0.3764706 0.32941177 0.38039216 0.37254903 0.32156864 0.36862746 0.38431373 0.39607844 0.39607844 0.34901962 0.3137255 0.36862746 0.3647059
0.3647059 0.32156864 0.31764707 0.3882353 0.36078432 0.3372549 0.3764706 0.3647059 0.40784314 0.45882353 0.42745098 0.35686275 0.31764707 0.32156864 0.32156864 0.3372549 0.39215687 0.41568628 0.43137255 0.3764706 0.32941177 0.36862746 0.40784314 0.32941177 0.3647059 0.40392157 0.39215687 0.36862746 0.4117647 0.38039216 0.36862746 0.37254903
0.3647059 0.30980393 0.38039216 0.35686275 0.34901962 0.35686275 0.33333334 0.34509805 0.37254903 0.40392157 0.44313726 0.3647059 0.3137255 0.36078432 0.32156864 0.3647059 0.3882353 0.38039216 0.37254903 0.3372549 0.3372549 0.39215687 0.4392157 0.3647059 0.40784314 0.4392157 0.41568628 0.37254903 0.4 0.37254903 0.38431373 0.39607844
31 15 2
2 0 1
29 0 0
27 0 1
20 0 1
0 15 2
0 6 2
0 11 1
0 2 0
23 0 1
5 31 0
31 24 1
31 26 2
31 20 1
17 31 1
31 12 1
31 23 0
0 27 2
8 0 2
27 31 1
0 19 0
0 0 1
0 13 2
31 13 2
31 20 2
31 13 0
31 24 0
12 31 2
30 31 0
31 11 2
31 21 0
26 0 0
27 31 0
15 31 1
29 31 1
0 3 0
31 3 2
31 23 1
0 26 2
31 7 0
13 31 2
0 13 0
5 0 0
31 22 2
21 31 1
15 31 2
31 6 2
13 0 2
0 24 0
0 12 2
