32, 32, 3, 50
0.6745098 0.6156863 0.6509804 0.65882355 0.64705884 0.69803923 0.69411767 0.64705884 0.64705884 0.52156866 0.34509805 0.3882353 0.42352942 0.41960785 0.43137255 0.44705883 0.47058824 0.48235294 0.45882353 0.5254902 0.5058824 0.43137255 0.4392157 0.50980395 0.49803922 0.40392157 0.4392157 0.48235294 0.5019608 0.59607846 0.5647059 0.5529412
0.6431373 0.654902 0.6431373 0.6745098 0.6666667 0.72156864 0.67058825 0.6862745 0.654902 0.47058824 0.28627452 0.34117648 0.42352942 0.44313726 0.43137255 0.44705883 0.46666667 0.50980395 0.5176471 0.5411765 0.49803922 0.45490196 0.40392157 0.4745098 0.5137255 0.39607844 0.43529412 0.49803922 0.49803922 0.5529412 0.5176471 0.5764706
0.6509804 0.6627451 0.654902 0.69803923 0.69411767 0.7254902 0.6745098 0.654902 0.6392157 0.5058824 0.2901961 0.2784314 0.4 0.49019608 0.5019608 0.47058824 0.46666667 0.46666667 0.5058824 0.5019608 0.49803922 0.43137255 0.42352942 0.4627451 0.54509807 0.44705883 0.47843137 0.53333336 0.5137255 0.5686275 0.5372549 0.58431375
0.6901961 0.6666667 0.6392157 0.7019608 0.70980394 0.654902 0.6117647 0.6313726 0.6862745 0.6627451 0.41568628 0.28235295 0.39607844 0.47843137 0.5372549 0.5176471 0.54509807 0.49019608 0.44705883 0.45490196 0.4627451 0.42352942 0.41568628 0.4392157 0.52156866 0.4627451 0.44313726 0.49019608 0.53333336 0.58431375 0.54509807 0.5529412
0.69803923 0.6784314 0.65882355 0.68235296 0.67058825 0.62352943 0.62352943 0.627451 0.65882355 0.70980394 0.56078434 0.30980393 0.41568628 0.47843137 0.49803922 0.49803922 0.5254902 0.5294118 0.4509804 0.42352942 0.4627451 0.4745098 0.43529412 0.44313726 0.5176471 0.3882353 0.3529412 0.40784314 0.4862745 0.61960787 0.57254905 0.5686275
0.7019608 0.7019608 0.69803923 0.69411767 0.6392157 0.6313726 0.6392157 0.64705884 0.6745098 0.7137255 0.63529414 0.3882353 0.40392157 0.5647059 0.54509807 0.5176471 0.49019608 0.5019608 0.49411765 0.4627451 0.46666667 0.4745098 0.41568628 0.39215687 0.36078432 0.32941177 0.38431373 0.39215687 0.38431373 0.49411765 0.59607846 0.7019608
0.70980394 0.69411767 0.7176471 0.7176471 0.6509804 0.6509804 0.65882355 0.6784314 0.69411767 0.6862745 0.61960787 0.38039216 0.30588236 0.4509804 0.5137255 0.49803922 0.48235294 0.4745098 0.44313726 0.38431373 0.35686275 0.3882353 0.39215687 0.3764706 0.37254903 0.4392157 0.4627451 0.38431373 0.3529412 0.3647059 0.40392157 0.54509807
0.7254902 0.69803923 0.7294118 0.7372549 0.69411767 0.69803923 0.69803923 0.6901961 0.67058825 0.6784314 0.6745098 0.49411765 0.3254902 0.34509805 0.41568628 0.44313726 0.41960785 0.4 0.36862746 0.33333334 0.3372549 0.39607844 0.40392157 0.3764706 0.39607844 0.3882353 0.4 0.4117647 0.48235294 0.45490196 0.39215687 0.43137255
0.7490196 0.7372549 0.7411765 0.7372549 0.73333335 0.7058824 0.65882355 0.63529414 0.654902 0.7058824 0.7372549 0.6 0.4 0.3882353 0.41568628 0.43529412 0.40392157 0.38039216 0.3764706 0.39215687 0.3882353 0.42745098 0.42352942 0.38431373 0.39607844 0.3137255 0.34901962 0.5137255 0.63529414 0.6156863 0.5803922 0.5803922
0.7647059 0.75686276 0.7372549 0.6901961 0.654902 0.654902 0.6431373 0.6 0.6117647 0.6627451 0.5803922 0.40392157 0.43137255 0.44313726 0.43137255 0.4 0.3647059 0.3764706 0.41960785 0.43529412 0.4392157 0.41960785 0.39607844 0.43529412 0.48235294 0.44705883 0.53333336 0.61960787 0.6509804 0.61960787 0.6392157 0.58431375
0.7529412 0.73333335 0.7254902 0.6901961 0.6431373 0.62352943 0.6313726 0.62352943 0.6431373 0.5568628 0.34901962 0.35686275 0.39215687 0.41960785 0.41568628 0.3764706 0.3529412 0.34509805 0.38039216 0.45490196 0.4627451 0.40784314 0.4 0.43137255 0.57254905 0.6392157 0.5411765 0.52156866 0.60784316 0.5882353 0.5294118 0.49019608
0.74509805 0.7411765 0.7490196 0.7294118 0.69411767 0.6745098 0.6627451 0.67058825 0.58431375 0.40392157 0.34901962 0.38431373 0.3647059 0.34901962 0.36862746 0.34509805 0.30588236 0.30588236 0.3529412 0.43137255 0.41960785 0.44705883 0.42745098 0.48235294 0.60784316 0.5764706 0.6117647 0.68235296 0.67058825 0.4392157 0.44705883 0.47843137
0.7490196 0.7372549 0.74509805 0.7411765 0.7176471 0.70980394 0.67058825 0.5764706 0.42745098 0.34901962 0.32941177 0.3254902 0.3372549 0.3764706 0.3647059 0.36078432 0.39607844 0.43529412 0.46666667 0.42745098 0.3647059 0.47058824 0.5568628 0.58431375 0.64705884 0.69411767 0.8039216 0.7647059 0.5294118 0.3882353 0.46666667 0.46666667
0.7647059 0.7372549 0.7411765 0.7607843 0.7176471 0.6156863 0.49019608 0.4392157 0.38039216 0.30588236 0.3254902 0.32156864 0.34901962 0.44313726 0.38039216 0.3647059 0.5411765 0.5568628 0.4862745 0.44705883 0.39215687 0.65882355 0.6431373 0.62352943 0.7019608 0.7882353 0.6666667 0.4509804 0.38039216 0.42352942 0.47843137 0.4627451
0.7764706 0.7607843 0.74509805 0.6156863 0.45882353 0.41960785 0.38039216 0.3764706 0.34509805 0.34509805 0.34117648 0.3529412 0.4392157 0.43529412 0.39215687 0.46666667 0.4627451 0.4862745 0.5137255 0.4862745 0.5176471 0.68235296 0.7058824 0.7372549 0.7529412 0.654902 0.42352942 0.38039216 0.41568628 0.4509804 0.49411765 0.4745098
0.75686276 0.64705884 0.5568628 0.44313726 0.3647059 0.38431373 0.32941177 0.34117648 0.34117648 0.34901962 0.34117648 0.36862746 0.4862745 0.45490196 0.5137255 0.5764706 0.48235294 0.54901963 0.61960787 0.60784316 0.6509804 0.6862745 0.7411765 0.7372549 0.7372549 0.46666667 0.32156864 0.44705883 0.45490196 0.47058824 0.49411765 0.4862745
0.6313726 0.47058824 0.42745098 0.43137255 0.37254903 0.38431373 0.3882353 0.4 0.34117648 0.3137255 0.33333334 0.3529412 0.43529412 0.39215687 0.45882353 0.50980395 0.62352943 0.70980394 0.69411767 0.64705884 0.6862745 0.6392157 0.68235296 0.70980394 0.5372549 0.37254903 0.4 0.46666667 0.49803922 0.49411765 0.49019608 0.49019608
0.47058824 0.40392157 0.40784314 0.39215687 0.3529412 0.37254903 0.42745098 0.4117647 0.33333334 0.34509805 0.3647059 0.41960785 0.4392157 0.3254902 0.33333334 0.46666667 0.6 0.63529414 0.6627451 0.65882355 0.6431373 0.42352942 0.6117647 0.58431375 0.42745098 0.49019608 0.5294118 0.5294118 0.5176471 0.5137255 0.54509807 0.56078434
0.42352942 0.35686275 0.38431373 0.41568628 0.38431373 0.39215687 0.47843137 0.5137255 0.44705883 0.44705883 0.34901962 0.3882353 0.45490196 0.34509805 0.36078432 0.4862745 0.5803922 0.58431375 0.6156863 0.6117647 0.5568628 0.4392157 0.5058824 0.43529412 0.5294118 0.5529412 0.5294118 0.50980395 0.5176471 0.53333336 0.5647059 0.5921569
0.3764706 0.3529412 0.37254903 0.4392157 0.34117648 0.34901962 0.4 0.5568628 0.5686275 0.52156866 0.4509804 0.35686275 0.32941177 0.3254902 0.42352942 0.5137255 0.54901963 0.6784314 0.6431373 0.54901963 0.53333336 0.42745098 0.4745098 0.5137255 0.5254902 0.5058824 0.5176471 0.5254902 0.52156866 0.5372549 0.5764706 0.59607846
0.34901962 0.33333334 0.39215687 0.42352942 0.35686275 0.44705883 0.39607844 0.39215687 0.49803922 0.5568628 0.5254902 0.43137255 0.44313726 0.45882353 0.41960785 0.4862745 0.49411765 0.5254902 0.5137255 0.5921569 0.5529412 0.4745098 0.5058824 0.49411765 0.50980395 0.50980395 0.54901963 0.5411765 0.5372549 0.5411765 0.5764706 0.6
0.3529412 0.29411766 0.34509805 0.4 0.3647059 0.36862746 0.40392157 0.4117647 0.4627451 0.59607846 0.63529414 0.61960787 0.6156863 0.52156866 0.42745098 0.44705883 0.3882353 0.5137255 0.53333336 0.54509807 0.6 0.5529412 0.49411765 0.5254902 0.5176471 0.5176471 0.54901963 0.5372549 0.54509807 0.54901963 0.5803922 0.5882353
0.3019608 0.3254902 0.30588236 0.38431373 0.3254902 0.34901962 0.34901962 0.33333334 0.38431373 0.52156866 0.65882355 0.7254902 0.7019608 0.5411765 0.40392157 0.49411765 0.4862745 0.56078434 0.49019608 0.5137255 0.5686275 0.5372549 0.53333336 0.54901963 0.5254902 0.5254902 0.5294118 0.53333336 0.5137255 0.5411765 0.5372549 0.5411765
0.28235295 0.34509805 0.3254902 0.36078432 0.3372549 0.3882353 0.42745098 0.35686275 0.47843137 0.63529414 0.64705884 0.6509804 0.6431373 0.4392157 0.3372549 0.45490196 0.5019608 0.41568628 0.44313726 0.5529412 0.52156866 0.5647059 0.5921569 0.56078434 0.5647059 0.54509807 0.5372549 0.5294118 0.5254902 0.5529412 0.54509807 0.5686275
0.27450982 0.34901962 0.3529412 0.32941177 0.33333334 0.3137255 0.41568628 0.49411765 0.5568628 0.48235294 0.5529412 0.6784314 0.49019608 0.3137255 0.34117648 0.41568628 0.39607844 0.4 0.50980395 0.5411765 0.45490196 0.5921569 0.6745098 0.65882355 0.6627451 0.6431373 0.62352943 0.5686275 0.56078434 0.5882353 0.61960787 0.6039216
0.3529412 0.30980393 0.3372549 0.3019608 0.3019608 0.31764707 0.42352942 0.5568628 0.44313726 0.32156864 0.5294118 0.7921569 0.50980395 0.29411766 0.30980393 0.3882353 0.37254903 0.4862745 0.57254905 0.44705883 0.43529412 0.5921569 0.6313726 0.61960787 0.6392157 0.6117647 0.62352943 0.627451 0.6392157 0.67058825 0.6862745 0.68235296
0.4627451 0.43529412 0.38039216 0.30588236 0.29411766 0.3764706 0.5137255 0.6431373 0.6313726 0.6156863 0.7294118 0.62352943 0.5137255 0.38431373 0.27058825 0.3529412 0.4392157 0.50980395 0.45882353 0.43137255 0.49803922 0.5176471 0.5764706 0.52156866 0.5254902 0.5254902 0.54509807 0.5372549 0.5529412 0.5764706 0.627451 0.62352943
0.4862745 0.49803922 0.5137255 0.4745098 0.3254902 0.34117648 0.5294118 0.49411765 0.44705883 0.5411765 0.5254902 0.5058824 0.5137255 0.48235294 0.35686275 0.30588236 0.38039216 0.42352942 0.45490196 0.48235294 0.41960785 0.44313726 0.47843137 0.4745098 0.5254902 0.5372549 0.5568628 0.5647059 0.5411765 0.5411765 0.5647059 0.5176471
0.50980395 0.50980395 0.5254902 0.5254902 0.43529412 0.34117648 0.39215687 0.42352942 0.4627451 0.48235294 0.4745098 0.49411765 0.5019608 0.54509807 0.50980395 0.46666667 0.39215687 0.4 0.40784314 0.40392157 0.43137255 0.48235294 0.5058824 0.5176471 0.50980395 0.5372549 0.56078434 0.5686275 0.5568628 0.5686275 0.5764706 0.54509807
0.50980395 0.5019608 0.54509807 0.5411765 0.5372549 0.47058824 0.36862746 0.35686275 0.4392157 0.47843137 0.5137255 0.47843137 0.49411765 0.5254902 0.5019608 0.54901963 0.5254902 0.52156866 0.50980395 0.49019608 0.5137255 0.53333336 0.5921569 0.6156863 0.5568628 0.5803922 0.5529412 0.56078434 0.56078434 0.5882353 0.60784316 0.5803922
0.5176471 0.5176471 0.56078434 0.5529412 0.58431375 0.5529412 0.5176471 0.4117647 0.34901962 0.39607844 0.49019608 0.5176471 0.50980395 0.5294118 0.50980395 0.5294118 0.5411765 0.5411765 0.5411765 0.5372549 0.54509807 0.5686275 0.60784316 0.62352943 0.5882353 0.5882353 0.57254905 0.5921569 0.5803922 0.5647059 0.6039216 0.627451
0.627451 0.5764706 0.56078434 0.52156866 0.5568628 0.5764706 0.6 0.57254905 0.49411765 0.42745098 0.40784314 0.49411765 0.53333336 0.5568628 0.5803922 0.54509807 0.5568628 0.56078434 0.5764706 0.5529412 0.5686275 0.5803922 0.62352943 0.6431373 0.627451 0.61960787 0.62352943 0.63529414 0.5803922 0.5411765 0.5764706 0.5882353
0.7019608 0.6313726 0.6666667 0.6862745 0.6784314 0.70980394 0.6901961 0.6392157 0.64705884 0.5294118 0.3647059 0.42352942 0.45490196 0.4509804 0.4627451 0.47843137 0.5019608 0.5058824 0.4862745 0.5568628 0.5372549 0.45490196 0.45490196 0.5294118 0.5176471 0.42745098 0.45882353 0.5019608 0.5176471 0.60784316 0.5647059 0.54509807
0.6745098 0.67058825 0.65882355 0.69411767 0.68235296 0.7294118 0.6745098 0.6901961 0.6627451 0.48235294 0.30588236 0.37254903 0.45490196 0.4745098 0.4627451 0.47843137 0.49411765 0.53333336 0.54509807 0.5686275 0.5294118 0.47843137 0.42352942 0.49411765 0.53333336 0.41568628 0.45882353 0.5176471 0.50980395 0.5647059 0.52156866 0.5803922
0.68235296 0.6784314 0.67058825 0.70980394 0.69803923 0.7294118 0.68235296 0.67058825 0.64705884 0.5137255 0.30980393 0.30980393 0.43529412 0.52156866 0.53333336 0.5019608 0.49803922 0.49019608 0.53333336 0.53333336 0.5294118 0.45882353 0.44313726 0.48235294 0.56078434 0.4627451 0.5019608 0.5568628 0.5294118 0.58431375 0.54901963 0.6
0.72156864 0.69411767 0.654902 0.7137255 0.72156864 0.6666667 0.6313726 0.65882355 0.69803923 0.6745098 0.44313726 0.32156864 0.4392157 0.5176471 0.5686275 0.54509807 0.57254905 0.5137255 0.4745098 0.47843137 0.49411765 0.4509804 0.43529412 0.45882353 0.5372549 0.47058824 0.43137255 0.47843137 0.5254902 0.5803922 0.5647059 0.58431375
0.7254902 0.7254902 0.6784314 0.7019608 0.7058824 0.654902 0.6627451 0.6666667 0.6784314 0.73333335 0.6 0.35686275 0.47058824 0.53333336 0.5411765 0.53333336 0.5529412 0.54901963 0.47058824 0.44313726 0.49019608 0.49019608 0.4392157 0.44313726 0.5176471 0.36862746 0.28235295 0.34509805 0.44313726 0.5882353 0.58431375 0.59607846
0.7372549 0.7490196 0.72156864 0.7137255 0.67058825 0.6666667 0.68235296 0.6901961 0.7019608 0.74509805 0.6745098 0.42745098 0.45490196 0.62352943 0.5921569 0.5647059 0.5294118 0.52156866 0.5058824 0.4745098 0.4862745 0.4627451 0.38039216 0.3529412 0.32156864 0.28235295 0.32156864 0.33333334 0.33333334 0.4509804 0.5647059 0.6784314
0.7490196 0.74509805 0.7372549 0.7294118 0.6784314 0.6901961 0.7058824 0.7254902 0.73333335 0.7294118 0.654902 0.40392157 0.32941177 0.47843137 0.5372549 0.50980395 0.49411765 0.4862745 0.4509804 0.3882353 0.3647059 0.3647059 0.34509805 0.3254902 0.32156864 0.3882353 0.41568628 0.33333334 0.29411766 0.3019608 0.34509805 0.49411765
0.7647059 0.74509805 0.7490196 0.7490196 0.7176471 0.7372549 0.7490196 0.7411765 0.72156864 0.7294118 0.70980394 0.50980395 0.32156864 0.32941177 0.39215687 0.40392157 0.38431373 0.39215687 0.36078432 0.32156864 0.3254902 0.37254903 0.36862746 0.34117648 0.3647059 0.35686275 0.36862746 0.36862746 0.42352942 0.38039216 0.3254902 0.38039216
0.76862746 0.7490196 0.76862746 0.77254903 0.7647059 0.73333335 0.70980394 0.70980394 0.7294118 0.7607843 0.76862746 0.6039216 0.3764706 0.3529412 0.37254903 0.3882353 0.36078432 0.34901962 0.3529412 0.3647059 0.35686275 0.3647059 0.34901962 0.3372549 0.3764706 0.3019608 0.3137255 0.46666667 0.5686275 0.5294118 0.53333336 0.5647059
0.7764706 0.75686276 0.7607843 0.7490196 0.7176471 0.70980394 0.7137255 0.7019608 0.69411767 0.7176471 0.6039216 0.39607844 0.40392157 0.40392157 0.39607844 0.36078432 0.32941177 0.34117648 0.39215687 0.40392157 0.4 0.3647059 0.33333334 0.38431373 0.43529412 0.4 0.49411765 0.5803922 0.6 0.5568628 0.6117647 0.5882353
0.7607843 0.7372549 0.7490196 0.7607843 0.7372549 0.69803923 0.7137255 0.7294118 0.72156864 0.6 0.35686275 0.33333334 0.3529412 0.38039216 0.3764706 0.3372549 0.31764707 0.30980393 0.34901962 0.42352942 0.42352942 0.3764706 0.3764706 0.3882353 0.49803922 0.5568628 0.5058824 0.49411765 0.58431375 0.5686275 0.5294118 0.5137255
0.7529412 0.74509805 0.77254903 0.8039216 0.78431374 0.73333335 0.7176471 0.74509805 0.64705884 0.4392157 0.34509805 0.34509805 0.32156864 0.3137255 0.33333334 0.30588236 0.26666668 0.27058825 0.32156864 0.4 0.38039216 0.40784314 0.39215687 0.43529412 0.5411765 0.50980395 0.58431375 0.6666667 0.67058825 0.45882353 0.47843137 0.5176471
0.7607843 0.7411765 0.7607843 0.78431374 0.77254903 0.7372549 0.6901961 0.6117647 0.45882353 0.36078432 0.3137255 0.28235295 0.28627452 0.32941177 0.32156864 0.32156864 0.36078432 0.40392157 0.43529412 0.39607844 0.3254902 0.41960785 0.50980395 0.54509807 0.6117647 0.6627451 0.7882353 0.7607843 0.5411765 0.41960785 0.5019608 0.5019608
0.77254903 0.7411765 0.7372549 0.7607843 0.7254902 0.62352943 0.5019608 0.4509804 0.3764706 0.2901961 0.29803923 0.28235295 0.29803923 0.38431373 0.3254902 0.3254902 0.5058824 0.5294118 0.4627451 0.41960785 0.3529412 0.61960787 0.6117647 0.60784316 0.7019608 0.7921569 0.6666667 0.4509804 0.3882353 0.43529412 0.49019608 0.4745098
0.7882353 0.76862746 0.74509805 0.60784316 0.45490196 0.41960785 0.38431373 0.38039216 0.34117648 0.32941177 0.3137255 0.30980393 0.3882353 0.3764706 0.34117648 0.42352942 0.42745098 0.45490196 0.4862745 0.45490196 0.48235294 0.6431373 0.6745098 0.7254902 0.7529412 0.65882355 0.41960785 0.3764706 0.41568628 0.45490196 0.49411765 0.47843137
0.7607843 0.6509804 0.54901963 0.42745098 0.34509805 0.36862746 0.31764707 0.3254902 0.33333334 0.33333334 0.30980393 0.32941177 0.43529412 0.39607844 0.4627451 0.53333336 0.44705883 0.5137255 0.5921569 0.5803922 0.6156863 0.64705884 0.70980394 0.72156864 0.7372549 0.47058824 0.30980393 0.43137255 0.4392157 0.45882353 0.4862745 0.48235294
0.6313726 0.46666667 0.41568628 0.40784314 0.34117648 0.34901962 0.35686275 0.37254903 0.32941177 0.29411766 0.3019608 0.3137255 0.38039216 0.3372549 0.40784314 0.46666667 0.5882353 0.67058825 0.65882355 0.6156863 0.654902 0.6 0.654902 0.69411767 0.5372549 0.37254903 0.38039216 0.4392157 0.4745098 0.47058824 0.47058824 0.47843137
0.4745098 0.40392157 0.40784314 0.38039216 0.31764707 0.32156864 0.38039216 0.38431373 0.3019608 0.30980393 0.3254902 0.37254903 0.40392157 0.3019608 0.29803923 0.42745098 0.56078434 0.5921569 0.6 0.59607846 0.59607846 0.40392157 0.60784316 0.57254905 0.4117647 0.46666667 0.50980395 0.5176471 0.5137255 0.5137255 0.5372549 0.54509807
0.42745098 0.36078432 0.3882353 0.4117647 0.34901962 0.33333334 0.42352942 0.4862745 0.4117647 0.40784314 0.30980393 0.34509805 0.43137255 0.3372549 0.3372549 0.4509804 0.5411765 0.53333336 0.5411765 0.5294118 0.5019608 0.42745098 0.5137255 0.43137255 0.5137255 0.5372549 0.5137255 0.5058824 0.5254902 0.54509807 0.5647059 0.5803922
0.38039216 0.35686275 0.3764706 0.43137255 0.30588236 0.28627452 0.34509805 0.53333336 0.54901963 0.49803922 0.42352942 0.32941177 0.30980393 0.31764707 0.40392157 0.47843137 0.5058824 0.627451 0.57254905 0.47058824 0.47843137 0.41568628 0.4862745 0.5254902 0.5411765 0.5176471 0.5058824 0.52156866 0.5294118 0.54901963 0.57254905 0.5764706
0.34901962 0.33333334 0.3882353 0.41568628 0.32156864 0.3882353 0.34117648 0.36862746 0.49019608 0.5529412 0.5176471 0.41568628 0.43137255 0.44705883 0.4 0.4509804 0.4509804 0.4745098 0.4392157 0.5137255 0.49803922 0.45882353 0.50980395 0.5137255 0.54509807 0.5411765 0.5411765 0.53333336 0.5411765 0.5529412 0.5647059 0.57254905
0.34901962 0.29411766 0.34901962 0.4 0.34117648 0.3254902 0.36078432 0.38431373 0.4509804 0.5882353 0.6313726 0.6156863 0.6039216 0.5058824 0.40784314 0.4117647 0.34117648 0.45882353 0.45882353 0.47058824 0.54509807 0.5372549 0.5019608 0.54901963 0.56078434 0.5568628 0.5529412 0.5411765 0.5568628 0.5647059 0.5764706 0.57254905
0.28627452 0.3254902 0.3254902 0.4 0.32941177 0.34509805 0.32941177 0.3019608 0.34509805 0.49803922 0.6509804 0.72156864 0.68235296 0.5058824 0.36862746 0.44705883 0.43137255 0.49019608 0.41960785 0.4509804 0.5058824 0.50980395 0.5372549 0.56078434 0.54509807 0.5529412 0.5568628 0.5647059 0.54509807 0.5647059 0.5647059 0.57254905
0.2784314 0.34509805 0.33333334 0.36862746 0.34509805 0.38431373 0.40784314 0.3254902 0.44705883 0.6156863 0.6313726 0.63529414 0.62352943 0.41568628 0.30980393 0.41960785 0.45490196 0.34901962 0.37254903 0.49019608 0.45882353 0.5137255 0.54509807 0.5254902 0.5372549 0.5294118 0.54509807 0.54509807 0.5372549 0.56078434 0.5686275 0.60784316
0.28235295 0.3529412 0.34901962 0.32941177 0.3372549 0.30980393 0.39215687 0.4627451 0.5372549 0.46666667 0.53333336 0.654902 0.4745098 0.30588236 0.32156864 0.3882353 0.35686275 0.3372549 0.44313726 0.4745098 0.3882353 0.5254902 0.6156863 0.6039216 0.61960787 0.60784316 0.60784316 0.5568628 0.5529412 0.5764706 0.6117647 0.6039216
0.37254903 0.3137255 0.3254902 0.29411766 0.30588236 0.30980393 0.4 0.53333336 0.43529412 0.3137255 0.5058824 0.75686276 0.49803922 0.3019608 0.30588236 0.36862746 0.34117648 0.42745098 0.5058824 0.38039216 0.36862746 0.5294118 0.5764706 0.5686275 0.6 0.5764706 0.5882353 0.6 0.6156863 0.64705884 0.63529414 0.61960787
0.50980395 0.46666667 0.40784314 0.32156864 0.28627452 0.34509805 0.47843137 0.61960787 0.6117647 0.5921569 0.7176471 0.6156863 0.5254902 0.40392157 0.27450982 0.3372549 0.41568628 0.47058824 0.41568628 0.3882353 0.4509804 0.47843137 0.5372549 0.4862745 0.5137255 0.53333336 0.54509807 0.53333336 0.54901963 0.5686275 0.6 0.60784316
0.54509807 0.5529412 0.5686275 0.5254902 0.34509805 0.30980393 0.47058824 0.44705883 0.42745098 0.5372549 0.54509807 0.54509807 0.5529412 0.5058824 0.36078432 0.3019608 0.3647059 0.4 0.43137255 0.45882353 0.3882353 0.42745098 0.45882353 0.4509804 0.5254902 0.5647059 0.58431375 0.5803922 0.5568628 0.54901963 0.5647059 0.5372549
0.5764706 0.57254905 0.58431375 0.6 0.49411765 0.32941177 0.33333334 0.36862746 0.45882353 0.5019608 0.5176471 0.5529412 0.54509807 0.5568628 0.5176471 0.47843137 0.4 0.4 0.40392157 0.39607844 0.41960785 0.49019608 0.5019608 0.49803922 0.5019608 0.5529412 0.5803922 0.58431375 0.57254905 0.57254905 0.5647059 0.54901963
0.5803922 0.5686275 0.6117647 0.6156863 0.6 0.47843137 0.34117648 0.3372549 0.43137255 0.48235294 0.5372549 0.52156866 0.5176471 0.5294118 0.5137255 0.57254905 0.56078434 0.5411765 0.5294118 0.5058824 0.5294118 0.56078434 0.60784316 0.6 0.54509807 0.5882353 0.57254905 0.5764706 0.57254905 0.59607846 0.5803922 0.5647059
0.5882353 0.58431375 0.627451 0.61960787 0.63529414 0.5764706 0.5372549 0.4392157 0.3372549 0.3764706 0.4862745 0.5254902 0.52156866 0.53333336 0.5176471 0.5568628 0.5882353 0.5764706 0.57254905 0.5686275 0.57254905 0.60784316 0.6392157 0.61960787 0.5764706 0.5882353 0.5882353 0.60784316 0.59607846 0.5764706 0.58431375 0.6117647
0.6862745 0.63529414 0.6156863 0.58431375 0.62352943 0.63529414 0.64705884 0.61960787 0.5372549 0.45882353 0.42745098 0.5058824 0.5647059 0.5882353 0.58431375 0.5568628 0.5921569 0.5921569 0.60784316 0.58431375 0.5921569 0.6117647 0.654902 0.6666667 0.6392157 0.62352943 0.63529414 0.64705884 0.60784316 0.58431375 0.6039216 0.60784316
0.6901961 0.5882353 0.5529412 0.5411765 0.57254905 0.6627451 0.6666667 0.6039216 0.6 0.4862745 0.33333334 0.4 0.41960785 0.4 0.4117647 0.42745098 0.45490196 0.4862745 0.45882353 0.5137255 0.47843137 0.43137255 0.4509804 0.50980395 0.4862745 0.38431373 0.41960785 0.47843137 0.5254902 0.63529414 0.5921569 0.5294118
0.64705884 0.627451 0.56078434 0.5529412 0.57254905 0.6784314 0.65882355 0.67058825 0.6156863 0.4392157 0.27450982 0.3529412 0.41960785 0.42352942 0.4117647 0.42745098 0.4509804 0.5137255 0.5176471 0.5254902 0.4745098 0.44313726 0.40392157 0.4745098 0.5137255 0.39215687 0.41960785 0.49411765 0.5176471 0.5921569 0.54901963 0.56078434
0.6431373 0.6392157 0.58431375 0.5764706 0.5764706 0.6745098 0.6745098 0.6627451 0.6039216 0.4745098 0.2784314 0.2901961 0.4 0.47058824 0.48235294 0.4509804 0.4509804 0.47058824 0.5058824 0.49019608 0.47058824 0.4117647 0.40784314 0.4627451 0.5529412 0.45882353 0.46666667 0.53333336 0.5372549 0.6117647 0.5764706 0.5764706
0.6745098 0.6509804 0.5803922 0.5803922 0.5803922 0.6117647 0.6313726 0.65882355 0.65882355 0.62352943 0.40392157 0.3019608 0.40784314 0.47058824 0.52156866 0.49803922 0.5294118 0.49019608 0.4509804 0.44313726 0.43137255 0.39215687 0.39607844 0.43529412 0.53333336 0.47058824 0.4117647 0.4627451 0.5254902 0.5921569 0.56078434 0.5411765
0.6745098 0.6784314 0.6156863 0.57254905 0.54901963 0.5921569 0.65882355 0.6666667 0.64705884 0.6745098 0.5411765 0.3372549 0.4627451 0.5058824 0.5019608 0.47843137 0.49803922 0.5058824 0.44313726 0.40784314 0.40784314 0.42352942 0.4117647 0.42745098 0.5137255 0.3764706 0.28627452 0.34117648 0.43529412 0.5764706 0.5372549 0.5254902
0.6627451 0.69411767 0.65882355 0.6 0.5372549 0.5882353 0.65882355 0.6901961 0.68235296 0.6901961 0.6156863 0.39607844 0.45882353 0.627451 0.56078434 0.49019608 0.42745098 0.43529412 0.44313726 0.41960785 0.39215687 0.4 0.3647059 0.3529412 0.33333334 0.29803923 0.32156864 0.32941177 0.3254902 0.44313726 0.5254902 0.6117647
0.64705884 0.6784314 0.6784314 0.6431373 0.5686275 0.59607846 0.654902 0.72156864 0.7254902 0.6862745 0.5921569 0.36078432 0.32941177 0.4862745 0.5137255 0.44705883 0.40392157 0.3882353 0.3882353 0.34117648 0.29411766 0.31764707 0.33333334 0.32941177 0.3372549 0.40392157 0.4117647 0.32941177 0.2901961 0.3019608 0.33333334 0.46666667
0.6392157 0.6627451 0.6901961 0.6784314 0.627451 0.63529414 0.6784314 0.7294118 0.72156864 0.6901961 0.64705884 0.45882353 0.3019608 0.32156864 0.3764706 0.38039216 0.34509805 0.31764707 0.31764707 0.3019608 0.3019608 0.34509805 0.3529412 0.3372549 0.37254903 0.36862746 0.36078432 0.36078432 0.41568628 0.38039216 0.34117648 0.4
0.6 0.6117647 0.69411767 0.72156864 0.68235296 0.6313726 0.61960787 0.6666667 0.73333335 0.7529412 0.7254902 0.54509807 0.3372549 0.34117648 0.3647059 0.38039216 0.34509805 0.30980393 0.30588236 0.33333334 0.3529412 0.3647059 0.33333334 0.3137255 0.36862746 0.32156864 0.3254902 0.44705883 0.5411765 0.5294118 0.54901963 0.58431375
0.5882353 0.5921569 0.6862745 0.7019608 0.63529414 0.6039216 0.60784316 0.62352943 0.6901961 0.7176471 0.5764706 0.34117648 0.3647059 0.39607844 0.3882353 0.3529412 0.31764707 0.3137255 0.3372549 0.3529412 0.39215687 0.36862746 0.3137255 0.34901962 0.42745098 0.42745098 0.5137255 0.56078434 0.5686275 0.5411765 0.60784316 0.58431375
0.5764706 0.57254905 0.6745098 0.7176471 0.65882355 0.5882353 0.59607846 0.63529414 0.69803923 0.5921569 0.33333334 0.29803923 0.32941177 0.37254903 0.36862746 0.32941177 0.30588236 0.2784314 0.29803923 0.3764706 0.41568628 0.38431373 0.35686275 0.35686275 0.4862745 0.5764706 0.5176471 0.49803922 0.57254905 0.54509807 0.49803922 0.47843137
0.5686275 0.5803922 0.69803923 0.77254903 0.7254902 0.6313726 0.59607846 0.6431373 0.6117647 0.42352942 0.32941177 0.32941177 0.30980393 0.30588236 0.3254902 0.29803923 0.25490198 0.23921569 0.27058825 0.3529412 0.37254903 0.42745098 0.39215687 0.40392157 0.5137255 0.5058824 0.5921569 0.69411767 0.68235296 0.43137255 0.41568628 0.45490196
0.58431375 0.5882353 0.6862745 0.75686276 0.7294118 0.6627451 0.59607846 0.5254902 0.43137255 0.3529412 0.3019608 0.27450982 0.27058825 0.30980393 0.30588236 0.3019608 0.34117648 0.36078432 0.3764706 0.34509805 0.32156864 0.4509804 0.5294118 0.5294118 0.58431375 0.64705884 0.8039216 0.7882353 0.54901963 0.38039216 0.42352942 0.42745098
0.6117647 0.6039216 0.6627451 0.7254902 0.69411767 0.58431375 0.44705883 0.39215687 0.36862746 0.29411766 0.2901961 0.27058825 0.2627451 0.3372549 0.2901961 0.2901961 0.4745098 0.4627451 0.38039216 0.3647059 0.3529412 0.6509804 0.63529414 0.6117647 0.6901961 0.78039217 0.6901961 0.4627451 0.3647059 0.38431373 0.41960785 0.40392157
0.6156863 0.62352943 0.65882355 0.57254905 0.4392157 0.39215687 0.34117648 0.3372549 0.3372549 0.33333334 0.30588236 0.29803923 0.3529412 0.32941177 0.3019608 0.3882353 0.39607844 0.4 0.41568628 0.39607844 0.46666667 0.6666667 0.69803923 0.73333335 0.74509805 0.6431373 0.42745098 0.37254903 0.3882353 0.40784314 0.42352942 0.4
0.61960787 0.53333336 0.49019608 0.41960785 0.34117648 0.35686275 0.2901961 0.29803923 0.33333334 0.3372549 0.3019608 0.31764707 0.4 0.34901962 0.42352942 0.5019608 0.41960785 0.47843137 0.53333336 0.5137255 0.58431375 0.65882355 0.73333335 0.7294118 0.7294118 0.4509804 0.28627452 0.40784314 0.40784314 0.41960785 0.4117647 0.39607844
0.5372549 0.4 0.40392157 0.42745098 0.3529412 0.34901962 0.34509805 0.36078432 0.32941177 0.29803923 0.29411766 0.3019608 0.34901962 0.2901961 0.37254903 0.43529412 0.5647059 0.6509804 0.60784316 0.54901963 0.60784316 0.60784316 0.6784314 0.69803923 0.5294118 0.34901962 0.3372549 0.4 0.4392157 0.43529412 0.39607844 0.38039216
0.41960785 0.3647059 0.39607844 0.38039216 0.3137255 0.32156864 0.3764706 0.37254903 0.28627452 0.29803923 0.31764707 0.37254903 0.38039216 0.27450982 0.29411766 0.40784314 0.52156866 0.5764706 0.5647059 0.5372549 0.54509807 0.4 0.6156863 0.5568628 0.37254903 0.40784314 0.43137255 0.44313726 0.4509804 0.45882353 0.43529412 0.42352942
0.3882353 0.33333334 0.37254903 0.39607844 0.3372549 0.32941177 0.41960785 0.47058824 0.38039216 0.38039216 0.3019608 0.34901962 0.41960785 0.3254902 0.34509805 0.43529412 0.5019608 0.52156866 0.5058824 0.4745098 0.45490196 0.4 0.48235294 0.38039216 0.4392157 0.44313726 0.41568628 0.41568628 0.44705883 0.4745098 0.4627451 0.45882353
0.3529412 0.3372549 0.37254903 0.42745098 0.29411766 0.28627452 0.34117648 0.5176471 0.50980395 0.46666667 0.40784314 0.3254902 0.30588236 0.30588236 0.38431373 0.45490196 0.48235294 0.61960787 0.5372549 0.41568628 0.43137255 0.36862746 0.41960785 0.44705883 0.4509804 0.41960785 0.40784314 0.43137255 0.4509804 0.47843137 0.5019608 0.49803922
0.33333334 0.32941177 0.40392157 0.41960785 0.30980393 0.38431373 0.3372549 0.3529412 0.4509804 0.5176471 0.49803922 0.40784314 0.43529412 0.44313726 0.36078432 0.41568628 0.44313726 0.46666667 0.40392157 0.45490196 0.4509804 0.4117647 0.4509804 0.44705883 0.4745098 0.4627451 0.44313726 0.44313726 0.4627451 0.48235294 0.5254902 0.53333336
0.34509805 0.3019608 0.3647059 0.40392157 0.32941177 0.31764707 0.3529412 0.36862746 0.40784314 0.53333336 0.5882353 0.60784316 0.627451 0.50980395 0.36862746 0.37254903 0.3254902 0.45882353 0.43137255 0.41960785 0.49019608 0.47843137 0.44313726 0.49411765 0.5137255 0.5058824 0.46666667 0.4509804 0.48235294 0.50980395 0.56078434 0.54509807
0.29803923 0.32941177 0.32156864 0.3882353 0.30980393 0.32941177 0.31764707 0.2901961 0.29803923 0.4 0.5568628 0.7176471 0.72156864 0.5254902 0.35686275 0.4117647 0.39215687 0.49411765 0.4117647 0.40784314 0.43529412 0.43529412 0.47058824 0.5137255 0.52156866 0.5294118 0.49019608 0.4745098 0.47058824 0.5372549 0.5686275 0.5254902
0.27450982 0.34117648 0.3254902 0.3529412 0.32156864 0.36862746 0.39607844 0.3137255 0.4117647 0.5372549 0.54901963 0.60784316 0.6313726 0.41960785 0.29803923 0.3882353 0.41960785 0.34117648 0.35686275 0.4509804 0.4 0.44313726 0.47843137 0.47843137 0.5137255 0.50980395 0.48235294 0.45490196 0.4509804 0.5058824 0.5372549 0.54901963
0.25882354 0.33333334 0.33333334 0.3137255 0.31764707 0.29411766 0.38431373 0.45490196 0.5176471 0.41960785 0.4745098 0.59607846 0.44313726 0.2901961 0.3019608 0.3647059 0.33333334 0.3137255 0.4117647 0.44313726 0.3529412 0.42352942 0.47058824 0.4862745 0.52156866 0.5294118 0.5411765 0.45882353 0.4392157 0.4862745 0.5411765 0.54509807
0.33333334 0.28235295 0.29803923 0.27450982 0.28627452 0.29411766 0.39215687 0.52156866 0.42352942 0.28627452 0.45882353 0.67058825 0.42745098 0.27058825 0.2784314 0.34901962 0.3254902 0.39215687 0.47058824 0.3529412 0.34117648 0.44705883 0.45490196 0.46666667 0.5176471 0.5137255 0.5254902 0.49411765 0.4862745 0.5294118 0.5411765 0.5647059
0.43137255 0.40392157 0.3529412 0.27450982 0.2509804 0.3254902 0.46666667 0.60784316 0.6039216 0.5686275 0.654902 0.5058824 0.4392157 0.37254903 0.27058825 0.33333334 0.39215687 0.4392157 0.3882353 0.37254903 0.4509804 0.45882353 0.49411765 0.43529412 0.47058824 0.5058824 0.49803922 0.45490196 0.43529412 0.4392157 0.4862745 0.5372549
0.42745098 0.4509804 0.47843137 0.4509804 0.29411766 0.28627452 0.4745098 0.4509804 0.41568628 0.49803922 0.4627451 0.41960785 0.4509804 0.4627451 0.3529412 0.28627452 0.3254902 0.37254903 0.41568628 0.45490196 0.4 0.41568628 0.4117647 0.38039216 0.45882353 0.52156866 0.54509807 0.52156866 0.45490196 0.41568628 0.44313726 0.45490196
0.42352942 0.43529412 0.45882353 0.49019608 0.41568628 0.28627452 0.31764707 0.3647059 0.4392157 0.45490196 0.42745098 0.41960785 0.42352942 0.48235294 0.47058824 0.41960785 0.32156864 0.3372549 0.35686275 0.3647059 0.39607844 0.44705883 0.42352942 0.4 0.41568628 0.49411765 0.5411765 0.52156866 0.47058824 0.44313726 0.44313726 0.47058824
0.3882353 0.39607844 0.44705883 0.4627451 0.46666667 0.3764706 0.2627451 0.2784314 0.40784314 0.4392157 0.45490196 0.39607844 0.3882353 0.42352942 0.43137255 0.4745098 0.43137255 0.4117647 0.40784314 0.4 0.43137255 0.47058824 0.49803922 0.47843137 0.43529412 0.5137255 0.53333336 0.5176471 0.47058824 0.4627451 0.45490196 0.49411765
0.3764706 0.3882353 0.4392157 0.44313726 0.46666667 0.41960785 0.38431373 0.3019608 0.28235295 0.33333334 0.40784314 0.4117647 0.38039216 0.40392157 0.40392157 0.43137255 0.43137255 0.39607844 0.39215687 0.4 0.41960785 0.47843137 0.50980395 0.4862745 0.4509804 0.49803922 0.5372549 0.54509807 0.5019608 0.45490196 0.45882353 0.5254902
0.47058824 0.4392157 0.43137255 0.41568628 0.4627451 0.45882353 0.44705883 0.4117647 0.3882353 0.3529412 0.33333334 0.39215687 0.40784314 0.42352942 0.44313726 0.42745098 0.45490196 0.42745098 0.41960785 0.40392157 0.44705883 0.47843137 0.52156866 0.5294118 0.50980395 0.5058824 0.54901963 0.5882353 0.54509807 0.49019608 0.46666667 0.46666667
0 1 2
31 6 2
0 1 0
20 31 2
11 31 1
4 0 2
11 31 2
12 31 1
30 0 2
31 4 1
14 31 1
17 0 2
0 31 1
15 0 0
31 31 0
0 5 2
12 0 0
6 31 1
21 31 1
31 31 1
9 31 2
10 31 0
0 5 1
31 6 0
31 24 1
20 0 0
12 0 2
23 31 1
0 5 0
0 9 0
26 31 0
3 31 1
3 0 2
0 6 2
0 9 2
0 0 0
11 0 0
31 29 0
8 31 0
13 31 2
26 0 1
13 31 1
31 28 1
0 6 1
24 0 0
0 11 1
15 31 2
31 0 0
25 31 2
0 24 0
