32, 32, 3, 50
0.22745098 0.31764707 0.34901962 0.1764706 0.21568628 0.4117647 0.45490196 0.38039216 0.4627451 0.49803922 0.5019608 0.4745098 0.48235294 0.48235294 0.5411765 0.48235294 0.3882353 0.42745098 0.4509804 0.40784314 0.4117647 0.30588236 0.44313726 0.4862745 0.47058824 0.3529412 0.44313726 0.4392157 0.4117647 0.42745098 0.47058824 0.4117647
0.31764707 0.2784314 0.3372549 0.3137255 0.36078432 0.4117647 0.34509805 0.3137255 0.37254903 0.3882353 0.4117647 0.45490196 0.46666667 0.4627451 0.52156866 0.43529412 0.12941177 0.20392157 0.25882354 0.25882354 0.37254903 0.32156864 0.41568628 0.45882353 0.36078432 0.34901962 0.44705883 0.41960785 0.35686275 0.45882353 0.4745098 0.37254903
0.27058825 0.18431373 0.24705882 0.36078432 0.29411766 0.36862746 0.2627451 0.27058825 0.34509805 0.34901962 0.40392157 0.44313726 0.47058824 0.5176471 0.5058824 0.22352941 0.011764706 0.15686275 0.30588236 0.3764706 0.43529412 0.3529412 0.3529412 0.43529412 0.32156864 0.39215687 0.3647059 0.44705883 0.36862746 0.34509805 0.38431373 0.32941177
0.29411766 0.12156863 0.20784314 0.3019608 0.25490198 0.27450982 0.23921569 0.32941177 0.41960785 0.42352942 0.48235294 0.4509804 0.42745098 0.34901962 0.19607843 0.03529412 0.007843138 0.21568628 0.40392157 0.44313726 0.42352942 0.39607844 0.34901962 0.37254903 0.3882353 0.29411766 0.30980393 0.38431373 0.38039216 0.35686275 0.34509805 0.3019608
0.32156864 0.08235294 0.11372549 0.21960784 0.30588236 0.24313726 0.05882353 0.24313726 0.3764706 0.34117648 0.28627452 0.1882353 0.078431375 0.019607844 0.0 0.0 0.015686275 0.22745098 0.38431373 0.4 0.4117647 0.34117648 0.3882353 0.37254903 0.32941177 0.37254903 0.41960785 0.39607844 0.43137255 0.4117647 0.38431373 0.32941177
0.3137255 0.23529412 0.22745098 0.23921569 0.2784314 0.24313726 0.2901961 0.12941177 0.20392157 0.19607843 0.18039216 0.003921569 0.011764706 0.011764706 0.02745098 0.039215688 0.101960786 0.29411766 0.34117648 0.39215687 0.39215687 0.3882353 0.3764706 0.4392157 0.38039216 0.47843137 0.49411765 0.4627451 0.40392157 0.50980395 0.7019608 0.4
0.27450982 0.19215687 0.23137255 0.27058825 0.24313726 0.3254902 0.50980395 0.15294118 0.32156864 0.41568628 0.29411766 0.12941177 0.17254902 0.25882354 0.21960784 0.1764706 0.23529412 0.3137255 0.30588236 0.34117648 0.34509805 0.4117647 0.47058824 0.5921569 0.6 0.42352942 0.47843137 0.40392157 0.48235294 0.627451 0.58431375 0.4117647
0.34509805 0.23921569 0.12156863 0.23529412 0.19215687 0.45490196 0.5019608 0.1764706 0.41960785 0.22352941 0.105882354 0.30980393 0.32156864 0.34509805 0.3254902 0.31764707 0.25882354 0.36078432 0.43137255 0.3647059 0.3764706 0.4 0.36862746 0.47058824 0.45882353 0.29411766 0.3529412 0.36078432 0.4509804 0.52156866 0.4 0.32941177
0.45882353 0.34117648 0.08627451 0.1254902 0.13725491 0.48235294 0.49411765 0.25882354 0.2509804 0.043137256 0.16470589 0.33333334 0.32941177 0.21960784 0.25490198 0.32156864 0.3254902 0.4117647 0.56078434 0.33333334 0.33333334 0.32156864 0.27058825 0.39215687 0.32156864 0.2784314 0.30980393 0.36862746 0.37254903 0.42352942 0.3764706 0.38431373
0.42745098 0.30980393 0.09803922 0.09411765 0.28627452 0.6117647 0.5294118 0.29411766 0.12941177 0.09803922 0.2 0.3647059 0.45882353 0.3019608 0.25882354 0.3137255 0.43529412 0.44313726 0.45882353 0.42352942 0.38039216 0.3137255 0.31764707 0.39607844 0.30980393 0.33333334 0.37254903 0.37254903 0.3372549 0.3254902 0.3137255 0.39607844
0.29803923 0.15686275 0.050980393 0.07450981 0.49019608 0.67058825 0.3254902 0.23529412 0.22352941 0.22352941 0.28627452 0.33333334 0.47058824 0.36862746 0.40392157 0.47058824 0.4745098 0.45490196 0.45882353 0.48235294 0.44313726 0.4627451 0.36862746 0.37254903 0.44705883 0.3764706 0.41568628 0.41568628 0.31764707 0.2784314 0.36862746 0.39607844
0.19215687 0.15686275 0.14901961 0.23921569 0.67058825 0.45490196 0.14509805 0.21176471 0.2784314 0.3137255 0.30588236 0.35686275 0.3529412 0.4509804 0.6509804 0.6039216 0.49019608 0.48235294 0.4627451 0.45490196 0.4509804 0.5137255 0.4392157 0.34901962 0.39607844 0.39607844 0.40784314 0.5568628 0.40392157 0.46666667 0.37254903 0.40392157
0.21176471 0.12156863 0.22352941 0.58431375 0.5254902 0.29803923 0.2901961 0.22352941 0.25882354 0.29803923 0.3882353 0.40392157 0.3882353 0.627451 0.4627451 0.56078434 0.6431373 0.4745098 0.49803922 0.60784316 0.5411765 0.4509804 0.53333336 0.4117647 0.28235295 0.40784314 0.42352942 0.42745098 0.3647059 0.4 0.42352942 0.42745098
0.25490198 0.13725491 0.30980393 0.63529414 0.34509805 0.32156864 0.23921569 0.15294118 0.1882353 0.30588236 0.45490196 0.43137255 0.6313726 0.78039217 0.46666667 0.43529412 0.5921569 0.45882353 0.5058824 0.69411767 0.45490196 0.2901961 0.5411765 0.4862745 0.41960785 0.4745098 0.39607844 0.30588236 0.37254903 0.36078432 0.5176471 0.40784314
0.25490198 0.11372549 0.35686275 0.43137255 0.31764707 0.36862746 0.18431373 0.3019608 0.25882354 0.36078432 0.40784314 0.48235294 0.73333335 0.7764706 0.62352943 0.56078434 0.5647059 0.5254902 0.5411765 0.6 0.3019608 0.23921569 0.39215687 0.43529412 0.50980395 0.5764706 0.45490196 0.38431373 0.4745098 0.53333336 0.5411765 0.40392157
0.33333334 0.25490198 0.31764707 0.3764706 0.27450982 0.18039216 0.22352941 0.45882353 0.43137255 0.49019608 0.43137255 0.5529412 0.8156863 0.8 0.6745098 0.6784314 0.627451 0.56078434 0.48235294 0.6392157 0.4117647 0.3019608 0.4117647 0.49803922 0.40784314 0.5019608 0.52156866 0.4627451 0.5176471 0.6039216 0.61960787 0.5058824
0.35686275 0.38431373 0.3647059 0.28627452 0.29803923 0.13725491 0.2901961 0.3254902 0.6039216 0.5647059 0.5176471 0.6039216 0.7529412 0.6901961 0.6862745 0.63529414 0.7490196 0.6784314 0.6 0.6509804 0.47058824 0.5176471 0.39607844 0.5254902 0.42352942 0.654902 0.7176471 0.63529414 0.69803923 0.6117647 0.62352943 0.42352942
0.4862745 0.24313726 0.54901963 0.61960787 0.43529412 0.2784314 0.2784314 0.3019608 0.4627451 0.4117647 0.5921569 0.75686276 0.7764706 0.7529412 0.7921569 0.63529414 0.65882355 0.7137255 0.7058824 0.5803922 0.43529412 0.37254903 0.32156864 0.69411767 0.41960785 0.5921569 0.8039216 0.5764706 0.6745098 0.7176471 0.56078434 0.3764706
0.42352942 0.20392157 0.6156863 0.68235296 0.52156866 0.43137255 0.39607844 0.3372549 0.34901962 0.34901962 0.4627451 0.8039216 0.73333335 0.35686275 0.53333336 0.6117647 0.40784314 0.4 0.43529412 0.47058824 0.4862745 0.42745098 0.50980395 0.7490196 0.65882355 0.46666667 0.5176471 0.3647059 0.73333335 0.80784315 0.58431375 0.3529412
0.50980395 0.59607846 0.6431373 0.5764706 0.59607846 0.43137255 0.4392157 0.46666667 0.4392157 0.47843137 0.6039216 0.7294118 0.58431375 0.039215688 0.16470589 0.36078432 0.40784314 0.38039216 0.4 0.43529412 0.4509804 0.6 0.73333335 0.6784314 0.7058824 0.50980395 0.1882353 0.32156864 0.7254902 0.77254903 0.67058825 0.56078434
0.5137255 0.6509804 0.65882355 0.50980395 0.5058824 0.44313726 0.61960787 0.6666667 0.56078434 0.45882353 0.6117647 0.8235294 0.5058824 0.047058824 0.09019608 0.1254902 0.23529412 0.28235295 0.34901962 0.38431373 0.40392157 0.46666667 0.5647059 0.827451 0.59607846 0.40392157 0.35686275 0.4745098 0.4627451 0.5294118 0.5647059 0.6627451
0.5372549 0.48235294 0.49411765 0.3764706 0.30980393 0.3647059 0.48235294 0.5647059 0.44313726 0.41568628 0.45882353 0.654902 0.72156864 0.47058824 0.16862746 0.2 0.15686275 0.11372549 0.1254902 0.13725491 0.13333334 0.09411765 0.17254902 0.76862746 0.73333335 0.41568628 0.15686275 0.39215687 0.37254903 0.46666667 0.54509807 0.5568628
0.5294118 0.3529412 0.31764707 0.32156864 0.3529412 0.39215687 0.5411765 0.4627451 0.3764706 0.34509805 0.4117647 0.6745098 0.8 0.7058824 0.5176471 0.29803923 0.36862746 0.35686275 0.2901961 0.10980392 0.08627451 0.07450981 0.24705882 0.67058825 0.5568628 0.38431373 0.09803922 0.31764707 0.41568628 0.4627451 0.5529412 0.5294118
0.44313726 0.44313726 0.43137255 0.49803922 0.49019608 0.5019608 0.5019608 0.40784314 0.29803923 0.32941177 0.38039216 0.49019608 0.69411767 0.6431373 0.42352942 0.30588236 0.3882353 0.4745098 0.3882353 0.32156864 0.34117648 0.25490198 0.43137255 0.7764706 0.52156866 0.19607843 0.21176471 0.34117648 0.38039216 0.40392157 0.4627451 0.5176471
0.4 0.34901962 0.45490196 0.44705883 0.3019608 0.2901961 0.39607844 0.36862746 0.30980393 0.3137255 0.30588236 0.37254903 0.6 0.62352943 0.5058824 0.3254902 0.35686275 0.36862746 0.31764707 0.3882353 0.49019608 0.5921569 0.7137255 0.69803923 0.6313726 0.21960784 0.24705882 0.31764707 0.34509805 0.42745098 0.40784314 0.43137255
0.5137255 0.4117647 0.22745098 0.2627451 0.30588236 0.34509805 0.34901962 0.37254903 0.29411766 0.27058825 0.33333334 0.40392157 0.4509804 0.41568628 0.49411765 0.34509805 0.29803923 0.35686275 0.36862746 0.35686275 0.63529414 0.78431374 0.7647059 0.69411767 0.5137255 0.15686275 0.38039216 0.4 0.37254903 0.4117647 0.40784314 0.43137255
0.4 0.3019608 0.23921569 0.28627452 0.2627451 0.23137255 0.22745098 0.2627451 0.2901961 0.29803923 0.37254903 0.3882353 0.32156864 0.30980393 0.2901961 0.28627452 0.2784314 0.27450982 0.28627452 0.5019608 0.6431373 0.6862745 0.6862745 0.5411765 0.39607844 0.21568628 0.37254903 0.44705883 0.30588236 0.34117648 0.5019608 0.44313726
0.3137255 0.4117647 0.37254903 0.3137255 0.25490198 0.3019608 0.25490198 0.40392157 0.43137255 0.36862746 0.39215687 0.3764706 0.34117648 0.3137255 0.29411766 0.36862746 0.30588236 0.23137255 0.29411766 0.5137255 0.4745098 0.6117647 0.4392157 0.3137255 0.41960785 0.30980393 0.41960785 0.38039216 0.2784314 0.27450982 0.43137255 0.48235294
0.2509804 0.24705882 0.34509805 0.40784314 0.34117648 0.40392157 0.27058825 0.3019608 0.39215687 0.47058824 0.31764707 0.23529412 0.27450982 0.2901961 0.30980393 0.22745098 0.25490198 0.32941177 0.27058825 0.30588236 0.38431373 0.4745098 0.3529412 0.33333334 0.3254902 0.36078432 0.40392157 0.4862745 0.5254902 0.46666667 0.47843137 0.3882353
0.2 0.22352941 0.25882354 0.63529414 0.37254903 0.33333334 0.29803923 0.25490198 0.24705882 0.31764707 0.27450982 0.36862746 0.3254902 0.26666668 0.32156864 0.2627451 0.30588236 0.32941177 0.28235295 0.31764707 0.34117648 0.2784314 0.3254902 0.34509805 0.3882353 0.42352942 0.34117648 0.38431373 0.38039216 0.36862746 0.6117647 0.3882353
0.16078432 0.16470589 0.18431373 0.30980393 0.34901962 0.43137255 0.4862745 0.36862746 0.3254902 0.28627452 0.29803923 0.4509804 0.42352942 0.38431373 0.38039216 0.2784314 0.3764706 0.42352942 0.36862746 0.39607844 0.39215687 0.34509805 0.38039216 0.38431373 0.5019608 0.5372549 0.54509807 0.5137255 0.49019608 0.44313726 0.41568628 0.34901962
0.17254902 0.1254902 0.19607843 0.16470589 0.32941177 0.40784314 0.34901962 0.4117647 0.49411765 0.3137255 0.26666668 0.32156864 0.58431375 0.43529412 0.30980393 0.21568628 0.3019608 0.42745098 0.39215687 0.3372549 0.43137255 0.38039216 0.35686275 0.33333334 0.42352942 0.5019608 0.53333336 0.5568628 0.47843137 0.35686275 0.30980393 0.36078432
0.35686275 0.49803922 0.5647059 0.4 0.42745098 0.6156863 0.6666667 0.6 0.68235296 0.7137255 0.7137255 0.68235296 0.6901961 0.6784314 0.7137255 0.627451 0.5019608 0.49803922 0.48235294 0.40784314 0.39607844 0.3019608 0.42352942 0.4392157 0.40784314 0.28235295 0.39215687 0.4117647 0.3529412 0.34509805 0.4 0.34901962
0.47058824 0.48235294 0.57254905 0.54901963 0.58431375 0.61960787 0.58431375 0.5803922 0.6313726 0.6392157 0.65882355 0.69411767 0.7019608 0.6745098 0.6901961 0.5803922 0.23529412 0.27058825 0.28235295 0.2509804 0.34901962 0.30588236 0.3882353 0.40392157 0.2901961 0.27450982 0.3882353 0.3764706 0.29803923 0.38039216 0.4 0.30980393
0.44313726 0.4117647 0.5019608 0.6117647 0.5176471 0.57254905 0.5137255 0.56078434 0.627451 0.61960787 0.6627451 0.6901961 0.7058824 0.7254902 0.6745098 0.35686275 0.101960786 0.21176471 0.32156864 0.35686275 0.40784314 0.3254902 0.3137255 0.3764706 0.2509804 0.31764707 0.29803923 0.3882353 0.30588236 0.27058825 0.30980393 0.26666668
0.47843137 0.35686275 0.47058824 0.5529412 0.47058824 0.45882353 0.47843137 0.6039216 0.68235296 0.6745098 0.70980394 0.65882355 0.62352943 0.5254902 0.3372549 0.13333334 0.08627451 0.25882354 0.40784314 0.41568628 0.38431373 0.3529412 0.29803923 0.30980393 0.3137255 0.21960784 0.23921569 0.31764707 0.30980393 0.28235295 0.27450982 0.23921569
0.5019608 0.32156864 0.3764706 0.4627451 0.49803922 0.4 0.25882354 0.4745098 0.59607846 0.5372549 0.45490196 0.3254902 0.19215687 0.11764706 0.050980393 0.07058824 0.07058824 0.24705882 0.37254903 0.36862746 0.3647059 0.28627452 0.3372549 0.31764707 0.2627451 0.3019608 0.34509805 0.31764707 0.36078432 0.34117648 0.3137255 0.2627451
0.49411765 0.47058824 0.48235294 0.46666667 0.44313726 0.3647059 0.44705883 0.31764707 0.37254903 0.34117648 0.2901961 0.0627451 0.043137256 0.039215688 0.07058824 0.08235294 0.12156863 0.29411766 0.31764707 0.3529412 0.3372549 0.32941177 0.3254902 0.3882353 0.32941177 0.41568628 0.41960785 0.38431373 0.33333334 0.44313726 0.63529414 0.33333334
0.44313726 0.42745098 0.47843137 0.48235294 0.38431373 0.40784314 0.6392157 0.31764707 0.45882353 0.52156866 0.35686275 0.15686275 0.1764706 0.25882354 0.23137255 0.18039216 0.22352941 0.2901961 0.27058825 0.29803923 0.29411766 0.35686275 0.42352942 0.5529412 0.56078434 0.3764706 0.41568628 0.3254902 0.40784314 0.56078434 0.5176471 0.34117648
0.5137255 0.46666667 0.36078432 0.43529412 0.3137255 0.5137255 0.61960787 0.34117648 0.5568628 0.32156864 0.15294118 0.31764707 0.29803923 0.30980393 0.29411766 0.27450982 0.21568628 0.3137255 0.38431373 0.31764707 0.33333334 0.34901962 0.3254902 0.44705883 0.4392157 0.2627451 0.30588236 0.2901961 0.3764706 0.45490196 0.33333334 0.25882354
0.62352943 0.5647059 0.3137255 0.3137255 0.24705882 0.5294118 0.6039216 0.4117647 0.3764706 0.13725491 0.20784314 0.33333334 0.3019608 0.17254902 0.19607843 0.25882354 0.27058825 0.36078432 0.5137255 0.29411766 0.3019608 0.2784314 0.23529412 0.36862746 0.30980393 0.25490198 0.25882354 0.29803923 0.30980393 0.3647059 0.30980393 0.3137255
0.6 0.54509807 0.32941177 0.25882354 0.36862746 0.654902 0.58431375 0.35686275 0.17254902 0.12156863 0.2 0.34117648 0.42352942 0.26666668 0.22352941 0.2784314 0.40784314 0.41568628 0.43529412 0.39607844 0.35686275 0.28235295 0.28235295 0.36862746 0.27450982 0.28627452 0.30980393 0.30588236 0.2901961 0.28627452 0.2627451 0.3372549
0.4862745 0.40392157 0.2509804 0.19607843 0.56078434 0.7058824 0.34509805 0.23529412 0.21568628 0.20784314 0.2627451 0.3019608 0.4392157 0.34117648 0.38431373 0.45490196 0.45882353 0.4392157 0.44313726 0.46666667 0.42352942 0.43529412 0.34117648 0.3372549 0.39607844 0.32156864 0.34901962 0.34901962 0.27450982 0.25490198 0.33333334 0.3529412
0.38431373 0.40392157 0.36078432 0.36078432 0.73333335 0.48235294 0.16078432 0.20784314 0.27058825 0.29803923 0.28235295 0.32941177 0.3254902 0.43137255 0.63529414 0.5882353 0.4745098 0.46666667 0.44705883 0.4392157 0.43529412 0.49411765 0.41568628 0.3137255 0.34901962 0.34901962 0.34901962 0.49411765 0.36078432 0.43529412 0.34117648 0.36862746
0.41960785 0.36862746 0.43529412 0.7019608 0.5686275 0.31764707 0.2901961 0.21568628 0.24705882 0.28235295 0.36862746 0.38039216 0.36862746 0.60784316 0.4509804 0.54901963 0.6313726 0.4627451 0.4862745 0.59607846 0.5254902 0.43529412 0.5137255 0.3882353 0.2509804 0.36862746 0.3764706 0.3764706 0.30980393 0.34901962 0.37254903 0.38431373
0.46666667 0.37254903 0.49803922 0.7294118 0.3764706 0.32941177 0.23137255 0.13725491 0.17254902 0.28235295 0.43529412 0.41568628 0.6156863 0.76862746 0.45490196 0.42745098 0.5803922 0.44705883 0.49411765 0.68235296 0.44313726 0.2784314 0.5294118 0.4745098 0.39607844 0.44705883 0.36078432 0.2627451 0.3019608 0.26666668 0.43137255 0.33333334
0.4509804 0.32156864 0.50980395 0.49411765 0.32941177 0.37254903 0.17254902 0.2784314 0.23529412 0.34117648 0.39215687 0.4745098 0.7254902 0.76862746 0.6117647 0.54901963 0.5529412 0.5137255 0.5294118 0.5882353 0.2901961 0.23529412 0.3882353 0.43137255 0.49803922 0.56078434 0.42745098 0.34901962 0.3764706 0.39215687 0.4117647 0.29411766
0.5019608 0.42745098 0.42745098 0.4 0.26666668 0.18431373 0.21176471 0.42745098 0.40392157 0.47058824 0.41960785 0.54901963 0.81960785 0.79607844 0.65882355 0.6627451 0.6117647 0.54509807 0.46666667 0.62352943 0.4 0.3019608 0.41568628 0.5019608 0.40784314 0.49019608 0.5019608 0.43137255 0.4117647 0.44705883 0.4745098 0.38039216
0.47843137 0.49803922 0.41568628 0.27450982 0.28235295 0.15294118 0.27450982 0.2901961 0.5764706 0.54901963 0.5137255 0.6039216 0.7607843 0.6901961 0.67058825 0.61960787 0.73333335 0.6627451 0.58431375 0.63529414 0.45882353 0.52156866 0.40392157 0.53333336 0.43137255 0.654902 0.7058824 0.61960787 0.6117647 0.47843137 0.5058824 0.3137255
0.5647059 0.30588236 0.5529412 0.5803922 0.4117647 0.3019608 0.27450982 0.26666668 0.43529412 0.39607844 0.5882353 0.7607843 0.78039217 0.7529412 0.77254903 0.6156863 0.6392157 0.69803923 0.6901961 0.56078434 0.41960785 0.37254903 0.32941177 0.7058824 0.43137255 0.59607846 0.8 0.5647059 0.62352943 0.6431373 0.49019608 0.3137255
0.46666667 0.22745098 0.58431375 0.61960787 0.48235294 0.45882353 0.39607844 0.29803923 0.3254902 0.3372549 0.45882353 0.80784315 0.7411765 0.3529412 0.5137255 0.5921569 0.3882353 0.3764706 0.41568628 0.44705883 0.46666667 0.43137255 0.5254902 0.7607843 0.6745098 0.47843137 0.5176471 0.34901962 0.72156864 0.79607844 0.5686275 0.34509805
0.54901963 0.6156863 0.62352943 0.5372549 0.57254905 0.4392157 0.4117647 0.4117647 0.4 0.4627451 0.6039216 0.7411765 0.60784316 0.047058824 0.14901961 0.34509805 0.3882353 0.36078432 0.38039216 0.41568628 0.43137255 0.58431375 0.7294118 0.6901961 0.7254902 0.52156866 0.1764706 0.28235295 0.69803923 0.7647059 0.6627451 0.5529412
0.5647059 0.6862745 0.67058825 0.5137255 0.5019608 0.43137255 0.57254905 0.60784316 0.5137255 0.43137255 0.6117647 0.8392157 0.5372549 0.06666667 0.08235294 0.11372549 0.22745098 0.27058825 0.3372549 0.3764706 0.38431373 0.42352942 0.54509807 0.84313726 0.6313726 0.41960785 0.32941177 0.40392157 0.40784314 0.49803922 0.53333336 0.6313726
0.5764706 0.5137255 0.5137255 0.39607844 0.32156864 0.37254903 0.45882353 0.52156866 0.4117647 0.39607844 0.45490196 0.65882355 0.7372549 0.47843137 0.15686275 0.1882353 0.14509805 0.101960786 0.11372549 0.1254902 0.11764706 0.0627451 0.15686275 0.7882353 0.77254903 0.4392157 0.14117648 0.3372549 0.31764707 0.42352942 0.5019608 0.5137255
0.5568628 0.3764706 0.34901962 0.35686275 0.3882353 0.43137255 0.5411765 0.4392157 0.35686275 0.3254902 0.39607844 0.6627451 0.7921569 0.69803923 0.5019608 0.2784314 0.3529412 0.3372549 0.27450982 0.09019608 0.06666667 0.050980393 0.24313726 0.69411767 0.59607846 0.40784314 0.09019608 0.27450982 0.3647059 0.4117647 0.5019608 0.4745098
0.45882353 0.46666667 0.4627451 0.5411765 0.54509807 0.56078434 0.5254902 0.40392157 0.2901961 0.31764707 0.36078432 0.47058824 0.67058825 0.6156863 0.4 0.28235295 0.36862746 0.45490196 0.36862746 0.3019608 0.32156864 0.24705882 0.43529412 0.8 0.5568628 0.21960784 0.20784314 0.30980393 0.32941177 0.34117648 0.4 0.4509804
0.40784314 0.3647059 0.4862745 0.49019608 0.36078432 0.3529412 0.42745098 0.3764706 0.3137255 0.30588236 0.28627452 0.34509805 0.56078434 0.58431375 0.48235294 0.30588236 0.33333334 0.34509805 0.29411766 0.36862746 0.47058824 0.5882353 0.72156864 0.7176471 0.654902 0.23529412 0.24705882 0.29411766 0.29411766 0.35686275 0.3372549 0.36078432
0.5176471 0.42352942 0.2509804 0.29803923 0.3529412 0.4 0.38039216 0.3882353 0.29803923 0.25882354 0.30980393 0.36862746 0.40392157 0.37254903 0.47058824 0.3254902 0.2784314 0.3372549 0.34901962 0.3372549 0.6156863 0.78431374 0.77254903 0.7058824 0.5176471 0.15686275 0.3647059 0.3764706 0.3254902 0.34509805 0.34117648 0.3647059
0.4 0.30588236 0.2509804 0.3019608 0.28627452 0.25490198 0.24705882 0.27058825 0.28627452 0.28627452 0.34901962 0.3529412 0.2784314 0.27058825 0.2627451 0.25882354 0.2509804 0.24705882 0.25882354 0.4745098 0.61960787 0.68235296 0.68235296 0.53333336 0.38431373 0.19215687 0.34509805 0.41568628 0.2627451 0.28627452 0.44705883 0.38431373
0.30980393 0.40784314 0.36862746 0.30980393 0.24705882 0.28627452 0.24705882 0.40392157 0.41960785 0.3529412 0.37254903 0.34901962 0.30980393 0.28235295 0.25882354 0.32941177 0.26666668 0.19607843 0.25490198 0.4745098 0.4392157 0.6 0.42352942 0.28235295 0.38431373 0.27058825 0.38039216 0.34117648 0.23529412 0.22745098 0.38431373 0.43529412
0.2509804 0.23921569 0.33333334 0.38431373 0.30588236 0.36078432 0.23921569 0.28627452 0.37254903 0.4509804 0.29803923 0.21960784 0.25882354 0.26666668 0.27058825 0.18431373 0.21176471 0.28627452 0.22745098 0.2627451 0.34509805 0.45490196 0.32941177 0.2901961 0.26666668 0.3019608 0.34901962 0.4392157 0.4862745 0.43137255 0.44313726 0.3529412
0.19607843 0.21568628 0.24313726 0.60784316 0.33333334 0.2784314 0.2627451 0.23137255 0.22352941 0.2901961 0.24313726 0.34117648 0.29803923 0.23529412 0.2901961 0.23137255 0.27450982 0.29411766 0.23921569 0.2784314 0.3019608 0.25490198 0.29803923 0.3019608 0.33333334 0.36078432 0.28627452 0.3372549 0.34901962 0.34117648 0.58431375 0.35686275
0.15294118 0.16862746 0.1882353 0.3019608 0.32156864 0.3882353 0.45490196 0.34901962 0.29803923 0.25490198 0.2509804 0.39215687 0.36078432 0.3372549 0.3647059 0.2627451 0.34901962 0.4 0.3372549 0.3529412 0.35686275 0.31764707 0.3529412 0.35686275 0.47058824 0.5019608 0.50980395 0.4745098 0.45882353 0.4117647 0.38039216 0.30980393
0.16470589 0.12941177 0.2 0.15686275 0.3019608 0.3647059 0.3137255 0.39215687 0.46666667 0.27450982 0.21960784 0.2627451 0.5176471 0.3882353 0.29803923 0.2 0.27450982 0.4 0.36078432 0.29803923 0.39215687 0.3529412 0.32941177 0.30588236 0.39607844 0.47058824 0.49803922 0.52156866 0.44705883 0.32156864 0.27450982 0.3254902
0.15686275 0.20784314 0.25490198 0.12156863 0.16470589 0.3372549 0.38039216 0.30980393 0.38431373 0.4117647 0.42352942 0.41568628 0.4392157 0.43529412 0.4745098 0.41960785 0.33333334 0.36862746 0.36862746 0.3019608 0.29803923 0.22352941 0.3647059 0.40392157 0.3764706 0.24313726 0.3254902 0.32156864 0.28235295 0.29803923 0.36078432 0.31764707
0.21960784 0.15294118 0.22745098 0.22745098 0.28235295 0.30588236 0.27450982 0.27450982 0.32156864 0.33333334 0.36078432 0.42352942 0.45490196 0.45490196 0.49803922 0.41568628 0.105882354 0.16470589 0.19215687 0.16078432 0.25882354 0.22745098 0.3254902 0.36078432 0.25882354 0.23137255 0.32156864 0.28627452 0.22745098 0.32941177 0.35686275 0.27450982
0.15686275 0.06666667 0.14509805 0.27058825 0.2 0.23921569 0.19607843 0.25882354 0.31764707 0.31764707 0.3764706 0.43137255 0.47843137 0.53333336 0.5294118 0.24313726 0.019607844 0.14117648 0.2509804 0.28235295 0.32941177 0.24705882 0.2509804 0.3254902 0.20784314 0.2627451 0.22745098 0.29803923 0.23137255 0.21568628 0.2627451 0.23137255
0.18431373 0.02745098 0.11372549 0.22745098 0.16470589 0.14117648 0.17254902 0.3137255 0.3882353 0.3882353 0.44705883 0.43137255 0.42352942 0.36862746 0.24313726 0.05490196 0.02745098 0.21176471 0.3529412 0.34901962 0.3137255 0.2784314 0.23137255 0.25882354 0.27058825 0.16470589 0.16470589 0.22352941 0.23137255 0.22352941 0.22352941 0.2
0.22745098 0.03137255 0.05882353 0.18039216 0.23529412 0.12941177 0.007843138 0.20392157 0.3254902 0.28627452 0.23529412 0.15294118 0.06666667 0.023529412 0.0 0.023529412 0.03529412 0.21960784 0.3372549 0.3137255 0.29803923 0.21960784 0.27450982 0.26666668 0.21960784 0.24705882 0.27450982 0.23137255 0.2784314 0.2784314 0.25882354 0.21568628
0.24313726 0.16862746 0.19607843 0.21960784 0.22352941 0.13333334 0.2 0.07058824 0.12941177 0.12156863 0.11372549 0.0 0.0 0.0 0.02745098 0.047058824 0.09411765 0.27058825 0.28235295 0.29803923 0.27450982 0.27058825 0.27450982 0.34509805 0.29411766 0.36862746 0.36078432 0.3137255 0.25490198 0.37254903 0.57254905 0.28235295
0.2 0.13333334 0.20784314 0.25882354 0.18431373 0.20392157 0.4 0.08627451 0.23529412 0.3137255 0.2 0.0627451 0.101960786 0.20392157 0.1764706 0.14117648 0.19607843 0.2627451 0.23137255 0.23921569 0.22745098 0.30588236 0.38431373 0.5176471 0.5294118 0.34117648 0.36862746 0.26666668 0.34117648 0.4862745 0.4509804 0.28627452
0.24705882 0.16470589 0.08627451 0.20392157 0.10980392 0.2901961 0.38431373 0.10980392 0.33333334 0.16078432 0.03529412 0.21568628 0.24705882 0.2627451 0.22745098 0.22352941 0.1764706 0.2784314 0.3372549 0.25490198 0.25882354 0.30588236 0.29803923 0.42352942 0.4117647 0.23921569 0.26666668 0.23921569 0.3137255 0.38039216 0.26666668 0.20392157
0.33333334 0.25490198 0.050980393 0.078431375 0.043137256 0.2901961 0.36862746 0.19215687 0.18431373 0.003921569 0.09019608 0.24705882 0.25490198 0.1254902 0.11764706 0.19607843 0.21960784 0.30980393 0.45490196 0.22352941 0.22352941 0.23529412 0.20784314 0.34901962 0.28627452 0.23137255 0.22745098 0.25882354 0.24705882 0.2901961 0.24313726 0.25882354
0.33333334 0.27450982 0.08627451 0.039215688 0.15294118 0.41960785 0.39607844 0.21960784 0.06666667 0.03529412 0.12156863 0.27450982 0.36078432 0.19215687 0.13333334 0.19215687 0.3254902 0.33333334 0.3529412 0.30980393 0.2627451 0.21176471 0.22352941 0.31764707 0.23921569 0.25882354 0.28235295 0.27450982 0.2509804 0.24313726 0.22352941 0.30980393
0.22745098 0.14901961 0.050980393 0.03137255 0.34901962 0.49411765 0.20392157 0.15686275 0.15294118 0.16470589 0.21960784 0.23921569 0.3529412 0.24313726 0.28627452 0.3529412 0.35686275 0.3372549 0.34117648 0.3647059 0.3254902 0.34509805 0.25490198 0.27058825 0.34901962 0.28627452 0.32156864 0.31764707 0.24313726 0.22352941 0.30588236 0.33333334
0.11764706 0.1254902 0.105882354 0.15294118 0.53333336 0.30980393 0.05490196 0.14901961 0.21960784 0.2509804 0.23137255 0.25490198 0.22352941 0.31764707 0.52156866 0.47843137 0.36078432 0.35686275 0.3372549 0.32941177 0.3254902 0.4 0.33333334 0.24313726 0.29411766 0.29803923 0.30588236 0.45490196 0.31764707 0.39215687 0.29803923 0.33333334
0.13725491 0.06666667 0.12941177 0.45882353 0.39607844 0.19607843 0.21960784 0.16862746 0.2 0.23529412 0.3019608 0.2901961 0.24705882 0.47843137 0.32941177 0.42745098 0.50980395 0.34117648 0.3647059 0.4745098 0.4117647 0.34117648 0.43137255 0.30588236 0.1764706 0.3019608 0.31764707 0.32156864 0.25882354 0.29411766 0.31764707 0.3372549
0.1764706 0.06666667 0.18431373 0.4862745 0.22352941 0.2509804 0.19215687 0.101960786 0.12941177 0.22352941 0.3529412 0.30588236 0.4862745 0.6313726 0.32941177 0.3019608 0.45882353 0.3254902 0.37254903 0.56078434 0.3254902 0.1882353 0.44705883 0.38431373 0.30588236 0.36078432 0.2901961 0.20392157 0.24313726 0.20784314 0.37254903 0.2784314
0.17254902 0.02745098 0.20784314 0.27058825 0.20392157 0.32156864 0.14901961 0.24705882 0.1882353 0.27058825 0.2901961 0.3529412 0.5882353 0.6313726 0.4862745 0.42745098 0.43137255 0.39215687 0.40784314 0.4627451 0.1764706 0.16078432 0.3137255 0.34117648 0.39607844 0.46666667 0.34901962 0.28627452 0.31764707 0.33333334 0.36078432 0.24705882
0.24313726 0.13725491 0.16078432 0.21568628 0.16862746 0.14509805 0.19215687 0.39607844 0.34901962 0.3882353 0.30980393 0.42745098 0.6862745 0.6666667 0.5411765 0.54901963 0.49803922 0.42745098 0.3529412 0.50980395 0.29411766 0.24313726 0.3529412 0.4117647 0.3019608 0.39215687 0.42745098 0.3764706 0.35686275 0.38431373 0.41960785 0.3372549
0.27058825 0.26666668 0.22352941 0.14901961 0.2 0.101960786 0.23921569 0.24705882 0.50980395 0.4509804 0.39607844 0.48235294 0.63529414 0.57254905 0.5686275 0.52156866 0.63529414 0.5647059 0.48235294 0.53333336 0.36862746 0.48235294 0.3647059 0.45882353 0.32941177 0.56078434 0.63529414 0.57254905 0.5529412 0.40784314 0.44313726 0.26666668
0.38431373 0.16078432 0.43529412 0.49803922 0.34509805 0.23137255 0.21568628 0.20392157 0.3529412 0.28627452 0.46666667 0.6392157 0.67058825 0.65882355 0.6901961 0.53333336 0.5568628 0.6117647 0.6039216 0.47843137 0.34901962 0.36078432 0.30588236 0.6392157 0.34117648 0.5058824 0.73333335 0.5294118 0.5647059 0.5529412 0.41568628 0.25882354
0.30980393 0.1254902 0.52156866 0.5803922 0.42745098 0.36862746 0.32156864 0.22745098 0.22352941 0.21568628 0.33333334 0.6901961 0.6431373 0.2784314 0.4392157 0.5176471 0.3137255 0.3019608 0.34117648 0.37254903 0.40784314 0.43137255 0.5176471 0.7058824 0.5882353 0.39215687 0.45882353 0.3254902 0.654902 0.69411767 0.48235294 0.2784314
0.38431373 0.49803922 0.56078434 0.49411765 0.5137255 0.3529412 0.33333334 0.33333334 0.30588236 0.34901962 0.4862745 0.627451 0.5058824 0.007843138 0.101960786 0.2784314 0.3254902 0.29411766 0.31764707 0.34901962 0.3764706 0.56078434 0.69411767 0.6117647 0.61960787 0.41960785 0.10980392 0.2509804 0.63529414 0.6745098 0.5803922 0.48235294
0.39215687 0.5568628 0.5803922 0.44313726 0.42745098 0.3529412 0.49019608 0.5254902 0.42745098 0.34117648 0.50980395 0.73333335 0.43529412 0.011764706 0.03137255 0.06666667 0.16470589 0.20784314 0.27450982 0.30980393 0.32156864 0.36862746 0.46666667 0.7372549 0.5019608 0.3019608 0.24313726 0.3529412 0.3529412 0.42745098 0.46666667 0.5686275
0.43137255 0.4 0.42352942 0.3137255 0.23529412 0.2784314 0.3647059 0.43529412 0.32156864 0.3019608 0.3529412 0.5568628 0.6313726 0.38431373 0.08627451 0.11764706 0.07450981 0.02745098 0.047058824 0.07450981 0.08235294 0.039215688 0.09803922 0.6784314 0.6509804 0.3254902 0.08235294 0.28627452 0.25882354 0.35686275 0.4392157 0.45490196
0.44313726 0.28235295 0.25882354 0.2627451 0.28627452 0.3137255 0.44313726 0.3529412 0.26666668 0.23921569 0.30588236 0.57254905 0.69803923 0.60784316 0.41568628 0.19607843 0.26666668 0.25490198 0.19215687 0.03529412 0.03529412 0.019607844 0.18431373 0.58431375 0.47843137 0.30980393 0.039215688 0.21568628 0.3019608 0.34901962 0.4392157 0.42352942
0.37254903 0.38431373 0.37254903 0.4392157 0.43137255 0.43137255 0.41960785 0.3137255 0.2 0.22745098 0.27450982 0.38039216 0.58431375 0.5294118 0.30588236 0.1882353 0.27058825 0.36078432 0.27058825 0.20392157 0.22745098 0.16470589 0.34901962 0.69803923 0.44313726 0.14117648 0.13725491 0.23529412 0.2627451 0.28235295 0.34117648 0.4
0.34509805 0.29411766 0.39607844 0.3882353 0.24313726 0.22352941 0.32156864 0.28235295 0.22352941 0.21960784 0.2 0.26666668 0.4862745 0.49803922 0.3764706 0.2 0.22745098 0.23921569 0.1882353 0.2627451 0.3647059 0.49803922 0.6313726 0.62352943 0.5529412 0.15686275 0.16862746 0.21568628 0.22352941 0.29803923 0.28235295 0.3137255
0.4745098 0.36078432 0.16862746 0.2 0.24313726 0.28627452 0.28235295 0.29803923 0.21176471 0.18039216 0.23529412 0.29411766 0.3372549 0.2901961 0.36078432 0.21176471 0.16470589 0.22352941 0.23529412 0.22352941 0.5058824 0.6862745 0.68235296 0.6156863 0.43529412 0.08235294 0.28235295 0.2901961 0.25490198 0.28627452 0.28235295 0.3137255
0.3647059 0.24705882 0.16862746 0.21176471 0.19607843 0.17254902 0.16470589 0.1882353 0.20784314 0.21176471 0.2784314 0.28627452 0.21568628 0.19215687 0.15686275 0.14901961 0.14117648 0.13725491 0.16078432 0.36862746 0.5137255 0.5803922 0.5921569 0.45490196 0.31764707 0.1254902 0.26666668 0.32941177 0.18431373 0.22352941 0.38431373 0.33333334
0.27450982 0.34901962 0.29411766 0.23137255 0.18039216 0.23921569 0.18431373 0.32156864 0.34509805 0.2784314 0.29803923 0.2784314 0.23921569 0.20392157 0.16470589 0.23529412 0.17254902 0.09803922 0.16078432 0.38039216 0.34509805 0.49411765 0.3372549 0.22352941 0.33333334 0.21176471 0.30588236 0.25490198 0.15294118 0.16078432 0.32156864 0.38039216
0.20784314 0.18039216 0.25882354 0.31764707 0.26666668 0.34117648 0.19215687 0.21568628 0.30588236 0.38039216 0.22745098 0.14901961 0.1882353 0.19215687 0.1882353 0.101960786 0.12941177 0.20392157 0.14509805 0.18039216 0.25882354 0.3529412 0.23921569 0.23137255 0.22352941 0.25490198 0.2784314 0.34901962 0.40392157 0.36078432 0.3764706 0.29411766
0.16078432 0.16862746 0.1882353 0.56078434 0.30588236 0.26666668 0.21960784 0.16470589 0.16078432 0.22745098 0.18431373 0.2784314 0.23529412 0.16862746 0.21176471 0.15294118 0.19215687 0.21176471 0.16078432 0.19607843 0.21960784 0.15686275 0.21176471 0.23921569 0.28627452 0.31764707 0.22745098 0.2627451 0.2784314 0.28235295 0.5254902 0.3019608
0.13333334 0.14117648 0.15686275 0.26666668 0.2901961 0.36078432 0.4 0.27450982 0.22745098 0.1882353 0.1882353 0.33333334 0.3019608 0.27450982 0.28627452 0.18431373 0.27058825 0.30980393 0.24705882 0.2627451 0.26666668 0.23529412 0.2784314 0.28627452 0.4117647 0.45882353 0.47058824 0.43529412 0.42745098 0.38039216 0.34901962 0.27450982
0.14901961 0.105882354 0.1764706 0.1254902 0.27058825 0.33333334 0.26666668 0.32941177 0.40784314 0.21960784 0.16862746 0.21568628 0.47058824 0.33333334 0.23137255 0.13333334 0.20784314 0.3254902 0.2784314 0.21568628 0.30980393 0.2784314 0.25882354 0.24313726 0.34509805 0.42745098 0.4627451 0.49019608 0.42352942 0.29803923 0.24705882 0.2901961
30 31 1
0 5 0
0 11 2
0 31 0
31 8 1
2 31 2
4 0 2
0 11 0
31 13 0
22 31 1
0 19 0
0 26 2
0 22 1
31 31 0
22 0 1
17 31 0
12 0 2
0 24 1
31 10 0
8 0 1
17 0 1
8 31 0
4 31 2
31 18 1
6 31 2
21 31 1
0 3 0
13 0 1
31 26 1
2 0 0
0 25 0
20 0 2
0 13 2
5 0 1
31 0 0
31 22 0
1 31 2
3 0 2
31 14 0
7 0 0
31 18 0
0 23 2
31 11 1
21 0 0
0 29 2
19 0 1
27 31 0
0 8 1
1 0 1
31 14 2
