32, 32, 3, 50
0.6156863 0.627451 0.6313726 0.6117647 0.6431373 0.64705884 0.63529414 0.654902 0.654902 0.6392157 0.65882355 0.6627451 0.64705884 0.65882355 0.6627451 0.64705884 0.65882355 0.6666667 0.6509804 0.6509804 0.65882355 0.6431373 0.5803922 0.44705883 0.30588236 0.25490198 0.36078432 0.44313726 0.5137255 0.56078434 0.5529412 0.53333336
0.6039216 0.60784316 0.61960787 0.6 0.63529414 0.64705884 0.6313726 0.6509804 0.6509804 0.63529414 0.64705884 0.6509804 0.6313726 0.64705884 0.64705884 0.6313726 0.6431373 0.654902 0.63529414 0.63529414 0.64705884 0.6509804 0.6431373 0.654902 0.53333336 0.36862746 0.3019608 0.32156864 0.3137255 0.5137255 0.5686275 0.5294118
0.63529414 0.6392157 0.654902 0.6392157 0.6392157 0.61960787 0.60784316 0.627451 0.627451 0.60784316 0.60784316 0.6117647 0.5882353 0.59607846 0.6 0.5882353 0.6 0.60784316 0.5921569 0.5921569 0.6156863 0.6509804 0.6431373 0.65882355 0.65882355 0.6392157 0.52156866 0.33333334 0.23921569 0.3254902 0.43137255 0.5058824
0.5176471 0.5411765 0.54509807 0.54509807 0.5529412 0.5372549 0.5254902 0.5529412 0.5647059 0.54509807 0.5568628 0.5764706 0.5647059 0.58431375 0.6039216 0.5882353 0.6117647 0.61960787 0.6156863 0.61960787 0.63529414 0.6509804 0.654902 0.67058825 0.6666667 0.6509804 0.7058824 0.6117647 0.42745098 0.3372549 0.34117648 0.30980393
0.22745098 0.23921569 0.23921569 0.24313726 0.27058825 0.28627452 0.28627452 0.30588236 0.32156864 0.3137255 0.30588236 0.3254902 0.32941177 0.35686275 0.36862746 0.36862746 0.40392157 0.42745098 0.42745098 0.4392157 0.43529412 0.41568628 0.4392157 0.4627451 0.47058824 0.47843137 0.5137255 0.5372549 0.5411765 0.43137255 0.28627452 0.26666668
0.35686275 0.3529412 0.34509805 0.3254902 0.3529412 0.37254903 0.35686275 0.34509805 0.3372549 0.3254902 0.3137255 0.3019608 0.28627452 0.2784314 0.27058825 0.2627451 0.2627451 0.2509804 0.24313726 0.24313726 0.21960784 0.19215687 0.1882353 0.20392157 0.20784314 0.2 0.21176471 0.22352941 0.21960784 0.2627451 0.25490198 0.26666668
0.70980394 0.70980394 0.7176471 0.70980394 0.7019608 0.69411767 0.68235296 0.6745098 0.6627451 0.65882355 0.6509804 0.6431373 0.6392157 0.61960787 0.60784316 0.6039216 0.59607846 0.5803922 0.56078434 0.53333336 0.5137255 0.50980395 0.4627451 0.4627451 0.44313726 0.42745098 0.39215687 0.39215687 0.38431373 0.38431373 0.3647059 0.3254902
0.6666667 0.6666667 0.67058825 0.6745098 0.6666667 0.65882355 0.6627451 0.6666667 0.6666667 0.67058825 0.6745098 0.6784314 0.6784314 0.6745098 0.68235296 0.6901961 0.69411767 0.6901961 0.6784314 0.67058825 0.6745098 0.6509804 0.59607846 0.6666667 0.68235296 0.72156864 0.7176471 0.70980394 0.7176471 0.72156864 0.70980394 0.6745098
0.6627451 0.6666667 0.67058825 0.67058825 0.67058825 0.67058825 0.67058825 0.67058825 0.67058825 0.67058825 0.67058825 0.67058825 0.67058825 0.67058825 0.67058825 0.6784314 0.6862745 0.6745098 0.6627451 0.654902 0.6509804 0.6 0.4862745 0.5882353 0.44705883 0.627451 0.68235296 0.6666667 0.6666667 0.6666667 0.6666667 0.67058825
0.67058825 0.6745098 0.6784314 0.6784314 0.6784314 0.6784314 0.6784314 0.6784314 0.6784314 0.6784314 0.6784314 0.6784314 0.6784314 0.6784314 0.6784314 0.6862745 0.6901961 0.68235296 0.6784314 0.6745098 0.65882355 0.64705884 0.53333336 0.48235294 0.19215687 0.41568628 0.6862745 0.6745098 0.6745098 0.6745098 0.6745098 0.67058825
0.68235296 0.68235296 0.6862745 0.6862745 0.6862745 0.6862745 0.6862745 0.6862745 0.6862745 0.6862745 0.6862745 0.6862745 0.6862745 0.6862745 0.6862745 0.6901961 0.6901961 0.6862745 0.6745098 0.6745098 0.65882355 0.6627451 0.54901963 0.5058824 0.28627452 0.32941177 0.68235296 0.6784314 0.6784314 0.6784314 0.6784314 0.68235296
0.6862745 0.6862745 0.6862745 0.6862745 0.6901961 0.6901961 0.6901961 0.6901961 0.6901961 0.6901961 0.6901961 0.6901961 0.6901961 0.6901961 0.6901961 0.6901961 0.6901961 0.6901961 0.69411767 0.6862745 0.6431373 0.67058825 0.5803922 0.5254902 0.49019608 0.3254902 0.6784314 0.6862745 0.6862745 0.6862745 0.6862745 0.6862745
0.6901961 0.6901961 0.6901961 0.6862745 0.6901961 0.69411767 0.69411767 0.69411767 0.69411767 0.69411767 0.69411767 0.69411767 0.69411767 0.69411767 0.69411767 0.6901961 0.6901961 0.6862745 0.63529414 0.6392157 0.5921569 0.64705884 0.6117647 0.39215687 0.39215687 0.3137255 0.6745098 0.6901961 0.6901961 0.6862745 0.6901961 0.6901961
0.69411767 0.69411767 0.69411767 0.69411767 0.69411767 0.69803923 0.69803923 0.69803923 0.69803923 0.69803923 0.69803923 0.69803923 0.69803923 0.69803923 0.69803923 0.6901961 0.6862745 0.68235296 0.5764706 0.69803923 0.70980394 0.5137255 0.4509804 0.34509805 0.30588236 0.28627452 0.60784316 0.69411767 0.6862745 0.69411767 0.69411767 0.69411767
0.69411767 0.69411767 0.69411767 0.69411767 0.69411767 0.69803923 0.69803923 0.69803923 0.69803923 0.69803923 0.69803923 0.69803923 0.69803923 0.69803923 0.69803923 0.6901961 0.6862745 0.69411767 0.6666667 0.72156864 0.7254902 0.36862746 0.32156864 0.34117648 0.29411766 0.23137255 0.45882353 0.6862745 0.69411767 0.69411767 0.69411767 0.69411767
0.7019608 0.7058824 0.69803923 0.6784314 0.7019608 0.68235296 0.67058825 0.67058825 0.68235296 0.6901961 0.69803923 0.7019608 0.69803923 0.69803923 0.69411767 0.7019608 0.7137255 0.7254902 0.7019608 0.7372549 0.74509805 0.40784314 0.43137255 0.54509807 0.35686275 0.2901961 0.38039216 0.54509807 0.7019608 0.69803923 0.7019608 0.69411767
0.69803923 0.69411767 0.6862745 0.6392157 0.7019608 0.69411767 0.68235296 0.6666667 0.6784314 0.69803923 0.6627451 0.6392157 0.6784314 0.6901961 0.6862745 0.69803923 0.70980394 0.72156864 0.5764706 0.5529412 0.6431373 0.5137255 0.5803922 0.5254902 0.3529412 0.30588236 0.30588236 0.43529412 0.68235296 0.6901961 0.69803923 0.7019608
0.6745098 0.6784314 0.6627451 0.6156863 0.7137255 0.7254902 0.7137255 0.69411767 0.6745098 0.7254902 0.6666667 0.5764706 0.6509804 0.7019608 0.70980394 0.68235296 0.6745098 0.6862745 0.5647059 0.42352942 0.4627451 0.58431375 0.7058824 0.47843137 0.32156864 0.28627452 0.28627452 0.4117647 0.654902 0.6862745 0.7019608 0.69803923
0.6745098 0.69411767 0.64705884 0.6431373 0.7058824 0.69411767 0.64705884 0.65882355 0.627451 0.6156863 0.60784316 0.5254902 0.5411765 0.58431375 0.6039216 0.6 0.5686275 0.59607846 0.70980394 0.5921569 0.5019608 0.5529412 0.7137255 0.5294118 0.30980393 0.27450982 0.25490198 0.3254902 0.5686275 0.64705884 0.69411767 0.69411767
0.67058825 0.53333336 0.42745098 0.4392157 0.44705883 0.4 0.36078432 0.49803922 0.4745098 0.32156864 0.39215687 0.49019608 0.42352942 0.34509805 0.34901962 0.36862746 0.34509805 0.42745098 0.62352943 0.5137255 0.42745098 0.3882353 0.44705883 0.4627451 0.35686275 0.27450982 0.2784314 0.2901961 0.3019608 0.42352942 0.6745098 0.6627451
0.53333336 0.29803923 0.3529412 0.2784314 0.2627451 0.28627452 0.32156864 0.35686275 0.3137255 0.27058825 0.28627452 0.32156864 0.2901961 0.28235295 0.3137255 0.29803923 0.29803923 0.31764707 0.33333334 0.3137255 0.27450982 0.2784314 0.28235295 0.29411766 0.30588236 0.3254902 0.3372549 0.32941177 0.25490198 0.32156864 0.4745098 0.42745098
0.3019608 0.28627452 0.3882353 0.2784314 0.27450982 0.3019608 0.32156864 0.3137255 0.3137255 0.30980393 0.2627451 0.27450982 0.2627451 0.27058825 0.2784314 0.29411766 0.2901961 0.28235295 0.25490198 0.23529412 0.24313726 0.2627451 0.26666668 0.26666668 0.3019608 0.32156864 0.32156864 0.28235295 0.24313726 0.3254902 0.29803923 0.2784314
0.3372549 0.2784314 0.29411766 0.32941177 0.3019608 0.38039216 0.49411765 0.4745098 0.4627451 0.47058824 0.47843137 0.45882353 0.41568628 0.40784314 0.38431373 0.40392157 0.41568628 0.3372549 0.3137255 0.27450982 0.27058825 0.27450982 0.25882354 0.23529412 0.2509804 0.25882354 0.26666668 0.24705882 0.28627452 0.3529412 0.29411766 0.2784314
0.28235295 0.2784314 0.30980393 0.32156864 0.32156864 0.31764707 0.34117648 0.32156864 0.3254902 0.3372549 0.36078432 0.34901962 0.32941177 0.3254902 0.32156864 0.30980393 0.33333334 0.3254902 0.34117648 0.35686275 0.34901962 0.34509805 0.34117648 0.30980393 0.29411766 0.30588236 0.29803923 0.2901961 0.2901961 0.3019608 0.30588236 0.3137255
0.2901961 0.2901961 0.2784314 0.27450982 0.26666668 0.2627451 0.26666668 0.27450982 0.27058825 0.27058825 0.28627452 0.28627452 0.28235295 0.28235295 0.28627452 0.29411766 0.29803923 0.3019608 0.3019608 0.29803923 0.29803923 0.3019608 0.29803923 0.2901961 0.2784314 0.2784314 0.27450982 0.27450982 0.28235295 0.2901961 0.28235295 0.28235295
0.30980393 0.29803923 0.28627452 0.28235295 0.28235295 0.2784314 0.28235295 0.28627452 0.28627452 0.28235295 0.29411766 0.29411766 0.28627452 0.28627452 0.28627452 0.2901961 0.29411766 0.2901961 0.28627452 0.28235295 0.28627452 0.29803923 0.29411766 0.28235295 0.27058825 0.27058825 0.2784314 0.2784314 0.27450982 0.2784314 0.27450982 0.27450982
0.30588236 0.28627452 0.2784314 0.27450982 0.28235295 0.28235295 0.2784314 0.2784314 0.27058825 0.27450982 0.2901961 0.28627452 0.28235295 0.28235295 0.28235295 0.2784314 0.27450982 0.27450982 0.2784314 0.27450982 0.27450982 0.28235295 0.27450982 0.27058825 0.2627451 0.26666668 0.27450982 0.2784314 0.2784314 0.27450982 0.27058825 0.27450982
0.29803923 0.2784314 0.27450982 0.27058825 0.27450982 0.2784314 0.26666668 0.27450982 0.27058825 0.26666668 0.2784314 0.2784314 0.27058825 0.27450982 0.27450982 0.27058825 0.2784314 0.2784314 0.27058825 0.26666668 0.26666668 0.2784314 0.27450982 0.27058825 0.26666668 0.26666668 0.27450982 0.28627452 0.29411766 0.2901961 0.28627452 0.2901961
0.30588236 0.2901961 0.28627452 0.2784314 0.28627452 0.28235295 0.27450982 0.27450982 0.2784314 0.27450982 0.28627452 0.2901961 0.27450982 0.28235295 0.2784314 0.26666668 0.2901961 0.2784314 0.27058825 0.27450982 0.27450982 0.2784314 0.27450982 0.26666668 0.26666668 0.2627451 0.26666668 0.2784314 0.2784314 0.27058825 0.26666668 0.27058825
0.29803923 0.2784314 0.28627452 0.30980393 0.3019608 0.2784314 0.2784314 0.28627452 0.28627452 0.28627452 0.28627452 0.28627452 0.27450982 0.2901961 0.27058825 0.28627452 0.2901961 0.3019608 0.29803923 0.29411766 0.29411766 0.3019608 0.3019608 0.28627452 0.2784314 0.2784314 0.27450982 0.2901961 0.2901961 0.27450982 0.26666668 0.27450982
0.27058825 0.27450982 0.2901961 0.2784314 0.2627451 0.28627452 0.28235295 0.2784314 0.26666668 0.27058825 0.28627452 0.28627452 0.27058825 0.26666668 0.27450982 0.28235295 0.27058825 0.2784314 0.27450982 0.27058825 0.27058825 0.28235295 0.2784314 0.2784314 0.2784314 0.28235295 0.27450982 0.2784314 0.27450982 0.27450982 0.27058825 0.27450982
0.30980393 0.30980393 0.3137255 0.3019608 0.2901961 0.30588236 0.3019608 0.3019608 0.29803923 0.31764707 0.30588236 0.30588236 0.2901961 0.26666668 0.28235295 0.2784314 0.2784314 0.28235295 0.2627451 0.27058825 0.27450982 0.27450982 0.27058825 0.27058825 0.27450982 0.2784314 0.26666668 0.25882354 0.2509804 0.25882354 0.25882354 0.2627451
0.7176471 0.73333335 0.73333335 0.7176471 0.73333335 0.7254902 0.7137255 0.7294118 0.73333335 0.7137255 0.7294118 0.73333335 0.7137255 0.7294118 0.7294118 0.7137255 0.72156864 0.7294118 0.7137255 0.7137255 0.72156864 0.70980394 0.64705884 0.5137255 0.37254903 0.3254902 0.4509804 0.54509807 0.61960787 0.67058825 0.6666667 0.6509804
0.7254902 0.73333335 0.74509805 0.7254902 0.7372549 0.7254902 0.7137255 0.73333335 0.73333335 0.7176471 0.73333335 0.7372549 0.72156864 0.73333335 0.7372549 0.7176471 0.7254902 0.73333335 0.7176471 0.7176471 0.72156864 0.72156864 0.7137255 0.7254902 0.6039216 0.4392157 0.3764706 0.40392157 0.40392157 0.6156863 0.6862745 0.6509804
0.7294118 0.73333335 0.7490196 0.7294118 0.75686276 0.7607843 0.74509805 0.7647059 0.7647059 0.7490196 0.76862746 0.77254903 0.7490196 0.75686276 0.7607843 0.74509805 0.7529412 0.7647059 0.7490196 0.74509805 0.74509805 0.7294118 0.7176471 0.73333335 0.73333335 0.70980394 0.5803922 0.39607844 0.3137255 0.41568628 0.5372549 0.62352943
0.5568628 0.5764706 0.58431375 0.58431375 0.61960787 0.6313726 0.61960787 0.64705884 0.654902 0.6431373 0.6666667 0.6862745 0.6784314 0.69803923 0.7176471 0.7058824 0.7254902 0.7372549 0.73333335 0.7372549 0.7372549 0.72156864 0.72156864 0.7372549 0.7372549 0.7176471 0.75686276 0.654902 0.48235294 0.40392157 0.41568628 0.3882353
0.22745098 0.23529412 0.23921569 0.23921569 0.24705882 0.23921569 0.23921569 0.25882354 0.27450982 0.27058825 0.27450982 0.2901961 0.29411766 0.32156864 0.3372549 0.34117648 0.38039216 0.40392157 0.40392157 0.41568628 0.43137255 0.4627451 0.49019608 0.5137255 0.52156866 0.5294118 0.54901963 0.5647059 0.5647059 0.45882353 0.30980393 0.29411766
0.36078432 0.36078432 0.3529412 0.33333334 0.31764707 0.3019608 0.28627452 0.2784314 0.27058825 0.25490198 0.24313726 0.23137255 0.21568628 0.20784314 0.20392157 0.19607843 0.19607843 0.18431373 0.18039216 0.1764706 0.18039216 0.20784314 0.20784314 0.22745098 0.22745098 0.21960784 0.22745098 0.22745098 0.20784314 0.23529412 0.21176471 0.22352941
0.7490196 0.7490196 0.75686276 0.7490196 0.74509805 0.7411765 0.7294118 0.72156864 0.7137255 0.7058824 0.6862745 0.6784314 0.6745098 0.654902 0.6431373 0.6392157 0.627451 0.6156863 0.59607846 0.5686275 0.5411765 0.5137255 0.4627451 0.4627451 0.44313726 0.42745098 0.39607844 0.38431373 0.34901962 0.31764707 0.27450982 0.23921569
0.73333335 0.73333335 0.7411765 0.7411765 0.74509805 0.74509805 0.74509805 0.7490196 0.7490196 0.7529412 0.75686276 0.7607843 0.75686276 0.75686276 0.7607843 0.7607843 0.7607843 0.7647059 0.7647059 0.7647059 0.7647059 0.70980394 0.6313726 0.7254902 0.7411765 0.7411765 0.75686276 0.75686276 0.7529412 0.7490196 0.7294118 0.69411767
0.7411765 0.74509805 0.7490196 0.7490196 0.7490196 0.7490196 0.7490196 0.7490196 0.7490196 0.7490196 0.7490196 0.74509805 0.74509805 0.7490196 0.74509805 0.7411765 0.7411765 0.7411765 0.74509805 0.7490196 0.7529412 0.68235296 0.54901963 0.6784314 0.5372549 0.6666667 0.74509805 0.74509805 0.74509805 0.7490196 0.7490196 0.7529412
0.74509805 0.74509805 0.7529412 0.7529412 0.7529412 0.7529412 0.7529412 0.7529412 0.7529412 0.7529412 0.7529412 0.7529412 0.7529412 0.7529412 0.7529412 0.7490196 0.7490196 0.7529412 0.7607843 0.7607843 0.7529412 0.7176471 0.5921569 0.57254905 0.28627452 0.44705883 0.7372549 0.74509805 0.74509805 0.74509805 0.74509805 0.74509805
0.7490196 0.7490196 0.7529412 0.7529412 0.7529412 0.7529412 0.7529412 0.7529412 0.7529412 0.7529412 0.7529412 0.7529412 0.7529412 0.7529412 0.7529412 0.7529412 0.7529412 0.7529412 0.7490196 0.7529412 0.7372549 0.7254902 0.6039216 0.6 0.38039216 0.34901962 0.7254902 0.74509805 0.74509805 0.74509805 0.74509805 0.74509805
0.7490196 0.7490196 0.7490196 0.7490196 0.7529412 0.7529412 0.7529412 0.7529412 0.7529412 0.7529412 0.7529412 0.7529412 0.7529412 0.7529412 0.7529412 0.7529412 0.7529412 0.75686276 0.7607843 0.7529412 0.70980394 0.72156864 0.63529414 0.62352943 0.5803922 0.3372549 0.7176471 0.7529412 0.7490196 0.7490196 0.7490196 0.7490196
0.7490196 0.7490196 0.7490196 0.7490196 0.7529412 0.7529412 0.7529412 0.7529412 0.7529412 0.7529412 0.7529412 0.7529412 0.7529412 0.7529412 0.7529412 0.7529412 0.7529412 0.7490196 0.69411767 0.7019608 0.64705884 0.6901961 0.6666667 0.49411765 0.47843137 0.3137255 0.7058824 0.7490196 0.7490196 0.7490196 0.7490196 0.7490196
0.74509805 0.74509805 0.74509805 0.74509805 0.7490196 0.7490196 0.7490196 0.7490196 0.7490196 0.7490196 0.7490196 0.7490196 0.7490196 0.7490196 0.7490196 0.7529412 0.75686276 0.74509805 0.63529414 0.7490196 0.7529412 0.5529412 0.50980395 0.4509804 0.39215687 0.27058825 0.627451 0.7490196 0.7411765 0.7490196 0.74509805 0.74509805
0.74509805 0.74509805 0.74509805 0.74509805 0.74509805 0.7490196 0.7490196 0.7490196 0.7490196 0.7490196 0.7490196 0.7490196 0.7490196 0.7490196 0.7490196 0.7529412 0.75686276 0.7607843 0.72156864 0.7647059 0.7607843 0.4 0.3764706 0.44705883 0.37254903 0.20784314 0.4745098 0.7372549 0.74509805 0.74509805 0.74509805 0.74509805
0.74509805 0.7490196 0.7411765 0.7254902 0.7647059 0.7607843 0.7607843 0.7647059 0.7647059 0.7607843 0.7529412 0.75686276 0.7529412 0.7529412 0.7490196 0.74509805 0.74509805 0.7490196 0.7137255 0.7411765 0.7529412 0.43137255 0.4627451 0.6156863 0.43529412 0.34509805 0.41960785 0.5882353 0.7529412 0.74509805 0.74509805 0.7372549
0.7490196 0.74509805 0.7372549 0.6901961 0.74509805 0.74509805 0.75686276 0.74509805 0.7411765 0.74509805 0.7254902 0.7058824 0.7411765 0.7529412 0.7490196 0.7411765 0.7372549 0.7411765 0.5882353 0.5568628 0.6627451 0.5686275 0.627451 0.5882353 0.4627451 0.45882353 0.4117647 0.5137255 0.75686276 0.74509805 0.73333335 0.7372549
0.7529412 0.7490196 0.7254902 0.6784314 0.7294118 0.72156864 0.7294118 0.7137255 0.6784314 0.7254902 0.7294118 0.6431373 0.7176471 0.7647059 0.77254903 0.7647059 0.7607843 0.7607843 0.627451 0.4745098 0.5294118 0.69803923 0.80784315 0.5882353 0.45882353 0.45490196 0.43529412 0.54509807 0.7607843 0.7529412 0.7372549 0.7294118
0.75686276 0.7647059 0.7019608 0.6901961 0.73333335 0.7294118 0.7058824 0.72156864 0.67058825 0.6431373 0.6509804 0.5647059 0.5803922 0.62352943 0.6431373 0.6784314 0.6627451 0.67058825 0.7647059 0.627451 0.54901963 0.627451 0.7764706 0.58431375 0.37254903 0.34509805 0.3254902 0.39215687 0.62352943 0.6901961 0.72156864 0.7254902
0.7294118 0.57254905 0.44313726 0.43529412 0.47058824 0.45882353 0.44313726 0.5882353 0.54509807 0.36078432 0.3764706 0.46666667 0.4 0.32156864 0.3254902 0.38431373 0.3647059 0.42352942 0.59607846 0.45490196 0.35686275 0.30980393 0.36078432 0.36078432 0.23921569 0.14117648 0.14117648 0.1764706 0.23529412 0.40784314 0.69803923 0.7137255
0.5764706 0.30980393 0.3254902 0.22745098 0.20784314 0.24705882 0.30588236 0.34509805 0.28235295 0.21960784 0.21960784 0.2509804 0.21568628 0.21176471 0.23921569 0.24313726 0.24313726 0.22745098 0.21568628 0.16470589 0.09803922 0.05490196 0.047058824 0.043137256 0.03137255 0.023529412 0.023529412 0.0627451 0.08627451 0.27058825 0.5137255 0.50980395
0.3647059 0.3137255 0.36862746 0.22745098 0.16862746 0.18039216 0.22352941 0.21960784 0.2 0.19215687 0.2 0.21568628 0.2 0.20784314 0.21568628 0.24313726 0.23137255 0.19215687 0.12941177 0.08235294 0.050980393 0.023529412 0.02745098 0.019607844 0.015686275 0.003921569 0.0 0.019607844 0.09019608 0.30588236 0.38039216 0.4
0.45490196 0.3529412 0.30980393 0.30588236 0.25490198 0.34117648 0.4745098 0.45490196 0.42745098 0.42745098 0.46666667 0.4509804 0.40392157 0.39607844 0.36862746 0.41960785 0.43137255 0.31764707 0.25490198 0.18039216 0.14901961 0.12941177 0.13333334 0.105882354 0.08235294 0.05882353 0.08627451 0.1254902 0.24705882 0.4117647 0.43137255 0.43529412
0.42352942 0.3882353 0.3882353 0.37254903 0.3882353 0.4117647 0.4509804 0.43137255 0.42352942 0.41960785 0.41960785 0.40392157 0.38431373 0.38039216 0.3764706 0.38039216 0.4117647 0.38039216 0.37254903 0.36078432 0.34117648 0.33333334 0.34509805 0.3137255 0.2784314 0.2627451 0.29411766 0.32156864 0.36078432 0.41568628 0.4509804 0.46666667
0.40784314 0.41568628 0.4117647 0.4117647 0.40784314 0.40784314 0.4117647 0.41960785 0.41568628 0.40784314 0.40392157 0.40392157 0.40392157 0.4 0.40392157 0.4 0.39607844 0.4 0.4 0.39607844 0.39215687 0.3882353 0.38431373 0.37254903 0.36078432 0.36078432 0.3764706 0.38431373 0.39215687 0.40392157 0.39607844 0.4
0.43137255 0.42745098 0.42745098 0.43137255 0.42745098 0.42745098 0.42745098 0.43529412 0.43137255 0.42745098 0.41960785 0.41568628 0.4117647 0.4117647 0.4117647 0.4117647 0.4117647 0.4117647 0.40784314 0.40392157 0.4 0.4 0.39215687 0.38039216 0.36862746 0.36862746 0.3882353 0.39215687 0.3882353 0.3882353 0.38431373 0.39607844
0.43529412 0.42745098 0.42745098 0.43137255 0.43529412 0.43529412 0.43137255 0.42745098 0.42352942 0.41960785 0.41960785 0.41568628 0.4117647 0.4117647 0.4117647 0.41568628 0.41568628 0.41568628 0.41960785 0.41568628 0.40784314 0.39607844 0.39215687 0.38431373 0.3764706 0.38039216 0.3882353 0.39215687 0.39215687 0.3882353 0.38431373 0.39215687
0.44313726 0.43137255 0.43529412 0.4392157 0.43529412 0.43529412 0.41960785 0.42745098 0.42745098 0.41960785 0.41960785 0.41568628 0.40784314 0.40784314 0.4117647 0.41960785 0.43529412 0.43529412 0.42352942 0.42352942 0.41568628 0.40392157 0.4 0.39607844 0.39607844 0.39607844 0.4 0.40784314 0.41568628 0.4117647 0.40784314 0.41568628
0.4627451 0.45490196 0.4627451 0.4627451 0.45882353 0.44313726 0.4392157 0.4392157 0.44313726 0.43529412 0.42745098 0.42745098 0.4117647 0.41960785 0.41568628 0.41960785 0.4509804 0.4392157 0.43137255 0.43529412 0.42745098 0.4117647 0.40784314 0.4 0.4 0.39215687 0.39607844 0.40784314 0.40392157 0.4 0.39607844 0.39607844
0.47058824 0.45882353 0.4745098 0.5019608 0.48235294 0.44705883 0.44705883 0.4509804 0.45490196 0.44705883 0.43137255 0.43137255 0.41960785 0.43529412 0.41960785 0.4392157 0.44705883 0.45882353 0.45490196 0.4509804 0.4392157 0.42745098 0.42745098 0.4117647 0.40392157 0.40392157 0.40784314 0.42352942 0.42745098 0.4117647 0.40392157 0.40784314
0.4509804 0.45882353 0.4862745 0.48235294 0.44705883 0.45882353 0.4509804 0.4509804 0.4392157 0.4392157 0.4392157 0.4392157 0.42352942 0.41960785 0.42352942 0.42745098 0.4117647 0.41960785 0.41568628 0.4117647 0.40784314 0.40392157 0.4 0.4 0.4 0.40392157 0.40784314 0.41568628 0.41568628 0.41568628 0.4117647 0.40784314
0.49803922 0.5019608 0.5137255 0.5058824 0.4862745 0.49019608 0.48235294 0.4862745 0.47843137 0.49411765 0.46666667 0.46666667 0.4509804 0.42352942 0.43529412 0.42352942 0.41568628 0.41960785 0.4 0.40392157 0.40392157 0.39215687 0.3882353 0.39215687 0.39215687 0.39607844 0.4 0.4 0.39215687 0.40392157 0.4 0.4
0.8784314 0.89411765 0.89411765 0.8784314 0.8980392 0.89411765 0.88235295 0.9019608 0.9019608 0.8862745 0.89411765 0.8980392 0.8784314 0.89411765 0.8980392 0.8901961 0.9098039 0.91764706 0.9019608 0.9019608 0.90588236 0.8862745 0.8235294 0.6901961 0.54901963 0.49803922 0.627451 0.7254902 0.8 0.84705883 0.84313726 0.8235294
0.8784314 0.8862745 0.8980392 0.8784314 0.8980392 0.89411765 0.8784314 0.8980392 0.8980392 0.88235295 0.8901961 0.8901961 0.87058824 0.8862745 0.8901961 0.9019608 0.9254902 0.93333334 0.91764706 0.91764706 0.91764706 0.90588236 0.8980392 0.9098039 0.7882353 0.62352943 0.56078434 0.5921569 0.6039216 0.827451 0.9019608 0.8509804
0.8901961 0.8901961 0.90588236 0.8901961 0.90588236 0.9019608 0.8901961 0.90588236 0.9098039 0.8862745 0.8901961 0.8901961 0.87058824 0.8784314 0.8784314 0.8862745 0.9098039 0.91764706 0.9019608 0.8980392 0.9019608 0.88235295 0.8745098 0.8901961 0.8901961 0.8666667 0.7372549 0.5568628 0.49411765 0.6156863 0.7490196 0.8235294
0.7254902 0.74509805 0.7529412 0.7529412 0.78039217 0.78039217 0.76862746 0.79607844 0.80784315 0.7882353 0.8 0.8235294 0.8117647 0.83137256 0.8509804 0.8235294 0.8392157 0.84705883 0.84705883 0.84705883 0.84705883 0.8352941 0.8352941 0.8509804 0.8509804 0.83137256 0.8627451 0.76862746 0.61960787 0.56078434 0.5882353 0.5686275
0.4 0.4117647 0.4117647 0.41568628 0.42745098 0.43137255 0.43137255 0.4509804 0.4627451 0.45882353 0.4509804 0.46666667 0.47058824 0.5019608 0.5137255 0.4862745 0.5058824 0.5294118 0.5294118 0.5411765 0.5529412 0.5647059 0.5882353 0.6117647 0.61960787 0.627451 0.6431373 0.6666667 0.68235296 0.5921569 0.45882353 0.45490196
0.53333336 0.5294118 0.52156866 0.5019608 0.5019608 0.49803922 0.48235294 0.4745098 0.46666667 0.4509804 0.42352942 0.4117647 0.39607844 0.39215687 0.38431373 0.36078432 0.34901962 0.3372549 0.32941177 0.32941177 0.32941177 0.34901962 0.3529412 0.36862746 0.36862746 0.36078432 0.36078432 0.3647059 0.3529412 0.3882353 0.3764706 0.39215687
0.9019608 0.9019608 0.9098039 0.9019608 0.89411765 0.89411765 0.88235295 0.8745098 0.8627451 0.85490197 0.83137256 0.8235294 0.8156863 0.8 0.7882353 0.7882353 0.78039217 0.7647059 0.74509805 0.7176471 0.7058824 0.7058824 0.654902 0.654902 0.6392157 0.61960787 0.5803922 0.5647059 0.5372549 0.5137255 0.47058824 0.42352942
0.8862745 0.8862745 0.89411765 0.89411765 0.89411765 0.89411765 0.89411765 0.8980392 0.8980392 0.9019608 0.9019608 0.90588236 0.90588236 0.9019608 0.90588236 0.90588236 0.9019608 0.9098039 0.9098039 0.9137255 0.9137255 0.85490197 0.75686276 0.8666667 0.9137255 0.9098039 0.9254902 0.92941177 0.9254902 0.92156863 0.90588236 0.85882354
0.8901961 0.89411765 0.8980392 0.8980392 0.8980392 0.8980392 0.8980392 0.8980392 0.8980392 0.8980392 0.89411765 0.89411765 0.89411765 0.8980392 0.89411765 0.8862745 0.8862745 0.8862745 0.8901961 0.8901961 0.89411765 0.8039216 0.627451 0.78431374 0.68235296 0.8 0.88235295 0.89411765 0.89411765 0.89411765 0.8980392 0.9019608
0.89411765 0.89411765 0.8980392 0.8980392 0.8980392 0.8980392 0.8980392 0.8980392 0.8980392 0.8980392 0.8980392 0.8980392 0.8980392 0.8980392 0.8980392 0.8901961 0.8862745 0.8862745 0.8901961 0.89411765 0.8901961 0.84705883 0.6862745 0.68235296 0.41960785 0.56078434 0.8745098 0.89411765 0.89411765 0.89411765 0.89411765 0.89411765
0.8901961 0.89411765 0.8980392 0.8980392 0.8980392 0.8980392 0.8980392 0.8980392 0.8980392 0.8980392 0.8980392 0.8980392 0.8980392 0.8980392 0.8980392 0.8901961 0.8862745 0.88235295 0.87058824 0.8666667 0.8627451 0.8509804 0.7019608 0.7137255 0.50980395 0.4509804 0.85490197 0.8901961 0.8901961 0.8901961 0.8901961 0.8901961
0.8862745 0.8862745 0.8862745 0.8862745 0.8862745 0.8901961 0.8901961 0.8901961 0.8901961 0.8901961 0.8901961 0.8901961 0.8901961 0.8901961 0.8901961 0.8862745 0.88235295 0.8784314 0.8745098 0.85490197 0.8156863 0.8392157 0.7294118 0.7411765 0.7058824 0.43137255 0.8352941 0.8901961 0.8862745 0.88235295 0.88235295 0.88235295
0.8784314 0.8784314 0.8784314 0.8784314 0.88235295 0.88235295 0.88235295 0.88235295 0.88235295 0.88235295 0.88235295 0.88235295 0.88235295 0.88235295 0.88235295 0.8862745 0.88235295 0.8627451 0.79607844 0.7882353 0.73333335 0.78039217 0.7529412 0.6156863 0.61960787 0.41568628 0.81960785 0.88235295 0.88235295 0.8784314 0.8784314 0.8784314
0.8784314 0.8784314 0.8784314 0.8784314 0.88235295 0.88235295 0.88235295 0.88235295 0.88235295 0.88235295 0.88235295 0.88235295 0.88235295 0.88235295 0.88235295 0.88235295 0.8784314 0.8509804 0.72156864 0.81960785 0.8156863 0.60784316 0.57254905 0.5764706 0.54509807 0.39215687 0.7490196 0.88235295 0.87058824 0.8784314 0.8784314 0.8784314
0.8784314 0.8784314 0.8784314 0.8784314 0.8784314 0.88235295 0.88235295 0.88235295 0.88235295 0.88235295 0.88235295 0.88235295 0.88235295 0.88235295 0.88235295 0.88235295 0.8745098 0.85882354 0.8039216 0.827451 0.80784315 0.42745098 0.42745098 0.57254905 0.5411765 0.34901962 0.6039216 0.87058824 0.8784314 0.8784314 0.8784314 0.8784314
0.85490197 0.85882354 0.84705883 0.827451 0.87058824 0.8666667 0.8627451 0.8627451 0.87058824 0.87058824 0.87058824 0.8784314 0.8745098 0.88235295 0.8784314 0.88235295 0.8745098 0.85490197 0.79607844 0.8 0.7921569 0.4509804 0.5176471 0.7411765 0.60784316 0.5176471 0.6 0.74509805 0.87058824 0.8509804 0.8627451 0.87058824
0.8509804 0.84705883 0.83137256 0.78431374 0.85490197 0.8627451 0.8666667 0.8509804 0.8509804 0.85882354 0.81960785 0.8 0.84313726 0.8666667 0.87058824 0.8784314 0.87058824 0.84705883 0.67058825 0.6156863 0.7019608 0.6 0.69803923 0.7137255 0.627451 0.6431373 0.6156863 0.6745098 0.85882354 0.8392157 0.8627451 0.8862745
0.8784314 0.87058824 0.84313726 0.7882353 0.8666667 0.8784314 0.8784314 0.8627451 0.8352941 0.8666667 0.79607844 0.7058824 0.7921569 0.8509804 0.8627451 0.87058824 0.8666667 0.85882354 0.70980394 0.54509807 0.58431375 0.7490196 0.89411765 0.70980394 0.60784316 0.61960787 0.59607846 0.6745098 0.85882354 0.8627451 0.8980392 0.9019608
0.8862745 0.8862745 0.8156863 0.8 0.85882354 0.8627451 0.83137256 0.84705883 0.8039216 0.7607843 0.69411767 0.6117647 0.6392157 0.6862745 0.7137255 0.7490196 0.73333335 0.74509805 0.8392157 0.7019608 0.61960787 0.7058824 0.8745098 0.7019608 0.5058824 0.49019608 0.4509804 0.49411765 0.7137255 0.8039216 0.8901961 0.8980392
0.84313726 0.6745098 0.5411765 0.5254902 0.5529412 0.5411765 0.5176471 0.6627451 0.62352943 0.43529412 0.42745098 0.52156866 0.46666667 0.39215687 0.40784314 0.43529412 0.40784314 0.4745098 0.654902 0.52156866 0.4392157 0.4117647 0.47058824 0.47843137 0.36078432 0.27058825 0.24705882 0.26666668 0.31764707 0.50980395 0.8392157 0.85882354
0.6784314 0.39607844 0.40784314 0.29411766 0.28235295 0.32941177 0.38039216 0.41960785 0.36078432 0.3019608 0.29411766 0.32941177 0.30588236 0.30588236 0.34117648 0.30980393 0.29411766 0.28627452 0.2784314 0.23137255 0.18039216 0.17254902 0.16470589 0.16078432 0.15294118 0.14901961 0.13333334 0.16470589 0.1764706 0.3647059 0.62352943 0.63529414
0.48235294 0.41960785 0.45882353 0.30980393 0.27058825 0.29803923 0.33333334 0.32941177 0.3137255 0.30980393 0.29411766 0.31764707 0.3137255 0.32941177 0.34117648 0.34901962 0.3254902 0.28235295 0.21568628 0.16078432 0.14117648 0.14117648 0.14509805 0.13333334 0.14117648 0.13725491 0.1254902 0.14117648 0.20784314 0.41568628 0.49411765 0.5254902
0.6117647 0.49411765 0.4392157 0.41960785 0.38039216 0.4745098 0.6 0.5803922 0.56078434 0.5568628 0.57254905 0.56078434 0.5254902 0.5294118 0.50980395 0.5686275 0.5803922 0.45490196 0.3764706 0.28627452 0.25490198 0.24313726 0.24313726 0.22352941 0.21176471 0.19607843 0.22352941 0.26666668 0.39215687 0.56078434 0.5764706 0.5882353
0.61960787 0.5764706 0.5647059 0.5411765 0.5529412 0.5686275 0.6039216 0.58431375 0.5803922 0.5803922 0.5686275 0.5568628 0.5411765 0.54901963 0.54509807 0.5764706 0.6117647 0.56078434 0.5411765 0.52156866 0.49019608 0.47058824 0.47843137 0.4509804 0.42352942 0.42745098 0.4627451 0.5019608 0.54509807 0.60784316 0.6431373 0.65882355
0.6313726 0.63529414 0.627451 0.627451 0.62352943 0.61960787 0.62352943 0.6313726 0.627451 0.62352943 0.627451 0.62352943 0.62352943 0.62352943 0.62352943 0.62352943 0.61960787 0.62352943 0.61960787 0.6156863 0.6039216 0.5803922 0.57254905 0.5647059 0.5529412 0.5568628 0.5921569 0.6117647 0.61960787 0.627451 0.62352943 0.6313726
0.654902 0.6509804 0.64705884 0.64705884 0.6431373 0.6431373 0.6431373 0.6509804 0.64705884 0.6431373 0.6431373 0.6392157 0.63529414 0.63529414 0.63529414 0.6313726 0.627451 0.627451 0.62352943 0.61960787 0.6156863 0.60784316 0.6039216 0.5921569 0.5764706 0.5803922 0.6117647 0.61960787 0.6156863 0.61960787 0.6117647 0.627451
0.65882355 0.64705884 0.6431373 0.6431373 0.6509804 0.6509804 0.64705884 0.6431373 0.6392157 0.6392157 0.6392157 0.63529414 0.63529414 0.6313726 0.6313726 0.627451 0.62352943 0.62352943 0.627451 0.62352943 0.61960787 0.6156863 0.6117647 0.60784316 0.6 0.6039216 0.6156863 0.61960787 0.61960787 0.6156863 0.6117647 0.62352943
0.65882355 0.64705884 0.64705884 0.64705884 0.64705884 0.64705884 0.63529414 0.6431373 0.6392157 0.63529414 0.6392157 0.63529414 0.627451 0.6313726 0.6313726 0.627451 0.6392157 0.6392157 0.6313726 0.627451 0.627451 0.63529414 0.6313726 0.6313726 0.627451 0.627451 0.62352943 0.6313726 0.6392157 0.63529414 0.6313726 0.6392157
0.6784314 0.6666667 0.6666667 0.6666667 0.6627451 0.654902 0.6509804 0.6509804 0.654902 0.64705884 0.6431373 0.64705884 0.6313726 0.6392157 0.63529414 0.627451 0.654902 0.6431373 0.63529414 0.6392157 0.6431373 0.64705884 0.64705884 0.6392157 0.63529414 0.6313726 0.61960787 0.6313726 0.627451 0.62352943 0.61960787 0.61960787
0.6784314 0.6627451 0.6784314 0.7058824 0.6862745 0.654902 0.654902 0.6627451 0.6627451 0.65882355 0.64705884 0.64705884 0.63529414 0.6509804 0.63529414 0.64705884 0.6509804 0.6627451 0.65882355 0.654902 0.6509804 0.65882355 0.65882355 0.6431373 0.63529414 0.6313726 0.6313726 0.6431373 0.64705884 0.6313726 0.62352943 0.62352943
0.654902 0.6627451 0.6862745 0.6784314 0.6509804 0.6627451 0.65882355 0.65882355 0.64705884 0.64705884 0.654902 0.654902 0.6392157 0.63529414 0.6392157 0.6392157 0.61960787 0.627451 0.62352943 0.62352943 0.61960787 0.62352943 0.61960787 0.61960787 0.61960787 0.627451 0.627451 0.63529414 0.63529414 0.6313726 0.627451 0.62352943
0.69411767 0.7019608 0.7137255 0.7058824 0.6862745 0.69411767 0.6862745 0.6901961 0.6862745 0.7019608 0.6784314 0.6784314 0.6627451 0.6392157 0.6509804 0.63529414 0.627451 0.6313726 0.6117647 0.6156863 0.61960787 0.60784316 0.6039216 0.60784316 0.60784316 0.6117647 0.61960787 0.61960787 0.6117647 0.61960787 0.6156863 0.61960787
0 4 1
9 31 2
8 0 0
0 11 2
31 9 2
13 0 2
0 26 2
0 24 0
0 16 1
11 0 2
31 26 1
31 4 0
31 24 2
31 8 1
31 0 0
31 31 2
0 1 0
10 0 1
31 5 0
11 31 0
0 6 1
19 0 1
31 22 2
21 0 0
31 21 2
24 31 2
0 10 1
0 29 2
27 31 1
18 31 1
3 31 0
31 31 0
21 31 0
6 0 2
31 25 2
0 30 0
13 31 2
0 17 1
31 11 0
31 16 1
0 9 0
0 7 1
0 30 2
31 19 0
0 28 2
0 5 0
7 31 1
4 31 1
16 0 0
0 29 1
