32, 32, 3, 50
0.047058824 0.08235294 0.14901961 0.22745098 0.29803923 0.3647059 0.41568628 0.45490196 0.46666667 0.4745098 0.45490196 0.35686275 0.40784314 0.44313726 0.44313726 0.4392157 0.4392157 0.4745098 0.5529412 0.6039216 0.5882353 0.5529412 0.5137255 0.5568628 0.6313726 0.6901961 0.74509805 0.78431374 0.81960785 0.827451 0.8235294 0.827451
0.19215687 0.101960786 0.05490196 0.043137256 0.05882353 0.10980392 0.1764706 0.24313726 0.3137255 0.39607844 0.42745098 0.3882353 0.5411765 0.6156863 0.61960787 0.6156863 0.61960787 0.627451 0.6392157 0.6666667 0.69803923 0.61960787 0.44313726 0.43529412 0.48235294 0.5019608 0.54509807 0.6 0.6627451 0.7294118 0.78431374 0.8156863
0.7294118 0.6313726 0.52156866 0.29803923 0.05882353 0.03137255 0.023529412 0.03529412 0.078431375 0.11372549 0.32156864 0.56078434 0.57254905 0.54509807 0.5294118 0.50980395 0.5019608 0.5254902 0.5568628 0.5921569 0.7294118 0.7137255 0.46666667 0.39607844 0.47843137 0.38431373 0.33333334 0.39215687 0.45490196 0.50980395 0.5568628 0.6156863
0.9019608 0.8862745 0.8901961 0.5372549 0.09803922 0.050980393 0.047058824 0.05490196 0.0627451 0.19607843 0.5058824 0.5176471 0.45490196 0.4509804 0.45490196 0.45490196 0.46666667 0.47843137 0.5019608 0.56078434 0.77254903 0.7372549 0.5411765 0.43137255 0.60784316 0.53333336 0.32941177 0.30588236 0.29411766 0.3137255 0.35686275 0.39607844
0.8392157 0.81960785 0.8352941 0.49411765 0.14117648 0.08627451 0.07450981 0.07450981 0.15686275 0.43529412 0.5137255 0.42745098 0.42352942 0.43529412 0.43529412 0.43137255 0.42745098 0.44705883 0.4745098 0.5686275 0.7764706 0.75686276 0.57254905 0.44705883 0.6392157 0.70980394 0.5372549 0.44705883 0.41568628 0.35686275 0.31764707 0.3019608
0.8156863 0.80784315 0.8156863 0.49411765 0.18039216 0.13333334 0.12156863 0.1254902 0.3019608 0.4 0.30588236 0.26666668 0.24705882 0.22352941 0.20784314 0.20392157 0.1882353 0.23529412 0.4117647 0.6156863 0.7882353 0.7490196 0.5882353 0.43529412 0.61960787 0.7490196 0.63529414 0.4627451 0.44705883 0.4509804 0.44313726 0.43137255
0.8039216 0.79607844 0.8156863 0.6745098 0.30980393 0.1764706 0.14509805 0.2 0.3019608 0.1764706 0.101960786 0.101960786 0.12156863 0.11764706 0.12156863 0.1254902 0.13333334 0.14117648 0.3647059 0.6784314 0.8 0.74509805 0.6117647 0.43137255 0.6 0.7254902 0.65882355 0.39607844 0.1882353 0.22745098 0.28235295 0.34117648
0.6392157 0.6313726 0.63529414 0.6666667 0.50980395 0.23137255 0.17254902 0.3254902 0.3529412 0.30980393 0.36078432 0.41568628 0.42745098 0.4509804 0.44313726 0.44705883 0.44313726 0.45882353 0.5647059 0.73333335 0.69803923 0.68235296 0.6156863 0.43137255 0.5764706 0.68235296 0.6431373 0.54901963 0.4 0.32156864 0.22352941 0.16078432
0.31764707 0.3254902 0.3372549 0.34509805 0.35686275 0.3019608 0.2901961 0.42745098 0.39215687 0.36078432 0.36078432 0.36078432 0.33333334 0.32156864 0.3019608 0.3019608 0.29411766 0.34509805 0.5058824 0.75686276 0.8039216 0.7137255 0.60784316 0.41960785 0.5529412 0.65882355 0.6117647 0.60784316 0.57254905 0.4862745 0.43137255 0.36078432
0.19607843 0.20784314 0.21960784 0.22352941 0.21960784 0.23921569 0.28235295 0.23529412 0.14901961 0.105882354 0.07058824 0.07058824 0.07058824 0.050980393 0.043137256 0.043137256 0.047058824 0.047058824 0.25490198 0.59607846 0.7176471 0.7019608 0.5764706 0.41568628 0.54509807 0.6431373 0.5921569 0.57254905 0.5254902 0.39607844 0.33333334 0.32941177
0.24313726 0.25490198 0.26666668 0.2784314 0.29411766 0.30980393 0.24705882 0.10980392 0.05882353 0.043137256 0.043137256 0.047058824 0.05490196 0.047058824 0.05882353 0.05882353 0.05490196 0.039215688 0.2627451 0.44313726 0.47843137 0.54509807 0.53333336 0.42352942 0.53333336 0.62352943 0.5764706 0.5568628 0.54509807 0.47843137 0.27058825 0.20392157
0.69803923 0.69803923 0.70980394 0.7176471 0.6901961 0.70980394 0.36862746 0.16862746 0.11372549 0.101960786 0.12156863 0.09019608 0.08235294 0.06666667 0.06666667 0.05490196 0.07450981 0.08627451 0.33333334 0.59607846 0.4627451 0.42745098 0.49803922 0.4392157 0.53333336 0.6156863 0.57254905 0.5529412 0.5372549 0.5137255 0.5411765 0.54901963
0.78039217 0.77254903 0.78039217 0.78431374 0.49803922 0.63529414 0.38039216 0.16470589 0.12156863 0.101960786 0.1254902 0.078431375 0.07058824 0.0627451 0.05882353 0.06666667 0.08627451 0.101960786 0.38039216 0.5764706 0.4745098 0.35686275 0.45490196 0.43529412 0.5254902 0.6156863 0.57254905 0.5529412 0.5411765 0.5686275 0.7921569 0.85882354
0.7294118 0.7254902 0.7372549 0.7294118 0.38431373 0.56078434 0.34901962 0.14901961 0.10980392 0.11372549 0.14509805 0.10980392 0.09019608 0.101960786 0.15686275 0.18039216 0.15686275 0.16470589 0.36078432 0.37254903 0.4117647 0.4627451 0.5137255 0.41960785 0.5254902 0.627451 0.5882353 0.59607846 0.5921569 0.6 0.77254903 0.8156863
0.72156864 0.7254902 0.7372549 0.7137255 0.34901962 0.53333336 0.39215687 0.2627451 0.2627451 0.26666668 0.27058825 0.28235295 0.28627452 0.3019608 0.34117648 0.3882353 0.3882353 0.4392157 0.52156866 0.32941177 0.39607844 0.54901963 0.57254905 0.40392157 0.52156866 0.63529414 0.59607846 0.627451 0.6313726 0.61960787 0.76862746 0.8117647
0.64705884 0.6156863 0.6784314 0.69411767 0.32941177 0.45882353 0.5529412 0.41568628 0.37254903 0.41568628 0.40392157 0.39215687 0.3882353 0.42352942 0.46666667 0.5686275 0.5686275 0.5529412 0.6745098 0.44313726 0.32156864 0.5254902 0.5764706 0.40784314 0.5137255 0.6117647 0.5764706 0.59607846 0.6039216 0.5882353 0.70980394 0.7529412
0.44313726 0.3882353 0.5529412 0.69411767 0.5137255 0.49803922 0.5882353 0.5294118 0.47843137 0.5176471 0.5294118 0.49803922 0.52156866 0.5568628 0.58431375 0.6392157 0.654902 0.49019608 0.4627451 0.30980393 0.34509805 0.5137255 0.5176471 0.37254903 0.5019608 0.59607846 0.5529412 0.5568628 0.5411765 0.48235294 0.4509804 0.3882353
0.57254905 0.56078434 0.6 0.6509804 0.57254905 0.5137255 0.5058824 0.50980395 0.5019608 0.5137255 0.5294118 0.5254902 0.5294118 0.54509807 0.62352943 0.69411767 0.68235296 0.50980395 0.2901961 0.2901961 0.5372549 0.5764706 0.4862745 0.3019608 0.48235294 0.5882353 0.5372549 0.56078434 0.5372549 0.44705883 0.30588236 0.33333334
0.5058824 0.5254902 0.4862745 0.48235294 0.47843137 0.42745098 0.42352942 0.43137255 0.4392157 0.43529412 0.44705883 0.45882353 0.48235294 0.56078434 0.6313726 0.6039216 0.5686275 0.5019608 0.37254903 0.5176471 0.5372549 0.6156863 0.49803922 0.30588236 0.47058824 0.5686275 0.52156866 0.5647059 0.54901963 0.47058824 0.3764706 0.54901963
0.25490198 0.30980393 0.30980393 0.36862746 0.40784314 0.36078432 0.36862746 0.3764706 0.36862746 0.35686275 0.36078432 0.40784314 0.50980395 0.5803922 0.5372549 0.5372549 0.654902 0.69803923 0.5254902 0.5176471 0.5647059 0.627451 0.5058824 0.34509805 0.44705883 0.54509807 0.5019608 0.5372549 0.53333336 0.48235294 0.4117647 0.4
0.16470589 0.20784314 0.32941177 0.4 0.2901961 0.23137255 0.24313726 0.33333334 0.24313726 0.23529412 0.24313726 0.45882353 0.54509807 0.48235294 0.53333336 0.65882355 0.6862745 0.69803923 0.6509804 0.49803922 0.5568628 0.6392157 0.50980395 0.2901961 0.39607844 0.47058824 0.43529412 0.43529412 0.4117647 0.34901962 0.34509805 0.34509805
0.40392157 0.41960785 0.4745098 0.39215687 0.19607843 0.17254902 0.20784314 0.32941177 0.22352941 0.20784314 0.21176471 0.40392157 0.46666667 0.49411765 0.6 0.62352943 0.6117647 0.67058825 0.69411767 0.5176471 0.49803922 0.5568628 0.46666667 0.18431373 0.21176471 0.23137255 0.22745098 0.20784314 0.14117648 0.11764706 0.2784314 0.32156864
0.5294118 0.52156866 0.5254902 0.39215687 0.16470589 0.16470589 0.20392157 0.28235295 0.21568628 0.21568628 0.21176471 0.34117648 0.45882353 0.5294118 0.5411765 0.5647059 0.627451 0.7176471 0.6392157 0.42352942 0.4 0.44705883 0.38431373 0.18039216 0.078431375 0.0627451 0.043137256 0.047058824 0.019607844 0.10980392 0.29803923 0.3372549
0.40784314 0.4117647 0.45490196 0.3764706 0.1764706 0.16862746 0.18431373 0.21960784 0.19607843 0.2 0.2 0.29803923 0.44705883 0.48235294 0.5176471 0.58431375 0.62352943 0.59607846 0.4117647 0.26666668 0.27450982 0.3764706 0.36862746 0.14509805 0.13333334 0.15686275 0.18431373 0.1764706 0.043137256 0.11372549 0.3254902 0.38431373
0.32941177 0.34509805 0.3529412 0.30980393 0.18431373 0.14901961 0.16470589 0.20392157 0.18431373 0.18431373 0.18431373 0.28235295 0.42352942 0.40784314 0.47843137 0.5019608 0.5176471 0.47843137 0.25882354 0.45882353 0.52156866 0.52156866 0.44705883 0.21568628 0.14117648 0.15686275 0.14901961 0.14117648 0.047058824 0.12156863 0.30588236 0.35686275
0.34901962 0.3882353 0.3019608 0.24313726 0.2 0.18039216 0.18431373 0.19607843 0.20392157 0.19607843 0.20784314 0.26666668 0.3647059 0.3647059 0.42745098 0.50980395 0.5411765 0.5058824 0.2 0.4117647 0.56078434 0.6313726 0.54509807 0.32156864 0.2 0.18431373 0.09411765 0.12941177 0.18039216 0.2627451 0.32156864 0.32941177
0.34901962 0.4509804 0.54509807 0.35686275 0.16470589 0.14509805 0.14117648 0.14117648 0.15686275 0.14901961 0.16862746 0.2784314 0.5372549 0.5803922 0.5529412 0.6431373 0.4627451 0.40784314 0.16078432 0.27058825 0.60784316 0.6156863 0.5058824 0.2901961 0.28235295 0.2784314 0.18039216 0.22745098 0.2901961 0.36862746 0.34509805 0.32941177
0.31764707 0.37254903 0.69411767 0.3882353 0.09411765 0.039215688 0.039215688 0.039215688 0.047058824 0.039215688 0.07450981 0.27450982 0.7294118 0.72156864 0.44705883 0.49411765 0.4117647 0.47843137 0.3137255 0.21176471 0.5058824 0.46666667 0.3882353 0.2627451 0.26666668 0.23921569 0.24313726 0.28627452 0.32941177 0.36862746 0.3372549 0.3254902
0.2901961 0.25490198 0.34117648 0.23921569 0.15686275 0.09411765 0.09019608 0.09411765 0.08235294 0.08235294 0.13333334 0.27058825 0.5019608 0.49803922 0.32941177 0.36862746 0.39607844 0.5294118 0.4862745 0.15294118 0.33333334 0.37254903 0.2 0.078431375 0.13725491 0.21176471 0.30588236 0.31764707 0.31764707 0.32156864 0.32941177 0.3254902
0.23921569 0.20784314 0.16862746 0.1764706 0.18039216 0.1764706 0.1882353 0.20392157 0.2 0.20392157 0.23529412 0.26666668 0.2627451 0.28235295 0.30980393 0.3647059 0.3764706 0.4509804 0.4862745 0.16470589 0.37254903 0.23529412 0.043137256 0.03529412 0.16862746 0.29411766 0.3254902 0.32156864 0.3254902 0.33333334 0.32941177 0.32156864
0.20392157 0.20392157 0.2509804 0.17254902 0.13725491 0.14117648 0.18039216 0.21176471 0.21960784 0.19607843 0.16470589 0.20392157 0.23137255 0.30588236 0.43529412 0.3764706 0.35686275 0.32156864 0.35686275 0.12941177 0.24705882 0.12156863 0.12941177 0.21176471 0.2901961 0.32941177 0.33333334 0.3254902 0.33333334 0.3372549 0.3254902 0.3137255
0.18039216 0.23921569 0.4 0.17254902 0.14117648 0.14901961 0.2 0.27058825 0.25490198 0.1882353 0.15686275 0.20392157 0.22745098 0.47058824 0.7490196 0.43529412 0.31764707 0.24313726 0.25882354 0.07450981 0.09803922 0.16862746 0.25882354 0.30588236 0.3254902 0.33333334 0.3372549 0.32941177 0.32941177 0.33333334 0.32156864 0.30980393
0.047058824 0.09411765 0.16470589 0.24705882 0.32941177 0.39215687 0.44313726 0.4862745 0.5019608 0.5019608 0.4862745 0.40392157 0.44705883 0.47058824 0.4627451 0.4392157 0.43137255 0.47058824 0.5372549 0.5647059 0.50980395 0.47058824 0.5137255 0.5647059 0.6431373 0.72156864 0.7764706 0.81960785 0.8509804 0.8627451 0.85490197 0.8509804
0.18431373 0.101960786 0.05490196 0.050980393 0.07058824 0.12156863 0.1882353 0.25882354 0.34117648 0.41960785 0.4509804 0.42745098 0.54509807 0.57254905 0.5529412 0.5254902 0.49411765 0.49803922 0.50980395 0.5254902 0.5647059 0.4627451 0.41960785 0.4392157 0.46666667 0.5176471 0.56078434 0.6117647 0.6745098 0.7411765 0.8 0.8352941
0.6901961 0.6 0.49803922 0.2901961 0.05882353 0.039215688 0.039215688 0.03529412 0.07058824 0.10980392 0.3137255 0.5254902 0.4627451 0.36078432 0.29411766 0.26666668 0.25490198 0.25882354 0.2901961 0.36078432 0.58431375 0.5411765 0.40392157 0.38431373 0.45882353 0.3882353 0.36862746 0.40784314 0.46666667 0.5137255 0.56078434 0.62352943
0.85882354 0.8509804 0.85490197 0.5254902 0.101960786 0.05882353 0.0627451 0.06666667 0.06666667 0.17254902 0.42745098 0.36078432 0.22352941 0.15686275 0.14509805 0.14509805 0.14901961 0.16862746 0.18039216 0.2901961 0.62352943 0.5686275 0.44705883 0.4117647 0.5882353 0.5294118 0.36862746 0.32941177 0.3137255 0.32941177 0.37254903 0.40784314
0.8117647 0.8039216 0.8235294 0.5019608 0.16078432 0.101960786 0.09019608 0.09411765 0.14117648 0.3254902 0.3137255 0.16862746 0.13333334 0.11764706 0.105882354 0.09411765 0.09411765 0.11372549 0.10980392 0.2784314 0.654902 0.59607846 0.4862745 0.47843137 0.61960787 0.6784314 0.5294118 0.4627451 0.43529412 0.3882353 0.34901962 0.33333334
0.79607844 0.7921569 0.8039216 0.5058824 0.21568628 0.16470589 0.14509805 0.14509805 0.21960784 0.26666668 0.15686275 0.11372549 0.101960786 0.08627451 0.08235294 0.08235294 0.08235294 0.09411765 0.09411765 0.30980393 0.68235296 0.6039216 0.49019608 0.4862745 0.6039216 0.7058824 0.6117647 0.47058824 0.47058824 0.49019608 0.4862745 0.4745098
0.79607844 0.7882353 0.80784315 0.6745098 0.3372549 0.21176471 0.1882353 0.19607843 0.2509804 0.20392157 0.13333334 0.101960786 0.105882354 0.09411765 0.08235294 0.08235294 0.08627451 0.09019608 0.101960786 0.38431373 0.69803923 0.6156863 0.48235294 0.47058824 0.5882353 0.6862745 0.627451 0.39607844 0.20784314 0.2509804 0.30588236 0.3647059
0.654902 0.6509804 0.654902 0.6745098 0.53333336 0.27058825 0.20784314 0.22352941 0.22352941 0.15686275 0.14509805 0.16078432 0.15686275 0.14117648 0.08627451 0.08235294 0.08235294 0.09803922 0.2 0.47843137 0.58431375 0.57254905 0.45490196 0.4627451 0.5647059 0.6431373 0.6039216 0.53333336 0.40392157 0.32941177 0.22745098 0.16470589
0.3647059 0.36862746 0.38039216 0.3882353 0.41960785 0.36862746 0.27058825 0.21568628 0.12156863 0.078431375 0.08627451 0.08627451 0.07450981 0.078431375 0.047058824 0.047058824 0.047058824 0.050980393 0.17254902 0.5137255 0.69411767 0.6 0.41568628 0.44705883 0.5411765 0.6156863 0.5764706 0.58431375 0.57254905 0.5176471 0.4745098 0.39607844
0.24313726 0.24705882 0.25882354 0.26666668 0.27450982 0.29803923 0.26666668 0.10980392 0.039215688 0.03529412 0.03137255 0.03137255 0.03529412 0.02745098 0.03137255 0.03529412 0.043137256 0.039215688 0.12941177 0.40784314 0.5921569 0.5137255 0.3529412 0.43137255 0.5294118 0.6039216 0.5647059 0.56078434 0.5254902 0.42745098 0.40392157 0.39215687
0.2509804 0.2627451 0.27450982 0.28627452 0.30588236 0.32156864 0.28627452 0.16078432 0.09803922 0.078431375 0.08235294 0.08627451 0.09019608 0.08235294 0.09019608 0.09411765 0.10980392 0.105882354 0.20392157 0.34117648 0.26666668 0.29803923 0.29411766 0.41568628 0.52156866 0.58431375 0.54901963 0.5529412 0.5411765 0.49411765 0.30588236 0.24313726
0.6627451 0.6745098 0.69411767 0.6901961 0.6509804 0.68235296 0.42352942 0.28627452 0.21176471 0.1764706 0.19215687 0.15686275 0.14901961 0.12941177 0.12156863 0.11372549 0.14117648 0.15686275 0.25882354 0.46666667 0.14901961 0.23529412 0.2901961 0.40784314 0.52156866 0.5764706 0.54509807 0.54901963 0.53333336 0.50980395 0.53333336 0.5294118
0.7294118 0.7372549 0.75686276 0.7411765 0.37254903 0.5921569 0.4392157 0.2901961 0.21960784 0.2 0.20784314 0.16470589 0.15686275 0.12941177 0.12941177 0.14509805 0.16862746 0.16470589 0.2784314 0.43529412 0.11764706 0.18039216 0.2627451 0.39607844 0.5137255 0.57254905 0.54509807 0.54509807 0.5294118 0.5411765 0.7647059 0.8235294
0.6862745 0.69411767 0.7176471 0.6901961 0.23529412 0.5176471 0.40392157 0.2627451 0.19215687 0.19215687 0.20392157 0.15294118 0.1254902 0.1254902 0.19215687 0.20784314 0.18431373 0.14509805 0.24313726 0.26666668 0.07058824 0.2627451 0.2901961 0.36862746 0.5137255 0.58431375 0.5568628 0.57254905 0.5686275 0.5647059 0.7411765 0.78431374
0.7019608 0.7058824 0.7176471 0.6745098 0.20784314 0.48235294 0.34901962 0.2 0.14901961 0.13333334 0.11764706 0.09019608 0.08235294 0.078431375 0.10980392 0.11372549 0.105882354 0.16862746 0.33333334 0.21568628 0.050980393 0.33333334 0.30980393 0.33333334 0.5137255 0.5921569 0.5568628 0.5921569 0.59607846 0.5921569 0.73333335 0.7764706
0.64705884 0.627451 0.68235296 0.6784314 0.23137255 0.37254903 0.40784314 0.1882353 0.09019608 0.101960786 0.06666667 0.047058824 0.05882353 0.07058824 0.08627451 0.14901961 0.15294118 0.16470589 0.42745098 0.2627451 0.02745098 0.25882354 0.27058825 0.32941177 0.49803922 0.57254905 0.5411765 0.5686275 0.5764706 0.56078434 0.6901961 0.73333335
0.46666667 0.41960785 0.5686275 0.6862745 0.4627451 0.34117648 0.38039216 0.2784314 0.18431373 0.18039216 0.19215687 0.16078432 0.16862746 0.17254902 0.16862746 0.25882354 0.30588236 0.13725491 0.20392157 0.14117648 0.11372549 0.21176471 0.2 0.3019608 0.4862745 0.5568628 0.5254902 0.5411765 0.5254902 0.47843137 0.47058824 0.42745098
0.58431375 0.5882353 0.6156863 0.6392157 0.42745098 0.25882354 0.21568628 0.23921569 0.1764706 0.14117648 0.17254902 0.16470589 0.14117648 0.1254902 0.19215687 0.30980393 0.32156864 0.16078432 0.078431375 0.08627451 0.1882353 0.2784314 0.1764706 0.2509804 0.4745098 0.54901963 0.50980395 0.54509807 0.52156866 0.44313726 0.3254902 0.37254903
0.47843137 0.5294118 0.5176471 0.45490196 0.23137255 0.19607843 0.22745098 0.30980393 0.2784314 0.20784314 0.1764706 0.101960786 0.07450981 0.14901961 0.23137255 0.22352941 0.15686275 0.12941177 0.10980392 0.16862746 0.17254902 0.31764707 0.19215687 0.2627451 0.47058824 0.54509807 0.5019608 0.54509807 0.5294118 0.45882353 0.38431373 0.5529412
0.2509804 0.30588236 0.34509805 0.3529412 0.39607844 0.43529412 0.4392157 0.45882353 0.47058824 0.45490196 0.45882353 0.4 0.1764706 0.14901961 0.14901961 0.15686275 0.2509804 0.37254903 0.20392157 0.11764706 0.23529412 0.32156864 0.18431373 0.29803923 0.4392157 0.50980395 0.4745098 0.5176471 0.5137255 0.48235294 0.42745098 0.41568628
0.19215687 0.23137255 0.3529412 0.42745098 0.40392157 0.32156864 0.32156864 0.39607844 0.30588236 0.3254902 0.34901962 0.57254905 0.2901961 0.039215688 0.12941177 0.25882354 0.29803923 0.42745098 0.34509805 0.09019608 0.24705882 0.32156864 0.18431373 0.24705882 0.38039216 0.41960785 0.39607844 0.41960785 0.39607844 0.34901962 0.3647059 0.3647059
0.40784314 0.43529412 0.49411765 0.4117647 0.2509804 0.23921569 0.28235295 0.39215687 0.2901961 0.28235295 0.28627452 0.44705883 0.2 0.08235294 0.18039216 0.2 0.20392157 0.3647059 0.41568628 0.12941177 0.16470589 0.22745098 0.16470589 0.13725491 0.21176471 0.21568628 0.21568628 0.19607843 0.12941177 0.12156863 0.29803923 0.34117648
0.5254902 0.5294118 0.48235294 0.34509805 0.23921569 0.24313726 0.27058825 0.3254902 0.28235295 0.2784314 0.28235295 0.38431373 0.18039216 0.10980392 0.11372549 0.12941177 0.22745098 0.3764706 0.3137255 0.08235294 0.1254902 0.16470589 0.11764706 0.12941177 0.09019608 0.0627451 0.043137256 0.043137256 0.015686275 0.10980392 0.31764707 0.3529412
0.41568628 0.41568628 0.30588236 0.25882354 0.23137255 0.22352941 0.24705882 0.26666668 0.2627451 0.25882354 0.25882354 0.33333334 0.16862746 0.0627451 0.08235294 0.14901961 0.21960784 0.20392157 0.12156863 0.07058824 0.11372549 0.15294118 0.14509805 0.105882354 0.14509805 0.15294118 0.18039216 0.17254902 0.039215688 0.11764706 0.34901962 0.4
0.35686275 0.3647059 0.17254902 0.1882353 0.24313726 0.21568628 0.24313726 0.2627451 0.25882354 0.25490198 0.2627451 0.30588236 0.105882354 0.0627451 0.09411765 0.10980392 0.105882354 0.16078432 0.1254902 0.19607843 0.2627451 0.22745098 0.22745098 0.17254902 0.15294118 0.15294118 0.14509805 0.13725491 0.043137256 0.1254902 0.3254902 0.3764706
0.3882353 0.34117648 0.09411765 0.105882354 0.21960784 0.19607843 0.2 0.20784314 0.20784314 0.21176471 0.22352941 0.19215687 0.05490196 0.05490196 0.07058824 0.11764706 0.14117648 0.20392157 0.14509805 0.19215687 0.31764707 0.37254903 0.29411766 0.19215687 0.21568628 0.19607843 0.105882354 0.14509805 0.19607843 0.2784314 0.34117648 0.34901962
0.38039216 0.2901961 0.34901962 0.1764706 0.05882353 0.08627451 0.08627451 0.078431375 0.08627451 0.08235294 0.078431375 0.039215688 0.26666668 0.36078432 0.21960784 0.2627451 0.06666667 0.1254902 0.15686275 0.1882353 0.4 0.3647059 0.22745098 0.14901961 0.30588236 0.2901961 0.19215687 0.24705882 0.30980393 0.3882353 0.3647059 0.34901962
0.3529412 0.27450982 0.5254902 0.23529412 0.003921569 0.02745098 0.019607844 0.019607844 0.023529412 0.02745098 0.03137255 0.003921569 0.5411765 0.6313726 0.14901961 0.13333334 0.03137255 0.23921569 0.34117648 0.08235294 0.19215687 0.15686275 0.13333334 0.2 0.29411766 0.2509804 0.25882354 0.30588236 0.34901962 0.3882353 0.35686275 0.34509805
0.33333334 0.20784314 0.1254902 0.050980393 0.015686275 0.02745098 0.02745098 0.02745098 0.03529412 0.03529412 0.02745098 0.015686275 0.25490198 0.23137255 0.02745098 0.03137255 0.02745098 0.3254902 0.5019608 0.05490196 0.05490196 0.1254902 0.09411765 0.08627451 0.15686275 0.22352941 0.32156864 0.33333334 0.33333334 0.3372549 0.34509805 0.34509805
0.27450982 0.18039216 0.003921569 0.015686275 0.015686275 0.019607844 0.023529412 0.019607844 0.023529412 0.023529412 0.019607844 0.019607844 0.015686275 0.023529412 0.03137255 0.047058824 0.023529412 0.28235295 0.49411765 0.11372549 0.23137255 0.13333334 0.03137255 0.050980393 0.18039216 0.30588236 0.3372549 0.33333334 0.3372549 0.34509805 0.34117648 0.34117648
0.23921569 0.19215687 0.14117648 0.015686275 0.019607844 0.019607844 0.07058824 0.16862746 0.12941177 0.023529412 0.019607844 0.023529412 0.023529412 0.08235294 0.23137255 0.08627451 0.011764706 0.20784314 0.38431373 0.11764706 0.21176471 0.12941177 0.14117648 0.22352941 0.3019608 0.34117648 0.34509805 0.3372549 0.34509805 0.34901962 0.3372549 0.33333334
0.22352941 0.21960784 0.28627452 0.015686275 0.023529412 0.019607844 0.12156863 0.32156864 0.25490198 0.039215688 0.015686275 0.019607844 0.007843138 0.21568628 0.6156863 0.19607843 0.007843138 0.17254902 0.3019608 0.07450981 0.09411765 0.18431373 0.2627451 0.30980393 0.32941177 0.3372549 0.34509805 0.34117648 0.34117648 0.34509805 0.33333334 0.3254902
0.050980393 0.09803922 0.16862746 0.27058825 0.35686275 0.42745098 0.4862745 0.5294118 0.54509807 0.5411765 0.5176471 0.44705883 0.47843137 0.5019608 0.4862745 0.47058824 0.47843137 0.52156866 0.5882353 0.627451 0.57254905 0.5058824 0.53333336 0.5764706 0.6509804 0.7294118 0.78431374 0.8235294 0.85882354 0.8666667 0.8627451 0.85882354
0.1764706 0.09411765 0.047058824 0.047058824 0.07450981 0.12941177 0.19607843 0.2784314 0.3764706 0.45490196 0.5019608 0.49411765 0.62352943 0.65882355 0.6392157 0.6156863 0.59607846 0.6 0.6117647 0.6313726 0.67058825 0.5058824 0.4509804 0.45490196 0.47058824 0.5294118 0.57254905 0.62352943 0.6862745 0.7529412 0.8117647 0.84705883
0.6666667 0.5764706 0.47058824 0.2784314 0.05490196 0.03137255 0.023529412 0.03529412 0.08235294 0.12156863 0.36078432 0.6313726 0.58431375 0.49019608 0.42352942 0.39215687 0.36862746 0.37254903 0.39607844 0.4509804 0.6666667 0.5647059 0.4392157 0.42352942 0.4627451 0.39607844 0.37254903 0.41960785 0.47843137 0.5254902 0.57254905 0.6431373
0.79607844 0.8039216 0.8117647 0.50980395 0.105882354 0.05882353 0.0627451 0.0627451 0.06666667 0.20392157 0.52156866 0.48235294 0.34117648 0.26666668 0.23921569 0.23529412 0.23529412 0.24705882 0.27058825 0.3647059 0.67058825 0.57254905 0.48235294 0.48235294 0.5764706 0.5137255 0.3882353 0.3529412 0.33333334 0.34117648 0.3882353 0.43137255
0.7607843 0.7647059 0.7921569 0.49803922 0.1764706 0.105882354 0.08627451 0.08627451 0.15686275 0.4117647 0.43137255 0.27058825 0.22745098 0.2 0.18431373 0.1764706 0.16470589 0.18039216 0.19215687 0.34117648 0.6745098 0.6 0.5294118 0.54901963 0.59607846 0.6509804 0.56078434 0.50980395 0.4745098 0.41568628 0.37254903 0.3529412
0.7764706 0.7764706 0.7921569 0.50980395 0.22745098 0.16862746 0.13725491 0.13333334 0.28235295 0.37254903 0.23921569 0.1882353 0.18431373 0.14901961 0.13725491 0.13333334 0.12156863 0.14509805 0.17254902 0.36078432 0.67058825 0.5882353 0.5254902 0.56078434 0.5921569 0.6745098 0.6117647 0.50980395 0.5058824 0.52156866 0.5176471 0.5019608
0.7882353 0.7882353 0.8117647 0.6862745 0.34509805 0.21176471 0.1882353 0.21568628 0.32941177 0.28627452 0.20392157 0.15686275 0.1882353 0.16078432 0.14901961 0.14117648 0.14509805 0.14901961 0.1882353 0.43137255 0.6627451 0.5764706 0.49411765 0.54901963 0.5882353 0.65882355 0.6156863 0.41568628 0.22352941 0.27058825 0.32156864 0.39215687
0.67058825 0.65882355 0.6627451 0.69803923 0.5568628 0.2784314 0.20392157 0.2784314 0.32941177 0.26666668 0.19607843 0.16470589 0.14509805 0.13333334 0.13725491 0.14117648 0.14117648 0.14901961 0.17254902 0.4745098 0.5568628 0.53333336 0.45490196 0.5254902 0.5764706 0.6313726 0.60784316 0.5568628 0.41960785 0.33333334 0.23137255 0.18431373
0.4 0.39607844 0.4 0.41960785 0.4509804 0.39215687 0.2627451 0.24705882 0.21960784 0.15686275 0.09411765 0.09411765 0.078431375 0.06666667 0.07450981 0.07450981 0.06666667 0.08627451 0.17254902 0.50980395 0.6431373 0.5529412 0.40784314 0.49411765 0.5568628 0.61960787 0.5882353 0.6117647 0.59607846 0.5411765 0.5019608 0.43529412
0.27450982 0.2784314 0.28627452 0.29803923 0.3019608 0.3254902 0.2901961 0.14117648 0.07450981 0.05490196 0.03137255 0.039215688 0.0627451 0.047058824 0.047058824 0.047058824 0.0627451 0.06666667 0.16470589 0.39215687 0.54509807 0.4745098 0.34117648 0.48235294 0.5568628 0.6156863 0.5803922 0.5921569 0.5529412 0.4509804 0.4392157 0.43529412
0.25882354 0.27058825 0.28235295 0.29803923 0.31764707 0.3372549 0.30980393 0.2 0.14117648 0.11764706 0.10980392 0.11372549 0.12941177 0.12156863 0.13333334 0.13725491 0.15686275 0.16078432 0.23137255 0.3137255 0.27058825 0.30588236 0.30980393 0.47843137 0.54901963 0.59607846 0.5686275 0.58431375 0.57254905 0.5176471 0.3254902 0.27450982
0.69411767 0.7019608 0.7176471 0.7176471 0.68235296 0.69803923 0.45490196 0.36078432 0.29411766 0.25490198 0.24705882 0.21960784 0.22352941 0.20784314 0.2 0.1882353 0.19607843 0.20784314 0.2627451 0.42745098 0.19215687 0.25882354 0.31764707 0.4745098 0.54901963 0.5882353 0.56078434 0.5803922 0.5647059 0.5372549 0.5294118 0.5137255
0.78039217 0.78431374 0.79607844 0.7921569 0.40392157 0.60784316 0.47058824 0.37254903 0.3019608 0.25882354 0.25882354 0.23921569 0.23137255 0.21176471 0.20784314 0.21960784 0.23137255 0.23137255 0.27450982 0.39607844 0.16078432 0.19215687 0.27058825 0.45490196 0.5372549 0.57254905 0.54901963 0.56078434 0.54901963 0.5568628 0.7490196 0.8039216
0.73333335 0.7372549 0.75686276 0.7372549 0.25882354 0.54901963 0.45490196 0.33333334 0.25490198 0.23921569 0.26666668 0.22745098 0.18039216 0.18039216 0.23529412 0.2509804 0.23529412 0.20784314 0.2509804 0.25882354 0.101960786 0.2627451 0.28627452 0.41568628 0.5294118 0.5803922 0.5529412 0.57254905 0.5686275 0.5686275 0.73333335 0.7764706
0.7411765 0.7411765 0.75686276 0.72156864 0.22745098 0.5137255 0.4117647 0.27058825 0.2 0.18039216 0.1764706 0.13725491 0.12156863 0.12156863 0.14117648 0.15686275 0.14117648 0.1882353 0.3137255 0.21176471 0.0627451 0.32156864 0.30588236 0.37254903 0.52156866 0.5882353 0.5529412 0.5803922 0.58431375 0.5764706 0.7411765 0.77254903
0.6862745 0.6666667 0.7254902 0.7176471 0.25490198 0.41568628 0.49411765 0.2509804 0.14117648 0.16078432 0.11372549 0.07058824 0.09411765 0.10980392 0.12156863 0.20392157 0.21176471 0.18039216 0.3882353 0.2627451 0.039215688 0.26666668 0.28235295 0.36078432 0.5176471 0.5803922 0.5372549 0.5647059 0.5686275 0.54901963 0.7019608 0.7490196
0.52156866 0.4627451 0.6156863 0.7411765 0.5137255 0.42745098 0.5058824 0.3764706 0.26666668 0.28235295 0.29411766 0.23921569 0.24313726 0.25490198 0.24705882 0.31764707 0.29411766 0.12156863 0.2 0.16078432 0.12941177 0.23137255 0.22745098 0.32941177 0.50980395 0.57254905 0.5254902 0.54509807 0.5294118 0.49411765 0.5019608 0.46666667
0.62352943 0.627451 0.6627451 0.69803923 0.5137255 0.3529412 0.3137255 0.35686275 0.25882354 0.23529412 0.2784314 0.24705882 0.22745098 0.21960784 0.25882354 0.32156864 0.28235295 0.15294118 0.09019608 0.11372549 0.23137255 0.29803923 0.19607843 0.27058825 0.49803922 0.5647059 0.50980395 0.54901963 0.5254902 0.45882353 0.3529412 0.40784314
0.4862745 0.54509807 0.5568628 0.49803922 0.34117648 0.3019608 0.3254902 0.42745098 0.38431373 0.31764707 0.27450982 0.16862746 0.12941177 0.21176471 0.25882354 0.21176471 0.14901961 0.13333334 0.11764706 0.2 0.21176471 0.3372549 0.21960784 0.28627452 0.4862745 0.54509807 0.5019608 0.5568628 0.5372549 0.45882353 0.40392157 0.5921569
0.24313726 0.30588236 0.36862746 0.4117647 0.5529412 0.627451 0.6156863 0.6156863 0.6392157 0.6392157 0.63529414 0.5764706 0.24705882 0.20392157 0.17254902 0.14509805 0.23921569 0.36078432 0.21568628 0.14509805 0.26666668 0.34509805 0.22745098 0.32941177 0.44705883 0.5019608 0.4745098 0.53333336 0.5294118 0.48235294 0.4509804 0.45882353
0.18431373 0.23921569 0.3764706 0.5176471 0.5294118 0.44705883 0.41568628 0.44313726 0.36862746 0.4117647 0.4392157 0.72156864 0.3647059 0.08235294 0.15294118 0.2627451 0.32156864 0.44705883 0.36862746 0.12156863 0.27450982 0.34901962 0.22745098 0.2784314 0.39215687 0.41568628 0.39607844 0.41960785 0.39607844 0.34901962 0.38431373 0.39607844
0.41960785 0.45490196 0.5019608 0.44313726 0.31764707 0.3019608 0.34509805 0.44705883 0.34901962 0.34901962 0.35686275 0.5254902 0.23137255 0.101960786 0.22352941 0.2784314 0.28627452 0.40784314 0.42352942 0.15294118 0.19607843 0.2627451 0.20392157 0.16862746 0.21960784 0.20392157 0.20784314 0.19215687 0.1254902 0.12156863 0.31764707 0.36078432
0.5411765 0.5411765 0.49411765 0.36862746 0.3019608 0.3137255 0.3254902 0.3764706 0.33333334 0.3529412 0.3529412 0.43137255 0.21176471 0.14901961 0.1764706 0.22352941 0.28627452 0.3764706 0.32156864 0.1254902 0.15294118 0.2 0.15294118 0.15294118 0.101960786 0.05882353 0.047058824 0.05882353 0.02745098 0.11372549 0.34117648 0.38431373
0.44313726 0.43137255 0.3529412 0.30588236 0.29803923 0.3019608 0.30980393 0.3137255 0.31764707 0.3372549 0.33333334 0.38039216 0.21176471 0.10980392 0.14509805 0.21176471 0.23921569 0.2 0.14901961 0.08627451 0.11764706 0.1764706 0.17254902 0.12941177 0.16470589 0.16862746 0.19607843 0.19215687 0.05490196 0.11764706 0.36862746 0.43529412
0.39607844 0.38039216 0.21960784 0.23921569 0.30588236 0.2901961 0.29803923 0.30980393 0.3137255 0.32941177 0.32941177 0.34509805 0.17254902 0.09411765 0.13333334 0.13333334 0.1254902 0.16862746 0.12941177 0.21176471 0.27058825 0.23529412 0.23529412 0.19215687 0.17254902 0.18039216 0.16862746 0.15686275 0.05882353 0.12941177 0.34509805 0.40784314
0.41960785 0.3529412 0.12156863 0.13725491 0.25490198 0.2509804 0.24313726 0.2509804 0.26666668 0.26666668 0.2784314 0.21960784 0.08235294 0.078431375 0.078431375 0.11764706 0.16470589 0.22745098 0.14509805 0.23137255 0.33333334 0.3764706 0.29803923 0.19215687 0.23137255 0.21960784 0.11764706 0.16862746 0.21568628 0.29803923 0.3647059 0.3764706
0.4 0.23921569 0.30980393 0.16470589 0.078431375 0.11372549 0.101960786 0.101960786 0.11372549 0.10980392 0.11372549 0.0627451 0.22352941 0.34117648 0.07450981 0.09411765 0.08627451 0.14117648 0.15686275 0.19607843 0.4117647 0.38039216 0.23529412 0.16078432 0.36078432 0.33333334 0.21568628 0.27058825 0.33333334 0.4117647 0.3882353 0.37254903
0.38039216 0.2509804 0.47058824 0.22352941 0.0 0.02745098 0.023529412 0.019607844 0.019607844 0.015686275 0.02745098 0.019607844 0.45882353 0.5764706 0.07058824 0.050980393 0.047058824 0.24705882 0.34901962 0.101960786 0.22352941 0.19215687 0.16078432 0.21568628 0.34509805 0.28235295 0.27450982 0.32941177 0.37254903 0.4117647 0.38039216 0.36862746
0.37254903 0.23921569 0.12156863 0.07450981 0.039215688 0.039215688 0.043137256 0.039215688 0.03137255 0.02745098 0.02745098 0.043137256 0.22745098 0.22352941 0.05882353 0.050980393 0.03137255 0.33333334 0.5294118 0.06666667 0.07058824 0.14117648 0.09803922 0.08627451 0.17254902 0.24313726 0.3372549 0.35686275 0.35686275 0.3647059 0.36862746 0.36862746
0.32156864 0.21960784 0.023529412 0.043137256 0.050980393 0.047058824 0.047058824 0.039215688 0.039215688 0.043137256 0.043137256 0.047058824 0.019607844 0.039215688 0.03529412 0.039215688 0.03137255 0.29803923 0.53333336 0.1254902 0.23921569 0.14901961 0.03529412 0.050980393 0.19215687 0.33333334 0.3647059 0.36078432 0.3647059 0.37254903 0.36862746 0.3647059
0.28627452 0.22352941 0.11764706 0.047058824 0.039215688 0.019607844 0.09019608 0.21960784 0.16470589 0.03529412 0.03529412 0.043137256 0.03529412 0.07058824 0.2 0.09411765 0.03529412 0.21960784 0.41960785 0.13725491 0.21960784 0.14117648 0.16078432 0.23921569 0.3254902 0.36862746 0.37254903 0.3647059 0.37254903 0.3764706 0.3647059 0.35686275
0.26666668 0.23921569 0.2509804 0.043137256 0.043137256 0.015686275 0.15294118 0.40392157 0.3019608 0.047058824 0.03529412 0.047058824 0.02745098 0.15686275 0.5254902 0.19215687 0.02745098 0.18039216 0.32156864 0.09803922 0.10980392 0.2 0.2901961 0.34117648 0.36078432 0.36862746 0.37254903 0.36862746 0.36862746 0.37254903 0.36078432 0.3529412
0 7 1
11 31 0
0 26 1
13 0 0
31 5 0
22 31 2
24 0 0
21 0 2
26 0 0
0 0 2
31 21 1
31 31 2
11 0 2
0 8 2
7 0 0
18 0 1
0 4 1
0 19 0
31 15 1
10 31 2
0 16 2
24 31 1
31 28 2
8 0 2
31 25 0
29 0 2
31 28 0
2 31 0
0 5 2
7 31 2
31 13 2
0 27 2
31 24 2
5 0 2
31 27 2
0 10 1
31 11 1
31 31 0
10 0 2
0 2 1
28 31 1
31 8 1
31 1 0
22 0 0
16 31 2
0 17 0
21 31 1
31 30 0
4 31 2
0 21 2
