32, 32, 3, 10
0.7019608 0.69411767 0.6901961 0.69803923 0.7019608 0.69411767 0.68235296 0.6784314 0.67058825 0.6666667 0.6666667 0.6666667 0.6666667 0.6666667 0.6666667 0.6666667 0.6666667 0.6666667 0.6627451 0.65882355 0.65882355 0.65882355 0.65882355 0.65882355 0.65882355 0.654902 0.654902 0.654902 0.65882355 0.65882355 0.64705884 0.63529414
0.6901961 0.68235296 0.6862745 0.6901961 0.6901961 0.6901961 0.6901961 0.6862745 0.6745098 0.6745098 0.6745098 0.6745098 0.6745098 0.6745098 0.6745098 0.6745098 0.6745098 0.6745098 0.67058825 0.6666667 0.6666667 0.6666667 0.6666667 0.6666667 0.6666667 0.6627451 0.6627451 0.6627451 0.6627451 0.6627451 0.65882355 0.65882355
0.6901961 0.68235296 0.68235296 0.6862745 0.6862745 0.6862745 0.6901961 0.68235296 0.6745098 0.6745098 0.6745098 0.6745098 0.6745098 0.6745098 0.6745098 0.6745098 0.6745098 0.6745098 0.67058825 0.67058825 0.6666667 0.6666667 0.6666667 0.6666667 0.6666667 0.6666667 0.6627451 0.6627451 0.6627451 0.65882355 0.67058825 0.6509804
0.69411767 0.6862745 0.6862745 0.6862745 0.6862745 0.6862745 0.6862745 0.68235296 0.6745098 0.6745098 0.6745098 0.6745098 0.6745098 0.6745098 0.6745098 0.6745098 0.6745098 0.6745098 0.6745098 0.6745098 0.67058825 0.6666667 0.6666667 0.6666667 0.6666667 0.6666667 0.6666667 0.6627451 0.6627451 0.65882355 0.68235296 0.5921569
0.69411767 0.6862745 0.6862745 0.6862745 0.6862745 0.6862745 0.6862745 0.68235296 0.6745098 0.6745098 0.6745098 0.6745098 0.6745098 0.6745098 0.6745098 0.6745098 0.6745098 0.6745098 0.6745098 0.6745098 0.67058825 0.6666667 0.6666667 0.6666667 0.6666667 0.6666667 0.6666667 0.6627451 0.6627451 0.65882355 0.6784314 0.4862745
0.6901961 0.68235296 0.68235296 0.68235296 0.68235296 0.68235296 0.68235296 0.6784314 0.67058825 0.6745098 0.6784314 0.6784314 0.6784314 0.6784314 0.6784314 0.6745098 0.6784314 0.6784314 0.6784314 0.6784314 0.6745098 0.67058825 0.67058825 0.67058825 0.67058825 0.6666667 0.6666667 0.6666667 0.6627451 0.6666667 0.627451 0.38039216
0.68235296 0.6745098 0.6745098 0.6745098 0.6745098 0.6745098 0.6745098 0.67058825 0.6666667 0.67058825 0.68235296 0.6862745 0.68235296 0.6862745 0.68235296 0.68235296 0.6862745 0.68235296 0.68235296 0.68235296 0.68235296 0.6784314 0.6784314 0.6784314 0.6784314 0.6745098 0.6745098 0.6745098 0.6666667 0.6666667 0.5058824 0.31764707
0.68235296 0.6745098 0.6745098 0.6745098 0.6745098 0.6745098 0.6745098 0.67058825 0.67058825 0.6745098 0.6862745 0.6901961 0.6862745 0.6862745 0.68235296 0.6784314 0.6862745 0.6862745 0.6901961 0.6901961 0.6901961 0.6901961 0.6901961 0.6901961 0.6862745 0.6784314 0.6784314 0.6745098 0.67058825 0.64705884 0.36862746 0.28235295
0.68235296 0.6745098 0.6745098 0.6745098 0.6745098 0.6745098 0.6745098 0.6745098 0.67058825 0.68235296 0.69411767 0.69803923 0.69411767 0.69411767 0.67058825 0.6431373 0.6901961 0.6901961 0.6901961 0.69411767 0.69411767 0.69803923 0.69803923 0.69803923 0.7019608 0.7058824 0.70980394 0.7019608 0.7254902 0.5568628 0.24313726 0.23921569
0.68235296 0.6745098 0.6745098 0.6745098 0.6745098 0.6745098 0.6745098 0.6745098 0.6784314 0.6901961 0.7019608 0.70980394 0.69803923 0.69411767 0.6784314 0.6627451 0.70980394 0.7254902 0.7372549 0.7411765 0.7529412 0.7529412 0.7529412 0.73333335 0.7607843 0.76862746 0.7764706 0.7490196 0.7294118 0.38431373 0.20392157 0.22745098
0.68235296 0.6745098 0.6745098 0.6745098 0.6745098 0.6745098 0.6745098 0.6745098 0.6862745 0.7019608 0.7411765 0.7921569 0.7921569 0.7647059 0.7294118 0.72156864 0.75686276 0.74509805 0.77254903 0.7607843 0.7647059 0.7490196 0.7254902 0.69411767 0.70980394 0.69411767 0.6901961 0.6784314 0.5529412 0.23921569 0.20784314 0.21568628
0.68235296 0.6745098 0.6745098 0.6745098 0.6745098 0.6745098 0.6745098 0.6862745 0.7137255 0.78039217 0.8784314 0.9607843 0.9490196 0.827451 0.7137255 0.67058825 0.6509804 0.6313726 0.62352943 0.60784316 0.6 0.6039216 0.5803922 0.5803922 0.5921569 0.5372549 0.5294118 0.5803922 0.34901962 0.18039216 0.1764706 0.16470589
0.68235296 0.6745098 0.6745098 0.67058825 0.67058825 0.6784314 0.6862745 0.6784314 0.6901961 0.85882354 0.98039216 0.96862745 0.8 0.6745098 0.5803922 0.5254902 0.4862745 0.47843137 0.47058824 0.45882353 0.45882353 0.49411765 0.47843137 0.45490196 0.4745098 0.45490196 0.49019608 0.4745098 0.2 0.11764706 0.101960786 0.08235294
0.68235296 0.6745098 0.6745098 0.6745098 0.6745098 0.6862745 0.6901961 0.6313726 0.68235296 0.8627451 0.85490197 0.7176471 0.5647059 0.5294118 0.47843137 0.43529412 0.41568628 0.41568628 0.39607844 0.39215687 0.39607844 0.3882353 0.42745098 0.49019608 0.52156866 0.5137255 0.5137255 0.36078432 0.16078432 0.101960786 0.08627451 0.09411765
0.68235296 0.6745098 0.6745098 0.6784314 0.6862745 0.69803923 0.7058824 0.68235296 0.6901961 0.6666667 0.5411765 0.4627451 0.43137255 0.4117647 0.39215687 0.3647059 0.35686275 0.37254903 0.34509805 0.33333334 0.3254902 0.38431373 0.53333336 0.54509807 0.50980395 0.4392157 0.38431373 0.2784314 0.19215687 0.12156863 0.078431375 0.105882354
0.68235296 0.6745098 0.6745098 0.6862745 0.69803923 0.7176471 0.6901961 0.62352943 0.54901963 0.48235294 0.43529412 0.40392157 0.36078432 0.3372549 0.3019608 0.2784314 0.27450982 0.27058825 0.24705882 0.36862746 0.40392157 0.2627451 0.3137255 0.32941177 0.29411766 0.25882354 0.2509804 0.22352941 0.18039216 0.105882354 0.07450981 0.12156863
0.68235296 0.6745098 0.6745098 0.69411767 0.70980394 0.6627451 0.5568628 0.45882353 0.4 0.34901962 0.29803923 0.25490198 0.22352941 0.19215687 0.15294118 0.13725491 0.13725491 0.12941177 0.11764706 0.49019608 0.44705883 0.13333334 0.14117648 0.22352941 0.21568628 0.19215687 0.18431373 0.16862746 0.22745098 0.15294118 0.0627451 0.16078432
0.68235296 0.67058825 0.6784314 0.67058825 0.52156866 0.39607844 0.35686275 0.22745098 0.15686275 0.12941177 0.11764706 0.10980392 0.101960786 0.09411765 0.09019608 0.08627451 0.08627451 0.08235294 0.09019608 0.38039216 0.24705882 0.15686275 0.16078432 0.16078432 0.14509805 0.12941177 0.1254902 0.11764706 0.21960784 0.24313726 0.101960786 0.12941177
0.6784314 0.67058825 0.6862745 0.5686275 0.22745098 0.16470589 0.17254902 0.1254902 0.078431375 0.07450981 0.078431375 0.09803922 0.08627451 0.08235294 0.078431375 0.078431375 0.08627451 0.08235294 0.08235294 0.2627451 0.16470589 0.12156863 0.12156863 0.11764706 0.105882354 0.09019608 0.09019608 0.08627451 0.14509805 0.19215687 0.13333334 0.078431375
0.6745098 0.6666667 0.6862745 0.57254905 0.14509805 0.078431375 0.08627451 0.09803922 0.09411765 0.08235294 0.08235294 0.10980392 0.078431375 0.07058824 0.078431375 0.08235294 0.11764706 0.101960786 0.08627451 0.18431373 0.1254902 0.09803922 0.09803922 0.09411765 0.08627451 0.078431375 0.078431375 0.078431375 0.10980392 0.13725491 0.1254902 0.05882353
0.6745098 0.67058825 0.6745098 0.6901961 0.39607844 0.1254902 0.0627451 0.0627451 0.08235294 0.09019608 0.09019608 0.08627451 0.08235294 0.08627451 0.078431375 0.078431375 0.09411765 0.09411765 0.08235294 0.1254902 0.105882354 0.05490196 0.0627451 0.0627451 0.05882353 0.06666667 0.078431375 0.11372549 0.16470589 0.18431373 0.17254902 0.12941177
0.6745098 0.67058825 0.67058825 0.6862745 0.6627451 0.49411765 0.32941177 0.23921569 0.2 0.16862746 0.14901961 0.13725491 0.14117648 0.1254902 0.08627451 0.10980392 0.14901961 0.1764706 0.19215687 0.21568628 0.25490198 0.23529412 0.24313726 0.24313726 0.2509804 0.23529412 0.24313726 0.21960784 0.20392157 0.23529412 0.25882354 0.26666668
0.6745098 0.6666667 0.6666667 0.6784314 0.6862745 0.6862745 0.654902 0.59607846 0.54509807 0.5058824 0.4745098 0.45490196 0.47058824 0.34117648 0.101960786 0.29803923 0.4862745 0.5019608 0.5254902 0.54901963 0.58431375 0.59607846 0.6039216 0.6 0.60784316 0.5764706 0.6 0.39215687 0.13333334 0.12941177 0.18431373 0.2
0.6745098 0.6666667 0.6666667 0.6745098 0.6784314 0.6784314 0.6745098 0.68235296 0.69411767 0.69803923 0.69411767 0.69411767 0.7137255 0.6156863 0.27058825 0.49411765 0.7137255 0.6901961 0.69411767 0.69803923 0.69411767 0.6901961 0.69411767 0.6901961 0.6784314 0.6901961 0.68235296 0.30980393 0.09019608 0.06666667 0.09019608 0.09019608
0.6745098 0.6666667 0.6666667 0.67058825 0.6745098 0.6784314 0.68235296 0.6784314 0.6745098 0.6745098 0.6784314 0.6862745 0.7019608 0.627451 0.38039216 0.6117647 0.6901961 0.68235296 0.6784314 0.6784314 0.6784314 0.6784314 0.68235296 0.6784314 0.6745098 0.6862745 0.57254905 0.13333334 0.0627451 0.05882353 0.050980393 0.05490196
0.67058825 0.6666667 0.6666667 0.67058825 0.6745098 0.6745098 0.6745098 0.68235296 0.69411767 0.69411767 0.69411767 0.69411767 0.7058824 0.627451 0.37254903 0.6313726 0.7019608 0.69411767 0.6901961 0.6901961 0.6862745 0.68235296 0.6862745 0.68235296 0.68235296 0.69803923 0.5882353 0.14901961 0.07058824 0.07450981 0.07058824 0.06666667
0.67058825 0.6666667 0.6666667 0.67058825 0.6745098 0.6745098 0.6745098 0.68235296 0.69411767 0.69411767 0.69411767 0.69411767 0.69803923 0.54901963 0.43137255 0.6627451 0.69803923 0.69411767 0.6901961 0.6862745 0.6862745 0.6862745 0.6862745 0.6862745 0.68235296 0.69803923 0.61960787 0.18039216 0.05882353 0.07058824 0.0627451 0.05882353
0.67058825 0.6666667 0.6666667 0.67058825 0.6745098 0.6745098 0.6745098 0.68235296 0.69411767 0.69411767 0.69411767 0.69803923 0.6666667 0.3764706 0.29411766 0.62352943 0.7019608 0.6901961 0.6901961 0.6862745 0.6862745 0.6862745 0.6862745 0.6862745 0.68235296 0.68235296 0.67058825 0.3882353 0.18039216 0.16470589 0.15294118 0.16470589
0.67058825 0.6666667 0.6666667 0.67058825 0.6745098 0.6745098 0.6745098 0.6784314 0.6901961 0.6901961 0.69411767 0.69411767 0.6666667 0.34901962 0.20784314 0.6 0.69803923 0.6862745 0.6862745 0.6862745 0.6862745 0.6862745 0.6862745 0.6862745 0.6784314 0.6666667 0.6784314 0.6666667 0.59607846 0.5686275 0.5568628 0.57254905
0.6666667 0.6666667 0.6666667 0.67058825 0.6745098 0.6745098 0.6745098 0.6784314 0.6862745 0.6901961 0.69411767 0.6901961 0.69803923 0.5647059 0.48235294 0.67058825 0.6901961 0.6862745 0.6862745 0.6862745 0.6862745 0.6862745 0.6862745 0.6862745 0.6745098 0.6627451 0.6666667 0.6862745 0.69803923 0.6901961 0.6901961 0.68235296
0.6627451 0.6666667 0.6666667 0.6745098 0.6784314 0.6745098 0.6745098 0.68235296 0.6862745 0.6901961 0.69411767 0.69411767 0.69411767 0.6901961 0.69411767 0.6862745 0.6862745 0.6862745 0.6862745 0.6862745 0.6862745 0.6862745 0.6862745 0.6901961 0.6745098 0.6627451 0.6666667 0.6745098 0.6745098 0.67058825 0.67058825 0.65882355
0.65882355 0.65882355 0.6627451 0.6666667 0.67058825 0.6745098 0.6745098 0.6784314 0.68235296 0.6862745 0.6862745 0.6862745 0.6862745 0.68235296 0.6862745 0.68235296 0.68235296 0.68235296 0.68235296 0.6784314 0.6784314 0.6784314 0.6784314 0.68235296 0.67058825 0.6627451 0.6627451 0.67058825 0.67058825 0.6666667 0.6627451 0.654902
0.7411765 0.73333335 0.7294118 0.73333335 0.7372549 0.7294118 0.7137255 0.7176471 0.72156864 0.72156864 0.72156864 0.72156864 0.72156864 0.72156864 0.72156864 0.72156864 0.7176471 0.7176471 0.7137255 0.70980394 0.70980394 0.70980394 0.70980394 0.70980394 0.70980394 0.70980394 0.70980394 0.70980394 0.70980394 0.7019608 0.6901961 0.68235296
0.7294118 0.72156864 0.7254902 0.7254902 0.7254902 0.7254902 0.7254902 0.7254902 0.7294118 0.7294118 0.7294118 0.7294118 0.7294118 0.7294118 0.7294118 0.7294118 0.7294118 0.7254902 0.72156864 0.7176471 0.7176471 0.7176471 0.7176471 0.7176471 0.72156864 0.7176471 0.7176471 0.7176471 0.7176471 0.7137255 0.69803923 0.69803923
0.7294118 0.7176471 0.72156864 0.72156864 0.72156864 0.72156864 0.7254902 0.7254902 0.7294118 0.7294118 0.7294118 0.7294118 0.7294118 0.7294118 0.7294118 0.7294118 0.7254902 0.7254902 0.72156864 0.72156864 0.72156864 0.7176471 0.7176471 0.7176471 0.7176471 0.72156864 0.7176471 0.7176471 0.7176471 0.7137255 0.70980394 0.68235296
0.7294118 0.72156864 0.72156864 0.72156864 0.72156864 0.72156864 0.72156864 0.7254902 0.7294118 0.7294118 0.7294118 0.7294118 0.7294118 0.7294118 0.7294118 0.7294118 0.7254902 0.7254902 0.7254902 0.7254902 0.72156864 0.7176471 0.7176471 0.7176471 0.72156864 0.72156864 0.72156864 0.7176471 0.7176471 0.7176471 0.72156864 0.6117647
0.73333335 0.72156864 0.72156864 0.72156864 0.72156864 0.72156864 0.72156864 0.7254902 0.7294118 0.7294118 0.7294118 0.7294118 0.7294118 0.7294118 0.7294118 0.7294118 0.7254902 0.7254902 0.7254902 0.7254902 0.72156864 0.7176471 0.7176471 0.7176471 0.72156864 0.72156864 0.72156864 0.7176471 0.7176471 0.72156864 0.7137255 0.49803922
0.73333335 0.7254902 0.7254902 0.7254902 0.7254902 0.7254902 0.7254902 0.7294118 0.73333335 0.73333335 0.7294118 0.7294118 0.7294118 0.7294118 0.7294118 0.7254902 0.7254902 0.7254902 0.7254902 0.7254902 0.72156864 0.7176471 0.7176471 0.7176471 0.7176471 0.7176471 0.7176471 0.7176471 0.7176471 0.7254902 0.6666667 0.39215687
0.7372549 0.7254902 0.7294118 0.7294118 0.7294118 0.7294118 0.7294118 0.73333335 0.7372549 0.73333335 0.7294118 0.7254902 0.7254902 0.7254902 0.72156864 0.72156864 0.7254902 0.72156864 0.72156864 0.72156864 0.72156864 0.72156864 0.72156864 0.72156864 0.7176471 0.7137255 0.7137255 0.7137255 0.7137255 0.7254902 0.54901963 0.33333334
0.7372549 0.7294118 0.7294118 0.7294118 0.7294118 0.7294118 0.7294118 0.7294118 0.73333335 0.7294118 0.72156864 0.7176471 0.72156864 0.7254902 0.72156864 0.7176471 0.7254902 0.7254902 0.7254902 0.7254902 0.7294118 0.7294118 0.7294118 0.7294118 0.7254902 0.72156864 0.72156864 0.7137255 0.7137255 0.69411767 0.40784314 0.29803923
0.7372549 0.7294118 0.7294118 0.7294118 0.7294118 0.7294118 0.7294118 0.7294118 0.7294118 0.7254902 0.72156864 0.72156864 0.7254902 0.7294118 0.7019608 0.6745098 0.72156864 0.72156864 0.7254902 0.7254902 0.7294118 0.73333335 0.73333335 0.73333335 0.7372549 0.74509805 0.74509805 0.7411765 0.7607843 0.5882353 0.27450982 0.2509804
0.7372549 0.7294118 0.7294118 0.7294118 0.7294118 0.7294118 0.7294118 0.7254902 0.7254902 0.7254902 0.7254902 0.7294118 0.72156864 0.7176471 0.7019608 0.6901961 0.73333335 0.7529412 0.7647059 0.76862746 0.78039217 0.78039217 0.7764706 0.7607843 0.7921569 0.8 0.80784315 0.78039217 0.7607843 0.4 0.21960784 0.23529412
0.7372549 0.7294118 0.7294118 0.7294118 0.7294118 0.7294118 0.7294118 0.7254902 0.72156864 0.7294118 0.7647059 0.8117647 0.80784315 0.78039217 0.7490196 0.7372549 0.77254903 0.7607843 0.7882353 0.7764706 0.78431374 0.76862746 0.74509805 0.7137255 0.7294118 0.7137255 0.70980394 0.69803923 0.5647059 0.23529412 0.20784314 0.21960784
0.7372549 0.7294118 0.7294118 0.7294118 0.7294118 0.7294118 0.7294118 0.7294118 0.74509805 0.8039216 0.8901961 0.96862745 0.9647059 0.84313726 0.7294118 0.6862745 0.67058825 0.64705884 0.6431373 0.627451 0.61960787 0.62352943 0.6 0.6 0.60784316 0.54901963 0.5411765 0.5882353 0.3529412 0.16862746 0.17254902 0.16862746
0.7372549 0.7294118 0.7294118 0.7294118 0.7254902 0.7254902 0.7254902 0.69411767 0.6862745 0.8509804 0.96862745 0.9647059 0.8117647 0.6862745 0.5921569 0.5411765 0.5254902 0.5254902 0.5176471 0.5019608 0.49411765 0.52156866 0.5058824 0.4862745 0.49411765 0.4627451 0.49411765 0.46666667 0.19607843 0.11764706 0.105882354 0.09019608
0.7372549 0.7294118 0.7294118 0.7294118 0.7254902 0.72156864 0.7176471 0.654902 0.7019608 0.88235295 0.8745098 0.7372549 0.5764706 0.5411765 0.49019608 0.4509804 0.4509804 0.45490196 0.4392157 0.43137255 0.43137255 0.41960785 0.45882353 0.52156866 0.54901963 0.53333336 0.52156866 0.36078432 0.15686275 0.11372549 0.101960786 0.105882354
0.7372549 0.7294118 0.7294118 0.7294118 0.7254902 0.7254902 0.72156864 0.7058824 0.7294118 0.7058824 0.58431375 0.49803922 0.44313726 0.42352942 0.40392157 0.3764706 0.36862746 0.38431373 0.35686275 0.34509805 0.34901962 0.4117647 0.56078434 0.57254905 0.5372549 0.46666667 0.40784314 0.28627452 0.19607843 0.13333334 0.09019608 0.11764706
0.7372549 0.7294118 0.7294118 0.7254902 0.72156864 0.7294118 0.6901961 0.61960787 0.54509807 0.47843137 0.42745098 0.4 0.37254903 0.34901962 0.3137255 0.28627452 0.27058825 0.2627451 0.23921569 0.36078432 0.41568628 0.28627452 0.34117648 0.3529412 0.31764707 0.28235295 0.26666668 0.23137255 0.18039216 0.11764706 0.08627451 0.13725491
0.7372549 0.7294118 0.7294118 0.7254902 0.7137255 0.654902 0.5411765 0.43137255 0.36078432 0.30980393 0.25882354 0.22745098 0.23137255 0.20392157 0.16470589 0.14901961 0.13725491 0.1254902 0.11372549 0.4862745 0.45882353 0.15294118 0.16078432 0.24313726 0.23921569 0.21960784 0.2 0.17254902 0.22745098 0.16470589 0.07450981 0.17254902
0.7372549 0.7254902 0.73333335 0.6862745 0.50980395 0.3764706 0.32156864 0.2 0.14901961 0.1254902 0.11372549 0.10980392 0.11372549 0.105882354 0.101960786 0.09803922 0.09803922 0.09411765 0.101960786 0.39215687 0.2627451 0.1764706 0.18039216 0.1764706 0.17254902 0.16470589 0.15294118 0.13333334 0.23137255 0.25490198 0.11372549 0.14117648
0.73333335 0.7254902 0.7411765 0.5921569 0.22745098 0.15686275 0.16078432 0.12941177 0.101960786 0.09803922 0.101960786 0.12156863 0.10980392 0.101960786 0.101960786 0.101960786 0.105882354 0.09803922 0.101960786 0.28235295 0.18039216 0.13725491 0.14117648 0.13333334 0.1254902 0.12156863 0.10980392 0.09803922 0.15294118 0.2 0.14117648 0.08235294
0.7294118 0.72156864 0.7411765 0.60784316 0.16470589 0.09803922 0.11372549 0.11764706 0.10980392 0.09803922 0.09803922 0.1254902 0.105882354 0.101960786 0.105882354 0.10980392 0.13725491 0.11764706 0.101960786 0.2 0.14117648 0.10980392 0.10980392 0.105882354 0.101960786 0.09019608 0.08235294 0.07058824 0.101960786 0.14509805 0.12941177 0.0627451
0.7294118 0.7254902 0.7294118 0.7254902 0.42352942 0.15686275 0.09411765 0.09019608 0.101960786 0.105882354 0.10980392 0.105882354 0.10980392 0.11372549 0.105882354 0.10980392 0.11764706 0.11372549 0.105882354 0.14509805 0.1254902 0.07450981 0.08235294 0.078431375 0.078431375 0.08627451 0.09019608 0.10980392 0.16078432 0.19607843 0.18431373 0.13333334
0.7294118 0.7254902 0.7254902 0.7254902 0.69803923 0.53333336 0.37254903 0.27450982 0.22745098 0.19607843 0.1764706 0.16470589 0.16862746 0.15294118 0.11372549 0.13725491 0.1764706 0.20392157 0.21960784 0.24313726 0.28235295 0.25882354 0.26666668 0.26666668 0.27450982 0.25882354 0.25882354 0.22352941 0.20784314 0.25490198 0.2784314 0.28235295
0.7294118 0.72156864 0.72156864 0.72156864 0.7254902 0.7294118 0.69803923 0.63529414 0.5803922 0.5372549 0.50980395 0.4862745 0.49411765 0.3647059 0.12941177 0.3254902 0.52156866 0.5372549 0.56078434 0.58431375 0.61960787 0.627451 0.63529414 0.63529414 0.6431373 0.60784316 0.62352943 0.4 0.14117648 0.15294118 0.20784314 0.22352941
0.7294118 0.72156864 0.72156864 0.7254902 0.7254902 0.7254902 0.7294118 0.7294118 0.7294118 0.73333335 0.7294118 0.7294118 0.7372549 0.6392157 0.29411766 0.52156866 0.7490196 0.73333335 0.7372549 0.7372549 0.73333335 0.7294118 0.73333335 0.7294118 0.72156864 0.7294118 0.70980394 0.3254902 0.105882354 0.09411765 0.12156863 0.11764706
0.7294118 0.72156864 0.72156864 0.7254902 0.7254902 0.73333335 0.7411765 0.7294118 0.7137255 0.7137255 0.7176471 0.72156864 0.7294118 0.654902 0.40392157 0.6392157 0.7294118 0.7254902 0.72156864 0.7254902 0.72156864 0.72156864 0.7254902 0.72156864 0.72156864 0.7294118 0.6039216 0.15686275 0.08235294 0.08627451 0.08235294 0.08627451
0.7254902 0.72156864 0.72156864 0.7254902 0.7294118 0.7294118 0.7294118 0.73333335 0.7294118 0.7294118 0.73333335 0.7294118 0.7372549 0.6666667 0.40784314 0.6666667 0.7372549 0.7294118 0.7294118 0.7254902 0.7254902 0.72156864 0.72156864 0.72156864 0.7176471 0.73333335 0.6117647 0.16862746 0.08627451 0.09411765 0.09019608 0.08627451
0.7254902 0.72156864 0.72156864 0.7254902 0.7294118 0.7294118 0.7294118 0.7294118 0.7294118 0.7294118 0.7294118 0.7294118 0.7372549 0.5921569 0.4745098 0.7019608 0.73333335 0.7294118 0.7254902 0.72156864 0.72156864 0.72156864 0.72156864 0.72156864 0.72156864 0.73333335 0.64705884 0.2 0.07450981 0.08627451 0.078431375 0.07450981
0.7254902 0.72156864 0.72156864 0.7254902 0.7294118 0.7294118 0.7294118 0.7294118 0.7294118 0.7294118 0.7294118 0.73333335 0.7058824 0.41960785 0.3372549 0.6627451 0.7372549 0.7254902 0.7254902 0.72156864 0.72156864 0.72156864 0.72156864 0.72156864 0.72156864 0.7294118 0.7058824 0.4117647 0.2 0.1882353 0.1764706 0.18431373
0.7254902 0.72156864 0.72156864 0.7254902 0.7294118 0.7294118 0.7294118 0.7254902 0.7254902 0.7254902 0.7294118 0.7294118 0.7058824 0.39215687 0.24705882 0.6392157 0.73333335 0.72156864 0.72156864 0.72156864 0.72156864 0.72156864 0.72156864 0.72156864 0.7254902 0.7254902 0.7254902 0.69411767 0.61960787 0.59607846 0.5882353 0.6039216
0.72156864 0.7176471 0.72156864 0.7254902 0.7294118 0.7294118 0.7294118 0.7254902 0.72156864 0.7254902 0.7294118 0.7254902 0.73333335 0.60784316 0.5254902 0.7058824 0.7254902 0.72156864 0.72156864 0.72156864 0.72156864 0.72156864 0.72156864 0.72156864 0.7254902 0.7254902 0.72156864 0.7254902 0.7294118 0.7254902 0.7254902 0.7176471
0.7176471 0.7176471 0.72156864 0.7294118 0.7294118 0.7294118 0.7294118 0.7294118 0.72156864 0.7254902 0.7294118 0.7294118 0.7294118 0.7294118 0.7372549 0.7254902 0.72156864 0.72156864 0.72156864 0.72156864 0.72156864 0.72156864 0.72156864 0.72156864 0.7254902 0.7294118 0.7254902 0.7176471 0.70980394 0.70980394 0.70980394 0.69803923
0.7058824 0.7019608 0.70980394 0.7137255 0.7176471 0.7176471 0.7176471 0.7176471 0.7176471 0.72156864 0.72156864 0.72156864 0.72156864 0.7254902 0.7254902 0.72156864 0.7176471 0.7176471 0.7176471 0.7137255 0.7137255 0.7137255 0.7137255 0.7137255 0.7137255 0.7137255 0.7137255 0.70980394 0.7058824 0.7058824 0.7019608 0.69411767
0.8352941 0.827451 0.8235294 0.8392157 0.84705883 0.84313726 0.827451 0.827451 0.827451 0.827451 0.827451 0.827451 0.827451 0.827451 0.827451 0.827451 0.8392157 0.84313726 0.8392157 0.8352941 0.8352941 0.8352941 0.8352941 0.8352941 0.827451 0.8156863 0.8156863 0.8156863 0.8156863 0.8235294 0.8352941 0.81960785
0.83137256 0.8235294 0.827451 0.8352941 0.8392157 0.8392157 0.8392157 0.8392157 0.8352941 0.8352941 0.8352941 0.8352941 0.8352941 0.8352941 0.8352941 0.8392157 0.8509804 0.85490197 0.84705883 0.84313726 0.84313726 0.84313726 0.84313726 0.84705883 0.8352941 0.827451 0.8235294 0.8235294 0.8235294 0.83137256 0.8392157 0.81960785
0.8392157 0.83137256 0.83137256 0.8352941 0.8352941 0.8392157 0.8392157 0.8352941 0.8352941 0.8352941 0.8352941 0.8352941 0.8352941 0.8352941 0.8352941 0.8352941 0.84705883 0.8509804 0.84705883 0.84705883 0.84705883 0.84313726 0.84313726 0.84313726 0.8352941 0.827451 0.8235294 0.8235294 0.8235294 0.827451 0.8352941 0.78431374
0.8509804 0.8392157 0.8392157 0.8352941 0.8352941 0.8352941 0.8352941 0.8352941 0.8352941 0.8352941 0.8352941 0.8352941 0.8352941 0.8352941 0.8352941 0.8352941 0.84705883 0.8509804 0.8509804 0.8509804 0.84705883 0.84313726 0.84313726 0.84313726 0.8352941 0.827451 0.827451 0.8235294 0.8235294 0.8235294 0.8352941 0.6901961
0.85882354 0.8509804 0.8509804 0.8392157 0.8352941 0.8352941 0.8352941 0.8352941 0.8352941 0.8352941 0.8352941 0.8352941 0.8352941 0.8352941 0.8352941 0.8352941 0.84705883 0.8509804 0.8509804 0.8509804 0.84705883 0.84313726 0.84313726 0.84313726 0.8352941 0.827451 0.827451 0.8235294 0.8235294 0.81960785 0.81960785 0.5647059
0.85490197 0.84313726 0.84313726 0.8392157 0.8352941 0.8352941 0.8352941 0.83137256 0.827451 0.827451 0.83137256 0.8352941 0.8392157 0.8392157 0.8392157 0.8392157 0.84705883 0.84705883 0.84705883 0.84705883 0.8392157 0.8352941 0.8352941 0.8352941 0.83137256 0.83137256 0.83137256 0.83137256 0.83137256 0.827451 0.74509805 0.43137255
0.84705883 0.8352941 0.8352941 0.8352941 0.8352941 0.8352941 0.8352941 0.827451 0.81960785 0.8235294 0.83137256 0.8352941 0.8392157 0.8392157 0.8352941 0.8392157 0.8392157 0.8392157 0.8392157 0.8392157 0.83137256 0.827451 0.827451 0.827451 0.827451 0.83137256 0.83137256 0.83137256 0.83137256 0.8235294 0.5921569 0.3372549
0.84313726 0.8352941 0.8352941 0.8352941 0.8352941 0.8352941 0.8352941 0.8352941 0.8392157 0.8392157 0.8392157 0.8392157 0.83137256 0.83137256 0.827451 0.8235294 0.83137256 0.83137256 0.83137256 0.83137256 0.827451 0.8235294 0.8235294 0.8235294 0.8156863 0.80784315 0.80784315 0.8039216 0.8039216 0.7647059 0.41960785 0.2784314
0.84313726 0.8352941 0.8352941 0.8352941 0.8352941 0.8352941 0.8352941 0.84313726 0.85490197 0.84705883 0.8392157 0.83137256 0.81960785 0.81960785 0.7921569 0.7647059 0.8117647 0.8156863 0.8156863 0.8156863 0.8117647 0.80784315 0.80784315 0.80784315 0.80784315 0.79607844 0.8 0.7921569 0.8156863 0.62352943 0.25882354 0.21176471
0.84313726 0.8352941 0.8352941 0.8352941 0.8352941 0.8352941 0.8352941 0.84313726 0.85490197 0.84313726 0.827451 0.81960785 0.8 0.79607844 0.7764706 0.7647059 0.8117647 0.827451 0.8392157 0.84313726 0.8509804 0.84313726 0.84313726 0.827451 0.84705883 0.8392157 0.84705883 0.81960785 0.79607844 0.42352942 0.2 0.19607843
0.84313726 0.8352941 0.8352941 0.8352941 0.8352941 0.8352941 0.8352941 0.8392157 0.84313726 0.827451 0.83137256 0.8666667 0.87058824 0.84705883 0.8117647 0.8039216 0.8392157 0.827451 0.85490197 0.84313726 0.8392157 0.8156863 0.79607844 0.7647059 0.7764706 0.7607843 0.7607843 0.7490196 0.6156863 0.26666668 0.19607843 0.19607843
0.84313726 0.8352941 0.8352941 0.8392157 0.8392157 0.8392157 0.8352941 0.8352941 0.8392157 0.8745098 0.93333334 0.9843137 0.9882353 0.89411765 0.78431374 0.7372549 0.72156864 0.69803923 0.69411767 0.6784314 0.6666667 0.6627451 0.6431373 0.6392157 0.65882355 0.6156863 0.60784316 0.654902 0.41568628 0.20784314 0.1764706 0.16470589
0.84313726 0.8352941 0.8352941 0.8509804 0.85882354 0.8509804 0.84705883 0.7882353 0.74509805 0.8980392 1.0 0.9843137 0.85882354 0.7490196 0.654902 0.6039216 0.5803922 0.5764706 0.5647059 0.5529412 0.5411765 0.5686275 0.5529412 0.5294118 0.5568628 0.54509807 0.5686275 0.5372549 0.25490198 0.15294118 0.12941177 0.10980392
0.84313726 0.8352941 0.8352941 0.84705883 0.85490197 0.84313726 0.827451 0.73333335 0.7372549 0.9098039 0.8980392 0.77254903 0.6431373 0.60784316 0.5568628 0.5137255 0.50980395 0.5137255 0.49411765 0.49019608 0.4862745 0.4745098 0.5137255 0.5803922 0.6039216 0.5803922 0.5647059 0.39215687 0.18431373 0.14117648 0.12941177 0.13333334
0.84313726 0.8352941 0.8352941 0.8352941 0.827451 0.81960785 0.80784315 0.76862746 0.7647059 0.7372549 0.6156863 0.5411765 0.50980395 0.49019608 0.47058824 0.44313726 0.43529412 0.4509804 0.42352942 0.4117647 0.41568628 0.48235294 0.6313726 0.6431373 0.59607846 0.5058824 0.43529412 0.30588236 0.21176471 0.16078432 0.11764706 0.14509805
0.84313726 0.8352941 0.8352941 0.8235294 0.8117647 0.8117647 0.7647059 0.68235296 0.59607846 0.53333336 0.48235294 0.45882353 0.4392157 0.41568628 0.38039216 0.3529412 0.34509805 0.33333334 0.3137255 0.43137255 0.49803922 0.3764706 0.42745098 0.4392157 0.4117647 0.38039216 0.35686275 0.30980393 0.24705882 0.14509805 0.11372549 0.16470589
0.84313726 0.8352941 0.8352941 0.827451 0.8156863 0.74509805 0.62352943 0.5058824 0.43529412 0.38431373 0.33333334 0.29803923 0.29803923 0.27058825 0.23137255 0.21568628 0.20784314 0.19607843 0.18431373 0.5529412 0.54901963 0.2627451 0.27058825 0.34901962 0.3647059 0.3647059 0.3372549 0.30588236 0.33333334 0.2 0.101960786 0.2
0.84313726 0.83137256 0.8392157 0.8039216 0.6313726 0.4862745 0.42352942 0.2901961 0.22352941 0.19607843 0.18431373 0.18039216 0.18039216 0.17254902 0.16862746 0.16470589 0.16470589 0.16078432 0.16862746 0.45882353 0.36078432 0.29803923 0.29803923 0.29803923 0.29411766 0.28235295 0.25882354 0.23529412 0.3137255 0.28627452 0.14117648 0.16862746
0.84313726 0.83137256 0.84705883 0.7058824 0.34509805 0.2627451 0.25882354 0.20392157 0.15686275 0.15686275 0.16078432 0.18039216 0.16862746 0.16078432 0.16078432 0.16078432 0.16078432 0.15294118 0.15686275 0.3372549 0.26666668 0.24313726 0.24313726 0.23529412 0.21960784 0.2 0.18039216 0.16470589 0.2 0.20784314 0.15294118 0.11372549
0.8352941 0.827451 0.84705883 0.7137255 0.26666668 0.18431373 0.18431373 0.18431373 0.16470589 0.15294118 0.15294118 0.18431373 0.16078432 0.15294118 0.16078432 0.16078432 0.18431373 0.16078432 0.14509805 0.24313726 0.20392157 0.1882353 0.1882353 0.18431373 0.18039216 0.16470589 0.15294118 0.13333334 0.13725491 0.12941177 0.13333334 0.09803922
0.8352941 0.83137256 0.8352941 0.8352941 0.5254902 0.24313726 0.17254902 0.16078432 0.17254902 0.1764706 0.1764706 0.17254902 0.17254902 0.17254902 0.16862746 0.16862746 0.17254902 0.16470589 0.15686275 0.2 0.19215687 0.15294118 0.16078432 0.15686275 0.15686275 0.16470589 0.16078432 0.17254902 0.20392157 0.19215687 0.19607843 0.1764706
0.8352941 0.83137256 0.83137256 0.8392157 0.80784315 0.627451 0.4509804 0.34901962 0.30588236 0.27450982 0.25490198 0.24313726 0.23921569 0.21960784 0.18431373 0.20784314 0.24705882 0.27450982 0.2901961 0.30980393 0.36078432 0.34509805 0.3529412 0.3529412 0.36078432 0.34117648 0.3372549 0.2901961 0.2627451 0.2784314 0.30980393 0.33333334
0.8352941 0.827451 0.827451 0.8352941 0.8392157 0.83137256 0.78431374 0.72156864 0.6745098 0.6313726 0.6039216 0.5764706 0.5764706 0.44705883 0.20784314 0.40392157 0.6 0.6156863 0.6431373 0.6627451 0.7058824 0.72156864 0.7294118 0.7294118 0.73333335 0.69803923 0.7019608 0.4745098 0.20784314 0.20392157 0.2627451 0.28627452
0.8352941 0.827451 0.827451 0.84313726 0.84705883 0.8352941 0.81960785 0.827451 0.8392157 0.84313726 0.8392157 0.8352941 0.827451 0.7294118 0.38431373 0.6117647 0.84313726 0.827451 0.83137256 0.8352941 0.83137256 0.827451 0.83137256 0.827451 0.81960785 0.827451 0.79607844 0.40392157 0.18431373 0.16862746 0.19215687 0.19215687
0.8352941 0.827451 0.827451 0.84313726 0.84705883 0.84313726 0.8392157 0.83137256 0.83137256 0.83137256 0.8352941 0.8352941 0.827451 0.74509805 0.49803922 0.73333335 0.83137256 0.83137256 0.827451 0.827451 0.8235294 0.8235294 0.827451 0.8235294 0.8235294 0.83137256 0.69411767 0.23529412 0.16078432 0.17254902 0.16078432 0.16078432
0.8352941 0.827451 0.827451 0.8352941 0.8392157 0.8352941 0.8352941 0.8392157 0.84705883 0.84705883 0.84705883 0.84313726 0.84705883 0.7490196 0.49019608 0.77254903 0.8509804 0.84313726 0.8392157 0.8392157 0.8352941 0.83137256 0.8352941 0.83137256 0.8352941 0.84705883 0.7019608 0.23529412 0.14117648 0.15686275 0.14901961 0.14509805
0.8352941 0.827451 0.827451 0.83137256 0.8352941 0.8352941 0.8352941 0.8392157 0.84313726 0.84313726 0.84313726 0.84313726 0.84705883 0.6745098 0.5529412 0.8117647 0.84705883 0.84313726 0.8392157 0.8352941 0.8352941 0.8352941 0.8352941 0.8352941 0.8392157 0.84705883 0.7411765 0.26666668 0.1254902 0.14509805 0.14117648 0.13725491
0.8352941 0.827451 0.827451 0.83137256 0.8352941 0.8352941 0.8352941 0.8392157 0.84313726 0.84313726 0.84313726 0.84705883 0.8156863 0.49803922 0.41568628 0.77254903 0.85490197 0.8392157 0.8392157 0.8352941 0.8352941 0.8352941 0.8352941 0.8352941 0.8352941 0.8392157 0.8039216 0.49019608 0.27058825 0.2627451 0.2509804 0.25882354
0.8352941 0.827451 0.827451 0.83137256 0.8352941 0.8352941 0.8352941 0.8352941 0.8392157 0.8392157 0.84313726 0.84313726 0.8156863 0.47058824 0.3254902 0.74509805 0.8509804 0.8352941 0.8352941 0.8352941 0.8352941 0.8352941 0.8352941 0.8352941 0.8352941 0.827451 0.8235294 0.7882353 0.7058824 0.68235296 0.6745098 0.6901961
0.83137256 0.8235294 0.827451 0.83137256 0.8352941 0.8352941 0.8352941 0.8352941 0.8352941 0.8392157 0.84313726 0.8392157 0.84313726 0.6862745 0.6039216 0.8156863 0.8392157 0.8352941 0.8352941 0.8352941 0.8352941 0.8352941 0.8352941 0.8352941 0.83137256 0.8235294 0.8235294 0.827451 0.8352941 0.827451 0.827451 0.8235294
0.827451 0.8235294 0.827451 0.8352941 0.8392157 0.8352941 0.8352941 0.8352941 0.8352941 0.8392157 0.84313726 0.84705883 0.8392157 0.8117647 0.8156863 0.8352941 0.8392157 0.8352941 0.8352941 0.8352941 0.8352941 0.8352941 0.8352941 0.8392157 0.83137256 0.827451 0.827451 0.83137256 0.83137256 0.8235294 0.8235294 0.8117647
0.8156863 0.8117647 0.81960785 0.81960785 0.8235294 0.827451 0.827451 0.827451 0.83137256 0.83137256 0.8352941 0.8352941 0.83137256 0.81960785 0.81960785 0.83137256 0.83137256 0.83137256 0.827451 0.827451 0.827451 0.827451 0.827451 0.827451 0.8235294 0.81960785 0.81960785 0.8235294 0.827451 0.81960785 0.8156863 0.80784315
21 8 0
0 16 2
2 31 1
5 10 0
6 17 2
29 25 1
10 0 1
19 15 2
10 9 1
16 26 1
