32, 32, 3, 10
0.9647059 0.94509804 0.95686275 0.95686275 0.94509804 0.94509804 0.9490196 0.9254902 0.93333334 0.9490196 0.93333334 0.9411765 0.9529412 0.9490196 0.9490196 0.9372549 0.9411765 0.9372549 0.9490196 0.9372549 0.92941177 0.92941177 0.9098039 0.92941177 0.92941177 0.90588236 0.9098039 0.9098039 0.92941177 0.91764706 0.89411765 0.90588236
0.93333334 0.92156863 0.9254902 0.91764706 0.9098039 0.8627451 0.85490197 0.8627451 0.8392157 0.8352941 0.8627451 0.8862745 0.9019608 0.9254902 0.9411765 0.9411765 0.94509804 0.90588236 0.92941177 0.9372549 0.9372549 0.90588236 0.92941177 0.9372549 0.9098039 0.8862745 0.90588236 0.8784314 0.8666667 0.89411765 0.88235295 0.8980392
0.72156864 0.7529412 0.7137255 0.62352943 0.57254905 0.5254902 0.6156863 0.7647059 0.69803923 0.63529414 0.6627451 0.7176471 0.7490196 0.7921569 0.79607844 0.8156863 0.8627451 0.83137256 0.8156863 0.8352941 0.8666667 0.8745098 0.85882354 0.8352941 0.827451 0.8156863 0.84705883 0.8980392 0.9019608 0.88235295 0.85490197 0.8627451
0.627451 0.6901961 0.6745098 0.64705884 0.5921569 0.53333336 0.6039216 0.7176471 0.6901961 0.5882353 0.4627451 0.4862745 0.5411765 0.5176471 0.5764706 0.5921569 0.6431373 0.7411765 0.6509804 0.5411765 0.5568628 0.6313726 0.654902 0.6901961 0.7019608 0.6509804 0.6509804 0.6745098 0.7411765 0.81960785 0.8039216 0.7058824
0.85490197 0.84313726 0.8117647 0.7607843 0.7137255 0.72156864 0.77254903 0.6901961 0.5019608 0.41960785 0.48235294 0.5019608 0.48235294 0.53333336 0.61960787 0.6784314 0.65882355 0.7254902 0.6509804 0.48235294 0.44313726 0.48235294 0.5529412 0.654902 0.65882355 0.6509804 0.6039216 0.4862745 0.44705883 0.50980395 0.5803922 0.5411765
0.827451 0.8039216 0.7176471 0.627451 0.72156864 0.89411765 0.89411765 0.6509804 0.5764706 0.627451 0.6745098 0.62352943 0.54509807 0.6431373 0.70980394 0.8117647 0.7764706 0.7176471 0.7647059 0.6509804 0.5921569 0.627451 0.6 0.5529412 0.47058824 0.52156866 0.5254902 0.49803922 0.45882353 0.39607844 0.4392157 0.42352942
0.70980394 0.7254902 0.78039217 0.8156863 0.85490197 0.8901961 0.7607843 0.6313726 0.6627451 0.60784316 0.61960787 0.60784316 0.5882353 0.6 0.63529414 0.78431374 0.8627451 0.78431374 0.79607844 0.7529412 0.6431373 0.5529412 0.4862745 0.41960785 0.3372549 0.31764707 0.32941177 0.3882353 0.4392157 0.36862746 0.3372549 0.35686275
0.8039216 0.8666667 0.9019608 0.8980392 0.8666667 0.7607843 0.5803922 0.654902 0.76862746 0.67058825 0.5411765 0.3529412 0.38039216 0.5529412 0.7254902 0.7294118 0.74509805 0.85490197 0.8392157 0.69411767 0.59607846 0.50980395 0.46666667 0.3882353 0.34901962 0.34509805 0.34901962 0.3764706 0.4117647 0.45490196 0.49019608 0.49019608
0.84313726 0.87058824 0.8745098 0.85882354 0.8666667 0.7529412 0.6156863 0.75686276 0.81960785 0.75686276 0.5882353 0.45882353 0.4862745 0.6313726 0.73333335 0.8117647 0.7254902 0.73333335 0.8039216 0.7019608 0.52156866 0.54901963 0.49803922 0.44705883 0.39607844 0.3882353 0.42352942 0.44705883 0.44705883 0.4392157 0.49411765 0.5647059
0.69411767 0.65882355 0.6666667 0.6509804 0.69803923 0.73333335 0.7058824 0.80784315 0.8235294 0.7882353 0.7058824 0.7019608 0.7176471 0.70980394 0.67058825 0.73333335 0.7607843 0.6862745 0.68235296 0.5921569 0.4509804 0.45882353 0.5568628 0.57254905 0.45490196 0.38039216 0.37254903 0.38431373 0.4392157 0.44705883 0.40392157 0.4509804
0.69803923 0.69803923 0.7058824 0.6666667 0.6431373 0.6431373 0.68235296 0.8 0.827451 0.80784315 0.81960785 0.8 0.7921569 0.7411765 0.6901961 0.7058824 0.7019608 0.7176471 0.74509805 0.6627451 0.49803922 0.43137255 0.4509804 0.54901963 0.6 0.6 0.46666667 0.30980393 0.31764707 0.34901962 0.3882353 0.41960785
0.8 0.8 0.80784315 0.77254903 0.69803923 0.6 0.627451 0.7254902 0.7372549 0.7921569 0.87058824 0.8627451 0.8745098 0.8862745 0.87058824 0.8352941 0.73333335 0.7254902 0.72156864 0.654902 0.54509807 0.5294118 0.49411765 0.4745098 0.5372549 0.6392157 0.6039216 0.31764707 0.21176471 0.2627451 0.3137255 0.32156864
0.8901961 0.8392157 0.70980394 0.60784316 0.5647059 0.5372549 0.6392157 0.7176471 0.69803923 0.7764706 0.8156863 0.8235294 0.8862745 0.87058824 0.8 0.65882355 0.50980395 0.46666667 0.43137255 0.37254903 0.32941177 0.3019608 0.27058825 0.3254902 0.3882353 0.39607844 0.34117648 0.27058825 0.24705882 0.23529412 0.24705882 0.30980393
0.92156863 0.77254903 0.44313726 0.35686275 0.4862745 0.5411765 0.5764706 0.6392157 0.68235296 0.7764706 0.79607844 0.76862746 0.7764706 0.7647059 0.67058825 0.4862745 0.33333334 0.28627452 0.32156864 0.29411766 0.26666668 0.23137255 0.23137255 0.23529412 0.21960784 0.26666668 0.27450982 0.28235295 0.28627452 0.25882354 0.24313726 0.26666668
0.9098039 0.84313726 0.5372549 0.29411766 0.40392157 0.6392157 0.6313726 0.5568628 0.6627451 0.8 0.8392157 0.81960785 0.8117647 0.84313726 0.6745098 0.39215687 0.30588236 0.2627451 0.25882354 0.23137255 0.21568628 0.23921569 0.24705882 0.22745098 0.23137255 0.27058825 0.27450982 0.2627451 0.25882354 0.27058825 0.28235295 0.25490198
0.91764706 0.9019608 0.84313726 0.44705883 0.24705882 0.43529412 0.627451 0.54901963 0.65882355 0.8117647 0.8509804 0.85490197 0.8862745 0.88235295 0.6117647 0.33333334 0.30588236 0.3019608 0.25882354 0.21960784 0.21568628 0.25490198 0.25490198 0.24705882 0.24313726 0.26666668 0.2627451 0.22352941 0.23921569 0.25882354 0.2784314 0.3019608
0.8392157 0.84313726 0.88235295 0.6745098 0.2509804 0.22352941 0.3882353 0.49803922 0.52156866 0.7647059 0.85490197 0.827451 0.8627451 0.81960785 0.45882353 0.3019608 0.36862746 0.39607844 0.3254902 0.2509804 0.20784314 0.23529412 0.24705882 0.24705882 0.24313726 0.23529412 0.23137255 0.23137255 0.24313726 0.27058825 0.27058825 0.29411766
0.7176471 0.7411765 0.7921569 0.7294118 0.39607844 0.23529412 0.29803923 0.41568628 0.3882353 0.6509804 0.84313726 0.80784315 0.80784315 0.8352941 0.50980395 0.3137255 0.36862746 0.38431373 0.34901962 0.29411766 0.23921569 0.23529412 0.25490198 0.2627451 0.26666668 0.25490198 0.23137255 0.24705882 0.2627451 0.2627451 0.27058825 0.27450982
0.69411767 0.69803923 0.7176471 0.72156864 0.50980395 0.26666668 0.25882354 0.31764707 0.34901962 0.57254905 0.81960785 0.77254903 0.7529412 0.79607844 0.6627451 0.47058824 0.47058824 0.42352942 0.3882353 0.36862746 0.2901961 0.23137255 0.24705882 0.27450982 0.28627452 0.2901961 0.26666668 0.2784314 0.28235295 0.27058825 0.27450982 0.2784314
0.7607843 0.7372549 0.7137255 0.69803923 0.54509807 0.28235295 0.23137255 0.27450982 0.38039216 0.54901963 0.7254902 0.627451 0.6509804 0.7019608 0.7372549 0.58431375 0.5647059 0.50980395 0.4509804 0.40392157 0.3372549 0.25490198 0.24313726 0.26666668 0.2784314 0.2784314 0.27058825 0.2784314 0.28627452 0.2901961 0.28627452 0.28627452
0.75686276 0.7411765 0.7137255 0.6313726 0.49803922 0.28235295 0.21960784 0.26666668 0.42745098 0.57254905 0.7254902 0.64705884 0.6 0.7254902 0.8039216 0.6745098 0.59607846 0.54901963 0.45882353 0.39607844 0.3529412 0.29803923 0.2627451 0.25882354 0.26666668 0.24313726 0.27058825 0.29411766 0.29803923 0.30588236 0.30588236 0.28627452
0.7176471 0.7176471 0.6745098 0.5921569 0.49803922 0.34117648 0.24705882 0.2509804 0.37254903 0.6039216 0.7411765 0.76862746 0.6431373 0.6901961 0.827451 0.81960785 0.6666667 0.5764706 0.4627451 0.3254902 0.28235295 0.2784314 0.2901961 0.30980393 0.27058825 0.25882354 0.2901961 0.30980393 0.3019608 0.2784314 0.24705882 0.27058825
0.69411767 0.70980394 0.6509804 0.58431375 0.5647059 0.44313726 0.2509804 0.21568628 0.28627452 0.5529412 0.74509805 0.74509805 0.7019608 0.78039217 0.80784315 0.8392157 0.7490196 0.65882355 0.5176471 0.40784314 0.36862746 0.3254902 0.32941177 0.34509805 0.28627452 0.28235295 0.29411766 0.3019608 0.2901961 0.28627452 0.27450982 0.28235295
0.6431373 0.6627451 0.6313726 0.5803922 0.57254905 0.53333336 0.3137255 0.22745098 0.2509804 0.4509804 0.7529412 0.7490196 0.7882353 0.87058824 0.8901961 0.8666667 0.80784315 0.7411765 0.63529414 0.5568628 0.48235294 0.41568628 0.39215687 0.36862746 0.3137255 0.27058825 0.2627451 0.24705882 0.24705882 0.2627451 0.2784314 0.28235295
0.42745098 0.5176471 0.6392157 0.59607846 0.5647059 0.5686275 0.3882353 0.23137255 0.23529412 0.29803923 0.60784316 0.7882353 0.85490197 0.8666667 0.89411765 0.90588236 0.81960785 0.78431374 0.69803923 0.62352943 0.54901963 0.48235294 0.4627451 0.42745098 0.4117647 0.34901962 0.27058825 0.23921569 0.24313726 0.23137255 0.24313726 0.25882354
0.2509804 0.3764706 0.6039216 0.6039216 0.5803922 0.58431375 0.4745098 0.24313726 0.22352941 0.23137255 0.54901963 0.8392157 0.8509804 0.85882354 0.87058824 0.8980392 0.8156863 0.78039217 0.7019608 0.6117647 0.53333336 0.47843137 0.4862745 0.4627451 0.43529412 0.41568628 0.3529412 0.26666668 0.22745098 0.21568628 0.22352941 0.21176471
0.3254902 0.5137255 0.59607846 0.63529414 0.6117647 0.6039216 0.5568628 0.3019608 0.23529412 0.23529412 0.5058824 0.7764706 0.83137256 0.8901961 0.8784314 0.87058824 0.8156863 0.7607843 0.7176471 0.65882355 0.5372549 0.49019608 0.46666667 0.45882353 0.42745098 0.42352942 0.4117647 0.32941177 0.26666668 0.28235295 0.30588236 0.18431373
0.40392157 0.54509807 0.7294118 0.72156864 0.69411767 0.6862745 0.6784314 0.42352942 0.24313726 0.2509804 0.34901962 0.6745098 0.84705883 0.8392157 0.8392157 0.8666667 0.83137256 0.7294118 0.6901961 0.627451 0.5686275 0.5137255 0.4745098 0.44705883 0.41568628 0.4117647 0.39215687 0.36078432 0.34901962 0.27450982 0.24705882 0.13725491
0.39215687 0.4117647 0.7372549 0.74509805 0.7019608 0.6627451 0.6392157 0.4745098 0.21568628 0.1882353 0.24705882 0.6156863 0.827451 0.78431374 0.827451 0.84705883 0.81960785 0.6392157 0.61960787 0.5686275 0.54901963 0.52156866 0.50980395 0.45490196 0.42745098 0.40784314 0.40392157 0.38039216 0.32941177 0.29411766 0.24313726 0.14901961
0.23529412 0.28627452 0.45490196 0.3764706 0.35686275 0.5176471 0.6313726 0.50980395 0.24705882 0.27058825 0.37254903 0.5058824 0.7372549 0.8156863 0.8235294 0.83137256 0.79607844 0.62352943 0.5921569 0.54901963 0.5411765 0.52156866 0.49019608 0.49019608 0.4745098 0.43529412 0.40784314 0.4 0.3529412 0.32941177 0.30980393 0.19215687
0.22352941 0.22745098 0.21176471 0.16470589 0.16470589 0.3647059 0.52156866 0.41568628 0.32156864 0.35686275 0.4392157 0.42745098 0.62352943 0.7921569 0.78431374 0.7882353 0.7372549 0.63529414 0.5686275 0.54901963 0.53333336 0.49803922 0.5294118 0.54509807 0.5019608 0.46666667 0.44313726 0.4 0.3647059 0.34117648 0.3882353 0.33333334
0.22352941 0.20784314 0.22352941 0.22745098 0.24313726 0.28627452 0.29803923 0.28627452 0.27450982 0.21568628 0.2784314 0.39215687 0.45490196 0.6901961 0.78431374 0.7921569 0.78039217 0.6862745 0.59607846 0.5529412 0.5058824 0.50980395 0.5411765 0.53333336 0.5019608 0.48235294 0.4627451 0.41960785 0.35686275 0.32156864 0.3019608 0.34509805
0.92156863 0.8980392 0.9098039 0.91764706 0.9098039 0.9137255 0.92156863 0.8980392 0.90588236 0.92156863 0.90588236 0.9098039 0.9137255 0.90588236 0.9098039 0.8980392 0.9137255 0.91764706 0.92941177 0.9137255 0.9019608 0.8980392 0.8784314 0.8980392 0.8980392 0.8745098 0.8784314 0.8784314 0.9019608 0.8901961 0.8666667 0.8666667
0.9019608 0.89411765 0.89411765 0.88235295 0.8862745 0.85882354 0.84313726 0.8352941 0.8156863 0.83137256 0.85882354 0.8666667 0.8627451 0.8862745 0.8980392 0.8980392 0.9019608 0.85882354 0.88235295 0.8901961 0.8901961 0.8666667 0.8862745 0.89411765 0.87058824 0.85882354 0.88235295 0.8509804 0.8392157 0.87058824 0.85882354 0.85882354
0.7176471 0.7529412 0.7058824 0.62352943 0.6 0.5647059 0.627451 0.7411765 0.6901961 0.65882355 0.6784314 0.7058824 0.73333335 0.78039217 0.78431374 0.8039216 0.83137256 0.7882353 0.7764706 0.79607844 0.83137256 0.84313726 0.827451 0.8039216 0.8039216 0.7921569 0.8235294 0.8745098 0.8784314 0.85490197 0.827451 0.84313726
0.627451 0.69411767 0.67058825 0.654902 0.6313726 0.5803922 0.6156863 0.7019608 0.7019608 0.6156863 0.48235294 0.48235294 0.5372549 0.5176471 0.57254905 0.58431375 0.6313726 0.73333335 0.6627451 0.5686275 0.5803922 0.6392157 0.65882355 0.6862745 0.6901961 0.6431373 0.64705884 0.6784314 0.7490196 0.8156863 0.7921569 0.7058824
0.83137256 0.83137256 0.8 0.75686276 0.7137255 0.7176471 0.7607843 0.69411767 0.5372549 0.44313726 0.49803922 0.5137255 0.49411765 0.5372549 0.6117647 0.6627451 0.64705884 0.7294118 0.67058825 0.5254902 0.49411765 0.5254902 0.5882353 0.6784314 0.6784314 0.6666667 0.6313726 0.5294118 0.49803922 0.54901963 0.6117647 0.5764706
0.8039216 0.7921569 0.7176471 0.6392157 0.7019608 0.8392157 0.87058824 0.6784314 0.6156863 0.65882355 0.69803923 0.6431373 0.5803922 0.67058825 0.7137255 0.79607844 0.7607843 0.70980394 0.75686276 0.654902 0.6117647 0.654902 0.6313726 0.6 0.52156866 0.56078434 0.5686275 0.54509807 0.50980395 0.4627451 0.5137255 0.49803922
0.69803923 0.7137255 0.77254903 0.80784315 0.83137256 0.8509804 0.75686276 0.6627451 0.6901961 0.6313726 0.63529414 0.61960787 0.6117647 0.6156863 0.6313726 0.7647059 0.84313726 0.76862746 0.78431374 0.7490196 0.6509804 0.57254905 0.5254902 0.47843137 0.40784314 0.38431373 0.38431373 0.43529412 0.47843137 0.42352942 0.40392157 0.42352942
0.8039216 0.8509804 0.8745098 0.8666667 0.8509804 0.7764706 0.60784316 0.6784314 0.7764706 0.6745098 0.5372549 0.34509805 0.36862746 0.5372549 0.7019608 0.7058824 0.7137255 0.827451 0.8235294 0.69803923 0.61960787 0.54901963 0.5137255 0.4509804 0.41960785 0.42352942 0.41568628 0.42745098 0.44705883 0.4862745 0.52156866 0.52156866
0.8392157 0.8627451 0.85882354 0.8392157 0.85882354 0.7647059 0.6313726 0.75686276 0.80784315 0.74509805 0.58431375 0.45490196 0.46666667 0.60784316 0.7019608 0.7764706 0.69803923 0.69803923 0.77254903 0.70980394 0.5647059 0.59607846 0.54509807 0.49019608 0.43529412 0.43529412 0.46666667 0.48235294 0.4745098 0.46666667 0.5176471 0.5803922
0.69803923 0.6666667 0.6745098 0.654902 0.7058824 0.74509805 0.7058824 0.79607844 0.80784315 0.7764706 0.69411767 0.6901961 0.69803923 0.68235296 0.6392157 0.69411767 0.7372549 0.6627451 0.6627451 0.6117647 0.4862745 0.4745098 0.5882353 0.6117647 0.5019608 0.43137255 0.42352942 0.42745098 0.47843137 0.4862745 0.44313726 0.4745098
0.7019608 0.7019608 0.70980394 0.6784314 0.6666667 0.6627451 0.6862745 0.78431374 0.8156863 0.7921569 0.79607844 0.77254903 0.75686276 0.70980394 0.6627451 0.6784314 0.6666667 0.67058825 0.7058824 0.6431373 0.49803922 0.43137255 0.46666667 0.58431375 0.6509804 0.6509804 0.5176471 0.37254903 0.38431373 0.40784314 0.4392157 0.46666667
0.78431374 0.78431374 0.7882353 0.76862746 0.70980394 0.627451 0.64705884 0.7294118 0.73333335 0.7764706 0.8392157 0.81960785 0.83137256 0.84705883 0.84313726 0.8156863 0.7019608 0.69411767 0.7058824 0.6431373 0.5529412 0.5568628 0.5137255 0.49019608 0.5529412 0.6431373 0.627451 0.38039216 0.30980393 0.34901962 0.38039216 0.39607844
0.85490197 0.8117647 0.7176471 0.627451 0.5921569 0.5803922 0.67058825 0.7294118 0.69411767 0.75686276 0.78039217 0.78431374 0.85490197 0.8352941 0.7764706 0.65882355 0.53333336 0.5019608 0.47843137 0.42352942 0.3882353 0.3764706 0.33333334 0.37254903 0.42352942 0.41960785 0.3764706 0.3372549 0.33333334 0.3137255 0.31764707 0.38039216
0.8784314 0.74509805 0.49019608 0.43137255 0.5372549 0.57254905 0.5882353 0.64705884 0.6862745 0.7529412 0.7607843 0.7411765 0.7490196 0.7372549 0.65882355 0.5137255 0.39607844 0.3647059 0.39607844 0.36862746 0.34901962 0.32941177 0.32156864 0.31764707 0.29411766 0.32941177 0.3372549 0.34901962 0.3529412 0.3254902 0.3137255 0.3254902
0.8627451 0.81960785 0.5764706 0.38431373 0.47058824 0.64705884 0.627451 0.5647059 0.6666667 0.7764706 0.8039216 0.7882353 0.7764706 0.81960785 0.68235296 0.42745098 0.38039216 0.3529412 0.34117648 0.30980393 0.2901961 0.31764707 0.3254902 0.30588236 0.30588236 0.3372549 0.3372549 0.32941177 0.3254902 0.34117648 0.34901962 0.3137255
0.87058824 0.8627451 0.8392157 0.5058824 0.33333334 0.48235294 0.6431373 0.5529412 0.6627451 0.7882353 0.8156863 0.8235294 0.84313726 0.8666667 0.6392157 0.38039216 0.3647059 0.36862746 0.33333334 0.29803923 0.29411766 0.3254902 0.3254902 0.32156864 0.32156864 0.34117648 0.33333334 0.29803923 0.30980393 0.3254902 0.3372549 0.35686275
0.7882353 0.78431374 0.827451 0.6901961 0.34117648 0.3254902 0.4392157 0.5058824 0.5254902 0.74509805 0.8235294 0.79607844 0.8156863 0.8039216 0.49411765 0.36078432 0.4117647 0.43137255 0.38431373 0.32941177 0.28235295 0.29411766 0.3137255 0.32156864 0.31764707 0.31764707 0.30980393 0.30588236 0.31764707 0.3372549 0.33333334 0.34901962
0.68235296 0.69411767 0.7372549 0.7137255 0.4509804 0.33333334 0.36078432 0.4392157 0.41960785 0.6509804 0.8235294 0.7882353 0.7764706 0.81960785 0.5254902 0.36078432 0.41568628 0.43137255 0.40784314 0.3647059 0.3137255 0.30588236 0.32941177 0.33333334 0.3372549 0.32941177 0.3019608 0.31764707 0.33333334 0.32941177 0.3372549 0.34117648
0.654902 0.654902 0.67058825 0.6862745 0.53333336 0.3529412 0.34509805 0.37254903 0.38039216 0.5764706 0.80784315 0.7607843 0.7411765 0.7882353 0.6666667 0.4862745 0.49019608 0.44705883 0.42352942 0.4117647 0.34509805 0.29803923 0.31764707 0.3372549 0.34901962 0.35686275 0.3372549 0.34509805 0.34901962 0.3372549 0.34117648 0.34901962
0.72156864 0.69803923 0.6745098 0.65882355 0.54901963 0.3529412 0.32941177 0.34901962 0.40784314 0.54509807 0.7137255 0.62352943 0.64705884 0.69411767 0.7254902 0.57254905 0.56078434 0.5137255 0.4627451 0.42352942 0.37254903 0.3137255 0.3019608 0.32156864 0.33333334 0.34901962 0.34117648 0.34509805 0.3529412 0.35686275 0.3529412 0.3529412
0.70980394 0.7058824 0.68235296 0.6039216 0.5058824 0.34901962 0.3137255 0.3372549 0.44705883 0.5647059 0.7176471 0.64705884 0.5882353 0.7058824 0.78039217 0.64705884 0.5882353 0.5529412 0.46666667 0.4117647 0.38431373 0.3529412 0.3137255 0.30980393 0.32156864 0.30980393 0.34117648 0.36078432 0.3647059 0.37254903 0.37254903 0.35686275
0.6666667 0.6784314 0.64705884 0.57254905 0.5019608 0.39215687 0.32941177 0.32941177 0.4 0.59607846 0.72156864 0.7607843 0.62352943 0.654902 0.79607844 0.7882353 0.6392157 0.56078434 0.46666667 0.3529412 0.32941177 0.3372549 0.34117648 0.3647059 0.3372549 0.32941177 0.36078432 0.3764706 0.36862746 0.34509805 0.3137255 0.33333334
0.64705884 0.6666667 0.627451 0.5647059 0.56078434 0.47843137 0.3254902 0.3019608 0.33333334 0.5529412 0.72156864 0.7254902 0.6784314 0.7411765 0.7647059 0.8 0.69411767 0.6117647 0.49803922 0.41568628 0.4 0.36862746 0.36078432 0.38039216 0.34117648 0.34509805 0.36078432 0.3647059 0.3529412 0.34901962 0.34117648 0.34117648
0.6156863 0.63529414 0.6039216 0.56078434 0.56078434 0.54901963 0.36862746 0.30980393 0.30980393 0.47058824 0.74509805 0.73333335 0.7647059 0.8352941 0.84705883 0.827451 0.7411765 0.67058825 0.5882353 0.5294118 0.47843137 0.42352942 0.3882353 0.37254903 0.34117648 0.3137255 0.3137255 0.3019608 0.30588236 0.3254902 0.3372549 0.32941177
0.45490196 0.52156866 0.60784316 0.57254905 0.5529412 0.5647059 0.42745098 0.30980393 0.30588236 0.34117648 0.6117647 0.7647059 0.83137256 0.8352941 0.8509804 0.8627451 0.7529412 0.70980394 0.6392157 0.5803922 0.5254902 0.47843137 0.44313726 0.41568628 0.42352942 0.37254903 0.30588236 0.28235295 0.29803923 0.29411766 0.29803923 0.29411766
0.3254902 0.40784314 0.5803922 0.5803922 0.5647059 0.5686275 0.49803922 0.3137255 0.29803923 0.28627452 0.5647059 0.81960785 0.8235294 0.8235294 0.83137256 0.85490197 0.7529412 0.70980394 0.64705884 0.5686275 0.50980395 0.46666667 0.46666667 0.4509804 0.43529412 0.42352942 0.37254903 0.3019608 0.28235295 0.27450982 0.27058825 0.23921569
0.38039216 0.5294118 0.5764706 0.6117647 0.5921569 0.5764706 0.54901963 0.3529412 0.29803923 0.28627452 0.5254902 0.7607843 0.79607844 0.8509804 0.8392157 0.83137256 0.7529412 0.6901961 0.6627451 0.6156863 0.50980395 0.4745098 0.4509804 0.4509804 0.42352942 0.41960785 0.41960785 0.36078432 0.3137255 0.3372549 0.3529412 0.20784314
0.42745098 0.53333336 0.6784314 0.6745098 0.65882355 0.6392157 0.6431373 0.44705883 0.30588236 0.30588236 0.38039216 0.67058825 0.8117647 0.8 0.8 0.827451 0.78039217 0.6666667 0.6431373 0.5882353 0.5372549 0.4862745 0.4509804 0.42745098 0.40392157 0.4 0.39607844 0.38039216 0.38431373 0.33333334 0.30588236 0.18039216
0.41960785 0.4117647 0.68235296 0.7019608 0.6745098 0.6117647 0.5882353 0.4862745 0.28627452 0.25882354 0.29411766 0.63529414 0.8 0.74509805 0.7882353 0.80784315 0.77254903 0.5921569 0.5764706 0.5294118 0.50980395 0.4862745 0.47843137 0.43137255 0.40392157 0.39607844 0.4 0.3882353 0.34509805 0.3372549 0.30588236 0.20784314
0.3137255 0.34117648 0.4509804 0.36862746 0.34901962 0.4745098 0.5764706 0.5176471 0.3137255 0.34117648 0.43137255 0.5372549 0.7137255 0.7764706 0.78431374 0.7921569 0.75686276 0.58431375 0.5529412 0.50980395 0.49803922 0.48235294 0.45490196 0.4627451 0.4509804 0.42352942 0.4 0.4 0.3529412 0.36078432 0.35686275 0.2509804
0.32156864 0.3137255 0.26666668 0.20392157 0.19215687 0.38039216 0.54509807 0.4745098 0.41568628 0.4392157 0.5058824 0.47058824 0.60784316 0.7529412 0.7372549 0.7372549 0.7058824 0.6039216 0.5254902 0.5058824 0.49803922 0.4627451 0.49411765 0.5137255 0.47058824 0.44705883 0.43137255 0.4 0.36862746 0.36862746 0.42745098 0.38431373
0.31764707 0.29411766 0.3019608 0.3019608 0.30980393 0.3529412 0.38431373 0.39607844 0.3882353 0.3137255 0.3529412 0.44313726 0.46666667 0.6627451 0.7294118 0.7254902 0.7411765 0.6509804 0.5529412 0.5137255 0.47843137 0.4745098 0.5019608 0.49411765 0.46666667 0.45490196 0.44705883 0.41960785 0.3647059 0.34901962 0.34117648 0.39607844
0.84705883 0.8352941 0.8352941 0.827451 0.827451 0.84313726 0.8392157 0.8039216 0.8156863 0.8352941 0.81960785 0.83137256 0.84705883 0.8392157 0.8352941 0.81960785 0.827451 0.83137256 0.8509804 0.84313726 0.8235294 0.79607844 0.78431374 0.8117647 0.8117647 0.7764706 0.78039217 0.78039217 0.8039216 0.80784315 0.7921569 0.7921569
0.827451 0.81960785 0.81960785 0.81960785 0.83137256 0.8 0.76862746 0.7607843 0.7529412 0.75686276 0.7764706 0.78431374 0.78431374 0.80784315 0.81960785 0.8235294 0.827451 0.78431374 0.8117647 0.81960785 0.81960785 0.78431374 0.80784315 0.8156863 0.7882353 0.7607843 0.78039217 0.7529412 0.7411765 0.78431374 0.7764706 0.78039217
0.6509804 0.68235296 0.6509804 0.5764706 0.54901963 0.5137255 0.56078434 0.6666667 0.6117647 0.5764706 0.6039216 0.64705884 0.68235296 0.73333335 0.74509805 0.76862746 0.80784315 0.7647059 0.73333335 0.7294118 0.75686276 0.77254903 0.7529412 0.72156864 0.7137255 0.7058824 0.7411765 0.7921569 0.79607844 0.76862746 0.7411765 0.7529412
0.5686275 0.627451 0.6156863 0.6039216 0.5647059 0.5019608 0.5411765 0.6313726 0.6392157 0.5764706 0.46666667 0.48235294 0.54901963 0.5372549 0.6039216 0.61960787 0.6784314 0.7647059 0.654902 0.54509807 0.54509807 0.59607846 0.59607846 0.6039216 0.6 0.5647059 0.5803922 0.61960787 0.7019608 0.7490196 0.70980394 0.6117647
0.7647059 0.7607843 0.7294118 0.68235296 0.627451 0.6313726 0.6901961 0.64705884 0.5254902 0.47058824 0.5411765 0.5568628 0.53333336 0.5764706 0.65882355 0.7176471 0.69803923 0.76862746 0.69411767 0.52156866 0.4627451 0.4745098 0.52156866 0.59607846 0.58431375 0.5803922 0.5529412 0.4627451 0.44313726 0.5019608 0.5568628 0.50980395
0.7254902 0.70980394 0.6313726 0.54901963 0.62352943 0.78431374 0.8352941 0.67058825 0.6431373 0.7019608 0.7372549 0.6784314 0.60784316 0.69411767 0.7411765 0.827451 0.7882353 0.75686276 0.80784315 0.6431373 0.5372549 0.5803922 0.5647059 0.53333336 0.46666667 0.50980395 0.5137255 0.4862745 0.44705883 0.42745098 0.49019608 0.47843137
0.6039216 0.61960787 0.6745098 0.7137255 0.7490196 0.8039216 0.7529412 0.6901961 0.73333335 0.6627451 0.6627451 0.654902 0.6392157 0.63529414 0.6509804 0.78039217 0.8509804 0.8 0.83137256 0.7647059 0.6156863 0.5254902 0.49803922 0.4745098 0.41568628 0.38431373 0.38431373 0.43137255 0.4745098 0.41960785 0.39607844 0.41568628
0.69803923 0.7529412 0.78039217 0.77254903 0.76862746 0.7294118 0.62352943 0.7254902 0.8039216 0.6901961 0.56078434 0.3882353 0.40392157 0.56078434 0.7137255 0.7058824 0.7176471 0.8392157 0.84705883 0.7490196 0.6509804 0.50980395 0.47843137 0.42745098 0.40784314 0.40392157 0.39607844 0.41960785 0.44705883 0.4862745 0.5058824 0.49019608
0.7490196 0.7764706 0.7764706 0.7490196 0.7921569 0.7647059 0.67058825 0.8 0.84313726 0.7764706 0.60784316 0.48235294 0.49411765 0.6313726 0.70980394 0.76862746 0.7019608 0.7176471 0.8 0.7607843 0.62352943 0.63529414 0.54509807 0.4627451 0.40784314 0.41960785 0.45490196 0.47058824 0.47058824 0.45490196 0.49803922 0.5529412
0.6117647 0.5803922 0.5882353 0.56078434 0.6431373 0.7490196 0.7490196 0.84313726 0.84705883 0.8117647 0.7176471 0.7137255 0.72156864 0.7019608 0.64705884 0.69411767 0.7411765 0.6784314 0.68235296 0.6431373 0.5372549 0.5372549 0.627451 0.6431373 0.53333336 0.45882353 0.44313726 0.4392157 0.4862745 0.47843137 0.42745098 0.47058824
0.6156863 0.6156863 0.62352943 0.5882353 0.59607846 0.6509804 0.72156864 0.8352941 0.84705883 0.81960785 0.8235294 0.7921569 0.7764706 0.72156864 0.67058825 0.68235296 0.68235296 0.69411767 0.7294118 0.6784314 0.5372549 0.4745098 0.52156866 0.6509804 0.7137255 0.69411767 0.54901963 0.39215687 0.39215687 0.40392157 0.43529412 0.47058824
0.7058824 0.7019608 0.70980394 0.6862745 0.64705884 0.6039216 0.6784314 0.7764706 0.75686276 0.8 0.85882354 0.8392157 0.84705883 0.85882354 0.8509804 0.8235294 0.72156864 0.70980394 0.70980394 0.6627451 0.5764706 0.57254905 0.5529412 0.5372549 0.5803922 0.64705884 0.627451 0.38039216 0.3019608 0.34509805 0.38039216 0.3882353
0.78431374 0.74509805 0.65882355 0.56078434 0.53333336 0.56078434 0.7019608 0.78039217 0.72156864 0.78431374 0.80784315 0.8039216 0.8666667 0.8509804 0.79607844 0.6784314 0.54901963 0.5137255 0.49019608 0.44705883 0.41568628 0.3882353 0.35686275 0.39215687 0.43137255 0.41960785 0.38039216 0.34117648 0.34509805 0.32156864 0.32156864 0.37254903
0.8156863 0.7019608 0.45490196 0.4 0.5019608 0.5411765 0.6 0.6862745 0.7137255 0.78431374 0.7921569 0.7647059 0.7647059 0.75686276 0.6862745 0.5411765 0.41568628 0.38431373 0.42745098 0.40784314 0.38039216 0.34509805 0.34117648 0.3372549 0.32156864 0.37254903 0.38039216 0.38039216 0.38431373 0.34509805 0.32156864 0.33333334
0.80784315 0.78039217 0.56078434 0.39607844 0.45882353 0.6 0.59607846 0.5764706 0.69411767 0.80784315 0.8352941 0.8117647 0.79607844 0.8392157 0.7058824 0.4509804 0.4 0.3764706 0.36078432 0.32941177 0.30980393 0.34117648 0.34901962 0.32941177 0.3372549 0.39607844 0.4 0.3764706 0.36078432 0.36862746 0.3764706 0.3372549
0.8117647 0.8156863 0.80784315 0.50980395 0.33333334 0.45882353 0.61960787 0.5529412 0.6901961 0.8156863 0.84705883 0.84705883 0.8627451 0.88235295 0.6509804 0.4 0.3882353 0.38431373 0.3529412 0.31764707 0.31764707 0.36078432 0.36078432 0.35686275 0.3529412 0.38039216 0.3764706 0.34117648 0.3529412 0.3764706 0.3882353 0.4
0.7294118 0.7254902 0.7764706 0.654902 0.33333334 0.34509805 0.45490196 0.5137255 0.5529412 0.77254903 0.8509804 0.8156863 0.8352941 0.8235294 0.50980395 0.38431373 0.42352942 0.4392157 0.40392157 0.3529412 0.3137255 0.33333334 0.3529412 0.36078432 0.3529412 0.32941177 0.32941177 0.34117648 0.36862746 0.39607844 0.39215687 0.40784314
0.627451 0.64705884 0.6901961 0.6666667 0.44313726 0.38039216 0.40392157 0.45882353 0.4392157 0.6784314 0.84705883 0.8039216 0.7882353 0.84313726 0.5568628 0.38039216 0.4117647 0.41568628 0.40784314 0.3764706 0.3372549 0.33333334 0.36078432 0.37254903 0.38039216 0.3647059 0.34117648 0.36862746 0.39215687 0.39215687 0.4 0.40392157
0.60784316 0.6117647 0.627451 0.6431373 0.5294118 0.39607844 0.38431373 0.3882353 0.39607844 0.59607846 0.83137256 0.7764706 0.75686276 0.80784315 0.6784314 0.47058824 0.4627451 0.42352942 0.41960785 0.42352942 0.36862746 0.32941177 0.3529412 0.38431373 0.4 0.40784314 0.3882353 0.40392157 0.4117647 0.4 0.40392157 0.4117647
0.6745098 0.6509804 0.627451 0.6156863 0.54509807 0.39215687 0.36862746 0.36862746 0.41568628 0.5686275 0.7411765 0.64705884 0.6666667 0.70980394 0.7176471 0.5254902 0.50980395 0.48235294 0.45490196 0.4392157 0.40392157 0.3529412 0.34901962 0.3764706 0.39607844 0.4 0.39607844 0.40784314 0.41960785 0.42352942 0.41568628 0.41568628
0.6627451 0.65882355 0.627451 0.56078434 0.49803922 0.3764706 0.36078432 0.36862746 0.45490196 0.5882353 0.7490196 0.6784314 0.6156863 0.7254902 0.78039217 0.6117647 0.5294118 0.5019608 0.44705883 0.42352942 0.41568628 0.4 0.37254903 0.37254903 0.38431373 0.36862746 0.4 0.42745098 0.4392157 0.4392157 0.43529412 0.41960785
0.627451 0.6313726 0.60784316 0.5411765 0.49019608 0.41568628 0.3764706 0.3764706 0.41960785 0.59607846 0.7294118 0.7882353 0.6509804 0.6862745 0.80784315 0.76862746 0.58431375 0.50980395 0.4392157 0.3529412 0.3529412 0.38039216 0.39607844 0.42745098 0.4 0.39215687 0.41960785 0.44313726 0.44313726 0.41568628 0.38431373 0.40784314
0.60784316 0.627451 0.6 0.54509807 0.54901963 0.49019608 0.36078432 0.3529412 0.3647059 0.5411765 0.70980394 0.7490196 0.70980394 0.7764706 0.78431374 0.7882353 0.6509804 0.5686275 0.4745098 0.41568628 0.41568628 0.39215687 0.4 0.43137255 0.39607844 0.40392157 0.42352942 0.43529412 0.42745098 0.42352942 0.4117647 0.41960785
0.58431375 0.60784316 0.5882353 0.54509807 0.54509807 0.54509807 0.39215687 0.35686275 0.3529412 0.4745098 0.74509805 0.7529412 0.78431374 0.8627451 0.8666667 0.8235294 0.7058824 0.6313726 0.5686275 0.5294118 0.4862745 0.43137255 0.4117647 0.40784314 0.38039216 0.36862746 0.3764706 0.36862746 0.3764706 0.39607844 0.40392157 0.39607844
0.45490196 0.52156866 0.6 0.5568628 0.53333336 0.54509807 0.43529412 0.34901962 0.35686275 0.36078432 0.62352943 0.7882353 0.84313726 0.85490197 0.8745098 0.8666667 0.7254902 0.6745098 0.61960787 0.57254905 0.5254902 0.47843137 0.45882353 0.4392157 0.45490196 0.42745098 0.36862746 0.34901962 0.3647059 0.35686275 0.36078432 0.35686275
0.35686275 0.42745098 0.57254905 0.56078434 0.5411765 0.5372549 0.49019608 0.34901962 0.35686275 0.32156864 0.5803922 0.8352941 0.827451 0.8392157 0.8509804 0.85882354 0.7294118 0.6745098 0.62352943 0.5529412 0.49803922 0.46666667 0.48235294 0.4745098 0.46666667 0.47843137 0.43529412 0.36862746 0.34509805 0.34117648 0.33333334 0.29411766
0.40392157 0.5294118 0.5568628 0.5882353 0.57254905 0.5529412 0.5411765 0.39607844 0.36862746 0.3529412 0.57254905 0.78431374 0.79607844 0.84705883 0.8392157 0.83137256 0.7372549 0.6627451 0.63529414 0.5921569 0.49019608 0.46666667 0.45490196 0.46666667 0.4509804 0.47058824 0.47843137 0.41960785 0.3764706 0.40392157 0.41568628 0.25490198
0.44313726 0.5294118 0.64705884 0.654902 0.6509804 0.61960787 0.627451 0.4862745 0.3647059 0.37254903 0.44705883 0.72156864 0.81960785 0.7921569 0.79607844 0.8235294 0.7647059 0.6431373 0.62352943 0.57254905 0.5294118 0.49019608 0.47058824 0.45882353 0.44313726 0.4509804 0.44313726 0.42745098 0.43137255 0.38039216 0.3529412 0.21568628
0.45490196 0.42745098 0.6666667 0.6745098 0.6431373 0.56078434 0.53333336 0.48235294 0.31764707 0.3019608 0.34509805 0.67058825 0.8039216 0.7411765 0.78431374 0.8039216 0.7647059 0.5803922 0.5686275 0.5254902 0.50980395 0.49803922 0.5019608 0.46666667 0.44705883 0.4392157 0.43529412 0.41568628 0.36862746 0.3529412 0.3137255 0.21568628
0.38039216 0.39215687 0.45882353 0.3647059 0.34117648 0.4392157 0.5294118 0.5294118 0.3882353 0.41960785 0.5058824 0.5882353 0.72156864 0.77254903 0.78039217 0.7882353 0.7490196 0.5764706 0.5529412 0.5176471 0.5058824 0.48235294 0.46666667 0.4862745 0.48235294 0.45490196 0.42745098 0.41568628 0.3647059 0.3372549 0.3254902 0.22352941
0.38431373 0.3764706 0.32156864 0.25490198 0.24313726 0.41568628 0.5803922 0.5529412 0.5411765 0.56078434 0.6117647 0.54901963 0.61960787 0.7411765 0.73333335 0.74509805 0.7058824 0.59607846 0.52156866 0.5137255 0.50980395 0.46666667 0.5019608 0.5254902 0.4862745 0.45882353 0.4392157 0.40392157 0.37254903 0.34509805 0.38039216 0.33333334
0.37254903 0.35686275 0.37254903 0.38039216 0.38039216 0.42745098 0.47058824 0.50980395 0.52156866 0.43137255 0.4509804 0.52156866 0.49411765 0.6627451 0.72156864 0.72156864 0.7372549 0.6431373 0.5411765 0.5176471 0.49019608 0.4862745 0.5176471 0.50980395 0.47843137 0.45490196 0.44705883 0.41960785 0.36862746 0.34117648 0.3137255 0.34509805
31 25 0
16 5 2
26 14 2
10 25 2
24 3 2
11 5 0
8 29 0
25 31 2
15 24 1
29 4 0
