32, 32, 3, 10
0.5254902 0.52156866 0.5294118 0.53333336 0.53333336 0.5254902 0.5254902 0.52156866 0.5176471 0.5137255 0.5058824 0.5019608 0.5019608 0.5137255 0.52156866 0.5176471 0.5254902 0.5372549 0.54509807 0.5411765 0.53333336 0.5294118 0.5294118 0.5254902 0.5176471 0.50980395 0.50980395 0.50980395 0.5058824 0.5137255 0.5294118 0.52156866
0.52156866 0.5137255 0.52156866 0.5294118 0.53333336 0.53333336 0.53333336 0.5294118 0.52156866 0.50980395 0.5019608 0.49803922 0.49411765 0.5058824 0.5137255 0.5137255 0.52156866 0.5294118 0.53333336 0.5254902 0.5254902 0.5254902 0.5254902 0.52156866 0.5137255 0.5058824 0.5058824 0.5058824 0.5019608 0.52156866 0.5294118 0.5176471
0.52156866 0.52156866 0.52156866 0.5254902 0.53333336 0.53333336 0.5372549 0.53333336 0.5254902 0.50980395 0.50980395 0.5137255 0.5058824 0.5019608 0.5058824 0.5137255 0.5176471 0.5254902 0.5294118 0.52156866 0.52156866 0.52156866 0.5254902 0.5176471 0.5176471 0.5176471 0.52156866 0.5137255 0.50980395 0.5254902 0.5294118 0.52156866
0.5254902 0.5254902 0.5294118 0.53333336 0.5372549 0.5372549 0.5372549 0.53333336 0.5294118 0.5176471 0.50980395 0.5176471 0.52156866 0.5176471 0.50980395 0.5137255 0.5176471 0.5254902 0.5294118 0.52156866 0.5176471 0.5176471 0.50980395 0.5137255 0.5254902 0.5294118 0.5294118 0.5176471 0.5137255 0.5254902 0.5254902 0.5294118
0.5294118 0.5294118 0.5294118 0.53333336 0.5411765 0.5372549 0.53333336 0.5294118 0.5294118 0.52156866 0.50980395 0.5176471 0.52156866 0.52156866 0.5137255 0.50980395 0.5176471 0.5176471 0.5137255 0.5254902 0.5254902 0.5137255 0.50980395 0.5176471 0.5294118 0.5294118 0.52156866 0.5137255 0.50980395 0.52156866 0.5254902 0.5372549
0.53333336 0.52156866 0.5254902 0.5294118 0.5372549 0.53333336 0.53333336 0.5294118 0.5294118 0.52156866 0.52156866 0.5254902 0.5294118 0.52156866 0.50980395 0.50980395 0.5058824 0.5019608 0.49803922 0.4117647 0.41568628 0.48235294 0.5058824 0.5254902 0.53333336 0.5254902 0.52156866 0.52156866 0.52156866 0.53333336 0.53333336 0.5372549
0.53333336 0.5176471 0.5254902 0.5294118 0.5372549 0.53333336 0.53333336 0.53333336 0.5294118 0.5254902 0.5254902 0.53333336 0.54509807 0.53333336 0.52156866 0.50980395 0.5058824 0.5058824 0.5058824 0.3764706 0.48235294 0.58431375 0.5019608 0.52156866 0.53333336 0.5294118 0.52156866 0.5254902 0.53333336 0.5372549 0.5411765 0.5372549
0.5372549 0.5254902 0.5294118 0.5294118 0.53333336 0.53333336 0.53333336 0.53333336 0.5294118 0.5294118 0.5294118 0.5294118 0.53333336 0.53333336 0.5254902 0.49411765 0.56078434 0.654902 0.57254905 0.4392157 0.4 0.4862745 0.49411765 0.5137255 0.5372549 0.53333336 0.5254902 0.52156866 0.5294118 0.5372549 0.53333336 0.53333336
0.5411765 0.53333336 0.53333336 0.5294118 0.5254902 0.5372549 0.53333336 0.53333336 0.53333336 0.53333336 0.53333336 0.5372549 0.5294118 0.5254902 0.5137255 0.49019608 0.6666667 0.6666667 0.40392157 0.0627451 0.16470589 0.40392157 0.47058824 0.50980395 0.53333336 0.5372549 0.5254902 0.5176471 0.5254902 0.5372549 0.53333336 0.5294118
0.5411765 0.53333336 0.53333336 0.5294118 0.5294118 0.5372549 0.53333336 0.53333336 0.53333336 0.53333336 0.5372549 0.54509807 0.5372549 0.5176471 0.5294118 0.57254905 0.6431373 0.63529414 0.40392157 0.13333334 0.52156866 0.5764706 0.50980395 0.5176471 0.52156866 0.53333336 0.5294118 0.52156866 0.5294118 0.53333336 0.5294118 0.5254902
0.5411765 0.5254902 0.5294118 0.5294118 0.5372549 0.5372549 0.53333336 0.53333336 0.5372549 0.5372549 0.5372549 0.53333336 0.52156866 0.56078434 0.5803922 0.5686275 0.5803922 0.60784316 0.47843137 0.25882354 0.5372549 0.5411765 0.5058824 0.5254902 0.52156866 0.53333336 0.53333336 0.52156866 0.5294118 0.53333336 0.5294118 0.52156866
0.54509807 0.5294118 0.5294118 0.5294118 0.5372549 0.5372549 0.53333336 0.53333336 0.5372549 0.5372549 0.53333336 0.52156866 0.5647059 0.6039216 0.6 0.6 0.58431375 0.54901963 0.43529412 0.3137255 0.3019608 0.4117647 0.5254902 0.5137255 0.5176471 0.5294118 0.5294118 0.52156866 0.5294118 0.53333336 0.5294118 0.5254902
0.54509807 0.53333336 0.5294118 0.5294118 0.5294118 0.5294118 0.5372549 0.5372549 0.5372549 0.5372549 0.5176471 0.54509807 0.6313726 0.6039216 0.6117647 0.5294118 0.48235294 0.35686275 0.2627451 0.34117648 0.32941177 0.41568628 0.5137255 0.50980395 0.52156866 0.5254902 0.5254902 0.52156866 0.5294118 0.5372549 0.5372549 0.5294118
0.54509807 0.53333336 0.5294118 0.5294118 0.5254902 0.5254902 0.53333336 0.5372549 0.5372549 0.5294118 0.5411765 0.58431375 0.5803922 0.59607846 0.5176471 0.44705883 0.3529412 0.2509804 0.2901961 0.2901961 0.3372549 0.49019608 0.49411765 0.50980395 0.52156866 0.5254902 0.5294118 0.5254902 0.5254902 0.53333336 0.5372549 0.5294118
0.54509807 0.5294118 0.53333336 0.53333336 0.53333336 0.53333336 0.53333336 0.53333336 0.5411765 0.5294118 0.57254905 0.5529412 0.54901963 0.5529412 0.5294118 0.4 0.26666668 0.3019608 0.28627452 0.29803923 0.36862746 0.5058824 0.5058824 0.5176471 0.52156866 0.5254902 0.5254902 0.5294118 0.5254902 0.5254902 0.53333336 0.5294118
0.54509807 0.5294118 0.53333336 0.53333336 0.53333336 0.53333336 0.53333336 0.53333336 0.5294118 0.54509807 0.57254905 0.49019608 0.54901963 0.59607846 0.53333336 0.34509805 0.23529412 0.27058825 0.30980393 0.3254902 0.39607844 0.50980395 0.50980395 0.5176471 0.5254902 0.5254902 0.5254902 0.52156866 0.52156866 0.52156866 0.5254902 0.5294118
0.54901963 0.5294118 0.53333336 0.53333336 0.53333336 0.53333336 0.53333336 0.5294118 0.50980395 0.56078434 0.59607846 0.53333336 0.5411765 0.5411765 0.36078432 0.21176471 0.24313726 0.20784314 0.19215687 0.2784314 0.4627451 0.50980395 0.50980395 0.52156866 0.5254902 0.5254902 0.5254902 0.52156866 0.52156866 0.52156866 0.5254902 0.5294118
0.54901963 0.5294118 0.53333336 0.5372549 0.5372549 0.5372549 0.5372549 0.52156866 0.5254902 0.6 0.60784316 0.5803922 0.5176471 0.42745098 0.24705882 0.23529412 0.24313726 0.19607843 0.31764707 0.47843137 0.52156866 0.5137255 0.5176471 0.52156866 0.5294118 0.5254902 0.5254902 0.52156866 0.5254902 0.5254902 0.5254902 0.53333336
0.54509807 0.53333336 0.53333336 0.5411765 0.54509807 0.54509807 0.5372549 0.5019608 0.5882353 0.6431373 0.54901963 0.5019608 0.42352942 0.3019608 0.2509804 0.24705882 0.24313726 0.34901962 0.47843137 0.5254902 0.5137255 0.5176471 0.5176471 0.52156866 0.5254902 0.5254902 0.5254902 0.5294118 0.5294118 0.5294118 0.5294118 0.5294118
0.5372549 0.5254902 0.5294118 0.53333336 0.53333336 0.53333336 0.50980395 0.54509807 0.6509804 0.57254905 0.54509807 0.47058824 0.36862746 0.27450982 0.23529412 0.22745098 0.34901962 0.4862745 0.49019608 0.5058824 0.5176471 0.5176471 0.5176471 0.52156866 0.5254902 0.5254902 0.5254902 0.5294118 0.5294118 0.5294118 0.5294118 0.5294118
0.5294118 0.52156866 0.52156866 0.5254902 0.52156866 0.52156866 0.53333336 0.6313726 0.6431373 0.52156866 0.4392157 0.30588236 0.23137255 0.20392157 0.2627451 0.34509805 0.4627451 0.45490196 0.5058824 0.52156866 0.5176471 0.52156866 0.52156866 0.5254902 0.5294118 0.5294118 0.5294118 0.5294118 0.5294118 0.5294118 0.53333336 0.5372549
0.5254902 0.52156866 0.5254902 0.52156866 0.5176471 0.50980395 0.49803922 0.53333336 0.50980395 0.41568628 0.36862746 0.34901962 0.32941177 0.2901961 0.3647059 0.42745098 0.39607844 0.4627451 0.5411765 0.5294118 0.5254902 0.5254902 0.52156866 0.5254902 0.53333336 0.53333336 0.53333336 0.5294118 0.5294118 0.5294118 0.53333336 0.5411765
0.52156866 0.52156866 0.52156866 0.52156866 0.53333336 0.5019608 0.43137255 0.3137255 0.26666668 0.42352942 0.5019608 0.48235294 0.43137255 0.3764706 0.28235295 0.23529412 0.35686275 0.5137255 0.5411765 0.5254902 0.5254902 0.5294118 0.5294118 0.5254902 0.53333336 0.5372549 0.53333336 0.5372549 0.53333336 0.53333336 0.53333336 0.5411765
0.5294118 0.53333336 0.5254902 0.5411765 0.53333336 0.53333336 0.3529412 0.18431373 0.4392157 0.5568628 0.5686275 0.5529412 0.46666667 0.38431373 0.41960785 0.3529412 0.23921569 0.28235295 0.38039216 0.5294118 0.54901963 0.5411765 0.5372549 0.53333336 0.5411765 0.5411765 0.5372549 0.54509807 0.5372549 0.53333336 0.53333336 0.5372549
0.5411765 0.5411765 0.53333336 0.5294118 0.5137255 0.37254903 0.21568628 0.3882353 0.56078434 0.5529412 0.54901963 0.5647059 0.5294118 0.36078432 0.38039216 0.38431373 0.38039216 0.38039216 0.30980393 0.37254903 0.48235294 0.5294118 0.5372549 0.5411765 0.54509807 0.5411765 0.5411765 0.5372549 0.53333336 0.5294118 0.53333336 0.5372549
0.5411765 0.5411765 0.5372549 0.52156866 0.52156866 0.29803923 0.36078432 0.5372549 0.5411765 0.54901963 0.5411765 0.5529412 0.53333336 0.4862745 0.5764706 0.60784316 0.5764706 0.5686275 0.48235294 0.4 0.45490196 0.43529412 0.46666667 0.5058824 0.50980395 0.52156866 0.53333336 0.53333336 0.53333336 0.5294118 0.5294118 0.53333336
0.5411765 0.5411765 0.52156866 0.53333336 0.5529412 0.43529412 0.5137255 0.54901963 0.53333336 0.53333336 0.5568628 0.62352943 0.6392157 0.6 0.6392157 0.5529412 0.5647059 0.60784316 0.5882353 0.61960787 0.5882353 0.56078434 0.5882353 0.6039216 0.5764706 0.5568628 0.5254902 0.5137255 0.5137255 0.5254902 0.5254902 0.5294118
0.5411765 0.5294118 0.54901963 0.5529412 0.38039216 0.48235294 0.54901963 0.53333336 0.52156866 0.5803922 0.6392157 0.6431373 0.5803922 0.5882353 0.62352943 0.5019608 0.54509807 0.6117647 0.6 0.54901963 0.59607846 0.59607846 0.53333336 0.54901963 0.6313726 0.6862745 0.62352943 0.5803922 0.56078434 0.56078434 0.5411765 0.5294118
0.53333336 0.5411765 0.5529412 0.3372549 0.41960785 0.5529412 0.5372549 0.5372549 0.5921569 0.6156863 0.6156863 0.60784316 0.60784316 0.58431375 0.5686275 0.59607846 0.6156863 0.6117647 0.59607846 0.5568628 0.57254905 0.5529412 0.5294118 0.5568628 0.5647059 0.5254902 0.5647059 0.5764706 0.5529412 0.50980395 0.5529412 0.54509807
0.54509807 0.57254905 0.3254902 0.3882353 0.5764706 0.53333336 0.5254902 0.58431375 0.5686275 0.5411765 0.5803922 0.58431375 0.63529414 0.5921569 0.5882353 0.5372549 0.5372549 0.5882353 0.5647059 0.59607846 0.5921569 0.6039216 0.5882353 0.56078434 0.48235294 0.49019608 0.5686275 0.5764706 0.52156866 0.47843137 0.46666667 0.34509805
0.5647059 0.4627451 0.41568628 0.5764706 0.54901963 0.53333336 0.59607846 0.59607846 0.5764706 0.627451 0.63529414 0.61960787 0.627451 0.6313726 0.60784316 0.49803922 0.5372549 0.6039216 0.6117647 0.5294118 0.59607846 0.6313726 0.60784316 0.5764706 0.56078434 0.59607846 0.63529414 0.6156863 0.5686275 0.57254905 0.5176471 0.47058824
0.54509807 0.5254902 0.5686275 0.5686275 0.5372549 0.5803922 0.58431375 0.59607846 0.6392157 0.6313726 0.6039216 0.58431375 0.6039216 0.5921569 0.60784316 0.5764706 0.5647059 0.5294118 0.58431375 0.5568628 0.5882353 0.59607846 0.5137255 0.5019608 0.5764706 0.54509807 0.5568628 0.59607846 0.5647059 0.54901963 0.53333336 0.5647059
0.50980395 0.5058824 0.5176471 0.52156866 0.5176471 0.5137255 0.5058824 0.5058824 0.49803922 0.5019608 0.50980395 0.52156866 0.5372549 0.54901963 0.5568628 0.5568628 0.5647059 0.5764706 0.5882353 0.58431375 0.57254905 0.5647059 0.54901963 0.5411765 0.53333336 0.5137255 0.49803922 0.4862745 0.48235294 0.49019608 0.4862745 0.46666667
0.5019608 0.49803922 0.5019608 0.5058824 0.5058824 0.5019608 0.49411765 0.49019608 0.49019608 0.49411765 0.5019608 0.50980395 0.52156866 0.5411765 0.54901963 0.5529412 0.56078434 0.5686275 0.5764706 0.5686275 0.56078434 0.54509807 0.5294118 0.52156866 0.5176471 0.5058824 0.4862745 0.4745098 0.47058824 0.4745098 0.47843137 0.4627451
0.5019608 0.5019608 0.5058824 0.5019608 0.49803922 0.49803922 0.49019608 0.4862745 0.49019608 0.49019608 0.49803922 0.5019608 0.5176471 0.5372549 0.54509807 0.5529412 0.56078434 0.5686275 0.57254905 0.5647059 0.56078434 0.5411765 0.5254902 0.5176471 0.5137255 0.49803922 0.48235294 0.47058824 0.46666667 0.47058824 0.4745098 0.4627451
0.49411765 0.49411765 0.49803922 0.49803922 0.49803922 0.49411765 0.4862745 0.48235294 0.4862745 0.49019608 0.49411765 0.5019608 0.5137255 0.5294118 0.5372549 0.54901963 0.5568628 0.5647059 0.5686275 0.56078434 0.54901963 0.5294118 0.5176471 0.50980395 0.5019608 0.49019608 0.48235294 0.4627451 0.45882353 0.4627451 0.46666667 0.4627451
0.49019608 0.4862745 0.49019608 0.49411765 0.49411765 0.4862745 0.48235294 0.4745098 0.48235294 0.49019608 0.49803922 0.5058824 0.5137255 0.52156866 0.53333336 0.54509807 0.5529412 0.5568628 0.5529412 0.5647059 0.5529412 0.52156866 0.5058824 0.49803922 0.49019608 0.4862745 0.47843137 0.45882353 0.45490196 0.4627451 0.4627451 0.4627451
0.49019608 0.4862745 0.4862745 0.49019608 0.49019608 0.48235294 0.47843137 0.4745098 0.47843137 0.48235294 0.49019608 0.5019608 0.50980395 0.5176471 0.5294118 0.5372549 0.5411765 0.5254902 0.49803922 0.41960785 0.4392157 0.4862745 0.4862745 0.48235294 0.47843137 0.4745098 0.4627451 0.45490196 0.45490196 0.4627451 0.4627451 0.4627451
0.49019608 0.48235294 0.4862745 0.49019608 0.49019608 0.48235294 0.47843137 0.47843137 0.47843137 0.47843137 0.48235294 0.49411765 0.5058824 0.5137255 0.52156866 0.5254902 0.5058824 0.4862745 0.47843137 0.3647059 0.4745098 0.5686275 0.47843137 0.47843137 0.4745098 0.46666667 0.45490196 0.44705883 0.4509804 0.45882353 0.4627451 0.45882353
0.49019608 0.48235294 0.48235294 0.4862745 0.49019608 0.48235294 0.47843137 0.47843137 0.47843137 0.47843137 0.48235294 0.49411765 0.5058824 0.5019608 0.50980395 0.49803922 0.5137255 0.5882353 0.5372549 0.42745098 0.38039216 0.46666667 0.4627451 0.47058824 0.47058824 0.4627451 0.4509804 0.44313726 0.4509804 0.45882353 0.45490196 0.4509804
0.4862745 0.48235294 0.48235294 0.48235294 0.4862745 0.48235294 0.47843137 0.47843137 0.47843137 0.47843137 0.47843137 0.49019608 0.49803922 0.49411765 0.4862745 0.47058824 0.58431375 0.5921569 0.38431373 0.0627451 0.15686275 0.38431373 0.4392157 0.45882353 0.4627451 0.45882353 0.4509804 0.4392157 0.44705883 0.45882353 0.45490196 0.44705883
0.48235294 0.47843137 0.48235294 0.48235294 0.4862745 0.48235294 0.47843137 0.47843137 0.47843137 0.4745098 0.4745098 0.48235294 0.4862745 0.46666667 0.4745098 0.50980395 0.54901963 0.5647059 0.37254903 0.13333334 0.49803922 0.5254902 0.44705883 0.4509804 0.44705883 0.4509804 0.44705883 0.4392157 0.44705883 0.45490196 0.4509804 0.44313726
0.47843137 0.4745098 0.47843137 0.47843137 0.48235294 0.48235294 0.4745098 0.4745098 0.47058824 0.47058824 0.4745098 0.4745098 0.45882353 0.49411765 0.5137255 0.49803922 0.5058824 0.5411765 0.44313726 0.24705882 0.5254902 0.50980395 0.43529412 0.44313726 0.43529412 0.44313726 0.44313726 0.43137255 0.4392157 0.44705883 0.44705883 0.4392157
0.47843137 0.4745098 0.47843137 0.47843137 0.48235294 0.48235294 0.4745098 0.4745098 0.47058824 0.47058824 0.47058824 0.45882353 0.49803922 0.53333336 0.5294118 0.5411765 0.5294118 0.49019608 0.4 0.29803923 0.30588236 0.37254903 0.44313726 0.43529412 0.42745098 0.43529412 0.4392157 0.43137255 0.4392157 0.44705883 0.44705883 0.44313726
0.48235294 0.4745098 0.4745098 0.4745098 0.4745098 0.4745098 0.4745098 0.47058824 0.46666667 0.46666667 0.4509804 0.4745098 0.5568628 0.5294118 0.5372549 0.46666667 0.4392157 0.32941177 0.23137255 0.27058825 0.3019608 0.36862746 0.42352942 0.42352942 0.41960785 0.42352942 0.42745098 0.43137255 0.4392157 0.44705883 0.44705883 0.44313726
0.48235294 0.4745098 0.4745098 0.4745098 0.47058824 0.47058824 0.47058824 0.47058824 0.46666667 0.45490196 0.45490196 0.5019608 0.52156866 0.5176471 0.44705883 0.4 0.3254902 0.21960784 0.23921569 0.21176471 0.29803923 0.4509804 0.4117647 0.41960785 0.41960785 0.42352942 0.42745098 0.43529412 0.43529412 0.44313726 0.44705883 0.44313726
0.48235294 0.47058824 0.47058824 0.47058824 0.47058824 0.46666667 0.46666667 0.46666667 0.4627451 0.44313726 0.4745098 0.46666667 0.49019608 0.48235294 0.45490196 0.35686275 0.24705882 0.25882354 0.22352941 0.22745098 0.3254902 0.44705883 0.4117647 0.41960785 0.42352942 0.42352942 0.42352942 0.42745098 0.42745098 0.43137255 0.4392157 0.4392157
0.48235294 0.46666667 0.47058824 0.47058824 0.47058824 0.46666667 0.46666667 0.46666667 0.4509804 0.45490196 0.47843137 0.39607844 0.47843137 0.5254902 0.45882353 0.29803923 0.21568628 0.23137255 0.2509804 0.24705882 0.3372549 0.43137255 0.40392157 0.41568628 0.42352942 0.42352942 0.42352942 0.41960785 0.41960785 0.42352942 0.43137255 0.43529412
0.48235294 0.47058824 0.4745098 0.47843137 0.4745098 0.4745098 0.47058824 0.4627451 0.4392157 0.4745098 0.49019608 0.41568628 0.44313726 0.46666667 0.3137255 0.1882353 0.21568628 0.1764706 0.15686275 0.23529412 0.4 0.41960785 0.4117647 0.41960785 0.42352942 0.42352942 0.41960785 0.41568628 0.41568628 0.41960785 0.42352942 0.43529412
0.48235294 0.47058824 0.47843137 0.48235294 0.48235294 0.47843137 0.4745098 0.45882353 0.45882353 0.50980395 0.5058824 0.49411765 0.43137255 0.3647059 0.21568628 0.20784314 0.21176471 0.17254902 0.30980393 0.4627451 0.44705883 0.40784314 0.41568628 0.41960785 0.42352942 0.42352942 0.41960785 0.4117647 0.41568628 0.41960785 0.42352942 0.43529412
0.48235294 0.4745098 0.4745098 0.48235294 0.49019608 0.49019608 0.47843137 0.44705883 0.5176471 0.5411765 0.44705883 0.43137255 0.35686275 0.24705882 0.20784314 0.2 0.20784314 0.3372549 0.48235294 0.49019608 0.41568628 0.4117647 0.4117647 0.41568628 0.41960785 0.41960785 0.41960785 0.41960785 0.41960785 0.42352942 0.42352942 0.42745098
0.49019608 0.48235294 0.4862745 0.49411765 0.49803922 0.49803922 0.4745098 0.4745098 0.5058824 0.45490196 0.4627451 0.40784314 0.34117648 0.24313726 0.2 0.1882353 0.33333334 0.49411765 0.4745098 0.42352942 0.41568628 0.41568628 0.4117647 0.41568628 0.41960785 0.41960785 0.41960785 0.41960785 0.41960785 0.42352942 0.42352942 0.42352942
0.5058824 0.49411765 0.49411765 0.49803922 0.5019608 0.5019608 0.49411765 0.5294118 0.50980395 0.43137255 0.3882353 0.2784314 0.2 0.18039216 0.24313726 0.34117648 0.4745098 0.45490196 0.43137255 0.4117647 0.4117647 0.4117647 0.41568628 0.41960785 0.42352942 0.42352942 0.41960785 0.41960785 0.41960785 0.42352942 0.42352942 0.43137255
0.5058824 0.49411765 0.49803922 0.5058824 0.50980395 0.47843137 0.41568628 0.41568628 0.43137255 0.3764706 0.31764707 0.28627452 0.27058825 0.24705882 0.3529412 0.43529412 0.3882353 0.4 0.41960785 0.40784314 0.41568628 0.41568628 0.41568628 0.41960785 0.42352942 0.42352942 0.42352942 0.41960785 0.41960785 0.41960785 0.42352942 0.43137255
0.50980395 0.5019608 0.5058824 0.5019608 0.47843137 0.4117647 0.35686275 0.25882354 0.21960784 0.3764706 0.43529412 0.41568628 0.38039216 0.32941177 0.26666668 0.21960784 0.3019608 0.41568628 0.43529412 0.41960785 0.41568628 0.41960785 0.41960785 0.41960785 0.42745098 0.42745098 0.42352942 0.41960785 0.41568628 0.41960785 0.42352942 0.43137255
0.5176471 0.5137255 0.5137255 0.5137255 0.46666667 0.45490196 0.28235295 0.15294118 0.39607844 0.49803922 0.49803922 0.48235294 0.39607844 0.31764707 0.34117648 0.28627452 0.22352941 0.27058825 0.3137255 0.42352942 0.43137255 0.42745098 0.42745098 0.42745098 0.43137255 0.43137255 0.42352942 0.41960785 0.4117647 0.41960785 0.42745098 0.42745098
0.53333336 0.5254902 0.5254902 0.5137255 0.47058824 0.30980393 0.18039216 0.35686275 0.5058824 0.4862745 0.4745098 0.47843137 0.4392157 0.29803923 0.30980393 0.3137255 0.34901962 0.3764706 0.30588236 0.32156864 0.38431373 0.41960785 0.43529412 0.43137255 0.43529412 0.43529412 0.42352942 0.41960785 0.41568628 0.41960785 0.42352942 0.42745098
0.5411765 0.5254902 0.52156866 0.50980395 0.4392157 0.23529412 0.3372549 0.49803922 0.48235294 0.48235294 0.47058824 0.46666667 0.44705883 0.4117647 0.47058824 0.5058824 0.49411765 0.5019608 0.45882353 0.38039216 0.39607844 0.38431373 0.41568628 0.42745098 0.42352942 0.42352942 0.42352942 0.42352942 0.42352942 0.41960785 0.41960785 0.42352942
0.5372549 0.52156866 0.5137255 0.48235294 0.4509804 0.38431373 0.48235294 0.49803922 0.47058824 0.45882353 0.47843137 0.54509807 0.5647059 0.5254902 0.53333336 0.4627451 0.49019608 0.5294118 0.5019608 0.5568628 0.5372549 0.50980395 0.54901963 0.56078434 0.5254902 0.48235294 0.43137255 0.4117647 0.40784314 0.40784314 0.40784314 0.4117647
0.5372549 0.5137255 0.5019608 0.45882353 0.3254902 0.44313726 0.49411765 0.47843137 0.4509804 0.4862745 0.5294118 0.5529412 0.5058824 0.50980395 0.5137255 0.4117647 0.45882353 0.50980395 0.4862745 0.47058824 0.52156866 0.49803922 0.44705883 0.48235294 0.5882353 0.627451 0.54509807 0.49803922 0.47843137 0.46666667 0.44313726 0.42352942
0.5254902 0.5058824 0.46666667 0.28235295 0.3882353 0.4862745 0.4627451 0.45490196 0.5058824 0.50980395 0.5019608 0.49803922 0.5176471 0.5058824 0.46666667 0.49411765 0.5058824 0.5019608 0.4862745 0.46666667 0.4745098 0.45490196 0.44313726 0.47058824 0.4862745 0.4509804 0.49019608 0.5019608 0.48235294 0.4509804 0.5019608 0.49019608
0.5294118 0.50980395 0.2627451 0.3529412 0.5254902 0.46666667 0.44313726 0.47843137 0.4509804 0.43137255 0.47058824 0.4745098 0.5294118 0.5019608 0.49411765 0.4509804 0.4509804 0.49411765 0.4627451 0.49019608 0.49019608 0.5019608 0.49411765 0.47843137 0.41960785 0.42352942 0.4862745 0.49019608 0.4509804 0.42352942 0.41568628 0.29803923
0.5411765 0.40784314 0.36078432 0.52156866 0.47843137 0.44313726 0.49803922 0.5058824 0.4745098 0.5137255 0.5294118 0.5137255 0.52156866 0.52156866 0.49803922 0.40392157 0.4509804 0.50980395 0.5137255 0.42745098 0.48235294 0.5176471 0.50980395 0.49803922 0.49411765 0.5254902 0.5529412 0.5294118 0.49411765 0.49803922 0.4509804 0.4117647
0.52156866 0.46666667 0.5058824 0.5019608 0.45882353 0.4745098 0.47843137 0.49803922 0.5254902 0.5176471 0.5058824 0.4862745 0.49411765 0.48235294 0.49803922 0.47058824 0.47058824 0.4509804 0.49411765 0.4509804 0.4862745 0.49411765 0.42745098 0.41960785 0.48235294 0.47058824 0.48235294 0.50980395 0.48235294 0.47058824 0.47058824 0.5019608
0.35686275 0.34901962 0.3529412 0.35686275 0.35686275 0.34901962 0.34509805 0.32941177 0.30588236 0.30980393 0.3137255 0.31764707 0.32941177 0.3372549 0.34509805 0.34901962 0.35686275 0.35686275 0.35686275 0.3529412 0.3372549 0.34509805 0.34509805 0.3372549 0.33333334 0.32156864 0.30980393 0.3019608 0.29411766 0.3019608 0.3137255 0.31764707
0.34901962 0.34509805 0.3529412 0.3529412 0.34901962 0.34901962 0.34117648 0.32156864 0.30588236 0.3019608 0.30980393 0.3137255 0.32156864 0.33333334 0.34117648 0.34117648 0.34901962 0.34901962 0.34509805 0.3372549 0.3254902 0.32941177 0.32941177 0.3254902 0.3254902 0.31764707 0.3019608 0.29411766 0.2901961 0.30588236 0.3137255 0.3137255
0.3529412 0.3529412 0.35686275 0.3529412 0.34509805 0.34509805 0.34117648 0.31764707 0.30588236 0.3019608 0.30980393 0.31764707 0.32156864 0.32941177 0.33333334 0.3372549 0.34117648 0.34509805 0.34509805 0.3372549 0.32156864 0.3254902 0.32941177 0.32156864 0.32156864 0.3137255 0.30588236 0.29411766 0.29411766 0.32156864 0.32941177 0.32156864
0.34901962 0.3529412 0.3529412 0.34901962 0.34509805 0.34117648 0.3372549 0.3254902 0.3137255 0.30588236 0.3137255 0.32941177 0.3372549 0.32941177 0.33333334 0.3372549 0.34117648 0.3372549 0.33333334 0.32941177 0.32156864 0.3137255 0.30980393 0.31764707 0.31764707 0.3137255 0.30980393 0.3019608 0.3019608 0.3254902 0.33333334 0.32941177
0.34509805 0.34901962 0.34901962 0.34901962 0.34509805 0.3372549 0.32941177 0.32156864 0.3137255 0.30588236 0.31764707 0.3372549 0.34117648 0.32941177 0.32941177 0.33333334 0.3372549 0.33333334 0.32156864 0.3254902 0.32156864 0.3019608 0.29803923 0.30980393 0.31764707 0.30980393 0.30588236 0.30588236 0.30588236 0.3254902 0.32941177 0.33333334
0.34901962 0.34117648 0.34509805 0.34509805 0.34117648 0.33333334 0.32941177 0.3254902 0.32156864 0.31764707 0.3254902 0.34117648 0.34509805 0.32941177 0.32156864 0.3254902 0.33333334 0.32156864 0.34509805 0.3372549 0.32156864 0.29411766 0.2901961 0.3137255 0.31764707 0.3137255 0.30980393 0.30980393 0.30980393 0.32941177 0.33333334 0.33333334
0.34901962 0.34117648 0.34509805 0.34509805 0.34117648 0.33333334 0.33333334 0.33333334 0.32941177 0.32941177 0.33333334 0.34509805 0.3529412 0.34117648 0.3254902 0.32156864 0.3254902 0.39607844 0.45490196 0.36862746 0.47843137 0.48235294 0.29803923 0.3019608 0.33333334 0.3254902 0.3137255 0.30980393 0.31764707 0.32941177 0.33333334 0.32941177
0.34901962 0.34117648 0.34509805 0.34509805 0.34117648 0.34117648 0.3372549 0.3372549 0.33333334 0.33333334 0.33333334 0.34117648 0.34901962 0.34901962 0.3372549 0.30980393 0.39215687 0.57254905 0.5254902 0.40392157 0.3647059 0.47843137 0.3882353 0.29411766 0.3254902 0.32941177 0.31764707 0.30980393 0.31764707 0.3254902 0.3254902 0.3254902
0.34509805 0.34509805 0.34509805 0.34509805 0.34509805 0.34509805 0.34117648 0.34117648 0.34117648 0.34117648 0.34117648 0.34509805 0.34901962 0.34509805 0.32941177 0.32156864 0.5372549 0.58431375 0.3529412 0.050980393 0.12941177 0.34509805 0.32156864 0.28627452 0.32156864 0.32941177 0.31764707 0.30980393 0.31764707 0.32941177 0.3254902 0.32156864
0.34509805 0.34117648 0.34509805 0.34509805 0.34509805 0.34509805 0.34117648 0.34117648 0.34509805 0.34509805 0.34901962 0.36078432 0.35686275 0.34117648 0.3764706 0.4392157 0.5294118 0.5529412 0.3647059 0.12156863 0.38431373 0.39215687 0.29803923 0.30588236 0.31764707 0.32156864 0.32156864 0.30980393 0.31764707 0.32941177 0.3254902 0.31764707
0.34117648 0.3372549 0.34117648 0.34117648 0.34509805 0.34509805 0.34509805 0.34509805 0.3529412 0.36078432 0.36078432 0.36078432 0.34901962 0.41568628 0.46666667 0.4627451 0.49019608 0.5254902 0.43137255 0.24313726 0.43137255 0.39607844 0.29411766 0.31764707 0.31764707 0.32156864 0.32156864 0.30980393 0.31764707 0.3254902 0.3254902 0.31764707
0.34509805 0.3372549 0.34117648 0.34117648 0.34509805 0.34509805 0.34509805 0.34901962 0.35686275 0.3647059 0.35686275 0.35686275 0.43529412 0.49411765 0.4862745 0.5058824 0.5137255 0.49411765 0.41568628 0.32156864 0.3137255 0.30588236 0.3019608 0.30980393 0.3137255 0.31764707 0.31764707 0.30980393 0.31764707 0.3254902 0.3254902 0.32156864
0.34509805 0.3372549 0.3372549 0.3372549 0.3372549 0.3372549 0.34509805 0.36078432 0.36862746 0.37254903 0.3529412 0.40392157 0.5372549 0.5176471 0.50980395 0.44705883 0.4117647 0.31764707 0.2509804 0.27058825 0.32941177 0.3019608 0.29411766 0.3019608 0.3137255 0.3254902 0.3254902 0.30980393 0.31764707 0.3254902 0.3254902 0.32941177
0.34509805 0.3372549 0.3372549 0.3372549 0.33333334 0.3372549 0.34509805 0.36078432 0.37254903 0.36078432 0.37254903 0.4509804 0.50980395 0.50980395 0.41568628 0.3764706 0.32156864 0.20784314 0.24705882 0.19607843 0.3137255 0.39607844 0.28627452 0.29803923 0.3137255 0.3254902 0.3254902 0.3137255 0.31764707 0.3254902 0.3254902 0.32941177
0.34509805 0.3372549 0.3372549 0.3372549 0.3372549 0.34901962 0.36078432 0.3647059 0.36078432 0.35686275 0.4 0.4117647 0.4745098 0.45490196 0.42352942 0.3254902 0.2627451 0.2784314 0.21568628 0.20784314 0.33333334 0.39607844 0.29411766 0.3019608 0.32156864 0.33333334 0.32941177 0.3254902 0.3254902 0.32941177 0.33333334 0.33333334
0.34509805 0.33333334 0.3372549 0.3372549 0.3372549 0.3529412 0.3647059 0.3647059 0.36078432 0.38431373 0.41960785 0.32941177 0.45882353 0.5019608 0.42745098 0.28627452 0.22745098 0.22352941 0.22352941 0.23921569 0.32941177 0.3647059 0.30588236 0.32156864 0.32941177 0.33333334 0.32941177 0.3254902 0.3254902 0.3254902 0.32941177 0.33333334
0.3529412 0.3372549 0.3372549 0.34117648 0.34509805 0.34901962 0.36078432 0.37254903 0.36078432 0.40784314 0.43137255 0.3254902 0.3882353 0.42745098 0.28235295 0.1882353 0.20392157 0.15294118 0.14509805 0.23921569 0.3647059 0.3254902 0.31764707 0.32941177 0.33333334 0.33333334 0.32941177 0.3254902 0.3254902 0.32941177 0.32941177 0.34117648
0.3529412 0.3372549 0.34117648 0.34509805 0.3529412 0.3529412 0.3647059 0.36862746 0.39215687 0.45882353 0.45490196 0.43529412 0.37254903 0.32941177 0.20392157 0.19607843 0.20784314 0.17254902 0.3019608 0.4745098 0.38431373 0.30980393 0.32156864 0.32941177 0.33333334 0.33333334 0.32941177 0.32941177 0.32941177 0.32941177 0.33333334 0.34509805
0.34901962 0.34117648 0.34117648 0.34901962 0.36078432 0.37254903 0.37254903 0.36078432 0.48235294 0.5058824 0.38431373 0.37254903 0.3137255 0.23529412 0.19607843 0.16862746 0.19215687 0.3529412 0.5372549 0.49411765 0.32941177 0.32156864 0.32941177 0.33333334 0.3372549 0.3372549 0.33333334 0.33333334 0.33333334 0.3372549 0.3372549 0.34117648
0.3529412 0.34901962 0.34901962 0.35686275 0.3647059 0.38431373 0.36862746 0.39607844 0.4509804 0.40392157 0.42352942 0.38431373 0.33333334 0.24705882 0.1882353 0.18431373 0.35686275 0.56078434 0.50980395 0.34509805 0.32156864 0.3254902 0.32941177 0.33333334 0.3372549 0.3372549 0.3372549 0.33333334 0.33333334 0.34117648 0.34117648 0.34117648
0.35686275 0.3529412 0.3529412 0.35686275 0.36078432 0.38039216 0.4 0.4745098 0.4509804 0.3882353 0.37254903 0.28627452 0.21960784 0.1764706 0.2509804 0.39215687 0.5411765 0.5019608 0.39607844 0.3254902 0.32941177 0.32941177 0.32941177 0.3372549 0.34117648 0.34117648 0.3372549 0.33333334 0.33333334 0.3372549 0.34117648 0.3529412
0.3529412 0.34901962 0.35686275 0.36078432 0.3764706 0.37254903 0.34509805 0.36862746 0.41960785 0.39215687 0.30588236 0.23137255 0.21176471 0.23921569 0.40392157 0.5019608 0.4 0.35686275 0.3529412 0.34901962 0.3372549 0.33333334 0.33333334 0.3372549 0.34117648 0.34117648 0.3372549 0.33333334 0.33333334 0.3372549 0.34117648 0.3529412
0.36078432 0.36862746 0.37254903 0.3764706 0.38431373 0.34509805 0.30588236 0.22352941 0.19215687 0.35686275 0.38039216 0.3019608 0.3137255 0.3137255 0.2627451 0.20392157 0.25490198 0.34509805 0.36862746 0.3529412 0.34117648 0.34117648 0.34117648 0.3372549 0.34509805 0.34509805 0.34117648 0.33333334 0.33333334 0.3372549 0.34117648 0.36078432
0.3764706 0.39215687 0.39215687 0.40392157 0.40392157 0.40392157 0.24705882 0.1254902 0.34901962 0.4509804 0.44705883 0.39215687 0.30980393 0.26666668 0.29411766 0.24705882 0.2627451 0.3254902 0.29803923 0.36078432 0.36078432 0.35686275 0.34901962 0.34509805 0.3529412 0.34901962 0.34117648 0.3372549 0.32941177 0.3372549 0.34117648 0.36078432
0.3882353 0.4 0.4 0.39607844 0.36862746 0.25882354 0.16862746 0.3137255 0.42745098 0.41960785 0.42352942 0.4117647 0.37254903 0.2627451 0.30980393 0.33333334 0.4117647 0.5019608 0.4117647 0.3372549 0.34117648 0.35686275 0.3529412 0.34901962 0.3529412 0.3529412 0.34509805 0.33333334 0.32941177 0.3372549 0.3372549 0.36078432
0.39215687 0.40392157 0.40392157 0.39607844 0.3372549 0.19607843 0.30980393 0.41960785 0.41568628 0.41960785 0.40392157 0.41960785 0.44705883 0.42352942 0.4862745 0.52156866 0.5137255 0.54901963 0.5372549 0.43137255 0.42352942 0.4 0.39215687 0.3764706 0.3529412 0.34117648 0.34117648 0.3372549 0.34117648 0.34509805 0.34509805 0.3647059
0.39215687 0.4117647 0.41960785 0.40392157 0.39607844 0.34901962 0.40784314 0.40392157 0.40392157 0.4 0.44313726 0.5529412 0.60784316 0.5529412 0.5372549 0.4745098 0.53333336 0.56078434 0.53333336 0.6117647 0.60784316 0.5686275 0.6 0.61960787 0.5529412 0.47058824 0.38431373 0.3372549 0.3372549 0.34509805 0.3529412 0.3647059
0.39215687 0.4117647 0.41960785 0.4117647 0.30980393 0.3647059 0.39215687 0.39607844 0.38431373 0.4627451 0.5568628 0.58431375 0.54509807 0.5372549 0.53333336 0.42745098 0.48235294 0.5372549 0.50980395 0.5137255 0.57254905 0.5294118 0.47058824 0.5254902 0.6392157 0.6745098 0.56078434 0.49411765 0.44705883 0.42745098 0.4 0.3647059
0.38431373 0.4117647 0.41568628 0.27058825 0.34117648 0.3882353 0.36862746 0.38039216 0.48235294 0.5372549 0.52156866 0.5176471 0.54901963 0.53333336 0.4862745 0.5137255 0.53333336 0.52156866 0.49803922 0.49019608 0.5058824 0.4862745 0.47843137 0.49803922 0.5019608 0.4745098 0.5058824 0.5254902 0.49803922 0.46666667 0.5176471 0.49411765
0.40392157 0.44313726 0.2509804 0.33333334 0.4509804 0.37254903 0.35686275 0.45490196 0.48235294 0.4509804 0.49019608 0.49411765 0.54901963 0.52156866 0.5137255 0.4627451 0.4627451 0.5058824 0.47843137 0.52156866 0.5137255 0.5254902 0.5294118 0.5019608 0.42745098 0.43137255 0.48235294 0.49411765 0.47058824 0.44313726 0.41960785 0.3019608
0.4392157 0.36078432 0.32941177 0.47058824 0.39607844 0.3764706 0.48235294 0.5294118 0.49411765 0.5294118 0.54509807 0.5372549 0.5411765 0.53333336 0.50980395 0.41568628 0.4627451 0.5137255 0.5137255 0.44313726 0.49411765 0.5254902 0.50980395 0.5058824 0.52156866 0.54901963 0.5568628 0.52156866 0.49803922 0.5176471 0.45490196 0.40392157
0.4 0.4 0.44705883 0.43529412 0.3882353 0.44705883 0.49019608 0.5176471 0.5568628 0.54901963 0.5294118 0.50980395 0.5176471 0.5019608 0.5176471 0.49019608 0.48235294 0.45882353 0.5058824 0.46666667 0.49803922 0.49019608 0.40784314 0.4117647 0.49411765 0.47843137 0.48235294 0.49803922 0.4745098 0.46666667 0.4627451 0.49803922
12 28 0
8 18 0
9 21 1
13 2 0
20 14 2
30 10 0
19 10 2
23 30 2
9 13 2
17 18 0
