32, 32, 3, 10
0.5019608 0.60784316 0.5882353 0.4392157 0.38431373 0.38039216 0.34901962 0.3882353 0.7137255 0.80784315 0.84705883 0.84313726 0.70980394 0.3254902 0.23921569 0.26666668 0.27450982 0.28627452 0.28627452 0.2901961 0.2901961 0.29411766 0.29411766 0.29411766 0.29411766 0.28235295 0.25882354 0.2627451 0.3019608 0.40784314 0.5686275 0.74509805
0.5176471 0.5137255 0.6156863 0.6509804 0.5176471 0.42745098 0.4 0.42745098 0.72156864 0.8352941 0.8627451 0.8509804 0.77254903 0.47843137 0.28627452 0.2627451 0.2784314 0.28627452 0.29411766 0.29803923 0.29803923 0.3019608 0.3019608 0.3019608 0.29803923 0.29411766 0.29803923 0.27450982 0.25882354 0.28235295 0.34117648 0.44705883
0.5294118 0.5058824 0.5372549 0.6156863 0.65882355 0.5921569 0.47058824 0.45490196 0.7137255 0.8156863 0.8156863 0.8156863 0.8117647 0.75686276 0.5568628 0.3529412 0.27058825 0.2784314 0.2901961 0.29411766 0.29411766 0.29803923 0.3019608 0.29803923 0.29411766 0.2901961 0.29411766 0.29411766 0.28235295 0.27058825 0.26666668 0.2901961
0.57254905 0.5686275 0.5647059 0.5529412 0.5882353 0.68235296 0.64705884 0.54901963 0.7058824 0.7764706 0.77254903 0.7764706 0.78039217 0.79607844 0.7882353 0.654902 0.4392157 0.29411766 0.28235295 0.29803923 0.29803923 0.3019608 0.30588236 0.29803923 0.29803923 0.29411766 0.2901961 0.2901961 0.2901961 0.2901961 0.28235295 0.27058825
0.59607846 0.59607846 0.59607846 0.57254905 0.56078434 0.5803922 0.68235296 0.72156864 0.7372549 0.7529412 0.7529412 0.7490196 0.7411765 0.7490196 0.78039217 0.8117647 0.73333335 0.5411765 0.3372549 0.28627452 0.30980393 0.30588236 0.3019608 0.3019608 0.29803923 0.29411766 0.28627452 0.28627452 0.28627452 0.2901961 0.2901961 0.28235295
0.6117647 0.6 0.61960787 0.62352943 0.59607846 0.57254905 0.5803922 0.6666667 0.7647059 0.7764706 0.7607843 0.7607843 0.74509805 0.72156864 0.7372549 0.77254903 0.8156863 0.79607844 0.6509804 0.4 0.27450982 0.29803923 0.29411766 0.29803923 0.29803923 0.29411766 0.28627452 0.2901961 0.28627452 0.28235295 0.28235295 0.28235295
0.63529414 0.61960787 0.62352943 0.627451 0.6156863 0.59607846 0.57254905 0.5647059 0.627451 0.7607843 0.80784315 0.78431374 0.78431374 0.75686276 0.7176471 0.7254902 0.75686276 0.8039216 0.81960785 0.7372549 0.50980395 0.32156864 0.31764707 0.3019608 0.2901961 0.2901961 0.2901961 0.29803923 0.28627452 0.2784314 0.27450982 0.2784314
0.6313726 0.6431373 0.6509804 0.64705884 0.63529414 0.62352943 0.60784316 0.58431375 0.56078434 0.5882353 0.7607843 0.827451 0.80784315 0.8 0.7764706 0.7294118 0.7254902 0.74509805 0.8039216 0.8392157 0.7019608 0.41960785 0.3529412 0.34509805 0.30588236 0.29411766 0.2901961 0.29411766 0.2901961 0.28627452 0.2784314 0.27450982
0.6431373 0.6627451 0.6784314 0.6862745 0.654902 0.6431373 0.6392157 0.627451 0.67058825 0.64705884 0.654902 0.74509805 0.8235294 0.8235294 0.80784315 0.7882353 0.7490196 0.7372549 0.64705884 0.40392157 0.16862746 0.13725491 0.1764706 0.2 0.29803923 0.31764707 0.30980393 0.29803923 0.2901961 0.2901961 0.28627452 0.2784314
0.6431373 0.68235296 0.6862745 0.6784314 0.6784314 0.6666667 0.6784314 0.7372549 0.7921569 0.7764706 0.69803923 0.6431373 0.72156864 0.81960785 0.83137256 0.8117647 0.77254903 0.5529412 0.18431373 0.09803922 0.11764706 0.19607843 0.24313726 0.13725491 0.22352941 0.3254902 0.3019608 0.3137255 0.29803923 0.2901961 0.2901961 0.2901961
0.6313726 0.6784314 0.69803923 0.69411767 0.69803923 0.7137255 0.77254903 0.8117647 0.8156863 0.8117647 0.78431374 0.7137255 0.6666667 0.7137255 0.8 0.8117647 0.5372549 0.17254902 0.06666667 0.10980392 0.1764706 0.21568628 0.23137255 0.16470589 0.18431373 0.2901961 0.4117647 0.33333334 0.30588236 0.3019608 0.29411766 0.2901961
0.64705884 0.6666667 0.69411767 0.7058824 0.70980394 0.7372549 0.7921569 0.8235294 0.81960785 0.81960785 0.81960785 0.7882353 0.7176471 0.6745098 0.6901961 0.6117647 0.1882353 0.07450981 0.14117648 0.14509805 0.20784314 0.1882353 0.1764706 0.17254902 0.1764706 0.21568628 0.61960787 0.5568628 0.3529412 0.30588236 0.30588236 0.2901961
0.6392157 0.6431373 0.68235296 0.7058824 0.7254902 0.7294118 0.7411765 0.79607844 0.827451 0.83137256 0.79607844 0.7411765 0.7411765 0.7294118 0.5803922 0.43529412 0.11764706 0.11372549 0.16862746 0.17254902 0.2 0.1882353 0.18431373 0.1882353 0.18431373 0.15294118 0.6313726 0.81960785 0.6392157 0.43137255 0.30980393 0.29803923
0.65882355 0.6431373 0.68235296 0.70980394 0.7176471 0.7254902 0.7254902 0.74509805 0.79607844 0.80784315 0.75686276 0.7176471 0.6901961 0.49803922 0.32156864 0.34509805 0.13725491 0.15294118 0.18039216 0.15686275 0.1764706 0.20784314 0.19607843 0.20392157 0.1882353 0.14901961 0.5686275 0.8627451 0.84705883 0.74509805 0.5254902 0.32941177
0.7058824 0.69411767 0.69803923 0.7137255 0.7176471 0.7254902 0.73333335 0.7411765 0.73333335 0.7764706 0.7019608 0.6392157 0.4 0.15294118 0.15294118 0.20392157 0.14117648 0.17254902 0.2 0.14901961 0.15686275 0.24313726 0.24313726 0.22352941 0.19607843 0.13725491 0.49803922 0.8235294 0.8392157 0.85882354 0.8156863 0.6431373
0.70980394 0.7254902 0.7372549 0.7294118 0.7411765 0.7490196 0.74509805 0.7411765 0.7294118 0.70980394 0.4392157 0.16078432 0.06666667 0.06666667 0.22745098 0.21176471 0.21568628 0.33333334 0.24313726 0.1882353 0.15686275 0.30980393 0.27450982 0.22352941 0.20784314 0.13725491 0.4745098 0.7921569 0.8039216 0.8352941 0.85882354 0.85882354
0.7058824 0.7137255 0.7372549 0.75686276 0.76862746 0.75686276 0.7529412 0.7411765 0.7372549 0.7254902 0.58431375 0.24705882 0.03137255 0.08235294 0.37254903 0.34901962 0.5294118 0.6784314 0.28235295 0.18431373 0.12941177 0.34509805 0.27058825 0.1764706 0.20392157 0.15294118 0.5647059 0.7921569 0.78039217 0.8039216 0.8235294 0.8509804
0.7254902 0.70980394 0.70980394 0.73333335 0.7647059 0.7647059 0.7529412 0.74509805 0.78039217 0.80784315 0.74509805 0.32941177 0.043137256 0.18039216 0.4862745 0.42745098 0.78431374 0.827451 0.58431375 0.46666667 0.3764706 0.39215687 0.23529412 0.1764706 0.22352941 0.15294118 0.52156866 0.7921569 0.78039217 0.78039217 0.79607844 0.8235294
0.74509805 0.7411765 0.7294118 0.7254902 0.7176471 0.73333335 0.7529412 0.7764706 0.8 0.80784315 0.7294118 0.29803923 0.101960786 0.33333334 0.4117647 0.38431373 0.654902 0.72156864 0.78039217 0.8901961 0.8235294 0.5294118 0.2901961 0.2901961 0.20784314 0.101960786 0.22745098 0.57254905 0.74509805 0.7882353 0.7882353 0.79607844
0.73333335 0.7490196 0.7372549 0.70980394 0.69411767 0.72156864 0.77254903 0.8 0.8 0.76862746 0.6392157 0.30588236 0.23137255 0.4117647 0.3764706 0.36078432 0.37254903 0.57254905 0.72156864 0.8784314 0.8117647 0.65882355 0.5921569 0.53333336 0.28235295 0.19215687 0.15294118 0.2 0.4 0.6509804 0.7921569 0.7921569
0.7137255 0.7176471 0.7294118 0.74509805 0.7411765 0.7882353 0.81960785 0.8156863 0.75686276 0.72156864 0.5803922 0.31764707 0.31764707 0.4392157 0.39607844 0.34117648 0.31764707 0.46666667 0.6666667 0.81960785 0.7647059 0.8117647 0.7607843 0.6784314 0.5294118 0.43137255 0.3647059 0.21176471 0.10980392 0.30980393 0.7411765 0.8235294
0.70980394 0.70980394 0.75686276 0.79607844 0.8156863 0.827451 0.78039217 0.6784314 0.6666667 0.6862745 0.64705884 0.40392157 0.3372549 0.43529412 0.35686275 0.29803923 0.39215687 0.53333336 0.7254902 0.8117647 0.77254903 0.7764706 0.67058825 0.6431373 0.58431375 0.5294118 0.5411765 0.47843137 0.21176471 0.1254902 0.69411767 0.8745098
0.70980394 0.7372549 0.7882353 0.8235294 0.81960785 0.7764706 0.6784314 0.6666667 0.67058825 0.6901961 0.64705884 0.49411765 0.3764706 0.34901962 0.32941177 0.3372549 0.5058824 0.5764706 0.79607844 0.8 0.65882355 0.6431373 0.59607846 0.5882353 0.5647059 0.5686275 0.6 0.5294118 0.12941177 0.16470589 0.77254903 0.8980392
0.7254902 0.73333335 0.76862746 0.79607844 0.7411765 0.654902 0.68235296 0.7058824 0.7176471 0.64705884 0.5372549 0.64705884 0.5058824 0.3647059 0.3764706 0.45882353 0.58431375 0.60784316 0.7411765 0.654902 0.627451 0.6039216 0.5647059 0.5686275 0.6039216 0.61960787 0.5686275 0.5019608 0.25882354 0.41568628 0.7607843 0.8745098
0.6784314 0.6901961 0.7411765 0.7254902 0.6784314 0.7058824 0.7411765 0.7137255 0.6392157 0.5294118 0.60784316 0.7176471 0.6156863 0.5647059 0.5921569 0.6117647 0.60784316 0.6431373 0.59607846 0.6156863 0.65882355 0.6 0.5921569 0.6313726 0.627451 0.56078434 0.50980395 0.56078434 0.654902 0.67058825 0.67058825 0.7372549
0.6745098 0.69411767 0.6862745 0.7254902 0.7254902 0.7411765 0.7254902 0.627451 0.5882353 0.6431373 0.69803923 0.6666667 0.6039216 0.6039216 0.6392157 0.6431373 0.6313726 0.59607846 0.5647059 0.6117647 0.6156863 0.6039216 0.6392157 0.5764706 0.53333336 0.5294118 0.58431375 0.6666667 0.6627451 0.58431375 0.6156863 0.6862745
0.6784314 0.69803923 0.6901961 0.6627451 0.69411767 0.68235296 0.62352943 0.64705884 0.6784314 0.6666667 0.61960787 0.6392157 0.6117647 0.60784316 0.6156863 0.68235296 0.67058825 0.6039216 0.5764706 0.57254905 0.6431373 0.6627451 0.5686275 0.5647059 0.5764706 0.5882353 0.64705884 0.62352943 0.5882353 0.58431375 0.65882355 0.7137255
0.68235296 0.6862745 0.7019608 0.69411767 0.67058825 0.5882353 0.64705884 0.69411767 0.6313726 0.6039216 0.6392157 0.6431373 0.6156863 0.6392157 0.6666667 0.7019608 0.6666667 0.57254905 0.54901963 0.627451 0.6745098 0.58431375 0.5529412 0.62352943 0.67058825 0.6627451 0.61960787 0.5921569 0.59607846 0.6431373 0.69803923 0.70980394
0.69803923 0.7019608 0.72156864 0.73333335 0.70980394 0.6627451 0.654902 0.627451 0.5921569 0.6313726 0.6117647 0.6117647 0.65882355 0.6745098 0.6431373 0.6627451 0.6117647 0.5411765 0.59607846 0.6862745 0.6039216 0.5647059 0.62352943 0.67058825 0.6901961 0.654902 0.61960787 0.64705884 0.6509804 0.6745098 0.70980394 0.7176471
0.7058824 0.72156864 0.7294118 0.7411765 0.7607843 0.7490196 0.6509804 0.62352943 0.63529414 0.6117647 0.62352943 0.6431373 0.6627451 0.6745098 0.6392157 0.6039216 0.60784316 0.627451 0.6666667 0.61960787 0.56078434 0.6431373 0.7176471 0.69411767 0.64705884 0.60784316 0.5803922 0.6 0.6156863 0.6392157 0.7137255 0.65882355
0.7294118 0.7372549 0.7411765 0.74509805 0.7647059 0.78431374 0.74509805 0.6666667 0.61960787 0.6431373 0.6784314 0.6392157 0.65882355 0.72156864 0.6392157 0.5803922 0.67058825 0.6862745 0.61960787 0.5764706 0.627451 0.7137255 0.69803923 0.62352943 0.6156863 0.6 0.44705883 0.3882353 0.40392157 0.41568628 0.47843137 0.5254902
0.72156864 0.7176471 0.7176471 0.7294118 0.7490196 0.77254903 0.77254903 0.73333335 0.6627451 0.68235296 0.6 0.60784316 0.7176471 0.654902 0.57254905 0.6627451 0.6666667 0.60784316 0.6117647 0.65882355 0.7019608 0.65882355 0.62352943 0.6 0.63529414 0.5176471 0.3137255 0.31764707 0.32941177 0.29803923 0.3137255 0.36862746
0.44313726 0.60784316 0.5921569 0.43529412 0.39607844 0.39215687 0.3529412 0.38431373 0.7176471 0.8235294 0.85490197 0.85490197 0.7294118 0.32156864 0.22745098 0.2627451 0.26666668 0.2784314 0.2784314 0.28235295 0.28235295 0.28627452 0.28627452 0.2901961 0.29411766 0.28627452 0.26666668 0.27058825 0.30980393 0.40784314 0.5686275 0.74509805
0.44313726 0.45882353 0.6 0.6509804 0.52156866 0.43137255 0.40784314 0.42352942 0.72156864 0.8392157 0.8666667 0.85882354 0.78431374 0.48235294 0.28235295 0.25490198 0.27058825 0.2784314 0.28627452 0.2901961 0.2901961 0.29411766 0.29411766 0.29411766 0.2901961 0.29411766 0.29803923 0.2784314 0.26666668 0.2901961 0.34509805 0.4509804
0.4745098 0.45882353 0.49803922 0.5882353 0.65882355 0.59607846 0.47843137 0.45490196 0.7137255 0.81960785 0.81960785 0.81960785 0.81960785 0.77254903 0.5647059 0.34509805 0.25882354 0.26666668 0.2784314 0.28627452 0.2901961 0.2901961 0.2901961 0.2901961 0.28627452 0.28627452 0.29411766 0.29411766 0.28235295 0.27058825 0.27450982 0.29803923
0.5411765 0.54901963 0.5294118 0.4862745 0.5294118 0.6627451 0.654902 0.54901963 0.7019608 0.76862746 0.77254903 0.78039217 0.7882353 0.80784315 0.8 0.6666667 0.43529412 0.2784314 0.26666668 0.2901961 0.2901961 0.2901961 0.29411766 0.29411766 0.2901961 0.28627452 0.28627452 0.2901961 0.28627452 0.2901961 0.28235295 0.27450982
0.5686275 0.56078434 0.5372549 0.49019608 0.47058824 0.50980395 0.6509804 0.72156864 0.7411765 0.74509805 0.7490196 0.7529412 0.74509805 0.7529412 0.7882353 0.81960785 0.7529412 0.54509807 0.32156864 0.27450982 0.29411766 0.29803923 0.29411766 0.2901961 0.2901961 0.28627452 0.28235295 0.28627452 0.28627452 0.2901961 0.2901961 0.28235295
0.56078434 0.5411765 0.56078434 0.56078434 0.53333336 0.5019608 0.5137255 0.6313726 0.76862746 0.7882353 0.7607843 0.7529412 0.7372549 0.7176471 0.7372549 0.78039217 0.81960785 0.80784315 0.6627451 0.39215687 0.25882354 0.2901961 0.2901961 0.28627452 0.2901961 0.28627452 0.28627452 0.2901961 0.28627452 0.28627452 0.28235295 0.28235295
0.57254905 0.5647059 0.5803922 0.5803922 0.5529412 0.53333336 0.49803922 0.48235294 0.5686275 0.7529412 0.8156863 0.78039217 0.76862746 0.74509805 0.7137255 0.7254902 0.75686276 0.8039216 0.83137256 0.74509805 0.5058824 0.30588236 0.30588236 0.29803923 0.28235295 0.28627452 0.28627452 0.29411766 0.28627452 0.2784314 0.27450982 0.27450982
0.5764706 0.59607846 0.60784316 0.5882353 0.57254905 0.5647059 0.53333336 0.4862745 0.46666667 0.5058824 0.7372549 0.8352941 0.80784315 0.7921569 0.7647059 0.7176471 0.72156864 0.7372549 0.8 0.8509804 0.70980394 0.41960785 0.32156864 0.29803923 0.2901961 0.28627452 0.28235295 0.2901961 0.2901961 0.2901961 0.2784314 0.2784314
0.5921569 0.62352943 0.6431373 0.6313726 0.5921569 0.57254905 0.56078434 0.5568628 0.61960787 0.58431375 0.57254905 0.7019608 0.81960785 0.8235294 0.8 0.77254903 0.7372549 0.7254902 0.6392157 0.39607844 0.15686275 0.11372549 0.13725491 0.15686275 0.26666668 0.30588236 0.3019608 0.2901961 0.2901961 0.2901961 0.28627452 0.2784314
0.59607846 0.6392157 0.6509804 0.6313726 0.6156863 0.6 0.6392157 0.7294118 0.79607844 0.77254903 0.6431373 0.5529412 0.67058825 0.8117647 0.83137256 0.80784315 0.7647059 0.5411765 0.18039216 0.078431375 0.08235294 0.1254902 0.15686275 0.101960786 0.18039216 0.30588236 0.29803923 0.30588236 0.29803923 0.2901961 0.2901961 0.28627452
0.5647059 0.62352943 0.6627451 0.6509804 0.64705884 0.68235296 0.77254903 0.8156863 0.81960785 0.8156863 0.77254903 0.6666667 0.5921569 0.6509804 0.78431374 0.79607844 0.5254902 0.16078432 0.047058824 0.08235294 0.11372549 0.13725491 0.14117648 0.11764706 0.13333334 0.25882354 0.40784314 0.3254902 0.3019608 0.3019608 0.29411766 0.28627452
0.5803922 0.6039216 0.6431373 0.6666667 0.67058825 0.7137255 0.79607844 0.8235294 0.81960785 0.81960785 0.81960785 0.78039217 0.68235296 0.6 0.60784316 0.5137255 0.16078432 0.05882353 0.09803922 0.09803922 0.12941177 0.11764706 0.11764706 0.1254902 0.1254902 0.19607843 0.6313726 0.5568628 0.34901962 0.29803923 0.3019608 0.29411766
0.5764706 0.5647059 0.6 0.6431373 0.67058825 0.67058825 0.7058824 0.8 0.83137256 0.83137256 0.79607844 0.74509805 0.7411765 0.70980394 0.46666667 0.25882354 0.08235294 0.08235294 0.11764706 0.12156863 0.13333334 0.12941177 0.12941177 0.14117648 0.13725491 0.13333334 0.64705884 0.8352941 0.64705884 0.42745098 0.29411766 0.29411766
0.6 0.5529412 0.5921569 0.63529414 0.6509804 0.65882355 0.65882355 0.69803923 0.7882353 0.8156863 0.75686276 0.7176471 0.69411767 0.48235294 0.23921569 0.20784314 0.09411765 0.105882354 0.13725491 0.11764706 0.12156863 0.14509805 0.13725491 0.15294118 0.14509805 0.11372549 0.5686275 0.87058824 0.85490197 0.7529412 0.52156866 0.31764707
0.6666667 0.6509804 0.63529414 0.6392157 0.6431373 0.654902 0.6627451 0.65882355 0.6745098 0.76862746 0.7137255 0.63529414 0.3882353 0.1254902 0.101960786 0.14117648 0.101960786 0.1254902 0.15686275 0.10980392 0.105882354 0.17254902 0.18431373 0.1764706 0.14901961 0.101960786 0.49803922 0.83137256 0.8392157 0.8666667 0.827451 0.63529414
0.654902 0.68235296 0.69803923 0.6666667 0.67058825 0.68235296 0.6784314 0.6784314 0.6666667 0.65882355 0.40784314 0.14901961 0.05882353 0.050980393 0.13725491 0.13333334 0.17254902 0.27450982 0.19215687 0.14901961 0.11372549 0.22352941 0.21176471 0.18039216 0.16470589 0.11372549 0.48235294 0.79607844 0.8039216 0.8392157 0.87058824 0.8666667
0.6392157 0.65882355 0.7019608 0.7176471 0.7137255 0.69803923 0.7019608 0.7019608 0.6784314 0.6666667 0.5294118 0.19607843 0.02745098 0.07450981 0.25882354 0.20784314 0.48235294 0.6392157 0.23137255 0.14509805 0.09803922 0.25490198 0.21176471 0.14117648 0.16078432 0.13333334 0.57254905 0.7921569 0.78431374 0.8117647 0.8352941 0.85490197
0.654902 0.6627451 0.6745098 0.7058824 0.7294118 0.72156864 0.70980394 0.7137255 0.74509805 0.78431374 0.7294118 0.28235295 0.02745098 0.15294118 0.39607844 0.3372549 0.75686276 0.8039216 0.54901963 0.42745098 0.34509805 0.3254902 0.1764706 0.13725491 0.18039216 0.12941177 0.5254902 0.79607844 0.78431374 0.7882353 0.8039216 0.8235294
0.65882355 0.6784314 0.6784314 0.67058825 0.6509804 0.6745098 0.7137255 0.7529412 0.7764706 0.79607844 0.7137255 0.2509804 0.07450981 0.28235295 0.33333334 0.3137255 0.6039216 0.68235296 0.74509805 0.8666667 0.7921569 0.4745098 0.23529412 0.24705882 0.1764706 0.08235294 0.21568628 0.57254905 0.74509805 0.7921569 0.79607844 0.8
0.6392157 0.6901961 0.7019608 0.6431373 0.6039216 0.6627451 0.7529412 0.7882353 0.7882353 0.7490196 0.6 0.24313726 0.18039216 0.3529412 0.29411766 0.24313726 0.25882354 0.5294118 0.69411767 0.85882354 0.78431374 0.62352943 0.54901963 0.49411765 0.25490198 0.15686275 0.11764706 0.18431373 0.4 0.654902 0.79607844 0.79607844
0.6431373 0.67058825 0.6901961 0.7058824 0.7019608 0.77254903 0.8235294 0.8117647 0.7411765 0.6627451 0.5176471 0.22352941 0.22745098 0.37254903 0.29411766 0.19215687 0.20392157 0.44705883 0.6431373 0.79607844 0.7372549 0.7764706 0.7137255 0.63529414 0.4862745 0.36862746 0.30588236 0.17254902 0.09411765 0.30980393 0.7490196 0.827451
0.6392157 0.67058825 0.7411765 0.79607844 0.8156863 0.8352941 0.7921569 0.6509804 0.6156863 0.6392157 0.6039216 0.34901962 0.21568628 0.32156864 0.23137255 0.16470589 0.31764707 0.4862745 0.6862745 0.78431374 0.74509805 0.7372549 0.6313726 0.5686275 0.5176471 0.5137255 0.49411765 0.40784314 0.1764706 0.12941177 0.69803923 0.87058824
0.6784314 0.7294118 0.7882353 0.83137256 0.8235294 0.76862746 0.6392157 0.6 0.6313726 0.6313726 0.6117647 0.4862745 0.28627452 0.26666668 0.22745098 0.25490198 0.46666667 0.53333336 0.76862746 0.77254903 0.6313726 0.6039216 0.5568628 0.5294118 0.5294118 0.5411765 0.56078434 0.4862745 0.105882354 0.16862746 0.76862746 0.8980392
0.7254902 0.74509805 0.76862746 0.78431374 0.7176471 0.5803922 0.60784316 0.6627451 0.62352943 0.57254905 0.5372549 0.5686275 0.45490196 0.3372549 0.30980393 0.4 0.54509807 0.5529412 0.7176471 0.654902 0.5254902 0.5372549 0.5411765 0.5529412 0.5764706 0.5686275 0.5686275 0.4745098 0.22745098 0.3764706 0.7294118 0.8745098
0.5803922 0.62352943 0.7372549 0.67058825 0.5686275 0.6431373 0.627451 0.6039216 0.5686275 0.5176471 0.54901963 0.64705884 0.6039216 0.54901963 0.5411765 0.5529412 0.5803922 0.61960787 0.5882353 0.56078434 0.5411765 0.5372549 0.5921569 0.6 0.59607846 0.58431375 0.5176471 0.5176471 0.6 0.5882353 0.6156863 0.6862745
0.5529412 0.5686275 0.5568628 0.56078434 0.6392157 0.64705884 0.60784316 0.60784316 0.5529412 0.5882353 0.6313726 0.6039216 0.5647059 0.5411765 0.5803922 0.6156863 0.62352943 0.58431375 0.5529412 0.5372549 0.57254905 0.60784316 0.5921569 0.54901963 0.56078434 0.5137255 0.5294118 0.6039216 0.6 0.5529412 0.5568628 0.6
0.5686275 0.5686275 0.54901963 0.5568628 0.6313726 0.6313726 0.5882353 0.5568628 0.5921569 0.6392157 0.60784316 0.5647059 0.5411765 0.5254902 0.5764706 0.6509804 0.6313726 0.5529412 0.5372549 0.56078434 0.62352943 0.6156863 0.54901963 0.5529412 0.52156866 0.56078434 0.60784316 0.5803922 0.5647059 0.5647059 0.59607846 0.60784316
0.57254905 0.5647059 0.5764706 0.5568628 0.5568628 0.5647059 0.59607846 0.6039216 0.61960787 0.6039216 0.5803922 0.57254905 0.5686275 0.60784316 0.62352943 0.62352943 0.6 0.5411765 0.54509807 0.6039216 0.59607846 0.5764706 0.58431375 0.5647059 0.5882353 0.6039216 0.6 0.5921569 0.58431375 0.6117647 0.60784316 0.5529412
0.5803922 0.5764706 0.59607846 0.6156863 0.6 0.6 0.63529414 0.62352943 0.5686275 0.57254905 0.5803922 0.6039216 0.63529414 0.6431373 0.5921569 0.5647059 0.56078434 0.57254905 0.59607846 0.6039216 0.5921569 0.56078434 0.5568628 0.59607846 0.6039216 0.59607846 0.6 0.6313726 0.6156863 0.6039216 0.5764706 0.57254905
0.5882353 0.60784316 0.61960787 0.6313726 0.67058825 0.6901961 0.61960787 0.58431375 0.5647059 0.56078434 0.6156863 0.6509804 0.64705884 0.6156863 0.57254905 0.5529412 0.59607846 0.6156863 0.6156863 0.60784316 0.57254905 0.5686275 0.627451 0.6313726 0.60784316 0.5882353 0.54901963 0.5254902 0.5176471 0.49803922 0.5529412 0.5803922
0.62352943 0.6313726 0.6431373 0.6392157 0.68235296 0.72156864 0.6862745 0.6039216 0.5647059 0.62352943 0.65882355 0.6509804 0.60784316 0.5882353 0.6039216 0.6 0.61960787 0.6117647 0.6313726 0.58431375 0.56078434 0.64705884 0.6745098 0.6156863 0.62352943 0.57254905 0.3254902 0.23529412 0.25882354 0.24313726 0.3137255 0.46666667
0.64705884 0.62352943 0.6117647 0.627451 0.6784314 0.70980394 0.7058824 0.65882355 0.57254905 0.654902 0.6156863 0.5803922 0.5686275 0.5764706 0.6 0.6117647 0.56078434 0.6 0.6039216 0.6039216 0.6313726 0.6156863 0.5921569 0.5686275 0.62352943 0.45490196 0.16078432 0.14117648 0.15686275 0.14509805 0.15294118 0.23529412
0.37254903 0.5803922 0.58431375 0.42352942 0.3764706 0.36862746 0.32941177 0.36862746 0.7176471 0.8352941 0.85882354 0.85490197 0.74509805 0.3254902 0.22745098 0.2627451 0.27058825 0.28235295 0.28627452 0.28627452 0.28627452 0.2901961 0.2901961 0.29411766 0.3019608 0.2901961 0.2784314 0.29411766 0.3372549 0.42352942 0.54901963 0.7137255
0.36078432 0.3882353 0.5647059 0.6431373 0.50980395 0.41568628 0.38431373 0.40392157 0.72156864 0.8509804 0.8666667 0.85882354 0.8 0.4862745 0.27450982 0.25490198 0.27450982 0.28235295 0.2901961 0.29411766 0.29411766 0.29803923 0.29803923 0.29803923 0.3019608 0.2901961 0.29411766 0.28627452 0.28235295 0.3137255 0.3647059 0.44705883
0.39607844 0.39215687 0.44705883 0.5686275 0.6509804 0.5882353 0.4627451 0.4392157 0.7137255 0.81960785 0.8039216 0.80784315 0.81960785 0.7764706 0.5686275 0.34901962 0.25882354 0.27450982 0.2901961 0.2901961 0.2901961 0.29411766 0.29411766 0.29411766 0.29411766 0.2901961 0.29411766 0.29411766 0.28235295 0.27450982 0.29803923 0.3254902
0.47843137 0.5137255 0.4862745 0.42352942 0.48235294 0.6509804 0.654902 0.5372549 0.6901961 0.7607843 0.75686276 0.76862746 0.78039217 0.8039216 0.8117647 0.6784314 0.4392157 0.2784314 0.27058825 0.29411766 0.29411766 0.29411766 0.29803923 0.29803923 0.29803923 0.29411766 0.2901961 0.2901961 0.28627452 0.28627452 0.2901961 0.29411766
0.5137255 0.5058824 0.47058824 0.41568628 0.38431373 0.44313726 0.627451 0.7254902 0.73333335 0.7372549 0.73333335 0.7411765 0.7372549 0.7490196 0.7882353 0.8235294 0.7647059 0.54901963 0.31764707 0.27450982 0.3019608 0.3019608 0.29803923 0.29411766 0.29411766 0.2901961 0.28627452 0.28627452 0.2901961 0.29411766 0.29803923 0.2901961
0.4862745 0.45882353 0.49411765 0.49411765 0.46666667 0.43137255 0.4509804 0.60784316 0.76862746 0.7882353 0.7490196 0.7411765 0.72156864 0.7019608 0.7294118 0.77254903 0.8235294 0.81960785 0.67058825 0.39607844 0.25882354 0.2901961 0.29411766 0.2901961 0.29411766 0.2901961 0.28627452 0.2901961 0.28627452 0.28627452 0.2901961 0.2901961
0.49411765 0.49019608 0.5176471 0.5254902 0.49411765 0.4745098 0.43137255 0.40784314 0.52156866 0.75686276 0.81960785 0.7647059 0.7490196 0.7254902 0.6901961 0.7137255 0.7529412 0.8039216 0.8352941 0.7647059 0.5058824 0.30588236 0.3019608 0.30980393 0.29803923 0.29411766 0.2901961 0.29411766 0.28627452 0.28235295 0.28235295 0.28627452
0.50980395 0.53333336 0.54901963 0.53333336 0.5176471 0.5058824 0.45882353 0.39215687 0.3764706 0.4392157 0.7176471 0.8352941 0.79607844 0.7764706 0.7411765 0.69803923 0.7058824 0.7294118 0.79607844 0.8509804 0.7176471 0.41960785 0.31764707 0.2901961 0.2901961 0.29803923 0.28627452 0.2901961 0.2901961 0.29411766 0.28627452 0.28627452
0.52156866 0.5568628 0.58431375 0.5686275 0.5372549 0.52156866 0.5058824 0.49411765 0.57254905 0.53333336 0.5058824 0.6666667 0.80784315 0.8117647 0.78431374 0.75686276 0.7176471 0.7137255 0.6313726 0.3882353 0.16078432 0.105882354 0.11764706 0.13333334 0.24705882 0.30980393 0.3019608 0.29411766 0.2901961 0.29411766 0.29411766 0.2901961
0.5176471 0.57254905 0.5921569 0.5686275 0.54901963 0.54509807 0.6039216 0.70980394 0.7882353 0.7647059 0.5921569 0.48235294 0.627451 0.8 0.8235294 0.79607844 0.7529412 0.53333336 0.1764706 0.07450981 0.06666667 0.08235294 0.101960786 0.08627451 0.16078432 0.29411766 0.30588236 0.30980393 0.3019608 0.29803923 0.29803923 0.29803923
0.48235294 0.54901963 0.6 0.58431375 0.5803922 0.6392157 0.7529412 0.80784315 0.8156863 0.8117647 0.75686276 0.62352943 0.5254902 0.6 0.76862746 0.7882353 0.52156866 0.16078432 0.047058824 0.07450981 0.08627451 0.09019608 0.08235294 0.101960786 0.105882354 0.2509804 0.41960785 0.3254902 0.3019608 0.3019608 0.29803923 0.29411766
0.49411765 0.5254902 0.5647059 0.58431375 0.6 0.6666667 0.77254903 0.8156863 0.8117647 0.8117647 0.8156863 0.76862746 0.6431373 0.5411765 0.54901963 0.4509804 0.14901961 0.05490196 0.08627451 0.078431375 0.09411765 0.08235294 0.08235294 0.105882354 0.101960786 0.19215687 0.6509804 0.5647059 0.34117648 0.29411766 0.3019608 0.29803923
0.48235294 0.46666667 0.50980395 0.54901963 0.5803922 0.5882353 0.654902 0.7764706 0.8156863 0.8156863 0.7882353 0.7411765 0.7254902 0.69411767 0.39215687 0.14509805 0.05882353 0.07058824 0.09411765 0.09803922 0.09803922 0.09803922 0.09803922 0.11372549 0.1254902 0.12156863 0.6627451 0.85490197 0.654902 0.42745098 0.28627452 0.2901961
0.5058824 0.44705883 0.49411765 0.5372549 0.5529412 0.5647059 0.5764706 0.6431373 0.7647059 0.8 0.7529412 0.70980394 0.6901961 0.47843137 0.19215687 0.1254902 0.07450981 0.08627451 0.10980392 0.09411765 0.09803922 0.11764706 0.105882354 0.12941177 0.13333334 0.101960786 0.57254905 0.88235295 0.8666667 0.76862746 0.52156866 0.30980393
0.59607846 0.5686275 0.5372549 0.5411765 0.54901963 0.5686275 0.5764706 0.57254905 0.6156863 0.75686276 0.7137255 0.6313726 0.38431373 0.11372549 0.08235294 0.105882354 0.08627451 0.101960786 0.13333334 0.09411765 0.08627451 0.12156863 0.14117648 0.14901961 0.14117648 0.09411765 0.5019608 0.8352941 0.84313726 0.88235295 0.8392157 0.6431373
0.5803922 0.627451 0.63529414 0.5764706 0.5686275 0.5882353 0.5882353 0.59607846 0.6156863 0.6156863 0.38431373 0.14117648 0.050980393 0.050980393 0.09411765 0.09019608 0.14509805 0.24705882 0.16862746 0.13333334 0.101960786 0.16862746 0.18039216 0.15686275 0.15294118 0.101960786 0.4862745 0.8 0.8117647 0.84313726 0.8784314 0.88235295
0.54901963 0.5882353 0.6509804 0.65882355 0.6392157 0.60784316 0.6313726 0.654902 0.6392157 0.61960787 0.49019608 0.16862746 0.023529412 0.08235294 0.20784314 0.13725491 0.45490196 0.62352943 0.20784314 0.12941177 0.08627451 0.2 0.18431373 0.1254902 0.14509805 0.1254902 0.58431375 0.8 0.7882353 0.81960785 0.8352941 0.8627451
0.5411765 0.5764706 0.6039216 0.65882355 0.6745098 0.654902 0.6666667 0.6862745 0.7411765 0.7921569 0.7372549 0.25490198 0.023529412 0.13725491 0.36078432 0.29411766 0.7372549 0.8 0.53333336 0.41568628 0.32941177 0.2784314 0.14901961 0.1254902 0.16862746 0.12941177 0.5411765 0.8117647 0.7882353 0.7882353 0.80784315 0.8352941
0.52156866 0.5647059 0.6039216 0.6039216 0.56078434 0.59607846 0.6666667 0.74509805 0.7921569 0.8235294 0.7372549 0.21960784 0.0627451 0.26666668 0.2901961 0.27450982 0.5803922 0.6745098 0.73333335 0.8509804 0.77254903 0.44313726 0.21960784 0.23137255 0.15686275 0.078431375 0.21960784 0.5882353 0.7607843 0.8 0.79607844 0.80784315
0.5058824 0.5803922 0.627451 0.5647059 0.5137255 0.6039216 0.7254902 0.8117647 0.81960785 0.8 0.6156863 0.21176471 0.15686275 0.3254902 0.24313726 0.18431373 0.21176471 0.5254902 0.7019608 0.84313726 0.7647059 0.6039216 0.5372549 0.48235294 0.24313726 0.13725491 0.101960786 0.1882353 0.40784314 0.67058825 0.80784315 0.8039216
0.5411765 0.5921569 0.6392157 0.654902 0.6627451 0.78431374 0.8509804 0.84313726 0.7882353 0.7058824 0.5176471 0.18431373 0.1764706 0.32941177 0.23529412 0.11764706 0.15686275 0.47843137 0.6745098 0.78039217 0.7254902 0.75686276 0.7019608 0.6392157 0.5019608 0.36078432 0.2627451 0.14901961 0.09019608 0.31764707 0.7647059 0.8392157
0.5529412 0.6156863 0.7294118 0.8117647 0.84313726 0.87058824 0.8352941 0.6862745 0.654902 0.654902 0.61960787 0.34509805 0.17254902 0.2784314 0.16470589 0.101960786 0.31764707 0.54901963 0.7019608 0.77254903 0.7372549 0.7294118 0.654902 0.60784316 0.5647059 0.5764706 0.4745098 0.3529412 0.15294118 0.13725491 0.72156864 0.88235295
0.67058825 0.7411765 0.827451 0.8666667 0.8627451 0.80784315 0.6627451 0.6039216 0.6431373 0.6666667 0.6784314 0.54509807 0.29803923 0.2509804 0.20392157 0.2509804 0.50980395 0.5803922 0.74509805 0.77254903 0.6627451 0.64705884 0.61960787 0.59607846 0.5921569 0.5803922 0.5803922 0.49411765 0.101960786 0.17254902 0.7882353 0.9098039
0.75686276 0.79607844 0.8156863 0.81960785 0.75686276 0.6117647 0.60784316 0.654902 0.63529414 0.627451 0.6039216 0.6039216 0.47843137 0.34509805 0.31764707 0.44705883 0.6039216 0.6039216 0.7490196 0.7176471 0.5764706 0.5803922 0.5882353 0.6 0.6156863 0.6 0.6392157 0.5529412 0.2627451 0.37254903 0.7137255 0.8901961
0.4745098 0.5764706 0.7607843 0.72156864 0.5882353 0.63529414 0.6156863 0.63529414 0.64705884 0.5921569 0.5686275 0.654902 0.68235296 0.6117647 0.5803922 0.6117647 0.63529414 0.6784314 0.67058825 0.60784316 0.5921569 0.6156863 0.65882355 0.6313726 0.6392157 0.6784314 0.62352943 0.59607846 0.6509804 0.64705884 0.6313726 0.6509804
0.44313726 0.4509804 0.4745098 0.5529412 0.6392157 0.61960787 0.6392157 0.6745098 0.6039216 0.6039216 0.6431373 0.62352943 0.6117647 0.5921569 0.6431373 0.68235296 0.68235296 0.6666667 0.6117647 0.58431375 0.6509804 0.6862745 0.63529414 0.6117647 0.6666667 0.6039216 0.6 0.65882355 0.6745098 0.6431373 0.59607846 0.56078434
0.45882353 0.4509804 0.42745098 0.4745098 0.64705884 0.68235296 0.6745098 0.60784316 0.6039216 0.6862745 0.6784314 0.63529414 0.6039216 0.5882353 0.627451 0.6745098 0.7019608 0.6313726 0.6039216 0.63529414 0.67058825 0.6431373 0.61960787 0.6392157 0.6039216 0.60784316 0.654902 0.6627451 0.63529414 0.5921569 0.60784316 0.6509804
0.45882353 0.45490196 0.45882353 0.4509804 0.54509807 0.6313726 0.6313726 0.6156863 0.6627451 0.6784314 0.63529414 0.6313726 0.64705884 0.65882355 0.6509804 0.654902 0.67058825 0.61960787 0.6431373 0.6509804 0.61960787 0.654902 0.6862745 0.61960787 0.61960787 0.64705884 0.6784314 0.6745098 0.6039216 0.627451 0.64705884 0.59607846
0.4509804 0.45882353 0.47843137 0.49803922 0.52156866 0.57254905 0.654902 0.69411767 0.64705884 0.6313726 0.6392157 0.6745098 0.6784314 0.67058825 0.6431373 0.6313726 0.6431373 0.67058825 0.65882355 0.6392157 0.64705884 0.6627451 0.6313726 0.627451 0.654902 0.6666667 0.6784314 0.6784314 0.6431373 0.6431373 0.6156863 0.5882353
0.46666667 0.4862745 0.5019608 0.52156866 0.5686275 0.6 0.61960787 0.65882355 0.63529414 0.62352943 0.69411767 0.7176471 0.6901961 0.67058825 0.6392157 0.63529414 0.6784314 0.6901961 0.67058825 0.6862745 0.67058825 0.63529414 0.654902 0.69411767 0.7019608 0.6666667 0.5529412 0.48235294 0.49019608 0.4627451 0.52156866 0.6431373
0.5176471 0.5254902 0.5294118 0.5372549 0.59607846 0.6431373 0.6313726 0.6117647 0.6392157 0.6745098 0.70980394 0.73333335 0.6901961 0.6431373 0.6862745 0.69803923 0.6627451 0.6627451 0.7372549 0.6901961 0.63529414 0.6784314 0.7254902 0.72156864 0.69803923 0.58431375 0.2509804 0.14509805 0.17254902 0.14509805 0.22745098 0.5019608
0.5529412 0.52156866 0.5137255 0.53333336 0.5882353 0.6313726 0.63529414 0.6117647 0.54509807 0.6901961 0.69803923 0.67058825 0.6313726 0.6627451 0.7137255 0.6666667 0.6117647 0.69411767 0.69803923 0.67058825 0.6862745 0.69411767 0.7019608 0.654902 0.67058825 0.41568628 0.07058824 0.050980393 0.0627451 0.05490196 0.05490196 0.16862746
25 20 0
24 25 1
2 6 1
2 12 1
12 16 2
5 0 0
9 3 2
15 24 0
25 26 2
19 6 2
