32, 32, 3, 10
1.0 1.0 1.0 1.0 1.0 1.0 1.0 1.0 1.0 1.0 1.0 1.0 1.0 1.0 1.0 1.0 1.0 1.0 1.0 1.0 1.0 1.0 1.0 1.0 1.0 1.0 1.0 1.0 1.0 1.0 1.0 1.0
1.0 0.99215686 0.99215686 0.99215686 0.99215686 0.99215686 0.99215686 0.99215686 0.99215686 0.99215686 0.99215686 0.99215686 0.99215686 0.99215686 0.99215686 0.99215686 0.99215686 0.99215686 0.99215686 0.99215686 0.99215686 0.99215686 0.99215686 0.99215686 0.99215686 0.99215686 0.99215686 0.99215686 0.99607843 1.0 0.99607843 0.99215686
1.0 0.99215686 0.99607843 0.99607843 0.99607843 0.99607843 0.99607843 0.99607843 0.99607843 0.99607843 0.99607843 0.99607843 0.99607843 0.99607843 0.99607843 0.99607843 0.99607843 0.99607843 0.99607843 0.99607843 0.99215686 0.99215686 0.99607843 0.99607843 0.99607843 0.99607843 1.0 0.99607843 0.9607843 0.8901961 0.91764706 1.0
1.0 0.99215686 0.99607843 0.99607843 0.99607843 0.99607843 0.99607843 0.99607843 1.0 1.0 1.0 0.99607843 0.9882353 0.99215686 0.99607843 0.99607843 0.99607843 0.9882353 0.98039216 1.0 1.0 1.0 1.0 1.0 1.0 0.9843137 0.9372549 0.84313726 0.6117647 0.53333336 0.6901961 0.96862745
1.0 0.99215686 0.99607843 0.99607843 0.99607843 0.99607843 0.99607843 0.99607843 0.99607843 0.99607843 0.99607843 0.99215686 0.98039216 0.9843137 0.99607843 1.0 1.0 1.0 0.99607843 0.93333334 0.8352941 0.8117647 0.8666667 0.88235295 0.84313726 0.80784315 0.63529414 0.6156863 0.56078434 0.49411765 0.54901963 0.70980394
1.0 0.99215686 0.99607843 0.99607843 0.99607843 0.99607843 0.99607843 0.99215686 0.9882353 0.99215686 1.0 0.99607843 0.9882353 0.9882353 0.98039216 0.96862745 0.91764706 0.84313726 0.78039217 0.6117647 0.54509807 0.58431375 0.60784316 0.5882353 0.6117647 0.64705884 0.63529414 0.6392157 0.627451 0.5176471 0.52156866 0.61960787
1.0 0.99215686 0.99607843 0.99607843 0.99607843 0.99607843 0.99607843 0.99607843 1.0 0.9647059 0.91764706 0.92156863 0.85490197 0.79607844 0.7529412 0.7254902 0.69411767 0.6313726 0.5764706 0.5019608 0.45882353 0.48235294 0.49411765 0.4627451 0.44705883 0.48235294 0.52156866 0.5882353 0.6039216 0.58431375 0.63529414 0.827451
1.0 0.99215686 0.99607843 0.99607843 0.99607843 0.99215686 0.99215686 1.0 0.8862745 0.69803923 0.6509804 0.69411767 0.6862745 0.627451 0.60784316 0.6117647 0.5686275 0.5058824 0.49411765 0.37254903 0.27058825 0.25882354 0.39607844 0.5176471 0.47058824 0.4509804 0.49019608 0.5294118 0.54509807 0.5921569 0.654902 0.8392157
1.0 0.99215686 0.99607843 0.99607843 0.99607843 1.0 0.96862745 0.7921569 0.5764706 0.5411765 0.64705884 0.6392157 0.61960787 0.6156863 0.5803922 0.49803922 0.37254903 0.36862746 0.48235294 0.45490196 0.3764706 0.36078432 0.47058824 0.5568628 0.49803922 0.47843137 0.50980395 0.50980395 0.58431375 0.59607846 0.7019608 0.8235294
1.0 0.99215686 0.99607843 0.99215686 1.0 0.9411765 0.7294118 0.54509807 0.49803922 0.6 0.6509804 0.6431373 0.58431375 0.5647059 0.5137255 0.38431373 0.29411766 0.38039216 0.4745098 0.4627451 0.49019608 0.5176471 0.56078434 0.5294118 0.5137255 0.5529412 0.6156863 0.6745098 0.70980394 0.654902 0.7607843 0.8666667
1.0 0.99215686 0.99607843 1.0 0.89411765 0.69803923 0.60784316 0.63529414 0.6039216 0.5529412 0.5882353 0.5686275 0.5882353 0.59607846 0.43137255 0.34117648 0.3529412 0.41568628 0.47843137 0.5176471 0.6666667 0.7176471 0.654902 0.5882353 0.62352943 0.6784314 0.68235296 0.6862745 0.68235296 0.7019608 0.76862746 0.87058824
1.0 0.99215686 0.99607843 0.9372549 0.63529414 0.60784316 0.654902 0.6313726 0.49019608 0.49803922 0.6117647 0.65882355 0.7764706 0.6666667 0.41960785 0.3647059 0.4745098 0.4862745 0.6156863 0.7882353 0.827451 0.7529412 0.7058824 0.69803923 0.6901961 0.654902 0.6627451 0.74509805 0.78039217 0.84313726 0.77254903 0.6392157
1.0 0.99607843 0.9372549 0.64705884 0.5686275 0.5058824 0.40784314 0.38431373 0.39215687 0.4745098 0.7254902 0.92156863 0.92156863 0.7294118 0.41568628 0.3764706 0.6392157 0.7254902 0.7764706 0.7882353 0.6901961 0.7137255 0.7529412 0.78431374 0.80784315 0.7921569 0.8039216 0.75686276 0.7294118 0.7294118 0.5764706 0.43137255
1.0 0.94509804 0.7490196 0.5764706 0.42745098 0.37254903 0.32941177 0.4117647 0.43529412 0.4509804 0.6313726 0.83137256 0.78039217 0.70980394 0.54901963 0.6901961 0.7529412 0.78039217 0.7372549 0.6745098 0.72156864 0.7529412 0.80784315 0.8039216 0.79607844 0.7529412 0.7607843 0.68235296 0.7921569 0.6901961 0.5686275 0.5176471
0.9882353 0.7254902 0.5176471 0.5411765 0.43529412 0.41960785 0.5019608 0.5882353 0.45490196 0.6156863 0.6627451 0.7254902 0.827451 0.79607844 0.81960785 0.84705883 0.6431373 0.68235296 0.68235296 0.6666667 0.6509804 0.6509804 0.6862745 0.73333335 0.60784316 0.56078434 0.7529412 0.81960785 0.8666667 0.69411767 0.52156866 0.57254905
0.8627451 0.54901963 0.54509807 0.5764706 0.47058824 0.54509807 0.69803923 0.5372549 0.41568628 0.69411767 0.8901961 0.73333335 0.68235296 0.87058824 0.77254903 0.70980394 0.654902 0.60784316 0.64705884 0.6156863 0.7019608 0.7529412 0.73333335 0.65882355 0.6156863 0.5921569 0.6627451 0.8784314 0.8392157 0.5686275 0.5058824 0.5882353
0.62352943 0.5568628 0.5137255 0.57254905 0.56078434 0.63529414 0.57254905 0.4509804 0.5137255 0.80784315 0.94509804 0.8156863 0.6745098 0.654902 0.57254905 0.49803922 0.54901963 0.5529412 0.69803923 0.81960785 0.7254902 0.78039217 0.7921569 0.5254902 0.61960787 0.79607844 0.78431374 0.8980392 0.69803923 0.44705883 0.47058824 0.5921569
0.5803922 0.5294118 0.5294118 0.7254902 0.6901961 0.6039216 0.5411765 0.45490196 0.65882355 0.8627451 0.70980394 0.54901963 0.43529412 0.44705883 0.43529412 0.41960785 0.5921569 0.61960787 0.6666667 0.9098039 0.84705883 0.69411767 0.827451 0.7176471 0.70980394 0.81960785 0.8352941 0.7921569 0.5372549 0.4 0.45490196 0.5803922
0.56078434 0.52156866 0.54509807 0.78431374 0.7176471 0.6666667 0.78039217 0.70980394 0.5529412 0.56078434 0.46666667 0.4862745 0.49019608 0.4745098 0.5529412 0.6156863 0.8 0.8 0.74509805 0.90588236 0.92941177 0.8 0.8862745 0.89411765 0.84313726 0.8745098 0.8156863 0.627451 0.41568628 0.45490196 0.4627451 0.5294118
0.6784314 0.72156864 0.6156863 0.627451 0.5647059 0.5137255 0.73333335 0.7137255 0.41960785 0.4392157 0.4745098 0.49803922 0.6313726 0.5882353 0.6392157 0.6666667 0.6431373 0.7294118 0.7019608 0.8627451 0.8980392 0.8666667 0.8627451 0.78431374 0.7921569 0.81960785 0.7764706 0.47843137 0.34509805 0.43137255 0.5137255 0.5568628
0.7921569 0.64705884 0.80784315 0.8235294 0.65882355 0.59607846 0.60784316 0.39607844 0.4392157 0.5176471 0.5568628 0.5921569 0.6901961 0.7882353 0.7529412 0.69803923 0.6666667 0.69411767 0.69803923 0.9098039 0.8745098 0.81960785 0.8509804 0.85882354 0.81960785 0.6862745 0.52156866 0.40784314 0.47058824 0.46666667 0.45882353 0.54509807
0.70980394 0.6117647 0.8784314 0.65882355 0.5647059 0.75686276 0.67058825 0.4745098 0.49803922 0.49019608 0.5411765 0.6 0.61960787 0.53333336 0.6313726 0.654902 0.6431373 0.73333335 0.8156863 0.94509804 0.81960785 0.78039217 0.8784314 0.84313726 0.7607843 0.6156863 0.64705884 0.6509804 0.5882353 0.6117647 0.63529414 0.68235296
0.7411765 0.6862745 0.8352941 0.73333335 0.6 0.7607843 0.7921569 0.6666667 0.5372549 0.49803922 0.49411765 0.5254902 0.53333336 0.5529412 0.68235296 0.7137255 0.7607843 0.8117647 0.9137255 0.9411765 0.8117647 0.8039216 0.827451 0.827451 0.88235295 0.7882353 0.8117647 0.7137255 0.6431373 0.7019608 0.7372549 0.91764706
0.9019608 0.7294118 0.7176471 0.9254902 0.7882353 0.76862746 0.7921569 0.79607844 0.6313726 0.47843137 0.47058824 0.4862745 0.54509807 0.6117647 0.5764706 0.6313726 0.8235294 0.8039216 0.84705883 0.83137256 0.7647059 0.8235294 0.9019608 0.9843137 0.9529412 0.8156863 0.83137256 0.84313726 0.76862746 0.83137256 0.95686275 0.99607843
0.9764706 0.7647059 0.67058825 0.8509804 0.9137255 0.7921569 0.68235296 0.8156863 0.69411767 0.5568628 0.5294118 0.5254902 0.5294118 0.5529412 0.54901963 0.61960787 0.7411765 0.7607843 0.8 0.827451 0.90588236 0.96862745 0.9882353 1.0 0.9607843 0.89411765 0.9647059 0.99607843 0.92941177 0.94509804 1.0 0.9882353
1.0 0.96862745 0.8039216 0.74509805 0.8745098 0.8392157 0.76862746 0.8 0.69411767 0.60784316 0.5764706 0.5882353 0.56078434 0.56078434 0.61960787 0.7019608 0.83137256 0.93333334 0.95686275 0.9764706 0.99607843 0.99215686 0.98039216 0.99215686 1.0 1.0 0.99607843 0.99607843 1.0 1.0 0.99607843 0.99607843
0.99607843 0.9882353 0.972549 0.91764706 0.8666667 0.7764706 0.7921569 0.8156863 0.7294118 0.6666667 0.5921569 0.60784316 0.57254905 0.52156866 0.5411765 0.654902 0.84313726 0.96862745 0.9764706 0.95686275 0.96862745 0.98039216 0.9882353 0.99607843 0.99607843 0.99215686 0.99215686 0.99607843 0.99607843 0.99607843 0.99607843 0.99607843
1.0 0.9882353 0.99607843 0.99607843 0.9764706 0.9411765 0.9254902 0.93333334 0.9607843 0.9607843 0.7294118 0.627451 0.63529414 0.5294118 0.5294118 0.5803922 0.6745098 0.7529412 0.78431374 0.8352941 0.85882354 0.92941177 0.99215686 0.99607843 0.99607843 0.99607843 0.99607843 0.99607843 0.99607843 0.99607843 0.99607843 0.99607843
1.0 0.99607843 0.99607843 0.9843137 0.9882353 1.0 1.0 1.0 0.99215686 1.0 0.93333334 0.6784314 0.6431373 0.64705884 0.59607846 0.58431375 0.6156863 0.7176471 0.7019608 0.7607843 0.9098039 0.9843137 0.99607843 0.99607843 0.99607843 0.99607843 0.99607843 0.99607843 0.99607843 0.99607843 0.99607843 0.99607843
1.0 0.99607843 0.99607843 0.99607843 0.99607843 0.99607843 0.99607843 0.99607843 0.99215686 0.99215686 0.99607843 0.91764706 0.7647059 0.7372549 0.7921569 0.7882353 0.8117647 0.87058824 0.88235295 0.8235294 0.9529412 1.0 0.99607843 0.99607843 0.99607843 0.99607843 0.99607843 0.99607843 0.99607843 0.99607843 0.99607843 0.99607843
1.0 0.99215686 0.99607843 0.99607843 0.99607843 0.99607843 0.99607843 0.99607843 0.99607843 0.99607843 0.99215686 1.0 0.99607843 0.9843137 0.9882353 0.99607843 1.0 0.99607843 0.99607843 0.9882353 0.99607843 0.99607843 0.99607843 0.99607843 0.99607843 0.99607843 0.99607843 0.99607843 0.99607843 0.99607843 0.99607843 0.99607843
1.0 0.99215686 0.99607843 0.99607843 0.99607843 0.99607843 0.99607843 0.99607843 0.99607843 0.99607843 0.99607843 0.99215686 0.9882353 0.9882353 0.9843137 0.9843137 0.9843137 0.9843137 0.9843137 0.9882353 0.99215686 0.99607843 0.99607843 0.99607843 0.99607843 0.99607843 0.99607843 0.99607843 0.99607843 0.99607843 0.99607843 0.99607843
1.0 1.0 1.0 1.0 1.0 1.0 1.0 1.0 1.0 1.0 1.0 1.0 1.0 1.0 1.0 1.0 1.0 1.0 1.0 1.0 1.0 1.0 1.0 1.0 1.0 1.0 1.0 1.0 1.0 1.0 1.0 1.0
1.0 0.99215686 0.99215686 0.99215686 0.99215686 0.99215686 0.99215686 0.99215686 0.99215686 0.99215686 0.99215686 0.99215686 0.99215686 0.99215686 0.99215686 0.99215686 0.99215686 0.99215686 0.99215686 0.99215686 0.99215686 0.99215686 0.99215686 0.99215686 0.99215686 0.99215686 0.99215686 0.99215686 0.99607843 1.0 0.99607843 0.99215686
1.0 0.99215686 0.99607843 0.99607843 0.99607843 0.99607843 0.99607843 0.99607843 0.99607843 0.99607843 0.99607843 0.99607843 0.99607843 0.99607843 0.99607843 0.99607843 0.99607843 0.99607843 0.99607843 0.99607843 0.99215686 0.99607843 0.99607843 0.99607843 0.99607843 0.99607843 1.0 0.99607843 0.9607843 0.88235295 0.9098039 0.99215686
1.0 0.99215686 0.99607843 0.99607843 0.99607843 0.99607843 0.99607843 0.99607843 0.99215686 0.99215686 0.99215686 0.99215686 1.0 1.0 0.99607843 0.99607843 0.99215686 0.99215686 0.99215686 0.99607843 1.0 1.0 1.0 1.0 1.0 0.99215686 0.9254902 0.8117647 0.56078434 0.4862745 0.654902 0.9529412
1.0 0.99215686 0.99607843 0.99607843 0.99607843 0.99607843 0.99607843 0.99607843 0.99607843 0.99607843 0.99607843 0.99607843 1.0 1.0 1.0 1.0 1.0 1.0 1.0 0.9137255 0.8 0.78039217 0.83137256 0.84705883 0.8117647 0.78039217 0.58431375 0.54901963 0.4862745 0.4392157 0.5137255 0.69411767
1.0 0.99215686 0.99607843 0.99607843 0.99607843 0.99607843 0.99607843 0.99607843 0.99607843 1.0 1.0 1.0 1.0 0.99215686 0.972549 0.9607843 0.9137255 0.8352941 0.7607843 0.57254905 0.49803922 0.53333336 0.54509807 0.5137255 0.53333336 0.5647059 0.5568628 0.5647059 0.5647059 0.4862745 0.5019608 0.61960787
1.0 0.99215686 0.99607843 0.99607843 0.99607843 0.99607843 0.99607843 0.99215686 0.99607843 0.9529412 0.90588236 0.9098039 0.827451 0.7607843 0.7058824 0.6745098 0.64705884 0.5764706 0.52156866 0.4745098 0.4509804 0.46666667 0.45882353 0.40784314 0.38039216 0.40784314 0.44313726 0.5137255 0.53333336 0.5372549 0.6039216 0.8117647
1.0 0.99215686 0.99607843 0.99607843 0.99607843 0.99215686 0.99215686 0.99215686 0.8627451 0.6627451 0.60784316 0.64705884 0.627451 0.5529412 0.5254902 0.5411765 0.5019608 0.42352942 0.41960785 0.34509805 0.29411766 0.28235295 0.38431373 0.46666667 0.40784314 0.4 0.43529412 0.4745098 0.4862745 0.5254902 0.5921569 0.79607844
1.0 0.99215686 0.99607843 0.99607843 0.99607843 0.99607843 0.9607843 0.77254903 0.5372549 0.49019608 0.5882353 0.5764706 0.54901963 0.5254902 0.49803922 0.44313726 0.3254902 0.3019608 0.4117647 0.40784314 0.38039216 0.36078432 0.43137255 0.4862745 0.42352942 0.42352942 0.44705883 0.4509804 0.50980395 0.49411765 0.6 0.7607843
1.0 0.99215686 0.99607843 0.99215686 1.0 0.9254902 0.69803923 0.5019608 0.44705883 0.5411765 0.58431375 0.5686275 0.5019608 0.47058824 0.4392157 0.34117648 0.25882354 0.3372549 0.41960785 0.4117647 0.43529412 0.4509804 0.49019608 0.45882353 0.44705883 0.48235294 0.52156866 0.5529412 0.57254905 0.50980395 0.63529414 0.8
1.0 0.99215686 0.99607843 1.0 0.8862745 0.6627451 0.54509807 0.5686275 0.5411765 0.48235294 0.5137255 0.49019608 0.49019608 0.49411765 0.36078432 0.30980393 0.30980393 0.36862746 0.42352942 0.43529412 0.5568628 0.6 0.54901963 0.49411765 0.5294118 0.57254905 0.56078434 0.54509807 0.5411765 0.5764706 0.65882355 0.80784315
1.0 0.99215686 0.99607843 0.92941177 0.60784316 0.5568628 0.58431375 0.56078434 0.42745098 0.42745098 0.5254902 0.5647059 0.67058825 0.56078434 0.3529412 0.32941177 0.40392157 0.4117647 0.5372549 0.67058825 0.69411767 0.62352943 0.5803922 0.5764706 0.5647059 0.5254902 0.5372549 0.62352943 0.67058825 0.7607843 0.69803923 0.5882353
1.0 0.99215686 0.91764706 0.6039216 0.5176471 0.4627451 0.3764706 0.34901962 0.34117648 0.4 0.627451 0.80784315 0.80784315 0.6313726 0.34117648 0.30980393 0.53333336 0.6039216 0.654902 0.6627451 0.57254905 0.6039216 0.6392157 0.68235296 0.69411767 0.67058825 0.68235296 0.63529414 0.61960787 0.654902 0.52156866 0.39607844
1.0 0.93333334 0.7176471 0.5372549 0.39607844 0.34509805 0.30980393 0.38431373 0.39215687 0.38039216 0.5294118 0.7137255 0.67058825 0.6117647 0.46666667 0.6156863 0.64705884 0.65882355 0.6156863 0.5529412 0.60784316 0.6431373 0.69803923 0.69803923 0.6862745 0.6431373 0.6509804 0.57254905 0.6862745 0.61960787 0.5137255 0.48235294
0.9843137 0.7019608 0.4745098 0.5058824 0.40392157 0.38039216 0.45882353 0.54509807 0.40784314 0.54901963 0.5647059 0.6117647 0.72156864 0.6901961 0.7254902 0.75686276 0.5372549 0.57254905 0.57254905 0.5568628 0.5411765 0.5411765 0.5764706 0.61960787 0.49803922 0.45490196 0.6509804 0.7176471 0.76862746 0.62352943 0.46666667 0.5411765
0.8509804 0.5176471 0.49411765 0.5294118 0.41568628 0.48235294 0.627451 0.4745098 0.3647059 0.627451 0.79607844 0.61960787 0.57254905 0.7647059 0.6666667 0.6039216 0.5529412 0.5019608 0.5411765 0.5137255 0.59607846 0.6431373 0.62352943 0.5529412 0.50980395 0.49803922 0.5686275 0.7882353 0.7490196 0.49803922 0.4509804 0.5568628
0.59607846 0.5176471 0.4627451 0.49803922 0.48235294 0.5686275 0.50980395 0.3882353 0.4509804 0.7294118 0.84313726 0.7019608 0.5803922 0.57254905 0.49803922 0.42745098 0.4627451 0.4509804 0.5921569 0.7058824 0.61960787 0.6745098 0.6862745 0.41960785 0.50980395 0.6901961 0.6784314 0.79607844 0.6 0.3764706 0.41960785 0.5568628
0.5372549 0.47843137 0.47058824 0.6509804 0.6117647 0.53333336 0.47843137 0.38039216 0.57254905 0.78431374 0.627451 0.4627451 0.3647059 0.3882353 0.38431373 0.36862746 0.5137255 0.5176471 0.5568628 0.7921569 0.7372549 0.58431375 0.72156864 0.60784316 0.59607846 0.7058824 0.7294118 0.69411767 0.44705883 0.33333334 0.40392157 0.54509807
0.5058824 0.4627451 0.4745098 0.70980394 0.6431373 0.58431375 0.7019608 0.61960787 0.45490196 0.47843137 0.40784314 0.43137255 0.43529412 0.41568628 0.49019608 0.54509807 0.7137255 0.69803923 0.63529414 0.7882353 0.8117647 0.68235296 0.76862746 0.77254903 0.7176471 0.75686276 0.7176471 0.54901963 0.34509805 0.3882353 0.4117647 0.49411765
0.61960787 0.654902 0.54509807 0.5568628 0.4862745 0.41960785 0.6313726 0.61960787 0.34117648 0.3647059 0.4117647 0.4392157 0.56078434 0.50980395 0.54509807 0.5686275 0.54901963 0.6313726 0.5921569 0.74509805 0.77254903 0.7411765 0.7372549 0.654902 0.65882355 0.69411767 0.6784314 0.41568628 0.29411766 0.3647059 0.4627451 0.52156866
0.7294118 0.5764706 0.7254902 0.7372549 0.5647059 0.5058824 0.52156866 0.31764707 0.37254903 0.45490196 0.4862745 0.50980395 0.60784316 0.69803923 0.6509804 0.6 0.5764706 0.59607846 0.58431375 0.78431374 0.75686276 0.7058824 0.7254902 0.7254902 0.6862745 0.5686275 0.42745098 0.3372549 0.41568628 0.4117647 0.4 0.49803922
0.6509804 0.53333336 0.7882353 0.5686275 0.47843137 0.67058825 0.58431375 0.38431373 0.41960785 0.43137255 0.47843137 0.5137255 0.5411765 0.44705883 0.5372549 0.5568628 0.54901963 0.627451 0.7019608 0.8235294 0.6862745 0.6509804 0.75686276 0.7294118 0.6666667 0.5372549 0.5686275 0.5647059 0.5137255 0.5647059 0.5764706 0.6392157
0.7019608 0.6156863 0.7411765 0.64705884 0.5176471 0.6627451 0.6784314 0.5529412 0.44705883 0.4392157 0.43529412 0.45490196 0.4627451 0.4745098 0.5803922 0.6 0.64705884 0.7058824 0.8039216 0.8352941 0.6784314 0.6666667 0.7294118 0.76862746 0.84705883 0.7529412 0.7607843 0.63529414 0.5647059 0.6509804 0.7019608 0.9019608
0.88235295 0.6627451 0.6156863 0.81960785 0.68235296 0.65882355 0.68235296 0.68235296 0.53333336 0.41960785 0.41960785 0.42745098 0.49019608 0.5372549 0.47058824 0.5019608 0.69803923 0.6862745 0.7411765 0.7294118 0.6666667 0.7411765 0.85882354 0.972549 0.9411765 0.78039217 0.7921569 0.8039216 0.72156864 0.7882353 0.9490196 1.0
0.9647059 0.7176471 0.58431375 0.74509805 0.80784315 0.6901961 0.5882353 0.7058824 0.5803922 0.47843137 0.46666667 0.4627451 0.47058824 0.48235294 0.44705883 0.49019608 0.6156863 0.654902 0.7254902 0.78039217 0.8745098 0.95686275 0.9882353 1.0 0.9529412 0.87058824 0.94509804 0.9882353 0.91764706 0.9254902 1.0 0.99607843
1.0 0.94509804 0.75686276 0.65882355 0.7607843 0.72156864 0.6392157 0.6666667 0.5764706 0.52156866 0.49803922 0.5058824 0.49019608 0.5019608 0.54509807 0.6039216 0.76862746 0.9098039 0.95686275 1.0 1.0 1.0 1.0 0.99607843 0.99607843 1.0 0.99607843 0.99607843 1.0 1.0 0.99607843 0.99607843
1.0 0.99215686 0.96862745 0.8627451 0.77254903 0.67058825 0.6745098 0.70980394 0.65882355 0.6117647 0.5294118 0.5254902 0.50980395 0.47843137 0.49411765 0.5921569 0.81960785 0.9647059 0.9647059 0.9411765 0.9529412 0.972549 0.99607843 0.99607843 0.99215686 0.99215686 0.99215686 0.99607843 0.99607843 0.99607843 0.99607843 0.99607843
1.0 0.99607843 1.0 1.0 0.9764706 0.92941177 0.90588236 0.9137255 0.9490196 0.94509804 0.6784314 0.5411765 0.54901963 0.47058824 0.48235294 0.5176471 0.6 0.6745098 0.7058824 0.74509805 0.7921569 0.9019608 0.99215686 0.99607843 0.99607843 0.99607843 0.99607843 0.99607843 0.99607843 0.99607843 0.99607843 0.99607843
1.0 0.99215686 0.99215686 0.99215686 0.99607843 1.0 1.0 1.0 1.0 1.0 0.90588236 0.6 0.5372549 0.5686275 0.53333336 0.50980395 0.5294118 0.6313726 0.62352943 0.69411767 0.8666667 0.9647059 0.9882353 0.99607843 0.99607843 0.99607843 0.99607843 0.99607843 0.99607843 0.99607843 0.99607843 0.99607843
1.0 0.99215686 0.99607843 0.99607843 0.99607843 0.99215686 0.99215686 0.99607843 0.99607843 0.99215686 0.99607843 0.90588236 0.7254902 0.69803923 0.7529412 0.7490196 0.77254903 0.8392157 0.84705883 0.7882353 0.9411765 1.0 0.99607843 0.99607843 0.99607843 0.99607843 0.99607843 0.99607843 0.99607843 0.99607843 0.99607843 0.99607843
1.0 0.99215686 0.99607843 0.99607843 0.99607843 0.99607843 0.99607843 0.99607843 0.99607843 0.99607843 0.99215686 1.0 0.99215686 0.98039216 0.9843137 0.99215686 0.99607843 0.99215686 0.99215686 0.9843137 0.99215686 0.99607843 0.99607843 0.99607843 0.99607843 0.99607843 0.99607843 0.99607843 0.99607843 0.99607843 0.99607843 0.99607843
1.0 0.99215686 0.99607843 0.99607843 0.99607843 0.99607843 0.99607843 0.99607843 0.99607843 0.99607843 0.99607843 0.99607843 0.99607843 1.0 0.99607843 0.99607843 0.99607843 0.99607843 0.99607843 1.0 0.99607843 0.99607843 0.99607843 0.99607843 0.99607843 0.99607843 0.99607843 0.99607843 0.99607843 0.99607843 0.99607843 0.99607843
1.0 1.0 1.0 1.0 1.0 1.0 1.0 1.0 1.0 1.0 1.0 1.0 1.0 1.0 1.0 1.0 1.0 1.0 1.0 1.0 1.0 1.0 1.0 1.0 1.0 1.0 1.0 1.0 1.0 1.0 1.0 1.0
1.0 0.99215686 0.99215686 0.99215686 0.99215686 0.99215686 0.99215686 0.99215686 0.99215686 0.99215686 0.99215686 0.99215686 0.99215686 0.99215686 0.99215686 0.99215686 0.99215686 0.99215686 0.99215686 0.99215686 0.99215686 0.99215686 0.99215686 0.99215686 0.99215686 0.99215686 0.99215686 0.99215686 0.99215686 0.99607843 0.99215686 0.99215686
1.0 0.99215686 0.99607843 0.99607843 0.99607843 0.99607843 0.99607843 0.99607843 0.99607843 0.99607843 0.99607843 0.99607843 0.99607843 0.99607843 0.99607843 0.99607843 0.99607843 0.99607843 0.99607843 0.99607843 0.99607843 0.99607843 0.99607843 0.99215686 0.99215686 0.99607843 1.0 0.99607843 0.95686275 0.8745098 0.8980392 0.98039216
1.0 0.99215686 0.99607843 0.99607843 0.99607843 0.99607843 0.99607843 0.99607843 0.99607843 0.99607843 0.99607843 1.0 1.0 0.99607843 0.9882353 0.9843137 0.9843137 0.99607843 0.99607843 1.0 1.0 1.0 1.0 1.0 1.0 0.9882353 0.9098039 0.78039217 0.5254902 0.45882353 0.63529414 0.9411765
1.0 0.99215686 0.99607843 0.99607843 0.99607843 0.99607843 0.99607843 0.99607843 0.99607843 0.99607843 0.99607843 0.99607843 1.0 1.0 0.99607843 0.9882353 0.9843137 1.0 0.99215686 0.88235295 0.7607843 0.7490196 0.8156863 0.84313726 0.79607844 0.7411765 0.54509807 0.5019608 0.43529412 0.4 0.48235294 0.6784314
1.0 0.99215686 0.99607843 0.99607843 0.99607843 0.99607843 0.99607843 0.99215686 0.98039216 0.9882353 0.99215686 0.99215686 1.0 0.9882353 0.96862745 0.9490196 0.8862745 0.79607844 0.70980394 0.50980395 0.4392157 0.47843137 0.49411765 0.46666667 0.47843137 0.49803922 0.5058824 0.5294118 0.53333336 0.4392157 0.46666667 0.6
1.0 0.99215686 0.99607843 0.99607843 0.99607843 0.99607843 0.99607843 0.9882353 0.98039216 0.9372549 0.89411765 0.89411765 0.8117647 0.7411765 0.6784314 0.6392157 0.6039216 0.52156866 0.46666667 0.4392157 0.41960785 0.43137255 0.41568628 0.36862746 0.33333334 0.35686275 0.40784314 0.4862745 0.50980395 0.49803922 0.57254905 0.79607844
1.0 0.99215686 0.99607843 0.99607843 0.99607843 0.99215686 0.99215686 0.9843137 0.8509804 0.64705884 0.5882353 0.62352943 0.5921569 0.5176471 0.49019608 0.49803922 0.45490196 0.3647059 0.3647059 0.32156864 0.29411766 0.27450982 0.36078432 0.42745098 0.37254903 0.37254903 0.40784314 0.44313726 0.45490196 0.49803922 0.5686275 0.78431374
1.0 0.99215686 0.99607843 0.99607843 0.99607843 0.99215686 0.9490196 0.75686276 0.5176471 0.4627451 0.5529412 0.5372549 0.5058824 0.49411765 0.47058824 0.4117647 0.29803923 0.2627451 0.3529412 0.35686275 0.36078432 0.34901962 0.40392157 0.4392157 0.3764706 0.38431373 0.4 0.39215687 0.45882353 0.45882353 0.5686275 0.7411765
1.0 0.99215686 0.99607843 0.99215686 1.0 0.9098039 0.6666667 0.4745098 0.41960785 0.5058824 0.54509807 0.52156866 0.44705883 0.43529412 0.41568628 0.32156864 0.24705882 0.3137255 0.38039216 0.35686275 0.36862746 0.3882353 0.43529412 0.41568628 0.39607844 0.4117647 0.44705883 0.47843137 0.49803922 0.4392157 0.57254905 0.7647059
1.0 0.99215686 0.99607843 1.0 0.8745098 0.6313726 0.49411765 0.52156866 0.5058824 0.44313726 0.46666667 0.43137255 0.43137255 0.45490196 0.34117648 0.29411766 0.29411766 0.34509805 0.38039216 0.35686275 0.44705883 0.49411765 0.4627451 0.43137255 0.47058824 0.49803922 0.4862745 0.4627451 0.45882353 0.5019608 0.5882353 0.7647059
1.0 0.9882353 0.99215686 0.91764706 0.5882353 0.52156866 0.5294118 0.50980395 0.39607844 0.38431373 0.47058824 0.49411765 0.6039216 0.5176471 0.33333334 0.32156864 0.3647059 0.36078432 0.4745098 0.57254905 0.5764706 0.5176471 0.4862745 0.49019608 0.49411765 0.46666667 0.47058824 0.54509807 0.5921569 0.7176471 0.6509804 0.54509807
1.0 0.9843137 0.8980392 0.5686275 0.47843137 0.43137255 0.3529412 0.3254902 0.31764707 0.3764706 0.5647059 0.7058824 0.72156864 0.5686275 0.30980393 0.29803923 0.46666667 0.5137255 0.5686275 0.57254905 0.48235294 0.5176471 0.5568628 0.6 0.6156863 0.6 0.6117647 0.5647059 0.5568628 0.62352943 0.49411765 0.37254903
1.0 0.91764706 0.6901961 0.50980395 0.36862746 0.32156864 0.29411766 0.35686275 0.34509805 0.3372549 0.47843137 0.6392157 0.5764706 0.5294118 0.40392157 0.56078434 0.57254905 0.5764706 0.5372549 0.47058824 0.5254902 0.56078434 0.6156863 0.6156863 0.6117647 0.5764706 0.58431375 0.5019608 0.627451 0.5882353 0.49019608 0.45882353
0.9764706 0.6784314 0.4392157 0.4745098 0.3764706 0.3529412 0.42352942 0.50980395 0.36862746 0.49019608 0.5019608 0.5529412 0.64705884 0.6117647 0.6431373 0.67058825 0.45490196 0.49803922 0.49803922 0.47843137 0.45882353 0.45882353 0.49411765 0.5372549 0.42745098 0.4 0.59607846 0.6627451 0.7176471 0.5921569 0.44313726 0.5176471
0.8352941 0.4862745 0.45490196 0.49019608 0.38039216 0.43529412 0.57254905 0.44705883 0.3529412 0.56078434 0.7058824 0.54901963 0.5254902 0.70980394 0.5921569 0.52156866 0.47843137 0.43529412 0.4745098 0.44313726 0.5176471 0.56078434 0.5411765 0.47058824 0.4392157 0.4392157 0.5137255 0.73333335 0.7019608 0.46666667 0.42745098 0.53333336
0.57254905 0.48235294 0.42352942 0.46666667 0.4392157 0.5137255 0.4745098 0.39215687 0.44313726 0.64705884 0.7411765 0.627451 0.52156866 0.5137255 0.44313726 0.3764706 0.40392157 0.39215687 0.5254902 0.63529414 0.5372549 0.5921569 0.6117647 0.35686275 0.4392157 0.60784316 0.6117647 0.74509805 0.5568628 0.34117648 0.3882353 0.5372549
0.5254902 0.45882353 0.44313726 0.6117647 0.54901963 0.46666667 0.42745098 0.36078432 0.5372549 0.69803923 0.54509807 0.41568628 0.31764707 0.34117648 0.34509805 0.33333334 0.4627451 0.4627451 0.49411765 0.72156864 0.654902 0.5058824 0.6509804 0.54901963 0.5294118 0.62352943 0.6627451 0.64705884 0.40784314 0.2901961 0.37254903 0.5254902
0.49803922 0.44313726 0.4509804 0.654902 0.57254905 0.52156866 0.627451 0.5568628 0.40784314 0.41568628 0.3529412 0.4 0.40392157 0.38431373 0.45882353 0.50980395 0.6666667 0.6431373 0.57254905 0.7176471 0.73333335 0.6039216 0.7019608 0.7176471 0.65882355 0.6901961 0.65882355 0.5058824 0.30980393 0.34901962 0.3764706 0.47843137
0.5803922 0.60784316 0.49411765 0.49803922 0.44313726 0.38431373 0.5686275 0.5529412 0.3019608 0.32941177 0.36862746 0.39215687 0.5294118 0.47058824 0.49803922 0.5137255 0.49411765 0.5764706 0.5294118 0.6745098 0.69411767 0.6627451 0.6745098 0.6 0.60784316 0.63529414 0.6313726 0.3764706 0.25882354 0.3254902 0.42745098 0.5058824
0.6862745 0.5176471 0.65882355 0.6745098 0.52156866 0.47058824 0.48235294 0.2784314 0.34509805 0.42352942 0.44313726 0.45882353 0.56078434 0.64705884 0.5882353 0.5294118 0.5254902 0.54901963 0.5294118 0.7176471 0.6862745 0.6431373 0.6745098 0.6862745 0.6431373 0.5137255 0.38039216 0.3019608 0.3764706 0.36078432 0.37254903 0.49019608
0.6156863 0.4862745 0.7254902 0.5137255 0.43137255 0.61960787 0.53333336 0.34117648 0.3882353 0.39215687 0.44313726 0.48235294 0.49411765 0.39215687 0.4745098 0.49411765 0.49803922 0.58431375 0.6509804 0.7647059 0.627451 0.59607846 0.70980394 0.6862745 0.627451 0.49803922 0.5254902 0.5254902 0.4627451 0.5058824 0.5568628 0.63529414
0.67058825 0.5764706 0.69411767 0.6039216 0.4745098 0.60784316 0.6117647 0.49019608 0.40392157 0.4 0.40392157 0.43137255 0.42352942 0.42745098 0.53333336 0.54901963 0.59607846 0.654902 0.75686276 0.78431374 0.63529414 0.627451 0.6862745 0.7254902 0.8117647 0.7294118 0.7254902 0.5882353 0.50980395 0.6 0.6862745 0.8980392
0.85490197 0.6313726 0.5764706 0.76862746 0.61960787 0.6 0.62352943 0.627451 0.4862745 0.3764706 0.39607844 0.4117647 0.45882353 0.49803922 0.43137255 0.45882353 0.6392157 0.627451 0.6901961 0.6862745 0.6431373 0.7294118 0.84313726 0.95686275 0.91764706 0.74509805 0.75686276 0.7647059 0.68235296 0.7490196 0.93333334 1.0
0.9529412 0.69411767 0.54901963 0.6862745 0.73333335 0.62352943 0.52156866 0.6392157 0.5176471 0.43529412 0.4392157 0.4392157 0.43529412 0.4509804 0.41960785 0.45882353 0.5686275 0.6039216 0.6784314 0.7411765 0.85882354 0.9529412 0.99215686 1.0 0.9372549 0.84313726 0.9254902 0.96862745 0.9019608 0.90588236 0.99215686 0.99607843
1.0 0.92941177 0.7294118 0.6156863 0.7176471 0.67058825 0.5764706 0.6 0.50980395 0.47843137 0.4627451 0.45882353 0.44705883 0.4745098 0.52156866 0.57254905 0.7490196 0.8980392 0.9490196 0.9882353 0.99215686 0.99215686 1.0 0.9843137 0.9843137 1.0 0.99607843 0.99607843 1.0 1.0 0.99607843 0.99607843
1.0 0.9764706 0.94509804 0.84313726 0.75686276 0.64705884 0.6431373 0.67058825 0.61960787 0.58431375 0.49019608 0.47058824 0.45882353 0.44705883 0.4627451 0.54901963 0.8 0.95686275 0.9607843 0.9411765 0.93333334 0.9607843 0.99607843 0.99215686 0.9882353 0.99215686 0.99215686 0.99607843 0.99607843 0.99607843 0.99607843 0.99607843
1.0 0.99215686 0.99215686 0.99607843 0.972549 0.91764706 0.8862745 0.89411765 0.9372549 0.93333334 0.6392157 0.47843137 0.50980395 0.44705883 0.4509804 0.47058824 0.5568628 0.63529414 0.65882355 0.69411767 0.7490196 0.8862745 0.99607843 1.0 0.99607843 0.99607843 0.99607843 0.99607843 0.99607843 0.99607843 0.99607843 0.99607843
1.0 0.99607843 1.0 0.99607843 1.0 1.0 1.0 1.0 1.0 0.99607843 0.8745098 0.54901963 0.50980395 0.54901963 0.5058824 0.4745098 0.5058824 0.60784316 0.5803922 0.6392157 0.827451 0.9490196 0.99215686 1.0 0.99607843 0.99607843 0.99607843 0.99607843 0.99607843 0.99607843 0.99607843 0.99607843
1.0 0.99215686 0.99607843 0.99607843 0.99607843 0.99607843 0.99607843 0.99607843 0.99607843 0.99215686 0.99215686 0.8980392 0.70980394 0.6784314 0.73333335 0.73333335 0.75686276 0.8235294 0.827451 0.76862746 0.92941177 1.0 0.99607843 0.99607843 0.99607843 0.99607843 0.99607843 0.99607843 0.99607843 0.99607843 0.99607843 0.99607843
1.0 0.99215686 0.99607843 0.99607843 0.99607843 0.99607843 0.99607843 0.99607843 0.99607843 0.99607843 0.99215686 1.0 0.99215686 0.98039216 0.9843137 0.99215686 0.99607843 0.99215686 0.9882353 0.9843137 0.99215686 0.99607843 0.99607843 0.99607843 0.99607843 0.99607843 0.99607843 0.99607843 0.99607843 0.99607843 0.99607843 0.99607843
1.0 0.99215686 0.99607843 0.99607843 0.99607843 0.99607843 0.99607843 0.99607843 0.99607843 0.99607843 0.99607843 0.99607843 0.99607843 1.0 0.99607843 1.0 1.0 0.99607843 0.99607843 1.0 0.99607843 0.99607843 0.99607843 0.99607843 0.99607843 0.99607843 0.99607843 0.99607843 0.99607843 0.99607843 0.99607843 0.99607843
8 13 0
0 23 2
23 9 2
9 14 2
14 20 2
2 7 1
20 18 0
21 15 1
27 23 1
15 27 1
