32, 32, 3, 10
0.972549 0.96862745 0.9647059 0.9607843 0.9529412 0.94509804 0.9490196 0.9647059 0.98039216 0.99607843 1.0 0.99215686 0.9647059 0.9529412 0.94509804 0.93333334 0.9254902 0.92156863 0.91764706 0.91764706 0.92156863 0.92156863 0.92156863 0.91764706 0.9137255 0.91764706 0.92156863 0.9254902 0.9411765 0.93333334 0.84313726 0.654902
0.95686275 0.9529412 0.9490196 0.9411765 0.93333334 0.9254902 0.9411765 0.9647059 0.98039216 0.9843137 0.9843137 0.98039216 0.9647059 0.9490196 0.9411765 0.94509804 0.95686275 0.95686275 0.9411765 0.9254902 0.91764706 0.92156863 0.9254902 0.93333334 0.9372549 0.94509804 0.95686275 0.95686275 0.94509804 0.8039216 0.5803922 0.5294118
0.9647059 0.9647059 0.9607843 0.94509804 0.9372549 0.9411765 0.9607843 0.9764706 0.9882353 0.9882353 0.9843137 0.9843137 0.9843137 0.98039216 0.9764706 0.98039216 0.98039216 0.9843137 0.972549 0.9607843 0.9529412 0.9529412 0.9411765 0.92941177 0.89411765 0.8901961 0.87058824 0.84313726 0.8039216 0.64705884 0.5019608 0.5019608
0.9529412 0.9607843 0.972549 0.9647059 0.96862745 0.95686275 0.9647059 0.9882353 0.9843137 0.972549 0.9647059 0.9764706 0.9843137 0.9843137 0.9843137 0.9843137 0.972549 0.9372549 0.9254902 0.9372549 0.8980392 0.8352941 0.78431374 0.7647059 0.7254902 0.77254903 0.75686276 0.74509805 0.7411765 0.72156864 0.6117647 0.57254905
0.9647059 0.9843137 0.9843137 0.9882353 0.9882353 0.9843137 0.99215686 0.99607843 0.9882353 0.9647059 0.95686275 0.96862745 0.98039216 0.9764706 0.9647059 0.9764706 0.9607843 0.8392157 0.8039216 0.80784315 0.76862746 0.7411765 0.7607843 0.7764706 0.79607844 0.8039216 0.7882353 0.77254903 0.78039217 0.73333335 0.5529412 0.54901963
0.9254902 0.95686275 0.972549 0.9647059 0.9607843 0.972549 0.9843137 0.9843137 0.9882353 0.9882353 0.98039216 0.95686275 0.9490196 0.9490196 0.9490196 0.96862745 0.96862745 0.8156863 0.7529412 0.78431374 0.8 0.8156863 0.81960785 0.8156863 0.8235294 0.8156863 0.80784315 0.8 0.7921569 0.7254902 0.52156866 0.5294118
0.90588236 0.9411765 0.9490196 0.94509804 0.9411765 0.9490196 0.9647059 0.98039216 0.9882353 0.9882353 0.96862745 0.9529412 0.9490196 0.9411765 0.9411765 0.9607843 0.95686275 0.83137256 0.78039217 0.80784315 0.8156863 0.8156863 0.81960785 0.8235294 0.8235294 0.8156863 0.8156863 0.8 0.7882353 0.7176471 0.5058824 0.5058824
0.9098039 0.93333334 0.93333334 0.93333334 0.92941177 0.93333334 0.9411765 0.96862745 0.98039216 0.98039216 0.98039216 0.9764706 0.96862745 0.9647059 0.9647059 0.9647059 0.9647059 0.84313726 0.7882353 0.80784315 0.8117647 0.81960785 0.827451 0.81960785 0.81960785 0.8156863 0.81960785 0.8039216 0.7921569 0.7176471 0.49803922 0.48235294
0.8862745 0.8901961 0.89411765 0.89411765 0.8862745 0.87058824 0.85490197 0.8235294 0.8901961 0.9490196 0.9607843 0.95686275 0.9411765 0.92941177 0.9254902 0.9254902 0.91764706 0.8156863 0.78039217 0.8039216 0.8117647 0.8235294 0.8235294 0.8156863 0.8235294 0.81960785 0.8156863 0.8 0.79607844 0.7254902 0.49803922 0.45490196
0.9372549 0.9411765 0.93333334 0.8901961 0.85490197 0.8862745 0.78039217 0.63529414 0.73333335 0.8509804 0.83137256 0.83137256 0.8980392 0.9411765 0.8784314 0.85882354 0.8901961 0.8392157 0.8509804 0.8627451 0.87058824 0.8784314 0.8745098 0.85490197 0.827451 0.80784315 0.8156863 0.8039216 0.7921569 0.7411765 0.5176471 0.43137255
0.93333334 0.93333334 0.85882354 0.7529412 0.6901961 0.654902 0.5921569 0.5686275 0.6509804 0.7137255 0.72156864 0.74509805 0.8156863 0.84705883 0.83137256 0.8235294 0.81960785 0.76862746 0.74509805 0.76862746 0.74509805 0.69803923 0.6901961 0.73333335 0.7490196 0.78431374 0.8117647 0.79607844 0.7921569 0.7372549 0.5176471 0.41568628
0.8352941 0.79607844 0.69411767 0.6156863 0.5529412 0.4745098 0.5647059 0.7294118 0.79607844 0.8392157 0.7921569 0.8117647 0.80784315 0.7176471 0.68235296 0.4862745 0.32156864 0.25490198 0.3137255 0.56078434 0.5568628 0.4627451 0.39607844 0.56078434 0.7372549 0.74509805 0.78039217 0.7764706 0.78039217 0.7254902 0.50980395 0.41568628
0.5647059 0.6039216 0.6431373 0.5686275 0.4862745 0.54901963 0.7647059 0.7921569 0.827451 0.8117647 0.77254903 0.84705883 0.80784315 0.70980394 0.52156866 0.23529412 0.16470589 0.1254902 0.2627451 0.50980395 0.57254905 0.5019608 0.23529412 0.46666667 0.74509805 0.7137255 0.73333335 0.7372549 0.7411765 0.7019608 0.5137255 0.43529412
0.45490196 0.5568628 0.61960787 0.5764706 0.6431373 0.79607844 0.79607844 0.7921569 0.7921569 0.77254903 0.81960785 0.8235294 0.7411765 0.627451 0.32156864 0.20784314 0.18039216 0.13333334 0.2784314 0.49803922 0.5411765 0.42745098 0.21176471 0.41568628 0.7254902 0.7058824 0.7019608 0.7019608 0.7137255 0.6901961 0.5058824 0.44313726
0.53333336 0.60784316 0.60784316 0.63529414 0.79607844 0.8 0.78431374 0.80784315 0.7882353 0.81960785 0.83137256 0.74509805 0.67058825 0.40784314 0.2 0.22352941 0.18039216 0.18431373 0.30980393 0.5058824 0.5019608 0.28235295 0.19215687 0.34901962 0.6862745 0.7058824 0.68235296 0.67058825 0.6901961 0.68235296 0.49803922 0.43529412
0.63529414 0.64705884 0.64705884 0.8039216 0.8392157 0.75686276 0.81960785 0.827451 0.81960785 0.827451 0.7764706 0.7058824 0.52156866 0.22745098 0.2 0.2509804 0.20784314 0.22352941 0.29411766 0.40784314 0.4392157 0.32156864 0.34901962 0.4509804 0.6745098 0.69411767 0.6784314 0.65882355 0.6666667 0.6745098 0.49411765 0.42745098
0.7372549 0.7254902 0.72156864 0.8117647 0.827451 0.78039217 0.7764706 0.83137256 0.827451 0.79607844 0.7372549 0.6784314 0.50980395 0.27058825 0.32156864 0.3529412 0.39607844 0.44705883 0.4509804 0.5176471 0.61960787 0.6509804 0.6666667 0.6862745 0.6901961 0.6784314 0.68235296 0.6666667 0.6666667 0.6784314 0.5058824 0.43137255
0.67058825 0.6901961 0.7137255 0.73333335 0.7882353 0.72156864 0.7176471 0.7411765 0.7647059 0.78431374 0.72156864 0.6862745 0.6745098 0.6431373 0.6627451 0.6666667 0.65882355 0.49411765 0.5529412 0.68235296 0.69411767 0.7019608 0.68235296 0.6666667 0.67058825 0.65882355 0.68235296 0.58431375 0.58431375 0.654902 0.4862745 0.42352942
0.7254902 0.7764706 0.7921569 0.76862746 0.7647059 0.74509805 0.7647059 0.7607843 0.7529412 0.7647059 0.69411767 0.6745098 0.69411767 0.69411767 0.6901961 0.67058825 0.654902 0.4509804 0.5254902 0.6627451 0.6666667 0.6784314 0.67058825 0.5803922 0.47843137 0.6 0.64705884 0.5058824 0.52156866 0.6 0.44705883 0.3882353
0.7294118 0.8 0.8039216 0.7607843 0.74509805 0.75686276 0.7490196 0.74509805 0.7372549 0.7254902 0.6862745 0.67058825 0.69411767 0.69411767 0.6901961 0.6784314 0.67058825 0.6666667 0.65882355 0.6509804 0.64705884 0.654902 0.64705884 0.5921569 0.54509807 0.6039216 0.6 0.45490196 0.4627451 0.54901963 0.43137255 0.36078432
0.7372549 0.69411767 0.654902 0.7058824 0.7019608 0.7176471 0.74509805 0.6745098 0.6666667 0.73333335 0.7058824 0.65882355 0.6666667 0.6627451 0.6784314 0.6745098 0.654902 0.6509804 0.6666667 0.6666667 0.654902 0.65882355 0.64705884 0.6392157 0.6431373 0.627451 0.59607846 0.44313726 0.46666667 0.52156866 0.42352942 0.32941177
0.7647059 0.7294118 0.68235296 0.69803923 0.5921569 0.41568628 0.3882353 0.33333334 0.42745098 0.63529414 0.56078434 0.59607846 0.65882355 0.62352943 0.63529414 0.6509804 0.6627451 0.6745098 0.6901961 0.67058825 0.654902 0.654902 0.6509804 0.63529414 0.61960787 0.6392157 0.6666667 0.49411765 0.39607844 0.49019608 0.4117647 0.29803923
0.78431374 0.7294118 0.6666667 0.7019608 0.68235296 0.64705884 0.5882353 0.5137255 0.5803922 0.6784314 0.57254905 0.60784316 0.7019608 0.6862745 0.6901961 0.68235296 0.6666667 0.6666667 0.6627451 0.5137255 0.56078434 0.67058825 0.6627451 0.65882355 0.63529414 0.6156863 0.5921569 0.35686275 0.11372549 0.16470589 0.1882353 0.1882353
0.83137256 0.7647059 0.64705884 0.6627451 0.6666667 0.6901961 0.61960787 0.5529412 0.58431375 0.6862745 0.67058825 0.6117647 0.67058825 0.6745098 0.68235296 0.6784314 0.6627451 0.64705884 0.61960787 0.3647059 0.41960785 0.49803922 0.40784314 0.34117648 0.28235295 0.23921569 0.21960784 0.105882354 0.015686275 0.023529412 0.03529412 0.05882353
0.85490197 0.9137255 0.85882354 0.76862746 0.6862745 0.6509804 0.5686275 0.4509804 0.4117647 0.56078434 0.5568628 0.5568628 0.6784314 0.67058825 0.6666667 0.67058825 0.6666667 0.654902 0.58431375 0.20784314 0.101960786 0.1254902 0.10980392 0.09803922 0.07058824 0.039215688 0.05490196 0.06666667 0.039215688 0.023529412 0.02745098 0.05882353
0.6862745 0.74509805 0.8392157 0.8352941 0.8156863 0.80784315 0.7529412 0.69411767 0.6313726 0.5568628 0.43137255 0.42745098 0.6509804 0.6901961 0.6784314 0.6862745 0.6784314 0.64705884 0.5176471 0.12156863 0.08627451 0.14117648 0.15294118 0.14509805 0.14117648 0.11764706 0.050980393 0.05882353 0.06666667 0.15294118 0.15294118 0.0627451
0.7764706 0.6901961 0.6901961 0.6156863 0.5019608 0.6862745 0.6666667 0.78039217 0.74509805 0.5764706 0.2 0.19607843 0.54509807 0.6509804 0.6156863 0.59607846 0.5686275 0.5882353 0.32941177 0.105882354 0.16078432 0.19607843 0.20784314 0.23529412 0.18431373 0.11764706 0.1254902 0.0627451 0.13333334 0.41568628 0.41960785 0.2901961
0.80784315 0.78039217 0.72156864 0.63529414 0.5058824 0.5764706 0.44705883 0.61960787 0.6901961 0.5921569 0.21176471 0.16470589 0.42352942 0.4745098 0.4392157 0.38431373 0.4117647 0.5137255 0.17254902 0.12941177 0.14901961 0.34117648 0.4392157 0.34901962 0.34117648 0.17254902 0.1254902 0.09411765 0.15294118 0.43137255 0.4627451 0.44705883
0.7921569 0.78431374 0.7764706 0.7176471 0.69803923 0.69803923 0.6392157 0.5568628 0.6 0.5411765 0.1882353 0.15294118 0.36078432 0.3529412 0.3019608 0.2901961 0.35686275 0.2509804 0.10980392 0.14901961 0.1882353 0.3764706 0.33333334 0.14901961 0.28235295 0.24705882 0.11764706 0.16862746 0.18039216 0.23529412 0.25882354 0.22352941
0.7921569 0.78431374 0.78039217 0.7764706 0.7607843 0.7607843 0.7294118 0.5686275 0.654902 0.5686275 0.24705882 0.07450981 0.07450981 0.08235294 0.07058824 0.08627451 0.18039216 0.1254902 0.09803922 0.13725491 0.21176471 0.35686275 0.30980393 0.25882354 0.3019608 0.19607843 0.14509805 0.17254902 0.20392157 0.1882353 0.17254902 0.15686275
0.78039217 0.77254903 0.76862746 0.7647059 0.75686276 0.7490196 0.7294118 0.70980394 0.6784314 0.59607846 0.32941177 0.13725491 0.09411765 0.07450981 0.07450981 0.05490196 0.039215688 0.05882353 0.08235294 0.11764706 0.13725491 0.16470589 0.23921569 0.23921569 0.2 0.15294118 0.11372549 0.14117648 0.17254902 0.18039216 0.21960784 0.21960784
0.7647059 0.7529412 0.7294118 0.6666667 0.60784316 0.57254905 0.5254902 0.47058824 0.40784314 0.32941177 0.24705882 0.18431373 0.14901961 0.12156863 0.101960786 0.08235294 0.05882353 0.05490196 0.05490196 0.0627451 0.078431375 0.11372549 0.1254902 0.11372549 0.11764706 0.10980392 0.1254902 0.16078432 0.2 0.22352941 0.30588236 0.41960785
0.9882353 0.9843137 0.9843137 0.9764706 0.9764706 0.9764706 0.98039216 0.98039216 0.99215686 1.0 1.0 1.0 0.96862745 0.9529412 0.9490196 0.94509804 0.9490196 0.94509804 0.94509804 0.9411765 0.94509804 0.9490196 0.94509804 0.9411765 0.9372549 0.9411765 0.9411765 0.9411765 0.9529412 0.9490196 0.85882354 0.67058825
0.972549 0.96862745 0.9647059 0.95686275 0.9529412 0.95686275 0.972549 0.98039216 0.9882353 0.99215686 0.99215686 0.9882353 0.972549 0.9529412 0.9411765 0.9529412 0.972549 0.972549 0.95686275 0.9411765 0.93333334 0.9372549 0.9411765 0.9490196 0.9529412 0.95686275 0.95686275 0.94509804 0.93333334 0.7921569 0.5686275 0.5254902
0.98039216 0.98039216 0.9764706 0.9607843 0.9607843 0.972549 0.9882353 0.99607843 0.99607843 0.99607843 0.99607843 0.99607843 0.99607843 0.9882353 0.9843137 0.9882353 0.9843137 0.9882353 0.9764706 0.9647059 0.95686275 0.9607843 0.9490196 0.9372549 0.9019608 0.8980392 0.87058824 0.8352941 0.8 0.6392157 0.49411765 0.50980395
0.95686275 0.9647059 0.9764706 0.96862745 0.9764706 0.972549 0.9764706 0.99607843 0.99215686 0.9764706 0.96862745 0.98039216 0.9882353 0.9882353 0.9882353 0.9843137 0.972549 0.93333334 0.9254902 0.9372549 0.89411765 0.83137256 0.78431374 0.7607843 0.72156864 0.7647059 0.75686276 0.7411765 0.7372549 0.7176471 0.6039216 0.5764706
0.9647059 0.9843137 0.9843137 0.9882353 0.9882353 0.9882353 0.99215686 1.0 0.99215686 0.96862745 0.9607843 0.96862745 0.98039216 0.9764706 0.9647059 0.9764706 0.9607843 0.8392157 0.8039216 0.80784315 0.76862746 0.7372549 0.7529412 0.76862746 0.7882353 0.7921569 0.78431374 0.77254903 0.78039217 0.7294118 0.54901963 0.56078434
0.93333334 0.96862745 0.98039216 0.9764706 0.9647059 0.972549 0.9843137 0.9843137 0.99215686 0.99215686 0.98039216 0.95686275 0.9490196 0.9490196 0.9490196 0.972549 0.9764706 0.827451 0.7607843 0.79607844 0.80784315 0.81960785 0.8235294 0.81960785 0.8235294 0.8156863 0.8117647 0.80784315 0.8039216 0.73333335 0.5294118 0.54901963
0.92156863 0.9607843 0.9647059 0.9607843 0.9490196 0.9411765 0.9607843 0.98039216 0.99215686 0.99215686 0.972549 0.95686275 0.9490196 0.9411765 0.9411765 0.96862745 0.9764706 0.8509804 0.8 0.827451 0.83137256 0.83137256 0.83137256 0.83137256 0.83137256 0.8235294 0.827451 0.8156863 0.80784315 0.7372549 0.5254902 0.53333336
0.92156863 0.9529412 0.9607843 0.9607843 0.94509804 0.9411765 0.9490196 0.972549 0.99215686 0.9882353 0.98039216 0.9764706 0.96862745 0.9647059 0.96862745 0.972549 0.9764706 0.85882354 0.80784315 0.83137256 0.8392157 0.8392157 0.84313726 0.8352941 0.8352941 0.83137256 0.8352941 0.8235294 0.80784315 0.7372549 0.5176471 0.5058824
0.8784314 0.9098039 0.9254902 0.91764706 0.8980392 0.88235295 0.8666667 0.83137256 0.8901961 0.9411765 0.9411765 0.9411765 0.92941177 0.9254902 0.92941177 0.92156863 0.9137255 0.81960785 0.7921569 0.827451 0.8392157 0.84313726 0.8392157 0.83137256 0.8392157 0.8352941 0.83137256 0.8156863 0.80784315 0.7372549 0.5137255 0.47843137
0.93333334 0.95686275 0.9490196 0.8901961 0.8509804 0.8901961 0.7882353 0.6313726 0.70980394 0.8156863 0.8 0.8039216 0.8784314 0.92941177 0.87058824 0.85882354 0.89411765 0.84313726 0.85882354 0.8745098 0.8862745 0.89411765 0.8901961 0.87058824 0.84313726 0.8235294 0.83137256 0.8156863 0.8039216 0.75686276 0.53333336 0.45882353
0.93333334 0.9411765 0.8627451 0.7411765 0.6745098 0.6509804 0.5921569 0.5686275 0.64705884 0.7019608 0.70980394 0.7372549 0.8156863 0.85490197 0.8392157 0.8392157 0.8392157 0.78431374 0.7490196 0.76862746 0.74509805 0.7058824 0.7058824 0.7490196 0.7647059 0.8 0.827451 0.8117647 0.8039216 0.7529412 0.53333336 0.4392157
0.83137256 0.79607844 0.6901961 0.6039216 0.53333336 0.45882353 0.56078434 0.7411765 0.8156863 0.8627451 0.8117647 0.83137256 0.83137256 0.7529412 0.72156864 0.5254902 0.34901962 0.27450982 0.3254902 0.5568628 0.5529412 0.47843137 0.41960785 0.5764706 0.7529412 0.7607843 0.79607844 0.7882353 0.7921569 0.7372549 0.52156866 0.42352942
0.56078434 0.58431375 0.6156863 0.5529412 0.46666667 0.54509807 0.7921569 0.8352941 0.85490197 0.8156863 0.7921569 0.8627451 0.81960785 0.7372549 0.5764706 0.28235295 0.1882353 0.14901961 0.28627452 0.52156866 0.5882353 0.54509807 0.27450982 0.48235294 0.75686276 0.7372549 0.7490196 0.7529412 0.7647059 0.72156864 0.50980395 0.41960785
0.47058824 0.54509807 0.5882353 0.5411765 0.61960787 0.8 0.8235294 0.8352941 0.81960785 0.78039217 0.8352941 0.84705883 0.7764706 0.68235296 0.39607844 0.27058825 0.22352941 0.16862746 0.30588236 0.5137255 0.56078434 0.4745098 0.2509804 0.43529412 0.7372549 0.7294118 0.7176471 0.7137255 0.7411765 0.70980394 0.5058824 0.42745098
0.5372549 0.5921569 0.5803922 0.6039216 0.7921569 0.83137256 0.81960785 0.84313726 0.8156863 0.8352941 0.84313726 0.78039217 0.7411765 0.5019608 0.30588236 0.30980393 0.24705882 0.23529412 0.34509805 0.52156866 0.5176471 0.32941177 0.23137255 0.3647059 0.69803923 0.7254902 0.69803923 0.6862745 0.7176471 0.7019608 0.49803922 0.42352942
0.6117647 0.61960787 0.627451 0.79607844 0.8666667 0.8156863 0.8627451 0.8627451 0.84705883 0.84705883 0.78431374 0.74509805 0.6117647 0.34901962 0.31764707 0.34901962 0.28235295 0.28627452 0.33333334 0.41960785 0.44705883 0.36078432 0.38431373 0.47058824 0.6901961 0.7137255 0.69411767 0.6745098 0.69411767 0.6901961 0.49411765 0.4117647
0.7019608 0.7019608 0.7176471 0.8235294 0.8509804 0.8039216 0.79607844 0.8509804 0.84705883 0.8117647 0.7647059 0.72156864 0.5647059 0.3372549 0.3882353 0.41568628 0.44705883 0.4862745 0.4745098 0.53333336 0.6313726 0.6666667 0.69411767 0.72156864 0.7137255 0.69411767 0.6784314 0.6627451 0.6666667 0.67058825 0.49411765 0.41960785
0.654902 0.6784314 0.7137255 0.74509805 0.8 0.7294118 0.7294118 0.75686276 0.78039217 0.8 0.75686276 0.7254902 0.7137255 0.6784314 0.7019608 0.70980394 0.69803923 0.5294118 0.5764706 0.69803923 0.7019608 0.7058824 0.7058824 0.70980394 0.7019608 0.67058825 0.6784314 0.5803922 0.58431375 0.64705884 0.47843137 0.41568628
0.6901961 0.7529412 0.7921569 0.78431374 0.78431374 0.75686276 0.78039217 0.7764706 0.76862746 0.78039217 0.7176471 0.7019608 0.72156864 0.72156864 0.7137255 0.7058824 0.69411767 0.4862745 0.54901963 0.6784314 0.6745098 0.68235296 0.69803923 0.61960787 0.50980395 0.6156863 0.64705884 0.50980395 0.5294118 0.6 0.4509804 0.3882353
0.6862745 0.77254903 0.8 0.7764706 0.7647059 0.77254903 0.7647059 0.7607843 0.75686276 0.7490196 0.70980394 0.6901961 0.7137255 0.70980394 0.7058824 0.70980394 0.70980394 0.7019608 0.68235296 0.6666667 0.654902 0.65882355 0.67058825 0.6313726 0.57254905 0.61960787 0.60784316 0.47058824 0.48235294 0.56078434 0.44705883 0.36862746
0.7176471 0.68235296 0.654902 0.70980394 0.7137255 0.7176471 0.72156864 0.6745098 0.6862745 0.73333335 0.69411767 0.6745098 0.7137255 0.69803923 0.6745098 0.6784314 0.6901961 0.6784314 0.6862745 0.6784314 0.6666667 0.6745098 0.6666667 0.6666667 0.67058825 0.64705884 0.6117647 0.45490196 0.45882353 0.5137255 0.43529412 0.3372549
0.7647059 0.7411765 0.69803923 0.70980394 0.63529414 0.47843137 0.41568628 0.35686275 0.3764706 0.4745098 0.39215687 0.5019608 0.654902 0.65882355 0.654902 0.6666667 0.69411767 0.7019608 0.7019608 0.68235296 0.6666667 0.67058825 0.6666667 0.654902 0.6392157 0.65882355 0.6862745 0.49411765 0.38431373 0.4745098 0.41568628 0.30980393
0.79607844 0.7490196 0.6901961 0.73333335 0.7176471 0.6784314 0.627451 0.57254905 0.53333336 0.49411765 0.4392157 0.54901963 0.69803923 0.7058824 0.7058824 0.7019608 0.69803923 0.69411767 0.6784314 0.52156866 0.5686275 0.6784314 0.6745098 0.67058825 0.64705884 0.627451 0.6039216 0.36862746 0.1254902 0.1764706 0.20392157 0.2
0.827451 0.76862746 0.654902 0.6784314 0.68235296 0.6862745 0.6156863 0.5921569 0.6039216 0.63529414 0.65882355 0.6313726 0.69411767 0.69411767 0.6862745 0.69411767 0.69411767 0.6745098 0.63529414 0.37254903 0.42745098 0.49803922 0.40784314 0.34509805 0.28627452 0.24313726 0.22352941 0.12156863 0.050980393 0.0627451 0.0627451 0.07058824
0.83137256 0.8980392 0.84705883 0.76862746 0.7137255 0.6901961 0.5764706 0.47058824 0.43529412 0.56078434 0.54901963 0.54901963 0.6784314 0.68235296 0.6862745 0.69411767 0.6901961 0.6745098 0.6 0.21568628 0.10980392 0.1254902 0.11372549 0.105882354 0.08235294 0.050980393 0.07450981 0.09411765 0.07450981 0.05882353 0.050980393 0.07450981
0.6666667 0.7294118 0.8352941 0.8392157 0.8235294 0.8156863 0.7607843 0.70980394 0.6509804 0.5764706 0.45882353 0.44313726 0.6509804 0.69803923 0.7019608 0.70980394 0.6901961 0.6627451 0.53333336 0.13725491 0.101960786 0.14901961 0.16078432 0.16862746 0.1764706 0.15686275 0.08627451 0.08235294 0.06666667 0.14117648 0.14901961 0.07058824
0.7607843 0.68235296 0.6901961 0.62352943 0.49411765 0.65882355 0.654902 0.7882353 0.76862746 0.6117647 0.24705882 0.22352941 0.5568628 0.6627451 0.64705884 0.62352943 0.58431375 0.6039216 0.34901962 0.1254902 0.18039216 0.20392157 0.21568628 0.25490198 0.21960784 0.15686275 0.15294118 0.06666667 0.10980392 0.38039216 0.39607844 0.2784314
0.7921569 0.77254903 0.7254902 0.6431373 0.5019608 0.54901963 0.42745098 0.6156863 0.69803923 0.6156863 0.25882354 0.20392157 0.44313726 0.5019608 0.48235294 0.41960785 0.42745098 0.5294118 0.19215687 0.14901961 0.16470589 0.34901962 0.44705883 0.36862746 0.3764706 0.21176471 0.16078432 0.10980392 0.13725491 0.40784314 0.44705883 0.4392157
0.77254903 0.76862746 0.77254903 0.72156864 0.7019608 0.7019608 0.6392157 0.5568628 0.59607846 0.54509807 0.23921569 0.20392157 0.39215687 0.38431373 0.34117648 0.32156864 0.37254903 0.27058825 0.1254902 0.16862746 0.20392157 0.3882353 0.34117648 0.16862746 0.3137255 0.2784314 0.15686275 0.19607843 0.18431373 0.23529412 0.26666668 0.23529412
0.75686276 0.75686276 0.7647059 0.76862746 0.7647059 0.7764706 0.7411765 0.5803922 0.6666667 0.5882353 0.30588236 0.13725491 0.11372549 0.105882354 0.08235294 0.09411765 0.19215687 0.13725491 0.10980392 0.14901961 0.22352941 0.36862746 0.32156864 0.27058825 0.3137255 0.21176471 0.15686275 0.18431373 0.21176471 0.19607843 0.18039216 0.17254902
0.7529412 0.7529412 0.7607843 0.7607843 0.75686276 0.74509805 0.7254902 0.7058824 0.6745098 0.59607846 0.37254903 0.1882353 0.12941177 0.101960786 0.09019608 0.06666667 0.05490196 0.07450981 0.101960786 0.13333334 0.15294118 0.18039216 0.25490198 0.25490198 0.21568628 0.16862746 0.12941177 0.15294118 0.18431373 0.19215687 0.23137255 0.24313726
0.7529412 0.74509805 0.7294118 0.6745098 0.6117647 0.57254905 0.5254902 0.4745098 0.40784314 0.3372549 0.27450982 0.22352941 0.18431373 0.15294118 0.13725491 0.11372549 0.08627451 0.08627451 0.08235294 0.09411765 0.10980392 0.14117648 0.15294118 0.14509805 0.14509805 0.14117648 0.15294118 0.1882353 0.22745098 0.2509804 0.3372549 0.43529412
0.99215686 0.9882353 0.9882353 0.98039216 0.98039216 0.98039216 0.9764706 0.9764706 0.9764706 0.9882353 1.0 1.0 0.98039216 0.972549 0.972549 0.972549 0.972549 0.96862745 0.9647059 0.9647059 0.96862745 0.9764706 0.9764706 0.972549 0.96862745 0.96862745 0.95686275 0.9529412 0.96862745 0.9607843 0.87058824 0.6862745
0.9764706 0.972549 0.96862745 0.9607843 0.9607843 0.9647059 0.96862745 0.9764706 0.972549 0.9764706 0.9843137 0.9882353 0.98039216 0.96862745 0.9647059 0.972549 0.98039216 0.98039216 0.96862745 0.9529412 0.94509804 0.94509804 0.9490196 0.95686275 0.9607843 0.96862745 0.9529412 0.9372549 0.9254902 0.78431374 0.56078434 0.50980395
0.9843137 0.9843137 0.98039216 0.9647059 0.9647059 0.98039216 0.9843137 0.9882353 0.9843137 0.9764706 0.9647059 0.9647059 0.972549 0.972549 0.9764706 0.9882353 0.99215686 0.99607843 0.9843137 0.972549 0.9647059 0.9529412 0.9411765 0.92941177 0.8901961 0.8901961 0.8627451 0.827451 0.7921569 0.6313726 0.4862745 0.49803922
0.95686275 0.9647059 0.9764706 0.96862745 0.96862745 0.95686275 0.9607843 0.9764706 0.972549 0.95686275 0.9490196 0.9607843 0.972549 0.9764706 0.98039216 0.98039216 0.9764706 0.9372549 0.92941177 0.9411765 0.89411765 0.8117647 0.7607843 0.7411765 0.70980394 0.75686276 0.7490196 0.7372549 0.7411765 0.7294118 0.62352943 0.60784316
0.9647059 0.9843137 0.9843137 0.9882353 0.98039216 0.9647059 0.972549 0.98039216 0.972549 0.9529412 0.95686275 0.96862745 0.98039216 0.9764706 0.9647059 0.9764706 0.9607843 0.8392157 0.8 0.80784315 0.7607843 0.70980394 0.7254902 0.7490196 0.7764706 0.7882353 0.78039217 0.76862746 0.78431374 0.74509805 0.57254905 0.5921569
0.9411765 0.9764706 0.9882353 0.9843137 0.972549 0.9764706 0.9843137 0.9764706 0.972549 0.96862745 0.972549 0.95686275 0.9490196 0.9490196 0.9490196 0.972549 0.9764706 0.8235294 0.7607843 0.79607844 0.8 0.79607844 0.8 0.80784315 0.81960785 0.8156863 0.81960785 0.8156863 0.8117647 0.7411765 0.5411765 0.5647059
0.9372549 0.972549 0.98039216 0.9764706 0.972549 0.972549 0.9764706 0.9764706 0.972549 0.96862745 0.9647059 0.95686275 0.9490196 0.9411765 0.9411765 0.9647059 0.96862745 0.84705883 0.79607844 0.8235294 0.8235294 0.8117647 0.8156863 0.827451 0.8352941 0.8352941 0.84313726 0.8352941 0.8156863 0.7372549 0.5176471 0.5294118
0.9411765 0.9647059 0.9647059 0.9647059 0.9529412 0.9529412 0.96862745 0.9843137 0.9764706 0.9607843 0.96862745 0.972549 0.96862745 0.96862745 0.972549 0.972549 0.972549 0.85490197 0.8039216 0.827451 0.83137256 0.83137256 0.8392157 0.8392157 0.84313726 0.84313726 0.8509804 0.8392157 0.827451 0.7411765 0.5058824 0.49411765
0.90588236 0.91764706 0.92941177 0.91764706 0.9137255 0.9019608 0.87058824 0.8156863 0.8666667 0.91764706 0.92941177 0.9372549 0.93333334 0.93333334 0.9411765 0.9372549 0.92156863 0.827451 0.8 0.827451 0.8392157 0.84705883 0.84313726 0.8352941 0.84313726 0.8392157 0.8352941 0.827451 0.83137256 0.7529412 0.5058824 0.4627451
0.9490196 0.972549 0.9607843 0.8901961 0.85882354 0.88235295 0.69803923 0.49411765 0.6 0.7607843 0.78431374 0.8 0.8862745 0.9372549 0.8862745 0.87058824 0.9019608 0.8509804 0.8666667 0.8784314 0.8901961 0.8980392 0.89411765 0.8745098 0.84705883 0.827451 0.8352941 0.83137256 0.83137256 0.77254903 0.5254902 0.4392157
0.9490196 0.95686275 0.84313726 0.6627451 0.56078434 0.50980395 0.41960785 0.39215687 0.5137255 0.6313726 0.6901961 0.7294118 0.8156863 0.85882354 0.8509804 0.84313726 0.84313726 0.7882353 0.75686276 0.7764706 0.7529412 0.7137255 0.70980394 0.75686276 0.76862746 0.8039216 0.83137256 0.8235294 0.827451 0.76862746 0.5254902 0.41568628
0.8235294 0.7647059 0.6 0.4392157 0.3254902 0.27058825 0.45882353 0.7137255 0.81960785 0.8627451 0.8 0.8156863 0.81960785 0.7490196 0.7294118 0.5294118 0.34117648 0.26666668 0.32156864 0.56078434 0.56078434 0.4862745 0.41960785 0.5764706 0.75686276 0.7647059 0.8 0.8039216 0.81960785 0.75686276 0.5176471 0.40784314
0.45882353 0.43137255 0.43137255 0.3529412 0.2901961 0.43137255 0.7882353 0.9019608 0.90588236 0.8235294 0.78431374 0.8509804 0.8117647 0.74509805 0.6039216 0.29803923 0.17254902 0.10980392 0.24313726 0.49019608 0.5764706 0.54509807 0.26666668 0.47058824 0.7529412 0.7490196 0.7647059 0.76862746 0.7921569 0.7372549 0.5137255 0.40784314
0.33333334 0.3529412 0.3764706 0.34117648 0.49803922 0.7882353 0.8666667 0.90588236 0.85490197 0.7764706 0.8352941 0.84313726 0.76862746 0.6901961 0.42745098 0.29411766 0.21568628 0.13725491 0.25882354 0.47843137 0.5411765 0.4745098 0.24313726 0.41960785 0.7294118 0.7411765 0.7294118 0.72156864 0.75686276 0.72156864 0.49803922 0.40784314
0.3764706 0.3764706 0.38039216 0.45882353 0.74509805 0.8666667 0.8627451 0.88235295 0.8352941 0.8392157 0.85490197 0.78431374 0.73333335 0.5058824 0.3372549 0.34901962 0.25882354 0.21960784 0.30588236 0.48235294 0.49803922 0.32941177 0.22352941 0.34901962 0.6901961 0.7372549 0.7019608 0.6862745 0.7254902 0.7019608 0.47843137 0.3882353
0.45490196 0.43137255 0.48235294 0.7372549 0.8745098 0.8392157 0.87058824 0.8627451 0.85490197 0.8627451 0.80784315 0.7529412 0.6039216 0.34901962 0.34509805 0.3882353 0.30588236 0.2784314 0.3019608 0.3882353 0.43137255 0.36078432 0.38039216 0.45490196 0.68235296 0.72156864 0.69411767 0.6627451 0.6862745 0.6862745 0.47058824 0.37254903
0.5921569 0.61960787 0.6745098 0.8156863 0.8666667 0.83137256 0.8156863 0.8627451 0.85490197 0.8235294 0.78039217 0.7294118 0.5647059 0.32941177 0.3764706 0.41960785 0.45882353 0.49411765 0.48235294 0.5372549 0.6392157 0.6784314 0.69411767 0.70980394 0.7019608 0.68235296 0.6862745 0.64705884 0.6392157 0.6745098 0.49803922 0.38431373
0.45490196 0.57254905 0.6862745 0.7647059 0.83137256 0.75686276 0.7529412 0.76862746 0.78431374 0.8 0.7647059 0.73333335 0.7137255 0.67058825 0.6862745 0.7019608 0.7058824 0.5372549 0.5921569 0.7176471 0.72156864 0.72156864 0.7058824 0.69411767 0.68235296 0.6509804 0.6862745 0.5647059 0.54901963 0.65882355 0.49019608 0.38431373
0.5803922 0.69411767 0.77254903 0.78039217 0.7921569 0.7764706 0.7921569 0.7764706 0.7607843 0.76862746 0.7137255 0.7019608 0.72156864 0.7254902 0.7254902 0.7137255 0.7019608 0.49803922 0.5647059 0.69803923 0.69411767 0.69803923 0.69803923 0.6039216 0.49411765 0.59607846 0.654902 0.49019608 0.49411765 0.6039216 0.45882353 0.35686275
0.63529414 0.7529412 0.79607844 0.76862746 0.7607843 0.7764706 0.7647059 0.7529412 0.7411765 0.7254902 0.69411767 0.68235296 0.7176471 0.7254902 0.7254902 0.7254902 0.7176471 0.70980394 0.69803923 0.6862745 0.6745098 0.6745098 0.6745098 0.6156863 0.5568628 0.6 0.6117647 0.44705883 0.4392157 0.5647059 0.4509804 0.3372549
0.63529414 0.6117647 0.6156863 0.72156864 0.7372549 0.7294118 0.7294118 0.6666667 0.6745098 0.7372549 0.6901961 0.6784314 0.7254902 0.7137255 0.6862745 0.6901961 0.7019608 0.6862745 0.69411767 0.68235296 0.67058825 0.6901961 0.6784314 0.67058825 0.6627451 0.6392157 0.6117647 0.44705883 0.4509804 0.5137255 0.42352942 0.30980393
0.7137255 0.67058825 0.64705884 0.7137255 0.64705884 0.47843137 0.42352942 0.32941177 0.2901961 0.3529412 0.2784314 0.43137255 0.6313726 0.67058825 0.6784314 0.6862745 0.7019608 0.70980394 0.7058824 0.6745098 0.6627451 0.6862745 0.68235296 0.6627451 0.6392157 0.6509804 0.68235296 0.49803922 0.38431373 0.46666667 0.39607844 0.2784314
0.7607843 0.7058824 0.654902 0.72156864 0.69411767 0.6509804 0.654902 0.59607846 0.4862745 0.39215687 0.34901962 0.5019608 0.69411767 0.7254902 0.7176471 0.7137255 0.70980394 0.7058824 0.68235296 0.5176471 0.5647059 0.6901961 0.68235296 0.6666667 0.6392157 0.60784316 0.5921569 0.3529412 0.105882354 0.15294118 0.16862746 0.16078432
0.8156863 0.75686276 0.6431373 0.6627451 0.654902 0.67058825 0.6431373 0.627451 0.6156863 0.63529414 0.6509804 0.64705884 0.73333335 0.7254902 0.6862745 0.6901961 0.7058824 0.6862745 0.6392157 0.36862746 0.41960785 0.5019608 0.40784314 0.33333334 0.27058825 0.21960784 0.20392157 0.09803922 0.015686275 0.015686275 0.015686275 0.023529412
0.84313726 0.9137255 0.85490197 0.7647059 0.7058824 0.6862745 0.5686275 0.4392157 0.4 0.5254902 0.5137255 0.5372549 0.69411767 0.7019608 0.69803923 0.7019608 0.7058824 0.6862745 0.60784316 0.21568628 0.101960786 0.12156863 0.101960786 0.08627451 0.05882353 0.02745098 0.047058824 0.06666667 0.043137256 0.019607844 0.015686275 0.03529412
0.67058825 0.73333335 0.83137256 0.8352941 0.8156863 0.79607844 0.7411765 0.6901961 0.63529414 0.56078434 0.43137255 0.42352942 0.6509804 0.7019608 0.70980394 0.7254902 0.70980394 0.6745098 0.5411765 0.13333334 0.09019608 0.13333334 0.14117648 0.14117648 0.14901961 0.1254902 0.05882353 0.05882353 0.050980393 0.12941177 0.13333334 0.050980393
0.73333335 0.654902 0.6627451 0.5921569 0.4627451 0.6313726 0.6392157 0.7882353 0.78431374 0.627451 0.22352941 0.20392157 0.5529412 0.6666667 0.654902 0.63529414 0.59607846 0.60784316 0.34117648 0.10980392 0.16078432 0.18431373 0.19607843 0.23137255 0.19215687 0.1254902 0.1254902 0.050980393 0.101960786 0.3764706 0.38431373 0.27058825
0.7607843 0.7372549 0.6901961 0.6039216 0.4627451 0.5137255 0.40392157 0.6 0.6901961 0.6117647 0.22745098 0.18039216 0.43529412 0.49803922 0.4862745 0.41960785 0.43137255 0.5254902 0.1764706 0.1254902 0.14117648 0.32941177 0.42745098 0.34509805 0.34509805 0.18039216 0.13333334 0.08627451 0.1254902 0.39607844 0.43529412 0.42745098
0.7607843 0.75686276 0.75686276 0.7019608 0.6745098 0.65882355 0.59607846 0.5137255 0.54901963 0.49803922 0.2 0.1764706 0.3764706 0.36862746 0.33333334 0.3137255 0.36078432 0.2509804 0.101960786 0.13333334 0.17254902 0.36078432 0.32156864 0.14117648 0.28235295 0.24705882 0.1254902 0.16862746 0.16470589 0.21960784 0.24705882 0.21176471
0.7607843 0.7607843 0.7607843 0.7607843 0.74509805 0.74509805 0.70980394 0.54901963 0.63529414 0.5529412 0.26666668 0.09411765 0.07450981 0.0627451 0.039215688 0.0627451 0.16078432 0.101960786 0.07450981 0.11372549 0.1882353 0.3372549 0.2901961 0.23529412 0.2784314 0.1764706 0.12941177 0.16470589 0.19215687 0.1764706 0.16078432 0.14901961
0.7529412 0.7529412 0.7529412 0.7529412 0.7490196 0.7372549 0.7176471 0.69803923 0.6666667 0.58431375 0.34509805 0.15294118 0.09411765 0.0627451 0.047058824 0.03137255 0.023529412 0.043137256 0.06666667 0.101960786 0.12156863 0.15294118 0.22745098 0.22352941 0.18431373 0.13725491 0.10980392 0.14509805 0.1764706 0.18431373 0.22352941 0.23137255
0.74509805 0.7411765 0.72156864 0.6627451 0.6117647 0.58431375 0.5372549 0.48235294 0.41960785 0.34509805 0.26666668 0.20392157 0.15686275 0.12156863 0.09803922 0.08235294 0.0627451 0.0627451 0.05882353 0.07058824 0.08627451 0.11764706 0.12941177 0.12156863 0.12156863 0.11764706 0.14117648 0.18431373 0.22352941 0.24705882 0.33333334 0.43529412
30 28 2
28 21 0
3 17 2
15 28 2
31 25 0
1 29 1
22 19 2
30 6 2
13 5 2
12 24 1
