32, 32, 3, 30
0.94509804 0.9490196 0.9529412 0.95686275 0.9647059 0.9647059 0.96862745 0.972549 0.98039216 0.98039216 0.9843137 0.9882353 0.9882353 0.9843137 0.9882353 0.99215686 0.99215686 0.99215686 0.99215686 0.99215686 0.9882353 0.9882353 0.9843137 0.9843137 0.9764706 0.972549 0.9647059 0.9607843 0.9647059 0.9647059 0.9647059 0.9647059
0.972549 0.9764706 0.9843137 0.99215686 0.99215686 0.99215686 0.99607843 0.99215686 0.99215686 0.99215686 0.99215686 0.9882353 0.99215686 0.99215686 0.99215686 0.9882353 0.9882353 0.9882353 0.9882353 0.9882353 0.99215686 0.9882353 0.9882353 0.9843137 0.98039216 0.9764706 0.96862745 0.9647059 0.9647059 0.9647059 0.9647059 0.9647059
0.972549 0.9764706 0.9843137 0.99215686 0.99215686 0.99215686 0.99607843 0.99215686 0.9882353 0.9882353 0.9882353 0.9882353 0.9882353 0.9882353 0.9882353 0.9882353 0.9882353 0.9882353 0.9882353 0.9882353 0.99215686 0.99215686 0.99607843 0.99215686 0.9882353 0.98039216 0.972549 0.96862745 0.96862745 0.9647059 0.9647059 0.9647059
0.98039216 0.9882353 0.99215686 0.9882353 0.99215686 0.99215686 0.9882353 0.99215686 0.9882353 0.9882353 0.99215686 0.99215686 0.99607843 1.0 1.0 0.99607843 1.0 0.99607843 0.99215686 0.9882353 0.9843137 0.9843137 0.9882353 0.99215686 0.9882353 0.9843137 0.9764706 0.972549 0.9647059 0.9607843 0.9607843 0.9607843
0.9882353 0.99215686 0.99215686 0.9882353 0.9843137 0.9843137 0.9882353 0.99607843 0.98039216 0.9529412 0.94509804 0.92156863 0.8980392 0.8862745 0.8901961 0.88235295 0.90588236 0.9254902 0.95686275 0.9764706 0.9882353 0.9843137 0.9843137 0.99215686 0.99607843 0.99215686 0.9882353 0.9843137 0.98039216 0.9764706 0.972549 0.96862745
0.9882353 0.99215686 0.99215686 0.99215686 1.0 1.0 0.99607843 0.9607843 0.9254902 0.8862745 0.8509804 0.8235294 0.8117647 0.8235294 0.84705883 0.8784314 0.9019608 0.88235295 0.8392157 0.8235294 0.85882354 0.9411765 0.99607843 0.9882353 0.99215686 0.9882353 0.9843137 0.9764706 0.96862745 0.9607843 0.9529412 0.9490196
0.99607843 0.99215686 0.99215686 0.9882353 0.92156863 0.77254903 0.65882355 0.6117647 0.6117647 0.6431373 0.74509805 0.8627451 0.89411765 0.9098039 0.8901961 0.76862746 0.6039216 0.44313726 0.32156864 0.2627451 0.27058825 0.4 0.77254903 0.99215686 0.98039216 0.972549 0.96862745 0.9607843 0.95686275 0.9529412 0.9490196 0.9490196
0.9843137 0.9843137 0.9882353 0.9098039 0.4627451 0.2627451 0.2 0.23529412 0.22352941 0.26666668 0.34509805 0.4117647 0.8235294 0.84313726 0.44313726 0.3019608 0.28235295 0.37254903 0.22745098 0.23921569 0.42352942 0.24313726 0.2 0.7529412 0.99215686 0.99215686 0.9882353 0.9843137 0.9843137 0.9843137 0.98039216 0.972549
0.98039216 0.972549 0.9764706 0.81960785 0.22352941 0.1882353 0.30980393 0.5058824 0.47058824 0.58431375 0.49803922 0.09019608 0.6666667 0.75686276 0.34509805 0.39215687 0.20392157 0.56078434 0.33333334 0.37254903 0.6156863 0.6117647 0.30588236 0.21176471 0.85882354 0.9843137 0.99215686 0.99607843 0.99215686 0.99215686 0.9882353 0.9764706
0.9882353 0.98039216 0.972549 0.5921569 0.1254902 0.2901961 0.6392157 0.6627451 0.4862745 0.6392157 0.29411766 0.10980392 0.70980394 0.77254903 0.54509807 0.20784314 0.0627451 0.4627451 0.5647059 0.6039216 0.60784316 0.6117647 0.6039216 0.23137255 0.39215687 0.76862746 0.92156863 0.99215686 0.99215686 0.99215686 0.99215686 0.98039216
0.99607843 0.9843137 0.8901961 0.2784314 0.09803922 0.25490198 0.6627451 0.32156864 0.14117648 0.41568628 0.23529412 0.21960784 0.74509805 0.7411765 0.69803923 0.27450982 0.06666667 0.3254902 0.48235294 0.53333336 0.59607846 0.5921569 0.59607846 0.52156866 0.15686275 0.6156863 0.8156863 0.99215686 0.99215686 0.99215686 0.99215686 0.9882353
0.99607843 0.99215686 0.6313726 0.105882354 0.09803922 0.09411765 0.24313726 0.06666667 0.011764706 0.14509805 0.09411765 0.21176471 0.7490196 0.78431374 0.7921569 0.6627451 0.47843137 0.44705883 0.49019608 0.5686275 0.63529414 0.62352943 0.60784316 0.58431375 0.2784314 0.43137255 0.8392157 0.96862745 0.9882353 0.99215686 0.9882353 0.99215686
0.99215686 0.94509804 0.38431373 0.16470589 0.20392157 0.22352941 0.21960784 0.22745098 0.21176471 0.14509805 0.050980393 0.105882354 0.60784316 0.7921569 0.7607843 0.7019608 0.78431374 0.81960785 0.8352941 0.827451 0.83137256 0.84313726 0.8392157 0.83137256 0.5803922 0.34901962 0.827451 0.8509804 0.90588236 0.96862745 0.9882353 0.9843137
0.99215686 0.827451 0.69411767 0.75686276 0.7882353 0.827451 0.84313726 0.8392157 0.83137256 0.5137255 0.3254902 0.2784314 0.29411766 0.5294118 0.8235294 0.83137256 0.8 0.85490197 0.84313726 0.8392157 0.8392157 0.8392157 0.85490197 0.8627451 0.74509805 0.5019608 0.8627451 0.8392157 0.8392157 0.8862745 0.9529412 0.9764706
0.9411765 0.62352943 0.76862746 0.74509805 0.6156863 0.7411765 0.7764706 0.7647059 0.6784314 0.30588236 0.5019608 0.6039216 0.47843137 0.26666668 0.6 0.84705883 0.7607843 0.6901961 0.6862745 0.6862745 0.6627451 0.6313726 0.7176471 0.7254902 0.69411767 0.6627451 0.7607843 0.75686276 0.81960785 0.9137255 0.88235295 0.94509804
0.7529412 0.4862745 0.6392157 0.627451 0.5764706 0.64705884 0.6509804 0.6431373 0.47843137 0.3647059 0.4392157 0.37254903 0.3529412 0.39607844 0.73333335 0.972549 0.9098039 0.7254902 0.6392157 0.654902 0.61960787 0.6039216 0.6666667 0.68235296 0.6901961 0.7019608 0.69411767 0.7019608 0.8392157 0.84705883 0.7372549 0.85490197
0.7490196 0.5529412 0.6039216 0.6431373 0.65882355 0.61960787 0.63529414 0.63529414 0.6156863 0.60784316 0.5647059 0.4745098 0.44705883 0.53333336 0.7764706 0.80784315 0.7019608 0.7529412 0.62352943 0.6117647 0.6117647 0.627451 0.6313726 0.6431373 0.64705884 0.65882355 0.6784314 0.68235296 0.76862746 0.41960785 0.2 0.69803923
0.7764706 0.627451 0.63529414 0.6392157 0.6 0.5568628 0.69411767 0.7137255 0.7137255 0.6745098 0.6156863 0.5411765 0.50980395 0.5568628 0.654902 0.43137255 0.24705882 0.54901963 0.63529414 0.5803922 0.58431375 0.59607846 0.60784316 0.6156863 0.6313726 0.6392157 0.65882355 0.6666667 0.6509804 0.2509804 0.1764706 0.47058824
0.74509805 0.64705884 0.6509804 0.627451 0.627451 0.6666667 0.74509805 0.7490196 0.7294118 0.6784314 0.6156863 0.54509807 0.53333336 0.5686275 0.5372549 0.27058825 0.21568628 0.2784314 0.61960787 0.5647059 0.5686275 0.58431375 0.6 0.60784316 0.62352943 0.6313726 0.64705884 0.64705884 0.53333336 0.36078432 0.36862746 0.38039216
0.7137255 0.6627451 0.68235296 0.6431373 0.654902 0.70980394 0.75686276 0.7647059 0.7529412 0.7058824 0.6509804 0.6039216 0.6 0.5803922 0.3882353 0.32941177 0.39215687 0.21960784 0.5529412 0.56078434 0.5647059 0.58431375 0.6039216 0.6156863 0.62352943 0.63529414 0.6392157 0.6156863 0.44313726 0.30980393 0.34117648 0.42352942
0.69411767 0.6901961 0.72156864 0.74509805 0.7647059 0.7764706 0.79607844 0.8039216 0.79607844 0.7372549 0.67058825 0.6 0.5372549 0.50980395 0.2627451 0.28627452 0.32156864 0.2784314 0.47843137 0.6862745 0.6784314 0.6901961 0.69411767 0.69411767 0.6901961 0.69411767 0.6784314 0.60784316 0.4117647 0.33333334 0.39215687 0.43137255
0.6117647 0.5529412 0.54509807 0.5529412 0.57254905 0.6 0.654902 0.7294118 0.7529412 0.72156864 0.6745098 0.5803922 0.53333336 0.47058824 0.21568628 0.26666668 0.3764706 0.36078432 0.40784314 0.75686276 0.7647059 0.7764706 0.8 0.79607844 0.79607844 0.79607844 0.78431374 0.6784314 0.43529412 0.41960785 0.5254902 0.44705883
0.25882354 0.1764706 0.2 0.23137255 0.2627451 0.2901961 0.35686275 0.49803922 0.5137255 0.38039216 0.47843137 0.58431375 0.53333336 0.4392157 0.20784314 0.40392157 0.50980395 0.38039216 0.3529412 0.54509807 0.5294118 0.5254902 0.52156866 0.5254902 0.5254902 0.5411765 0.5529412 0.5411765 0.3529412 0.3254902 0.5411765 0.49019608
0.22745098 0.2627451 0.2784314 0.29411766 0.3137255 0.3254902 0.3372549 0.36078432 0.31764707 0.2 0.27058825 0.5882353 0.5254902 0.39607844 0.1882353 0.28235295 0.52156866 0.40784314 0.36862746 0.57254905 0.54901963 0.5411765 0.52156866 0.5254902 0.5372549 0.5568628 0.5803922 0.5764706 0.38039216 0.47843137 0.50980395 0.4509804
0.2901961 0.25882354 0.18039216 0.16078432 0.16470589 0.16078432 0.18431373 0.22745098 0.19215687 0.1882353 0.2 0.57254905 0.59607846 0.37254903 0.19607843 0.3372549 0.5294118 0.4 0.36862746 0.654902 0.6745098 0.68235296 0.6901961 0.67058825 0.65882355 0.6509804 0.63529414 0.5764706 0.3882353 0.41568628 0.33333334 0.50980395
0.3137255 0.20784314 0.22352941 0.22352941 0.23137255 0.22745098 0.21960784 0.24313726 0.20784314 0.12941177 0.08627451 0.42745098 0.60784316 0.31764707 0.20784314 0.41568628 0.52156866 0.3372549 0.32941177 0.45490196 0.4509804 0.45490196 0.4627451 0.47058824 0.47058824 0.46666667 0.4392157 0.2627451 0.22745098 0.33333334 0.34901962 0.5176471
0.49803922 0.11372549 0.08627451 0.08235294 0.09019608 0.13725491 0.3137255 0.3372549 0.3254902 0.2 0.18431373 0.36078432 0.52156866 0.2 0.16470589 0.27450982 0.34117648 0.32941177 0.28235295 0.39607844 0.45882353 0.4862745 0.5137255 0.5294118 0.54901963 0.5803922 0.58431375 0.18431373 0.09803922 0.39607844 0.4862745 0.5764706
0.6627451 0.10980392 0.039215688 0.023529412 0.015686275 0.20784314 0.654902 0.6666667 0.654902 0.6392157 0.627451 0.63529414 0.5529412 0.12941177 0.11764706 0.27450982 0.3372549 0.3019608 0.09411765 0.22745098 0.3254902 0.34509805 0.3372549 0.32941177 0.3372549 0.34901962 0.36078432 0.25490198 0.14509805 0.2901961 0.43529412 0.627451
0.6862745 0.2784314 0.039215688 0.03529412 0.043137256 0.41568628 0.654902 0.6392157 0.6039216 0.5764706 0.5294118 0.47058824 0.39215687 0.13333334 0.07058824 0.2784314 0.44313726 0.2627451 0.13333334 0.16470589 0.21568628 0.27058825 0.31764707 0.36862746 0.43137255 0.49019608 0.5254902 0.5686275 0.5764706 0.5764706 0.627451 0.6431373
0.64705884 0.50980395 0.09803922 0.011764706 0.05490196 0.28627452 0.36078432 0.3529412 0.3137255 0.27450982 0.23921569 0.21960784 0.2 0.13333334 0.03529412 0.12156863 0.2901961 0.36078432 0.44313726 0.5294118 0.5764706 0.6117647 0.64705884 0.6666667 0.6627451 0.6666667 0.654902 0.6431373 0.63529414 0.63529414 0.627451 0.62352943
0.50980395 0.40392157 0.29803923 0.2509804 0.25882354 0.28627452 0.32941177 0.34117648 0.34117648 0.34901962 0.3764706 0.4117647 0.4392157 0.44313726 0.45882353 0.5019608 0.5647059 0.6313726 0.6313726 0.6392157 0.6313726 0.6313726 0.62352943 0.627451 0.61960787 0.61960787 0.60784316 0.6039216 0.6 0.60784316 0.6117647 0.6039216
0.6313726 0.6313726 0.62352943 0.62352943 0.62352943 0.6117647 0.6117647 0.60784316 0.6117647 0.6156863 0.6313726 0.6392157 0.6431373 0.63529414 0.6509804 0.6392157 0.62352943 0.62352943 0.61960787 0.6156863 0.62352943 0.6392157 0.64705884 0.6431373 0.63529414 0.627451 0.62352943 0.61960787 0.6156863 0.6117647 0.62352943 0.60784316
0.94509804 0.9490196 0.9529412 0.95686275 0.9647059 0.9647059 0.96862745 0.972549 0.98039216 0.98039216 0.9843137 0.9882353 0.9882353 0.9843137 0.9882353 0.99215686 0.99215686 0.99215686 0.99215686 0.99215686 0.9882353 0.9882353 0.9843137 0.9843137 0.9764706 0.972549 0.96862745 0.96862745 0.972549 0.972549 0.972549 0.972549
0.972549 0.9764706 0.9843137 0.99215686 0.99215686 0.99215686 0.99607843 0.99215686 0.99215686 0.99215686 0.9882353 0.9882353 0.99215686 0.99215686 0.99215686 0.9882353 0.9882353 0.9882353 0.9882353 0.9882353 0.99215686 0.9882353 0.9882353 0.9843137 0.98039216 0.9764706 0.972549 0.972549 0.972549 0.972549 0.972549 0.972549
0.972549 0.9764706 0.9843137 0.99215686 0.99215686 0.99215686 0.99607843 0.99215686 0.99607843 0.99607843 0.99607843 0.99607843 0.99215686 0.9882353 0.9882353 0.9882353 0.9882353 0.99215686 0.99215686 0.99607843 0.99607843 0.99607843 0.99607843 0.99215686 0.9882353 0.98039216 0.9764706 0.9764706 0.9764706 0.972549 0.972549 0.972549
0.98039216 0.9882353 0.99215686 0.9882353 0.99215686 0.99215686 0.9882353 0.99215686 0.99607843 0.99607843 0.99607843 1.0 1.0 1.0 1.0 0.99607843 1.0 1.0 0.99607843 0.99607843 0.99215686 0.9882353 0.9882353 0.99215686 0.9882353 0.9843137 0.98039216 0.98039216 0.972549 0.96862745 0.96862745 0.96862745
0.9882353 0.99215686 0.99215686 0.9882353 0.9843137 0.9843137 0.9882353 0.99607843 0.99215686 0.9647059 0.95686275 0.93333334 0.90588236 0.8862745 0.8901961 0.88235295 0.90588236 0.93333334 0.96862745 0.9882353 1.0 0.9882353 0.9843137 0.99215686 0.99607843 0.99215686 0.99607843 0.99215686 0.9882353 0.9843137 0.98039216 0.9764706
0.9882353 0.99215686 0.99215686 0.99215686 1.0 1.0 0.99607843 0.9647059 0.9372549 0.9019608 0.8666667 0.8392157 0.81960785 0.8235294 0.84705883 0.8784314 0.90588236 0.89411765 0.85490197 0.8392157 0.8745098 0.9529412 0.99607843 0.9882353 0.99215686 0.9882353 0.9882353 0.9843137 0.9764706 0.96862745 0.9607843 0.95686275
0.99607843 0.99607843 0.99215686 0.9882353 0.92156863 0.77254903 0.65882355 0.6156863 0.627451 0.6627451 0.7647059 0.88235295 0.9098039 0.9098039 0.8901961 0.76862746 0.60784316 0.45882353 0.34117648 0.2784314 0.28627452 0.41568628 0.77254903 0.99215686 0.98039216 0.9764706 0.972549 0.96862745 0.9647059 0.9607843 0.95686275 0.95686275
0.99215686 0.99607843 0.99607843 0.9137255 0.46666667 0.27450982 0.22352941 0.26666668 0.2627451 0.30980393 0.3882353 0.44313726 0.84313726 0.85490197 0.45490196 0.31764707 0.30980393 0.4117647 0.27058825 0.28235295 0.46666667 0.2784314 0.22352941 0.76862746 0.99607843 0.99215686 0.99215686 0.99215686 0.99215686 0.99215686 0.9882353 0.9764706
0.9882353 0.99215686 0.99215686 0.827451 0.23529412 0.21960784 0.3647059 0.57254905 0.53333336 0.654902 0.57254905 0.14901961 0.7019608 0.7764706 0.36862746 0.43137255 0.2509804 0.6156863 0.39215687 0.43137255 0.6745098 0.67058825 0.36078432 0.24705882 0.8745098 0.9843137 0.99215686 0.99607843 0.99607843 0.99607843 0.99215686 0.9764706
0.99607843 0.99607843 0.9843137 0.6039216 0.14117648 0.3254902 0.6901961 0.7254902 0.5568628 0.7019608 0.34117648 0.13333334 0.7254902 0.7882353 0.5529412 0.21568628 0.07450981 0.5058824 0.6156863 0.65882355 0.65882355 0.6627451 0.65882355 0.27058825 0.40784314 0.77254903 0.92156863 0.99215686 0.99215686 0.99215686 0.99215686 0.98039216
0.99215686 0.9882353 0.90588236 0.2901961 0.11764706 0.28627452 0.7058824 0.38039216 0.21960784 0.45490196 0.21176471 0.15686275 0.7058824 0.7529412 0.70980394 0.27450982 0.05882353 0.35686275 0.5254902 0.5764706 0.6392157 0.6392157 0.6392157 0.5568628 0.16862746 0.6156863 0.8156863 0.99607843 0.99215686 0.99215686 0.99215686 0.9882353
0.99215686 0.9882353 0.6431373 0.12156863 0.11372549 0.12156863 0.2784314 0.10980392 0.0627451 0.16862746 0.09803922 0.23137255 0.78039217 0.80784315 0.81960785 0.68235296 0.47843137 0.4745098 0.5294118 0.6039216 0.6745098 0.6627451 0.6431373 0.6117647 0.2901961 0.43529412 0.84313726 0.9764706 0.99215686 0.99607843 0.99215686 0.99215686
0.9843137 0.93333334 0.39215687 0.18039216 0.21960784 0.24313726 0.2509804 0.25882354 0.21960784 0.13725491 0.05490196 0.17254902 0.6862745 0.8117647 0.79607844 0.7411765 0.80784315 0.84705883 0.8666667 0.85882354 0.8627451 0.87058824 0.85882354 0.84705883 0.5882353 0.3529412 0.8352941 0.85882354 0.9137255 0.9764706 0.99215686 0.9843137
0.9764706 0.8039216 0.7019608 0.78039217 0.8039216 0.84313726 0.8666667 0.8627451 0.83137256 0.41568628 0.14117648 0.09019608 0.17254902 0.49411765 0.8392157 0.8745098 0.8352941 0.8784314 0.8666667 0.8627451 0.8627451 0.85882354 0.8627451 0.8666667 0.7490196 0.5058824 0.8745098 0.85490197 0.85490197 0.8980392 0.9607843 0.9764706
0.91764706 0.58431375 0.77254903 0.7764706 0.63529414 0.75686276 0.79607844 0.7764706 0.654902 0.12941177 0.14901961 0.1882353 0.16470589 0.13725491 0.5529412 0.85882354 0.78431374 0.7058824 0.7019608 0.7019608 0.6784314 0.6392157 0.72156864 0.7294118 0.69803923 0.6745098 0.7764706 0.77254903 0.8352941 0.92941177 0.89411765 0.94509804
0.7254902 0.44705883 0.6431373 0.654902 0.59607846 0.6627451 0.6627451 0.6431373 0.40784314 0.18431373 0.18039216 0.13725491 0.13725491 0.1882353 0.63529414 0.9529412 0.9098039 0.7294118 0.64705884 0.6627451 0.62352943 0.60784316 0.6666667 0.6862745 0.69411767 0.7176471 0.7137255 0.7176471 0.85490197 0.8666667 0.7490196 0.85490197
0.7411765 0.54901963 0.61960787 0.67058825 0.6862745 0.64705884 0.65882355 0.654902 0.59607846 0.5568628 0.5058824 0.44705883 0.40784314 0.45882353 0.74509805 0.8156863 0.72156864 0.76862746 0.63529414 0.61960787 0.62352943 0.6392157 0.6392157 0.6509804 0.65882355 0.67058825 0.6862745 0.69411767 0.78039217 0.43529412 0.21176471 0.7019608
0.78431374 0.64705884 0.65882355 0.67058825 0.63529414 0.5882353 0.7254902 0.74509805 0.73333335 0.6901961 0.6313726 0.5568628 0.52156866 0.56078434 0.67058825 0.4627451 0.28627452 0.5686275 0.6509804 0.59607846 0.59607846 0.60784316 0.61960787 0.6313726 0.6431373 0.654902 0.6627451 0.6666667 0.65882355 0.26666668 0.19215687 0.4745098
0.7529412 0.6666667 0.6745098 0.654902 0.6509804 0.6901961 0.76862746 0.77254903 0.74509805 0.69411767 0.6313726 0.56078434 0.54509807 0.57254905 0.5529412 0.29411766 0.2509804 0.3019608 0.63529414 0.5803922 0.5803922 0.59607846 0.6156863 0.62352943 0.6392157 0.64705884 0.6509804 0.6509804 0.5411765 0.36862746 0.3764706 0.38431373
0.72156864 0.68235296 0.7137255 0.67058825 0.6745098 0.73333335 0.7764706 0.78431374 0.76862746 0.72156864 0.6666667 0.61960787 0.6117647 0.5921569 0.40392157 0.3529412 0.41960785 0.23529412 0.5686275 0.5764706 0.5764706 0.6 0.61960787 0.6313726 0.6392157 0.6509804 0.6509804 0.62352943 0.44705883 0.30980393 0.34117648 0.42745098
0.7019608 0.70980394 0.7529412 0.77254903 0.78431374 0.79607844 0.8156863 0.827451 0.8117647 0.7529412 0.6862745 0.6156863 0.5529412 0.5294118 0.2784314 0.30588236 0.34117648 0.29803923 0.49803922 0.7019608 0.69411767 0.7019608 0.70980394 0.70980394 0.7058824 0.70980394 0.69803923 0.62352943 0.41960785 0.3372549 0.39215687 0.43529412
0.61960787 0.57254905 0.5764706 0.5764706 0.58431375 0.6117647 0.6666667 0.7411765 0.76862746 0.7372549 0.6901961 0.59607846 0.5529412 0.49803922 0.23529412 0.28235295 0.39215687 0.38039216 0.42745098 0.77254903 0.78039217 0.7921569 0.8156863 0.8117647 0.8117647 0.8117647 0.8117647 0.7019608 0.44705883 0.41568628 0.52156866 0.4509804
0.27058825 0.19607843 0.22745098 0.2509804 0.27058825 0.29803923 0.3647059 0.5058824 0.5294118 0.39607844 0.49411765 0.6 0.5568628 0.4745098 0.23137255 0.4117647 0.5176471 0.39607844 0.37254903 0.56078434 0.54509807 0.5411765 0.5372549 0.5411765 0.5411765 0.5568628 0.58431375 0.5686275 0.36078432 0.31764707 0.5294118 0.49411765
0.23529412 0.28235295 0.30980393 0.31764707 0.32156864 0.33333334 0.34509805 0.36862746 0.33333334 0.21568628 0.2901961 0.6039216 0.5529412 0.43529412 0.21568628 0.2901961 0.5254902 0.42352942 0.3882353 0.5882353 0.5647059 0.5568628 0.5372549 0.5411765 0.5529412 0.57254905 0.6117647 0.6039216 0.3882353 0.4627451 0.49411765 0.4509804
0.29803923 0.27450982 0.20392157 0.18039216 0.17254902 0.16862746 0.19215687 0.23529412 0.20392157 0.20392157 0.21176471 0.5882353 0.61960787 0.40784314 0.21960784 0.34901962 0.53333336 0.41960785 0.3882353 0.67058825 0.6901961 0.69803923 0.7058824 0.6862745 0.6745098 0.6666667 0.6666667 0.60784316 0.4 0.40784314 0.32156864 0.5137255
0.31764707 0.21568628 0.23529412 0.23137255 0.23529412 0.23137255 0.22352941 0.24705882 0.21176471 0.13333334 0.09019608 0.43529412 0.61960787 0.34117648 0.22745098 0.43529412 0.5372549 0.35686275 0.34509805 0.47058824 0.46666667 0.47058824 0.47843137 0.4862745 0.4862745 0.48235294 0.45882353 0.28235295 0.24313726 0.34509805 0.36078432 0.5294118
0.5019608 0.11764706 0.09411765 0.08627451 0.09411765 0.14117648 0.31764707 0.34117648 0.32941177 0.20392157 0.1882353 0.3647059 0.53333336 0.21960784 0.18431373 0.29411766 0.36078432 0.34509805 0.29803923 0.4117647 0.4745098 0.5019608 0.5294118 0.54509807 0.5647059 0.59607846 0.6 0.2 0.11372549 0.4117647 0.5019608 0.5882353
0.6666667 0.11372549 0.047058824 0.02745098 0.019607844 0.21176471 0.65882355 0.67058825 0.65882355 0.6431373 0.6313726 0.6392157 0.5647059 0.14509805 0.13333334 0.2901961 0.35686275 0.32156864 0.10980392 0.24313726 0.34117648 0.35686275 0.34901962 0.34509805 0.3529412 0.36078432 0.3764706 0.27058825 0.16078432 0.30588236 0.44705883 0.6392157
0.6901961 0.28235295 0.043137256 0.043137256 0.047058824 0.41960785 0.65882355 0.6431373 0.60784316 0.5803922 0.53333336 0.4745098 0.4 0.14901961 0.09019608 0.29411766 0.45882353 0.2784314 0.14901961 0.18039216 0.22745098 0.28235295 0.32941177 0.38039216 0.44313726 0.5019608 0.5411765 0.58431375 0.5921569 0.5921569 0.6431373 0.654902
0.6509804 0.5137255 0.101960786 0.015686275 0.05882353 0.2901961 0.3647059 0.35686275 0.31764707 0.2784314 0.24313726 0.22352941 0.20784314 0.14901961 0.050980393 0.14117648 0.30980393 0.3764706 0.45882353 0.5411765 0.5882353 0.62352943 0.65882355 0.6784314 0.6745098 0.6784314 0.6666667 0.654902 0.64705884 0.64705884 0.6392157 0.63529414
0.50980395 0.40784314 0.3019608 0.25490198 0.2627451 0.2901961 0.33333334 0.34509805 0.34509805 0.3529412 0.38039216 0.41568628 0.44705883 0.45490196 0.47058824 0.5176471 0.5803922 0.64705884 0.64705884 0.6509804 0.6431373 0.6431373 0.63529414 0.6392157 0.6313726 0.6313726 0.61960787 0.6156863 0.6117647 0.6156863 0.62352943 0.6156863
0.6313726 0.63529414 0.627451 0.62352943 0.62352943 0.6156863 0.6117647 0.6117647 0.6117647 0.6156863 0.6313726 0.6392157 0.64705884 0.64705884 0.6627451 0.6509804 0.63529414 0.63529414 0.6313726 0.627451 0.63529414 0.6509804 0.65882355 0.654902 0.64705884 0.6392157 0.63529414 0.6313726 0.627451 0.62352943 0.63529414 0.61960787
0.9529412 0.95686275 0.9607843 0.9607843 0.95686275 0.95686275 0.9607843 0.9647059 0.98039216 0.98039216 0.9843137 0.9882353 0.9882353 0.9843137 0.9882353 0.99215686 0.99215686 0.99215686 0.99215686 0.99215686 0.9882353 0.9882353 0.9843137 0.9843137 0.9764706 0.972549 0.96862745 0.9647059 0.96862745 0.96862745 0.96862745 0.96862745
0.98039216 0.9843137 0.99215686 0.9882353 0.9843137 0.9843137 0.9882353 0.9882353 0.99215686 0.99215686 0.99215686 0.9882353 0.99215686 0.99215686 0.99215686 0.9882353 0.9882353 0.9882353 0.9882353 0.9882353 0.99215686 0.9882353 0.9882353 0.9843137 0.98039216 0.9764706 0.972549 0.96862745 0.96862745 0.96862745 0.96862745 0.96862745
0.9764706 0.9764706 0.9843137 0.9882353 0.9843137 0.9843137 0.9882353 0.9882353 0.99215686 0.99215686 0.99215686 0.99215686 0.99215686 0.9882353 0.9882353 0.9882353 0.9882353 0.9882353 0.99215686 0.99215686 0.99607843 0.99607843 0.99607843 0.99215686 0.9882353 0.98039216 0.972549 0.972549 0.972549 0.96862745 0.96862745 0.96862745
0.98039216 0.9882353 0.99215686 0.9843137 0.9843137 0.9843137 0.98039216 0.9843137 0.99215686 0.99215686 0.99215686 0.99607843 0.99607843 1.0 1.0 0.99607843 1.0 1.0 0.99607843 0.99215686 0.9882353 0.9843137 0.9882353 0.99215686 0.9882353 0.9843137 0.98039216 0.9764706 0.96862745 0.9647059 0.9647059 0.9647059
0.98039216 0.9882353 0.9882353 0.9843137 0.9764706 0.9764706 0.98039216 0.9882353 0.9882353 0.9647059 0.9529412 0.92941177 0.9019608 0.8862745 0.8901961 0.88235295 0.90588236 0.92941177 0.9647059 0.9843137 1.0 0.9882353 0.9843137 0.99215686 0.99607843 0.99215686 0.99215686 0.9882353 0.9843137 0.98039216 0.9764706 0.972549
0.98039216 0.9843137 0.9843137 0.9843137 0.99215686 0.99607843 0.9882353 0.95686275 0.93333334 0.8980392 0.8627451 0.8352941 0.81960785 0.8235294 0.84705883 0.8784314 0.9019608 0.8901961 0.8509804 0.8352941 0.87058824 0.9490196 0.99607843 0.9882353 0.99215686 0.9882353 0.9843137 0.98039216 0.972549 0.9647059 0.95686275 0.9529412
0.9843137 0.98039216 0.98039216 0.98039216 0.9137255 0.7647059 0.6509804 0.60784316 0.61960787 0.654902 0.75686276 0.8784314 0.90588236 0.9098039 0.8901961 0.76862746 0.60784316 0.45490196 0.3372549 0.27450982 0.28235295 0.40784314 0.77254903 0.99215686 0.98039216 0.972549 0.972549 0.9647059 0.9607843 0.95686275 0.9529412 0.9529412
0.972549 0.9843137 0.9843137 0.9098039 0.4627451 0.26666668 0.21568628 0.25882354 0.2627451 0.3137255 0.38039216 0.43137255 0.8352941 0.84705883 0.44313726 0.3019608 0.29803923 0.40784314 0.26666668 0.2784314 0.4627451 0.27450982 0.21960784 0.7647059 1.0 0.99215686 0.9843137 0.98039216 0.98039216 0.98039216 0.98039216 0.9764706
0.98039216 0.9882353 0.99607843 0.8352941 0.23921569 0.21960784 0.35686275 0.56078434 0.54509807 0.6666667 0.5686275 0.12941177 0.6862745 0.76862746 0.34901962 0.4 0.22352941 0.61960787 0.4 0.44313726 0.68235296 0.6745098 0.3529412 0.24313726 0.8745098 0.9882353 0.98039216 0.98039216 0.98039216 0.98039216 0.98039216 0.9764706
0.9882353 0.99215686 0.9882353 0.6117647 0.14509805 0.32156864 0.68235296 0.7176471 0.56078434 0.7058824 0.34509805 0.13333334 0.7294118 0.7921569 0.54509807 0.20392157 0.05490196 0.50980395 0.627451 0.67058825 0.67058825 0.6666667 0.64705884 0.2627451 0.4117647 0.7764706 0.91764706 0.9843137 0.9843137 0.9843137 0.9843137 0.98039216
0.9882353 0.9882353 0.9098039 0.3019608 0.11764706 0.28235295 0.69803923 0.36862746 0.20784314 0.4509804 0.23137255 0.19215687 0.7372549 0.76862746 0.7176471 0.27058825 0.050980393 0.36078432 0.53333336 0.58431375 0.64705884 0.6392157 0.63529414 0.5529412 0.1764706 0.62352943 0.8156863 0.9882353 0.9843137 0.9843137 0.9882353 0.9882353
0.9882353 0.99215686 0.64705884 0.12941177 0.11764706 0.11764706 0.27450982 0.105882354 0.050980393 0.15294118 0.08627451 0.22352941 0.78039217 0.81960785 0.83137256 0.68235296 0.47058824 0.47843137 0.5372549 0.6117647 0.68235296 0.6666667 0.6392157 0.6117647 0.29411766 0.44313726 0.84313726 0.972549 0.99215686 0.99215686 0.99215686 0.99215686
0.98039216 0.9411765 0.4 0.1882353 0.22352941 0.24705882 0.24705882 0.25490198 0.21568628 0.11372549 0.019607844 0.11764706 0.6431373 0.8039216 0.8039216 0.7411765 0.7921569 0.84705883 0.8745098 0.8666667 0.87058824 0.8745098 0.85882354 0.8509804 0.59607846 0.36078432 0.8352941 0.85882354 0.9098039 0.972549 0.9882353 0.9843137
0.98039216 0.8156863 0.70980394 0.7882353 0.80784315 0.84705883 0.8666667 0.8627451 0.8235294 0.4 0.1254902 0.08627451 0.16078432 0.47058824 0.8392157 0.8745098 0.8235294 0.8784314 0.87058824 0.8627451 0.8666667 0.85882354 0.87058824 0.8745098 0.75686276 0.5137255 0.8784314 0.85882354 0.85882354 0.9019608 0.9607843 0.9764706
0.92156863 0.6 0.78039217 0.7764706 0.63529414 0.7607843 0.79607844 0.78039217 0.6509804 0.12156863 0.15294118 0.21568628 0.16862746 0.105882354 0.56078434 0.8745098 0.78039217 0.70980394 0.7058824 0.7058824 0.68235296 0.64705884 0.7294118 0.7372549 0.7058824 0.6784314 0.78039217 0.7764706 0.8392157 0.93333334 0.89411765 0.94509804
0.7294118 0.4627451 0.6509804 0.65882355 0.6 0.6666667 0.67058825 0.654902 0.42352942 0.17254902 0.13725491 0.08235294 0.08627451 0.16470589 0.64705884 0.972549 0.91764706 0.7372549 0.654902 0.67058825 0.63529414 0.6156863 0.6784314 0.69411767 0.7019608 0.72156864 0.72156864 0.7294118 0.8666667 0.8784314 0.75686276 0.85490197
0.75686276 0.5647059 0.63529414 0.68235296 0.69803923 0.654902 0.67058825 0.6666667 0.6156863 0.5647059 0.49411765 0.42352942 0.38431373 0.44705883 0.7490196 0.81960785 0.7176471 0.76862746 0.64705884 0.63529414 0.6431373 0.65882355 0.65882355 0.67058825 0.6745098 0.6862745 0.69803923 0.7019608 0.7882353 0.44313726 0.21960784 0.70980394
0.8 0.65882355 0.67058825 0.6784314 0.6431373 0.59607846 0.73333335 0.75686276 0.74509805 0.7058824 0.64705884 0.57254905 0.53333336 0.56078434 0.6666667 0.45490196 0.27450982 0.5686275 0.65882355 0.6117647 0.62352943 0.6313726 0.63529414 0.64705884 0.65882355 0.67058825 0.67058825 0.6745098 0.6627451 0.27058825 0.19607843 0.4862745
0.76862746 0.6784314 0.6862745 0.6666667 0.6627451 0.7019608 0.78039217 0.78431374 0.75686276 0.7058824 0.6431373 0.57254905 0.54901963 0.57254905 0.54901963 0.28627452 0.23921569 0.29803923 0.6431373 0.5921569 0.6039216 0.61960787 0.627451 0.63529414 0.6509804 0.65882355 0.65882355 0.65882355 0.54901963 0.3764706 0.38431373 0.39607844
0.7294118 0.6901961 0.7176471 0.6745098 0.68235296 0.7372549 0.78431374 0.7921569 0.7764706 0.7294118 0.6745098 0.627451 0.6156863 0.5882353 0.39607844 0.34509805 0.40784314 0.23137255 0.57254905 0.5882353 0.59607846 0.6156863 0.627451 0.6392157 0.64705884 0.65882355 0.65882355 0.6313726 0.45490196 0.31764707 0.3529412 0.4392157
0.70980394 0.7137255 0.7490196 0.77254903 0.78431374 0.8 0.81960785 0.827451 0.8156863 0.75686276 0.6901961 0.61960787 0.5529412 0.5254902 0.27450982 0.3019608 0.33333334 0.28627452 0.49411765 0.70980394 0.7058824 0.7137255 0.7137255 0.7137255 0.70980394 0.7137255 0.7019608 0.627451 0.42745098 0.34509805 0.40392157 0.44705883
0.62352943 0.57254905 0.57254905 0.57254905 0.58431375 0.6156863 0.6666667 0.74509805 0.76862746 0.7411765 0.6901961 0.6 0.5529412 0.49019608 0.22745098 0.2784314 0.3882353 0.3647059 0.41568628 0.7764706 0.7921569 0.8 0.8156863 0.8117647 0.8117647 0.8117647 0.80784315 0.7019608 0.4509804 0.42352942 0.53333336 0.45882353
0.26666668 0.1882353 0.21960784 0.24313726 0.26666668 0.29411766 0.36078432 0.5019608 0.5254902 0.39215687 0.49019608 0.59607846 0.54901963 0.4627451 0.22352941 0.40784314 0.5137255 0.38039216 0.35686275 0.5568628 0.5529412 0.54509807 0.53333336 0.5372549 0.5372549 0.5529412 0.5803922 0.5647059 0.36862746 0.32941177 0.54509807 0.5058824
0.23137255 0.27450982 0.3019608 0.30980393 0.31764707 0.32941177 0.34117648 0.3647059 0.32941177 0.21176471 0.28235295 0.6 0.54509807 0.42352942 0.20784314 0.28627452 0.52156866 0.40392157 0.37254903 0.58431375 0.5686275 0.5568628 0.53333336 0.5372549 0.54901963 0.5686275 0.60784316 0.6039216 0.39607844 0.47843137 0.50980395 0.4627451
0.29803923 0.27058825 0.19607843 0.17254902 0.17254902 0.16470589 0.1882353 0.23137255 0.2 0.2 0.21176471 0.58431375 0.6117647 0.39215687 0.20784314 0.34117648 0.5294118 0.4 0.37254903 0.6627451 0.69411767 0.7019608 0.7019608 0.6862745 0.6745098 0.6666667 0.6627451 0.6039216 0.40392157 0.41960785 0.3372549 0.5254902
0.32941177 0.21568628 0.22745098 0.22745098 0.24313726 0.23921569 0.22745098 0.2509804 0.21960784 0.14117648 0.09803922 0.4392157 0.6156863 0.31764707 0.20784314 0.41568628 0.5176471 0.34117648 0.34117648 0.47058824 0.47843137 0.47843137 0.4862745 0.49803922 0.49803922 0.49411765 0.4627451 0.28235295 0.24705882 0.34901962 0.36862746 0.54901963
0.5176471 0.12156863 0.09019608 0.08627451 0.101960786 0.14901961 0.3254902 0.34901962 0.3372549 0.21176471 0.19607843 0.37254903 0.5254902 0.19607843 0.16078432 0.27058825 0.3372549 0.33333334 0.29411766 0.41960785 0.4862745 0.5137255 0.5411765 0.5568628 0.5764706 0.60784316 0.6039216 0.20392157 0.11764706 0.41568628 0.50980395 0.60784316
0.68235296 0.12156863 0.043137256 0.03137255 0.02745098 0.21960784 0.6666667 0.6784314 0.6666667 0.6509804 0.6392157 0.64705884 0.56078434 0.13333334 0.12156863 0.2784314 0.34117648 0.3137255 0.105882354 0.2509804 0.3529412 0.3764706 0.36862746 0.36078432 0.36862746 0.38039216 0.38039216 0.27450982 0.16470589 0.30980393 0.45882353 0.65882355
0.70980394 0.29411766 0.047058824 0.047058824 0.0627451 0.43529412 0.67058825 0.65882355 0.62352943 0.5921569 0.54901963 0.49019608 0.40784314 0.14901961 0.09019608 0.29411766 0.45882353 0.2784314 0.15294118 0.19215687 0.24705882 0.3019608 0.34901962 0.4 0.4627451 0.52156866 0.5529412 0.5921569 0.6039216 0.6039216 0.654902 0.6745098
0.67058825 0.5294118 0.11372549 0.03137255 0.078431375 0.30980393 0.38431373 0.37254903 0.3372549 0.29803923 0.2627451 0.24313726 0.22352941 0.15686275 0.0627451 0.14901961 0.31764707 0.38039216 0.47058824 0.5568628 0.6117647 0.6509804 0.6862745 0.7058824 0.7019608 0.7019608 0.6862745 0.6745098 0.6666667 0.6666667 0.654902 0.654902
0.5372549 0.42352942 0.31764707 0.27450982 0.28235295 0.30588236 0.3529412 0.3647059 0.36078432 0.37254903 0.4 0.43529412 0.46666667 0.47058824 0.49019608 0.53333336 0.59607846 0.65882355 0.65882355 0.67058825 0.6666667 0.6745098 0.6627451 0.6666667 0.65882355 0.65882355 0.6431373 0.63529414 0.6313726 0.63529414 0.6431373 0.63529414
0.6627451 0.65882355 0.6431373 0.6431373 0.6509804 0.6431373 0.6392157 0.6392157 0.6392157 0.6431373 0.65882355 0.6666667 0.6745098 0.67058825 0.6862745 0.6745098 0.65882355 0.6509804 0.64705884 0.6509804 0.6666667 0.68235296 0.6901961 0.6862745 0.6784314 0.67058825 0.65882355 0.654902 0.6509804 0.64705884 0.65882355 0.6392157
13 0 1
4 0 2
31 2 2
31 15 1
30 31 1
10 0 2
0 23 1
24 0 0
7 0 1
21 31 1
0 21 1
31 1 1
31 16 1
22 31 0
9 0 1
2 31 0
31 29 0
20 0 1
31 14 1
17 31 1
27 31 2
4 31 2
1 0 1
0 8 1
0 6 1
0 29 0
31 12 2
0 16 0
5 31 1
0 3 0
