32, 32, 3, 30
0.6666667 0.7294118 0.7647059 0.7921569 0.78431374 0.75686276 0.7176471 0.6666667 0.6313726 0.6117647 0.6313726 0.64705884 0.6666667 0.6745098 0.6509804 0.60784316 0.5529412 0.46666667 0.43137255 0.46666667 0.44313726 0.42352942 0.43137255 0.44313726 0.46666667 0.49803922 0.52156866 0.5529412 0.57254905 0.5803922 0.5686275 0.5411765
0.7019608 0.7647059 0.8 0.8235294 0.8235294 0.8 0.75686276 0.7058824 0.6784314 0.6745098 0.69411767 0.70980394 0.7254902 0.73333335 0.7019608 0.59607846 0.45490196 0.34117648 0.2901961 0.3254902 0.3019608 0.27450982 0.3019608 0.30588236 0.32941177 0.37254903 0.38431373 0.49411765 0.5686275 0.5764706 0.5686275 0.54509807
0.7372549 0.79607844 0.83137256 0.8509804 0.8509804 0.83137256 0.7882353 0.7372549 0.70980394 0.7137255 0.7372549 0.75686276 0.7764706 0.75686276 0.6392157 0.44313726 0.29411766 0.23921569 0.23137255 0.24313726 0.23529412 0.23921569 0.24313726 0.2509804 0.2509804 0.23529412 0.22352941 0.32156864 0.4745098 0.54901963 0.56078434 0.54509807
0.7529412 0.8156863 0.84705883 0.8666667 0.85882354 0.8392157 0.79607844 0.7490196 0.7254902 0.73333335 0.7647059 0.7882353 0.75686276 0.60784316 0.38431373 0.27450982 0.23921569 0.23921569 0.25490198 0.26666668 0.27450982 0.27058825 0.23921569 0.29803923 0.32941177 0.31764707 0.30588236 0.24313726 0.3019608 0.47843137 0.5529412 0.54509807
0.7529412 0.81960785 0.84705883 0.8627451 0.85490197 0.827451 0.78431374 0.7411765 0.72156864 0.73333335 0.7647059 0.7764706 0.6392157 0.39607844 0.28627452 0.27058825 0.27058825 0.2901961 0.31764707 0.3137255 0.2901961 0.2627451 0.24313726 0.32156864 0.45882353 0.5568628 0.54901963 0.41960785 0.28627452 0.40784314 0.5411765 0.54901963
0.7411765 0.8117647 0.8352941 0.84705883 0.8392157 0.80784315 0.76862746 0.7372549 0.72156864 0.7372549 0.7764706 0.7764706 0.5647059 0.36862746 0.37254903 0.3764706 0.36078432 0.3764706 0.40392157 0.3647059 0.28627452 0.28235295 0.34901962 0.4117647 0.5529412 0.53333336 0.41960785 0.47843137 0.40392157 0.3764706 0.52156866 0.5568628
0.73333335 0.7921569 0.8156863 0.827451 0.81960785 0.7882353 0.7529412 0.72156864 0.7137255 0.7372549 0.7254902 0.5882353 0.45882353 0.44313726 0.45882353 0.4392157 0.4392157 0.46666667 0.4509804 0.41568628 0.38431373 0.4 0.4745098 0.53333336 0.5803922 0.4627451 0.34901962 0.42352942 0.45882353 0.39215687 0.49411765 0.5647059
0.7294118 0.78039217 0.80784315 0.81960785 0.8117647 0.78039217 0.7372549 0.7176471 0.7058824 0.6627451 0.5019608 0.41568628 0.44705883 0.4745098 0.4627451 0.4509804 0.44705883 0.46666667 0.4862745 0.5058824 0.50980395 0.4745098 0.44313726 0.4509804 0.45490196 0.5019608 0.4509804 0.41960785 0.4862745 0.42352942 0.47058824 0.5764706
0.74509805 0.79607844 0.81960785 0.827451 0.8156863 0.7882353 0.7137255 0.62352943 0.5686275 0.48235294 0.38039216 0.37254903 0.4 0.43529412 0.43529412 0.43137255 0.44313726 0.43137255 0.44313726 0.44313726 0.4117647 0.37254903 0.33333334 0.32156864 0.4117647 0.5529412 0.58431375 0.5921569 0.6392157 0.49019608 0.4862745 0.6
0.76862746 0.8235294 0.8352941 0.84313726 0.83137256 0.8 0.6313726 0.45882353 0.42745098 0.3882353 0.39215687 0.40392157 0.4392157 0.4392157 0.4 0.38039216 0.40392157 0.42745098 0.44705883 0.42352942 0.36862746 0.3372549 0.32156864 0.32941177 0.39215687 0.5019608 0.64705884 0.77254903 0.7529412 0.5254902 0.5058824 0.6117647
0.7921569 0.84705883 0.85490197 0.85882354 0.84313726 0.8039216 0.7176471 0.627451 0.6156863 0.6313726 0.65882355 0.7019608 0.7372549 0.73333335 0.7019608 0.62352943 0.5176471 0.41568628 0.34117648 0.30980393 0.32156864 0.35686275 0.34901962 0.33333334 0.38431373 0.5294118 0.7176471 0.8039216 0.7647059 0.52156866 0.48235294 0.6117647
0.80784315 0.85882354 0.8666667 0.87058824 0.84705883 0.8039216 0.7607843 0.7254902 0.7254902 0.75686276 0.7921569 0.81960785 0.8352941 0.83137256 0.8117647 0.7607843 0.6745098 0.5647059 0.43137255 0.33333334 0.29803923 0.33333334 0.38039216 0.41960785 0.47843137 0.5921569 0.73333335 0.8039216 0.75686276 0.5137255 0.5176471 0.63529414
0.8039216 0.85490197 0.8666667 0.87058824 0.84313726 0.7921569 0.73333335 0.69803923 0.69803923 0.73333335 0.77254903 0.79607844 0.80784315 0.8 0.7764706 0.72156864 0.6509804 0.5764706 0.5019608 0.41568628 0.3372549 0.34117648 0.4 0.4745098 0.5058824 0.5803922 0.72156864 0.7882353 0.7372549 0.5803922 0.59607846 0.6431373
0.79607844 0.84705883 0.85882354 0.8627451 0.8352941 0.7764706 0.7137255 0.6862745 0.69411767 0.73333335 0.7647059 0.7882353 0.79607844 0.78431374 0.75686276 0.7019608 0.6313726 0.5568628 0.5058824 0.43529412 0.37254903 0.39215687 0.42352942 0.5294118 0.49019608 0.5294118 0.63529414 0.7176471 0.67058825 0.5372549 0.60784316 0.6431373
0.78431374 0.83137256 0.84313726 0.84313726 0.8117647 0.75686276 0.7019608 0.6745098 0.68235296 0.7137255 0.7490196 0.77254903 0.7764706 0.7607843 0.7372549 0.6862745 0.6156863 0.54509807 0.5019608 0.43529412 0.4 0.44705883 0.48235294 0.53333336 0.49019608 0.54901963 0.5764706 0.63529414 0.5529412 0.4627451 0.59607846 0.6431373
0.76862746 0.8156863 0.827451 0.827451 0.79607844 0.7411765 0.69411767 0.67058825 0.67058825 0.7019608 0.7372549 0.75686276 0.7529412 0.73333335 0.70980394 0.6666667 0.6 0.5372549 0.5019608 0.45490196 0.49019608 0.52156866 0.49803922 0.49411765 0.5058824 0.5254902 0.58431375 0.6 0.4509804 0.45490196 0.6 0.6156863
0.75686276 0.80784315 0.81960785 0.81960785 0.7921569 0.7411765 0.69411767 0.6666667 0.6666667 0.69411767 0.7294118 0.7411765 0.73333335 0.70980394 0.68235296 0.6509804 0.59607846 0.5411765 0.49019608 0.45882353 0.54509807 0.5254902 0.5137255 0.5137255 0.47058824 0.49411765 0.5254902 0.42745098 0.3254902 0.44705883 0.59607846 0.6
0.7490196 0.8 0.8117647 0.80784315 0.7764706 0.73333335 0.69411767 0.6666667 0.65882355 0.68235296 0.7137255 0.7254902 0.7137255 0.6862745 0.6627451 0.6392157 0.5921569 0.5411765 0.49411765 0.4509804 0.54509807 0.5529412 0.5686275 0.57254905 0.5019608 0.49803922 0.45882353 0.3372549 0.30588236 0.44705883 0.5882353 0.6156863
0.7490196 0.79607844 0.8 0.7921569 0.7647059 0.73333335 0.70980394 0.68235296 0.67058825 0.6862745 0.7137255 0.7176471 0.7058824 0.6862745 0.6627451 0.63529414 0.59607846 0.5529412 0.4745098 0.40784314 0.4862745 0.5254902 0.5686275 0.5803922 0.54509807 0.5254902 0.4509804 0.3372549 0.3019608 0.4392157 0.6 0.6392157
0.78039217 0.8156863 0.8156863 0.80784315 0.78431374 0.75686276 0.7372549 0.7137255 0.69803923 0.7019608 0.72156864 0.7176471 0.7058824 0.6901961 0.6666667 0.63529414 0.6039216 0.5647059 0.45490196 0.44313726 0.5568628 0.53333336 0.53333336 0.5764706 0.5529412 0.48235294 0.37254903 0.30980393 0.36862746 0.5529412 0.6627451 0.6627451
0.827451 0.85882354 0.8509804 0.84313726 0.8156863 0.7921569 0.77254903 0.75686276 0.7411765 0.7372549 0.74509805 0.7411765 0.7176471 0.69803923 0.6862745 0.65882355 0.627451 0.5294118 0.4 0.44313726 0.49803922 0.4 0.39215687 0.49803922 0.49803922 0.41568628 0.3372549 0.29411766 0.42745098 0.654902 0.69803923 0.68235296
0.88235295 0.9019608 0.8901961 0.88235295 0.85882354 0.8392157 0.8235294 0.80784315 0.79607844 0.7882353 0.78039217 0.76862746 0.7411765 0.72156864 0.7137255 0.69803923 0.6431373 0.47843137 0.34901962 0.39215687 0.42352942 0.39607844 0.3882353 0.3882353 0.37254903 0.34901962 0.32941177 0.3764706 0.5647059 0.72156864 0.7294118 0.7137255
0.91764706 0.93333334 0.91764706 0.90588236 0.88235295 0.87058824 0.85882354 0.84705883 0.83137256 0.8156863 0.8 0.78431374 0.7529412 0.7294118 0.72156864 0.7019608 0.60784316 0.41960785 0.32156864 0.29411766 0.3254902 0.34901962 0.38431373 0.33333334 0.2901961 0.29803923 0.33333334 0.49803922 0.7019608 0.78431374 0.7764706 0.75686276
0.92941177 0.9411765 0.91764706 0.90588236 0.89411765 0.88235295 0.8745098 0.8627451 0.84313726 0.827451 0.8039216 0.78431374 0.7607843 0.7372549 0.72156864 0.6509804 0.4509804 0.3137255 0.32156864 0.31764707 0.32156864 0.3764706 0.3529412 0.32941177 0.2901961 0.2901961 0.34901962 0.52156866 0.7254902 0.8117647 0.8156863 0.8
0.9411765 0.9490196 0.92941177 0.92156863 0.9137255 0.90588236 0.8980392 0.8862745 0.87058824 0.85490197 0.8352941 0.8039216 0.7882353 0.7529412 0.6862745 0.5686275 0.39607844 0.35686275 0.40392157 0.35686275 0.3372549 0.36862746 0.32941177 0.28235295 0.25490198 0.2509804 0.2901961 0.45490196 0.7058824 0.8235294 0.81960785 0.8156863
0.93333334 0.94509804 0.92941177 0.9254902 0.92156863 0.92156863 0.92156863 0.92156863 0.91764706 0.9137255 0.8980392 0.87058824 0.827451 0.7490196 0.61960787 0.4392157 0.3882353 0.41960785 0.42745098 0.35686275 0.3529412 0.34117648 0.30980393 0.29803923 0.26666668 0.24313726 0.25490198 0.3764706 0.62352943 0.7529412 0.76862746 0.76862746
0.9098039 0.92156863 0.9098039 0.9098039 0.9098039 0.91764706 0.91764706 0.92156863 0.93333334 0.9411765 0.93333334 0.9098039 0.8352941 0.6862745 0.50980395 0.39215687 0.43137255 0.47058824 0.44705883 0.4117647 0.36862746 0.34509805 0.30980393 0.29411766 0.24705882 0.23921569 0.24705882 0.31764707 0.49411765 0.64705884 0.6901961 0.7254902
0.84313726 0.85882354 0.8509804 0.8509804 0.85490197 0.87058824 0.8784314 0.8901961 0.9137255 0.9254902 0.92941177 0.9019608 0.7607843 0.54901963 0.38431373 0.38039216 0.45490196 0.47058824 0.4509804 0.4392157 0.40784314 0.3764706 0.39607844 0.38431373 0.2627451 0.23921569 0.27058825 0.31764707 0.42352942 0.5921569 0.6745098 0.7176471
0.7176471 0.7294118 0.72156864 0.7294118 0.7411765 0.7647059 0.7882353 0.8156863 0.8509804 0.8784314 0.8862745 0.8039216 0.59607846 0.39215687 0.30588236 0.3529412 0.40784314 0.41960785 0.47843137 0.4862745 0.43137255 0.38431373 0.44313726 0.43529412 0.30588236 0.24313726 0.26666668 0.3019608 0.41568628 0.5921569 0.6862745 0.7294118
0.5882353 0.58431375 0.5686275 0.57254905 0.5764706 0.6 0.627451 0.6666667 0.7176471 0.7529412 0.7647059 0.6509804 0.43137255 0.2901961 0.29803923 0.39607844 0.43529412 0.41960785 0.46666667 0.44313726 0.39215687 0.36078432 0.3764706 0.37254903 0.32941177 0.27058825 0.28235295 0.33333334 0.43529412 0.5411765 0.6431373 0.7058824
0.53333336 0.52156866 0.49803922 0.49411765 0.4862745 0.49411765 0.5176471 0.5529412 0.59607846 0.6313726 0.61960787 0.5058824 0.32156864 0.25490198 0.32156864 0.43137255 0.4392157 0.39607844 0.40392157 0.40784314 0.39215687 0.38039216 0.38039216 0.39215687 0.37254903 0.3529412 0.39215687 0.40392157 0.40392157 0.44705883 0.5372549 0.6156863
0.49803922 0.48235294 0.45490196 0.44313726 0.4392157 0.44313726 0.4627451 0.49411765 0.52156866 0.5411765 0.5176471 0.39607844 0.27058825 0.2627451 0.3529412 0.39215687 0.3372549 0.3254902 0.34117648 0.3882353 0.3882353 0.3882353 0.36862746 0.3764706 0.36862746 0.35686275 0.4117647 0.38039216 0.29803923 0.30980393 0.39215687 0.47843137
0.6117647 0.67058825 0.7019608 0.72156864 0.70980394 0.68235296 0.6431373 0.6 0.5686275 0.54901963 0.5686275 0.58431375 0.6039216 0.6156863 0.6039216 0.5686275 0.5137255 0.43529412 0.40784314 0.44705883 0.42745098 0.40784314 0.4117647 0.42352942 0.44313726 0.46666667 0.4862745 0.50980395 0.5254902 0.5254902 0.50980395 0.48235294
0.64705884 0.7058824 0.7372549 0.75686276 0.7490196 0.7254902 0.6862745 0.6431373 0.6156863 0.6156863 0.6313726 0.64705884 0.6627451 0.6784314 0.65882355 0.56078434 0.42745098 0.32156864 0.27450982 0.3137255 0.29411766 0.26666668 0.2901961 0.2901961 0.30980393 0.34509805 0.3529412 0.45882353 0.5254902 0.5176471 0.50980395 0.4862745
0.68235296 0.7411765 0.76862746 0.78039217 0.7764706 0.75686276 0.7176471 0.6745098 0.64705884 0.6509804 0.6745098 0.69411767 0.7137255 0.7019608 0.6 0.41960785 0.27450982 0.22352941 0.22352941 0.24313726 0.23529412 0.23921569 0.23921569 0.24313726 0.23921569 0.21568628 0.20392157 0.29411766 0.43137255 0.49411765 0.5019608 0.4862745
0.69803923 0.75686276 0.78431374 0.79607844 0.7882353 0.7647059 0.7254902 0.6862745 0.6627451 0.67058825 0.7019608 0.7254902 0.69411767 0.5529412 0.3529412 0.25490198 0.22352941 0.23137255 0.25490198 0.27058825 0.28235295 0.27450982 0.24313726 0.3019608 0.3254902 0.30980393 0.2901961 0.22352941 0.2627451 0.42352942 0.49411765 0.4862745
0.7019608 0.7647059 0.7882353 0.79607844 0.78039217 0.7529412 0.7058824 0.6666667 0.6509804 0.67058825 0.7058824 0.7254902 0.5921569 0.36078432 0.27058825 0.25882354 0.25490198 0.27450982 0.29803923 0.2901961 0.2627451 0.24313726 0.23529412 0.3137255 0.45882353 0.54901963 0.5294118 0.39215687 0.2509804 0.3647059 0.49411765 0.49411765
0.69411767 0.7607843 0.78039217 0.78431374 0.76862746 0.73333335 0.6901961 0.654902 0.64705884 0.67058825 0.7294118 0.7411765 0.5411765 0.35686275 0.37254903 0.37254903 0.34901962 0.34901962 0.36078432 0.30980393 0.22352941 0.23529412 0.31764707 0.4 0.54509807 0.5254902 0.4 0.44705883 0.3764706 0.3529412 0.4862745 0.5019608
0.68235296 0.74509805 0.7607843 0.7647059 0.7490196 0.7176471 0.6784314 0.6509804 0.64705884 0.6784314 0.68235296 0.5529412 0.43137255 0.42745098 0.4509804 0.42745098 0.41960785 0.43529412 0.40784314 0.3647059 0.32941177 0.3529412 0.44313726 0.5176471 0.5764706 0.45882353 0.32941177 0.3882353 0.42745098 0.36862746 0.45882353 0.5137255
0.6784314 0.73333335 0.7529412 0.7607843 0.7411765 0.70980394 0.6745098 0.6627451 0.654902 0.6156863 0.45882353 0.38039216 0.41568628 0.4509804 0.44313726 0.42352942 0.41960785 0.43137255 0.44705883 0.4627451 0.46666667 0.43137255 0.4117647 0.43529412 0.4509804 0.49411765 0.43137255 0.3882353 0.45490196 0.4 0.43137255 0.52156866
0.69803923 0.7490196 0.7647059 0.76862746 0.7490196 0.7176471 0.65882355 0.58431375 0.53333336 0.4509804 0.34509805 0.33333334 0.3647059 0.4 0.4 0.4 0.4117647 0.39607844 0.40784314 0.4117647 0.3764706 0.33333334 0.3019608 0.30588236 0.40392157 0.54509807 0.56078434 0.5568628 0.60784316 0.4627451 0.44705883 0.5411765
0.7176471 0.77254903 0.78039217 0.78431374 0.7647059 0.7294118 0.5803922 0.43137255 0.4 0.36078432 0.36078432 0.3647059 0.4 0.4 0.36078432 0.34117648 0.36862746 0.39215687 0.41960785 0.4 0.34509805 0.30588236 0.2901961 0.3137255 0.38431373 0.49411765 0.627451 0.7411765 0.7254902 0.49803922 0.46666667 0.5568628
0.73333335 0.7882353 0.79607844 0.8 0.78039217 0.7411765 0.6627451 0.58431375 0.57254905 0.5882353 0.6156863 0.65882355 0.69411767 0.6862745 0.6509804 0.5764706 0.4745098 0.3764706 0.30588236 0.28235295 0.3019608 0.34117648 0.3372549 0.32941177 0.3764706 0.52156866 0.70980394 0.7882353 0.7529412 0.5058824 0.4509804 0.56078434
0.74509805 0.79607844 0.80784315 0.8117647 0.78431374 0.7411765 0.7019608 0.6745098 0.6745098 0.7058824 0.74509805 0.77254903 0.7921569 0.78431374 0.7529412 0.7058824 0.627451 0.52156866 0.39215687 0.30588236 0.2784314 0.3254902 0.38039216 0.41568628 0.4745098 0.5882353 0.7294118 0.8 0.7529412 0.5019608 0.49019608 0.58431375
0.7411765 0.79607844 0.80784315 0.80784315 0.78431374 0.7294118 0.6745098 0.64705884 0.6509804 0.6862745 0.7254902 0.7490196 0.7647059 0.7529412 0.72156864 0.67058825 0.6039216 0.53333336 0.46666667 0.38431373 0.3137255 0.33333334 0.4 0.47843137 0.5058824 0.5803922 0.7254902 0.7921569 0.7372549 0.5686275 0.5686275 0.5882353
0.73333335 0.7882353 0.8 0.8 0.77254903 0.70980394 0.654902 0.63529414 0.64705884 0.6862745 0.7176471 0.7411765 0.7529412 0.7372549 0.7019608 0.64705884 0.58431375 0.5176471 0.47058824 0.40784314 0.34901962 0.3882353 0.43137255 0.5372549 0.49803922 0.5372549 0.6431373 0.72156864 0.67058825 0.5254902 0.5803922 0.5921569
0.72156864 0.76862746 0.78431374 0.78431374 0.7529412 0.6901961 0.6431373 0.62352943 0.63529414 0.6666667 0.7058824 0.7254902 0.73333335 0.7137255 0.68235296 0.6313726 0.5686275 0.5058824 0.4627451 0.40784314 0.38039216 0.44705883 0.49411765 0.54509807 0.49803922 0.56078434 0.5882353 0.64705884 0.5568628 0.4509804 0.5686275 0.5921569
0.70980394 0.7607843 0.76862746 0.76862746 0.7372549 0.68235296 0.63529414 0.6156863 0.6156863 0.6509804 0.6862745 0.7019608 0.7019608 0.68235296 0.654902 0.6117647 0.54901963 0.49803922 0.47058824 0.43529412 0.4862745 0.5411765 0.5294118 0.52156866 0.53333336 0.5568628 0.6117647 0.627451 0.4627451 0.4509804 0.5764706 0.5803922
0.69803923 0.7490196 0.7607843 0.7607843 0.73333335 0.68235296 0.63529414 0.60784316 0.6039216 0.63529414 0.67058825 0.68235296 0.6745098 0.6509804 0.627451 0.5921569 0.5411765 0.49803922 0.46666667 0.4509804 0.5568628 0.56078434 0.5568628 0.5568628 0.50980395 0.53333336 0.56078434 0.4627451 0.34117648 0.4392157 0.58431375 0.5803922
0.6862745 0.7372549 0.7490196 0.74509805 0.7137255 0.67058825 0.6313726 0.6039216 0.59607846 0.61960787 0.6509804 0.6627451 0.6509804 0.62352943 0.6 0.5764706 0.53333336 0.49803922 0.47058824 0.4509804 0.5647059 0.5921569 0.6117647 0.6117647 0.53333336 0.5254902 0.48235294 0.3529412 0.30980393 0.43137255 0.5647059 0.58431375
0.68235296 0.7294118 0.73333335 0.7254902 0.69803923 0.6666667 0.6392157 0.6156863 0.6 0.61960787 0.6431373 0.64705884 0.63529414 0.6156863 0.5882353 0.56078434 0.53333336 0.5058824 0.45882353 0.41960785 0.5176471 0.57254905 0.6156863 0.6156863 0.57254905 0.5411765 0.45490196 0.33333334 0.2901961 0.41568628 0.5686275 0.6
0.7058824 0.74509805 0.74509805 0.7372549 0.7137255 0.6862745 0.6627451 0.6392157 0.62352943 0.6313726 0.64705884 0.64705884 0.6313726 0.6117647 0.58431375 0.5529412 0.5372549 0.5176471 0.44313726 0.4627451 0.6039216 0.5882353 0.5921569 0.61960787 0.5803922 0.49411765 0.37254903 0.29803923 0.34509805 0.5254902 0.62352943 0.62352943
0.7529412 0.78039217 0.77254903 0.7647059 0.7411765 0.7137255 0.69411767 0.6784314 0.6627451 0.654902 0.6627451 0.65882355 0.6392157 0.6117647 0.5882353 0.5686275 0.5529412 0.48235294 0.38039216 0.45490196 0.53333336 0.44313726 0.4392157 0.5294118 0.5176471 0.41960785 0.32941177 0.27058825 0.39607844 0.61960787 0.65882355 0.6392157
0.7882353 0.8039216 0.7921569 0.78431374 0.7607843 0.7411765 0.7294118 0.7176471 0.7058824 0.69803923 0.6901961 0.6745098 0.64705884 0.6156863 0.5921569 0.5882353 0.5647059 0.43137255 0.3254902 0.37254903 0.4117647 0.3882353 0.3882353 0.39215687 0.38039216 0.3529412 0.31764707 0.34509805 0.5254902 0.6745098 0.68235296 0.6666667
0.81960785 0.83137256 0.8156863 0.8039216 0.78431374 0.76862746 0.7607843 0.7490196 0.73333335 0.7176471 0.7019608 0.68235296 0.6509804 0.62352943 0.6039216 0.6 0.53333336 0.3764706 0.29803923 0.27058825 0.3019608 0.3254902 0.37254903 0.33333334 0.29803923 0.29803923 0.32156864 0.46666667 0.64705884 0.7137255 0.7058824 0.6862745
0.8352941 0.84313726 0.8235294 0.80784315 0.79607844 0.78431374 0.7764706 0.7607843 0.7411765 0.72156864 0.69803923 0.6784314 0.654902 0.6313726 0.62352943 0.57254905 0.39215687 0.2784314 0.3019608 0.3019608 0.3019608 0.3529412 0.3372549 0.3254902 0.29411766 0.2901961 0.32941177 0.4862745 0.65882355 0.7176471 0.7137255 0.69803923
0.84705883 0.8509804 0.8352941 0.827451 0.8156863 0.8117647 0.8 0.78039217 0.7647059 0.7490196 0.7294118 0.69803923 0.6745098 0.64705884 0.6039216 0.50980395 0.3529412 0.3254902 0.38431373 0.34117648 0.31764707 0.34117648 0.30588236 0.27058825 0.2509804 0.23921569 0.26666668 0.4117647 0.627451 0.7137255 0.7058824 0.7019608
0.8392157 0.8509804 0.8352941 0.83137256 0.827451 0.827451 0.81960785 0.80784315 0.8039216 0.79607844 0.78039217 0.7529412 0.7058824 0.6431373 0.54509807 0.3882353 0.34901962 0.39215687 0.40784314 0.3372549 0.32941177 0.30588236 0.2784314 0.2784314 0.25882354 0.22745098 0.22352941 0.32941177 0.54509807 0.6509804 0.6627451 0.65882355
0.8 0.8117647 0.8 0.8 0.8 0.8039216 0.80784315 0.8117647 0.8156863 0.8156863 0.8039216 0.78431374 0.7176471 0.5882353 0.4509804 0.3529412 0.39607844 0.4392157 0.41960785 0.38039216 0.33333334 0.3137255 0.28627452 0.27450982 0.23137255 0.21960784 0.21960784 0.28627452 0.4392157 0.5686275 0.6 0.62352943
0.7254902 0.7411765 0.7372549 0.7372549 0.7411765 0.7529412 0.76862746 0.78039217 0.7921569 0.79607844 0.8 0.78431374 0.654902 0.46666667 0.3372549 0.34509805 0.41960785 0.43529412 0.41568628 0.4 0.37254903 0.34901962 0.37254903 0.3647059 0.24313726 0.21960784 0.2509804 0.29803923 0.3764706 0.5137255 0.5803922 0.60784316
0.6117647 0.62352943 0.61960787 0.62352943 0.63529414 0.65882355 0.68235296 0.7058824 0.73333335 0.75686276 0.76862746 0.7019608 0.5137255 0.32941177 0.26666668 0.31764707 0.37254903 0.38431373 0.44313726 0.4509804 0.39607844 0.36078432 0.41960785 0.4117647 0.28627452 0.22352941 0.24313726 0.28235295 0.36862746 0.50980395 0.58431375 0.6117647
0.49411765 0.49019608 0.4745098 0.47843137 0.4862745 0.5058824 0.5294118 0.56078434 0.6039216 0.6431373 0.6627451 0.57254905 0.37254903 0.24705882 0.25882354 0.36078432 0.4 0.38431373 0.43137255 0.40784314 0.35686275 0.3372549 0.3529412 0.34901962 0.30588236 0.24705882 0.2627451 0.30980393 0.3882353 0.46666667 0.54509807 0.5921569
0.45490196 0.4392157 0.41568628 0.4117647 0.40392157 0.4117647 0.41960785 0.44313726 0.4862745 0.5254902 0.5294118 0.4392157 0.28627452 0.22745098 0.28627452 0.39607844 0.4 0.36078432 0.3647059 0.37254903 0.35686275 0.34901962 0.35686275 0.36862746 0.34901962 0.32941177 0.36862746 0.38431373 0.3647059 0.3882353 0.45882353 0.52156866
0.42745098 0.4117647 0.3882353 0.3764706 0.37254903 0.3764706 0.38431373 0.4 0.43137255 0.4509804 0.44313726 0.34509805 0.2509804 0.24705882 0.32941177 0.36078432 0.30588236 0.2901961 0.30980393 0.35686275 0.35686275 0.36078432 0.34117648 0.3529412 0.34509805 0.33333334 0.3882353 0.35686275 0.26666668 0.27058825 0.34509805 0.41568628
0.60784316 0.65882355 0.6862745 0.7019608 0.6862745 0.654902 0.6313726 0.6039216 0.57254905 0.5529412 0.57254905 0.5882353 0.60784316 0.6156863 0.6 0.56078434 0.5058824 0.42745098 0.39607844 0.43529412 0.41568628 0.40392157 0.40784314 0.41568628 0.43137255 0.45490196 0.47058824 0.49411765 0.50980395 0.50980395 0.49803922 0.47058824
0.6431373 0.69411767 0.72156864 0.7372549 0.7254902 0.69803923 0.6745098 0.6431373 0.61960787 0.6156863 0.63529414 0.6509804 0.6666667 0.6784314 0.65882355 0.5568628 0.41960785 0.30980393 0.26666668 0.3019608 0.28235295 0.26666668 0.29411766 0.2901961 0.30588236 0.3372549 0.34117648 0.44705883 0.50980395 0.5058824 0.49803922 0.4745098
0.6745098 0.7294118 0.7529412 0.7647059 0.7529412 0.7294118 0.7058824 0.6745098 0.6509804 0.654902 0.6784314 0.69803923 0.7176471 0.7019608 0.6039216 0.42352942 0.27450982 0.21960784 0.21960784 0.23529412 0.23137255 0.24705882 0.2509804 0.2509804 0.23921569 0.21176471 0.19607843 0.28627452 0.42352942 0.48235294 0.49019608 0.4745098
0.69411767 0.74509805 0.76862746 0.7764706 0.7607843 0.7372549 0.70980394 0.6862745 0.6666667 0.6745098 0.7058824 0.7294118 0.69803923 0.5568628 0.36078432 0.2627451 0.23137255 0.23529412 0.25882354 0.27058825 0.28235295 0.28627452 0.25490198 0.30980393 0.32941177 0.30980393 0.28627452 0.21568628 0.25490198 0.4117647 0.48235294 0.4745098
0.7058824 0.75686276 0.77254903 0.7764706 0.7647059 0.7372549 0.7058824 0.6745098 0.65882355 0.6745098 0.7058824 0.7254902 0.5921569 0.35686275 0.27058825 0.25882354 0.25882354 0.2784314 0.3019608 0.29411766 0.27058825 0.25490198 0.24705882 0.3254902 0.46666667 0.5568628 0.5411765 0.40784314 0.2509804 0.34901962 0.47843137 0.47843137
0.7137255 0.7647059 0.76862746 0.76862746 0.7607843 0.7372549 0.69803923 0.6666667 0.654902 0.6745098 0.7294118 0.7372549 0.53333336 0.34509805 0.36078432 0.3647059 0.34509805 0.34901962 0.36862746 0.31764707 0.23529412 0.24313726 0.3254902 0.40392157 0.5568628 0.54509807 0.42745098 0.47843137 0.38431373 0.33333334 0.46666667 0.49019608
0.7019608 0.74509805 0.7529412 0.7490196 0.7411765 0.7176471 0.6901961 0.6666667 0.6627451 0.69411767 0.6901961 0.5568628 0.43529412 0.42745098 0.45882353 0.44313726 0.43529412 0.45490196 0.43137255 0.3882353 0.35686275 0.36862746 0.4509804 0.5254902 0.58431375 0.4745098 0.35686275 0.41960785 0.4392157 0.3529412 0.44313726 0.5019608
0.69803923 0.73333335 0.74509805 0.7411765 0.73333335 0.70980394 0.6862745 0.6784314 0.67058825 0.63529414 0.4745098 0.39215687 0.42745098 0.4627451 0.4627451 0.4509804 0.44705883 0.4627451 0.4745098 0.49803922 0.49803922 0.44705883 0.41960785 0.44313726 0.4627451 0.5137255 0.45490196 0.41960785 0.47058824 0.39215687 0.42352942 0.52156866
0.7176471 0.7490196 0.7529412 0.7490196 0.7372549 0.7176471 0.6745098 0.60784316 0.5568628 0.4745098 0.36862746 0.35686275 0.38431373 0.41960785 0.41568628 0.41568628 0.42352942 0.4117647 0.42352942 0.42352942 0.39215687 0.34117648 0.30980393 0.3137255 0.41568628 0.5647059 0.5882353 0.5882353 0.627451 0.46666667 0.4509804 0.5529412
0.7372549 0.77254903 0.76862746 0.7647059 0.75686276 0.73333335 0.59607846 0.45490196 0.42352942 0.38431373 0.38431373 0.39215687 0.42745098 0.41960785 0.36862746 0.34117648 0.36862746 0.39215687 0.41568628 0.39607844 0.34117648 0.30588236 0.3019608 0.32156864 0.39607844 0.5137255 0.6509804 0.76862746 0.7411765 0.5019608 0.47058824 0.5686275
0.74509805 0.78431374 0.78431374 0.78431374 0.7764706 0.7490196 0.68235296 0.6039216 0.5921569 0.6 0.62352943 0.6627451 0.69411767 0.6901961 0.65882355 0.5803922 0.47843137 0.3764706 0.30588236 0.28235295 0.29803923 0.34901962 0.3529412 0.34117648 0.39215687 0.5372549 0.7254902 0.80784315 0.7647059 0.50980395 0.45882353 0.5764706
0.7529412 0.7921569 0.7921569 0.79607844 0.78431374 0.7529412 0.7254902 0.69411767 0.6901961 0.7176471 0.7490196 0.77254903 0.78431374 0.78039217 0.7647059 0.7176471 0.63529414 0.5294118 0.39607844 0.30588236 0.2784314 0.3372549 0.4 0.43529412 0.49803922 0.60784316 0.7490196 0.8235294 0.7647059 0.50980395 0.49803922 0.6039216
0.7490196 0.7882353 0.7921569 0.79607844 0.78039217 0.7411765 0.69803923 0.67058825 0.6666667 0.69803923 0.7294118 0.7490196 0.75686276 0.7529412 0.7294118 0.6784314 0.6117647 0.5411765 0.47058824 0.3882353 0.31764707 0.35686275 0.43529412 0.50980395 0.5411765 0.6156863 0.7607843 0.8235294 0.75686276 0.5764706 0.5764706 0.60784316
0.7411765 0.78039217 0.78431374 0.7882353 0.77254903 0.72156864 0.6784314 0.654902 0.6627451 0.69411767 0.72156864 0.7411765 0.74509805 0.73333335 0.70980394 0.65882355 0.5921569 0.52156866 0.4745098 0.4117647 0.3529412 0.41960785 0.48235294 0.5882353 0.54509807 0.58431375 0.69411767 0.76862746 0.7019608 0.5372549 0.5882353 0.60784316
0.73333335 0.7647059 0.76862746 0.77254903 0.7490196 0.7019608 0.6666667 0.64705884 0.6509804 0.6784314 0.7058824 0.7254902 0.7254902 0.7137255 0.6901961 0.6431373 0.5764706 0.50980395 0.46666667 0.40784314 0.38431373 0.4862745 0.5568628 0.6039216 0.5568628 0.61960787 0.64705884 0.7058824 0.5921569 0.4627451 0.5764706 0.60784316
0.7137255 0.75686276 0.7607843 0.7607843 0.7372549 0.6862745 0.6509804 0.63529414 0.63529414 0.6666667 0.69803923 0.7137255 0.7058824 0.6901961 0.6666667 0.6156863 0.54509807 0.49019608 0.47058824 0.45490196 0.5176471 0.6 0.6 0.5921569 0.6 0.6156863 0.67058825 0.6784314 0.49411765 0.45490196 0.5803922 0.5882353
0.69803923 0.7490196 0.7607843 0.7607843 0.73333335 0.68235296 0.6392157 0.61960787 0.6156863 0.64705884 0.68235296 0.69411767 0.6862745 0.6627451 0.6392157 0.5921569 0.52156866 0.47843137 0.46666667 0.48235294 0.61960787 0.64705884 0.64705884 0.6392157 0.58431375 0.59607846 0.6156863 0.50980395 0.3647059 0.4392157 0.5803922 0.5764706
0.6901961 0.7411765 0.7529412 0.7490196 0.7176471 0.6745098 0.63529414 0.6039216 0.59607846 0.62352943 0.654902 0.6627451 0.6509804 0.627451 0.6039216 0.5686275 0.5137255 0.47843137 0.4745098 0.4862745 0.63529414 0.69411767 0.72156864 0.7137255 0.62352943 0.6039216 0.5529412 0.4117647 0.34117648 0.43137255 0.56078434 0.58431375
0.6784314 0.7254902 0.7294118 0.72156864 0.69411767 0.6627451 0.63529414 0.6039216 0.5921569 0.60784316 0.63529414 0.6392157 0.627451 0.60784316 0.5803922 0.54509807 0.5058824 0.4862745 0.4627451 0.4627451 0.6 0.68235296 0.73333335 0.72156864 0.6666667 0.6156863 0.5176471 0.38431373 0.30980393 0.40784314 0.5568628 0.5921569
0.6745098 0.7137255 0.7137255 0.7058824 0.68235296 0.654902 0.63529414 0.6156863 0.6 0.60784316 0.62352943 0.62352943 0.60784316 0.5921569 0.5686275 0.5294118 0.5058824 0.49803922 0.4509804 0.5137255 0.6901961 0.69411767 0.69411767 0.70980394 0.6509804 0.54509807 0.40392157 0.31764707 0.34509805 0.50980395 0.60784316 0.60784316
0.69411767 0.72156864 0.7137255 0.7058824 0.68235296 0.654902 0.6431373 0.63529414 0.62352943 0.61960787 0.627451 0.627451 0.6039216 0.58431375 0.5686275 0.54509807 0.52156866 0.4627451 0.39607844 0.5058824 0.6156863 0.5372549 0.5254902 0.6 0.57254905 0.45490196 0.34509805 0.27450982 0.38431373 0.59607846 0.6392157 0.61960787
0.72156864 0.7372549 0.7294118 0.7176471 0.69411767 0.6745098 0.6666667 0.65882355 0.6509804 0.6431373 0.6431373 0.63529414 0.6117647 0.58431375 0.5647059 0.56078434 0.5411765 0.41568628 0.3372549 0.41568628 0.4745098 0.45882353 0.4509804 0.44313726 0.41960785 0.3764706 0.33333334 0.35686275 0.50980395 0.6392157 0.6431373 0.62352943
0.74509805 0.75686276 0.7411765 0.7294118 0.70980394 0.69411767 0.6862745 0.6784314 0.6627451 0.654902 0.64705884 0.63529414 0.60784316 0.5803922 0.5568628 0.5568628 0.49803922 0.35686275 0.29411766 0.2901961 0.33333334 0.3647059 0.40784314 0.3529412 0.30588236 0.29411766 0.3137255 0.45490196 0.6156863 0.65882355 0.64705884 0.627451
0.7490196 0.75686276 0.7372549 0.7254902 0.70980394 0.69803923 0.6901961 0.6745098 0.65882355 0.64705884 0.6313726 0.6156863 0.59607846 0.57254905 0.5568628 0.5137255 0.3529412 0.25882354 0.2901961 0.2901961 0.29803923 0.36078432 0.34509805 0.32156864 0.27450982 0.25882354 0.29411766 0.44313726 0.60784316 0.6509804 0.6431373 0.6313726
0.75686276 0.7607843 0.7411765 0.73333335 0.7254902 0.7176471 0.7019608 0.68235296 0.6666667 0.65882355 0.6431373 0.61960787 0.6039216 0.5764706 0.5372549 0.45882353 0.33333334 0.32156864 0.38039216 0.3254902 0.29803923 0.33333334 0.30588236 0.25882354 0.22745098 0.20392157 0.22352941 0.3647059 0.5764706 0.6509804 0.6431373 0.63529414
0.7411765 0.7490196 0.7372549 0.7294118 0.7254902 0.7254902 0.7137255 0.69803923 0.69411767 0.69803923 0.6862745 0.6666667 0.627451 0.57254905 0.49019608 0.36078432 0.3529412 0.41568628 0.42745098 0.3372549 0.30980393 0.30588236 0.28627452 0.27450982 0.23921569 0.2 0.1882353 0.2901961 0.5019608 0.6 0.60784316 0.6039216
0.69411767 0.7019608 0.69411767 0.69411767 0.69411767 0.69803923 0.69411767 0.6901961 0.6901961 0.6901961 0.69411767 0.6901961 0.63529414 0.5294118 0.42745098 0.3529412 0.4117647 0.45882353 0.4392157 0.3882353 0.33333334 0.3137255 0.28627452 0.26666668 0.21568628 0.19607843 0.19215687 0.2509804 0.4 0.5176471 0.54509807 0.56078434
0.62352943 0.6392157 0.6313726 0.6313726 0.63529414 0.6509804 0.65882355 0.6627451 0.67058825 0.6745098 0.6862745 0.6862745 0.5803922 0.42352942 0.33333334 0.36078432 0.42745098 0.44705883 0.42745098 0.41568628 0.38431373 0.35686275 0.36862746 0.35686275 0.23137255 0.20392157 0.22745098 0.27058825 0.34117648 0.4627451 0.5176471 0.53333336
0.5254902 0.5372549 0.5294118 0.53333336 0.54901963 0.57254905 0.5882353 0.60784316 0.6313726 0.654902 0.67058825 0.61960787 0.44705883 0.2901961 0.2627451 0.32941177 0.38431373 0.39607844 0.45490196 0.4627451 0.40784314 0.36862746 0.42745098 0.4117647 0.2784314 0.21176471 0.22745098 0.25882354 0.33333334 0.4509804 0.5137255 0.5294118
0.43137255 0.42352942 0.40784314 0.4117647 0.41960785 0.4392157 0.45882353 0.4862745 0.52156866 0.56078434 0.5882353 0.50980395 0.3254902 0.21960784 0.2627451 0.37254903 0.4117647 0.39607844 0.44313726 0.41960785 0.36862746 0.34901962 0.3647059 0.36078432 0.30980393 0.24705882 0.2509804 0.29803923 0.35686275 0.4117647 0.47843137 0.5137255
0.40784314 0.39215687 0.36862746 0.3647059 0.35686275 0.3647059 0.37254903 0.39215687 0.42745098 0.45882353 0.47058824 0.39215687 0.2509804 0.21176471 0.29411766 0.40784314 0.4117647 0.37254903 0.38039216 0.38431373 0.36862746 0.37254903 0.38039216 0.38431373 0.36078432 0.33333334 0.36862746 0.3764706 0.34509805 0.34901962 0.40784314 0.45882353
0.3882353 0.37254903 0.34901962 0.34117648 0.33333334 0.3372549 0.34509805 0.36078432 0.38431373 0.40392157 0.39607844 0.30980393 0.22745098 0.23921569 0.33333334 0.36862746 0.3137255 0.3019608 0.32156864 0.36862746 0.36862746 0.38039216 0.3647059 0.36862746 0.36078432 0.34117648 0.39607844 0.36078432 0.2627451 0.25490198 0.3137255 0.36862746
21 31 0
0 0 0
0 11 1
13 31 1
31 2 1
31 13 1
31 30 0
29 0 1
31 0 0
27 31 1
0 6 1
31 23 2
13 31 2
31 16 0
4 31 0
5 31 2
29 0 2
31 26 1
0 0 1
31 27 1
4 0 2
23 31 1
5 0 1
0 31 1
31 20 0
13 0 2
31 27 2
27 0 2
16 0 2
9 31 0
