32, 32, 3, 30
0.03137255 0.03529412 0.02745098 0.007843138 0.003921569 0.0 0.0 0.019607844 0.011764706 0.2901961 0.47843137 0.2784314 0.5254902 0.59607846 0.5803922 0.4862745 0.35686275 0.5372549 0.5921569 0.5019608 0.7882353 0.8156863 0.78039217 0.7921569 0.7882353 0.75686276 0.7490196 0.7294118 0.72156864 0.7254902 0.60784316 0.29411766
0.039215688 0.05882353 0.05490196 0.019607844 0.003921569 0.0 0.003921569 0.023529412 0.019607844 0.31764707 0.4862745 0.24313726 0.4509804 0.62352943 0.54509807 0.25490198 0.28627452 0.45882353 0.6784314 0.56078434 0.7607843 0.8156863 0.7490196 0.72156864 0.7137255 0.7019608 0.6784314 0.65882355 0.69411767 0.7058824 0.56078434 0.28235295
0.043137256 0.08235294 0.13725491 0.11372549 0.02745098 0.003921569 0.0 0.015686275 0.019607844 0.35686275 0.49803922 0.3137255 0.52156866 0.7294118 0.5058824 0.19215687 0.40392157 0.49411765 0.70980394 0.7019608 0.6901961 0.73333335 0.64705884 0.5803922 0.627451 0.64705884 0.6039216 0.52156866 0.5647059 0.5764706 0.3764706 0.15686275
0.31764707 0.32156864 0.24705882 0.24705882 0.08235294 0.09803922 0.3137255 0.3647059 0.3764706 0.60784316 0.6117647 0.5058824 0.7372549 0.75686276 0.30980393 0.23529412 0.50980395 0.53333336 0.70980394 0.52156866 0.29411766 0.39607844 0.33333334 0.25490198 0.30980393 0.33333334 0.30980393 0.23529412 0.23921569 0.23137255 0.13333334 0.043137256
0.83137256 0.80784315 0.38431373 0.30588236 0.20784314 0.09019608 0.49019608 0.8509804 0.89411765 0.8509804 0.7921569 0.8235294 0.8862745 0.54509807 0.16862746 0.3882353 0.6 0.59607846 0.7254902 0.38431373 0.015686275 0.07450981 0.11372549 0.09411765 0.07058824 0.07450981 0.043137256 0.043137256 0.050980393 0.039215688 0.03137255 0.015686275
0.9490196 0.96862745 0.5647059 0.29803923 0.39607844 0.24705882 0.20392157 0.5294118 0.7254902 0.79607844 0.7647059 0.7137255 0.5764706 0.22352941 0.21568628 0.5019608 0.5764706 0.56078434 0.73333335 0.43137255 0.02745098 0.05490196 0.09803922 0.19215687 0.14509805 0.09803922 0.03137255 0.02745098 0.03529412 0.03529412 0.02745098 0.011764706
0.9254902 0.9490196 0.8117647 0.30980393 0.40392157 0.5058824 0.25882354 0.050980393 0.11764706 0.3137255 0.2901961 0.2 0.1254902 0.047058824 0.105882354 0.3647059 0.5019608 0.47058824 0.6862745 0.62352943 0.20392157 0.20392157 0.25490198 0.41960785 0.32941177 0.09411765 0.02745098 0.015686275 0.011764706 0.011764706 0.011764706 0.003921569
0.98039216 0.96862745 0.9647059 0.5764706 0.3764706 0.43137255 0.21176471 0.007843138 0.0 0.019607844 0.043137256 0.0627451 0.0627451 0.03137255 0.015686275 0.09411765 0.26666668 0.36862746 0.6156863 0.8392157 0.54509807 0.4745098 0.5411765 0.6039216 0.4627451 0.13333334 0.047058824 0.023529412 0.011764706 0.011764706 0.011764706 0.003921569
0.7254902 0.74509805 0.79607844 0.7019608 0.39215687 0.2509804 0.078431375 0.007843138 0.015686275 0.019607844 0.03137255 0.07058824 0.08235294 0.023529412 0.007843138 0.039215688 0.078431375 0.27450982 0.61960787 0.8980392 0.8156863 0.7254902 0.7882353 0.7176471 0.49411765 0.1254902 0.047058824 0.011764706 0.007843138 0.011764706 0.015686275 0.003921569
0.61960787 0.69803923 0.7411765 0.7294118 0.35686275 0.09411765 0.07450981 0.023529412 0.02745098 0.09411765 0.047058824 0.07450981 0.101960786 0.03137255 0.007843138 0.015686275 0.023529412 0.16470589 0.49411765 0.83137256 0.92156863 0.8901961 0.9372549 0.84313726 0.43529412 0.12156863 0.03529412 0.003921569 0.007843138 0.011764706 0.007843138 0.0
0.6862745 0.58431375 0.654902 0.72156864 0.3019608 0.03137255 0.07450981 0.078431375 0.1882353 0.43137255 0.23921569 0.15686275 0.19215687 0.08627451 0.015686275 0.007843138 0.007843138 0.039215688 0.1254902 0.5411765 0.9411765 0.92156863 0.9529412 0.83137256 0.43529412 0.10980392 0.011764706 0.011764706 0.007843138 0.007843138 0.007843138 0.003921569
0.6313726 0.36862746 0.5686275 0.7607843 0.4 0.023529412 0.07450981 0.20784314 0.52156866 0.8352941 0.6509804 0.4392157 0.3882353 0.21568628 0.05882353 0.023529412 0.023529412 0.02745098 0.0 0.3529412 0.90588236 0.9098039 0.9490196 0.78039217 0.27450982 0.05490196 0.023529412 0.011764706 0.011764706 0.007843138 0.003921569 0.0
0.6666667 0.5372549 0.65882355 0.75686276 0.48235294 0.039215688 0.078431375 0.3372549 0.81960785 0.972549 0.93333334 0.827451 0.6666667 0.45490196 0.2509804 0.101960786 0.050980393 0.043137256 0.019607844 0.38039216 0.8784314 0.89411765 0.9372549 0.6901961 0.16862746 0.03529412 0.023529412 0.015686275 0.015686275 0.007843138 0.003921569 0.0
0.7294118 0.70980394 0.72156864 0.7647059 0.4392157 0.043137256 0.050980393 0.2784314 0.8352941 0.9372549 0.95686275 0.92941177 0.7372549 0.52156866 0.4392157 0.2784314 0.24313726 0.14901961 0.1882353 0.61960787 0.87058824 0.8745098 0.9019608 0.44313726 0.05882353 0.03137255 0.02745098 0.023529412 0.015686275 0.011764706 0.003921569 0.0
0.7490196 0.7411765 0.74509805 0.76862746 0.38039216 0.015686275 0.18431373 0.30980393 0.72156864 0.9019608 0.90588236 0.81960785 0.5921569 0.5137255 0.58431375 0.72156864 0.76862746 0.6039216 0.627451 0.8235294 0.8392157 0.8392157 0.6431373 0.14509805 0.007843138 0.011764706 0.019607844 0.023529412 0.019607844 0.015686275 0.007843138 0.003921569
0.76862746 0.7764706 0.7411765 0.7411765 0.3764706 0.007843138 0.34901962 0.5137255 0.61960787 0.88235295 0.9019608 0.7490196 0.48235294 0.59607846 0.7294118 0.92156863 0.9137255 0.8509804 0.8392157 0.81960785 0.7921569 0.6901961 0.2627451 0.011764706 0.003921569 0.003921569 0.011764706 0.019607844 0.015686275 0.023529412 0.019607844 0.007843138
0.78039217 0.78039217 0.7647059 0.7647059 0.43529412 0.011764706 0.17254902 0.34117648 0.49803922 0.8666667 0.92156863 0.7882353 0.6117647 0.73333335 0.88235295 0.92156863 0.85882354 0.8352941 0.79607844 0.78039217 0.7294118 0.45882353 0.05882353 0.0 0.003921569 0.0 0.007843138 0.011764706 0.015686275 0.02745098 0.015686275 0.02745098
0.6784314 0.7882353 0.77254903 0.7921569 0.58431375 0.11372549 0.23137255 0.5372549 0.68235296 0.9019608 0.9411765 0.8627451 0.8392157 0.8980392 0.9254902 0.90588236 0.83137256 0.79607844 0.77254903 0.7372549 0.58431375 0.22745098 0.0 0.003921569 0.007843138 0.007843138 0.007843138 0.015686275 0.02745098 0.03137255 0.015686275 0.09803922
0.40784314 0.72156864 0.78431374 0.78431374 0.7058824 0.3137255 0.56078434 0.9137255 0.8862745 0.9372549 0.95686275 0.89411765 0.9019608 0.92156863 0.90588236 0.85882354 0.7764706 0.7607843 0.74509805 0.6392157 0.4 0.07450981 0.003921569 0.007843138 0.019607844 0.019607844 0.007843138 0.011764706 0.023529412 0.03529412 0.003921569 0.20392157
0.23137255 0.4862745 0.7529412 0.7882353 0.77254903 0.5882353 0.69803923 0.9137255 0.8901961 0.9019608 0.8980392 0.8666667 0.91764706 0.90588236 0.85490197 0.77254903 0.7372549 0.74509805 0.6666667 0.48235294 0.22352941 0.015686275 0.007843138 0.023529412 0.043137256 0.015686275 0.003921569 0.003921569 0.02745098 0.039215688 0.0 0.23137255
0.20784314 0.27450982 0.5686275 0.7882353 0.78039217 0.75686276 0.74509805 0.81960785 0.8666667 0.8039216 0.7490196 0.83137256 0.92156863 0.87058824 0.8117647 0.7372549 0.7294118 0.6901961 0.5294118 0.3137255 0.09411765 0.039215688 0.06666667 0.06666667 0.03529412 0.007843138 0.0 0.003921569 0.019607844 0.03529412 0.003921569 0.29411766
0.19607843 0.21176471 0.32156864 0.63529414 0.78039217 0.7647059 0.72156864 0.73333335 0.84313726 0.7764706 0.7137255 0.8352941 0.8745098 0.8392157 0.7882353 0.7294118 0.62352943 0.5058824 0.38039216 0.23529412 0.14509805 0.101960786 0.07058824 0.03529412 0.003921569 0.003921569 0.0 0.003921569 0.007843138 0.019607844 0.05882353 0.5176471
0.19215687 0.20392157 0.22745098 0.37254903 0.6784314 0.70980394 0.6313726 0.62352943 0.7607843 0.78039217 0.69803923 0.7764706 0.8039216 0.7647059 0.69803923 0.6392157 0.40392157 0.16862746 0.13333334 0.105882354 0.08627451 0.07058824 0.03529412 0.007843138 0.003921569 0.003921569 0.0 0.003921569 0.011764706 0.003921569 0.1764706 0.74509805
0.2901961 0.19607843 0.22745098 0.25490198 0.5019608 0.6862745 0.64705884 0.61960787 0.65882355 0.6862745 0.6627451 0.70980394 0.7058824 0.6509804 0.63529414 0.6901961 0.61960787 0.30588236 0.05882353 0.047058824 0.02745098 0.015686275 0.019607844 0.019607844 0.011764706 0.007843138 0.003921569 0.0 0.011764706 0.003921569 0.2784314 0.8117647
0.4509804 0.24705882 0.22745098 0.25490198 0.47058824 0.6784314 0.6627451 0.6784314 0.6313726 0.5803922 0.67058825 0.7019608 0.6392157 0.6117647 0.70980394 0.7882353 0.81960785 0.6666667 0.43137255 0.34509805 0.12156863 0.023529412 0.007843138 0.007843138 0.007843138 0.003921569 0.0 0.003921569 0.007843138 0.003921569 0.3372549 0.83137256
0.5176471 0.4 0.24313726 0.24313726 0.36862746 0.5529412 0.6117647 0.6627451 0.6313726 0.6039216 0.6313726 0.65882355 0.654902 0.69411767 0.78039217 0.8156863 0.8039216 0.7764706 0.7647059 0.70980394 0.45490196 0.18431373 0.015686275 0.007843138 0.011764706 0.011764706 0.003921569 0.007843138 0.007843138 0.050980393 0.5019608 0.81960785
0.5137255 0.50980395 0.33333334 0.24313726 0.27058825 0.35686275 0.45490196 0.49411765 0.4745098 0.4745098 0.5411765 0.60784316 0.65882355 0.7019608 0.7294118 0.74509805 0.7647059 0.7921569 0.78431374 0.7607843 0.72156864 0.5529412 0.22352941 0.05490196 0.02745098 0.019607844 0.007843138 0.015686275 0.0 0.2 0.7058824 0.78431374
0.49411765 0.5294118 0.46666667 0.3019608 0.26666668 0.27450982 0.2901961 0.2901961 0.29803923 0.29803923 0.36862746 0.41960785 0.47843137 0.52156866 0.53333336 0.54509807 0.5803922 0.62352943 0.61960787 0.6117647 0.6392157 0.654902 0.53333336 0.32156864 0.24313726 0.20784314 0.11372549 0.050980393 0.0627451 0.47058824 0.78431374 0.7294118
0.47058824 0.50980395 0.54509807 0.44313726 0.29411766 0.28235295 0.27450982 0.28235295 0.36078432 0.39215687 0.38431373 0.38431373 0.4117647 0.44313726 0.46666667 0.47058824 0.47058824 0.4862745 0.48235294 0.4745098 0.49803922 0.5372549 0.5137255 0.46666667 0.41960785 0.40392157 0.36862746 0.25882354 0.3882353 0.67058825 0.7058824 0.64705884
0.45490196 0.49019608 0.5372549 0.5529412 0.39607844 0.2901961 0.2784314 0.29411766 0.3529412 0.45490196 0.52156866 0.5019608 0.50980395 0.53333336 0.5568628 0.5647059 0.56078434 0.5686275 0.5647059 0.54901963 0.5294118 0.5254902 0.50980395 0.5019608 0.49411765 0.49019608 0.5058824 0.49411765 0.6039216 0.64705884 0.6039216 0.5568628
0.43529412 0.47058824 0.5137255 0.56078434 0.53333336 0.35686275 0.2784314 0.3019608 0.34117648 0.39215687 0.56078434 0.63529414 0.60784316 0.60784316 0.6156863 0.6313726 0.62352943 0.6156863 0.61960787 0.6039216 0.5764706 0.5568628 0.54901963 0.5647059 0.5921569 0.58431375 0.5647059 0.5686275 0.58431375 0.61960787 0.6156863 0.6039216
0.43529412 0.45882353 0.5019608 0.5411765 0.5882353 0.52156866 0.32156864 0.3019608 0.34117648 0.36862746 0.45882353 0.6431373 0.69411767 0.6784314 0.6745098 0.6745098 0.65882355 0.654902 0.654902 0.64705884 0.61960787 0.59607846 0.57254905 0.5764706 0.60784316 0.6117647 0.6156863 0.6039216 0.59607846 0.6392157 0.6745098 0.6784314
0.015686275 0.019607844 0.011764706 0.003921569 0.003921569 0.0 0.0 0.015686275 0.007843138 0.26666668 0.41960785 0.23921569 0.47843137 0.5372549 0.5254902 0.44313726 0.30588236 0.47843137 0.5254902 0.5372549 0.73333335 0.6745098 0.70980394 0.7529412 0.7490196 0.7137255 0.6901961 0.67058825 0.6313726 0.5921569 0.49019608 0.20784314
0.019607844 0.039215688 0.039215688 0.011764706 0.003921569 0.0 0.003921569 0.019607844 0.015686275 0.29411766 0.43529412 0.21176471 0.40392157 0.56078434 0.49411765 0.22352941 0.23137255 0.37254903 0.5882353 0.6313726 0.7490196 0.6862745 0.7019608 0.7176471 0.7019608 0.6784314 0.64705884 0.627451 0.6156863 0.6 0.47058824 0.18039216
0.019607844 0.05882353 0.11372549 0.09019608 0.019607844 0.003921569 0.0 0.011764706 0.011764706 0.34117648 0.4627451 0.27450982 0.47843137 0.6627451 0.45882353 0.15686275 0.34901962 0.38039216 0.5764706 0.6784314 0.654902 0.6313726 0.61960787 0.5882353 0.61960787 0.62352943 0.5764706 0.49803922 0.5019608 0.4862745 0.3019608 0.101960786
0.32156864 0.3137255 0.21960784 0.20784314 0.05490196 0.09411765 0.31764707 0.36862746 0.3764706 0.59607846 0.58431375 0.4862745 0.7058824 0.7176471 0.28627452 0.19215687 0.4509804 0.40784314 0.56078434 0.45490196 0.25882354 0.34117648 0.31764707 0.2509804 0.29411766 0.30980393 0.28627452 0.22352941 0.21568628 0.18431373 0.08627451 0.02745098
0.84705883 0.8117647 0.36862746 0.2627451 0.16862746 0.07450981 0.49411765 0.85490197 0.89411765 0.84313726 0.77254903 0.8039216 0.8509804 0.52156866 0.14117648 0.33333334 0.53333336 0.45882353 0.5686275 0.32156864 0.015686275 0.06666667 0.105882354 0.08627451 0.06666667 0.0627451 0.03137255 0.03529412 0.047058824 0.03137255 0.023529412 0.011764706
0.9529412 0.96862745 0.5529412 0.25882354 0.34901962 0.2 0.1882353 0.5294118 0.7176471 0.78039217 0.7294118 0.6784314 0.5372549 0.2 0.17254902 0.4392157 0.49411765 0.4 0.54901963 0.3529412 0.03137255 0.050980393 0.09019608 0.19215687 0.14117648 0.09411765 0.023529412 0.015686275 0.02745098 0.02745098 0.015686275 0.003921569
0.92156863 0.94509804 0.79607844 0.2627451 0.3529412 0.4627451 0.21568628 0.050980393 0.11372549 0.29803923 0.26666668 0.1764706 0.11372549 0.039215688 0.078431375 0.32156864 0.40784314 0.30980393 0.50980395 0.5372549 0.2 0.20392157 0.2509804 0.41568628 0.32941177 0.09019608 0.023529412 0.011764706 0.011764706 0.011764706 0.007843138 0.003921569
0.9647059 0.9607843 0.95686275 0.5372549 0.30980393 0.3647059 0.16862746 0.003921569 0.0 0.011764706 0.03529412 0.050980393 0.0627451 0.03137255 0.007843138 0.06666667 0.19215687 0.23921569 0.46666667 0.75686276 0.5372549 0.46666667 0.53333336 0.5882353 0.45882353 0.12941177 0.047058824 0.023529412 0.011764706 0.007843138 0.011764706 0.003921569
0.69411767 0.7176471 0.77254903 0.6666667 0.3137255 0.1764706 0.05882353 0.003921569 0.011764706 0.019607844 0.02745098 0.0627451 0.08235294 0.023529412 0.007843138 0.019607844 0.047058824 0.1882353 0.49411765 0.81960785 0.8 0.7137255 0.78039217 0.7058824 0.4862745 0.12156863 0.043137256 0.011764706 0.007843138 0.011764706 0.015686275 0.003921569
0.6117647 0.6901961 0.7411765 0.73333335 0.32156864 0.050980393 0.07058824 0.023529412 0.023529412 0.08627451 0.047058824 0.07058824 0.101960786 0.03137255 0.003921569 0.011764706 0.015686275 0.105882354 0.4 0.7529412 0.8862745 0.87058824 0.92941177 0.827451 0.41960785 0.12156863 0.03529412 0.003921569 0.007843138 0.011764706 0.007843138 0.0
0.6666667 0.56078434 0.6313726 0.69803923 0.2784314 0.019607844 0.07058824 0.07450981 0.18039216 0.41960785 0.22745098 0.14509805 0.18039216 0.078431375 0.015686275 0.007843138 0.007843138 0.023529412 0.09803922 0.49411765 0.8980392 0.8980392 0.9411765 0.8039216 0.41960785 0.10980392 0.011764706 0.011764706 0.007843138 0.007843138 0.007843138 0.0
0.60784316 0.34901962 0.54509807 0.7254902 0.37254903 0.019607844 0.07450981 0.2 0.5137255 0.827451 0.627451 0.41960785 0.37254903 0.20392157 0.050980393 0.023529412 0.019607844 0.023529412 0.0 0.32156864 0.85882354 0.8862745 0.93333334 0.75686276 0.2627451 0.05490196 0.019607844 0.011764706 0.011764706 0.007843138 0.003921569 0.0
0.6509804 0.5372549 0.6392157 0.7254902 0.4509804 0.03529412 0.078431375 0.32941177 0.8156863 0.95686275 0.91764706 0.8117647 0.64705884 0.43529412 0.23137255 0.09411765 0.047058824 0.03137255 0.007843138 0.3372549 0.81960785 0.8627451 0.92156863 0.6745098 0.16470589 0.03529412 0.023529412 0.015686275 0.015686275 0.007843138 0.003921569 0.0
0.7019608 0.6862745 0.69803923 0.7294118 0.4117647 0.039215688 0.047058824 0.27450982 0.827451 0.90588236 0.9254902 0.8901961 0.6862745 0.49019608 0.40784314 0.24705882 0.22352941 0.12941177 0.16078432 0.5686275 0.8117647 0.8392157 0.8862745 0.43137255 0.05882353 0.03529412 0.02745098 0.023529412 0.015686275 0.011764706 0.003921569 0.0
0.72156864 0.7058824 0.70980394 0.7294118 0.3529412 0.015686275 0.17254902 0.30588236 0.69803923 0.85882354 0.85882354 0.7529412 0.52156866 0.48235294 0.54509807 0.6862745 0.7372549 0.5647059 0.5803922 0.76862746 0.7764706 0.79607844 0.6313726 0.14117648 0.007843138 0.011764706 0.019607844 0.023529412 0.019607844 0.015686275 0.007843138 0.003921569
0.7411765 0.7411765 0.7058824 0.69803923 0.34901962 0.003921569 0.3372549 0.5019608 0.5803922 0.8392157 0.84705883 0.654902 0.3882353 0.5411765 0.6627451 0.88235295 0.8666667 0.7921569 0.78431374 0.76862746 0.7372549 0.654902 0.25490198 0.011764706 0.003921569 0.003921569 0.011764706 0.019607844 0.015686275 0.023529412 0.019607844 0.007843138
0.74509805 0.7490196 0.7372549 0.7372549 0.41568628 0.007843138 0.17254902 0.3254902 0.4627451 0.8392157 0.8666667 0.6901961 0.49803922 0.6627451 0.827451 0.8745098 0.8039216 0.78039217 0.7529412 0.7372549 0.6745098 0.42745098 0.0627451 0.0 0.003921569 0.0 0.007843138 0.011764706 0.015686275 0.02745098 0.015686275 0.02745098
0.6627451 0.7607843 0.7529412 0.7764706 0.56078434 0.105882354 0.23529412 0.52156866 0.65882355 0.88235295 0.89411765 0.78431374 0.7647059 0.8509804 0.8862745 0.85882354 0.78431374 0.7490196 0.7294118 0.69411767 0.5372549 0.21176471 0.0 0.007843138 0.007843138 0.007843138 0.007843138 0.015686275 0.023529412 0.03137255 0.015686275 0.09803922
0.4117647 0.7137255 0.7647059 0.76862746 0.6862745 0.29803923 0.5529412 0.89411765 0.87058824 0.92156863 0.91764706 0.827451 0.84705883 0.88235295 0.8627451 0.8156863 0.73333335 0.72156864 0.7019608 0.6 0.36862746 0.07058824 0.003921569 0.007843138 0.019607844 0.019607844 0.007843138 0.011764706 0.023529412 0.03137255 0.0 0.2
0.23529412 0.4862745 0.7411765 0.7647059 0.75686276 0.5686275 0.6745098 0.89411765 0.8784314 0.85490197 0.8156863 0.7921569 0.87058824 0.8627451 0.8156863 0.73333335 0.69803923 0.7058824 0.627451 0.44313726 0.20784314 0.015686275 0.007843138 0.023529412 0.043137256 0.015686275 0.003921569 0.003921569 0.023529412 0.03529412 0.0 0.22745098
0.20784314 0.27450982 0.5686275 0.76862746 0.7607843 0.7372549 0.7176471 0.7921569 0.8352941 0.69803923 0.60784316 0.75686276 0.88235295 0.827451 0.76862746 0.69411767 0.6862745 0.654902 0.49411765 0.2784314 0.09019608 0.043137256 0.06666667 0.06666667 0.03529412 0.007843138 0.0 0.003921569 0.019607844 0.03137255 0.0 0.2901961
0.19607843 0.21960784 0.32941177 0.6313726 0.7607843 0.7490196 0.7019608 0.7058824 0.8156863 0.68235296 0.58431375 0.78039217 0.8352941 0.79607844 0.74509805 0.6862745 0.5882353 0.4862745 0.35686275 0.21568628 0.13725491 0.09803922 0.07058824 0.03529412 0.003921569 0.003921569 0.0 0.003921569 0.011764706 0.011764706 0.047058824 0.5176471
0.1882353 0.21568628 0.23921569 0.38431373 0.6784314 0.69411767 0.60784316 0.58431375 0.73333335 0.7254902 0.61960787 0.73333335 0.7647059 0.7254902 0.65882355 0.6 0.37254903 0.16078432 0.13333334 0.101960786 0.08235294 0.06666667 0.03529412 0.007843138 0.003921569 0.003921569 0.0 0.003921569 0.011764706 0.003921569 0.16862746 0.7411765
0.26666668 0.2 0.24313726 0.2627451 0.49803922 0.67058825 0.6156863 0.5764706 0.61960787 0.64705884 0.6039216 0.65882355 0.654902 0.6117647 0.5921569 0.6431373 0.5764706 0.2784314 0.050980393 0.043137256 0.02745098 0.015686275 0.019607844 0.019607844 0.011764706 0.007843138 0.003921569 0.0 0.015686275 0.003921569 0.27450982 0.8117647
0.40392157 0.24705882 0.23529412 0.25882354 0.4627451 0.64705884 0.627451 0.6431373 0.5921569 0.5411765 0.61960787 0.654902 0.59607846 0.57254905 0.65882355 0.7372549 0.7764706 0.627451 0.40392157 0.33333334 0.11764706 0.023529412 0.007843138 0.007843138 0.007843138 0.003921569 0.0 0.003921569 0.011764706 0.0 0.3254902 0.827451
0.45490196 0.37254903 0.24705882 0.24705882 0.3647059 0.5254902 0.5686275 0.6156863 0.5882353 0.56078434 0.5921569 0.61960787 0.6117647 0.64705884 0.7294118 0.77254903 0.76862746 0.7411765 0.73333335 0.6862745 0.4392157 0.18039216 0.015686275 0.007843138 0.011764706 0.007843138 0.003921569 0.007843138 0.007843138 0.047058824 0.49411765 0.81960785
0.44705883 0.45882353 0.31764707 0.24313726 0.26666668 0.34117648 0.42352942 0.4627451 0.44313726 0.44313726 0.5137255 0.57254905 0.6156863 0.65882355 0.6901961 0.70980394 0.7294118 0.75686276 0.7529412 0.7372549 0.69803923 0.5372549 0.21568628 0.05490196 0.023529412 0.015686275 0.003921569 0.015686275 0.0 0.19607843 0.70980394 0.78431374
0.43529412 0.4745098 0.42352942 0.2901961 0.26666668 0.26666668 0.27450982 0.28235295 0.2901961 0.28627452 0.3529412 0.39607844 0.4509804 0.49803922 0.5019608 0.5176471 0.5529412 0.6 0.6039216 0.6 0.62352943 0.6392157 0.5254902 0.3137255 0.23921569 0.20392157 0.11372549 0.047058824 0.05882353 0.46666667 0.7882353 0.7294118
0.41568628 0.45882353 0.49411765 0.40784314 0.2901961 0.28235295 0.2627451 0.28235295 0.36078432 0.3882353 0.36862746 0.3647059 0.38431373 0.4117647 0.42745098 0.43137255 0.43529412 0.4627451 0.4745098 0.47058824 0.49411765 0.53333336 0.5137255 0.46666667 0.41960785 0.40784314 0.36862746 0.24705882 0.3764706 0.6666667 0.70980394 0.64705884
0.39607844 0.4392157 0.4862745 0.5019608 0.36862746 0.28627452 0.2784314 0.2901961 0.35686275 0.4627451 0.5176471 0.4862745 0.49411765 0.52156866 0.5411765 0.5411765 0.5411765 0.5568628 0.5568628 0.54509807 0.5294118 0.53333336 0.5294118 0.5294118 0.5176471 0.5058824 0.52156866 0.5019608 0.60784316 0.65882355 0.6156863 0.5686275
0.37254903 0.41568628 0.4627451 0.50980395 0.4862745 0.3372549 0.28235295 0.29803923 0.3372549 0.40784314 0.58431375 0.6509804 0.627451 0.62352943 0.627451 0.63529414 0.6313726 0.62352943 0.61960787 0.6117647 0.5882353 0.57254905 0.5686275 0.5921569 0.62352943 0.6156863 0.6039216 0.6 0.6117647 0.64705884 0.6431373 0.627451
0.3647059 0.39607844 0.44705883 0.49411765 0.5372549 0.4745098 0.3137255 0.29803923 0.3372549 0.3764706 0.47843137 0.6784314 0.7176471 0.69411767 0.6862745 0.68235296 0.6745098 0.6666667 0.6666667 0.654902 0.63529414 0.6117647 0.58431375 0.5921569 0.62352943 0.6392157 0.6509804 0.6392157 0.6313726 0.67058825 0.69803923 0.7019608
0.019607844 0.023529412 0.015686275 0.003921569 0.003921569 0.0 0.0 0.015686275 0.007843138 0.25490198 0.40392157 0.23529412 0.45490196 0.5058824 0.48235294 0.42352942 0.30588236 0.48235294 0.5137255 0.5803922 0.77254903 0.7058824 0.73333335 0.78039217 0.76862746 0.7294118 0.7019608 0.6745098 0.62352943 0.5803922 0.4627451 0.18431373
0.02745098 0.043137256 0.043137256 0.015686275 0.003921569 0.0 0.003921569 0.019607844 0.015686275 0.28627452 0.42745098 0.21568628 0.38431373 0.5019608 0.43529412 0.21568628 0.24705882 0.3764706 0.5803922 0.6745098 0.78039217 0.7176471 0.73333335 0.7529412 0.7254902 0.69411767 0.6627451 0.6392157 0.6156863 0.5882353 0.44705883 0.17254902
0.02745098 0.06666667 0.1254902 0.09803922 0.023529412 0.007843138 0.0 0.011764706 0.015686275 0.32941177 0.44313726 0.27450982 0.44313726 0.5921569 0.40784314 0.16078432 0.36078432 0.37254903 0.5686275 0.69411767 0.67058825 0.65882355 0.64705884 0.6156863 0.63529414 0.6313726 0.5921569 0.5176471 0.5019608 0.47843137 0.29411766 0.09803922
0.32941177 0.32941177 0.23921569 0.21960784 0.0627451 0.09803922 0.32941177 0.36862746 0.3882353 0.5882353 0.5686275 0.4627451 0.64705884 0.64705884 0.25882354 0.20392157 0.46666667 0.40392157 0.56078434 0.45882353 0.2627451 0.3529412 0.32941177 0.26666668 0.30588236 0.32156864 0.3019608 0.23529412 0.22352941 0.18431373 0.09019608 0.03137255
0.84313726 0.8156863 0.3764706 0.2784314 0.18431373 0.08235294 0.49019608 0.8039216 0.87058824 0.83137256 0.7490196 0.75686276 0.77254903 0.47058824 0.14509805 0.34901962 0.54901963 0.46666667 0.5764706 0.3254902 0.019607844 0.06666667 0.10980392 0.09411765 0.07058824 0.07058824 0.03529412 0.039215688 0.05490196 0.039215688 0.03137255 0.015686275
0.9607843 0.972549 0.5529412 0.27450982 0.37254903 0.21960784 0.18039216 0.42745098 0.65882355 0.7607843 0.69411767 0.63529414 0.49411765 0.1882353 0.18039216 0.44705883 0.5058824 0.4117647 0.56078434 0.35686275 0.039215688 0.05490196 0.09411765 0.19215687 0.14509805 0.09803922 0.02745098 0.019607844 0.02745098 0.03137255 0.023529412 0.007843138
0.9490196 0.9647059 0.8039216 0.28235295 0.36862746 0.48235294 0.23137255 0.03137255 0.105882354 0.29411766 0.26666668 0.18431373 0.11764706 0.043137256 0.08235294 0.32941177 0.42352942 0.32941177 0.50980395 0.5254902 0.21176471 0.20392157 0.25490198 0.41960785 0.3372549 0.09803922 0.02745098 0.011764706 0.007843138 0.007843138 0.007843138 0.003921569
0.9647059 0.95686275 0.9411765 0.5411765 0.34117648 0.39607844 0.18431373 0.011764706 0.0 0.019607844 0.050980393 0.06666667 0.07058824 0.03137255 0.011764706 0.07058824 0.20392157 0.25882354 0.47058824 0.7294118 0.54509807 0.4745098 0.5411765 0.5921569 0.46666667 0.13725491 0.047058824 0.023529412 0.011764706 0.007843138 0.011764706 0.003921569
0.6392157 0.6627451 0.7137255 0.62352943 0.3372549 0.21176471 0.06666667 0.003921569 0.011764706 0.019607844 0.03137255 0.07058824 0.08627451 0.023529412 0.007843138 0.023529412 0.050980393 0.20392157 0.5019608 0.77254903 0.7882353 0.7137255 0.7764706 0.69803923 0.49019608 0.12941177 0.047058824 0.011764706 0.007843138 0.011764706 0.015686275 0.003921569
0.59607846 0.67058825 0.7176471 0.70980394 0.33333334 0.07450981 0.07450981 0.023529412 0.02745098 0.09019608 0.047058824 0.07450981 0.105882354 0.03137255 0.003921569 0.011764706 0.015686275 0.12156863 0.4 0.70980394 0.8509804 0.85882354 0.91764706 0.8156863 0.42745098 0.13333334 0.039215688 0.003921569 0.007843138 0.011764706 0.007843138 0.0
0.6509804 0.54509807 0.6 0.67058825 0.27058825 0.023529412 0.07450981 0.078431375 0.19215687 0.42745098 0.23137255 0.15686275 0.1882353 0.08627451 0.015686275 0.007843138 0.007843138 0.02745098 0.09803922 0.46666667 0.8627451 0.8745098 0.92156863 0.7882353 0.42352942 0.12156863 0.011764706 0.011764706 0.007843138 0.007843138 0.007843138 0.0
0.5921569 0.3372549 0.52156866 0.7058824 0.3647059 0.02745098 0.07450981 0.20784314 0.5254902 0.827451 0.63529414 0.43529412 0.38039216 0.21176471 0.05490196 0.02745098 0.023529412 0.023529412 0.0 0.3019608 0.8235294 0.85882354 0.9137255 0.7490196 0.26666668 0.0627451 0.023529412 0.011764706 0.011764706 0.007843138 0.003921569 0.0
0.6392157 0.5254902 0.61960787 0.7058824 0.44705883 0.047058824 0.08627451 0.34509805 0.8235294 0.94509804 0.9098039 0.8117647 0.6431373 0.4392157 0.24313726 0.105882354 0.05882353 0.039215688 0.019607844 0.33333334 0.78431374 0.83137256 0.90588236 0.6666667 0.16862746 0.039215688 0.023529412 0.015686275 0.015686275 0.007843138 0.003921569 0.0
0.6862745 0.6745098 0.6745098 0.7019608 0.40392157 0.050980393 0.05490196 0.28627452 0.83137256 0.8980392 0.91764706 0.88235295 0.68235296 0.45882353 0.3764706 0.25882354 0.23529412 0.14509805 0.17254902 0.5568628 0.7764706 0.8117647 0.8784314 0.43529412 0.05882353 0.03529412 0.02745098 0.023529412 0.015686275 0.015686275 0.007843138 0.0
0.7058824 0.6901961 0.6862745 0.7019608 0.34509805 0.019607844 0.14509805 0.27058825 0.7019608 0.8666667 0.8509804 0.7490196 0.49803922 0.4 0.47058824 0.68235296 0.74509805 0.57254905 0.5803922 0.7490196 0.7529412 0.7764706 0.627451 0.14509805 0.007843138 0.011764706 0.019607844 0.023529412 0.019607844 0.019607844 0.011764706 0.003921569
0.7294118 0.72156864 0.6862745 0.6784314 0.34117648 0.003921569 0.28235295 0.42745098 0.5921569 0.85882354 0.84313726 0.6666667 0.38431373 0.46666667 0.63529414 0.8745098 0.8509804 0.7764706 0.76862746 0.7529412 0.7176471 0.6392157 0.25882354 0.011764706 0.003921569 0.003921569 0.011764706 0.019607844 0.015686275 0.03137255 0.023529412 0.007843138
0.7411765 0.73333335 0.7176471 0.7176471 0.40392157 0.019607844 0.15294118 0.29803923 0.4862745 0.8509804 0.8627451 0.68235296 0.50980395 0.6509804 0.81960785 0.87058824 0.78039217 0.7647059 0.7372549 0.7254902 0.6509804 0.41960785 0.07058824 0.0 0.003921569 0.0 0.007843138 0.011764706 0.015686275 0.03529412 0.019607844 0.03137255
0.6666667 0.7529412 0.74509805 0.7607843 0.5568628 0.1254902 0.2509804 0.53333336 0.6784314 0.8901961 0.8862745 0.7647059 0.7607843 0.84705883 0.8745098 0.84705883 0.76862746 0.7411765 0.7294118 0.6901961 0.5254902 0.20784314 0.0 0.007843138 0.007843138 0.007843138 0.007843138 0.015686275 0.02745098 0.043137256 0.023529412 0.105882354
0.41960785 0.70980394 0.75686276 0.75686276 0.6862745 0.31764707 0.57254905 0.9098039 0.8901961 0.92941177 0.9137255 0.8156863 0.84313726 0.8745098 0.85882354 0.80784315 0.7254902 0.7137255 0.7019608 0.59607846 0.36078432 0.07058824 0.003921569 0.007843138 0.019607844 0.019607844 0.007843138 0.011764706 0.023529412 0.047058824 0.011764706 0.20784314
0.23921569 0.49411765 0.7372549 0.7607843 0.7490196 0.5764706 0.69411767 0.91764706 0.9019608 0.87058824 0.827451 0.79607844 0.8745098 0.8666667 0.8117647 0.72156864 0.6862745 0.69803923 0.62352943 0.43137255 0.2 0.015686275 0.007843138 0.023529412 0.043137256 0.015686275 0.003921569 0.003921569 0.02745098 0.050980393 0.0 0.23921569
0.21568628 0.2901961 0.5764706 0.7647059 0.7490196 0.73333335 0.73333335 0.8156863 0.8627451 0.7372549 0.64705884 0.77254903 0.8901961 0.84313726 0.7647059 0.6784314 0.6745098 0.6509804 0.49411765 0.27058825 0.08627451 0.043137256 0.0627451 0.06666667 0.03529412 0.007843138 0.0 0.003921569 0.019607844 0.043137256 0.007843138 0.3019608
0.20392157 0.23137255 0.34117648 0.627451 0.75686276 0.7411765 0.69803923 0.7254902 0.84705883 0.7294118 0.627451 0.8 0.85490197 0.80784315 0.74509805 0.6745098 0.5764706 0.47843137 0.35686275 0.21568628 0.14117648 0.101960786 0.07058824 0.03529412 0.003921569 0.003921569 0.0 0.003921569 0.011764706 0.019607844 0.05882353 0.5254902
0.19607843 0.22352941 0.2509804 0.3882353 0.6784314 0.6862745 0.6 0.59607846 0.7607843 0.7607843 0.65882355 0.7607843 0.78431374 0.73333335 0.654902 0.5921569 0.3647059 0.15686275 0.13333334 0.101960786 0.08235294 0.06666667 0.03529412 0.007843138 0.003921569 0.003921569 0.0 0.003921569 0.011764706 0.003921569 0.18039216 0.7529412
0.2627451 0.20784314 0.25490198 0.2784314 0.50980395 0.6627451 0.6039216 0.57254905 0.6313726 0.67058825 0.63529414 0.6862745 0.67058825 0.6039216 0.5764706 0.627451 0.5686275 0.27450982 0.05882353 0.050980393 0.02745098 0.015686275 0.019607844 0.019607844 0.011764706 0.007843138 0.003921569 0.0 0.011764706 0.0 0.28627452 0.8235294
0.38039216 0.24313726 0.24705882 0.2784314 0.47058824 0.63529414 0.62352943 0.6431373 0.5921569 0.5411765 0.63529414 0.6745098 0.5921569 0.5411765 0.6392157 0.7294118 0.77254903 0.62352943 0.40784314 0.34509805 0.12941177 0.03137255 0.007843138 0.007843138 0.007843138 0.003921569 0.0 0.003921569 0.007843138 0.003921569 0.34117648 0.8352941
0.42352942 0.36078432 0.25882354 0.2627451 0.3764706 0.5294118 0.5764706 0.61960787 0.5803922 0.5529412 0.58431375 0.6117647 0.5921569 0.61960787 0.7176471 0.77254903 0.76862746 0.7372549 0.7294118 0.69411767 0.4509804 0.19607843 0.019607844 0.007843138 0.011764706 0.011764706 0.003921569 0.007843138 0.007843138 0.050980393 0.5137255 0.8352941
0.4117647 0.43529412 0.3137255 0.25882354 0.28627452 0.3529412 0.43529412 0.47058824 0.44313726 0.44313726 0.5137255 0.5647059 0.60784316 0.64705884 0.6862745 0.7058824 0.7254902 0.7529412 0.75686276 0.7372549 0.70980394 0.5568628 0.22745098 0.0627451 0.03137255 0.023529412 0.007843138 0.015686275 0.0 0.20392157 0.7254902 0.8
0.39607844 0.44313726 0.40392157 0.29803923 0.28235295 0.27450982 0.2901961 0.3019608 0.30588236 0.29411766 0.36078432 0.39607844 0.4509804 0.4862745 0.49411765 0.5137255 0.5529412 0.6039216 0.6156863 0.60784316 0.6392157 0.65882355 0.54901963 0.33333334 0.2509804 0.21568628 0.1254902 0.050980393 0.06666667 0.4862745 0.80784315 0.74509805
0.3647059 0.42352942 0.47058824 0.40784314 0.29803923 0.29411766 0.27450982 0.29803923 0.38039216 0.39215687 0.3647059 0.35686275 0.37254903 0.39607844 0.4117647 0.41568628 0.42745098 0.4627451 0.47843137 0.47843137 0.50980395 0.54901963 0.5372549 0.49019608 0.4392157 0.42745098 0.3882353 0.2627451 0.39607844 0.6901961 0.7294118 0.6666667
0.34117648 0.4 0.45882353 0.4862745 0.3647059 0.3019608 0.28627452 0.3019608 0.37254903 0.4745098 0.52156866 0.4862745 0.49019608 0.5137255 0.53333336 0.53333336 0.5372549 0.5568628 0.56078434 0.54901963 0.5372549 0.54509807 0.54509807 0.5411765 0.5294118 0.5254902 0.5411765 0.5176471 0.627451 0.6784314 0.63529414 0.5882353
0.3137255 0.36862746 0.43137255 0.49019608 0.47843137 0.34509805 0.29411766 0.30980393 0.3529412 0.42745098 0.6 0.6627451 0.6392157 0.63529414 0.63529414 0.6392157 0.63529414 0.627451 0.6313726 0.61960787 0.59607846 0.5764706 0.5803922 0.6 0.63529414 0.6313726 0.6156863 0.60784316 0.627451 0.65882355 0.654902 0.64705884
0.30980393 0.34509805 0.41568628 0.48235294 0.5294118 0.48235294 0.3254902 0.3137255 0.35686275 0.4 0.5019608 0.69803923 0.73333335 0.7058824 0.69803923 0.69411767 0.68235296 0.6784314 0.6784314 0.6666667 0.6392157 0.61960787 0.5921569 0.6 0.6392157 0.654902 0.6627451 0.64705884 0.6431373 0.6862745 0.7176471 0.7254902
31 11 0
9 31 0
2 0 2
31 20 2
0 18 0
0 21 2
0 24 0
28 0 2
31 1 1
14 0 1
31 19 1
0 30 2
13 0 0
0 18 2
0 7 2
2 31 2
17 0 2
11 31 2
0 12 1
31 18 2
31 5 1
0 6 2
0 1 2
31 26 2
20 31 2
0 31 2
9 0 0
0 27 0
0 8 1
27 31 1
