32, 32, 3, 30
0.5803922 0.627451 0.5529412 0.5803922 0.5764706 0.58431375 0.5882353 0.62352943 0.6039216 0.65882355 0.6039216 0.6509804 0.6666667 0.62352943 0.5921569 0.60784316 0.5764706 0.59607846 0.58431375 0.58431375 0.58431375 0.5411765 0.54509807 0.5764706 0.5529412 0.49803922 0.5647059 0.64705884 0.6509804 0.654902 0.54901963 0.5254902
0.5764706 0.6039216 0.59607846 0.6627451 0.61960787 0.5764706 0.5647059 0.58431375 0.5686275 0.5686275 0.5803922 0.6039216 0.60784316 0.57254905 0.5411765 0.5411765 0.5529412 0.5647059 0.60784316 0.6 0.5529412 0.49803922 0.5137255 0.59607846 0.6156863 0.5686275 0.5294118 0.62352943 0.64705884 0.6156863 0.5294118 0.47843137
0.58431375 0.6156863 0.61960787 0.6784314 0.6431373 0.56078434 0.5647059 0.5647059 0.5647059 0.5686275 0.5686275 0.5764706 0.5882353 0.5568628 0.5568628 0.5254902 0.5372549 0.49411765 0.5568628 0.5921569 0.5882353 0.5686275 0.5019608 0.5176471 0.5372549 0.5294118 0.5137255 0.5764706 0.5921569 0.6666667 0.59607846 0.50980395
0.627451 0.6 0.5882353 0.6666667 0.65882355 0.58431375 0.59607846 0.60784316 0.60784316 0.627451 0.62352943 0.6156863 0.6156863 0.61960787 0.5882353 0.54509807 0.54901963 0.39215687 0.45882353 0.49411765 0.5019608 0.57254905 0.44705883 0.27058825 0.4392157 0.5411765 0.5058824 0.53333336 0.58431375 0.69803923 0.6666667 0.5254902
0.5686275 0.53333336 0.57254905 0.6 0.5686275 0.52156866 0.5764706 0.6039216 0.64705884 0.63529414 0.6313726 0.6117647 0.6 0.5764706 0.5686275 0.67058825 0.72156864 0.36078432 0.20784314 0.27058825 0.3019608 0.3529412 0.21568628 0.09411765 0.41960785 0.6117647 0.5254902 0.5411765 0.54901963 0.6117647 0.6901961 0.5803922
0.4745098 0.5254902 0.57254905 0.5411765 0.54509807 0.53333336 0.5882353 0.6 0.62352943 0.59607846 0.59607846 0.6 0.5568628 0.5058824 0.57254905 0.6666667 0.78039217 0.41960785 0.0627451 0.101960786 0.18039216 0.13333334 0.078431375 0.09019608 0.39607844 0.5921569 0.52156866 0.5529412 0.56078434 0.5921569 0.67058825 0.58431375
0.52156866 0.53333336 0.5529412 0.5529412 0.7372549 0.84313726 0.73333335 0.59607846 0.5803922 0.5529412 0.5294118 0.56078434 0.5372549 0.5411765 0.60784316 0.6313726 0.64705884 0.3764706 0.078431375 0.078431375 0.09411765 0.047058824 0.047058824 0.050980393 0.33333334 0.5764706 0.5568628 0.5921569 0.6117647 0.6117647 0.65882355 0.5921569
0.5568628 0.5254902 0.5137255 0.5921569 0.8235294 0.92156863 0.7019608 0.54509807 0.5411765 0.49019608 0.50980395 0.5254902 0.5254902 0.56078434 0.6156863 0.6862745 0.6509804 0.3137255 0.0627451 0.05882353 0.05490196 0.039215688 0.047058824 0.0627451 0.2784314 0.57254905 0.62352943 0.6509804 0.62352943 0.61960787 0.65882355 0.6431373
0.5529412 0.50980395 0.47058824 0.5372549 0.69411767 0.73333335 0.57254905 0.5294118 0.52156866 0.4509804 0.5647059 0.54509807 0.5176471 0.5882353 0.5803922 0.6156863 0.6039216 0.27450982 0.08627451 0.039215688 0.02745098 0.07450981 0.08627451 0.101960786 0.22745098 0.5529412 0.6745098 0.6666667 0.65882355 0.61960787 0.6156863 0.64705884
0.57254905 0.5294118 0.49019608 0.4862745 0.5529412 0.59607846 0.59607846 0.58431375 0.5568628 0.5411765 0.5019608 0.3764706 0.30980393 0.32941177 0.27058825 0.28627452 0.39215687 0.24313726 0.18431373 0.09803922 0.03529412 0.1764706 0.14901961 0.09411765 0.16470589 0.4509804 0.6117647 0.6039216 0.6117647 0.627451 0.6156863 0.64705884
0.5764706 0.5764706 0.5411765 0.47058824 0.5254902 0.54509807 0.6156863 0.6117647 0.5803922 0.50980395 0.3019608 0.1764706 0.14509805 0.12156863 0.08235294 0.105882354 0.22352941 0.20784314 0.1764706 0.16862746 0.1254902 0.17254902 0.11372549 0.0627451 0.10980392 0.3882353 0.5686275 0.59607846 0.6039216 0.5882353 0.5764706 0.6117647
0.5882353 0.5803922 0.53333336 0.5372549 0.58431375 0.5647059 0.54901963 0.5647059 0.54901963 0.34901962 0.14509805 0.10980392 0.105882354 0.09803922 0.06666667 0.0627451 0.1254902 0.15686275 0.11764706 0.1882353 0.15686275 0.11372549 0.050980393 0.02745098 0.09019608 0.39215687 0.5921569 0.5686275 0.5568628 0.53333336 0.5372549 0.5411765
0.60784316 0.56078434 0.5647059 0.5686275 0.59607846 0.5764706 0.5372549 0.5254902 0.3529412 0.1882353 0.10980392 0.08627451 0.07450981 0.06666667 0.047058824 0.039215688 0.08235294 0.09803922 0.09411765 0.105882354 0.07450981 0.08627451 0.039215688 0.023529412 0.09411765 0.3764706 0.54901963 0.5176471 0.52156866 0.5568628 0.53333336 0.47843137
0.61960787 0.5686275 0.54901963 0.5411765 0.5568628 0.54901963 0.57254905 0.42352942 0.18431373 0.13333334 0.105882354 0.07450981 0.06666667 0.05882353 0.039215688 0.02745098 0.047058824 0.06666667 0.05882353 0.03529412 0.02745098 0.023529412 0.03137255 0.03137255 0.10980392 0.39607844 0.45490196 0.46666667 0.5137255 0.49803922 0.5529412 0.5019608
0.58431375 0.5529412 0.54901963 0.5372549 0.5137255 0.5686275 0.52156866 0.2784314 0.13333334 0.09019608 0.078431375 0.0627451 0.06666667 0.050980393 0.03529412 0.02745098 0.03137255 0.06666667 0.05490196 0.023529412 0.011764706 0.007843138 0.02745098 0.039215688 0.16862746 0.48235294 0.45882353 0.47843137 0.5294118 0.52156866 0.5529412 0.5058824
0.5686275 0.5647059 0.5764706 0.5647059 0.5411765 0.5882353 0.4 0.17254902 0.101960786 0.06666667 0.05882353 0.06666667 0.07450981 0.05882353 0.043137256 0.03137255 0.03137255 0.07058824 0.07450981 0.039215688 0.023529412 0.019607844 0.02745098 0.0627451 0.21176471 0.5019608 0.5803922 0.56078434 0.5019608 0.49411765 0.54509807 0.5411765
0.56078434 0.57254905 0.56078434 0.53333336 0.54509807 0.50980395 0.30588236 0.13333334 0.07450981 0.06666667 0.07058824 0.07058824 0.05882353 0.05490196 0.050980393 0.039215688 0.023529412 0.05490196 0.078431375 0.050980393 0.03529412 0.03137255 0.03529412 0.06666667 0.24313726 0.52156866 0.5803922 0.54509807 0.45490196 0.45490196 0.5764706 0.5803922
0.5294118 0.5529412 0.53333336 0.47843137 0.5254902 0.44313726 0.23921569 0.11372549 0.05882353 0.07058824 0.07450981 0.05882353 0.047058824 0.047058824 0.047058824 0.039215688 0.023529412 0.043137256 0.08235294 0.050980393 0.03529412 0.047058824 0.0627451 0.07058824 0.22352941 0.48235294 0.5294118 0.5529412 0.5411765 0.5803922 0.60784316 0.57254905
0.54901963 0.5529412 0.5529412 0.5529412 0.54901963 0.37254903 0.19607843 0.13333334 0.08627451 0.07450981 0.0627451 0.0627451 0.05882353 0.050980393 0.039215688 0.03137255 0.02745098 0.050980393 0.08627451 0.0627451 0.043137256 0.039215688 0.050980393 0.07450981 0.2901961 0.5176471 0.54901963 0.58431375 0.627451 0.6431373 0.5803922 0.6
0.58431375 0.5647059 0.56078434 0.54901963 0.5176471 0.3254902 0.19607843 0.14901961 0.09019608 0.07058824 0.07058824 0.0627451 0.050980393 0.043137256 0.039215688 0.03529412 0.03529412 0.06666667 0.08235294 0.07058824 0.043137256 0.03137255 0.043137256 0.13725491 0.44705883 0.5764706 0.5137255 0.54509807 0.59607846 0.59607846 0.59607846 0.63529414
0.5764706 0.5411765 0.5254902 0.49019608 0.4509804 0.2784314 0.19215687 0.13333334 0.101960786 0.078431375 0.06666667 0.0627451 0.05490196 0.047058824 0.050980393 0.039215688 0.03529412 0.07058824 0.09019608 0.07058824 0.039215688 0.02745098 0.078431375 0.34117648 0.57254905 0.5137255 0.42352942 0.5137255 0.5372549 0.54509807 0.5372549 0.5411765
0.5764706 0.49803922 0.45882353 0.4862745 0.39607844 0.23137255 0.18039216 0.15686275 0.1254902 0.09019608 0.07058824 0.07058824 0.05490196 0.047058824 0.043137256 0.03529412 0.03137255 0.05490196 0.078431375 0.0627451 0.039215688 0.050980393 0.24313726 0.5294118 0.56078434 0.4862745 0.4745098 0.5372549 0.49803922 0.5019608 0.50980395 0.4862745
0.54509807 0.49019608 0.49803922 0.5411765 0.41960785 0.22745098 0.19215687 0.15686275 0.12156863 0.08235294 0.06666667 0.05882353 0.050980393 0.039215688 0.043137256 0.047058824 0.03529412 0.03529412 0.050980393 0.047058824 0.047058824 0.16862746 0.41960785 0.5372549 0.5254902 0.4862745 0.49019608 0.49411765 0.4627451 0.47843137 0.5019608 0.49019608
0.5529412 0.5294118 0.5803922 0.62352943 0.45490196 0.21176471 0.19215687 0.14901961 0.105882354 0.07058824 0.050980393 0.043137256 0.039215688 0.02745098 0.043137256 0.05490196 0.03529412 0.023529412 0.039215688 0.03529412 0.09411765 0.32941177 0.49411765 0.47058824 0.49803922 0.45490196 0.46666667 0.5176471 0.50980395 0.4745098 0.47843137 0.45490196
0.5921569 0.56078434 0.54509807 0.6039216 0.4392157 0.18039216 0.18039216 0.16470589 0.11764706 0.07450981 0.0627451 0.047058824 0.03529412 0.023529412 0.043137256 0.05882353 0.039215688 0.02745098 0.03137255 0.043137256 0.20784314 0.46666667 0.47058824 0.44705883 0.5058824 0.49411765 0.47058824 0.50980395 0.5058824 0.49803922 0.4862745 0.44313726
0.56078434 0.54901963 0.5254902 0.6039216 0.4392157 0.17254902 0.16078432 0.16078432 0.1254902 0.08235294 0.07450981 0.05882353 0.047058824 0.03529412 0.050980393 0.06666667 0.05882353 0.03137255 0.023529412 0.05490196 0.3019608 0.52156866 0.5372549 0.54509807 0.5411765 0.54901963 0.54901963 0.4745098 0.4745098 0.5137255 0.5058824 0.47843137
0.5019608 0.5137255 0.49411765 0.53333336 0.40392157 0.17254902 0.14509805 0.13725491 0.105882354 0.09019608 0.09803922 0.08627451 0.07058824 0.05882353 0.07058824 0.08627451 0.078431375 0.03137255 0.019607844 0.08235294 0.35686275 0.5372549 0.56078434 0.54509807 0.5529412 0.53333336 0.5921569 0.5294118 0.48235294 0.47058824 0.45490196 0.41568628
0.4745098 0.45882353 0.49411765 0.5176471 0.37254903 0.20784314 0.19607843 0.13725491 0.11372549 0.11372549 0.09411765 0.08235294 0.07058824 0.06666667 0.09019608 0.101960786 0.09411765 0.03529412 0.019607844 0.09803922 0.34509805 0.4745098 0.5254902 0.5058824 0.50980395 0.45882353 0.44313726 0.43529412 0.45882353 0.42745098 0.3764706 0.3647059
0.53333336 0.4862745 0.49803922 0.5058824 0.40784314 0.32156864 0.32941177 0.17254902 0.11764706 0.12941177 0.09411765 0.09411765 0.09411765 0.05882353 0.078431375 0.09411765 0.15686275 0.10980392 0.019607844 0.105882354 0.31764707 0.38431373 0.4 0.4 0.52156866 0.5372549 0.3372549 0.32941177 0.4 0.39215687 0.34901962 0.34509805
0.54509807 0.46666667 0.46666667 0.45882353 0.43529412 0.39215687 0.33333334 0.22352941 0.18039216 0.12156863 0.08627451 0.16470589 0.18039216 0.039215688 0.050980393 0.12156863 0.27058825 0.20392157 0.015686275 0.11764706 0.24705882 0.33333334 0.34117648 0.34901962 0.47843137 0.4745098 0.34117648 0.4117647 0.40784314 0.39215687 0.3764706 0.4117647
0.49411765 0.4509804 0.43529412 0.4509804 0.44313726 0.39215687 0.35686275 0.37254903 0.2901961 0.19215687 0.18039216 0.19607843 0.2901961 0.09803922 0.07450981 0.20392157 0.27450982 0.23529412 0.05490196 0.19215687 0.22352941 0.2901961 0.37254903 0.39215687 0.4117647 0.4117647 0.43529412 0.47843137 0.45490196 0.45882353 0.46666667 0.50980395
0.4509804 0.43137255 0.44705883 0.44313726 0.42352942 0.43529412 0.40784314 0.42352942 0.2901961 0.32156864 0.34509805 0.22352941 0.36078432 0.2627451 0.21176471 0.32941177 0.3019608 0.2509804 0.16862746 0.2627451 0.34117648 0.3647059 0.4 0.43529412 0.46666667 0.52156866 0.5372549 0.5411765 0.5176471 0.5411765 0.4745098 0.5019608
0.69411767 0.7372549 0.6666667 0.69411767 0.69803923 0.7058824 0.7058824 0.7411765 0.7176471 0.7411765 0.6784314 0.7294118 0.74509805 0.69803923 0.6745098 0.69803923 0.6862745 0.7254902 0.72156864 0.7137255 0.7137255 0.67058825 0.6745098 0.7019608 0.6627451 0.6 0.65882355 0.7411765 0.74509805 0.7607843 0.6666667 0.65882355
0.6901961 0.7176471 0.70980394 0.78039217 0.7411765 0.69803923 0.6862745 0.7019608 0.68235296 0.6627451 0.67058825 0.69411767 0.69803923 0.6666667 0.64705884 0.654902 0.6745098 0.69803923 0.74509805 0.73333335 0.6862745 0.6313726 0.64705884 0.7254902 0.7254902 0.67058825 0.62352943 0.70980394 0.73333335 0.7058824 0.63529414 0.60784316
0.7019608 0.7294118 0.73333335 0.79607844 0.7647059 0.68235296 0.6862745 0.68235296 0.68235296 0.6666667 0.6627451 0.6745098 0.68235296 0.65882355 0.67058825 0.6431373 0.6509804 0.60784316 0.6666667 0.7058824 0.7019608 0.6784314 0.6117647 0.627451 0.6431373 0.6313726 0.6117647 0.6666667 0.6745098 0.74509805 0.6901961 0.62352943
0.74509805 0.7137255 0.7019608 0.78039217 0.7764706 0.7058824 0.7176471 0.7254902 0.7254902 0.73333335 0.7294118 0.72156864 0.72156864 0.7254902 0.69803923 0.6431373 0.6313726 0.45882353 0.5176471 0.5568628 0.5647059 0.63529414 0.50980395 0.34117648 0.5294118 0.6431373 0.6039216 0.627451 0.6627451 0.76862746 0.7490196 0.6313726
0.68235296 0.64705884 0.6862745 0.7137255 0.6862745 0.6431373 0.69803923 0.72156864 0.7647059 0.7490196 0.74509805 0.7254902 0.7137255 0.6901961 0.6666667 0.7490196 0.76862746 0.38039216 0.21176471 0.28235295 0.3137255 0.3647059 0.23137255 0.1254902 0.49803922 0.70980394 0.627451 0.6392157 0.63529414 0.6862745 0.76862746 0.6745098
0.5921569 0.6392157 0.6862745 0.6509804 0.6509804 0.6431373 0.69803923 0.7137255 0.7411765 0.7176471 0.7176471 0.7254902 0.6901961 0.6431373 0.6862745 0.7607843 0.84313726 0.43529412 0.05490196 0.105882354 0.1882353 0.14117648 0.08235294 0.105882354 0.4627451 0.69411767 0.64705884 0.6745098 0.6666667 0.67058825 0.7490196 0.6627451
0.63529414 0.64705884 0.6666667 0.65882355 0.81960785 0.9137255 0.81960785 0.69411767 0.6862745 0.6862745 0.6627451 0.69411767 0.6784314 0.6862745 0.7254902 0.73333335 0.72156864 0.40784314 0.078431375 0.09019608 0.11372549 0.0627451 0.0627451 0.07058824 0.39215687 0.6784314 0.69411767 0.7254902 0.7176471 0.69411767 0.7411765 0.67058825
0.67058825 0.6392157 0.627451 0.69411767 0.8862745 0.96862745 0.7647059 0.62352943 0.63529414 0.627451 0.6509804 0.654902 0.6509804 0.68235296 0.72156864 0.78039217 0.7176471 0.34117648 0.07058824 0.07058824 0.07058824 0.05490196 0.0627451 0.078431375 0.32156864 0.6666667 0.7529412 0.77254903 0.72156864 0.7137255 0.7490196 0.73333335
0.6666667 0.62352943 0.58431375 0.6392157 0.7529412 0.78431374 0.63529414 0.6 0.6039216 0.5764706 0.6901961 0.6431373 0.6039216 0.6666667 0.654902 0.68235296 0.6509804 0.3019608 0.09803922 0.050980393 0.043137256 0.09019608 0.101960786 0.11764706 0.25882354 0.6313726 0.79607844 0.7764706 0.7529412 0.72156864 0.7137255 0.74509805
0.6862745 0.6431373 0.6039216 0.5882353 0.63529414 0.6745098 0.6784314 0.6745098 0.6509804 0.6392157 0.5803922 0.41960785 0.3254902 0.34117648 0.3019608 0.31764707 0.41960785 0.2627451 0.2 0.11372549 0.047058824 0.19215687 0.16862746 0.105882354 0.18039216 0.52156866 0.7254902 0.7058824 0.69803923 0.73333335 0.7254902 0.75686276
0.6901961 0.6901961 0.654902 0.5803922 0.63529414 0.65882355 0.7294118 0.7254902 0.68235296 0.57254905 0.33333334 0.16862746 0.105882354 0.078431375 0.078431375 0.11372549 0.23137255 0.21960784 0.19215687 0.18431373 0.13725491 0.1882353 0.12941177 0.07058824 0.11764706 0.4509804 0.6784314 0.69411767 0.6901961 0.7019608 0.69411767 0.7254902
0.7058824 0.69803923 0.6509804 0.654902 0.69803923 0.69803923 0.6862745 0.6666667 0.59607846 0.34901962 0.12941177 0.078431375 0.0627451 0.05490196 0.05882353 0.0627451 0.1254902 0.15686275 0.1254902 0.2 0.17254902 0.12941177 0.07058824 0.03137255 0.09019608 0.44313726 0.69411767 0.67058825 0.64705884 0.6313726 0.6431373 0.654902
0.7294118 0.6784314 0.68235296 0.6862745 0.70980394 0.70980394 0.6666667 0.6 0.36078432 0.16470589 0.08235294 0.05882353 0.047058824 0.043137256 0.047058824 0.039215688 0.08235294 0.09803922 0.09411765 0.11764706 0.09019608 0.101960786 0.05490196 0.02745098 0.08627451 0.42352942 0.6509804 0.627451 0.6156863 0.64705884 0.63529414 0.59607846
0.7372549 0.6862745 0.6666667 0.65882355 0.6784314 0.6745098 0.6745098 0.4745098 0.1882353 0.11764706 0.08627451 0.05490196 0.050980393 0.043137256 0.039215688 0.02745098 0.047058824 0.06666667 0.05490196 0.047058824 0.039215688 0.039215688 0.047058824 0.039215688 0.105882354 0.44705883 0.5568628 0.5764706 0.60784316 0.5921569 0.654902 0.6156863
0.69803923 0.6666667 0.6627451 0.654902 0.6431373 0.6745098 0.5882353 0.3019608 0.13725491 0.08627451 0.07058824 0.05490196 0.0627451 0.047058824 0.039215688 0.02745098 0.03137255 0.06666667 0.05490196 0.03529412 0.02745098 0.019607844 0.043137256 0.047058824 0.16862746 0.53333336 0.56078434 0.58431375 0.61960787 0.6117647 0.654902 0.61960787
0.6862745 0.6784314 0.6901961 0.68235296 0.6666667 0.6745098 0.42352942 0.18039216 0.10980392 0.07058824 0.0627451 0.07058824 0.078431375 0.0627451 0.047058824 0.03529412 0.03529412 0.07058824 0.07450981 0.05490196 0.043137256 0.039215688 0.047058824 0.07450981 0.21176471 0.5568628 0.68235296 0.6666667 0.5882353 0.5882353 0.64705884 0.654902
0.6784314 0.6862745 0.6745098 0.6509804 0.67058825 0.5803922 0.30588236 0.1254902 0.09019608 0.078431375 0.078431375 0.07450981 0.06666667 0.0627451 0.05490196 0.039215688 0.023529412 0.050980393 0.08235294 0.07058824 0.05490196 0.050980393 0.050980393 0.07450981 0.24705882 0.5764706 0.68235296 0.6509804 0.54509807 0.54509807 0.6784314 0.69411767
0.654902 0.6745098 0.654902 0.6039216 0.6392157 0.50980395 0.25882354 0.12941177 0.08627451 0.08627451 0.08627451 0.07450981 0.0627451 0.05882353 0.050980393 0.039215688 0.023529412 0.043137256 0.08627451 0.08235294 0.06666667 0.0627451 0.06666667 0.06666667 0.23921569 0.5568628 0.6431373 0.6627451 0.63529414 0.6862745 0.7176471 0.6901961
0.6745098 0.6784314 0.6784314 0.68235296 0.65882355 0.4392157 0.23137255 0.16470589 0.11372549 0.09019608 0.078431375 0.078431375 0.07450981 0.0627451 0.039215688 0.03137255 0.02745098 0.050980393 0.09411765 0.09803922 0.07450981 0.05490196 0.047058824 0.07058824 0.3254902 0.6039216 0.6745098 0.69803923 0.7294118 0.75686276 0.69411767 0.7137255
0.7019608 0.68235296 0.68235296 0.67058825 0.6117647 0.38039216 0.22745098 0.17254902 0.10980392 0.08627451 0.08627451 0.078431375 0.06666667 0.05882353 0.043137256 0.03137255 0.03529412 0.06666667 0.09019608 0.09411765 0.06666667 0.047058824 0.05490196 0.15294118 0.49803922 0.6745098 0.6509804 0.67058825 0.7058824 0.70980394 0.70980394 0.7490196
0.6784314 0.64705884 0.6313726 0.6 0.53333336 0.32156864 0.21568628 0.14901961 0.10980392 0.09411765 0.08235294 0.078431375 0.07058824 0.0627451 0.050980393 0.039215688 0.03529412 0.06666667 0.09411765 0.08235294 0.050980393 0.047058824 0.10980392 0.38431373 0.64705884 0.627451 0.5686275 0.64705884 0.654902 0.6627451 0.654902 0.654902
0.6745098 0.59607846 0.5568628 0.5803922 0.4627451 0.2627451 0.19607843 0.16470589 0.12156863 0.09803922 0.08627451 0.08627451 0.07058824 0.05882353 0.043137256 0.03529412 0.03137255 0.05490196 0.078431375 0.0627451 0.043137256 0.07058824 0.2901961 0.59607846 0.64705884 0.60784316 0.62352943 0.6745098 0.61960787 0.6156863 0.62352943 0.59607846
0.6431373 0.58431375 0.5882353 0.62352943 0.4745098 0.24705882 0.2 0.16078432 0.11372549 0.09411765 0.08235294 0.07450981 0.06666667 0.05490196 0.043137256 0.047058824 0.03529412 0.03529412 0.050980393 0.039215688 0.043137256 0.1882353 0.47843137 0.6156863 0.61960787 0.60784316 0.63529414 0.627451 0.5803922 0.59607846 0.6156863 0.59607846
0.6431373 0.6156863 0.6627451 0.69803923 0.49411765 0.22352941 0.19607843 0.15294118 0.10980392 0.08235294 0.07058824 0.05882353 0.05490196 0.043137256 0.047058824 0.05490196 0.03529412 0.02745098 0.039215688 0.03529412 0.10980392 0.36862746 0.56078434 0.5529412 0.5921569 0.5647059 0.58431375 0.6313726 0.61960787 0.5882353 0.5803922 0.54509807
0.68235296 0.6509804 0.63529414 0.6862745 0.4745098 0.1882353 0.18039216 0.16862746 0.12941177 0.09019608 0.078431375 0.0627451 0.050980393 0.043137256 0.050980393 0.05882353 0.043137256 0.03137255 0.03529412 0.050980393 0.23137255 0.52156866 0.54509807 0.5294118 0.5921569 0.58431375 0.5647059 0.6039216 0.60784316 0.6 0.57254905 0.5058824
0.65882355 0.6431373 0.61960787 0.6901961 0.48235294 0.19215687 0.17254902 0.17254902 0.14117648 0.09803922 0.09019608 0.07450981 0.0627451 0.05490196 0.05882353 0.07058824 0.0627451 0.03529412 0.02745098 0.0627451 0.33333334 0.5764706 0.6117647 0.627451 0.62352943 0.63529414 0.63529414 0.5647059 0.56078434 0.59607846 0.5686275 0.52156866
0.60784316 0.6156863 0.6 0.627451 0.45882353 0.20784314 0.1764706 0.16078432 0.12941177 0.105882354 0.11372549 0.101960786 0.09019608 0.078431375 0.07450981 0.08627451 0.08235294 0.03529412 0.023529412 0.09411765 0.3882353 0.5921569 0.6313726 0.62352943 0.627451 0.60784316 0.6666667 0.6039216 0.5529412 0.5254902 0.49019608 0.43137255
0.59607846 0.57254905 0.6117647 0.62352943 0.44705883 0.2627451 0.24313726 0.1764706 0.14901961 0.13333334 0.10980392 0.09803922 0.08627451 0.08235294 0.09803922 0.105882354 0.09803922 0.039215688 0.023529412 0.105882354 0.3764706 0.5294118 0.5921569 0.57254905 0.5686275 0.5176471 0.5019608 0.49019608 0.5058824 0.45882353 0.3882353 0.36078432
0.65882355 0.60784316 0.61960787 0.61960787 0.49411765 0.39215687 0.39215687 0.22745098 0.16470589 0.15294118 0.11372549 0.10980392 0.11764706 0.078431375 0.08235294 0.09803922 0.16078432 0.11372549 0.023529412 0.11372549 0.34509805 0.43137255 0.45882353 0.45882353 0.5686275 0.5803922 0.3764706 0.3647059 0.42745098 0.40392157 0.34117648 0.32156864
0.6784314 0.5882353 0.58431375 0.5686275 0.53333336 0.48235294 0.41960785 0.29803923 0.24313726 0.15686275 0.11372549 0.19607843 0.21568628 0.07450981 0.078431375 0.14509805 0.28627452 0.21568628 0.023529412 0.14509805 0.28627452 0.38431373 0.4 0.40392157 0.5176471 0.5058824 0.37254903 0.44313726 0.43137255 0.40392157 0.37254903 0.39607844
0.63529414 0.57254905 0.5411765 0.54901963 0.54901963 0.5019608 0.45882353 0.46666667 0.37254903 0.24313726 0.22352941 0.24313726 0.34117648 0.14901961 0.1254902 0.2509804 0.30980393 0.25882354 0.07450981 0.23529412 0.2784314 0.34509805 0.43137255 0.4509804 0.44705883 0.4392157 0.4627451 0.5058824 0.48235294 0.47843137 0.4745098 0.50980395
0.5921569 0.5529412 0.5529412 0.5372549 0.5294118 0.5411765 0.50980395 0.52156866 0.38039216 0.3882353 0.40392157 0.28627452 0.42352942 0.32941177 0.2784314 0.3882353 0.34509805 0.28627452 0.2 0.30980393 0.39215687 0.42352942 0.4627451 0.49411765 0.50980395 0.56078434 0.5803922 0.58431375 0.5529412 0.5568628 0.48235294 0.5137255
0.43137255 0.48235294 0.40784314 0.43529412 0.42745098 0.43529412 0.44705883 0.49019608 0.47843137 0.52156866 0.4627451 0.50980395 0.5254902 0.47843137 0.42745098 0.43529412 0.40392157 0.42352942 0.4117647 0.4117647 0.4117647 0.36862746 0.3764706 0.39215687 0.33333334 0.31764707 0.42745098 0.5137255 0.5137255 0.5176471 0.39215687 0.35686275
0.42745098 0.45882353 0.45490196 0.5176471 0.47058824 0.42745098 0.42352942 0.4509804 0.44313726 0.43137255 0.4392157 0.4627451 0.46666667 0.43137255 0.39607844 0.39215687 0.3882353 0.39215687 0.43137255 0.43137255 0.3882353 0.32941177 0.34901962 0.41568628 0.39215687 0.3764706 0.38431373 0.5058824 0.5411765 0.5058824 0.38431373 0.30980393
0.4392157 0.47058824 0.4745098 0.53333336 0.49411765 0.4117647 0.42352942 0.43137255 0.4392157 0.42352942 0.41960785 0.43137255 0.4392157 0.4117647 0.41960785 0.3882353 0.39215687 0.34509805 0.40784314 0.45490196 0.45490196 0.43137255 0.36862746 0.36862746 0.34117648 0.34117648 0.3647059 0.4627451 0.5019608 0.5647059 0.45490196 0.34117648
0.47843137 0.45490196 0.44313726 0.52156866 0.5058824 0.43529412 0.45490196 0.4745098 0.48235294 0.48235294 0.4745098 0.46666667 0.46666667 0.47058824 0.4392157 0.40784314 0.42745098 0.2901961 0.37254903 0.41568628 0.42352942 0.49411765 0.36862746 0.18431373 0.29411766 0.3764706 0.34509805 0.4 0.4745098 0.5764706 0.5137255 0.36078432
0.41960785 0.3882353 0.42745098 0.45882353 0.42352942 0.38039216 0.4392157 0.47058824 0.52156866 0.49019608 0.48235294 0.4627451 0.4509804 0.42745098 0.4117647 0.5294118 0.6156863 0.29803923 0.17254902 0.23921569 0.27058825 0.32156864 0.1882353 0.05490196 0.32156864 0.46666667 0.35686275 0.3882353 0.41568628 0.46666667 0.5254902 0.41960785
0.3372549 0.3764706 0.43137255 0.41960785 0.45882353 0.4509804 0.48235294 0.47843137 0.48235294 0.43529412 0.44313726 0.46666667 0.41568628 0.36862746 0.4745098 0.56078434 0.6784314 0.37254903 0.0627451 0.105882354 0.18039216 0.13333334 0.078431375 0.07450981 0.31764707 0.47843137 0.38039216 0.4 0.4 0.43137255 0.50980395 0.43137255
0.38431373 0.38431373 0.4117647 0.44705883 0.6862745 0.7921569 0.6431373 0.46666667 0.41960785 0.3882353 0.38039216 0.4392157 0.4117647 0.40784314 0.50980395 0.5176471 0.53333336 0.32156864 0.08627451 0.09411765 0.105882354 0.05882353 0.05882353 0.047058824 0.26666668 0.4745098 0.42745098 0.4392157 0.44313726 0.44313726 0.49803922 0.44705883
0.41960785 0.3764706 0.37254903 0.48235294 0.78039217 0.8745098 0.6039216 0.39607844 0.36078432 0.3254902 0.3764706 0.41568628 0.41568628 0.43137255 0.47058824 0.5372549 0.5254902 0.25490198 0.06666667 0.07058824 0.06666667 0.050980393 0.05882353 0.0627451 0.22745098 0.4745098 0.48235294 0.4862745 0.45490196 0.4509804 0.49411765 0.49411765
0.41568628 0.36078432 0.32941177 0.42745098 0.63529414 0.6666667 0.45882353 0.3647059 0.33333334 0.29803923 0.4509804 0.45490196 0.43137255 0.47843137 0.43137255 0.47058824 0.5019608 0.23137255 0.09019608 0.050980393 0.039215688 0.08627451 0.09803922 0.10980392 0.2 0.45490196 0.5176471 0.49411765 0.49019608 0.44705883 0.4509804 0.49411765
0.43529412 0.38039216 0.34901962 0.36862746 0.4509804 0.4862745 0.45882353 0.41960785 0.38431373 0.40784314 0.4117647 0.30980393 0.24705882 0.2509804 0.1764706 0.20784314 0.34901962 0.23529412 0.2 0.10980392 0.043137256 0.1882353 0.16078432 0.10980392 0.15294118 0.36078432 0.44313726 0.42352942 0.44313726 0.4509804 0.4509804 0.49019608
0.43529412 0.42745098 0.39607844 0.34901962 0.3882353 0.39215687 0.45882353 0.45882353 0.43137255 0.39607844 0.23137255 0.12941177 0.101960786 0.07058824 0.050980393 0.09803922 0.23529412 0.23137255 0.2 0.18039216 0.13725491 0.18431373 0.1254902 0.08235294 0.11372549 0.29803923 0.39215687 0.4117647 0.43529412 0.41960785 0.40784314 0.4509804
0.42745098 0.41568628 0.37254903 0.3882353 0.44705883 0.40784314 0.38431373 0.42352942 0.4509804 0.28235295 0.09803922 0.07058824 0.06666667 0.0627451 0.05490196 0.06666667 0.13725491 0.17254902 0.14117648 0.20784314 0.18039216 0.13725491 0.07450981 0.050980393 0.09411765 0.31764707 0.44313726 0.40392157 0.39607844 0.36862746 0.3764706 0.38431373
0.43529412 0.39215687 0.39215687 0.40392157 0.4509804 0.41960785 0.38039216 0.4117647 0.29411766 0.15294118 0.07450981 0.047058824 0.03529412 0.03529412 0.03137255 0.03137255 0.08235294 0.10980392 0.10980392 0.1254902 0.101960786 0.10980392 0.0627451 0.047058824 0.09019608 0.30980393 0.41960785 0.37254903 0.36862746 0.4 0.38039216 0.32156864
0.45490196 0.40784314 0.3882353 0.38039216 0.3882353 0.38431373 0.44705883 0.35686275 0.16470589 0.10980392 0.07450981 0.047058824 0.039215688 0.03137255 0.019607844 0.019607844 0.047058824 0.078431375 0.07450981 0.050980393 0.039215688 0.039215688 0.047058824 0.047058824 0.09803922 0.3254902 0.3254902 0.32941177 0.37254903 0.34117648 0.39607844 0.34509805
0.43137255 0.4 0.4 0.38039216 0.32941177 0.4117647 0.43529412 0.2509804 0.13725491 0.078431375 0.05490196 0.039215688 0.047058824 0.03137255 0.019607844 0.019607844 0.03137255 0.078431375 0.07058824 0.03529412 0.023529412 0.015686275 0.039215688 0.047058824 0.14509805 0.40392157 0.3372549 0.34901962 0.39607844 0.3647059 0.39607844 0.34901962
0.42352942 0.41960785 0.43137255 0.4117647 0.3647059 0.45490196 0.34509805 0.16470589 0.101960786 0.05490196 0.043137256 0.050980393 0.05882353 0.043137256 0.02745098 0.023529412 0.03137255 0.08235294 0.09019608 0.043137256 0.023529412 0.023529412 0.03137255 0.0627451 0.1764706 0.41960785 0.45490196 0.4392157 0.3764706 0.34117648 0.3882353 0.38431373
0.41960785 0.43137255 0.41960785 0.38431373 0.3882353 0.40784314 0.28235295 0.13333334 0.06666667 0.05490196 0.05882353 0.05882353 0.047058824 0.043137256 0.039215688 0.03137255 0.023529412 0.0627451 0.09411765 0.050980393 0.03137255 0.02745098 0.03137255 0.05882353 0.2 0.43137255 0.45490196 0.42745098 0.3372549 0.3019608 0.41568628 0.42352942
0.39215687 0.41568628 0.39607844 0.33333334 0.3647059 0.40392157 0.28235295 0.13725491 0.0627451 0.07450981 0.078431375 0.0627451 0.050980393 0.047058824 0.043137256 0.039215688 0.023529412 0.043137256 0.09019608 0.06666667 0.043137256 0.039215688 0.05882353 0.06666667 0.1882353 0.38431373 0.3764706 0.39607844 0.39607844 0.43137255 0.4509804 0.4117647
0.41568628 0.41568628 0.4117647 0.39607844 0.3882353 0.3647059 0.27058825 0.16862746 0.09803922 0.08627451 0.07450981 0.07450981 0.07058824 0.05882353 0.039215688 0.03137255 0.02745098 0.050980393 0.09019608 0.08627451 0.05490196 0.03137255 0.03529412 0.050980393 0.23529412 0.4 0.3764706 0.4 0.45490196 0.49019608 0.42745098 0.44313726
0.45882353 0.42745098 0.40392157 0.37254903 0.36862746 0.32156864 0.2627451 0.17254902 0.105882354 0.08627451 0.08235294 0.07450981 0.0627451 0.05490196 0.043137256 0.03137255 0.03529412 0.06666667 0.08627451 0.08627451 0.05490196 0.019607844 0.011764706 0.07450981 0.34901962 0.4392157 0.34117648 0.3647059 0.42352942 0.44313726 0.44705883 0.4862745
0.44313726 0.39607844 0.36078432 0.3137255 0.32156864 0.28627452 0.24705882 0.14901961 0.11372549 0.09411765 0.078431375 0.07450981 0.06666667 0.05882353 0.050980393 0.039215688 0.03529412 0.07058824 0.09019608 0.07450981 0.050980393 0.019607844 0.023529412 0.23529412 0.4392157 0.36862746 0.26666668 0.34901962 0.37254903 0.3882353 0.3882353 0.4
0.41568628 0.34117648 0.30588236 0.33333334 0.29411766 0.24705882 0.22352941 0.16078432 0.13725491 0.101960786 0.08235294 0.08235294 0.06666667 0.05490196 0.043137256 0.03529412 0.03137255 0.05490196 0.078431375 0.05882353 0.047058824 0.039215688 0.16078432 0.38431373 0.40392157 0.3529412 0.3529412 0.4117647 0.35686275 0.3372549 0.36078432 0.3529412
0.35686275 0.32941177 0.3647059 0.41960785 0.3372549 0.24313726 0.22352941 0.15294118 0.13333334 0.09803922 0.07450981 0.07058824 0.0627451 0.047058824 0.043137256 0.047058824 0.03137255 0.03137255 0.047058824 0.03529412 0.050980393 0.15294118 0.32156864 0.36862746 0.37254903 0.37254903 0.40392157 0.4 0.34117648 0.31764707 0.3529412 0.3647059
0.3764706 0.38039216 0.4509804 0.5058824 0.3764706 0.21176471 0.23137255 0.16078432 0.101960786 0.08627451 0.07058824 0.05490196 0.043137256 0.02745098 0.03529412 0.043137256 0.023529412 0.015686275 0.03529412 0.043137256 0.08235294 0.27058825 0.38431373 0.33333334 0.38039216 0.3529412 0.3647059 0.40392157 0.3764706 0.3254902 0.3529412 0.3529412
0.44313726 0.42745098 0.42352942 0.49019608 0.3647059 0.17254902 0.22352941 0.2 0.11372549 0.09019608 0.08627451 0.05882353 0.03529412 0.019607844 0.03137255 0.039215688 0.023529412 0.011764706 0.023529412 0.047058824 0.16470589 0.36862746 0.34509805 0.3254902 0.39607844 0.38039216 0.34117648 0.3647059 0.35686275 0.36078432 0.38039216 0.35686275
0.41568628 0.41568628 0.40784314 0.49411765 0.3764706 0.17254902 0.20784314 0.20784314 0.14901961 0.105882354 0.09411765 0.07058824 0.050980393 0.03137255 0.039215688 0.050980393 0.043137256 0.011764706 0.011764706 0.039215688 0.24313726 0.4117647 0.40784314 0.41568628 0.41960785 0.42352942 0.41568628 0.33333334 0.32941177 0.3882353 0.4117647 0.40392157
0.3647059 0.3882353 0.38039216 0.43137255 0.34117648 0.16078432 0.1764706 0.1882353 0.15294118 0.12156863 0.11764706 0.09803922 0.07450981 0.05490196 0.05490196 0.06666667 0.0627451 0.015686275 0.007843138 0.05490196 0.2901961 0.42745098 0.44313726 0.42745098 0.43137255 0.40784314 0.47058824 0.40784314 0.36078432 0.3647059 0.38039216 0.3647059
0.34509805 0.34117648 0.3882353 0.41960785 0.29411766 0.16470589 0.1882353 0.16862746 0.16470589 0.14509805 0.11764706 0.09411765 0.07058824 0.05882353 0.078431375 0.08627451 0.078431375 0.02745098 0.007843138 0.07450981 0.29411766 0.3882353 0.43529412 0.41568628 0.40392157 0.35686275 0.3529412 0.35686275 0.3764706 0.34117648 0.3254902 0.33333334
0.40784314 0.37254903 0.39607844 0.40784314 0.30980393 0.23921569 0.28627452 0.1764706 0.15686275 0.16470589 0.11764706 0.105882354 0.09803922 0.05490196 0.0627451 0.078431375 0.14117648 0.09411765 0.007843138 0.101960786 0.28627452 0.32156864 0.3372549 0.34117648 0.4392157 0.45882353 0.27450982 0.28235295 0.34901962 0.3254902 0.30980393 0.3254902
0.42352942 0.3529412 0.3529412 0.34509805 0.31764707 0.28627452 0.26666668 0.2 0.19215687 0.15686275 0.12156863 0.18431373 0.1882353 0.039215688 0.050980393 0.12156863 0.25882354 0.1882353 0.003921569 0.11764706 0.22745098 0.28627452 0.28235295 0.28235295 0.39607844 0.3882353 0.2627451 0.34117648 0.34117648 0.33333334 0.34117648 0.3882353
0.38431373 0.3372549 0.3137255 0.32941177 0.32156864 0.2901961 0.28627452 0.33333334 0.2784314 0.21176471 0.20392157 0.20392157 0.28235295 0.08235294 0.07058824 0.2 0.25882354 0.20784314 0.03529412 0.18039216 0.20392157 0.24705882 0.3019608 0.30980393 0.3137255 0.30980393 0.33333334 0.3764706 0.36078432 0.4 0.43137255 0.47843137
0.3372549 0.32156864 0.34117648 0.3372549 0.30980393 0.32941177 0.33333334 0.37254903 0.25882354 0.30588236 0.3254902 0.2 0.3254902 0.22745098 0.1764706 0.28627452 0.25490198 0.2 0.12156863 0.23529412 0.30588236 0.3137255 0.32941177 0.3529412 0.36862746 0.41960785 0.4392157 0.44313726 0.42352942 0.4745098 0.43529412 0.4745098
21 0 1
31 26 1
18 31 1
0 0 0
31 9 1
31 22 0
11 31 2
21 31 1
31 19 1
31 0 2
0 27 2
21 31 2
31 13 1
31 20 1
31 21 0
28 0 0
31 28 1
31 22 2
31 9 0
0 4 1
31 30 0
24 0 1
0 8 2
31 2 1
12 31 2
13 0 2
31 16 1
0 26 0
7 31 2
31 21 2
