32, 32, 3, 30
0.6509804 0.6745098 0.6666667 0.5803922 0.6 0.58431375 0.5529412 0.65882355 0.64705884 0.654902 0.5882353 0.5882353 0.63529414 0.5568628 0.5568628 0.63529414 0.6 0.46666667 0.5137255 0.5568628 0.62352943 0.64705884 0.64705884 0.64705884 0.6509804 0.654902 0.6392157 0.39607844 0.23921569 0.2784314 0.5411765 0.6313726
0.64705884 0.67058825 0.6666667 0.5686275 0.57254905 0.65882355 0.654902 0.6627451 0.64705884 0.6627451 0.63529414 0.5686275 0.6392157 0.6 0.49411765 0.57254905 0.54901963 0.4509804 0.49411765 0.6156863 0.6431373 0.6509804 0.654902 0.6509804 0.654902 0.654902 0.6392157 0.39607844 0.25882354 0.3019608 0.57254905 0.64705884
0.6784314 0.65882355 0.654902 0.65882355 0.6627451 0.65882355 0.6627451 0.6627451 0.65882355 0.65882355 0.6627451 0.6392157 0.6313726 0.57254905 0.4745098 0.5019608 0.47058824 0.5058824 0.5803922 0.6666667 0.654902 0.6666667 0.6745098 0.67058825 0.67058825 0.6784314 0.65882355 0.40784314 0.27450982 0.31764707 0.6 0.6627451
0.69411767 0.6784314 0.68235296 0.67058825 0.67058825 0.6666667 0.6666667 0.67058825 0.6745098 0.6666667 0.65882355 0.64705884 0.6156863 0.5921569 0.5254902 0.4862745 0.40392157 0.5372549 0.6392157 0.6392157 0.61960787 0.6666667 0.6862745 0.654902 0.6392157 0.68235296 0.64705884 0.39607844 0.27058825 0.3254902 0.6117647 0.6745098
0.7058824 0.6901961 0.70980394 0.70980394 0.7137255 0.7137255 0.70980394 0.69411767 0.6901961 0.6862745 0.6784314 0.6745098 0.61960787 0.6156863 0.59607846 0.5372549 0.42352942 0.5803922 0.627451 0.6117647 0.627451 0.67058825 0.6745098 0.5568628 0.627451 0.6666667 0.6392157 0.39215687 0.2784314 0.3254902 0.60784316 0.6784314
0.7294118 0.7176471 0.72156864 0.7254902 0.73333335 0.7176471 0.72156864 0.7176471 0.7058824 0.7019608 0.7019608 0.6784314 0.6431373 0.6509804 0.6627451 0.47058824 0.38431373 0.62352943 0.6627451 0.6156863 0.6 0.60784316 0.5803922 0.5137255 0.6509804 0.654902 0.67058825 0.39215687 0.28235295 0.3372549 0.6117647 0.68235296
0.73333335 0.7254902 0.7254902 0.7176471 0.72156864 0.6901961 0.70980394 0.7176471 0.70980394 0.69803923 0.6901961 0.6627451 0.6117647 0.58431375 0.56078434 0.4117647 0.32156864 0.627451 0.64705884 0.5176471 0.5686275 0.5921569 0.44313726 0.5058824 0.5764706 0.6666667 0.6745098 0.4 0.2901961 0.34901962 0.627451 0.68235296
0.7372549 0.7254902 0.72156864 0.7137255 0.7176471 0.68235296 0.7176471 0.7372549 0.7254902 0.7137255 0.7137255 0.6784314 0.5882353 0.627451 0.5411765 0.40784314 0.27058825 0.57254905 0.6627451 0.45490196 0.4862745 0.4862745 0.29411766 0.45490196 0.49803922 0.61960787 0.5372549 0.37254903 0.30588236 0.3647059 0.62352943 0.6745098
0.7372549 0.7294118 0.7254902 0.7176471 0.72156864 0.67058825 0.7137255 0.7372549 0.73333335 0.7411765 0.7137255 0.53333336 0.5764706 0.654902 0.56078434 0.49803922 0.2627451 0.49019608 0.7019608 0.40392157 0.3137255 0.3254902 0.4117647 0.33333334 0.35686275 0.45882353 0.49019608 0.38039216 0.34509805 0.38039216 0.627451 0.6901961
0.7254902 0.7176471 0.7294118 0.7176471 0.72156864 0.65882355 0.7019608 0.7294118 0.73333335 0.70980394 0.5803922 0.3137255 0.30588236 0.35686275 0.40784314 0.42352942 0.23921569 0.39215687 0.47058824 0.29803923 0.29411766 0.40784314 0.43529412 0.28627452 0.32156864 0.53333336 0.6313726 0.39215687 0.3137255 0.34901962 0.61960787 0.6745098
0.72156864 0.70980394 0.7372549 0.69803923 0.72156864 0.6784314 0.7137255 0.7490196 0.7372549 0.59607846 0.6313726 0.37254903 0.21960784 0.23921569 0.20392157 0.20784314 0.1764706 0.22745098 0.32156864 0.34117648 0.2901961 0.31764707 0.27450982 0.36078432 0.3019608 0.42745098 0.5294118 0.3254902 0.25882354 0.34509805 0.61960787 0.6392157
0.72156864 0.68235296 0.7372549 0.6862745 0.7019608 0.68235296 0.7137255 0.74509805 0.67058825 0.6392157 0.73333335 0.6 0.24313726 0.19607843 0.1764706 0.20392157 0.19607843 0.23137255 0.25490198 0.2901961 0.29411766 0.39607844 0.5529412 0.69411767 0.48235294 0.2627451 0.4117647 0.3647059 0.27058825 0.34509805 0.627451 0.68235296
0.7372549 0.69803923 0.7176471 0.7176471 0.7176471 0.69803923 0.72156864 0.7058824 0.6431373 0.70980394 0.7058824 0.7058824 0.36078432 0.1764706 0.16078432 0.18039216 0.25882354 0.29411766 0.32941177 0.44313726 0.53333336 0.5686275 0.6784314 0.7019608 0.60784316 0.34117648 0.42352942 0.38431373 0.2784314 0.32941177 0.6039216 0.67058825
0.72156864 0.70980394 0.6901961 0.6509804 0.6901961 0.6745098 0.69803923 0.6313726 0.6862745 0.7176471 0.6862745 0.6784314 0.4392157 0.19607843 0.1764706 0.1764706 0.21176471 0.22745098 0.38039216 0.5529412 0.5372549 0.42352942 0.49803922 0.5921569 0.61960787 0.47058824 0.3529412 0.3137255 0.2627451 0.32941177 0.5882353 0.63529414
0.6862745 0.69803923 0.6901961 0.6313726 0.6745098 0.6509804 0.6392157 0.59607846 0.7058824 0.7058824 0.64705884 0.627451 0.45882353 0.20392157 0.16078432 0.18039216 0.21960784 0.22352941 0.24705882 0.3647059 0.36078432 0.30980393 0.36078432 0.44705883 0.5176471 0.5058824 0.39215687 0.30980393 0.2627451 0.32941177 0.53333336 0.57254905
0.6745098 0.6784314 0.6784314 0.63529414 0.64705884 0.64705884 0.54509807 0.6039216 0.6901961 0.68235296 0.6117647 0.627451 0.5529412 0.27450982 0.15294118 0.19215687 0.25490198 0.28235295 0.27058825 0.28627452 0.31764707 0.34901962 0.43137255 0.47843137 0.4627451 0.44313726 0.4 0.36078432 0.38431373 0.42745098 0.50980395 0.5137255
0.63529414 0.6392157 0.6509804 0.64705884 0.6392157 0.5764706 0.47843137 0.6313726 0.6745098 0.6745098 0.6039216 0.5647059 0.53333336 0.3647059 0.18039216 0.1882353 0.23921569 0.2784314 0.3019608 0.34117648 0.39215687 0.4392157 0.49411765 0.5137255 0.4627451 0.43137255 0.42745098 0.39215687 0.4509804 0.48235294 0.47843137 0.4745098
0.5803922 0.62352943 0.6392157 0.62352943 0.62352943 0.5647059 0.50980395 0.64705884 0.6392157 0.6627451 0.6 0.54901963 0.50980395 0.38431373 0.1882353 0.18039216 0.21176471 0.24313726 0.28627452 0.33333334 0.40784314 0.45882353 0.50980395 0.5137255 0.4627451 0.4392157 0.44705883 0.41568628 0.38431373 0.44313726 0.45490196 0.45490196
0.5411765 0.6039216 0.627451 0.6 0.5921569 0.5803922 0.5568628 0.62352943 0.6 0.5882353 0.54509807 0.5372549 0.49411765 0.4 0.27058825 0.16470589 0.16862746 0.2 0.23921569 0.3019608 0.41568628 0.4745098 0.49411765 0.47843137 0.4745098 0.48235294 0.48235294 0.47843137 0.43137255 0.41568628 0.40784314 0.4
0.5254902 0.5803922 0.6039216 0.6156863 0.62352943 0.56078434 0.56078434 0.5882353 0.5254902 0.46666667 0.49411765 0.5137255 0.5137255 0.4745098 0.29803923 0.18431373 0.18039216 0.15686275 0.2 0.31764707 0.41568628 0.45882353 0.48235294 0.47843137 0.48235294 0.48235294 0.48235294 0.49019608 0.5058824 0.49019608 0.44313726 0.4
0.47843137 0.5372549 0.5529412 0.5882353 0.5568628 0.52156866 0.5294118 0.5764706 0.42745098 0.43137255 0.47058824 0.4862745 0.49411765 0.4862745 0.38431373 0.22352941 0.16470589 0.17254902 0.22352941 0.35686275 0.41960785 0.4509804 0.49019608 0.49019608 0.47843137 0.48235294 0.47058824 0.44313726 0.42745098 0.4509804 0.42745098 0.4
0.41568628 0.45490196 0.49019608 0.54509807 0.5294118 0.5372549 0.49019608 0.5411765 0.40392157 0.40784314 0.41568628 0.41568628 0.41960785 0.41960785 0.46666667 0.32941177 0.18039216 0.20784314 0.25490198 0.34117648 0.4 0.4509804 0.4509804 0.4509804 0.44705883 0.4509804 0.4509804 0.38039216 0.34509805 0.39607844 0.38039216 0.38039216
0.3647059 0.38039216 0.41960785 0.4627451 0.4862745 0.47058824 0.4392157 0.4509804 0.4392157 0.39607844 0.34509805 0.3137255 0.33333334 0.34901962 0.36862746 0.34117648 0.2627451 0.20392157 0.1882353 0.2901961 0.35686275 0.43137255 0.42745098 0.42352942 0.41960785 0.40784314 0.40784314 0.37254903 0.34509805 0.34509805 0.3647059 0.36078432
0.3882353 0.36862746 0.3529412 0.37254903 0.4 0.3764706 0.3647059 0.38431373 0.3764706 0.32941177 0.30980393 0.3019608 0.32156864 0.3372549 0.33333334 0.26666668 0.24705882 0.2 0.15294118 0.23921569 0.29803923 0.4 0.43529412 0.43529412 0.4117647 0.38039216 0.35686275 0.35686275 0.3372549 0.32941177 0.3254902 0.31764707
0.34901962 0.30980393 0.3254902 0.3882353 0.34117648 0.3529412 0.41568628 0.42745098 0.3529412 0.3137255 0.32156864 0.26666668 0.30980393 0.3529412 0.32941177 0.34509805 0.3529412 0.31764707 0.34117648 0.28627452 0.25882354 0.36862746 0.3764706 0.38431373 0.3529412 0.34901962 0.32156864 0.32941177 0.30588236 0.29803923 0.29411766 0.29411766
0.34901962 0.25490198 0.27450982 0.39607844 0.34901962 0.35686275 0.40784314 0.40392157 0.40392157 0.34509805 0.29411766 0.28627452 0.29411766 0.2901961 0.3019608 0.34901962 0.3882353 0.44705883 0.4509804 0.37254903 0.1882353 0.24313726 0.3019608 0.29803923 0.27450982 0.29411766 0.28235295 0.30588236 0.34901962 0.2901961 0.25490198 0.24705882
0.3764706 0.28627452 0.23529412 0.30980393 0.32156864 0.32941177 0.38431373 0.36078432 0.32156864 0.30980393 0.29803923 0.28235295 0.2509804 0.25490198 0.2784314 0.2901961 0.29411766 0.37254903 0.39607844 0.38039216 0.27450982 0.20784314 0.2509804 0.23529412 0.28235295 0.33333334 0.29803923 0.28235295 0.31764707 0.24705882 0.23529412 0.24705882
0.34901962 0.3254902 0.28627452 0.30588236 0.36078432 0.34509805 0.36078432 0.36078432 0.3019608 0.29411766 0.32941177 0.28235295 0.22745098 0.2627451 0.2784314 0.32156864 0.3254902 0.36078432 0.34901962 0.3529412 0.3647059 0.24313726 0.23137255 0.23137255 0.30980393 0.3764706 0.34901962 0.3254902 0.28627452 0.21568628 0.22745098 0.25882354
0.37254903 0.38431373 0.37254903 0.34901962 0.35686275 0.36078432 0.3647059 0.36078432 0.3137255 0.32941177 0.33333334 0.28235295 0.21568628 0.28235295 0.31764707 0.34901962 0.4 0.40784314 0.3764706 0.34509805 0.3137255 0.24705882 0.22745098 0.25882354 0.3137255 0.29803923 0.3372549 0.3254902 0.32156864 0.3137255 0.31764707 0.3137255
0.3529412 0.36862746 0.34901962 0.3372549 0.31764707 0.3529412 0.38039216 0.40784314 0.4392157 0.4509804 0.41568628 0.36078432 0.26666668 0.3372549 0.32156864 0.35686275 0.43529412 0.43529412 0.40392157 0.3764706 0.32156864 0.25490198 0.22745098 0.28627452 0.32941177 0.27450982 0.31764707 0.3019608 0.28235295 0.31764707 0.38039216 0.3137255
0.3137255 0.30588236 0.32941177 0.29803923 0.2901961 0.34509805 0.35686275 0.37254903 0.43137255 0.43529412 0.38431373 0.34901962 0.30980393 0.29411766 0.29803923 0.37254903 0.4627451 0.41960785 0.4 0.38039216 0.3647059 0.27450982 0.24313726 0.23529412 0.28235295 0.3254902 0.33333334 0.29803923 0.26666668 0.28627452 0.29411766 0.2901961
0.2627451 0.29411766 0.3647059 0.3254902 0.27450982 0.3019608 0.31764707 0.3372549 0.36862746 0.40392157 0.38431373 0.29803923 0.2784314 0.2627451 0.27058825 0.34901962 0.42745098 0.40784314 0.3882353 0.34509805 0.32941177 0.30980393 0.24705882 0.2509804 0.32941177 0.34509805 0.30588236 0.29411766 0.2627451 0.27058825 0.2509804 0.27450982
0.6392157 0.6784314 0.654902 0.54901963 0.5647059 0.54901963 0.52156866 0.6627451 0.6862745 0.67058825 0.53333336 0.49411765 0.5764706 0.5568628 0.5882353 0.6666667 0.627451 0.49803922 0.54901963 0.5921569 0.65882355 0.6784314 0.68235296 0.6862745 0.6901961 0.69411767 0.6784314 0.42745098 0.27058825 0.30980393 0.57254905 0.67058825
0.654902 0.7058824 0.69803923 0.5647059 0.56078434 0.6431373 0.6431373 0.6745098 0.6745098 0.6784314 0.6117647 0.53333336 0.627451 0.62352943 0.5372549 0.6039216 0.5803922 0.4862745 0.5294118 0.6431373 0.6666667 0.67058825 0.6784314 0.6862745 0.6901961 0.6901961 0.6745098 0.42352942 0.2901961 0.33333334 0.6039216 0.68235296
0.69803923 0.7058824 0.69803923 0.69803923 0.7058824 0.7058824 0.7019608 0.6862745 0.6862745 0.68235296 0.67058825 0.6392157 0.6509804 0.60784316 0.52156866 0.5372549 0.5058824 0.5411765 0.6117647 0.6862745 0.6745098 0.68235296 0.69411767 0.7019608 0.7019608 0.70980394 0.6862745 0.43529412 0.30588236 0.34509805 0.6313726 0.69411767
0.72156864 0.70980394 0.7019608 0.69411767 0.7019608 0.69803923 0.69803923 0.69411767 0.69411767 0.69411767 0.6901961 0.67058825 0.6392157 0.61960787 0.56078434 0.5254902 0.4392157 0.57254905 0.6666667 0.65882355 0.63529414 0.6784314 0.7019608 0.6784314 0.6666667 0.7058824 0.67058825 0.42352942 0.3019608 0.35686275 0.6392157 0.7019608
0.7294118 0.7137255 0.72156864 0.7137255 0.72156864 0.7176471 0.72156864 0.7176471 0.70980394 0.70980394 0.7058824 0.6901961 0.63529414 0.627451 0.6117647 0.5647059 0.4509804 0.60784316 0.6509804 0.6313726 0.64705884 0.6901961 0.6901961 0.57254905 0.6431373 0.68235296 0.654902 0.4117647 0.30980393 0.3647059 0.6431373 0.7058824
0.7490196 0.7372549 0.7411765 0.73333335 0.7411765 0.7254902 0.7294118 0.73333335 0.7254902 0.7176471 0.7176471 0.6862745 0.6509804 0.65882355 0.6745098 0.49411765 0.40784314 0.6431373 0.68235296 0.6392157 0.62352943 0.6313726 0.6 0.5176471 0.654902 0.65882355 0.6784314 0.40784314 0.30980393 0.37254903 0.64705884 0.7137255
0.7490196 0.7411765 0.7411765 0.7254902 0.7294118 0.69803923 0.7176471 0.73333335 0.7254902 0.7137255 0.7058824 0.67058825 0.61960787 0.5921569 0.5686275 0.42745098 0.34117648 0.64705884 0.6627451 0.53333336 0.58431375 0.60784316 0.45490196 0.5058824 0.5803922 0.6666667 0.6784314 0.40784314 0.30980393 0.38039216 0.65882355 0.7019608
0.7411765 0.73333335 0.7294118 0.72156864 0.7254902 0.6901961 0.7254902 0.74509805 0.73333335 0.7254902 0.72156864 0.6862745 0.59607846 0.63529414 0.54901963 0.41960785 0.2784314 0.5803922 0.6666667 0.45882353 0.49019608 0.49411765 0.29803923 0.45490196 0.49803922 0.61960787 0.5372549 0.3764706 0.32156864 0.3882353 0.6509804 0.69411767
0.7372549 0.7294118 0.7254902 0.7294118 0.73333335 0.6784314 0.7254902 0.74509805 0.7372549 0.74509805 0.7176471 0.54509807 0.58431375 0.6666667 0.5686275 0.5019608 0.26666668 0.49411765 0.7019608 0.40392157 0.3137255 0.3254902 0.40784314 0.32941177 0.34901962 0.45490196 0.4862745 0.3764706 0.34901962 0.4 0.64705884 0.7019608
0.7294118 0.72156864 0.7294118 0.7254902 0.7294118 0.67058825 0.7137255 0.73333335 0.7372549 0.7137255 0.58431375 0.31764707 0.32156864 0.38039216 0.43137255 0.44313726 0.24705882 0.38431373 0.45882353 0.29803923 0.29411766 0.4117647 0.43529412 0.2784314 0.30980393 0.5254902 0.62352943 0.39607844 0.32941177 0.36862746 0.6313726 0.68235296
0.7294118 0.7137255 0.7372549 0.7019608 0.7294118 0.6862745 0.72156864 0.7490196 0.7372549 0.59607846 0.627451 0.36078432 0.23921569 0.28235295 0.24313726 0.24705882 0.1882353 0.21176471 0.29411766 0.34117648 0.29411766 0.32156864 0.27450982 0.35686275 0.29803923 0.42745098 0.5294118 0.34117648 0.29411766 0.36862746 0.62352943 0.64705884
0.7294118 0.68235296 0.7372549 0.6901961 0.70980394 0.6901961 0.72156864 0.7490196 0.67058825 0.6392157 0.7294118 0.5921569 0.26666668 0.23921569 0.21568628 0.22745098 0.20392157 0.21960784 0.23921569 0.29411766 0.3019608 0.40392157 0.5568628 0.69411767 0.48235294 0.25882354 0.40784314 0.38431373 0.30980393 0.36862746 0.63529414 0.6901961
0.7490196 0.7019608 0.7176471 0.7254902 0.7254902 0.7058824 0.7254902 0.70980394 0.64705884 0.7137255 0.7019608 0.7019608 0.3882353 0.22352941 0.19607843 0.19215687 0.25882354 0.29411766 0.3254902 0.4509804 0.5411765 0.5764706 0.68235296 0.7019608 0.6039216 0.3372549 0.41960785 0.4 0.31764707 0.35686275 0.6156863 0.68235296
0.73333335 0.7137255 0.69411767 0.65882355 0.69803923 0.6862745 0.7058824 0.63529414 0.6901961 0.72156864 0.6862745 0.6745098 0.47058824 0.24313726 0.20784314 0.1764706 0.21568628 0.23137255 0.3882353 0.56078434 0.54509807 0.43137255 0.5058824 0.5921569 0.61960787 0.47058824 0.3529412 0.32941177 0.3019608 0.36078432 0.6039216 0.64705884
0.69411767 0.7058824 0.69411767 0.6392157 0.6862745 0.6627451 0.64705884 0.6039216 0.7137255 0.7137255 0.6509804 0.627451 0.48235294 0.24313726 0.1882353 0.1764706 0.21568628 0.22352941 0.2509804 0.36862746 0.3647059 0.3137255 0.36078432 0.44313726 0.5137255 0.5019608 0.3882353 0.31764707 0.2901961 0.3529412 0.54509807 0.5803922
0.6784314 0.68235296 0.6862745 0.6509804 0.65882355 0.65882355 0.5568628 0.6156863 0.7058824 0.69803923 0.627451 0.6392157 0.5686275 0.29803923 0.16862746 0.19215687 0.24705882 0.26666668 0.25490198 0.28627452 0.32156864 0.3529412 0.42745098 0.45882353 0.44313726 0.42745098 0.38431373 0.35686275 0.38431373 0.42745098 0.5058824 0.5019608
0.6392157 0.6431373 0.654902 0.67058825 0.6666667 0.6 0.5019608 0.64705884 0.6901961 0.6901961 0.61960787 0.5921569 0.5686275 0.40392157 0.21176471 0.19607843 0.23529412 0.2627451 0.28627452 0.34117648 0.39215687 0.4392157 0.49019608 0.49411765 0.44705883 0.41568628 0.41568628 0.3882353 0.44705883 0.47843137 0.47058824 0.4627451
0.58431375 0.627451 0.6509804 0.64705884 0.6509804 0.5921569 0.5372549 0.6666667 0.654902 0.68235296 0.61960787 0.58431375 0.56078434 0.43529412 0.23137255 0.19607843 0.21568628 0.23529412 0.27450982 0.32941177 0.40784314 0.45882353 0.50980395 0.5058824 0.45490196 0.42745098 0.4392157 0.4117647 0.38039216 0.4392157 0.4509804 0.44705883
0.54509807 0.6117647 0.63529414 0.6156863 0.60784316 0.5882353 0.5686275 0.6431373 0.61960787 0.60784316 0.5647059 0.56078434 0.5294118 0.44705883 0.3137255 0.18431373 0.18039216 0.2 0.23529412 0.3019608 0.41568628 0.47058824 0.49411765 0.4745098 0.47058824 0.48235294 0.48235294 0.4745098 0.42352942 0.40784314 0.4 0.4
0.53333336 0.5921569 0.6117647 0.6156863 0.6156863 0.54901963 0.5529412 0.6039216 0.54901963 0.49019608 0.5137255 0.5254902 0.53333336 0.5058824 0.32941177 0.20784314 0.2 0.16470589 0.20392157 0.3137255 0.41568628 0.45882353 0.48235294 0.47843137 0.48235294 0.48235294 0.48235294 0.4862745 0.49803922 0.48235294 0.4392157 0.40392157
0.49019608 0.5568628 0.57254905 0.59607846 0.56078434 0.5294118 0.53333336 0.59607846 0.47058824 0.47058824 0.49411765 0.5058824 0.52156866 0.5176471 0.41568628 0.25882354 0.19607843 0.2 0.24705882 0.3647059 0.41960785 0.45490196 0.49803922 0.49019608 0.47843137 0.48235294 0.47058824 0.44313726 0.42352942 0.4509804 0.42745098 0.40392157
0.4392157 0.48235294 0.5176471 0.5568628 0.5411765 0.54901963 0.5019608 0.56078434 0.45490196 0.45490196 0.44313726 0.44705883 0.4509804 0.4509804 0.5058824 0.3764706 0.22745098 0.2509804 0.2901961 0.34901962 0.40392157 0.45882353 0.45882353 0.45490196 0.4509804 0.4509804 0.4509804 0.38039216 0.34509805 0.4 0.38431373 0.38431373
0.39215687 0.4117647 0.44705883 0.48235294 0.5058824 0.49019608 0.45490196 0.4745098 0.4862745 0.4392157 0.36862746 0.3529412 0.37254903 0.3882353 0.40784314 0.39215687 0.30980393 0.24705882 0.21960784 0.3019608 0.36078432 0.43529412 0.43529412 0.42745098 0.42352942 0.4117647 0.40784314 0.37254903 0.34901962 0.3529412 0.37254903 0.36862746
0.41960785 0.4 0.38431373 0.40392157 0.42745098 0.40392157 0.39215687 0.40392157 0.41960785 0.36862746 0.33333334 0.34901962 0.3764706 0.39215687 0.38431373 0.30980393 0.28627452 0.23921569 0.18431373 0.2509804 0.30588236 0.4117647 0.44705883 0.44313726 0.41568628 0.3882353 0.36078432 0.35686275 0.34117648 0.3372549 0.3372549 0.3254902
0.38431373 0.34901962 0.3647059 0.42352942 0.37254903 0.38431373 0.44313726 0.44705883 0.39607844 0.3529412 0.34509805 0.3137255 0.36862746 0.40784314 0.38039216 0.3882353 0.4 0.36862746 0.38431373 0.3019608 0.27058825 0.38431373 0.39215687 0.39607844 0.36078432 0.35686275 0.32941177 0.33333334 0.3137255 0.30588236 0.3019608 0.3019608
0.39607844 0.3019608 0.31764707 0.4509804 0.40784314 0.40784314 0.45490196 0.44313726 0.44313726 0.3764706 0.3137255 0.3372549 0.35686275 0.34901962 0.3529412 0.4117647 0.44705883 0.5019608 0.5019608 0.40392157 0.21568628 0.2784314 0.34117648 0.3137255 0.27450982 0.2901961 0.27450982 0.28235295 0.3137255 0.28235295 0.26666668 0.25882354
0.42745098 0.33333334 0.28627452 0.38039216 0.39215687 0.3882353 0.4392157 0.41960785 0.36862746 0.34509805 0.32941177 0.34509805 0.34117648 0.33333334 0.3372549 0.3529412 0.35686275 0.42352942 0.4392157 0.41568628 0.30588236 0.25490198 0.29803923 0.25490198 0.2901961 0.33333334 0.29411766 0.2627451 0.28627452 0.24313726 0.25490198 0.2627451
0.40392157 0.3764706 0.3372549 0.37254903 0.42352942 0.4 0.41568628 0.42352942 0.36078432 0.34117648 0.37254903 0.3647059 0.3372549 0.3647059 0.35686275 0.38039216 0.3764706 0.40392157 0.3882353 0.3882353 0.4 0.29411766 0.28235295 0.2627451 0.33333334 0.39607844 0.3647059 0.34117648 0.29411766 0.23137255 0.24705882 0.2784314
0.42745098 0.43529412 0.42745098 0.40784314 0.41568628 0.40784314 0.4117647 0.41960785 0.3647059 0.3647059 0.37254903 0.3647059 0.3254902 0.38431373 0.39215687 0.40392157 0.44313726 0.44313726 0.40784314 0.38039216 0.35686275 0.3019608 0.28627452 0.3137255 0.36078432 0.3372549 0.3647059 0.3529412 0.3529412 0.32156864 0.3254902 0.3372549
0.41568628 0.42352942 0.40392157 0.39215687 0.37254903 0.39607844 0.41568628 0.44313726 0.46666667 0.4627451 0.42745098 0.41960785 0.3529412 0.42352942 0.38431373 0.40784314 0.4745098 0.46666667 0.43529412 0.41568628 0.3647059 0.30980393 0.2901961 0.35686275 0.39607844 0.3254902 0.3529412 0.32941177 0.3137255 0.31764707 0.37254903 0.34117648
0.38039216 0.37254903 0.3882353 0.35686275 0.3529412 0.40392157 0.40392157 0.40784314 0.4627451 0.45490196 0.40392157 0.41960785 0.39215687 0.38039216 0.37254903 0.43137255 0.49803922 0.4509804 0.43529412 0.43137255 0.41960785 0.3372549 0.30980393 0.3019608 0.33333334 0.36862746 0.3647059 0.32156864 0.29803923 0.3019608 0.3137255 0.32941177
0.3372549 0.37254903 0.42745098 0.38431373 0.3529412 0.38431373 0.3764706 0.39215687 0.41568628 0.44313726 0.42745098 0.3882353 0.37254903 0.3647059 0.3647059 0.41568628 0.4627451 0.43137255 0.43529412 0.40784314 0.39215687 0.3764706 0.3137255 0.3019608 0.35686275 0.37254903 0.3372549 0.32156864 0.29803923 0.3137255 0.30588236 0.33333334
0.65882355 0.7019608 0.6901961 0.5882353 0.60784316 0.5921569 0.5647059 0.7019608 0.7137255 0.7058824 0.58431375 0.5372549 0.6117647 0.5803922 0.6156863 0.6901961 0.6431373 0.49803922 0.5529412 0.6156863 0.69411767 0.7254902 0.7294118 0.72156864 0.7254902 0.7294118 0.7137255 0.45490196 0.28235295 0.3254902 0.6117647 0.7176471
0.6901961 0.7411765 0.7372549 0.6 0.59607846 0.6784314 0.68235296 0.72156864 0.7176471 0.7254902 0.6666667 0.5647059 0.64705884 0.6392157 0.5411765 0.6117647 0.58431375 0.48235294 0.53333336 0.6745098 0.7137255 0.7294118 0.73333335 0.7176471 0.7176471 0.72156864 0.7058824 0.4509804 0.29803923 0.3529412 0.6392157 0.72156864
0.73333335 0.7411765 0.7372549 0.72156864 0.72156864 0.72156864 0.72156864 0.7254902 0.7254902 0.7254902 0.7137255 0.67058825 0.6666667 0.6156863 0.5137255 0.52156866 0.49411765 0.5411765 0.61960787 0.70980394 0.70980394 0.7254902 0.7411765 0.7294118 0.7254902 0.73333335 0.7176471 0.4627451 0.3137255 0.3647059 0.6666667 0.7294118
0.7411765 0.7372549 0.7372549 0.7176471 0.72156864 0.7176471 0.7176471 0.7176471 0.7176471 0.7176471 0.7137255 0.69803923 0.654902 0.62352943 0.54509807 0.49411765 0.41568628 0.5686275 0.6745098 0.6627451 0.64705884 0.7058824 0.7294118 0.69803923 0.6862745 0.7254902 0.69803923 0.4509804 0.30980393 0.37254903 0.67058825 0.73333335
0.7372549 0.7294118 0.7411765 0.7254902 0.7294118 0.7294118 0.7294118 0.7294118 0.7254902 0.72156864 0.7176471 0.7019608 0.6392157 0.627451 0.6039216 0.5411765 0.4392157 0.60784316 0.65882355 0.6313726 0.654902 0.7019608 0.7058824 0.58431375 0.654902 0.69803923 0.6745098 0.43529412 0.32156864 0.3764706 0.65882355 0.7176471
0.7529412 0.7411765 0.7411765 0.73333335 0.7372549 0.72156864 0.7294118 0.7411765 0.73333335 0.7294118 0.72156864 0.6862745 0.64705884 0.654902 0.6666667 0.4745098 0.39607844 0.64705884 0.6901961 0.6392157 0.627451 0.63529414 0.6039216 0.5254902 0.6627451 0.6666667 0.6901961 0.42352942 0.32156864 0.38039216 0.6509804 0.7137255
0.7490196 0.7411765 0.7372549 0.7176471 0.7176471 0.6862745 0.7058824 0.7254902 0.7176471 0.7058824 0.69803923 0.6627451 0.60784316 0.58431375 0.5568628 0.40392157 0.32156864 0.6392157 0.6627451 0.53333336 0.58431375 0.60784316 0.45490196 0.50980395 0.5803922 0.67058825 0.68235296 0.42352942 0.32156864 0.3882353 0.6666667 0.7019608
0.7372549 0.7294118 0.72156864 0.7058824 0.7058824 0.67058825 0.7058824 0.7254902 0.7137255 0.7019608 0.7019608 0.67058825 0.5764706 0.6156863 0.5254902 0.39215687 0.25490198 0.5686275 0.6627451 0.45490196 0.4862745 0.49019608 0.29411766 0.4509804 0.49411765 0.6156863 0.5372549 0.38039216 0.32156864 0.3882353 0.64705884 0.6862745
0.7294118 0.72156864 0.7137255 0.7058824 0.7058824 0.654902 0.7019608 0.7137255 0.7058824 0.7137255 0.6901961 0.5176471 0.56078434 0.6392157 0.54509807 0.47058824 0.23921569 0.47843137 0.69411767 0.39215687 0.3019608 0.3137255 0.4 0.31764707 0.34117648 0.44705883 0.48235294 0.3764706 0.34509805 0.39215687 0.6392157 0.6862745
0.70980394 0.69803923 0.7058824 0.6901961 0.69803923 0.63529414 0.6784314 0.69411767 0.69803923 0.67058825 0.54901963 0.3019608 0.3019608 0.35686275 0.4 0.40784314 0.21960784 0.3764706 0.4627451 0.2901961 0.28627452 0.4 0.42745098 0.27450982 0.3019608 0.5058824 0.60784316 0.39215687 0.32941177 0.36862746 0.61960787 0.654902
0.7058824 0.68235296 0.69803923 0.65882355 0.6862745 0.6431373 0.6784314 0.70980394 0.69803923 0.5529412 0.59607846 0.35686275 0.22352941 0.25882354 0.21176471 0.20784314 0.16862746 0.21568628 0.30980393 0.33333334 0.28235295 0.30980393 0.26666668 0.34901962 0.28235295 0.40392157 0.5019608 0.32941177 0.29803923 0.37254903 0.6039216 0.60784316
0.69803923 0.6431373 0.6901961 0.64705884 0.6627451 0.6431373 0.6745098 0.7058824 0.627451 0.59607846 0.69411767 0.57254905 0.24313726 0.21568628 0.19215687 0.2 0.1882353 0.21960784 0.23529412 0.25882354 0.2627451 0.3647059 0.52156866 0.65882355 0.45490196 0.24313726 0.39607844 0.37254903 0.30588236 0.36078432 0.6039216 0.63529414
0.70980394 0.654902 0.6666667 0.67058825 0.67058825 0.654902 0.6745098 0.65882355 0.59607846 0.6627451 0.654902 0.6666667 0.3529412 0.19215687 0.1764706 0.18039216 0.2509804 0.28235295 0.3019608 0.4 0.4862745 0.5254902 0.6313726 0.6509804 0.5686275 0.32156864 0.4117647 0.39215687 0.30980393 0.32941177 0.5647059 0.6156863
0.6862745 0.6627451 0.63529414 0.59607846 0.6392157 0.62352943 0.64705884 0.5764706 0.6313726 0.6627451 0.627451 0.62352943 0.42352942 0.20784314 0.19607843 0.18039216 0.20784314 0.21176471 0.35686275 0.5176471 0.5019608 0.3882353 0.4627451 0.5529412 0.5803922 0.43137255 0.3254902 0.3254902 0.2901961 0.31764707 0.53333336 0.5686275
0.64705884 0.64705884 0.6313726 0.57254905 0.61960787 0.6 0.5882353 0.5411765 0.6509804 0.6509804 0.5882353 0.5647059 0.42745098 0.21176471 0.18431373 0.18431373 0.21176471 0.20784314 0.22745098 0.34509805 0.34117648 0.2901961 0.3372549 0.41960785 0.48235294 0.45882353 0.3529412 0.30980393 0.27450982 0.30980393 0.4745098 0.49803922
0.627451 0.62352943 0.6156863 0.5764706 0.59607846 0.6039216 0.5058824 0.56078434 0.64705884 0.6392157 0.5647059 0.5686275 0.5019608 0.27058825 0.18039216 0.19215687 0.2509804 0.27058825 0.25490198 0.27058825 0.30588236 0.3372549 0.41568628 0.44313726 0.42745098 0.40784314 0.3647059 0.3372549 0.3647059 0.40392157 0.46666667 0.4392157
0.58431375 0.5803922 0.5803922 0.5882353 0.5921569 0.5372549 0.44313726 0.58431375 0.62352943 0.627451 0.5529412 0.5137255 0.4862745 0.3529412 0.20392157 0.19607843 0.23921569 0.27058825 0.2901961 0.3372549 0.38431373 0.43529412 0.48235294 0.48235294 0.43529412 0.40392157 0.4 0.37254903 0.43137255 0.4627451 0.4509804 0.42745098
0.52156866 0.5529412 0.5686275 0.5568628 0.5686275 0.52156866 0.47058824 0.59607846 0.5803922 0.60784316 0.54509807 0.49803922 0.4627451 0.36078432 0.19607843 0.1882353 0.21568628 0.23921569 0.2784314 0.32941177 0.40784314 0.45882353 0.5058824 0.49803922 0.44705883 0.41960785 0.42745098 0.4 0.36862746 0.42745098 0.44313726 0.43529412
0.4745098 0.5294118 0.54901963 0.52156866 0.52156866 0.5137255 0.49803922 0.56078434 0.53333336 0.52156866 0.48235294 0.4745098 0.42745098 0.35686275 0.25490198 0.1764706 0.1764706 0.2 0.23921569 0.30588236 0.41960785 0.47843137 0.49803922 0.4745098 0.47058824 0.47843137 0.47843137 0.4745098 0.42745098 0.4117647 0.4 0.39215687
0.45490196 0.5019608 0.5176471 0.5254902 0.53333336 0.47843137 0.4862745 0.52156866 0.45882353 0.40392157 0.42745098 0.44313726 0.43137255 0.40392157 0.2627451 0.2 0.19607843 0.16470589 0.20784314 0.3254902 0.42745098 0.47058824 0.4862745 0.47843137 0.48235294 0.4862745 0.48235294 0.4862745 0.5019608 0.49019608 0.4392157 0.38431373
0.42352942 0.4627451 0.46666667 0.50980395 0.4862745 0.45490196 0.45882353 0.5137255 0.3764706 0.3764706 0.40784314 0.42745098 0.43137255 0.42745098 0.34509805 0.22352941 0.1764706 0.1882353 0.23921569 0.35686275 0.43137255 0.45882353 0.48235294 0.47843137 0.47058824 0.4862745 0.47058824 0.43529412 0.41960785 0.4509804 0.41960785 0.38039216
0.3764706 0.39607844 0.41960785 0.48235294 0.47058824 0.47843137 0.42745098 0.47843137 0.35686275 0.36078432 0.35686275 0.36862746 0.36862746 0.36862746 0.41960785 0.2784314 0.14901961 0.19607843 0.25490198 0.3372549 0.41568628 0.45882353 0.4392157 0.43137255 0.43529412 0.44705883 0.45490196 0.38039216 0.33333334 0.3764706 0.35686275 0.3529412
0.3372549 0.34509805 0.37254903 0.41568628 0.44313726 0.42745098 0.39215687 0.39607844 0.4 0.35686275 0.2901961 0.27058825 0.28627452 0.30588236 0.31764707 0.28627452 0.22745098 0.19607843 0.1882353 0.28627452 0.36862746 0.4392157 0.40784314 0.3882353 0.39607844 0.39215687 0.4 0.3764706 0.32941177 0.30588236 0.31764707 0.32941177
0.3764706 0.3529412 0.33333334 0.34117648 0.3647059 0.34509805 0.32941177 0.3372549 0.34509805 0.29411766 0.2627451 0.2627451 0.28627452 0.3019608 0.29803923 0.24705882 0.23529412 0.20392157 0.15294118 0.21960784 0.29411766 0.39215687 0.40392157 0.3882353 0.36862746 0.3529412 0.3372549 0.3372549 0.3019608 0.2784314 0.27450982 0.2784314
0.34509805 0.3137255 0.3254902 0.3647059 0.3137255 0.3254902 0.38431373 0.38431373 0.3254902 0.28235295 0.2784314 0.22745098 0.27450982 0.31764707 0.29803923 0.31764707 0.3137255 0.27058825 0.28627452 0.23921569 0.23137255 0.33333334 0.3254902 0.32941177 0.3019608 0.30980393 0.28235295 0.28235295 0.25882354 0.2509804 0.24705882 0.2509804
0.34901962 0.2627451 0.28235295 0.38431373 0.3254902 0.32156864 0.3647059 0.35686275 0.35686275 0.3019608 0.24313726 0.22745098 0.24705882 0.25882354 0.27058825 0.30980393 0.32941177 0.37254903 0.3647059 0.30588236 0.16862746 0.21960784 0.2509804 0.24705882 0.23921569 0.2509804 0.22352941 0.23921569 0.26666668 0.21568628 0.19607843 0.2
0.3647059 0.28627452 0.23921569 0.29803923 0.29411766 0.28627452 0.32941177 0.30980393 0.27058825 0.25882354 0.24313726 0.21568628 0.21568628 0.23137255 0.25490198 0.25490198 0.24705882 0.30980393 0.31764707 0.30980393 0.2509804 0.19215687 0.20392157 0.2 0.25882354 0.28235295 0.22352941 0.20392157 0.23137255 0.16862746 0.1764706 0.19215687
0.32156864 0.30588236 0.27058825 0.28235295 0.32156864 0.29411766 0.3019608 0.30588236 0.2509804 0.24705882 0.2784314 0.23137255 0.2 0.24313726 0.25490198 0.2901961 0.28235295 0.30588236 0.27450982 0.27450982 0.32156864 0.21568628 0.19215687 0.20784314 0.27450982 0.3137255 0.2627451 0.23921569 0.21176471 0.16862746 0.18039216 0.19215687
0.32156864 0.34117648 0.3372549 0.30980393 0.30980393 0.29411766 0.2901961 0.29411766 0.2509804 0.26666668 0.27450982 0.23137255 0.18039216 0.2509804 0.27450982 0.30588236 0.34509805 0.33333334 0.2901961 0.25882354 0.24705882 0.19607843 0.18431373 0.22745098 0.2627451 0.23921569 0.25882354 0.23137255 0.25490198 0.2627451 0.25882354 0.23137255
0.28235295 0.30980393 0.29803923 0.2901961 0.2627451 0.2784314 0.29411766 0.31764707 0.3529412 0.36862746 0.3372549 0.29803923 0.21568628 0.28235295 0.2509804 0.2901961 0.3529412 0.33333334 0.29803923 0.28235295 0.23529412 0.1882353 0.17254902 0.22745098 0.2627451 0.22745098 0.27058825 0.21176471 0.21176471 0.24313726 0.2901961 0.21568628
0.25490198 0.2509804 0.26666668 0.23529412 0.22352941 0.27058825 0.27450982 0.2784314 0.32941177 0.3372549 0.29411766 0.28627452 0.25490198 0.21960784 0.22352941 0.2784314 0.3529412 0.3019608 0.2901961 0.28235295 0.27450982 0.2 0.18431373 0.17254902 0.20784314 0.26666668 0.27450982 0.21568628 0.19607843 0.20784314 0.20784314 0.20392157
0.22352941 0.24705882 0.29411766 0.24313726 0.20784314 0.23529412 0.23921569 0.25490198 0.2627451 0.2901961 0.28627452 0.23529412 0.23529412 0.1764706 0.2 0.23921569 0.29803923 0.28235295 0.28235295 0.24705882 0.23921569 0.23137255 0.18039216 0.19607843 0.2509804 0.25882354 0.21960784 0.21176471 0.19215687 0.20392157 0.1882353 0.21176471
17 0 2
28 31 2
31 10 1
31 1 0
13 0 1
10 0 0
0 27 0
31 23 1
31 15 2
24 0 0
0 27 2
5 31 2
0 21 1
31 26 2
31 29 0
24 0 1
4 31 1
22 0 1
0 0 0
31 4 1
31 31 2
19 0 2
26 31 1
5 31 1
6 0 2
31 19 2
31 3 2
31 6 1
0 12 0
15 31 2
