32, 32, 3, 30
0.99607843 1.0 1.0 1.0 1.0 0.99607843 0.99607843 1.0 1.0 1.0 1.0 1.0 0.99607843 0.99607843 0.9843137 0.9882353 0.85490197 0.74509805 0.9411765 1.0 1.0 1.0 1.0 1.0 1.0 1.0 1.0 1.0 1.0 1.0 1.0 1.0
0.9843137 0.9882353 0.99215686 0.9882353 0.9882353 0.9843137 0.9843137 0.99215686 0.99607843 0.9411765 0.9019608 0.9098039 0.90588236 0.9647059 0.99215686 0.96862745 0.68235296 0.4745098 0.83137256 0.89411765 0.9647059 1.0 1.0 0.99607843 0.99215686 0.99607843 0.99215686 0.9882353 0.99215686 0.99215686 0.99215686 0.99215686
0.9843137 0.99215686 0.99215686 0.99215686 0.99215686 0.99215686 0.99215686 0.99607843 1.0 0.8901961 0.74509805 0.7019608 0.80784315 0.89411765 0.8745098 0.7921569 0.5529412 0.39215687 0.81960785 0.8666667 0.89411765 0.96862745 0.9647059 0.9843137 1.0 1.0 0.99607843 1.0 0.9607843 0.9254902 0.9882353 0.99607843
0.9882353 0.99215686 0.99215686 1.0 0.9843137 0.98039216 0.99215686 0.9764706 0.92941177 0.84313726 0.73333335 0.72156864 0.7607843 0.7254902 0.64705884 0.5764706 0.49803922 0.41568628 0.79607844 0.9137255 0.81960785 0.79607844 0.81960785 0.89411765 0.9490196 0.972549 0.95686275 0.87058824 0.7137255 0.84313726 0.99215686 0.99607843
0.99215686 0.99215686 0.95686275 0.88235295 0.7921569 0.8352941 0.8862745 0.8 0.7647059 0.6666667 0.63529414 0.72156864 0.7176471 0.6666667 0.61960787 0.5921569 0.5803922 0.59607846 0.7647059 0.7764706 0.70980394 0.6862745 0.73333335 0.80784315 0.8392157 0.8980392 0.85490197 0.59607846 0.64705884 0.94509804 1.0 0.99607843
0.99215686 0.9882353 0.8784314 0.72156864 0.7529412 0.76862746 0.7019608 0.6784314 0.6784314 0.54901963 0.5882353 0.6901961 0.627451 0.5647059 0.5411765 0.54509807 0.6313726 0.69803923 0.6901961 0.6901961 0.6901961 0.6313726 0.6666667 0.78431374 0.7882353 0.85490197 0.85882354 0.76862746 0.91764706 1.0 1.0 1.0
0.9647059 0.92941177 0.7529412 0.6862745 0.7058824 0.6627451 0.6156863 0.61960787 0.60784316 0.5568628 0.59607846 0.6039216 0.52156866 0.5176471 0.54509807 0.49019608 0.61960787 0.6745098 0.69411767 0.7137255 0.6901961 0.64705884 0.68235296 0.75686276 0.7490196 0.8 0.9019608 0.972549 1.0 1.0 1.0 1.0
0.8039216 0.7647059 0.6313726 0.63529414 0.61960787 0.62352943 0.5882353 0.5568628 0.54509807 0.5568628 0.53333336 0.5058824 0.5137255 0.63529414 0.69411767 0.5137255 0.5803922 0.7019608 0.7490196 0.69803923 0.6745098 0.6784314 0.7019608 0.7294118 0.7176471 0.7607843 0.8784314 0.9372549 0.9764706 1.0 1.0 1.0
0.72156864 0.627451 0.5803922 0.60784316 0.6117647 0.6156863 0.5372549 0.5254902 0.49411765 0.5019608 0.44313726 0.39607844 0.40392157 0.5529412 0.5921569 0.31764707 0.38431373 0.6666667 0.73333335 0.6627451 0.654902 0.6784314 0.6784314 0.69803923 0.69803923 0.7529412 0.8627451 0.9372549 0.9764706 1.0 1.0 1.0
0.6509804 0.5568628 0.54901963 0.54509807 0.56078434 0.5294118 0.49803922 0.5294118 0.4745098 0.45490196 0.44313726 0.3764706 0.33333334 0.43137255 0.34509805 0.32156864 0.38039216 0.5019608 0.6 0.67058825 0.6901961 0.7058824 0.6784314 0.6901961 0.6901961 0.7254902 0.84705883 0.93333334 0.98039216 1.0 1.0 1.0
0.5568628 0.47843137 0.49019608 0.5176471 0.5254902 0.49803922 0.5019608 0.49411765 0.42745098 0.41568628 0.43529412 0.4117647 0.31764707 0.5137255 0.54901963 0.4 0.3647059 0.29803923 0.27450982 0.40392157 0.6313726 0.7058824 0.6666667 0.69411767 0.6901961 0.7058824 0.8235294 0.92156863 0.972549 0.99607843 1.0 1.0
0.50980395 0.41568628 0.46666667 0.5568628 0.5176471 0.47058824 0.4862745 0.4745098 0.43137255 0.43529412 0.41568628 0.3647059 0.2627451 0.3529412 0.4509804 0.4117647 0.34509805 0.24313726 0.19607843 0.26666668 0.5294118 0.6627451 0.64705884 0.69803923 0.7137255 0.73333335 0.84705883 0.92941177 0.972549 0.99215686 1.0 1.0
0.48235294 0.43137255 0.5137255 0.49411765 0.43137255 0.43529412 0.47843137 0.4392157 0.4117647 0.42745098 0.39215687 0.32941177 0.3019608 0.41568628 0.4 0.43529412 0.36078432 0.30588236 0.29411766 0.31764707 0.5019608 0.64705884 0.6745098 0.72156864 0.77254903 0.7921569 0.8509804 0.9254902 0.972549 0.9843137 0.99215686 0.99607843
0.48235294 0.5019608 0.4862745 0.3764706 0.37254903 0.41568628 0.4627451 0.44313726 0.42352942 0.40784314 0.3647059 0.34509805 0.3137255 0.4509804 0.5137255 0.45490196 0.3764706 0.34509805 0.35686275 0.41960785 0.52156866 0.63529414 0.6901961 0.73333335 0.8156863 0.85490197 0.8666667 0.92156863 0.9764706 0.9882353 0.99215686 0.99607843
0.45882353 0.4745098 0.40392157 0.34901962 0.39215687 0.42352942 0.4392157 0.44705883 0.44705883 0.40784314 0.36862746 0.34901962 0.3254902 0.39215687 0.4627451 0.4392157 0.41568628 0.40392157 0.40392157 0.46666667 0.56078434 0.6431373 0.7058824 0.75686276 0.85882354 0.9019608 0.8901961 0.92941177 0.9764706 0.99607843 0.99607843 1.0
0.41568628 0.44313726 0.38431373 0.33333334 0.4117647 0.44313726 0.44705883 0.44705883 0.4392157 0.41568628 0.39215687 0.38431373 0.34509805 0.34509805 0.38431373 0.35686275 0.45490196 0.4392157 0.41960785 0.4862745 0.6 0.6745098 0.7294118 0.76862746 0.87058824 0.9254902 0.91764706 0.9372549 0.9764706 0.99215686 1.0 1.0
0.42352942 0.43529412 0.38431373 0.3254902 0.4 0.42352942 0.4509804 0.47058824 0.44705883 0.40784314 0.40392157 0.4117647 0.3882353 0.4745098 0.5019608 0.41960785 0.5647059 0.4509804 0.3882353 0.4862745 0.5803922 0.64705884 0.73333335 0.7921569 0.8862745 0.94509804 0.93333334 0.94509804 0.9764706 0.99607843 1.0 1.0
0.40392157 0.3647059 0.3529412 0.34901962 0.4117647 0.40392157 0.45490196 0.46666667 0.4627451 0.42352942 0.41568628 0.41568628 0.45882353 0.6901961 0.8901961 0.6431373 0.54901963 0.5294118 0.43137255 0.45882353 0.5529412 0.6156863 0.7058824 0.7921569 0.88235295 0.95686275 0.9607843 0.9647059 0.9843137 1.0 0.99607843 0.99607843
0.37254903 0.34117648 0.35686275 0.38039216 0.42745098 0.41960785 0.49411765 0.49411765 0.47843137 0.44313726 0.44705883 0.44705883 0.52156866 0.74509805 0.9843137 0.85882354 0.5647059 0.5568628 0.43529412 0.4509804 0.5568628 0.6313726 0.69803923 0.8 0.89411765 0.96862745 0.972549 0.972549 0.9843137 0.99215686 0.99215686 0.9882353
0.38431373 0.34509805 0.36078432 0.41568628 0.42745098 0.4117647 0.49019608 0.5254902 0.5058824 0.47058824 0.47058824 0.46666667 0.5647059 0.75686276 0.91764706 0.9490196 0.6745098 0.4117647 0.33333334 0.38431373 0.49803922 0.57254905 0.65882355 0.7882353 0.8980392 0.9764706 0.9843137 0.9764706 0.9843137 0.9882353 0.9882353 0.9843137
0.3764706 0.33333334 0.36078432 0.40392157 0.44313726 0.42352942 0.49411765 0.5411765 0.5294118 0.5019608 0.4862745 0.4862745 0.5882353 0.7529412 0.9019608 0.9411765 0.7921569 0.3529412 0.25490198 0.34509805 0.42352942 0.4862745 0.6 0.7607843 0.88235295 0.972549 1.0 0.9843137 0.9882353 0.99607843 0.99215686 0.9882353
0.3764706 0.3529412 0.3647059 0.39215687 0.45490196 0.4862745 0.57254905 0.6039216 0.58431375 0.5568628 0.5254902 0.53333336 0.6627451 0.78431374 0.91764706 0.93333334 0.7294118 0.48235294 0.35686275 0.38039216 0.38039216 0.40392157 0.49019608 0.67058825 0.8352941 0.9411765 1.0 0.99215686 0.9882353 0.99607843 0.99607843 0.99215686
0.39607844 0.39215687 0.38431373 0.41568628 0.49019608 0.5372549 0.6431373 0.654902 0.6509804 0.6431373 0.5686275 0.5882353 0.7372549 0.84313726 0.9490196 0.9098039 0.78431374 0.8235294 0.49019608 0.3882353 0.22745098 0.19215687 0.35686275 0.5764706 0.7882353 0.8862745 0.9843137 0.99215686 0.98039216 0.9843137 0.99607843 0.98039216
0.42352942 0.43137255 0.44313726 0.47058824 0.5529412 0.59607846 0.6784314 0.6862745 0.6862745 0.69803923 0.6431373 0.627451 0.7529412 0.8745098 0.9529412 0.92941177 0.87058824 0.92156863 0.53333336 0.3529412 0.2509804 0.18039216 0.32941177 0.6 0.7529412 0.88235295 0.9882353 0.98039216 0.972549 0.9764706 0.98039216 0.92941177
0.44705883 0.47058824 0.4862745 0.5372549 0.61960787 0.6509804 0.7019608 0.7372549 0.74509805 0.75686276 0.73333335 0.72156864 0.8039216 0.83137256 0.7490196 0.7137255 0.76862746 0.93333334 0.5529412 0.3137255 0.2901961 0.2627451 0.3647059 0.5568628 0.8039216 0.9647059 1.0 0.9843137 0.9647059 0.972549 0.96862745 0.9254902
0.4392157 0.48235294 0.5254902 0.5803922 0.6627451 0.7058824 0.7490196 0.78039217 0.7882353 0.8156863 0.8117647 0.78039217 0.827451 0.8235294 0.7294118 0.827451 0.9098039 0.99215686 0.7921569 0.5372549 0.49803922 0.56078434 0.6901961 0.7764706 0.92156863 0.99215686 0.99607843 0.99215686 0.98039216 0.9764706 0.9882353 0.99607843
0.4509804 0.4627451 0.50980395 0.6117647 0.7137255 0.7607843 0.80784315 0.83137256 0.8117647 0.8352941 0.8352941 0.8156863 0.8352941 0.8745098 0.9254902 1.0 0.99607843 0.9764706 0.9764706 0.9490196 0.9490196 0.9764706 0.99607843 0.99607843 1.0 0.99607843 0.99607843 0.99607843 0.99607843 1.0 1.0 0.9843137
0.5254902 0.5568628 0.56078434 0.627451 0.7490196 0.79607844 0.8352941 0.8666667 0.8509804 0.87058824 0.84705883 0.8392157 0.8745098 0.9490196 0.99607843 0.99607843 0.972549 0.9411765 0.9647059 0.9843137 0.99215686 0.99607843 0.99215686 0.99215686 0.99607843 1.0 0.99215686 0.99215686 0.99215686 0.9764706 0.93333334 0.9098039
0.5568628 0.61960787 0.6745098 0.67058825 0.7372549 0.7921569 0.8392157 0.8627451 0.8666667 0.8862745 0.8901961 0.91764706 0.9490196 0.9764706 0.9764706 0.972549 0.9529412 0.9137255 0.8980392 0.9137255 0.96862745 0.9843137 0.9882353 0.9843137 0.99215686 0.99607843 0.99215686 0.9882353 0.98039216 0.9411765 0.92156863 0.972549
0.57254905 0.62352943 0.68235296 0.70980394 0.7647059 0.827451 0.88235295 0.9019608 0.8980392 0.92156863 0.94509804 0.96862745 0.9529412 0.9647059 0.9764706 0.972549 0.9843137 0.98039216 0.88235295 0.827451 0.9411765 0.99215686 0.9882353 0.9843137 0.9882353 0.9843137 0.9882353 1.0 0.99607843 0.9764706 0.9843137 0.99607843
0.58431375 0.627451 0.6784314 0.7176471 0.7921569 0.85490197 0.9137255 0.9411765 0.92941177 0.94509804 0.95686275 0.96862745 0.95686275 0.98039216 0.9843137 0.9843137 0.99607843 0.99607843 0.972549 0.94509804 0.972549 0.9843137 0.9882353 1.0 0.99607843 0.98039216 0.9843137 0.9843137 0.99215686 0.98039216 0.95686275 0.8901961
0.5882353 0.63529414 0.67058825 0.7058824 0.80784315 0.85490197 0.8784314 0.9019608 0.8745098 0.8980392 0.9019608 0.91764706 0.91764706 0.92941177 0.8980392 0.89411765 0.8901961 0.8901961 0.8745098 0.9137255 0.9098039 0.91764706 0.92156863 0.9137255 0.9490196 1.0 1.0 0.9882353 0.9882353 0.99215686 0.9529412 0.8039216
1.0 1.0 1.0 1.0 1.0 1.0 1.0 1.0 1.0 1.0 1.0 0.99215686 0.98039216 0.99607843 1.0 1.0 0.88235295 0.7176471 0.8784314 0.9607843 1.0 1.0 1.0 1.0 1.0 1.0 1.0 1.0 1.0 1.0 1.0 1.0
0.9882353 0.99215686 0.99607843 0.99215686 0.99215686 0.99607843 0.99607843 0.99607843 0.99607843 0.9372549 0.88235295 0.81960785 0.8039216 0.9098039 0.98039216 0.9607843 0.65882355 0.4117647 0.7529412 0.827451 0.9254902 0.9843137 0.99215686 0.99215686 0.99607843 0.99607843 0.99215686 0.99215686 0.99607843 0.99215686 0.99607843 0.99607843
0.99215686 0.99607843 0.99607843 0.99607843 1.0 1.0 1.0 1.0 1.0 0.88235295 0.72156864 0.63529414 0.7529412 0.8980392 0.9019608 0.7882353 0.5019608 0.33333334 0.77254903 0.83137256 0.8745098 0.96862745 0.972549 0.9882353 1.0 1.0 1.0 1.0 0.9647059 0.92941177 0.9882353 0.99607843
0.99215686 0.99607843 0.99607843 0.9882353 0.95686275 0.972549 0.99607843 0.9843137 0.9490196 0.8666667 0.75686276 0.7607843 0.8235294 0.8117647 0.73333335 0.6431373 0.53333336 0.39215687 0.7647059 0.9098039 0.8392157 0.8235294 0.8509804 0.9137255 0.9607843 0.9764706 0.95686275 0.8666667 0.7058824 0.84313726 0.99607843 0.99607843
0.99215686 1.0 0.9647059 0.8627451 0.74509805 0.827451 0.9098039 0.8392157 0.81960785 0.7411765 0.7254902 0.8039216 0.7921569 0.7411765 0.69803923 0.6666667 0.6509804 0.60784316 0.7647059 0.8117647 0.77254903 0.7529412 0.7921569 0.8509804 0.87058824 0.9137255 0.85490197 0.58431375 0.627451 0.9372549 1.0 1.0
0.99215686 1.0 0.9137255 0.7490196 0.7647059 0.8039216 0.75686276 0.7490196 0.76862746 0.654902 0.7019608 0.78039217 0.7058824 0.6431373 0.6156863 0.62352943 0.7058824 0.74509805 0.7411765 0.76862746 0.7882353 0.7294118 0.7490196 0.84313726 0.827451 0.8862745 0.87058824 0.7647059 0.9098039 1.0 1.0 1.0
0.9529412 0.9607843 0.8235294 0.7647059 0.7764706 0.72156864 0.67058825 0.6901961 0.69803923 0.6666667 0.7137255 0.69411767 0.6 0.6 0.627451 0.5686275 0.69803923 0.73333335 0.7529412 0.79607844 0.78039217 0.7294118 0.7490196 0.81960785 0.80784315 0.84313726 0.9254902 0.98039216 0.99607843 0.99607843 1.0 1.0
0.79607844 0.81960785 0.73333335 0.74509805 0.7137255 0.68235296 0.63529414 0.6156863 0.6156863 0.6431373 0.627451 0.59607846 0.5921569 0.70980394 0.7647059 0.5882353 0.65882355 0.75686276 0.8 0.7647059 0.74509805 0.7372549 0.7529412 0.78431374 0.77254903 0.8039216 0.9019608 0.94509804 0.9764706 1.0 1.0 1.0
0.74509805 0.72156864 0.7137255 0.72156864 0.69411767 0.6862745 0.6117647 0.6039216 0.57254905 0.58431375 0.52156866 0.47058824 0.45882353 0.58431375 0.6117647 0.35686275 0.44705883 0.73333335 0.79607844 0.7254902 0.70980394 0.73333335 0.7294118 0.7372549 0.7254902 0.7764706 0.8784314 0.94509804 0.9764706 0.99607843 1.0 1.0
0.69411767 0.6431373 0.65882355 0.6392157 0.63529414 0.6156863 0.59607846 0.62352943 0.57254905 0.5529412 0.53333336 0.42352942 0.3372549 0.4117647 0.31764707 0.30980393 0.39607844 0.56078434 0.67058825 0.7294118 0.7254902 0.7294118 0.6901961 0.70980394 0.70980394 0.7372549 0.8509804 0.92941177 0.972549 0.99607843 1.0 1.0
0.62352943 0.5568628 0.57254905 0.59607846 0.6 0.57254905 0.5803922 0.57254905 0.5058824 0.49411765 0.50980395 0.4392157 0.3019608 0.4745098 0.5019608 0.37254903 0.35686275 0.3137255 0.29803923 0.42352942 0.64705884 0.7137255 0.6784314 0.70980394 0.7058824 0.7137255 0.81960785 0.90588236 0.9490196 0.9882353 1.0 1.0
0.59607846 0.4862745 0.53333336 0.61960787 0.58431375 0.52156866 0.5294118 0.5137255 0.46666667 0.4745098 0.4509804 0.38431373 0.2627451 0.33333334 0.42352942 0.4 0.34509805 0.21960784 0.16078432 0.25490198 0.5372549 0.6901961 0.6862745 0.72156864 0.7176471 0.73333335 0.8352941 0.90588236 0.9490196 0.98039216 1.0 1.0
0.57254905 0.5058824 0.57254905 0.54509807 0.47058824 0.47843137 0.5254902 0.48235294 0.44313726 0.45490196 0.4117647 0.34901962 0.31764707 0.42745098 0.40784314 0.44313726 0.3647059 0.2901961 0.2784314 0.32941177 0.53333336 0.6784314 0.69803923 0.7137255 0.74509805 0.76862746 0.83137256 0.9137255 0.96862745 0.9843137 0.99607843 0.99607843
0.5647059 0.5686275 0.5372549 0.4117647 0.40392157 0.47843137 0.5411765 0.49803922 0.45490196 0.41568628 0.35686275 0.34117648 0.31764707 0.45882353 0.5294118 0.46666667 0.38431373 0.34901962 0.3764706 0.45490196 0.5686275 0.6666667 0.7019608 0.70980394 0.78039217 0.827451 0.84705883 0.9137255 0.9764706 0.99215686 0.99215686 0.99607843
0.5294118 0.53333336 0.44705883 0.37254903 0.41568628 0.49411765 0.5254902 0.5058824 0.47843137 0.40392157 0.34509805 0.32156864 0.30588236 0.38431373 0.4627451 0.4509804 0.43137255 0.43529412 0.4509804 0.5254902 0.6156863 0.6745098 0.70980394 0.7294118 0.8235294 0.87058824 0.87058824 0.92156863 0.9764706 0.9882353 0.9882353 0.99215686
0.47843137 0.49019608 0.41568628 0.34509805 0.41960785 0.49019608 0.5058824 0.49803922 0.4745098 0.43529412 0.4 0.34901962 0.29803923 0.31764707 0.3764706 0.3647059 0.4745098 0.49019608 0.49411765 0.5647059 0.6627451 0.7058824 0.7254902 0.7411765 0.8352941 0.8980392 0.8980392 0.92941177 0.9764706 0.98039216 0.98039216 0.98039216
0.47843137 0.46666667 0.39607844 0.3372549 0.41960785 0.44705883 0.4745098 0.49019608 0.4627451 0.41568628 0.40392157 0.38039216 0.34901962 0.45490196 0.49803922 0.42352942 0.57254905 0.48235294 0.4509804 0.57254905 0.67058825 0.7019608 0.7411765 0.76862746 0.8509804 0.9098039 0.90588236 0.92156863 0.95686275 0.96862745 0.9647059 0.9647059
0.44313726 0.3764706 0.34901962 0.35686275 0.43529412 0.42352942 0.46666667 0.4745098 0.4627451 0.4117647 0.39607844 0.3882353 0.43137255 0.67058825 0.88235295 0.6392157 0.54509807 0.5372549 0.4745098 0.54509807 0.654902 0.6901961 0.73333335 0.77254903 0.84705883 0.92156863 0.9254902 0.92941177 0.9490196 0.9607843 0.9529412 0.9490196
0.4 0.34117648 0.34117648 0.3764706 0.4392157 0.43529412 0.5058824 0.5019608 0.47843137 0.43137255 0.43137255 0.41960785 0.49411765 0.72156864 0.972549 0.85490197 0.5647059 0.5529412 0.4627451 0.5294118 0.65882355 0.7137255 0.7372549 0.7882353 0.85882354 0.93333334 0.9372549 0.9372549 0.9490196 0.9529412 0.94509804 0.9411765
0.4 0.32941177 0.32941177 0.39607844 0.43137255 0.42352942 0.5019608 0.53333336 0.5058824 0.4627451 0.45490196 0.44313726 0.53333336 0.7254902 0.8980392 0.9411765 0.6745098 0.39607844 0.34509805 0.45490196 0.6 0.65882355 0.7137255 0.78431374 0.8627451 0.9411765 0.9490196 0.9411765 0.9490196 0.9490196 0.9411765 0.9372549
0.38431373 0.32156864 0.3372549 0.38431373 0.43529412 0.42352942 0.49411765 0.5411765 0.52156866 0.4862745 0.46666667 0.46666667 0.5647059 0.7254902 0.8784314 0.92156863 0.78039217 0.33333334 0.26666668 0.41960785 0.5372549 0.5921569 0.67058825 0.76862746 0.85882354 0.9490196 0.96862745 0.9490196 0.94509804 0.9490196 0.9411765 0.9411765
0.3882353 0.35686275 0.36078432 0.38039216 0.4392157 0.46666667 0.5529412 0.5803922 0.56078434 0.5294118 0.5019608 0.52156866 0.64705884 0.7647059 0.8980392 0.9137255 0.7058824 0.45490196 0.36862746 0.4509804 0.49019608 0.5019608 0.5568628 0.6901961 0.827451 0.9254902 0.972549 0.95686275 0.94509804 0.9411765 0.9372549 0.9411765
0.4 0.38431373 0.36862746 0.39607844 0.4627451 0.5058824 0.6117647 0.62352943 0.6156863 0.60784316 0.5372549 0.56078434 0.7137255 0.81960785 0.92941177 0.8980392 0.77254903 0.79607844 0.46666667 0.40392157 0.26666668 0.21960784 0.3647059 0.5686275 0.77254903 0.8666667 0.9607843 0.9647059 0.9529412 0.94509804 0.9490196 0.9411765
0.4117647 0.41568628 0.42352942 0.44313726 0.5137255 0.5529412 0.63529414 0.64705884 0.6431373 0.654902 0.6039216 0.5882353 0.7137255 0.84313726 0.93333334 0.9254902 0.87058824 0.90588236 0.5019608 0.33333334 0.23137255 0.16470589 0.30588236 0.5764706 0.7254902 0.85490197 0.9647059 0.9647059 0.9647059 0.9529412 0.9490196 0.90588236
0.42745098 0.44705883 0.45490196 0.49803922 0.57254905 0.59607846 0.6431373 0.68235296 0.6901961 0.7058824 0.68235296 0.67058825 0.75686276 0.7921569 0.7254902 0.70980394 0.78431374 0.9372549 0.5411765 0.28627452 0.25882354 0.23529412 0.3372549 0.5294118 0.7764706 0.9411765 0.9843137 0.9764706 0.972549 0.9607843 0.94509804 0.90588236
0.41568628 0.45490196 0.49019608 0.5372549 0.6117647 0.6431373 0.68235296 0.7176471 0.72156864 0.7529412 0.7490196 0.73333335 0.78039217 0.7607843 0.6745098 0.8117647 0.9254902 1.0 0.7882353 0.5254902 0.47843137 0.5411765 0.6666667 0.76862746 0.92156863 0.99607843 0.99607843 0.99607843 0.9882353 0.972549 0.9764706 0.9882353
0.42745098 0.42745098 0.46666667 0.56078434 0.654902 0.69411767 0.7411765 0.7647059 0.74509805 0.76862746 0.76862746 0.7647059 0.7882353 0.8156863 0.88235295 0.9843137 1.0 0.99215686 0.99215686 0.95686275 0.9529412 0.972549 0.9882353 0.99215686 1.0 0.99607843 0.99607843 1.0 0.99607843 0.99607843 0.99215686 0.9647059
0.4862745 0.5058824 0.5058824 0.5647059 0.6784314 0.7294118 0.77254903 0.8 0.78431374 0.8039216 0.78039217 0.7764706 0.81960785 0.90588236 0.972549 0.9843137 0.96862745 0.95686275 0.9843137 1.0 1.0 0.99215686 0.9843137 0.9882353 0.99607843 1.0 0.99215686 0.99215686 0.99215686 0.96862745 0.9137255 0.8666667
0.5058824 0.56078434 0.6117647 0.6 0.65882355 0.7176471 0.77254903 0.79607844 0.8 0.81960785 0.8235294 0.8352941 0.8784314 0.94509804 0.972549 0.972549 0.94509804 0.91764706 0.9098039 0.9137255 0.95686275 0.9647059 0.9607843 0.9764706 0.99607843 1.0 0.99607843 0.99215686 0.9843137 0.9372549 0.9098039 0.9607843
0.50980395 0.56078434 0.6156863 0.6431373 0.69411767 0.7607843 0.8156863 0.8352941 0.827451 0.8509804 0.87058824 0.89411765 0.8980392 0.9411765 0.98039216 0.972549 0.9764706 0.972549 0.8745098 0.81960785 0.9254902 0.972549 0.96862745 0.96862745 0.9764706 0.972549 0.98039216 0.99607843 0.99607843 0.9843137 0.99607843 1.0
0.52156866 0.5647059 0.6156863 0.654902 0.7294118 0.7882353 0.84313726 0.87058824 0.85882354 0.87058824 0.8862745 0.90588236 0.9137255 0.9607843 0.9882353 0.98039216 0.9843137 0.9843137 0.9607843 0.93333334 0.9607843 0.972549 0.9764706 0.98039216 0.96862745 0.95686275 0.9607843 0.9607843 0.972549 0.96862745 0.94509804 0.8745098
0.5254902 0.57254905 0.60784316 0.6431373 0.7411765 0.7882353 0.80784315 0.83137256 0.8 0.8235294 0.827451 0.8509804 0.87058824 0.9137255 0.9019608 0.8862745 0.87058824 0.8745098 0.8627451 0.9019608 0.8980392 0.90588236 0.9098039 0.8901961 0.92941177 0.9882353 0.98039216 0.9607843 0.9607843 0.9607843 0.9098039 0.75686276
0.98039216 0.9843137 0.9882353 0.9882353 0.9882353 0.9882353 0.9882353 0.9882353 0.9882353 0.99215686 0.9882353 0.98039216 0.96862745 0.98039216 0.98039216 0.99215686 0.85882354 0.70980394 0.8862745 0.9647059 0.99607843 0.99607843 1.0 0.99607843 0.99607843 0.99607843 0.99215686 0.9882353 0.9882353 0.9882353 0.9882353 0.9882353
0.96862745 0.972549 0.9764706 0.972549 0.972549 0.9764706 0.98039216 0.9764706 0.98039216 0.92156863 0.87058824 0.83137256 0.8235294 0.9137255 0.96862745 0.9490196 0.6509804 0.40392157 0.74509805 0.827451 0.92941177 0.99215686 0.99607843 0.9882353 0.9764706 0.98039216 0.9764706 0.972549 0.9764706 0.9764706 0.9764706 0.9764706
0.972549 0.9764706 0.9764706 0.9764706 0.98039216 0.9843137 0.9843137 0.9843137 0.9882353 0.8666667 0.70980394 0.6392157 0.7529412 0.8745098 0.8745098 0.77254903 0.49803922 0.30980393 0.7411765 0.8117647 0.87058824 0.972549 0.9843137 0.9843137 0.98039216 0.9843137 0.98039216 0.9843137 0.94509804 0.9098039 0.972549 0.98039216
0.9764706 0.9764706 0.9764706 0.98039216 0.9529412 0.9607843 0.9843137 0.972549 0.9372549 0.85882354 0.7529412 0.7647059 0.81960785 0.8 0.7254902 0.6392157 0.5372549 0.38039216 0.74509805 0.9098039 0.85882354 0.8509804 0.8784314 0.92941177 0.9607843 0.96862745 0.92941177 0.81960785 0.6509804 0.8039216 0.98039216 0.98039216
0.9843137 0.9882353 0.9529412 0.85882354 0.7490196 0.83137256 0.9137255 0.84705883 0.83137256 0.75686276 0.7372549 0.8235294 0.8117647 0.7607843 0.7176471 0.6862745 0.67058825 0.60784316 0.7647059 0.83137256 0.8039216 0.78039217 0.80784315 0.8666667 0.88235295 0.9098039 0.8235294 0.5254902 0.5568628 0.89411765 0.9882353 0.98039216
0.99215686 1.0 0.9019608 0.7372549 0.7607843 0.8117647 0.77254903 0.7647059 0.7882353 0.6784314 0.7294118 0.7921569 0.7058824 0.6431373 0.61960787 0.627451 0.7058824 0.7411765 0.7411765 0.78039217 0.8039216 0.73333335 0.7372549 0.8392157 0.83137256 0.8784314 0.84705883 0.7294118 0.8627451 0.972549 0.9843137 0.9843137
0.96862745 0.95686275 0.80784315 0.7490196 0.7607843 0.7137255 0.67058825 0.69411767 0.7019608 0.6745098 0.72156864 0.6901961 0.5882353 0.5882353 0.6156863 0.56078434 0.6862745 0.73333335 0.76862746 0.81960785 0.8 0.7254902 0.7254902 0.8039216 0.8 0.8352941 0.9137255 0.9647059 0.98039216 0.98039216 0.9843137 0.9843137
0.8156863 0.81960785 0.7176471 0.7254902 0.69803923 0.6627451 0.6156863 0.6 0.6 0.6313726 0.6156863 0.5764706 0.57254905 0.6901961 0.74509805 0.5686275 0.6392157 0.76862746 0.83137256 0.7921569 0.7607843 0.7294118 0.72156864 0.76862746 0.7764706 0.80784315 0.90588236 0.94509804 0.972549 0.9882353 0.9843137 0.9843137
0.7529412 0.7058824 0.6862745 0.69803923 0.6784314 0.6666667 0.5882353 0.5764706 0.54509807 0.5568628 0.49411765 0.4392157 0.43137255 0.5647059 0.6 0.3372549 0.42352942 0.7490196 0.83137256 0.7411765 0.7058824 0.7058824 0.69411767 0.7411765 0.75686276 0.79607844 0.8901961 0.94509804 0.96862745 0.9843137 0.9843137 0.9843137
0.68235296 0.61960787 0.627451 0.6117647 0.6156863 0.5882353 0.5647059 0.5921569 0.5372549 0.52156866 0.5019608 0.3882353 0.30588236 0.39215687 0.29803923 0.28627452 0.3647059 0.54901963 0.6666667 0.72156864 0.70980394 0.7019608 0.65882355 0.69411767 0.70980394 0.7372549 0.84705883 0.9254902 0.9607843 0.98039216 0.9843137 0.9843137
0.59607846 0.5254902 0.5372549 0.5647059 0.5686275 0.54901963 0.5529412 0.54509807 0.47843137 0.47058824 0.48235294 0.39215687 0.2509804 0.43529412 0.4627451 0.3254902 0.30588236 0.27450982 0.26666668 0.39215687 0.6117647 0.6784314 0.6392157 0.6627451 0.6627451 0.6745098 0.7921569 0.8901961 0.9411765 0.9764706 0.9843137 0.9843137
0.5568628 0.44705883 0.49411765 0.5803922 0.5411765 0.49411765 0.5058824 0.49411765 0.4509804 0.45882353 0.43137255 0.33333334 0.19215687 0.26666668 0.35686275 0.32941177 0.27450982 0.16862746 0.12156863 0.21176471 0.49019608 0.63529414 0.627451 0.6509804 0.64705884 0.6745098 0.7921569 0.88235295 0.93333334 0.96862745 0.9882353 0.9843137
0.5529412 0.48235294 0.5372549 0.49803922 0.41960785 0.42352942 0.47058824 0.43137255 0.39607844 0.41568628 0.3764706 0.30588236 0.25882354 0.34901962 0.32156864 0.3647059 0.3019608 0.23921569 0.24313726 0.29411766 0.49411765 0.62352943 0.62352943 0.6431373 0.68235296 0.7176471 0.78431374 0.8745098 0.93333334 0.9647059 0.9843137 0.9882353
0.54901963 0.54509807 0.49803922 0.35686275 0.34509805 0.43137255 0.49803922 0.44705883 0.39607844 0.34901962 0.2901961 0.28235295 0.2509804 0.37254903 0.43137255 0.38431373 0.3254902 0.30588236 0.34117648 0.42745098 0.5372549 0.6156863 0.6313726 0.6431373 0.7254902 0.7764706 0.8 0.87058824 0.9372549 0.9607843 0.972549 0.9764706
0.5019608 0.49803922 0.39607844 0.30980393 0.34901962 0.45490196 0.49803922 0.4627451 0.41960785 0.33333334 0.26666668 0.24313726 0.21568628 0.27450982 0.35686275 0.37254903 0.3764706 0.39215687 0.41960785 0.5058824 0.59607846 0.6392157 0.654902 0.67058825 0.7647059 0.8235294 0.8235294 0.8745098 0.9372549 0.9490196 0.94509804 0.9490196
0.44313726 0.44705883 0.35686275 0.27450982 0.34117648 0.42745098 0.4509804 0.44313726 0.41960785 0.38039216 0.34117648 0.26666668 0.1882353 0.19607843 0.2627451 0.28235295 0.42352942 0.4509804 0.4627451 0.54901963 0.6509804 0.6784314 0.68235296 0.68235296 0.7764706 0.84705883 0.8509804 0.8862745 0.93333334 0.92941177 0.91764706 0.91764706
0.42745098 0.4117647 0.3372549 0.26666668 0.3372549 0.37254903 0.40784314 0.41960785 0.39215687 0.34509805 0.33333334 0.29803923 0.24313726 0.32941177 0.38039216 0.34509805 0.53333336 0.4627451 0.4392157 0.5686275 0.6666667 0.6901961 0.7137255 0.73333335 0.8117647 0.8745098 0.87058824 0.8862745 0.92156863 0.91764706 0.8980392 0.89411765
0.3882353 0.32156864 0.29411766 0.2901961 0.35686275 0.3529412 0.4 0.39607844 0.38039216 0.32156864 0.29803923 0.3019608 0.3372549 0.5647059 0.78039217 0.57254905 0.5137255 0.52156866 0.46666667 0.54509807 0.65882355 0.6862745 0.72156864 0.7490196 0.81960785 0.89411765 0.8980392 0.9019608 0.92156863 0.9137255 0.8901961 0.8862745
0.34901962 0.2901961 0.29411766 0.3137255 0.3647059 0.3647059 0.4392157 0.42352942 0.39607844 0.34117648 0.33333334 0.3254902 0.40392157 0.6431373 0.9098039 0.80784315 0.5294118 0.5294118 0.44313726 0.52156866 0.6627451 0.7176471 0.7372549 0.76862746 0.83137256 0.90588236 0.9098039 0.9098039 0.92156863 0.90588236 0.88235295 0.8784314
0.3529412 0.28235295 0.28627452 0.3372549 0.36078432 0.35686275 0.43529412 0.45882353 0.42352942 0.36862746 0.3529412 0.3372549 0.44705883 0.6784314 0.8745098 0.91764706 0.6392157 0.35686275 0.3137255 0.4392157 0.6039216 0.6745098 0.7254902 0.77254903 0.83137256 0.9137255 0.92156863 0.9137255 0.92156863 0.8980392 0.8784314 0.87058824
0.3372549 0.27058825 0.28627452 0.32156864 0.3647059 0.34117648 0.40784314 0.4509804 0.43529412 0.4 0.3764706 0.36862746 0.49019608 0.69411767 0.8627451 0.8980392 0.7372549 0.2784314 0.22745098 0.4117647 0.5568628 0.6117647 0.6862745 0.76862746 0.84313726 0.9254902 0.9411765 0.92156863 0.91764706 0.9019608 0.88235295 0.88235295
0.33333334 0.29411766 0.2901961 0.30588236 0.36078432 0.35686275 0.43137255 0.47058824 0.4627451 0.44705883 0.42352942 0.4392157 0.58431375 0.7294118 0.8745098 0.88235295 0.6509804 0.38039216 0.3137255 0.44313726 0.50980395 0.5137255 0.54509807 0.68235296 0.827451 0.9137255 0.9490196 0.9254902 0.9098039 0.8901961 0.87058824 0.87058824
0.3372549 0.31764707 0.29411766 0.3137255 0.3764706 0.4 0.49411765 0.50980395 0.50980395 0.5058824 0.43529412 0.4627451 0.6392157 0.7764706 0.9098039 0.8745098 0.7294118 0.7137255 0.38431373 0.34901962 0.23137255 0.18039216 0.30980393 0.52156866 0.74509805 0.8509804 0.94509804 0.9372549 0.9098039 0.8666667 0.84705883 0.8392157
0.34117648 0.34117648 0.3372549 0.3529412 0.41960785 0.45490196 0.5294118 0.53333336 0.5254902 0.5294118 0.4745098 0.46666667 0.627451 0.7921569 0.91764706 0.9137255 0.84705883 0.8352941 0.4117647 0.24705882 0.15294118 0.08235294 0.21960784 0.48235294 0.65882355 0.83137256 0.9647059 0.9411765 0.90588236 0.8666667 0.84705883 0.8
0.34901962 0.36078432 0.3647059 0.4 0.47058824 0.49803922 0.54509807 0.57254905 0.5686275 0.57254905 0.5411765 0.54509807 0.6627451 0.7372549 0.7019608 0.69411767 0.7607843 0.88235295 0.4627451 0.2 0.16470589 0.14117648 0.24313726 0.41960785 0.6862745 0.9098039 0.9843137 0.95686275 0.9098039 0.8901961 0.88235295 0.84313726
0.32156864 0.3529412 0.38039216 0.42745098 0.49803922 0.5372549 0.5803922 0.6117647 0.6156863 0.6431373 0.6392157 0.6313726 0.69411767 0.69803923 0.627451 0.78039217 0.8980392 0.9607843 0.7254902 0.45490196 0.39607844 0.44705883 0.5686275 0.6901961 0.8666667 0.9529412 0.9647059 0.95686275 0.9372549 0.9411765 0.9607843 0.972549
0.32156864 0.31764707 0.34509805 0.43529412 0.53333336 0.58431375 0.6392157 0.6627451 0.6431373 0.6666667 0.6666667 0.64705884 0.6745098 0.7411765 0.8392157 0.9647059 0.99215686 0.9764706 0.96862745 0.92941177 0.91764706 0.93333334 0.94509804 0.96862745 0.9882353 0.98039216 0.98039216 0.9843137 0.98039216 0.972549 0.9607843 0.9254902
0.37254903 0.39215687 0.38039216 0.43137255 0.54901963 0.6156863 0.67058825 0.69803923 0.68235296 0.7019608 0.6784314 0.6509804 0.7137255 0.8509804 0.9529412 0.9647059 0.9372549 0.92156863 0.9607843 0.98039216 0.98039216 0.98039216 0.98039216 0.9843137 0.99215686 0.99215686 0.9882353 0.9882353 0.9843137 0.9411765 0.8627451 0.80784315
0.38431373 0.43529412 0.47843137 0.4627451 0.5176471 0.60784316 0.67058825 0.69411767 0.69803923 0.7176471 0.72156864 0.7411765 0.81960785 0.92156863 0.95686275 0.92156863 0.8509804 0.8156863 0.8156863 0.8352941 0.89411765 0.91764706 0.9254902 0.9411765 0.9607843 0.9647059 0.9607843 0.95686275 0.9490196 0.89411765 0.8666667 0.9137255
0.38431373 0.43137255 0.4862745 0.50980395 0.56078434 0.64705884 0.70980394 0.73333335 0.73333335 0.7647059 0.7882353 0.8235294 0.8509804 0.92156863 0.9607843 0.93333334 0.9098039 0.8980392 0.8039216 0.7529412 0.8666667 0.92156863 0.92156863 0.92156863 0.9254902 0.92156863 0.92941177 0.94509804 0.94509804 0.9411765 0.9647059 0.972549
0.39215687 0.43529412 0.4862745 0.5254902 0.6039216 0.6784314 0.74509805 0.78039217 0.7764706 0.8 0.81960785 0.84313726 0.8666667 0.93333334 0.96862745 0.9607843 0.9529412 0.9490196 0.92941177 0.8980392 0.9254902 0.9372549 0.9411765 0.9372549 0.9254902 0.9098039 0.9137255 0.91764706 0.92941177 0.9372549 0.92156863 0.84705883
0.39607844 0.44313726 0.47843137 0.5137255 0.6156863 0.6862745 0.72156864 0.7529412 0.73333335 0.7647059 0.77254903 0.7921569 0.8235294 0.88235295 0.88235295 0.8666667 0.8392157 0.8352941 0.827451 0.8666667 0.8627451 0.8666667 0.87058824 0.84705883 0.88235295 0.9372549 0.92941177 0.9137255 0.9137255 0.92941177 0.8862745 0.7254902
0 21 0
0 28 1
1 0 2
19 31 2
30 31 0
31 23 1
0 3 1
12 0 1
0 2 0
0 30 1
0 11 1
31 25 0
31 31 0
31 24 2
0 23 1
23 0 2
0 7 2
31 15 2
0 22 0
13 0 0
0 24 1
23 31 0
31 9 0
31 16 0
26 0 0
0 28 2
0 1 0
4 0 0
31 8 0
31 13 2
