32, 32, 3, 30
0.37254903 0.38431373 0.36862746 0.3647059 0.3882353 0.38431373 0.38039216 0.3647059 0.3882353 0.3647059 0.35686275 0.36862746 0.3764706 0.35686275 0.36078432 0.37254903 0.34901962 0.3529412 0.35686275 0.3647059 0.42352942 0.40784314 0.35686275 0.36862746 0.36862746 0.35686275 0.3372549 0.34117648 0.34509805 0.33333334 0.35686275 0.34901962
0.35686275 0.34509805 0.35686275 0.3764706 0.35686275 0.34901962 0.34117648 0.3764706 0.36862746 0.3254902 0.3529412 0.37254903 0.34901962 0.32941177 0.34509805 0.3529412 0.34509805 0.33333334 0.37254903 0.38431373 0.44313726 0.43137255 0.35686275 0.36078432 0.33333334 0.32156864 0.3372549 0.3254902 0.32156864 0.3254902 0.3137255 0.34509805
0.37254903 0.3647059 0.38431373 0.38039216 0.36862746 0.3764706 0.3764706 0.37254903 0.32156864 0.33333334 0.36078432 0.34509805 0.3647059 0.37254903 0.34117648 0.34117648 0.38431373 0.5568628 0.58431375 0.49411765 0.46666667 0.43137255 0.36078432 0.3254902 0.3019608 0.30588236 0.3372549 0.30588236 0.28627452 0.29803923 0.3137255 0.34509805
0.3529412 0.38431373 0.36862746 0.35686275 0.34509805 0.36078432 0.3764706 0.36078432 0.3529412 0.3764706 0.36078432 0.36078432 0.37254903 0.36078432 0.36078432 0.36862746 0.46666667 0.7529412 0.7254902 0.7411765 0.69803923 0.5294118 0.45490196 0.34509805 0.27450982 0.30588236 0.3137255 0.32156864 0.31764707 0.29803923 0.3019608 0.3647059
0.38431373 0.3882353 0.3254902 0.32156864 0.32156864 0.3254902 0.30588236 0.30980393 0.3529412 0.34901962 0.31764707 0.3137255 0.34117648 0.3647059 0.37254903 0.35686275 0.56078434 0.627451 0.42352942 0.44705883 0.5882353 0.74509805 0.74509805 0.56078434 0.30980393 0.3019608 0.34901962 0.3647059 0.3254902 0.32941177 0.38039216 0.45490196
0.3647059 0.3529412 0.32941177 0.31764707 0.34509805 0.36862746 0.36862746 0.3529412 0.3529412 0.34117648 0.34509805 0.3529412 0.34509805 0.34117648 0.49019608 0.52156866 0.6156863 0.49411765 0.3254902 0.30588236 0.30588236 0.43137255 0.6666667 0.6117647 0.31764707 0.29803923 0.34117648 0.33333334 0.3372549 0.40784314 0.5137255 0.5686275
0.36078432 0.36078432 0.34117648 0.32941177 0.3529412 0.36078432 0.3529412 0.34901962 0.36862746 0.36862746 0.3529412 0.3529412 0.3647059 0.37254903 0.54509807 0.6117647 0.627451 0.50980395 0.44313726 0.3882353 0.34901962 0.3647059 0.54509807 0.4745098 0.34509805 0.33333334 0.3529412 0.4117647 0.47843137 0.61960787 0.61960787 0.6313726
0.37254903 0.37254903 0.34509805 0.3372549 0.34117648 0.3529412 0.35686275 0.35686275 0.34509805 0.3372549 0.34117648 0.36078432 0.3764706 0.41960785 0.45490196 0.4862745 0.7176471 0.76862746 0.59607846 0.5176471 0.46666667 0.45490196 0.56078434 0.40392157 0.34509805 0.41960785 0.57254905 0.64705884 0.5686275 0.69411767 0.6039216 0.6313726
0.38039216 0.3882353 0.3372549 0.3529412 0.38039216 0.3882353 0.3647059 0.36078432 0.3764706 0.3764706 0.38039216 0.3764706 0.40392157 0.49411765 0.48235294 0.54901963 0.72156864 0.7490196 0.57254905 0.5921569 0.5058824 0.5176471 0.5176471 0.5058824 0.57254905 0.61960787 0.7254902 0.7176471 0.5254902 0.6039216 0.58431375 0.5921569
0.3764706 0.3529412 0.3529412 0.36862746 0.33333334 0.32156864 0.3529412 0.38039216 0.36862746 0.35686275 0.3764706 0.35686275 0.5137255 0.6666667 0.6313726 0.64705884 0.627451 0.69411767 0.6627451 0.65882355 0.5686275 0.68235296 0.65882355 0.6627451 0.7254902 0.70980394 0.7137255 0.7254902 0.52156866 0.5921569 0.6745098 0.5568628
0.3647059 0.3529412 0.3529412 0.34117648 0.3254902 0.34901962 0.35686275 0.37254903 0.42352942 0.5058824 0.5529412 0.627451 0.7921569 0.83137256 0.8235294 0.7647059 0.54901963 0.6431373 0.6745098 0.7294118 0.72156864 0.7490196 0.7529412 0.6156863 0.77254903 0.8039216 0.7647059 0.7137255 0.5254902 0.5686275 0.58431375 0.48235294
0.39215687 0.35686275 0.36078432 0.36862746 0.37254903 0.3882353 0.4745098 0.63529414 0.6784314 0.70980394 0.78039217 0.8352941 0.85490197 0.85882354 0.87058824 0.84705883 0.7019608 0.5921569 0.63529414 0.64705884 0.7019608 0.7176471 0.7019608 0.5647059 0.74509805 0.83137256 0.83137256 0.8 0.6431373 0.5372549 0.48235294 0.39607844
0.41568628 0.4392157 0.38431373 0.3647059 0.3764706 0.4745098 0.78039217 0.8235294 0.6862745 0.56078434 0.65882355 0.8235294 0.84313726 0.83137256 0.84313726 0.8509804 0.85490197 0.84705883 0.7019608 0.6431373 0.6784314 0.68235296 0.6392157 0.5882353 0.69803923 0.827451 0.83137256 0.84705883 0.8627451 0.7254902 0.4627451 0.44705883
0.39215687 0.45490196 0.36862746 0.34117648 0.3529412 0.5411765 0.81960785 0.8509804 0.8117647 0.7647059 0.7921569 0.827451 0.8117647 0.8 0.79607844 0.8117647 0.79607844 0.83137256 0.7607843 0.7372549 0.7137255 0.6901961 0.65882355 0.63529414 0.6509804 0.7254902 0.8156863 0.8156863 0.7372549 0.7019608 0.5411765 0.44313726
0.3764706 0.45882353 0.45882353 0.39607844 0.42352942 0.67058825 0.7764706 0.80784315 0.8235294 0.84313726 0.85882354 0.81960785 0.7647059 0.7529412 0.7411765 0.7176471 0.6901961 0.65882355 0.6392157 0.6745098 0.6666667 0.6392157 0.6431373 0.62352943 0.6509804 0.6313726 0.6509804 0.63529414 0.6666667 0.67058825 0.42352942 0.3529412
0.39215687 0.44705883 0.43529412 0.39215687 0.5372549 0.75686276 0.77254903 0.7607843 0.73333335 0.7372549 0.7647059 0.6901961 0.5803922 0.5764706 0.5647059 0.53333336 0.5568628 0.5764706 0.58431375 0.63529414 0.68235296 0.67058825 0.6784314 0.65882355 0.6666667 0.7294118 0.67058825 0.6117647 0.65882355 0.5882353 0.38039216 0.3137255
0.41568628 0.5019608 0.64705884 0.70980394 0.77254903 0.8039216 0.7882353 0.79607844 0.7921569 0.8 0.78039217 0.6 0.5803922 0.6156863 0.627451 0.6039216 0.6117647 0.6431373 0.6392157 0.61960787 0.7137255 0.72156864 0.7176471 0.7058824 0.7058824 0.6862745 0.67058825 0.627451 0.58431375 0.5647059 0.40392157 0.34117648
0.59607846 0.76862746 0.79607844 0.81960785 0.8392157 0.84705883 0.80784315 0.77254903 0.8156863 0.84313726 0.7607843 0.627451 0.63529414 0.61960787 0.6156863 0.5803922 0.57254905 0.60784316 0.5803922 0.54901963 0.7254902 0.7372549 0.73333335 0.7254902 0.7058824 0.7176471 0.72156864 0.6509804 0.6039216 0.5294118 0.41568628 0.3372549
0.78431374 0.85882354 0.8392157 0.8156863 0.8235294 0.8352941 0.84313726 0.8156863 0.8509804 0.84313726 0.69411767 0.63529414 0.62352943 0.63529414 0.64705884 0.6431373 0.6627451 0.68235296 0.6862745 0.70980394 0.7529412 0.7529412 0.74509805 0.73333335 0.7176471 0.69411767 0.7058824 0.65882355 0.59607846 0.57254905 0.4509804 0.3882353
0.6313726 0.7019608 0.77254903 0.79607844 0.81960785 0.827451 0.8392157 0.8156863 0.8392157 0.83137256 0.7607843 0.74509805 0.7529412 0.75686276 0.78431374 0.78431374 0.7764706 0.76862746 0.7529412 0.7529412 0.7372549 0.7254902 0.7137255 0.6901961 0.67058825 0.654902 0.6431373 0.6431373 0.6392157 0.62352943 0.5254902 0.5137255
0.5686275 0.4117647 0.41960785 0.47058824 0.53333336 0.6039216 0.65882355 0.6901961 0.70980394 0.72156864 0.7254902 0.6862745 0.6862745 0.6901961 0.7137255 0.7137255 0.69803923 0.6901961 0.6745098 0.6784314 0.67058825 0.67058825 0.654902 0.6392157 0.64705884 0.64705884 0.65882355 0.6862745 0.67058825 0.6 0.3647059 0.39215687
0.7647059 0.5176471 0.43137255 0.37254903 0.34509805 0.34117648 0.36078432 0.39215687 0.38431373 0.39215687 0.41568628 0.44313726 0.48235294 0.56078434 0.60784316 0.63529414 0.6431373 0.6509804 0.65882355 0.64705884 0.654902 0.6666667 0.67058825 0.6666667 0.6862745 0.6901961 0.6901961 0.6784314 0.627451 0.5254902 0.34901962 0.40784314
0.73333335 0.627451 0.49803922 0.47058824 0.45882353 0.44705883 0.44313726 0.42745098 0.40784314 0.40392157 0.41960785 0.45882353 0.5254902 0.60784316 0.6509804 0.6745098 0.68235296 0.7019608 0.7137255 0.7176471 0.70980394 0.70980394 0.7019608 0.6901961 0.6901961 0.6745098 0.65882355 0.61960787 0.5568628 0.4509804 0.43529412 0.56078434
0.4745098 0.50980395 0.50980395 0.5019608 0.47843137 0.45882353 0.45882353 0.45490196 0.44705883 0.4627451 0.49411765 0.5411765 0.59607846 0.64705884 0.68235296 0.7058824 0.72156864 0.73333335 0.7294118 0.72156864 0.69803923 0.6901961 0.6862745 0.6666667 0.64705884 0.6313726 0.5882353 0.5568628 0.4745098 0.37254903 0.41960785 0.54901963
0.3137255 0.36862746 0.49411765 0.5019608 0.4862745 0.45490196 0.45490196 0.45882353 0.45490196 0.4627451 0.49019608 0.5294118 0.5882353 0.6431373 0.6745098 0.7019608 0.7137255 0.72156864 0.72156864 0.7058824 0.6784314 0.6627451 0.654902 0.61960787 0.57254905 0.57254905 0.57254905 0.5921569 0.49803922 0.46666667 0.6509804 0.7254902
0.30588236 0.34117648 0.4745098 0.49019608 0.46666667 0.4509804 0.44705883 0.4509804 0.43529412 0.4509804 0.48235294 0.5137255 0.5647059 0.6156863 0.6666667 0.6862745 0.6901961 0.7058824 0.6901961 0.6627451 0.64705884 0.65882355 0.6509804 0.6313726 0.6039216 0.64705884 0.654902 0.6901961 0.6509804 0.65882355 0.76862746 0.7921569
0.29411766 0.28627452 0.43137255 0.4745098 0.45882353 0.45490196 0.45882353 0.44705883 0.44313726 0.45882353 0.4862745 0.5137255 0.5529412 0.59607846 0.6392157 0.6627451 0.654902 0.6431373 0.63529414 0.60784316 0.6313726 0.7019608 0.6901961 0.7176471 0.7411765 0.7490196 0.7372549 0.7294118 0.7411765 0.76862746 0.8 0.8156863
0.3254902 0.34901962 0.4 0.45490196 0.4745098 0.4627451 0.47058824 0.45490196 0.4509804 0.45490196 0.47058824 0.47843137 0.49803922 0.52156866 0.54901963 0.5568628 0.57254905 0.5686275 0.5882353 0.6039216 0.6431373 0.7137255 0.6901961 0.7019608 0.73333335 0.75686276 0.7607843 0.76862746 0.78039217 0.7921569 0.78431374 0.7921569
0.34117648 0.37254903 0.36862746 0.3882353 0.41960785 0.39215687 0.4 0.41960785 0.43137255 0.38431373 0.40784314 0.41568628 0.41568628 0.42745098 0.47058824 0.5058824 0.5882353 0.64705884 0.654902 0.67058825 0.68235296 0.7294118 0.7019608 0.6901961 0.7058824 0.7529412 0.77254903 0.7882353 0.78039217 0.78431374 0.78431374 0.77254903
0.30588236 0.29803923 0.32156864 0.38039216 0.28627452 0.25490198 0.29411766 0.37254903 0.41960785 0.34509805 0.3647059 0.40784314 0.42352942 0.47843137 0.5529412 0.627451 0.70980394 0.7647059 0.76862746 0.7647059 0.7607843 0.79607844 0.7882353 0.73333335 0.7019608 0.76862746 0.77254903 0.77254903 0.7764706 0.8039216 0.80784315 0.8039216
0.29803923 0.3254902 0.35686275 0.40784314 0.43529412 0.2901961 0.25882354 0.28627452 0.37254903 0.38039216 0.39607844 0.42745098 0.44313726 0.52156866 0.60784316 0.6862745 0.76862746 0.80784315 0.81960785 0.8117647 0.79607844 0.8156863 0.827451 0.80784315 0.7882353 0.7921569 0.78431374 0.78431374 0.7882353 0.8039216 0.80784315 0.80784315
0.3137255 0.30980393 0.34117648 0.36078432 0.42745098 0.35686275 0.20392157 0.1764706 0.21176471 0.25490198 0.32156864 0.4 0.44705883 0.5803922 0.65882355 0.7254902 0.79607844 0.8235294 0.83137256 0.8039216 0.7882353 0.79607844 0.8117647 0.81960785 0.8156863 0.8156863 0.80784315 0.8 0.8039216 0.8 0.78431374 0.77254903
0.37254903 0.38431373 0.36862746 0.3647059 0.3882353 0.38431373 0.38039216 0.3647059 0.3882353 0.3647059 0.35686275 0.36862746 0.37254903 0.35686275 0.3647059 0.37254903 0.34901962 0.35686275 0.36078432 0.37254903 0.42352942 0.41568628 0.3647059 0.3764706 0.37254903 0.36078432 0.34117648 0.34509805 0.34509805 0.3372549 0.35686275 0.34901962
0.35686275 0.34509805 0.35686275 0.3764706 0.35686275 0.34901962 0.34117648 0.3764706 0.36862746 0.3254902 0.3529412 0.37254903 0.34901962 0.32941177 0.34901962 0.3529412 0.34117648 0.33333334 0.37254903 0.38431373 0.45490196 0.4392157 0.36862746 0.36862746 0.3372549 0.3254902 0.34117648 0.32941177 0.31764707 0.32156864 0.30980393 0.34117648
0.37254903 0.3647059 0.38431373 0.38431373 0.37254903 0.38039216 0.38039216 0.37254903 0.32156864 0.33333334 0.36078432 0.34509805 0.3647059 0.37254903 0.34509805 0.34117648 0.3764706 0.54901963 0.5764706 0.49411765 0.48235294 0.44705883 0.36862746 0.33333334 0.30588236 0.30980393 0.34117648 0.30980393 0.28235295 0.28627452 0.30588236 0.33333334
0.3529412 0.38431373 0.36862746 0.36078432 0.34901962 0.3647059 0.38039216 0.36078432 0.3529412 0.3764706 0.36078432 0.36078432 0.37254903 0.3647059 0.3647059 0.36862746 0.45882353 0.7490196 0.7176471 0.7372549 0.7137255 0.54509807 0.46666667 0.3529412 0.28235295 0.30980393 0.32156864 0.3254902 0.3137255 0.2901961 0.29411766 0.35686275
0.38431373 0.3882353 0.3254902 0.3254902 0.3254902 0.32941177 0.30588236 0.30980393 0.3529412 0.34901962 0.31764707 0.31764707 0.34509805 0.36862746 0.3764706 0.35686275 0.5529412 0.627451 0.41960785 0.43529412 0.6039216 0.7607843 0.75686276 0.57254905 0.32156864 0.30980393 0.35686275 0.37254903 0.32156864 0.32156864 0.37254903 0.44705883
0.3647059 0.3529412 0.32941177 0.32156864 0.3529412 0.3764706 0.37254903 0.3529412 0.3529412 0.34117648 0.34901962 0.3529412 0.34901962 0.34509805 0.49803922 0.52156866 0.6 0.4862745 0.3137255 0.28627452 0.31764707 0.44313726 0.6784314 0.62352943 0.3254902 0.30588236 0.34901962 0.34117648 0.3254902 0.39215687 0.49803922 0.5529412
0.36078432 0.36078432 0.34117648 0.3372549 0.36078432 0.36862746 0.36078432 0.3529412 0.36862746 0.36862746 0.3529412 0.35686275 0.36862746 0.3764706 0.5529412 0.6117647 0.60784316 0.5019608 0.42745098 0.3647059 0.34901962 0.37254903 0.5568628 0.4862745 0.3529412 0.34117648 0.36078432 0.41960785 0.46666667 0.6 0.6 0.6117647
0.37254903 0.3764706 0.34901962 0.34117648 0.34901962 0.36078432 0.36078432 0.35686275 0.34509805 0.34117648 0.34509805 0.3647059 0.3764706 0.41960785 0.45490196 0.48235294 0.7019608 0.75686276 0.5803922 0.49411765 0.45490196 0.4509804 0.5568628 0.40392157 0.34509805 0.41960785 0.5686275 0.6431373 0.54509807 0.6627451 0.5803922 0.61960787
0.38431373 0.39215687 0.34117648 0.36078432 0.3882353 0.39215687 0.36862746 0.3647059 0.38039216 0.38039216 0.38431373 0.37254903 0.39607844 0.4862745 0.4745098 0.5411765 0.70980394 0.73333335 0.5568628 0.57254905 0.4862745 0.49411765 0.49803922 0.48235294 0.5529412 0.6 0.7058824 0.69803923 0.4745098 0.54901963 0.5568628 0.5921569
0.3764706 0.35686275 0.35686275 0.3764706 0.3372549 0.32156864 0.3529412 0.38431373 0.37254903 0.36078432 0.38039216 0.35686275 0.5058824 0.6627451 0.627451 0.6392157 0.6117647 0.6784314 0.6431373 0.6392157 0.5529412 0.6666667 0.64705884 0.64705884 0.70980394 0.69411767 0.69803923 0.70980394 0.4509804 0.52156866 0.6392157 0.5568628
0.36078432 0.34901962 0.34901962 0.3372549 0.32156864 0.34509805 0.3529412 0.3764706 0.43137255 0.50980395 0.56078434 0.6313726 0.7921569 0.827451 0.81960785 0.75686276 0.53333336 0.627451 0.654902 0.7137255 0.70980394 0.7411765 0.7411765 0.60784316 0.75686276 0.7882353 0.7490196 0.69803923 0.44313726 0.47843137 0.5411765 0.48235294
0.38431373 0.34901962 0.3529412 0.35686275 0.3647059 0.38039216 0.47058824 0.6392157 0.6901961 0.7176471 0.7882353 0.84313726 0.85490197 0.8627451 0.87058824 0.84313726 0.6862745 0.5764706 0.6156863 0.627451 0.6862745 0.7019608 0.6862745 0.5529412 0.7294118 0.8156863 0.8156863 0.78039217 0.5568628 0.4392157 0.43137255 0.39607844
0.40784314 0.42745098 0.37254903 0.35686275 0.36862746 0.47058824 0.7764706 0.83137256 0.7019608 0.57254905 0.6745098 0.83137256 0.84313726 0.8352941 0.84705883 0.8509804 0.8392157 0.83137256 0.68235296 0.62352943 0.65882355 0.6627451 0.61960787 0.5686275 0.68235296 0.8117647 0.8156863 0.83137256 0.78431374 0.6392157 0.41960785 0.4392157
0.3764706 0.4392157 0.35686275 0.3254902 0.3372549 0.53333336 0.8156863 0.85882354 0.83137256 0.78039217 0.8117647 0.8392157 0.8117647 0.8 0.79607844 0.80784315 0.78039217 0.8156863 0.74509805 0.7176471 0.6901961 0.6666667 0.63529414 0.6117647 0.6392157 0.7137255 0.8039216 0.8039216 0.6901961 0.6509804 0.50980395 0.42745098
0.3529412 0.43529412 0.43529412 0.37254903 0.40392157 0.654902 0.76862746 0.8156863 0.84705883 0.8627451 0.8784314 0.83137256 0.7647059 0.7529412 0.7411765 0.7137255 0.6745098 0.6431373 0.61960787 0.654902 0.64705884 0.62352943 0.62352943 0.6039216 0.63529414 0.61960787 0.6392157 0.62352943 0.654902 0.65882355 0.4117647 0.3372549
0.36862746 0.42352942 0.4117647 0.36862746 0.5176471 0.7411765 0.7607843 0.76862746 0.7529412 0.7607843 0.7882353 0.69803923 0.5764706 0.57254905 0.56078434 0.5254902 0.5411765 0.56078434 0.5647059 0.6156863 0.67058825 0.65882355 0.6666667 0.64705884 0.654902 0.7176471 0.654902 0.6 0.6745098 0.6039216 0.38039216 0.3019608
0.40784314 0.49803922 0.64705884 0.70980394 0.7764706 0.8117647 0.79607844 0.79607844 0.7882353 0.79607844 0.7764706 0.5921569 0.5686275 0.60784316 0.6156863 0.5921569 0.5921569 0.62352943 0.61960787 0.6 0.69803923 0.7058824 0.7019608 0.69411767 0.6862745 0.6666667 0.6509804 0.60784316 0.5803922 0.5647059 0.39607844 0.32941177
0.5921569 0.76862746 0.8039216 0.8352941 0.85882354 0.8627451 0.827451 0.76862746 0.8 0.827451 0.74509805 0.6117647 0.61960787 0.6039216 0.6039216 0.5647059 0.5568628 0.5882353 0.56078434 0.5294118 0.70980394 0.72156864 0.7176471 0.70980394 0.6862745 0.69803923 0.69803923 0.627451 0.5882353 0.5176471 0.40392157 0.32941177
0.78039217 0.85882354 0.84313726 0.83137256 0.84313726 0.85490197 0.8627451 0.81960785 0.84313726 0.8352941 0.68235296 0.62352943 0.60784316 0.61960787 0.63529414 0.6313726 0.6431373 0.6627451 0.6666667 0.6901961 0.7372549 0.7372549 0.7294118 0.7176471 0.7019608 0.6784314 0.6862745 0.6392157 0.5803922 0.5647059 0.44705883 0.38431373
0.627451 0.7019608 0.77254903 0.8117647 0.8392157 0.84705883 0.85882354 0.81960785 0.8392157 0.8352941 0.7607843 0.7372549 0.73333335 0.7411765 0.76862746 0.76862746 0.75686276 0.7490196 0.73333335 0.73333335 0.72156864 0.70980394 0.69803923 0.6745098 0.654902 0.6392157 0.627451 0.627451 0.6313726 0.61960787 0.52156866 0.5137255
0.5647059 0.4117647 0.41960785 0.4862745 0.5529412 0.62352943 0.6784314 0.69803923 0.70980394 0.7254902 0.7254902 0.6784314 0.6666667 0.67058825 0.69803923 0.69803923 0.68235296 0.6745098 0.65882355 0.6627451 0.654902 0.654902 0.6392157 0.62352943 0.63529414 0.63529414 0.6431373 0.6666667 0.6627451 0.59607846 0.3647059 0.39607844
0.7607843 0.5137255 0.42745098 0.38431373 0.36078432 0.35686275 0.3764706 0.39607844 0.38431373 0.39215687 0.41568628 0.4392157 0.4627451 0.5411765 0.5921569 0.61960787 0.627451 0.63529414 0.6431373 0.6313726 0.6392157 0.6509804 0.654902 0.6509804 0.67058825 0.6784314 0.6745098 0.65882355 0.61960787 0.5254902 0.34901962 0.40784314
0.73333335 0.61960787 0.49019608 0.4745098 0.47058824 0.45882353 0.45490196 0.43529412 0.4117647 0.40784314 0.42352942 0.4509804 0.5058824 0.5882353 0.63529414 0.65882355 0.6666667 0.6862745 0.69803923 0.7019608 0.69411767 0.69411767 0.6862745 0.6745098 0.6745098 0.65882355 0.6392157 0.6 0.54509807 0.44705883 0.43529412 0.56078434
0.47058824 0.5019608 0.5019608 0.5058824 0.4862745 0.4627451 0.4627451 0.45882353 0.45490196 0.47058824 0.49803922 0.53333336 0.57254905 0.627451 0.6627451 0.6901961 0.7058824 0.7176471 0.7137255 0.7058824 0.68235296 0.6745098 0.67058825 0.6509804 0.627451 0.6117647 0.5647059 0.53333336 0.45882353 0.3647059 0.41568628 0.54901963
0.30588236 0.35686275 0.48235294 0.5058824 0.49411765 0.4627451 0.4627451 0.47058824 0.46666667 0.47058824 0.5019608 0.5294118 0.5686275 0.62352943 0.654902 0.68235296 0.7019608 0.70980394 0.70980394 0.6901961 0.6627451 0.64705884 0.6392157 0.6039216 0.5568628 0.5529412 0.54901963 0.5686275 0.4862745 0.4627451 0.64705884 0.72156864
0.2901961 0.32156864 0.45490196 0.5019608 0.4862745 0.47058824 0.4627451 0.47843137 0.47058824 0.48235294 0.5137255 0.5294118 0.56078434 0.6039216 0.6392157 0.6666667 0.6862745 0.69803923 0.6862745 0.654902 0.6313726 0.6431373 0.63529414 0.6156863 0.5882353 0.6313726 0.6392157 0.6745098 0.64705884 0.6627451 0.76862746 0.79607844
0.2784314 0.26666668 0.40784314 0.4862745 0.48235294 0.4745098 0.47843137 0.47843137 0.47843137 0.49411765 0.5176471 0.5372549 0.5647059 0.59607846 0.627451 0.64705884 0.6509804 0.6392157 0.6313726 0.6039216 0.6156863 0.6901961 0.6745098 0.7019608 0.7254902 0.73333335 0.72156864 0.7176471 0.7411765 0.77254903 0.8039216 0.81960785
0.30588236 0.32941177 0.38039216 0.4627451 0.49019608 0.47843137 0.4862745 0.47843137 0.48235294 0.48235294 0.49411765 0.5019608 0.52156866 0.5372549 0.5529412 0.5529412 0.5686275 0.5647059 0.58431375 0.6 0.63529414 0.7058824 0.68235296 0.69411767 0.7294118 0.7490196 0.75686276 0.7647059 0.78039217 0.79607844 0.7882353 0.79607844
0.3254902 0.3529412 0.34901962 0.39215687 0.42745098 0.40392157 0.4117647 0.44313726 0.45490196 0.40784314 0.42745098 0.44313726 0.4509804 0.45490196 0.4862745 0.50980395 0.58431375 0.6431373 0.6509804 0.67058825 0.6784314 0.7254902 0.69803923 0.6901961 0.7058824 0.75686276 0.7764706 0.7921569 0.78431374 0.7882353 0.7882353 0.7764706
0.2901961 0.2784314 0.3019608 0.3764706 0.2901961 0.2627451 0.3019608 0.39215687 0.4392157 0.36078432 0.38039216 0.43529412 0.4627451 0.5058824 0.5686275 0.63529414 0.70980394 0.7647059 0.7647059 0.7647059 0.7607843 0.79607844 0.7882353 0.73333335 0.7058824 0.77254903 0.7764706 0.7764706 0.78039217 0.80784315 0.8117647 0.80784315
0.28235295 0.30588236 0.3372549 0.40392157 0.43137255 0.2901961 0.2627451 0.3019608 0.3882353 0.39215687 0.40784314 0.4509804 0.4745098 0.54509807 0.61960787 0.6901961 0.76862746 0.80784315 0.81960785 0.8117647 0.8 0.81960785 0.83137256 0.8117647 0.79607844 0.8 0.7882353 0.7882353 0.7921569 0.80784315 0.8117647 0.8117647
0.29411766 0.2901961 0.31764707 0.3529412 0.42352942 0.36078432 0.21176471 0.1882353 0.22352941 0.2627451 0.32941177 0.41568628 0.46666667 0.5882353 0.65882355 0.72156864 0.79607844 0.8235294 0.83137256 0.80784315 0.8 0.8117647 0.8235294 0.83137256 0.83137256 0.83137256 0.8235294 0.8156863 0.8117647 0.8039216 0.7882353 0.7764706
0.46666667 0.47843137 0.4627451 0.4627451 0.49019608 0.4862745 0.48235294 0.4627451 0.48235294 0.45882353 0.4509804 0.4745098 0.49019608 0.45490196 0.44705883 0.45882353 0.44313726 0.44313726 0.42352942 0.42352942 0.5058824 0.4862745 0.42352942 0.43137255 0.4509804 0.44313726 0.42352942 0.42745098 0.43137255 0.42352942 0.44313726 0.43529412
0.4509804 0.4392157 0.4509804 0.4745098 0.4509804 0.44705883 0.4392157 0.47058824 0.4627451 0.41960785 0.44705883 0.4745098 0.45490196 0.42352942 0.42745098 0.43137255 0.42352942 0.4 0.42745098 0.43137255 0.49019608 0.48235294 0.41568628 0.42352942 0.41568628 0.40392157 0.41960785 0.40784314 0.4 0.40392157 0.39215687 0.41960785
0.46666667 0.45882353 0.47843137 0.47058824 0.45882353 0.4627451 0.4627451 0.4627451 0.41568628 0.42745098 0.45490196 0.44313726 0.4627451 0.45882353 0.42352942 0.4117647 0.44313726 0.5921569 0.62352943 0.5372549 0.48235294 0.45490196 0.40784314 0.38431373 0.3764706 0.38431373 0.4117647 0.38431373 0.3529412 0.35686275 0.3764706 0.40392157
0.44705883 0.47843137 0.4627451 0.44313726 0.42745098 0.44313726 0.45882353 0.4509804 0.44705883 0.47058824 0.45490196 0.45490196 0.46666667 0.44705883 0.4392157 0.43137255 0.50980395 0.76862746 0.7490196 0.7882353 0.69803923 0.54509807 0.49411765 0.4 0.34117648 0.37254903 0.38431373 0.3882353 0.37254903 0.34509805 0.34901962 0.40784314
0.47843137 0.48235294 0.41568628 0.4 0.4 0.40392157 0.38039216 0.39607844 0.44705883 0.44313726 0.4117647 0.40784314 0.43137255 0.44705883 0.4392157 0.4117647 0.58431375 0.6156863 0.43529412 0.49803922 0.6039216 0.7647059 0.78039217 0.60784316 0.37254903 0.36078432 0.4117647 0.42745098 0.36862746 0.3647059 0.4117647 0.4862745
0.45882353 0.44705883 0.41960785 0.39215687 0.41568628 0.4392157 0.4392157 0.43529412 0.44705883 0.43529412 0.4392157 0.44313726 0.42745098 0.41568628 0.5529412 0.57254905 0.61960787 0.45882353 0.31764707 0.35686275 0.34509805 0.47058824 0.7019608 0.64705884 0.37254903 0.35686275 0.4 0.39215687 0.3647059 0.42352942 0.5294118 0.58431375
0.45490196 0.45490196 0.43529412 0.40392157 0.41960785 0.42352942 0.41960785 0.43137255 0.4627451 0.4627451 0.44705883 0.44313726 0.44705883 0.44313726 0.6039216 0.654902 0.61960787 0.45882353 0.42352942 0.44313726 0.41568628 0.41960785 0.58431375 0.5058824 0.39607844 0.39215687 0.4117647 0.46666667 0.5019608 0.627451 0.62352943 0.63529414
0.45882353 0.45882353 0.43137255 0.40784314 0.4117647 0.42745098 0.43529412 0.44313726 0.43529412 0.43137255 0.43529412 0.44313726 0.44313726 0.48235294 0.50980395 0.52156866 0.7019608 0.7294118 0.5803922 0.5568628 0.5254902 0.5058824 0.59607846 0.43137255 0.3764706 0.4509804 0.6039216 0.6745098 0.5764706 0.6901961 0.60784316 0.6431373
0.45490196 0.4627451 0.4117647 0.42352942 0.45882353 0.47058824 0.4509804 0.44705883 0.4627451 0.4627451 0.46666667 0.44313726 0.4509804 0.5372549 0.5294118 0.5764706 0.69803923 0.73333335 0.5686275 0.6 0.52156866 0.53333336 0.53333336 0.5176471 0.5686275 0.6156863 0.7176471 0.70980394 0.49803922 0.5764706 0.5803922 0.6117647
0.44705883 0.42745098 0.42352942 0.43529412 0.40392157 0.39607844 0.42745098 0.45882353 0.44705883 0.43529412 0.45490196 0.41568628 0.5411765 0.69803923 0.6627451 0.6627451 0.6039216 0.6784314 0.654902 0.65882355 0.5411765 0.6509804 0.6313726 0.63529414 0.70980394 0.69803923 0.7019608 0.7137255 0.45882353 0.5294118 0.65882355 0.58431375
0.41960785 0.4117647 0.40784314 0.4 0.38431373 0.40392157 0.4117647 0.43137255 0.4862745 0.5686275 0.6156863 0.6666667 0.8039216 0.8392157 0.83137256 0.7647059 0.52156866 0.627451 0.6666667 0.7254902 0.67058825 0.69803923 0.69803923 0.5647059 0.7490196 0.7921569 0.7529412 0.69803923 0.42745098 0.46666667 0.54901963 0.5137255
0.4392157 0.40392157 0.40784314 0.42352942 0.42352942 0.42745098 0.50980395 0.6745098 0.7254902 0.7529412 0.8235294 0.85882354 0.8509804 0.85490197 0.8666667 0.8352941 0.6745098 0.5803922 0.6313726 0.64705884 0.67058825 0.6862745 0.67058825 0.53333336 0.72156864 0.8117647 0.8117647 0.7764706 0.5294118 0.41568628 0.44313726 0.43529412
0.4627451 0.48235294 0.42745098 0.41568628 0.41960785 0.5019608 0.7921569 0.84313726 0.7137255 0.58431375 0.6862745 0.83137256 0.827451 0.8156863 0.83137256 0.83137256 0.827451 0.83137256 0.69411767 0.64705884 0.6901961 0.69803923 0.654902 0.6 0.6784314 0.8 0.8039216 0.8156863 0.75686276 0.61960787 0.43529412 0.49019608
0.43137255 0.49411765 0.40784314 0.38431373 0.38431373 0.5529412 0.80784315 0.84705883 0.81960785 0.76862746 0.8 0.827451 0.8039216 0.7921569 0.7882353 0.8 0.77254903 0.8156863 0.75686276 0.74509805 0.7411765 0.7176471 0.6901961 0.6627451 0.6313726 0.69411767 0.78431374 0.78431374 0.6745098 0.64705884 0.5372549 0.4862745
0.4 0.48235294 0.48235294 0.42745098 0.44313726 0.6627451 0.74509805 0.7882353 0.81960785 0.8352941 0.8509804 0.81960785 0.76862746 0.75686276 0.74509805 0.7137255 0.6627451 0.6431373 0.63529414 0.6784314 0.6666667 0.6392157 0.6431373 0.62352943 0.6156863 0.5921569 0.6117647 0.6 0.654902 0.68235296 0.45490196 0.4
0.41568628 0.46666667 0.45490196 0.42352942 0.5529412 0.74509805 0.73333335 0.73333335 0.7176471 0.7254902 0.7529412 0.6862745 0.5921569 0.5882353 0.5764706 0.53333336 0.53333336 0.5647059 0.5803922 0.6313726 0.64705884 0.6313726 0.6392157 0.61960787 0.627451 0.69411767 0.6313726 0.5764706 0.6901961 0.6509804 0.43137255 0.36078432
0.42745098 0.5019608 0.6392157 0.72156864 0.7882353 0.80784315 0.78431374 0.78431374 0.78039217 0.7882353 0.76862746 0.5921569 0.5764706 0.6039216 0.6039216 0.58431375 0.6039216 0.6392157 0.6431373 0.6156863 0.6901961 0.69411767 0.6901961 0.68235296 0.69411767 0.68235296 0.6745098 0.6392157 0.6431373 0.63529414 0.46666667 0.3882353
0.6039216 0.75686276 0.7764706 0.8156863 0.84705883 0.85490197 0.8156863 0.7647059 0.8 0.827451 0.74509805 0.6117647 0.61960787 0.5921569 0.5803922 0.54901963 0.5764706 0.6117647 0.58431375 0.54901963 0.7137255 0.7254902 0.72156864 0.7137255 0.7019608 0.7254902 0.7372549 0.6784314 0.6627451 0.5921569 0.46666667 0.3764706
0.79607844 0.85490197 0.8235294 0.8117647 0.8235294 0.8352941 0.84313726 0.8039216 0.83137256 0.8235294 0.6745098 0.61960787 0.6117647 0.6117647 0.6156863 0.6156863 0.6627451 0.68235296 0.6862745 0.70980394 0.7411765 0.7411765 0.73333335 0.72156864 0.7019608 0.6862745 0.70980394 0.67058825 0.63529414 0.61960787 0.48235294 0.40784314
0.6431373 0.7058824 0.76862746 0.7921569 0.8156863 0.8235294 0.8352941 0.8 0.8235294 0.8156863 0.74509805 0.7372549 0.7490196 0.7411765 0.7529412 0.75686276 0.7647059 0.7607843 0.7411765 0.74509805 0.7254902 0.7137255 0.7019608 0.6745098 0.6431373 0.627451 0.6313726 0.64705884 0.6627451 0.64705884 0.5372549 0.5176471
0.58431375 0.42352942 0.43137255 0.4745098 0.5372549 0.60784316 0.6627451 0.6862745 0.7019608 0.7137255 0.7176471 0.68235296 0.6901961 0.6784314 0.6901961 0.6901961 0.68235296 0.6784314 0.6627451 0.6666667 0.65882355 0.65882355 0.6431373 0.62352943 0.6156863 0.6156863 0.6392157 0.68235296 0.68235296 0.6117647 0.3647059 0.38431373
0.78039217 0.5372549 0.45490196 0.39215687 0.3647059 0.36078432 0.38039216 0.40392157 0.39607844 0.40392157 0.42352942 0.45490196 0.4862745 0.5568628 0.5921569 0.6117647 0.627451 0.6392157 0.6431373 0.63529414 0.6431373 0.654902 0.65882355 0.654902 0.654902 0.6627451 0.6784314 0.6784314 0.6392157 0.5372549 0.34901962 0.39607844
0.7529412 0.654902 0.53333336 0.50980395 0.5019608 0.49019608 0.48235294 0.4627451 0.44313726 0.4392157 0.45490196 0.4862745 0.53333336 0.6117647 0.6431373 0.654902 0.6627451 0.68235296 0.69411767 0.69803923 0.69411767 0.69803923 0.6901961 0.6784314 0.67058825 0.6627451 0.65882355 0.627451 0.5764706 0.47058824 0.44313726 0.5568628
0.49019608 0.54509807 0.5568628 0.5647059 0.54509807 0.52156866 0.52156866 0.5176471 0.5137255 0.5254902 0.5568628 0.58431375 0.60784316 0.6509804 0.6745098 0.6901961 0.6901961 0.7058824 0.69803923 0.69803923 0.6862745 0.6784314 0.6745098 0.654902 0.6431373 0.63529414 0.6039216 0.58431375 0.50980395 0.40392157 0.4392157 0.56078434
0.3254902 0.39607844 0.5411765 0.5764706 0.5686275 0.5372549 0.5372549 0.5411765 0.5372549 0.54509807 0.57254905 0.5921569 0.6117647 0.6509804 0.6745098 0.6901961 0.7019608 0.7058824 0.7058824 0.6901961 0.6666667 0.6509804 0.6431373 0.60784316 0.5686275 0.5764706 0.58431375 0.6117647 0.5294118 0.49411765 0.6666667 0.73333335
0.3019608 0.34901962 0.49411765 0.56078434 0.5568628 0.54509807 0.54901963 0.5372549 0.52156866 0.54901963 0.5882353 0.59607846 0.6117647 0.64705884 0.6745098 0.69411767 0.7137255 0.7254902 0.7137255 0.6784314 0.63529414 0.64705884 0.6392157 0.61960787 0.58431375 0.62352943 0.63529414 0.67058825 0.6392157 0.6509804 0.75686276 0.78039217
0.28627452 0.2901961 0.44705883 0.5411765 0.54509807 0.54509807 0.5529412 0.5372549 0.53333336 0.5647059 0.6 0.6117647 0.61960787 0.64705884 0.67058825 0.68235296 0.68235296 0.67058825 0.6627451 0.6313726 0.62352943 0.69411767 0.6784314 0.7058824 0.7176471 0.72156864 0.70980394 0.7058824 0.72156864 0.7490196 0.78039217 0.8
0.31764707 0.3529412 0.41568628 0.5137255 0.54509807 0.53333336 0.54509807 0.53333336 0.54509807 0.5568628 0.58431375 0.58431375 0.5882353 0.5921569 0.6039216 0.5921569 0.5921569 0.5921569 0.60784316 0.62352943 0.6431373 0.70980394 0.6862745 0.69411767 0.7137255 0.73333335 0.7411765 0.7490196 0.7607843 0.7764706 0.76862746 0.7764706
0.33333334 0.38039216 0.38431373 0.4392157 0.4745098 0.44313726 0.44313726 0.48235294 0.50980395 0.4745098 0.50980395 0.52156866 0.5176471 0.5137255 0.53333336 0.54901963 0.6039216 0.6627451 0.67058825 0.6862745 0.68235296 0.7254902 0.69803923 0.6901961 0.6901961 0.7372549 0.75686276 0.77254903 0.7647059 0.76862746 0.76862746 0.75686276
0.29803923 0.3019608 0.3372549 0.41960785 0.32156864 0.2784314 0.3019608 0.4117647 0.48235294 0.4117647 0.44705883 0.5058824 0.5254902 0.56078434 0.6156863 0.67058825 0.72156864 0.7764706 0.7764706 0.77254903 0.7607843 0.79607844 0.7882353 0.73333335 0.6901961 0.7529412 0.75686276 0.75686276 0.7607843 0.7882353 0.7921569 0.7882353
0.2901961 0.32941177 0.37254903 0.43529412 0.4509804 0.28627452 0.23529412 0.29411766 0.4 0.41960785 0.44705883 0.49803922 0.5254902 0.5882353 0.6509804 0.7137255 0.76862746 0.8117647 0.8235294 0.8117647 0.8 0.81960785 0.83137256 0.80784315 0.7764706 0.78039217 0.76862746 0.76862746 0.77254903 0.7882353 0.7921569 0.7921569
0.30588236 0.3137255 0.35686275 0.38039216 0.43137255 0.33333334 0.16078432 0.14901961 0.20392157 0.25490198 0.33333334 0.43529412 0.5019608 0.6117647 0.6745098 0.7294118 0.79607844 0.8235294 0.83137256 0.80784315 0.79607844 0.80784315 0.81960785 0.827451 0.8117647 0.80784315 0.8 0.7921569 0.7921569 0.78431374 0.76862746 0.75686276
9 0 1
28 0 0
31 12 2
26 31 2
3 31 0
0 7 1
0 13 2
18 0 2
31 29 2
31 21 0
23 31 2
1 31 0
0 23 0
8 31 2
0 21 2
31 23 1
25 31 1
31 6 1
27 31 1
27 31 2
0 9 2
0 27 0
0 10 2
0 0 2
19 31 0
31 31 2
0 9 0
31 11 1
6 0 0
0 24 1
