32, 32, 3, 30
0.93333334 0.92941177 0.93333334 0.93333334 0.9411765 0.94509804 0.9490196 0.9490196 0.9372549 0.9372549 0.93333334 0.92941177 0.9372549 0.9372549 0.93333334 0.9411765 0.94509804 0.9411765 0.9490196 0.8980392 0.91764706 0.7607843 0.5686275 0.5882353 0.5647059 0.5294118 0.4 0.40392157 0.48235294 0.5372549 0.5254902 0.5411765
0.9529412 0.9490196 0.95686275 0.95686275 0.9607843 0.9647059 0.9647059 0.96862745 0.96862745 0.9607843 0.9411765 0.92156863 0.9019608 0.92156863 0.9490196 0.9647059 0.9647059 0.972549 0.9411765 0.7529412 0.7647059 0.7019608 0.6392157 0.67058825 0.5882353 0.56078434 0.37254903 0.34509805 0.4509804 0.4627451 0.5294118 0.6
0.972549 0.96862745 0.972549 0.972549 0.972549 0.9764706 0.9764706 0.9764706 0.9647059 0.8392157 0.7137255 0.69411767 0.64705884 0.7058824 0.85882354 0.972549 0.972549 0.9372549 0.7882353 0.6156863 0.6039216 0.7019608 0.67058825 0.6627451 0.5411765 0.5254902 0.3764706 0.34509805 0.48235294 0.47843137 0.5019608 0.5137255
0.99607843 0.9882353 0.99215686 0.99215686 0.9843137 0.9843137 0.9882353 0.99215686 0.87058824 0.65882355 0.49411765 0.5176471 0.4745098 0.5372549 0.7294118 0.9137255 0.9019608 0.8117647 0.68235296 0.5686275 0.53333336 0.7137255 0.64705884 0.6431373 0.53333336 0.49803922 0.3764706 0.38039216 0.52156866 0.5058824 0.49803922 0.5176471
1.0 0.99607843 0.99607843 1.0 0.9882353 0.98039216 0.99215686 0.92941177 0.7529412 0.70980394 0.56078434 0.53333336 0.49411765 0.5372549 0.5764706 0.64705884 0.6509804 0.72156864 0.7176471 0.58431375 0.5019608 0.69411767 0.67058825 0.6862745 0.6313726 0.48235294 0.3882353 0.43529412 0.5058824 0.5137255 0.5254902 0.59607846
1.0 0.99215686 0.99607843 0.99215686 0.9843137 0.972549 0.9882353 0.8235294 0.7294118 0.74509805 0.58431375 0.5372549 0.5568628 0.4627451 0.5019608 0.5058824 0.49803922 0.68235296 0.7019608 0.5764706 0.50980395 0.7176471 0.7137255 0.7019608 0.6039216 0.42352942 0.4509804 0.49411765 0.47058824 0.5294118 0.5568628 0.5647059
0.99607843 0.9882353 0.9882353 0.9843137 0.9764706 0.9764706 0.972549 0.7647059 0.7176471 0.7490196 0.5803922 0.5803922 0.62352943 0.4117647 0.45490196 0.49019608 0.5019608 0.62352943 0.72156864 0.6156863 0.57254905 0.7294118 0.68235296 0.5686275 0.46666667 0.35686275 0.4862745 0.5411765 0.42352942 0.58431375 0.5921569 0.5058824
0.9882353 0.9764706 0.972549 0.95686275 0.9607843 0.9490196 0.83137256 0.6627451 0.68235296 0.7490196 0.6039216 0.60784316 0.64705884 0.40784314 0.40392157 0.49019608 0.57254905 0.5686275 0.6745098 0.6509804 0.58431375 0.64705884 0.5764706 0.52156866 0.47843137 0.41568628 0.5019608 0.5921569 0.38039216 0.5411765 0.5411765 0.54901963
0.98039216 0.972549 0.9764706 0.8156863 0.7176471 0.7058824 0.5647059 0.627451 0.7137255 0.7058824 0.61960787 0.59607846 0.60784316 0.50980395 0.47843137 0.47843137 0.5294118 0.39607844 0.4627451 0.5372549 0.47843137 0.5686275 0.6117647 0.6392157 0.5137255 0.50980395 0.5686275 0.5372549 0.45882353 0.6039216 0.6039216 0.5647059
0.9882353 0.98039216 0.9254902 0.7176471 0.5686275 0.6 0.5686275 0.6392157 0.69411767 0.6117647 0.52156866 0.50980395 0.4627451 0.43137255 0.30588236 0.23529412 0.39215687 0.28235295 0.30980393 0.47058824 0.49803922 0.5372549 0.63529414 0.6392157 0.5019608 0.46666667 0.52156866 0.54901963 0.6156863 0.62352943 0.5803922 0.49411765
0.9843137 0.9843137 0.7882353 0.6 0.6392157 0.6627451 0.58431375 0.6 0.6156863 0.5137255 0.5019608 0.49803922 0.4745098 0.36862746 0.16470589 0.16862746 0.37254903 0.29411766 0.2784314 0.43529412 0.5372549 0.5058824 0.53333336 0.56078434 0.5176471 0.44313726 0.52156866 0.6 0.6313726 0.54901963 0.5058824 0.5137255
0.9764706 0.98039216 0.78039217 0.6039216 0.654902 0.654902 0.5372549 0.5764706 0.59607846 0.47058824 0.46666667 0.43529412 0.40392157 0.2509804 0.12156863 0.16862746 0.38039216 0.31764707 0.2784314 0.4 0.54509807 0.4862745 0.4862745 0.52156866 0.54901963 0.5058824 0.5294118 0.5568628 0.56078434 0.5176471 0.5294118 0.5411765
0.9843137 0.9647059 0.7607843 0.6039216 0.64705884 0.6313726 0.5058824 0.63529414 0.60784316 0.35686275 0.27450982 0.20784314 0.16862746 0.12941177 0.13725491 0.18431373 0.4117647 0.36078432 0.28235295 0.36862746 0.5529412 0.49019608 0.4745098 0.5019608 0.54901963 0.5058824 0.49803922 0.5137255 0.53333336 0.54509807 0.56078434 0.5921569
0.99607843 0.9019608 0.6509804 0.5647059 0.61960787 0.6431373 0.5254902 0.5764706 0.41568628 0.25882354 0.2 0.12156863 0.105882354 0.13725491 0.19215687 0.22745098 0.4392157 0.41568628 0.3254902 0.36862746 0.53333336 0.48235294 0.4627451 0.47058824 0.52156866 0.49019608 0.48235294 0.49803922 0.52156866 0.5411765 0.54901963 0.627451
1.0 0.85882354 0.6039216 0.5764706 0.58431375 0.57254905 0.5411765 0.36862746 0.18431373 0.14901961 0.16470589 0.13725491 0.14509805 0.19215687 0.1882353 0.19607843 0.49411765 0.4745098 0.34117648 0.3529412 0.4862745 0.47843137 0.4745098 0.48235294 0.49411765 0.4745098 0.47058824 0.48235294 0.49803922 0.5176471 0.52156866 0.6
0.8980392 0.69803923 0.52156866 0.56078434 0.5411765 0.5254902 0.53333336 0.34901962 0.25490198 0.20392157 0.21960784 0.21568628 0.23137255 0.2509804 0.14117648 0.12941177 0.5176471 0.5137255 0.3372549 0.36078432 0.49411765 0.47843137 0.47843137 0.49019608 0.48235294 0.46666667 0.45882353 0.46666667 0.48235294 0.49803922 0.50980395 0.60784316
0.5176471 0.4627451 0.4745098 0.53333336 0.58431375 0.6 0.5254902 0.36862746 0.2784314 0.28235295 0.27058825 0.21176471 0.21960784 0.22352941 0.16470589 0.16078432 0.4862745 0.5019608 0.33333334 0.36862746 0.49803922 0.4745098 0.48235294 0.47843137 0.4745098 0.45882353 0.44705883 0.4509804 0.46666667 0.4862745 0.49411765 0.5882353
0.43137255 0.46666667 0.5803922 0.56078434 0.59607846 0.6431373 0.5803922 0.48235294 0.38431373 0.36078432 0.40392157 0.27058825 0.16470589 0.19215687 0.3254902 0.25490198 0.4509804 0.47843137 0.34117648 0.36078432 0.47843137 0.46666667 0.4745098 0.46666667 0.45882353 0.44705883 0.4392157 0.44313726 0.45490196 0.47058824 0.47843137 0.5686275
0.47058824 0.48235294 0.58431375 0.5647059 0.50980395 0.5058824 0.4627451 0.4509804 0.4392157 0.34901962 0.35686275 0.25490198 0.15294118 0.20784314 0.50980395 0.3372549 0.39215687 0.45490196 0.3372549 0.36078432 0.47058824 0.44705883 0.4509804 0.45490196 0.44705883 0.4392157 0.43529412 0.4392157 0.4509804 0.4627451 0.4745098 0.5686275
0.49411765 0.5058824 0.5764706 0.5294118 0.34509805 0.29803923 0.28235295 0.2627451 0.36862746 0.34117648 0.23921569 0.21568628 0.16078432 0.16470589 0.49019608 0.35686275 0.39215687 0.44313726 0.32156864 0.3529412 0.4627451 0.42745098 0.42745098 0.43529412 0.42745098 0.42745098 0.42745098 0.43137255 0.44313726 0.45490196 0.45490196 0.59607846
0.54901963 0.58431375 0.61960787 0.5647059 0.3019608 0.24705882 0.2509804 0.1882353 0.35686275 0.31764707 0.16862746 0.2 0.15686275 0.09411765 0.41960785 0.34117648 0.35686275 0.42745098 0.32156864 0.3372549 0.4509804 0.4117647 0.35686275 0.38039216 0.43137255 0.3647059 0.31764707 0.29803923 0.2784314 0.28235295 0.30980393 0.54901963
0.5058824 0.53333336 0.5686275 0.5568628 0.29803923 0.22745098 0.22352941 0.2 0.3372549 0.23529412 0.13333334 0.18039216 0.16862746 0.15294118 0.38431373 0.3137255 0.3137255 0.43137255 0.3882353 0.2901961 0.30588236 0.3254902 0.30588236 0.3647059 0.59607846 0.2509804 0.101960786 0.1254902 0.11372549 0.101960786 0.22352941 0.57254905
0.52156866 0.5137255 0.5176471 0.46666667 0.27058825 0.21176471 0.20784314 0.1882353 0.2901961 0.30980393 0.36078432 0.22745098 0.09019608 0.26666668 0.35686275 0.21568628 0.27058825 0.3882353 0.3764706 0.31764707 0.20784314 0.19607843 0.3764706 0.52156866 0.70980394 0.19607843 0.08627451 0.34509805 0.31764707 0.09411765 0.27058825 0.64705884
0.64705884 0.61960787 0.41568628 0.30980393 0.2627451 0.23921569 0.24705882 0.22745098 0.2901961 0.24313726 0.26666668 0.19607843 0.07450981 0.2 0.25490198 0.3019608 0.41568628 0.5019608 0.43529412 0.34901962 0.23921569 0.21176471 0.3764706 0.50980395 0.627451 0.3764706 0.29411766 0.34509805 0.29411766 0.18431373 0.27450982 0.43529412
0.70980394 0.6784314 0.4627451 0.34117648 0.2901961 0.3137255 0.31764707 0.29803923 0.2901961 0.28627452 0.28235295 0.19607843 0.17254902 0.16078432 0.20784314 0.31764707 0.38039216 0.3764706 0.23137255 0.14509805 0.19607843 0.19607843 0.26666668 0.26666668 0.30980393 0.2901961 0.29411766 0.28627452 0.29803923 0.3254902 0.34117648 0.34901962
0.72156864 0.7019608 0.5882353 0.49803922 0.4862745 0.52156866 0.46666667 0.5176471 0.4745098 0.56078434 0.5921569 0.35686275 0.2901961 0.15686275 0.18431373 0.19607843 0.18431373 0.15294118 0.09019608 0.06666667 0.12156863 0.16862746 0.2509804 0.28627452 0.3019608 0.3137255 0.3372549 0.36078432 0.36862746 0.36078432 0.3647059 0.38431373
0.7254902 0.7294118 0.6039216 0.4392157 0.45882353 0.5411765 0.56078434 0.5254902 0.4862745 0.5058824 0.49803922 0.29803923 0.25882354 0.13725491 0.17254902 0.19215687 0.18431373 0.18431373 0.21960784 0.24705882 0.2784314 0.36078432 0.3764706 0.38431373 0.4117647 0.43137255 0.44313726 0.4392157 0.44705883 0.4509804 0.43137255 0.44313726
0.7254902 0.7647059 0.6156863 0.23921569 0.15686275 0.4392157 0.5803922 0.4627451 0.3764706 0.3137255 0.23137255 0.14901961 0.18039216 0.12941177 0.12941177 0.1764706 0.22745098 0.28235295 0.3137255 0.33333334 0.35686275 0.3882353 0.39607844 0.4117647 0.44313726 0.45490196 0.4627451 0.47058824 0.48235294 0.48235294 0.49019608 0.50980395
0.73333335 0.75686276 0.6862745 0.3764706 0.2509804 0.40784314 0.42745098 0.3647059 0.3019608 0.21176471 0.16078432 0.12941177 0.14901961 0.19607843 0.24705882 0.2901961 0.32941177 0.36078432 0.37254903 0.3882353 0.40784314 0.44705883 0.49411765 0.52156866 0.5372549 0.5372549 0.52156866 0.52156866 0.52156866 0.5372549 0.5647059 0.5686275
0.7176471 0.7137255 0.69411767 0.6392157 0.6039216 0.59607846 0.54509807 0.49411765 0.47843137 0.46666667 0.44313726 0.42352942 0.42352942 0.4509804 0.4745098 0.49411765 0.5137255 0.50980395 0.5137255 0.5529412 0.59607846 0.6431373 0.6862745 0.7019608 0.69803923 0.69411767 0.6784314 0.6666667 0.6784314 0.70980394 0.72156864 0.7058824
0.72156864 0.7294118 0.7490196 0.7647059 0.7647059 0.7607843 0.7490196 0.7411765 0.7372549 0.73333335 0.7294118 0.73333335 0.73333335 0.7254902 0.72156864 0.7254902 0.72156864 0.7176471 0.7254902 0.73333335 0.7372549 0.7490196 0.74509805 0.7647059 0.7607843 0.73333335 0.7372549 0.7490196 0.78039217 0.8039216 0.7882353 0.78039217
0.7529412 0.7647059 0.7607843 0.77254903 0.7647059 0.7490196 0.7490196 0.75686276 0.75686276 0.7607843 0.76862746 0.78431374 0.78039217 0.76862746 0.7647059 0.78431374 0.8 0.8117647 0.8117647 0.78039217 0.75686276 0.7529412 0.75686276 0.75686276 0.7254902 0.7176471 0.7490196 0.78431374 0.8235294 0.8117647 0.8039216 0.8117647
0.9490196 0.9490196 0.9529412 0.9490196 0.9490196 0.9490196 0.9490196 0.9529412 0.9490196 0.9490196 0.9490196 0.9490196 0.9529412 0.95686275 0.9529412 0.9490196 0.9529412 0.9490196 0.9490196 0.89411765 0.9019608 0.7372549 0.5254902 0.53333336 0.5137255 0.49411765 0.3882353 0.39607844 0.45490196 0.5058824 0.5019608 0.5254902
0.9647059 0.9647059 0.96862745 0.96862745 0.96862745 0.96862745 0.96862745 0.972549 0.972549 0.9647059 0.9529412 0.93333334 0.91764706 0.9372549 0.9607843 0.972549 0.96862745 0.972549 0.93333334 0.7411765 0.74509805 0.6627451 0.58431375 0.60784316 0.5254902 0.5137255 0.35686275 0.3372549 0.42745098 0.42745098 0.5058824 0.5764706
0.9764706 0.972549 0.9764706 0.9764706 0.9764706 0.98039216 0.98039216 0.9764706 0.9647059 0.8352941 0.7176471 0.69803923 0.6509804 0.7058824 0.8627451 0.9764706 0.972549 0.92156863 0.7607843 0.59607846 0.5803922 0.6509804 0.6039216 0.5921569 0.4745098 0.47843137 0.36078432 0.34117648 0.45882353 0.44705883 0.47843137 0.49019608
0.99607843 0.99215686 0.99607843 0.99215686 0.99607843 0.99215686 0.99215686 0.9882353 0.85882354 0.6431373 0.48235294 0.50980395 0.46666667 0.5294118 0.72156864 0.9137255 0.89411765 0.78431374 0.6392157 0.5372549 0.50980395 0.65882355 0.5803922 0.57254905 0.4745098 0.45882353 0.36862746 0.3764706 0.49803922 0.4745098 0.47843137 0.49803922
1.0 0.99607843 0.99607843 1.0 0.99607843 0.99607843 0.99607843 0.92156863 0.73333335 0.68235296 0.54509807 0.5176471 0.47843137 0.52156866 0.56078434 0.6431373 0.6392157 0.6784314 0.65882355 0.54509807 0.4745098 0.6392157 0.60784316 0.62352943 0.58431375 0.45882353 0.38431373 0.43137255 0.48235294 0.48235294 0.5058824 0.5764706
1.0 0.99215686 0.99607843 0.99215686 0.99607843 0.99215686 0.99215686 0.8156863 0.7058824 0.70980394 0.5568628 0.5137255 0.5372549 0.4392157 0.47843137 0.49803922 0.4862745 0.63529414 0.63529414 0.53333336 0.48235294 0.67058825 0.65882355 0.6509804 0.57254905 0.41568628 0.45490196 0.49019608 0.4509804 0.49803922 0.5372549 0.54509807
1.0 0.99215686 0.99607843 0.99607843 0.99215686 0.9843137 0.972549 0.7529412 0.69411767 0.7176471 0.5529412 0.5529412 0.5882353 0.36862746 0.4117647 0.47058824 0.5019608 0.6039216 0.6509804 0.54901963 0.5294118 0.69411767 0.6509804 0.54901963 0.45882353 0.3647059 0.49411765 0.5372549 0.4117647 0.56078434 0.57254905 0.48235294
0.99607843 0.9843137 0.9843137 0.972549 0.96862745 0.9490196 0.81960785 0.6392157 0.6509804 0.7254902 0.60784316 0.62352943 0.6627451 0.41960785 0.42352942 0.5058824 0.58431375 0.57254905 0.61960787 0.5921569 0.54509807 0.6156863 0.54901963 0.5019608 0.4627451 0.4117647 0.49019608 0.5686275 0.36078432 0.5176471 0.5137255 0.5176471
0.9882353 0.98039216 0.9843137 0.8235294 0.72156864 0.69411767 0.5372549 0.5921569 0.68235296 0.69803923 0.65882355 0.6745098 0.7019608 0.6117647 0.6 0.5568628 0.5568628 0.41960785 0.45882353 0.54509807 0.48235294 0.5411765 0.57254905 0.6 0.47058824 0.47843137 0.5372549 0.49803922 0.42352942 0.57254905 0.5764706 0.5372549
0.99607843 0.9843137 0.9254902 0.7176471 0.5647059 0.5764706 0.52156866 0.5921569 0.6862745 0.6392157 0.58431375 0.6 0.5803922 0.5647059 0.44705883 0.34901962 0.4392157 0.31764707 0.35686275 0.5372549 0.5411765 0.5411765 0.6156863 0.6117647 0.46666667 0.44313726 0.49411765 0.5137255 0.5803922 0.59607846 0.5568628 0.4745098
0.99215686 0.9843137 0.78431374 0.5882353 0.62352943 0.6313726 0.53333336 0.56078434 0.654902 0.6156863 0.6039216 0.60784316 0.60784316 0.49019608 0.28235295 0.2784314 0.42745098 0.32941177 0.3529412 0.5372549 0.59607846 0.5372549 0.54901963 0.5568628 0.5137255 0.4627451 0.5254902 0.58431375 0.6117647 0.53333336 0.49411765 0.49411765
0.9882353 0.98039216 0.76862746 0.5803922 0.6313726 0.61960787 0.49019608 0.5647059 0.7019608 0.67058825 0.64705884 0.6117647 0.57254905 0.3764706 0.20392157 0.25490198 0.41568628 0.31764707 0.34901962 0.5058824 0.59607846 0.52156866 0.5019608 0.52156866 0.5568628 0.54901963 0.5647059 0.5686275 0.5647059 0.50980395 0.5176471 0.52156866
0.99607843 0.9647059 0.74509805 0.57254905 0.61960787 0.6 0.4627451 0.654902 0.77254903 0.6392157 0.56078434 0.48235294 0.40392157 0.28627452 0.22352941 0.2509804 0.40784314 0.32156864 0.3372549 0.46666667 0.58431375 0.50980395 0.47058824 0.48235294 0.54509807 0.54509807 0.5568628 0.5529412 0.5568628 0.54509807 0.54509807 0.5647059
1.0 0.8980392 0.6313726 0.5294118 0.5921569 0.62352943 0.5176471 0.64705884 0.5882353 0.4862745 0.41960785 0.33333334 0.29803923 0.2627451 0.24705882 0.25882354 0.41568628 0.36862746 0.3529412 0.44313726 0.5686275 0.52156866 0.4862745 0.47843137 0.5411765 0.54509807 0.5411765 0.54509807 0.5529412 0.5529412 0.54901963 0.60784316
1.0 0.85882354 0.5882353 0.5372549 0.5568628 0.5647059 0.5647059 0.4745098 0.34509805 0.29803923 0.2784314 0.25882354 0.26666668 0.2784314 0.21568628 0.20392157 0.4745098 0.44705883 0.35686275 0.4117647 0.53333336 0.54509807 0.53333336 0.5294118 0.54901963 0.5411765 0.5372549 0.5372549 0.5411765 0.54509807 0.5411765 0.59607846
0.9254902 0.70980394 0.5137255 0.5294118 0.5137255 0.50980395 0.5529412 0.4627451 0.42745098 0.35686275 0.34509805 0.36078432 0.38039216 0.3647059 0.19607843 0.15294118 0.5019608 0.49019608 0.34901962 0.4117647 0.5372549 0.5411765 0.5372549 0.5372549 0.5372549 0.5294118 0.5254902 0.5294118 0.5372549 0.5372549 0.5411765 0.6117647
0.56078434 0.48235294 0.46666667 0.5176471 0.5647059 0.5803922 0.5411765 0.47843137 0.44705883 0.43529412 0.3882353 0.34901962 0.3647059 0.3372549 0.21960784 0.18431373 0.47058824 0.47843137 0.34901962 0.41960785 0.5372549 0.53333336 0.5294118 0.5176471 0.5176471 0.5137255 0.5137255 0.52156866 0.5254902 0.5294118 0.5294118 0.6039216
0.4745098 0.47843137 0.5803922 0.56078434 0.6 0.6392157 0.6 0.5803922 0.5254902 0.4745098 0.47843137 0.3647059 0.27058825 0.26666668 0.34117648 0.2627451 0.4392157 0.45490196 0.35686275 0.4117647 0.5176471 0.52156866 0.5137255 0.49803922 0.49411765 0.49411765 0.5019608 0.50980395 0.50980395 0.5137255 0.50980395 0.5764706
0.49803922 0.48235294 0.5803922 0.5764706 0.54901963 0.54509807 0.5058824 0.54509807 0.54901963 0.4117647 0.4 0.32156864 0.23137255 0.25490198 0.49803922 0.32941177 0.3764706 0.43137255 0.3529412 0.41568628 0.50980395 0.49019608 0.47843137 0.47843137 0.47058824 0.48235294 0.49019608 0.49019608 0.49411765 0.49411765 0.49803922 0.5686275
0.49803922 0.49019608 0.5686275 0.5529412 0.41568628 0.3882353 0.35686275 0.35686275 0.44705883 0.36862746 0.28235295 0.29411766 0.24313726 0.21568628 0.4862745 0.3529412 0.37254903 0.41960785 0.3372549 0.40784314 0.5019608 0.46666667 0.4509804 0.44705883 0.44313726 0.45882353 0.47058824 0.47058824 0.47058824 0.47058824 0.4627451 0.5803922
0.54901963 0.57254905 0.62352943 0.59607846 0.3882353 0.36078432 0.3372549 0.27058825 0.4117647 0.33333334 0.22352941 0.28235295 0.23529412 0.13725491 0.42352942 0.3372549 0.34117648 0.40784314 0.32941177 0.37254903 0.47843137 0.43529412 0.36862746 0.3882353 0.44313726 0.38431373 0.34117648 0.32156864 0.2901961 0.28627452 0.30980393 0.53333336
0.50980395 0.54509807 0.59607846 0.6039216 0.38431373 0.34117648 0.31764707 0.27450982 0.38431373 0.27058825 0.19607843 0.24705882 0.21568628 0.17254902 0.3764706 0.30588236 0.30980393 0.43137255 0.3882353 0.29803923 0.30980393 0.33333334 0.30980393 0.36862746 0.6 0.25490198 0.10980392 0.12941177 0.11764706 0.105882354 0.22745098 0.5647059
0.5254902 0.53333336 0.5529412 0.5254902 0.36078432 0.31764707 0.30588236 0.27450982 0.3647059 0.3764706 0.41960785 0.2784314 0.12156863 0.27450982 0.34901962 0.21176471 0.27450982 0.39215687 0.3764706 0.31764707 0.20784314 0.19607843 0.3764706 0.52156866 0.70980394 0.19607843 0.08627451 0.34509805 0.31764707 0.09411765 0.27058825 0.64705884
0.64705884 0.6392157 0.45882353 0.38039216 0.34117648 0.31764707 0.32156864 0.29803923 0.35686275 0.30588236 0.30980393 0.22745098 0.101960786 0.21176471 0.25490198 0.30588236 0.42352942 0.5058824 0.4392157 0.34901962 0.23921569 0.21176471 0.3764706 0.50980395 0.627451 0.3764706 0.29411766 0.34509805 0.29411766 0.18431373 0.27450982 0.43529412
0.70980394 0.69803923 0.49803922 0.40784314 0.34509805 0.33333334 0.34117648 0.32156864 0.32156864 0.31764707 0.3019608 0.21568628 0.1882353 0.16862746 0.21176471 0.3254902 0.3882353 0.38431373 0.23529412 0.14509805 0.19215687 0.19607843 0.26666668 0.26666668 0.30980393 0.2901961 0.29411766 0.28627452 0.29803923 0.3254902 0.34117648 0.34901962
0.7137255 0.7058824 0.60784316 0.5372549 0.5058824 0.5058824 0.45490196 0.5058824 0.47058824 0.5568628 0.59607846 0.36078432 0.29411766 0.16078432 0.1882353 0.2 0.19215687 0.15686275 0.09411765 0.06666667 0.12156863 0.16862746 0.2509804 0.28627452 0.3019608 0.3137255 0.3372549 0.36078432 0.36862746 0.36078432 0.3647059 0.38431373
0.7137255 0.7254902 0.6 0.4392157 0.4627451 0.5411765 0.5529412 0.5176471 0.4745098 0.49411765 0.49019608 0.29411766 0.25882354 0.14117648 0.1764706 0.19607843 0.1882353 0.18431373 0.21960784 0.24705882 0.2784314 0.36078432 0.3764706 0.38431373 0.4117647 0.43137255 0.44313726 0.4392157 0.44705883 0.44705883 0.43137255 0.44313726
0.7137255 0.7529412 0.6 0.21960784 0.15294118 0.4509804 0.58431375 0.4627451 0.37254903 0.30980393 0.22745098 0.14901961 0.1882353 0.13725491 0.14117648 0.18039216 0.22745098 0.28235295 0.3137255 0.33333334 0.35686275 0.38431373 0.39215687 0.40392157 0.43529412 0.44705883 0.45882353 0.47058824 0.48235294 0.48235294 0.4862745 0.5058824
0.7176471 0.74509805 0.6666667 0.36078432 0.24313726 0.40784314 0.42745098 0.3647059 0.29803923 0.21176471 0.16862746 0.14117648 0.16078432 0.21176471 0.2627451 0.29411766 0.3254902 0.35686275 0.36862746 0.38431373 0.40392157 0.43529412 0.48235294 0.50980395 0.5254902 0.5254902 0.5137255 0.5176471 0.52156866 0.53333336 0.56078434 0.56078434
0.7019608 0.69411767 0.6745098 0.62352943 0.5921569 0.5921569 0.5411765 0.49019608 0.4745098 0.4627451 0.44313726 0.42745098 0.42745098 0.45490196 0.47843137 0.49019608 0.5019608 0.49803922 0.5058824 0.54509807 0.58431375 0.627451 0.6666667 0.68235296 0.68235296 0.6784314 0.6627451 0.654902 0.6627451 0.69411767 0.7058824 0.6901961
0.7019608 0.70980394 0.7294118 0.74509805 0.7490196 0.7529412 0.7411765 0.7294118 0.7254902 0.72156864 0.7137255 0.7137255 0.7176471 0.70980394 0.7058824 0.7058824 0.7019608 0.69803923 0.7058824 0.7137255 0.7176471 0.7294118 0.7254902 0.74509805 0.7411765 0.7137255 0.70980394 0.7176471 0.7529412 0.77254903 0.75686276 0.7490196
0.7294118 0.7411765 0.7372549 0.7490196 0.74509805 0.73333335 0.73333335 0.7411765 0.7411765 0.7411765 0.7372549 0.7490196 0.7490196 0.73333335 0.73333335 0.7529412 0.76862746 0.78039217 0.78431374 0.7490196 0.7294118 0.7254902 0.7294118 0.7294118 0.69803923 0.69411767 0.7137255 0.7411765 0.78431374 0.77254903 0.7607843 0.7764706
0.9647059 0.9607843 0.9647059 0.9647059 0.9647059 0.9647059 0.96862745 0.972549 0.96862745 0.9647059 0.9647059 0.9607843 0.96862745 0.96862745 0.9647059 0.9647059 0.972549 0.96862745 0.9647059 0.8980392 0.9019608 0.7176471 0.49019608 0.49411765 0.47843137 0.47058824 0.39607844 0.41568628 0.45490196 0.49019608 0.4862745 0.50980395
0.9764706 0.972549 0.98039216 0.98039216 0.98039216 0.9843137 0.9843137 0.9843137 0.9843137 0.9764706 0.9647059 0.94509804 0.9254902 0.94509804 0.96862745 0.9843137 0.98039216 0.9764706 0.93333334 0.7372549 0.73333335 0.61960787 0.5254902 0.5529412 0.49019608 0.5019608 0.37254903 0.3529412 0.41960785 0.40784314 0.4862745 0.5568628
0.9843137 0.98039216 0.9843137 0.9843137 0.9882353 0.99215686 0.9882353 0.98039216 0.9607843 0.83137256 0.7176471 0.7019608 0.6509804 0.70980394 0.8627451 0.98039216 0.972549 0.9137255 0.74509805 0.5803922 0.56078434 0.5882353 0.5294118 0.53333336 0.44313726 0.4745098 0.3764706 0.3529412 0.44705883 0.41960785 0.45490196 0.4627451
1.0 0.99607843 1.0 0.99607843 1.0 1.0 0.99607843 0.98039216 0.84313726 0.627451 0.4745098 0.5058824 0.45882353 0.52156866 0.7176471 0.9098039 0.8862745 0.75686276 0.6039216 0.5137255 0.48235294 0.5921569 0.5058824 0.5176471 0.44313726 0.45490196 0.38431373 0.38039216 0.48235294 0.44313726 0.44705883 0.4627451
1.0 0.99607843 1.0 1.0 1.0 0.99607843 0.99215686 0.90588236 0.70980394 0.654902 0.5254902 0.5058824 0.46666667 0.50980395 0.54901963 0.63529414 0.62352943 0.63529414 0.60784316 0.50980395 0.44705883 0.5882353 0.54509807 0.57254905 0.5568628 0.45490196 0.39607844 0.43137255 0.4627451 0.44705883 0.47058824 0.5411765
1.0 0.99215686 0.99607843 0.99215686 0.99607843 0.99215686 0.9843137 0.79607844 0.67058825 0.6745098 0.5372549 0.49803922 0.5176471 0.42745098 0.46666667 0.4862745 0.45882353 0.5764706 0.5764706 0.4862745 0.4509804 0.63529414 0.6117647 0.6117647 0.54901963 0.40784314 0.45490196 0.47843137 0.41960785 0.45882353 0.49803922 0.5019608
1.0 0.99215686 0.99607843 0.99607843 0.99607843 0.99607843 0.9764706 0.73333335 0.64705884 0.6666667 0.5254902 0.5058824 0.5411765 0.36078432 0.41960785 0.45882353 0.43529412 0.52156866 0.59607846 0.52156866 0.49019608 0.6392157 0.58431375 0.5137255 0.46666667 0.36862746 0.47058824 0.49411765 0.35686275 0.49803922 0.5058824 0.41960785
0.99215686 0.98039216 0.9843137 0.972549 0.98039216 0.9647059 0.81960785 0.6156863 0.6039216 0.6784314 0.5764706 0.5529412 0.6039216 0.42352942 0.4509804 0.5372549 0.57254905 0.5294118 0.6 0.58431375 0.49411765 0.54509807 0.45882353 0.45882353 0.4745098 0.40392157 0.4509804 0.52156866 0.30588236 0.45882353 0.45882353 0.45882353
0.9843137 0.972549 0.98039216 0.81960785 0.72156864 0.6901961 0.5176471 0.56078434 0.654902 0.69803923 0.7254902 0.7294118 0.78431374 0.7647059 0.76862746 0.7176471 0.6627451 0.47058824 0.49019608 0.54901963 0.44313726 0.49411765 0.49019608 0.5411765 0.45490196 0.43529412 0.49019608 0.47058824 0.39607844 0.54509807 0.5529412 0.5058824
0.99215686 0.9764706 0.91764706 0.7058824 0.54901963 0.54901963 0.4862745 0.5647059 0.6901961 0.7019608 0.7254902 0.7529412 0.76862746 0.8156863 0.69803923 0.54509807 0.56078434 0.39215687 0.4117647 0.57254905 0.54509807 0.5411765 0.5647059 0.5686275 0.4509804 0.40784314 0.44313726 0.47843137 0.54901963 0.5647059 0.53333336 0.44705883
0.99215686 0.9764706 0.76862746 0.5686275 0.59607846 0.59607846 0.49019608 0.54901963 0.7137255 0.7411765 0.7529412 0.7490196 0.78039217 0.7058824 0.4627451 0.38431373 0.4745098 0.3647059 0.4 0.6 0.6509804 0.5764706 0.5294118 0.5411765 0.5294118 0.45882353 0.48235294 0.53333336 0.5647059 0.4862745 0.44705883 0.4509804
0.9882353 0.96862745 0.7490196 0.54901963 0.6039216 0.5921569 0.45882353 0.5764706 0.80784315 0.87058824 0.8784314 0.8352941 0.80784315 0.6156863 0.36862746 0.31764707 0.42352942 0.33333334 0.3882353 0.5803922 0.67058825 0.56078434 0.48235294 0.5137255 0.59607846 0.58431375 0.5568628 0.54509807 0.53333336 0.4745098 0.4745098 0.47058824
0.99607843 0.9529412 0.72156864 0.5372549 0.59607846 0.5882353 0.4509804 0.6901961 0.9137255 0.89411765 0.8666667 0.7764706 0.69411767 0.54509807 0.38039216 0.31764707 0.44313726 0.36078432 0.38039216 0.53333336 0.64705884 0.5176471 0.42352942 0.4627451 0.5921569 0.6 0.5921569 0.58431375 0.57254905 0.54901963 0.53333336 0.53333336
1.0 0.89411765 0.6156863 0.5058824 0.5686275 0.61960787 0.53333336 0.7019608 0.72156864 0.6862745 0.60784316 0.5176471 0.49019608 0.43137255 0.34117648 0.30588236 0.45490196 0.40784314 0.38039216 0.47843137 0.60784316 0.54509807 0.47843137 0.4862745 0.5882353 0.60784316 0.6117647 0.6156863 0.6117647 0.5921569 0.5764706 0.6039216
1.0 0.8627451 0.58431375 0.5294118 0.5294118 0.5372549 0.58431375 0.53333336 0.43529412 0.40784314 0.34901962 0.3372549 0.37254903 0.36862746 0.27058825 0.22745098 0.48235294 0.45882353 0.36078432 0.42745098 0.5686275 0.60784316 0.58431375 0.5764706 0.6039216 0.60784316 0.6117647 0.6117647 0.60784316 0.6039216 0.5921569 0.6117647
0.94509804 0.7254902 0.5137255 0.52156866 0.47843137 0.4627451 0.56078434 0.50980395 0.5058824 0.45882353 0.42745098 0.44705883 0.4862745 0.4509804 0.23921569 0.15686275 0.49019608 0.49019608 0.3529412 0.4392157 0.5882353 0.60784316 0.5921569 0.5882353 0.5882353 0.5921569 0.6 0.6039216 0.6039216 0.6 0.59607846 0.6313726
0.6117647 0.50980395 0.47058824 0.5058824 0.5411765 0.56078434 0.57254905 0.54901963 0.5529412 0.5647059 0.5058824 0.47058824 0.4862745 0.42352942 0.25490198 0.17254902 0.44705883 0.47058824 0.34901962 0.45490196 0.6 0.59607846 0.5764706 0.56078434 0.5647059 0.5686275 0.5882353 0.59607846 0.5921569 0.5882353 0.58431375 0.62352943
0.5372549 0.5058824 0.5803922 0.5529412 0.60784316 0.6862745 0.6862745 0.69803923 0.6627451 0.62352943 0.60784316 0.49411765 0.39607844 0.34901962 0.37254903 0.24705882 0.4117647 0.44705883 0.36078432 0.44705883 0.5764706 0.5764706 0.54901963 0.53333336 0.5294118 0.5411765 0.5647059 0.5764706 0.57254905 0.5647059 0.5568628 0.5921569
0.54901963 0.49803922 0.5764706 0.57254905 0.5803922 0.63529414 0.62352943 0.6666667 0.6745098 0.5372549 0.5058824 0.43529412 0.34117648 0.32156864 0.5137255 0.31764707 0.3647059 0.43137255 0.3529412 0.44313726 0.56078434 0.5411765 0.50980395 0.5019608 0.5019608 0.52156866 0.5411765 0.54509807 0.5411765 0.53333336 0.5294118 0.5686275
0.5372549 0.49411765 0.56078434 0.5529412 0.4627451 0.4862745 0.46666667 0.44705883 0.5176471 0.43137255 0.3372549 0.36862746 0.31764707 0.25490198 0.47843137 0.3372549 0.37254903 0.42745098 0.34117648 0.42352942 0.5372549 0.50980395 0.47843137 0.47058824 0.46666667 0.49411765 0.50980395 0.50980395 0.5019608 0.49411765 0.48235294 0.5647059
0.5568628 0.57254905 0.64705884 0.6313726 0.4509804 0.4627451 0.43137255 0.34509805 0.45882353 0.3764706 0.28627452 0.3529412 0.2901961 0.16078432 0.4117647 0.33333334 0.3529412 0.42352942 0.33333334 0.3764706 0.49019608 0.45490196 0.38039216 0.39607844 0.4509804 0.4 0.35686275 0.33333334 0.3019608 0.2901961 0.3137255 0.5137255
0.49019608 0.54901963 0.6627451 0.68235296 0.46666667 0.4509804 0.41960785 0.3647059 0.4627451 0.34901962 0.30980393 0.34509805 0.26666668 0.1882353 0.38039216 0.30588236 0.3137255 0.43529412 0.39215687 0.29803923 0.30980393 0.3254902 0.3019608 0.36078432 0.5921569 0.2509804 0.101960786 0.12156863 0.10980392 0.09411765 0.21568628 0.54509807
0.49803922 0.5372549 0.6313726 0.6156863 0.44313726 0.42352942 0.40784314 0.37254903 0.45882353 0.4745098 0.54509807 0.38039216 0.16862746 0.28235295 0.34117648 0.19215687 0.2509804 0.3764706 0.37254903 0.31764707 0.20784314 0.1882353 0.36862746 0.5137255 0.7019608 0.1882353 0.08235294 0.3372549 0.30980393 0.08627451 0.2627451 0.63529414
0.61960787 0.6431373 0.5294118 0.47058824 0.40784314 0.38039216 0.39215687 0.38039216 0.44313726 0.4 0.42352942 0.31764707 0.13725491 0.20784314 0.23137255 0.26666668 0.3764706 0.47058824 0.42352942 0.34901962 0.24705882 0.21176471 0.37254903 0.50980395 0.627451 0.3764706 0.29411766 0.34117648 0.2901961 0.18039216 0.27058825 0.43137255
0.6784314 0.6901961 0.5568628 0.47843137 0.3764706 0.34117648 0.36078432 0.35686275 0.36078432 0.37254903 0.38431373 0.27450982 0.2 0.15294118 0.18431373 0.2784314 0.33333334 0.34117648 0.21568628 0.14509805 0.2 0.2 0.26666668 0.27058825 0.30980393 0.2901961 0.29411766 0.28627452 0.29803923 0.3254902 0.34117648 0.3529412
0.68235296 0.6862745 0.6392157 0.57254905 0.49803922 0.47843137 0.43529412 0.49803922 0.46666667 0.57254905 0.627451 0.38039216 0.28627452 0.14117648 0.16862746 0.17254902 0.15294118 0.12941177 0.08235294 0.06666667 0.1254902 0.1764706 0.25882354 0.2901961 0.30980393 0.32156864 0.34117648 0.3647059 0.3764706 0.3647059 0.37254903 0.39215687
0.6784314 0.6901961 0.60784316 0.43529412 0.43529412 0.5137255 0.5294118 0.49803922 0.4627451 0.4862745 0.47843137 0.27450982 0.23137255 0.11764706 0.17254902 0.19607843 0.1764706 0.1764706 0.21960784 0.24705882 0.2784314 0.36862746 0.38431373 0.39215687 0.41960785 0.4392157 0.4509804 0.44705883 0.45490196 0.45882353 0.44313726 0.4509804
0.6862745 0.72156864 0.5921569 0.20392157 0.1254902 0.4392157 0.5686275 0.44705883 0.3647059 0.29803923 0.2 0.11764706 0.15686275 0.11764706 0.14117648 0.1882353 0.23529412 0.28627452 0.31764707 0.33333334 0.35686275 0.39215687 0.4 0.41568628 0.44705883 0.45882353 0.46666667 0.47843137 0.49019608 0.49019608 0.49803922 0.5137255
0.7019608 0.7254902 0.65882355 0.34509805 0.22352941 0.39607844 0.41568628 0.34901962 0.28627452 0.19607843 0.15294118 0.12156863 0.14117648 0.19607843 0.2509804 0.29411766 0.32941177 0.36078432 0.37254903 0.3882353 0.40392157 0.43529412 0.48235294 0.50980395 0.5254902 0.5254902 0.5137255 0.5137255 0.5176471 0.5294118 0.5568628 0.56078434
0.6901961 0.68235296 0.6627451 0.6117647 0.5803922 0.5764706 0.5254902 0.4745098 0.45882353 0.44705883 0.43529412 0.41960785 0.41960785 0.44705883 0.46666667 0.49019608 0.5058824 0.5019608 0.50980395 0.54901963 0.5882353 0.62352943 0.6627451 0.68235296 0.6784314 0.6745098 0.6627451 0.6509804 0.65882355 0.6901961 0.7019608 0.6901961
0.6901961 0.69411767 0.7137255 0.7294118 0.7372549 0.7372549 0.7254902 0.7176471 0.7137255 0.70980394 0.7058824 0.7058824 0.70980394 0.69803923 0.69803923 0.7058824 0.7058824 0.69803923 0.70980394 0.7176471 0.7176471 0.72156864 0.7176471 0.7372549 0.73333335 0.7058824 0.7058824 0.7176471 0.7490196 0.76862746 0.7529412 0.74509805
0.70980394 0.72156864 0.7176471 0.7254902 0.7294118 0.72156864 0.72156864 0.7294118 0.7294118 0.7294118 0.7294118 0.7411765 0.7411765 0.7254902 0.72156864 0.7490196 0.77254903 0.78431374 0.78431374 0.7529412 0.7294118 0.7137255 0.7176471 0.7176471 0.6862745 0.68235296 0.7058824 0.7372549 0.7764706 0.76862746 0.75686276 0.76862746
0 16 1
29 0 1
12 31 2
31 6 1
25 31 2
20 31 2
19 31 2
26 0 1
30 31 2
9 0 1
4 0 0
7 0 1
31 31 2
31 28 2
16 31 2
14 0 1
11 31 2
31 24 1
29 0 2
8 31 1
31 30 0
17 0 0
21 0 2
0 18 0
31 13 0
0 25 2
0 15 0
31 29 1
0 29 0
0 23 2
