32, 32, 3, 10
0.827451 0.8117647 0.8235294 0.84705883 0.85490197 0.85882354 0.84705883 0.81960785 0.80784315 0.7921569 0.8 0.7921569 0.7764706 0.77254903 0.78039217 0.78431374 0.7647059 0.7529412 0.75686276 0.7529412 0.7529412 0.7607843 0.7647059 0.78431374 0.8 0.7921569 0.8 0.827451 0.8627451 0.8509804 0.85490197 0.827451
0.84313726 0.8156863 0.83137256 0.84313726 0.8509804 0.8509804 0.8392157 0.80784315 0.7882353 0.7882353 0.79607844 0.7921569 0.7764706 0.7764706 0.76862746 0.7607843 0.7607843 0.77254903 0.77254903 0.75686276 0.7607843 0.77254903 0.7764706 0.7882353 0.7882353 0.78431374 0.7921569 0.8392157 0.85882354 0.84705883 0.8392157 0.80784315
0.8352941 0.7764706 0.83137256 0.8392157 0.8392157 0.8392157 0.83137256 0.80784315 0.78431374 0.78431374 0.7921569 0.78431374 0.7764706 0.77254903 0.7607843 0.7058824 0.77254903 0.76862746 0.78039217 0.77254903 0.76862746 0.78039217 0.78431374 0.7921569 0.8 0.79607844 0.79607844 0.84313726 0.8392157 0.83137256 0.8117647 0.7921569
0.8235294 0.7058824 0.827451 0.8392157 0.83137256 0.8235294 0.827451 0.8117647 0.8 0.78431374 0.8 0.7882353 0.7764706 0.77254903 0.75686276 0.7254902 0.7647059 0.77254903 0.7921569 0.78431374 0.7764706 0.78431374 0.78431374 0.8 0.8352941 0.827451 0.8 0.8352941 0.83137256 0.827451 0.8 0.76862746
0.81960785 0.654902 0.827451 0.84705883 0.85490197 0.8352941 0.827451 0.8117647 0.8039216 0.7882353 0.7921569 0.78431374 0.78039217 0.78039217 0.7607843 0.7529412 0.7882353 0.7882353 0.8 0.7921569 0.8 0.79607844 0.80784315 0.80784315 0.8392157 0.8352941 0.80784315 0.8156863 0.8039216 0.7764706 0.7921569 0.8117647
0.8235294 0.6039216 0.84705883 0.88235295 0.90588236 0.8666667 0.8235294 0.80784315 0.8039216 0.79607844 0.7882353 0.8039216 0.79607844 0.78039217 0.7607843 0.7529412 0.7921569 0.7921569 0.79607844 0.79607844 0.81960785 0.83137256 0.85490197 0.8352941 0.83137256 0.84313726 0.83137256 0.80784315 0.6392157 0.27058825 0.3529412 0.5764706
0.80784315 0.5058824 0.8784314 0.92156863 0.91764706 0.89411765 0.8509804 0.8235294 0.8039216 0.79607844 0.77254903 0.7372549 0.7647059 0.81960785 0.7764706 0.7411765 0.7882353 0.7882353 0.7882353 0.79607844 0.8352941 0.85882354 0.8666667 0.8509804 0.8352941 0.84705883 0.84313726 0.8 0.49019608 0.14117648 0.03137255 0.15686275
0.78039217 0.42352942 0.90588236 0.92941177 0.9254902 0.91764706 0.8980392 0.8627451 0.8235294 0.8 0.5803922 0.45882353 0.5176471 0.5529412 0.6745098 0.7882353 0.8039216 0.80784315 0.79607844 0.8117647 0.84313726 0.85490197 0.85882354 0.85882354 0.84313726 0.84705883 0.8352941 0.7764706 0.34509805 0.3137255 0.050980393 0.08235294
0.7490196 0.37254903 0.9098039 0.9411765 0.94509804 0.9372549 0.92941177 0.8784314 0.827451 0.70980394 0.5921569 0.4117647 0.4862745 0.34509805 0.41960785 0.62352943 0.8352941 0.827451 0.81960785 0.8235294 0.84313726 0.85490197 0.85490197 0.8509804 0.84705883 0.8509804 0.8156863 0.7176471 0.3647059 0.4117647 0.16862746 0.09411765
0.7294118 0.34509805 0.91764706 0.8745098 0.8117647 0.7294118 0.6313726 0.5137255 0.36862746 0.24705882 0.36078432 0.2784314 0.32941177 0.35686275 0.4392157 0.40392157 0.60784316 0.7372549 0.7882353 0.81960785 0.8392157 0.84705883 0.8392157 0.84313726 0.84313726 0.8352941 0.8 0.61960787 0.3764706 0.38431373 0.24313726 0.078431375
0.7372549 0.26666668 0.54509807 0.4627451 0.44313726 0.39607844 0.39607844 0.4862745 0.2627451 0.13725491 0.1764706 0.14117648 0.105882354 0.13725491 0.28627452 0.44705883 0.28235295 0.5647059 0.8156863 0.8156863 0.8117647 0.8156863 0.8 0.8039216 0.80784315 0.8117647 0.76862746 0.44705883 0.24705882 0.4 0.14117648 0.078431375
0.68235296 0.3647059 0.65882355 0.627451 0.5568628 0.54901963 0.5294118 0.45882353 0.46666667 0.4627451 0.36078432 0.28235295 0.20784314 0.16862746 0.45882353 0.53333336 0.39215687 0.49803922 0.8039216 0.8509804 0.827451 0.81960785 0.8039216 0.79607844 0.7921569 0.7921569 0.7764706 0.30980393 0.16078432 0.30588236 0.09019608 0.11372549
0.77254903 0.56078434 0.57254905 0.4509804 0.4392157 0.3882353 0.48235294 0.30588236 0.4627451 0.5372549 0.40392157 0.42745098 0.31764707 0.5921569 0.7490196 0.70980394 0.6745098 0.49411765 0.41960785 0.56078434 0.7137255 0.8 0.8509804 0.8627451 0.7921569 0.79607844 0.6509804 0.2509804 0.16862746 0.16862746 0.12941177 0.16862746
0.29411766 0.14117648 0.16078432 0.12156863 0.15686275 0.15294118 0.17254902 0.13333334 0.21176471 0.16470589 0.18431373 0.26666668 0.49019608 0.78431374 0.72156864 0.72156864 0.68235296 0.6666667 0.38431373 0.18431373 0.25490198 0.3372549 0.4745098 0.68235296 0.85882354 0.4745098 0.24705882 0.2509804 0.38039216 0.36078432 0.34901962 0.24313726
0.2901961 0.015686275 0.1764706 0.09019608 0.047058824 0.0627451 0.07058824 0.05882353 0.07450981 0.13333334 0.13725491 0.34901962 0.7372549 0.68235296 0.6431373 0.6431373 0.5882353 0.5803922 0.50980395 0.22352941 0.24705882 0.3019608 0.5254902 0.5372549 0.87058824 0.4117647 0.28627452 0.27058825 0.23921569 0.30980393 0.32156864 0.25490198
0.65882355 0.18039216 0.09019608 0.007843138 0.023529412 0.03529412 0.043137256 0.05490196 0.21568628 0.5803922 0.61960787 0.79607844 0.6666667 0.5254902 0.35686275 0.44313726 0.64705884 0.56078434 0.5921569 0.22745098 0.24705882 0.34117648 0.6509804 0.7137255 0.87058824 0.42745098 0.28627452 0.26666668 0.2627451 0.18431373 0.14117648 0.1764706
0.63529414 0.5019608 0.40392157 0.07450981 0.02745098 0.019607844 0.03529412 0.007843138 0.33333334 0.7019608 0.78039217 0.7607843 0.49019608 0.4862745 0.59607846 0.6156863 0.654902 0.58431375 0.63529414 0.23921569 0.23137255 0.2627451 0.25882354 0.42745098 0.88235295 0.40392157 0.23137255 0.27450982 0.26666668 0.17254902 0.16078432 0.20784314
0.60784316 0.5058824 0.80784315 0.6 0.11764706 0.011764706 0.019607844 0.15294118 0.25882354 0.627451 0.67058825 0.627451 0.3372549 0.29803923 0.29803923 0.54901963 0.627451 0.60784316 0.59607846 0.19607843 0.19215687 0.24705882 0.4 0.46666667 0.6627451 0.31764707 0.18039216 0.25490198 0.20392157 0.15294118 0.13725491 0.20784314
0.61960787 0.5254902 0.8627451 0.8509804 0.32941177 0.02745098 0.08235294 0.46666667 0.19215687 0.5176471 0.61960787 0.5372549 0.68235296 0.49411765 0.4 0.73333335 0.6666667 0.5372549 0.5411765 0.21960784 0.23137255 0.24313726 0.32941177 0.41568628 0.44313726 0.31764707 0.28235295 0.3372549 0.29803923 0.1764706 0.30588236 0.6
0.63529414 0.59607846 0.84705883 0.8352941 0.79607844 0.62352943 0.62352943 0.33333334 0.22352941 0.2901961 0.4 0.5882353 0.60784316 0.5764706 0.5176471 0.62352943 0.5921569 0.56078434 0.6784314 0.627451 0.73333335 0.7254902 0.7137255 0.7490196 0.80784315 0.77254903 0.7764706 0.79607844 0.7019608 0.56078434 0.7921569 0.84705883
0.65882355 0.6509804 0.83137256 0.8392157 0.84705883 0.8627451 0.8509804 0.7176471 0.2901961 0.11372549 0.16862746 0.72156864 0.7490196 0.7490196 0.70980394 0.6627451 0.68235296 0.6039216 0.7294118 0.7647059 0.8117647 0.8039216 0.80784315 0.8039216 0.7921569 0.8235294 0.8039216 0.8 0.7529412 0.65882355 0.7882353 0.78431374
0.6862745 0.7019608 0.8156863 0.827451 0.8156863 0.80784315 0.81960785 0.75686276 0.3529412 0.34509805 0.16862746 0.7529412 0.8117647 0.8039216 0.8039216 0.80784315 0.76862746 0.7176471 0.7882353 0.79607844 0.78431374 0.78039217 0.7882353 0.78431374 0.76862746 0.78039217 0.78039217 0.78431374 0.74509805 0.3882353 0.73333335 0.7921569
0.70980394 0.7607843 0.8117647 0.81960785 0.8235294 0.81960785 0.84313726 0.6 0.16470589 0.65882355 0.39215687 0.7490196 0.7882353 0.7921569 0.7921569 0.78039217 0.78431374 0.7921569 0.77254903 0.7882353 0.7882353 0.7764706 0.7764706 0.78039217 0.76862746 0.78431374 0.7764706 0.7764706 0.76862746 0.5137255 0.7607843 0.78039217
0.7411765 0.78039217 0.8039216 0.81960785 0.81960785 0.81960785 0.59607846 0.13333334 0.07058824 0.3529412 0.34509805 0.77254903 0.78431374 0.78431374 0.7882353 0.76862746 0.78039217 0.76862746 0.7764706 0.78431374 0.79607844 0.7882353 0.78431374 0.78039217 0.77254903 0.78039217 0.78039217 0.77254903 0.78039217 0.8156863 0.78039217 0.76862746
0.79607844 0.79607844 0.8 0.80784315 0.80784315 0.8 0.25882354 0.02745098 0.4 0.43529412 0.29411766 0.8 0.8 0.78431374 0.7764706 0.7764706 0.78431374 0.7764706 0.78039217 0.7921569 0.7921569 0.7882353 0.7882353 0.78431374 0.78039217 0.78039217 0.7764706 0.78431374 0.78431374 0.7921569 0.77254903 0.76862746
0.8235294 0.8039216 0.8039216 0.8156863 0.81960785 0.77254903 0.14117648 0.25490198 0.6627451 0.49411765 0.36862746 0.8156863 0.8117647 0.7921569 0.78039217 0.7882353 0.78431374 0.78039217 0.78431374 0.79607844 0.79607844 0.79607844 0.79607844 0.7882353 0.7921569 0.79607844 0.7882353 0.7882353 0.78431374 0.78039217 0.77254903 0.7764706
0.8039216 0.7882353 0.8 0.81960785 0.8156863 0.7882353 0.1882353 0.39215687 0.2509804 0.13725491 0.14509805 0.3529412 0.7882353 0.7882353 0.78431374 0.78039217 0.7882353 0.7882353 0.7882353 0.7882353 0.7921569 0.8 0.8117647 0.8 0.7882353 0.7921569 0.7882353 0.78039217 0.78431374 0.7764706 0.75686276 0.7647059
0.7921569 0.78431374 0.79607844 0.8039216 0.8039216 0.8 0.35686275 0.3529412 0.19215687 0.047058824 0.0627451 0.24313726 0.7411765 0.8 0.78431374 0.77254903 0.77254903 0.77254903 0.7647059 0.7647059 0.7490196 0.7529412 0.75686276 0.74509805 0.7294118 0.7176471 0.68235296 0.654902 0.654902 0.64705884 0.627451 0.6313726
0.7764706 0.76862746 0.7764706 0.76862746 0.7647059 0.7647059 0.6313726 0.2784314 0.12941177 0.03529412 0.42352942 0.7372549 0.69411767 0.6862745 0.6627451 0.6431373 0.6431373 0.6431373 0.61960787 0.6156863 0.59607846 0.5803922 0.57254905 0.59607846 0.5882353 0.57254905 0.5529412 0.54901963 0.56078434 0.5647059 0.56078434 0.5568628
0.6627451 0.654902 0.65882355 0.64705884 0.627451 0.62352943 0.6627451 0.41568628 0.011764706 0.050980393 0.6156863 0.6117647 0.5647059 0.54901963 0.54901963 0.5372549 0.54901963 0.54901963 0.5411765 0.54509807 0.5372549 0.53333336 0.5294118 0.5529412 0.56078434 0.54901963 0.54509807 0.54901963 0.5686275 0.5803922 0.5764706 0.5647059
0.5921569 0.6039216 0.61960787 0.6117647 0.5921569 0.5882353 0.60784316 0.5803922 0.14901961 0.27058825 0.6117647 0.56078434 0.5294118 0.5254902 0.52156866 0.5294118 0.5176471 0.5058824 0.5058824 0.52156866 0.5058824 0.49411765 0.4862745 0.49411765 0.5137255 0.5254902 0.50980395 0.5294118 0.54901963 0.53333336 0.5411765 0.5411765
0.54901963 0.56078434 0.5647059 0.5882353 0.5764706 0.5686275 0.58431375 0.64705884 0.59607846 0.6392157 0.59607846 0.5411765 0.49411765 0.47843137 0.48235294 0.4862745 0.48235294 0.4745098 0.5058824 0.5254902 0.52156866 0.5176471 0.5372549 0.5529412 0.5686275 0.6 0.60784316 0.6117647 0.6313726 0.59607846 0.6039216 0.6
0.827451 0.8117647 0.8235294 0.84705883 0.85490197 0.85882354 0.84705883 0.81960785 0.80784315 0.7921569 0.8 0.7921569 0.7764706 0.77254903 0.78039217 0.78431374 0.7647059 0.7529412 0.75686276 0.7529412 0.7529412 0.7607843 0.7647059 0.78431374 0.8 0.7921569 0.8 0.827451 0.8627451 0.8509804 0.85490197 0.827451
0.84313726 0.8156863 0.83137256 0.84313726 0.8509804 0.8509804 0.8392157 0.80784315 0.7882353 0.7882353 0.79607844 0.7921569 0.7764706 0.7764706 0.76862746 0.7607843 0.7607843 0.77254903 0.77254903 0.75686276 0.7607843 0.77254903 0.7764706 0.7882353 0.7882353 0.78431374 0.7921569 0.8392157 0.85882354 0.84705883 0.8392157 0.80784315
0.8352941 0.7764706 0.83137256 0.8392157 0.8392157 0.8392157 0.83137256 0.80784315 0.78431374 0.78431374 0.7921569 0.78431374 0.7764706 0.77254903 0.7607843 0.7058824 0.77254903 0.76862746 0.78039217 0.77254903 0.76862746 0.78039217 0.78431374 0.7921569 0.8 0.79607844 0.79607844 0.84313726 0.8392157 0.83137256 0.8117647 0.7921569
0.8235294 0.7058824 0.827451 0.8392157 0.83137256 0.8235294 0.827451 0.8117647 0.8 0.78431374 0.8 0.7882353 0.7764706 0.77254903 0.75686276 0.7254902 0.7647059 0.77254903 0.7921569 0.78431374 0.7764706 0.78431374 0.78431374 0.8 0.8352941 0.827451 0.8 0.8352941 0.83137256 0.827451 0.8 0.76862746
0.81960785 0.654902 0.827451 0.84705883 0.85490197 0.8352941 0.827451 0.8117647 0.8039216 0.7882353 0.7921569 0.78431374 0.78039217 0.78039217 0.7607843 0.7529412 0.7882353 0.7882353 0.8 0.7921569 0.8 0.79607844 0.80784315 0.80784315 0.8392157 0.8352941 0.80784315 0.8156863 0.8039216 0.7764706 0.7921569 0.8117647
0.8235294 0.6039216 0.84705883 0.88235295 0.90588236 0.8666667 0.8235294 0.80784315 0.8039216 0.79607844 0.7882353 0.8039216 0.79607844 0.78039217 0.7607843 0.7529412 0.7921569 0.7921569 0.79607844 0.79607844 0.81960785 0.83137256 0.85490197 0.8352941 0.83137256 0.84313726 0.83137256 0.80784315 0.6392157 0.27058825 0.3529412 0.5764706
0.80784315 0.5058824 0.8784314 0.92156863 0.91764706 0.89411765 0.8509804 0.8235294 0.8039216 0.79607844 0.77254903 0.7372549 0.7647059 0.81960785 0.7764706 0.7411765 0.7882353 0.7882353 0.7882353 0.79607844 0.8352941 0.85882354 0.8666667 0.8509804 0.8352941 0.84705883 0.84313726 0.8 0.49019608 0.14117648 0.03137255 0.15686275
0.78039217 0.42352942 0.90588236 0.92941177 0.9254902 0.91764706 0.8980392 0.8627451 0.8235294 0.8 0.5803922 0.45882353 0.5176471 0.5529412 0.6745098 0.7882353 0.8039216 0.80784315 0.79607844 0.8117647 0.84313726 0.85490197 0.85882354 0.85882354 0.84313726 0.84705883 0.8352941 0.7764706 0.34509805 0.3137255 0.050980393 0.08235294
0.7490196 0.37254903 0.9098039 0.9411765 0.94509804 0.9372549 0.92941177 0.8784314 0.827451 0.70980394 0.5921569 0.4117647 0.4862745 0.34509805 0.41960785 0.62352943 0.8352941 0.827451 0.81960785 0.8235294 0.84313726 0.85490197 0.85490197 0.8509804 0.84705883 0.8509804 0.8156863 0.7176471 0.3647059 0.4117647 0.16862746 0.09411765
0.7294118 0.34509805 0.91764706 0.8745098 0.8117647 0.7294118 0.6313726 0.5137255 0.36862746 0.24705882 0.36078432 0.2784314 0.32941177 0.35686275 0.4392157 0.40392157 0.60784316 0.7372549 0.7882353 0.81960785 0.8392157 0.84705883 0.8392157 0.84313726 0.84313726 0.8352941 0.8 0.61960787 0.3764706 0.38431373 0.24313726 0.078431375
0.7372549 0.26666668 0.54509807 0.4627451 0.44313726 0.39607844 0.39607844 0.4862745 0.2627451 0.13725491 0.1764706 0.14117648 0.105882354 0.13725491 0.28627452 0.44705883 0.28235295 0.5647059 0.8156863 0.8156863 0.8117647 0.8156863 0.8 0.8039216 0.80784315 0.8117647 0.76862746 0.44705883 0.24705882 0.4 0.14117648 0.078431375
0.68235296 0.3647059 0.65882355 0.627451 0.5568628 0.54901963 0.5294118 0.45882353 0.46666667 0.4627451 0.36078432 0.28235295 0.20784314 0.16862746 0.45882353 0.53333336 0.39215687 0.49803922 0.8039216 0.8509804 0.827451 0.81960785 0.8039216 0.79607844 0.7921569 0.7921569 0.7764706 0.30980393 0.16078432 0.30588236 0.09019608 0.11372549
0.77254903 0.56078434 0.57254905 0.4509804 0.4392157 0.3882353 0.48235294 0.30588236 0.4627451 0.5372549 0.40392157 0.42745098 0.31764707 0.5921569 0.7490196 0.70980394 0.6745098 0.49411765 0.41960785 0.56078434 0.7137255 0.8 0.8509804 0.8627451 0.7921569 0.79607844 0.6509804 0.2509804 0.16862746 0.16862746 0.12941177 0.16862746
0.29411766 0.14117648 0.16078432 0.12156863 0.15686275 0.15294118 0.17254902 0.13333334 0.21176471 0.16470589 0.18431373 0.26666668 0.49019608 0.78431374 0.72156864 0.72156864 0.68235296 0.6666667 0.38431373 0.18431373 0.25490198 0.3372549 0.4745098 0.68235296 0.85882354 0.4745098 0.24705882 0.2509804 0.38039216 0.36078432 0.34901962 0.24313726
0.2901961 0.015686275 0.1764706 0.09019608 0.047058824 0.0627451 0.07058824 0.05882353 0.07450981 0.13333334 0.13725491 0.34901962 0.7372549 0.68235296 0.6431373 0.6431373 0.5882353 0.5803922 0.50980395 0.22352941 0.24705882 0.3019608 0.5254902 0.5372549 0.87058824 0.4117647 0.28627452 0.27058825 0.23921569 0.30980393 0.32156864 0.25490198
0.65882355 0.18039216 0.09019608 0.007843138 0.023529412 0.03529412 0.043137256 0.05490196 0.21568628 0.5803922 0.61960787 0.79607844 0.6666667 0.5254902 0.35686275 0.44313726 0.64705884 0.56078434 0.5921569 0.22745098 0.24705882 0.34117648 0.6509804 0.7137255 0.87058824 0.42745098 0.28627452 0.26666668 0.2627451 0.18431373 0.14117648 0.1764706
0.63529414 0.5019608 0.40392157 0.07450981 0.02745098 0.019607844 0.03529412 0.007843138 0.33333334 0.7019608 0.78039217 0.7607843 0.49019608 0.4862745 0.59607846 0.6156863 0.654902 0.58431375 0.63529414 0.23921569 0.23137255 0.2627451 0.25882354 0.42745098 0.88235295 0.40392157 0.23137255 0.27450982 0.26666668 0.17254902 0.16078432 0.20784314
0.60784316 0.5058824 0.80784315 0.6 0.11764706 0.011764706 0.019607844 0.15294118 0.25882354 0.627451 0.67058825 0.627451 0.3372549 0.29803923 0.29803923 0.54901963 0.627451 0.60784316 0.59607846 0.19607843 0.19215687 0.24705882 0.4 0.46666667 0.6627451 0.31764707 0.18039216 0.25490198 0.20392157 0.15294118 0.13725491 0.20784314
0.61960787 0.5254902 0.8627451 0.8509804 0.32941177 0.02745098 0.08235294 0.46666667 0.19215687 0.5176471 0.61960787 0.5372549 0.68235296 0.49411765 0.4 0.73333335 0.6666667 0.5372549 0.5411765 0.21960784 0.23137255 0.24313726 0.32941177 0.41568628 0.44313726 0.31764707 0.28235295 0.3372549 0.29803923 0.1764706 0.30588236 0.6
0.63529414 0.59607846 0.84705883 0.8352941 0.79607844 0.62352943 0.62352943 0.33333334 0.22352941 0.2901961 0.4 0.5882353 0.60784316 0.5764706 0.5176471 0.62352943 0.5921569 0.56078434 0.6784314 0.627451 0.73333335 0.7254902 0.7137255 0.7490196 0.80784315 0.77254903 0.7764706 0.79607844 0.7019608 0.56078434 0.7921569 0.84705883
0.65882355 0.6509804 0.83137256 0.8392157 0.84705883 0.8627451 0.8509804 0.7176471 0.2901961 0.11372549 0.16862746 0.72156864 0.7490196 0.7490196 0.70980394 0.6627451 0.68235296 0.6039216 0.7294118 0.7647059 0.8117647 0.8039216 0.80784315 0.8039216 0.7921569 0.8235294 0.8039216 0.8 0.7529412 0.65882355 0.7882353 0.78431374
0.6862745 0.7019608 0.8156863 0.827451 0.8156863 0.80784315 0.81960785 0.75686276 0.3529412 0.34509805 0.16862746 0.7529412 0.8117647 0.8039216 0.8039216 0.80784315 0.76862746 0.7176471 0.7882353 0.79607844 0.78431374 0.78039217 0.7882353 0.78431374 0.76862746 0.78039217 0.78039217 0.78431374 0.74509805 0.3882353 0.73333335 0.7921569
0.70980394 0.7607843 0.8117647 0.81960785 0.8235294 0.81960785 0.84313726 0.6 0.16470589 0.65882355 0.39215687 0.7490196 0.7882353 0.7921569 0.7921569 0.78039217 0.78431374 0.7921569 0.77254903 0.7882353 0.7882353 0.7764706 0.7764706 0.78039217 0.76862746 0.78431374 0.7764706 0.7764706 0.76862746 0.5137255 0.7607843 0.78039217
0.7411765 0.78039217 0.8039216 0.81960785 0.81960785 0.81960785 0.59607846 0.13333334 0.07058824 0.3529412 0.34509805 0.77254903 0.78431374 0.78431374 0.7882353 0.76862746 0.78039217 0.76862746 0.7764706 0.78431374 0.79607844 0.7882353 0.78431374 0.78039217 0.77254903 0.78039217 0.78039217 0.77254903 0.78039217 0.8156863 0.78039217 0.76862746
0.79607844 0.79607844 0.8 0.80784315 0.80784315 0.8 0.25882354 0.02745098 0.4 0.43529412 0.29411766 0.8 0.8 0.78431374 0.7764706 0.7764706 0.78431374 0.7764706 0.78039217 0.7921569 0.7921569 0.7882353 0.7882353 0.78431374 0.78039217 0.78039217 0.7764706 0.78431374 0.78431374 0.7921569 0.77254903 0.76862746
0.8235294 0.8039216 0.8039216 0.8156863 0.81960785 0.77254903 0.14117648 0.25490198 0.6627451 0.49411765 0.36862746 0.8156863 0.8117647 0.7921569 0.78039217 0.7882353 0.78431374 0.78039217 0.78431374 0.79607844 0.79607844 0.79607844 0.79607844 0.7882353 0.7921569 0.79607844 0.7882353 0.7882353 0.78431374 0.78039217 0.77254903 0.7764706
0.8039216 0.7882353 0.8 0.81960785 0.8156863 0.7882353 0.1882353 0.39215687 0.2509804 0.13725491 0.14509805 0.3529412 0.7882353 0.7882353 0.78431374 0.78039217 0.7882353 0.7882353 0.7882353 0.7882353 0.7921569 0.8 0.8117647 0.8 0.7882353 0.7921569 0.7882353 0.78039217 0.78431374 0.7764706 0.75686276 0.7647059
0.7921569 0.78431374 0.79607844 0.8039216 0.8039216 0.8 0.35686275 0.3529412 0.19215687 0.047058824 0.0627451 0.24313726 0.7411765 0.8 0.78431374 0.77254903 0.77254903 0.77254903 0.7647059 0.7647059 0.7490196 0.7529412 0.75686276 0.74509805 0.7294118 0.7176471 0.68235296 0.654902 0.654902 0.64705884 0.627451 0.6313726
0.7764706 0.76862746 0.7764706 0.76862746 0.7647059 0.7647059 0.6313726 0.2784314 0.12941177 0.03529412 0.42352942 0.7372549 0.69411767 0.6862745 0.6627451 0.6431373 0.6431373 0.6431373 0.61960787 0.6156863 0.59607846 0.5803922 0.57254905 0.59607846 0.5882353 0.57254905 0.5529412 0.54901963 0.56078434 0.5647059 0.56078434 0.5568628
0.6627451 0.654902 0.65882355 0.64705884 0.627451 0.62352943 0.6627451 0.41568628 0.011764706 0.050980393 0.6156863 0.6117647 0.5647059 0.54901963 0.54901963 0.5372549 0.54901963 0.54901963 0.5411765 0.54509807 0.5372549 0.53333336 0.5294118 0.5529412 0.56078434 0.54901963 0.54509807 0.54901963 0.5686275 0.5803922 0.5764706 0.5647059
0.5921569 0.6039216 0.61960787 0.6117647 0.5921569 0.5882353 0.60784316 0.5803922 0.14901961 0.27058825 0.6117647 0.56078434 0.5294118 0.5254902 0.52156866 0.5294118 0.5176471 0.5058824 0.5058824 0.52156866 0.5058824 0.49411765 0.4862745 0.49411765 0.5137255 0.5254902 0.50980395 0.5294118 0.54901963 0.53333336 0.5411765 0.5411765
0.54901963 0.56078434 0.5647059 0.5882353 0.5764706 0.5686275 0.58431375 0.64705884 0.59607846 0.6392157 0.59607846 0.5411765 0.49411765 0.47843137 0.48235294 0.4862745 0.48235294 0.4745098 0.5058824 0.5254902 0.52156866 0.5176471 0.5372549 0.5529412 0.5686275 0.6 0.60784316 0.6117647 0.6313726 0.59607846 0.6039216 0.6
0.827451 0.8117647 0.8235294 0.84705883 0.85490197 0.85882354 0.84705883 0.81960785 0.80784315 0.7921569 0.8 0.7921569 0.7764706 0.77254903 0.78039217 0.78431374 0.7647059 0.7529412 0.75686276 0.7529412 0.7529412 0.7607843 0.7647059 0.78431374 0.8 0.7921569 0.8 0.827451 0.8627451 0.8509804 0.85490197 0.827451
0.84313726 0.8156863 0.83137256 0.84313726 0.8509804 0.8509804 0.8392157 0.80784315 0.7882353 0.7882353 0.79607844 0.7921569 0.7764706 0.7764706 0.76862746 0.7607843 0.7607843 0.77254903 0.77254903 0.75686276 0.7607843 0.77254903 0.7764706 0.7882353 0.7882353 0.78431374 0.7921569 0.8392157 0.85882354 0.84705883 0.8392157 0.80784315
0.8352941 0.7764706 0.83137256 0.8392157 0.8392157 0.8392157 0.83137256 0.80784315 0.78431374 0.78431374 0.7921569 0.78431374 0.7764706 0.77254903 0.7607843 0.7058824 0.77254903 0.76862746 0.78039217 0.77254903 0.76862746 0.78039217 0.78431374 0.7921569 0.8 0.79607844 0.79607844 0.84313726 0.8392157 0.83137256 0.8117647 0.7921569
0.8235294 0.7058824 0.827451 0.8392157 0.83137256 0.8235294 0.827451 0.8117647 0.8 0.78431374 0.8 0.7882353 0.7764706 0.77254903 0.75686276 0.7254902 0.7647059 0.77254903 0.7921569 0.78431374 0.7764706 0.78431374 0.78431374 0.8 0.8352941 0.827451 0.8 0.8352941 0.83137256 0.827451 0.8 0.76862746
0.81960785 0.654902 0.827451 0.84705883 0.85490197 0.8352941 0.827451 0.8117647 0.8039216 0.7882353 0.7921569 0.78431374 0.78039217 0.78039217 0.7607843 0.7529412 0.7882353 0.7882353 0.8 0.7921569 0.8 0.79607844 0.80784315 0.80784315 0.8392157 0.8352941 0.80784315 0.8156863 0.8039216 0.7764706 0.7921569 0.8117647
0.8235294 0.6039216 0.84705883 0.88235295 0.90588236 0.8666667 0.8235294 0.80784315 0.8039216 0.79607844 0.7882353 0.8039216 0.79607844 0.78039217 0.7607843 0.7529412 0.7921569 0.7921569 0.79607844 0.79607844 0.81960785 0.83137256 0.85490197 0.8352941 0.83137256 0.84313726 0.83137256 0.80784315 0.6392157 0.27058825 0.3529412 0.5764706
0.80784315 0.5058824 0.8784314 0.92156863 0.91764706 0.89411765 0.8509804 0.8235294 0.8039216 0.79607844 0.77254903 0.7372549 0.7647059 0.81960785 0.7764706 0.7411765 0.7882353 0.7882353 0.7882353 0.79607844 0.8352941 0.85882354 0.8666667 0.8509804 0.8352941 0.84705883 0.84313726 0.8 0.49019608 0.14117648 0.03137255 0.15686275
0.78039217 0.42352942 0.90588236 0.92941177 0.9254902 0.91764706 0.8980392 0.8627451 0.8235294 0.8 0.5803922 0.45882353 0.5176471 0.5529412 0.6745098 0.7882353 0.8039216 0.80784315 0.79607844 0.8117647 0.84313726 0.85490197 0.85882354 0.85882354 0.84313726 0.84705883 0.8352941 0.7764706 0.34509805 0.3137255 0.050980393 0.08235294
0.7490196 0.37254903 0.9098039 0.9411765 0.94509804 0.9372549 0.92941177 0.8784314 0.827451 0.70980394 0.5921569 0.4117647 0.4862745 0.34509805 0.41960785 0.62352943 0.8352941 0.827451 0.81960785 0.8235294 0.84313726 0.85490197 0.85490197 0.8509804 0.84705883 0.8509804 0.8156863 0.7176471 0.3647059 0.4117647 0.16862746 0.09411765
0.7294118 0.34509805 0.91764706 0.8745098 0.8117647 0.7294118 0.6313726 0.5137255 0.36862746 0.24705882 0.36078432 0.2784314 0.32941177 0.35686275 0.4392157 0.40392157 0.60784316 0.7372549 0.7882353 0.81960785 0.8392157 0.84705883 0.8392157 0.84313726 0.84313726 0.8352941 0.8 0.61960787 0.3764706 0.38431373 0.24313726 0.078431375
0.7372549 0.26666668 0.54509807 0.4627451 0.44313726 0.39607844 0.39607844 0.4862745 0.2627451 0.13725491 0.1764706 0.14117648 0.105882354 0.13725491 0.28627452 0.44705883 0.28235295 0.5647059 0.8156863 0.8156863 0.8117647 0.8156863 0.8 0.8039216 0.80784315 0.8117647 0.76862746 0.44705883 0.24705882 0.4 0.14117648 0.078431375
0.68235296 0.3647059 0.65882355 0.627451 0.5568628 0.54901963 0.5294118 0.45882353 0.46666667 0.4627451 0.36078432 0.28235295 0.20784314 0.16862746 0.45882353 0.53333336 0.39215687 0.49803922 0.8039216 0.8509804 0.827451 0.81960785 0.8039216 0.79607844 0.7921569 0.7921569 0.7764706 0.30980393 0.16078432 0.30588236 0.09019608 0.11372549
0.77254903 0.56078434 0.57254905 0.4509804 0.4392157 0.3882353 0.48235294 0.30588236 0.4627451 0.5372549 0.40392157 0.42745098 0.31764707 0.5921569 0.7490196 0.70980394 0.6745098 0.49411765 0.41960785 0.56078434 0.7137255 0.8 0.8509804 0.8627451 0.7921569 0.79607844 0.6509804 0.2509804 0.16862746 0.16862746 0.12941177 0.16862746
0.29411766 0.14117648 0.16078432 0.12156863 0.15686275 0.15294118 0.17254902 0.13333334 0.21176471 0.16470589 0.18431373 0.26666668 0.49019608 0.78431374 0.72156864 0.72156864 0.68235296 0.6666667 0.38431373 0.18431373 0.25490198 0.3372549 0.4745098 0.68235296 0.85882354 0.4745098 0.24705882 0.2509804 0.38039216 0.36078432 0.34901962 0.24313726
0.2901961 0.015686275 0.1764706 0.09019608 0.047058824 0.0627451 0.07058824 0.05882353 0.07450981 0.13333334 0.13725491 0.34901962 0.7372549 0.68235296 0.6431373 0.6431373 0.5882353 0.5803922 0.50980395 0.22352941 0.24705882 0.3019608 0.5254902 0.5372549 0.87058824 0.4117647 0.28627452 0.27058825 0.23921569 0.30980393 0.32156864 0.25490198
0.65882355 0.18039216 0.09019608 0.007843138 0.023529412 0.03529412 0.043137256 0.05490196 0.21568628 0.5803922 0.61960787 0.79607844 0.6666667 0.5254902 0.35686275 0.44313726 0.64705884 0.56078434 0.5921569 0.22745098 0.24705882 0.34117648 0.6509804 0.7137255 0.87058824 0.42745098 0.28627452 0.26666668 0.2627451 0.18431373 0.14117648 0.1764706
0.63529414 0.5019608 0.40392157 0.07450981 0.02745098 0.019607844 0.03529412 0.007843138 0.33333334 0.7019608 0.78039217 0.7607843 0.49019608 0.4862745 0.59607846 0.6156863 0.654902 0.58431375 0.63529414 0.23921569 0.23137255 0.2627451 0.25882354 0.42745098 0.88235295 0.40392157 0.23137255 0.27450982 0.26666668 0.17254902 0.16078432 0.20784314
0.60784316 0.5058824 0.80784315 0.6 0.11764706 0.011764706 0.019607844 0.15294118 0.25882354 0.627451 0.67058825 0.627451 0.3372549 0.29803923 0.29803923 0.54901963 0.627451 0.60784316 0.59607846 0.19607843 0.19215687 0.24705882 0.4 0.46666667 0.6627451 0.31764707 0.18039216 0.25490198 0.20392157 0.15294118 0.13725491 0.20784314
0.61960787 0.5254902 0.8627451 0.8509804 0.32941177 0.02745098 0.08235294 0.46666667 0.19215687 0.5176471 0.61960787 0.5372549 0.68235296 0.49411765 0.4 0.73333335 0.6666667 0.5372549 0.5411765 0.21960784 0.23137255 0.24313726 0.32941177 0.41568628 0.44313726 0.31764707 0.28235295 0.3372549 0.29803923 0.1764706 0.30588236 0.6
0.63529414 0.59607846 0.84705883 0.8352941 0.79607844 0.62352943 0.62352943 0.33333334 0.22352941 0.2901961 0.4 0.5882353 0.60784316 0.5764706 0.5176471 0.62352943 0.5921569 0.56078434 0.6784314 0.627451 0.73333335 0.7254902 0.7137255 0.7490196 0.80784315 0.77254903 0.7764706 0.79607844 0.7019608 0.56078434 0.7921569 0.84705883
0.65882355 0.6509804 0.83137256 0.8392157 0.84705883 0.8627451 0.8509804 0.7176471 0.2901961 0.11372549 0.16862746 0.72156864 0.7490196 0.7490196 0.70980394 0.6627451 0.68235296 0.6039216 0.7294118 0.7647059 0.8117647 0.8039216 0.80784315 0.8039216 0.7921569 0.8235294 0.8039216 0.8 0.7529412 0.65882355 0.7882353 0.78431374
0.6862745 0.7019608 0.8156863 0.827451 0.8156863 0.80784315 0.81960785 0.75686276 0.3529412 0.34509805 0.16862746 0.7529412 0.8117647 0.8039216 0.8039216 0.80784315 0.76862746 0.7176471 0.7882353 0.79607844 0.78431374 0.78039217 0.7882353 0.78431374 0.76862746 0.78039217 0.78039217 0.78431374 0.74509805 0.3882353 0.73333335 0.7921569
0.70980394 0.7607843 0.8117647 0.81960785 0.8235294 0.81960785 0.84313726 0.6 0.16470589 0.65882355 0.39215687 0.7490196 0.7882353 0.7921569 0.7921569 0.78039217 0.78431374 0.7921569 0.77254903 0.7882353 0.7882353 0.7764706 0.7764706 0.78039217 0.76862746 0.78431374 0.7764706 0.7764706 0.76862746 0.5137255 0.7607843 0.78039217
0.7411765 0.78039217 0.8039216 0.81960785 0.81960785 0.81960785 0.59607846 0.13333334 0.07058824 0.3529412 0.34509805 0.77254903 0.78431374 0.78431374 0.7882353 0.76862746 0.78039217 0.76862746 0.7764706 0.78431374 0.79607844 0.7882353 0.78431374 0.78039217 0.77254903 0.78039217 0.78039217 0.77254903 0.78039217 0.8156863 0.78039217 0.76862746
0.79607844 0.79607844 0.8 0.80784315 0.80784315 0.8 0.25882354 0.02745098 0.4 0.43529412 0.29411766 0.8 0.8 0.78431374 0.7764706 0.7764706 0.78431374 0.7764706 0.78039217 0.7921569 0.7921569 0.7882353 0.7882353 0.78431374 0.78039217 0.78039217 0.7764706 0.78431374 0.78431374 0.7921569 0.77254903 0.76862746
0.8235294 0.8039216 0.8039216 0.8156863 0.81960785 0.77254903 0.14117648 0.25490198 0.6627451 0.49411765 0.36862746 0.8156863 0.8117647 0.7921569 0.78039217 0.7882353 0.78431374 0.78039217 0.78431374 0.79607844 0.79607844 0.79607844 0.79607844 0.7882353 0.7921569 0.79607844 0.7882353 0.7882353 0.78431374 0.78039217 0.77254903 0.7764706
0.8039216 0.7882353 0.8 0.81960785 0.8156863 0.7882353 0.1882353 0.39215687 0.2509804 0.13725491 0.14509805 0.3529412 0.7882353 0.7882353 0.78431374 0.78039217 0.7882353 0.7882353 0.7882353 0.7882353 0.7921569 0.8 0.8117647 0.8 0.7882353 0.7921569 0.7882353 0.78039217 0.78431374 0.7764706 0.75686276 0.7647059
0.7921569 0.78431374 0.79607844 0.8039216 0.8039216 0.8 0.35686275 0.3529412 0.19215687 0.047058824 0.0627451 0.24313726 0.7411765 0.8 0.78431374 0.77254903 0.77254903 0.77254903 0.7647059 0.7647059 0.7490196 0.7529412 0.75686276 0.74509805 0.7294118 0.7176471 0.68235296 0.654902 0.654902 0.64705884 0.627451 0.6313726
0.7764706 0.76862746 0.7764706 0.76862746 0.7647059 0.7647059 0.6313726 0.2784314 0.12941177 0.03529412 0.42352942 0.7372549 0.69411767 0.6862745 0.6627451 0.6431373 0.6431373 0.6431373 0.61960787 0.6156863 0.59607846 0.5803922 0.57254905 0.59607846 0.5882353 0.57254905 0.5529412 0.54901963 0.56078434 0.5647059 0.56078434 0.5568628
0.6627451 0.654902 0.65882355 0.64705884 0.627451 0.62352943 0.6627451 0.41568628 0.011764706 0.050980393 0.6156863 0.6117647 0.5647059 0.54901963 0.54901963 0.5372549 0.54901963 0.54901963 0.5411765 0.54509807 0.5372549 0.53333336 0.5294118 0.5529412 0.56078434 0.54901963 0.54509807 0.54901963 0.5686275 0.5803922 0.5764706 0.5647059
0.5921569 0.6039216 0.61960787 0.6117647 0.5921569 0.5882353 0.60784316 0.5803922 0.14901961 0.27058825 0.6117647 0.56078434 0.5294118 0.5254902 0.52156866 0.5294118 0.5176471 0.5058824 0.5058824 0.52156866 0.5058824 0.49411765 0.4862745 0.49411765 0.5137255 0.5254902 0.50980395 0.5294118 0.54901963 0.53333336 0.5411765 0.5411765
0.54901963 0.56078434 0.5647059 0.5882353 0.5764706 0.5686275 0.58431375 0.64705884 0.59607846 0.6392157 0.59607846 0.5411765 0.49411765 0.47843137 0.48235294 0.4862745 0.48235294 0.4745098 0.5058824 0.5254902 0.52156866 0.5176471 0.5372549 0.5529412 0.5686275 0.6 0.60784316 0.6117647 0.6313726 0.59607846 0.6039216 0.6
0 12 0
24 0 0
31 21 2
0 17 0
31 10 2
23 31 2
0 3 0
13 31 0
31 31 0
31 29 0
