32, 32, 3, 10
0.8784314 0.91764706 0.9254902 0.54509807 0.3137255 0.37254903 0.78431374 0.8509804 0.47843137 0.45490196 0.7647059 0.77254903 0.49019608 0.67058825 0.8980392 0.8901961 0.8980392 0.9019608 0.9098039 0.9098039 0.91764706 0.9098039 0.92156863 0.9254902 0.9137255 0.89411765 0.84705883 0.7529412 0.72156864 0.77254903 0.7764706 0.77254903
0.85490197 0.92156863 0.93333334 0.6117647 0.35686275 0.4 0.77254903 0.8745098 0.57254905 0.56078434 0.8 0.84313726 0.65882355 0.7647059 0.9098039 0.9098039 0.9019608 0.89411765 0.89411765 0.8901961 0.9019608 0.9098039 0.91764706 0.9137255 0.90588236 0.8745098 0.8745098 0.81960785 0.7490196 0.8039216 0.78431374 0.7921569
0.8509804 0.92156863 0.92156863 0.8509804 0.7882353 0.7764706 0.8745098 0.92156863 0.8156863 0.8039216 0.88235295 0.87058824 0.69803923 0.81960785 0.90588236 0.8862745 0.8980392 0.88235295 0.8666667 0.88235295 0.8980392 0.9019608 0.9098039 0.90588236 0.8862745 0.8235294 0.8117647 0.8156863 0.7647059 0.8117647 0.8156863 0.827451
0.827451 0.93333334 0.93333334 0.81960785 0.6627451 0.6627451 0.8235294 0.9137255 0.7058824 0.62352943 0.81960785 0.8235294 0.45882353 0.7137255 0.8784314 0.83137256 0.8745098 0.87058824 0.87058824 0.8980392 0.8862745 0.8862745 0.8901961 0.8862745 0.88235295 0.8352941 0.8039216 0.7882353 0.8235294 0.8509804 0.8392157 0.83137256
0.81960785 0.94509804 0.9529412 0.72156864 0.39607844 0.37254903 0.7058824 0.9254902 0.5647059 0.4392157 0.7372549 0.85490197 0.4862745 0.68235296 0.8235294 0.81960785 0.8862745 0.8745098 0.8862745 0.8980392 0.9019608 0.88235295 0.8745098 0.88235295 0.9254902 0.88235295 0.8 0.7647059 0.9254902 0.9372549 0.92941177 0.8901961
0.76862746 0.95686275 0.9529412 0.76862746 0.39215687 0.3529412 0.7137255 0.8901961 0.5372549 0.40392157 0.5019608 0.5294118 0.3372549 0.43137255 0.47843137 0.54509807 0.7372549 0.85490197 0.8745098 0.85882354 0.80784315 0.8627451 0.88235295 0.92156863 0.87058824 0.77254903 0.72156864 0.6666667 0.89411765 0.8862745 0.9019608 0.8901961
0.7176471 0.9607843 0.94509804 0.84313726 0.64705884 0.6666667 0.75686276 0.5058824 0.27058825 0.24313726 0.22745098 0.21568628 0.24313726 0.23921569 0.21568628 0.26666668 0.3882353 0.54901963 0.69411767 0.5921569 0.4627451 0.8901961 0.92941177 0.81960785 0.6901961 0.7294118 0.7137255 0.49019608 0.7137255 0.84705883 0.89411765 0.9137255
0.65882355 0.9607843 0.9372549 0.9098039 0.89411765 0.9019608 0.62352943 0.33333334 0.28627452 0.21568628 0.2509804 0.3529412 0.34901962 0.3137255 0.3254902 0.42745098 0.4117647 0.37254903 0.54901963 0.40784314 0.24705882 0.5686275 0.78039217 0.827451 0.8156863 0.8039216 0.7176471 0.42745098 0.5686275 0.8980392 0.9137255 0.91764706
0.64705884 0.95686275 0.9372549 0.92941177 0.7921569 0.70980394 0.38431373 0.3019608 0.29411766 0.19215687 0.2509804 0.30980393 0.26666668 0.30588236 0.30980393 0.43137255 0.41960785 0.3372549 0.5686275 0.5686275 0.28627452 0.50980395 0.7137255 0.7921569 0.7764706 0.7647059 0.73333335 0.58431375 0.54901963 0.7019608 0.7254902 0.7490196
0.6784314 0.9529412 0.92156863 0.61960787 0.42352942 0.43529412 0.41568628 0.29803923 0.23921569 0.2 0.20784314 0.20392157 0.2 0.20784314 0.23529412 0.2627451 0.28235295 0.2509804 0.40784314 0.7176471 0.52156866 0.54509807 0.72156864 0.7411765 0.7137255 0.7058824 0.73333335 0.7058824 0.6862745 0.7019608 0.70980394 0.7294118
0.67058825 0.95686275 0.78039217 0.38039216 0.38431373 0.29803923 0.42352942 0.48235294 0.34901962 0.23137255 0.2627451 0.23137255 0.20784314 0.21568628 0.26666668 0.24705882 0.23529412 0.27450982 0.29803923 0.46666667 0.65882355 0.5686275 0.70980394 0.7254902 0.7411765 0.77254903 0.8117647 0.6901961 0.7176471 0.7294118 0.73333335 0.7411765
0.6431373 0.9411765 0.5568628 0.29411766 0.4117647 0.37254903 0.2627451 0.3019608 0.35686275 0.28627452 0.23921569 0.23137255 0.21960784 0.25882354 0.29803923 0.3137255 0.3019608 0.34509805 0.45490196 0.34901962 0.48235294 0.5882353 0.5568628 0.4745098 0.44705883 0.5882353 0.73333335 0.6666667 0.73333335 0.72156864 0.7294118 0.7372549
0.58431375 0.91764706 0.5176471 0.3019608 0.3019608 0.2784314 0.32941177 0.34117648 0.3137255 0.24313726 0.21960784 0.23529412 0.23921569 0.26666668 0.30588236 0.2901961 0.24705882 0.25882354 0.30980393 0.28235295 0.28235295 0.34901962 0.34117648 0.2627451 0.23137255 0.3137255 0.37254903 0.5176471 0.6745098 0.7137255 0.7529412 0.7411765
0.6117647 0.8901961 0.7019608 0.39607844 0.30980393 0.2901961 0.42352942 0.43529412 0.38039216 0.33333334 0.26666668 0.2509804 0.23921569 0.25490198 0.2627451 0.2509804 0.20784314 0.20392157 0.20392157 0.20784314 0.22352941 0.24313726 0.27058825 0.21568628 0.23529412 0.2784314 0.23529412 0.3254902 0.5803922 0.69411767 0.7294118 0.68235296
0.70980394 0.8392157 0.7882353 0.48235294 0.2901961 0.3529412 0.42352942 0.5058824 0.45882353 0.42352942 0.3882353 0.22745098 0.2627451 0.2784314 0.26666668 0.2901961 0.2627451 0.21568628 0.21176471 0.20392157 0.2 0.22745098 0.25882354 0.21960784 0.22745098 0.2901961 0.21568628 0.2901961 0.6745098 0.6392157 0.68235296 0.7176471
0.7490196 0.8352941 0.7921569 0.5568628 0.24313726 0.3529412 0.36078432 0.43137255 0.5137255 0.4745098 0.35686275 0.22745098 0.2509804 0.22352941 0.22352941 0.25490198 0.2901961 0.27450982 0.22745098 0.21960784 0.24313726 0.23529412 0.23921569 0.22745098 0.22745098 0.2509804 0.23921569 0.24705882 0.49803922 0.59607846 0.6784314 0.7019608
0.7490196 0.827451 0.78039217 0.5254902 0.24705882 0.35686275 0.36078432 0.3882353 0.43137255 0.45882353 0.34509805 0.25490198 0.24705882 0.24705882 0.24313726 0.22745098 0.2901961 0.46666667 0.34509805 0.22352941 0.23921569 0.23137255 0.21568628 0.21960784 0.21960784 0.21960784 0.24313726 0.27450982 0.36078432 0.58431375 0.8 0.8039216
0.76862746 0.83137256 0.79607844 0.41568628 0.23137255 0.3529412 0.32156864 0.35686275 0.44313726 0.41568628 0.3529412 0.3137255 0.3372549 0.23921569 0.21568628 0.23137255 0.4745098 0.81960785 0.48235294 0.21960784 0.20392157 0.2 0.20392157 0.21568628 0.21568628 0.20784314 0.21960784 0.27058825 0.4392157 0.5411765 0.8509804 0.8862745
0.8156863 0.85490197 0.8392157 0.5058824 0.43137255 0.5254902 0.41568628 0.29803923 0.38039216 0.46666667 0.37254903 0.44313726 0.4509804 0.29411766 0.22745098 0.22352941 0.5411765 0.9019608 0.5411765 0.25490198 0.25882354 0.2509804 0.21568628 0.21176471 0.23529412 0.30980393 0.2901961 0.21960784 0.28627452 0.4509804 0.88235295 0.9411765
0.827451 0.85882354 0.8627451 0.75686276 0.7019608 0.7019608 0.6392157 0.46666667 0.34117648 0.43137255 0.3882353 0.69803923 0.5686275 0.4 0.29411766 0.22352941 0.3647059 0.6666667 0.44313726 0.28235295 0.4392157 0.47058824 0.25490198 0.27058825 0.28627452 0.30588236 0.36078432 0.2627451 0.3019608 0.54901963 0.9137255 0.9490196
0.8352941 0.8627451 0.87058824 0.81960785 0.7921569 0.7882353 0.77254903 0.7254902 0.58431375 0.44313726 0.3882353 0.7921569 0.7176471 0.49803922 0.34117648 0.25882354 0.21176471 0.36078432 0.32941177 0.20784314 0.44705883 0.5529412 0.3137255 0.30980393 0.25882354 0.2627451 0.3137255 0.37254903 0.50980395 0.6431373 0.9372549 0.9529412
0.85882354 0.8745098 0.8862745 0.85490197 0.8352941 0.84313726 0.84705883 0.8352941 0.8039216 0.6862745 0.44705883 0.80784315 0.83137256 0.58431375 0.39607844 0.21960784 0.18039216 0.23137255 0.3372549 0.33333334 0.34117648 0.3764706 0.3254902 0.3372549 0.32941177 0.32941177 0.2784314 0.30980393 0.40784314 0.59607846 0.9411765 0.95686275
0.88235295 0.8901961 0.90588236 0.8862745 0.87058824 0.8745098 0.88235295 0.8745098 0.8627451 0.83137256 0.5176471 0.76862746 0.8627451 0.63529414 0.49019608 0.27450982 0.28627452 0.28235295 0.30588236 0.40392157 0.32941177 0.3019608 0.3372549 0.49803922 0.36862746 0.2901961 0.25882354 0.22352941 0.38431373 0.77254903 0.9529412 0.95686275
0.9019608 0.9098039 0.9137255 0.8980392 0.8901961 0.90588236 0.90588236 0.8980392 0.8980392 0.8980392 0.6431373 0.7176471 0.84313726 0.627451 0.56078434 0.41568628 0.40784314 0.40784314 0.40784314 0.4745098 0.3882353 0.3529412 0.41568628 0.5294118 0.38431373 0.2901961 0.3137255 0.5411765 0.8509804 0.9411765 0.9490196 0.95686275
0.9137255 0.90588236 0.92941177 0.9137255 0.9098039 0.92156863 0.9254902 0.9254902 0.92941177 0.93333334 0.8627451 0.74509805 0.8 0.59607846 0.5921569 0.48235294 0.44313726 0.4 0.41960785 0.45882353 0.42745098 0.44313726 0.45882353 0.38039216 0.40784314 0.58431375 0.7254902 0.8509804 0.8980392 0.93333334 0.9607843 0.9607843
0.92941177 0.91764706 0.9254902 0.92941177 0.9372549 0.94509804 0.9490196 0.9490196 0.9490196 0.9490196 0.9411765 0.7529412 0.7411765 0.5882353 0.6156863 0.5019608 0.4392157 0.4117647 0.43137255 0.4509804 0.44313726 0.44313726 0.48235294 0.4509804 0.7137255 0.8784314 0.78039217 0.78039217 0.8627451 0.95686275 0.972549 0.972549
0.94509804 0.9372549 0.94509804 0.9411765 0.94509804 0.9607843 0.96862745 0.96862745 0.9647059 0.95686275 0.972549 0.8352941 0.53333336 0.56078434 0.64705884 0.6784314 0.5686275 0.5686275 0.627451 0.61960787 0.6 0.60784316 0.6627451 0.64705884 0.74509805 0.77254903 0.7764706 0.8784314 0.95686275 0.98039216 0.9843137 0.9843137
0.9529412 0.94509804 0.9529412 0.9529412 0.9529412 0.96862745 0.9764706 0.98039216 0.98039216 0.9764706 0.98039216 0.9529412 0.68235296 0.69803923 0.8156863 0.92156863 0.9137255 0.8862745 0.8980392 0.89411765 0.8901961 0.9019608 0.91764706 0.89411765 0.78039217 0.84313726 0.92156863 0.9529412 0.96862745 0.98039216 0.9882353 0.96862745
0.95686275 0.9490196 0.95686275 0.9647059 0.9647059 0.98039216 0.9843137 0.9843137 0.99215686 0.99215686 0.9882353 0.9882353 0.95686275 0.9490196 0.96862745 0.9764706 0.972549 0.9764706 0.972549 0.9529412 0.9647059 0.9764706 0.96862745 0.96862745 0.9529412 0.9647059 0.96862745 0.972549 0.9843137 0.99607843 0.9843137 0.9647059
0.96862745 0.9529412 0.9529412 0.96862745 0.972549 0.9843137 0.99607843 0.99215686 0.9882353 0.9882353 0.99607843 0.99607843 0.9843137 0.9843137 0.9843137 0.9882353 0.9843137 0.9843137 0.98039216 0.96862745 0.9764706 0.9882353 0.9882353 0.9882353 0.9843137 0.98039216 0.9882353 0.9882353 0.99215686 0.99215686 0.96862745 0.9843137
0.9764706 0.9647059 0.95686275 0.9607843 0.9764706 0.99215686 1.0 0.99215686 0.98039216 0.9843137 0.99215686 0.9882353 0.9843137 0.9882353 0.9882353 0.9882353 0.99215686 0.99215686 0.9882353 0.99215686 0.99215686 0.9882353 0.9882353 0.99215686 0.9882353 0.9882353 0.99215686 0.99215686 0.99215686 0.98039216 0.972549 0.9882353
0.9764706 0.9647059 0.96862745 0.96862745 0.9764706 0.9882353 0.99607843 0.9882353 0.9843137 0.9882353 0.99215686 0.9764706 0.9764706 0.9882353 0.99215686 0.99215686 0.9882353 0.9882353 0.9882353 0.99215686 0.99215686 0.99215686 0.9882353 0.9882353 0.9882353 0.99215686 0.9882353 0.9882353 0.9882353 0.9843137 0.9882353 0.99215686
0.8666667 0.92941177 0.9254902 0.5176471 0.30588236 0.38431373 0.7764706 0.8352941 0.49803922 0.49411765 0.77254903 0.7490196 0.50980395 0.6862745 0.8901961 0.87058824 0.85882354 0.8627451 0.87058824 0.87058824 0.8980392 0.9019608 0.9137255 0.9137255 0.9019608 0.88235295 0.84705883 0.7764706 0.7490196 0.7764706 0.7882353 0.79607844
0.84705883 0.93333334 0.92941177 0.5921569 0.35686275 0.42352942 0.77254903 0.8627451 0.58431375 0.5764706 0.8 0.827451 0.6666667 0.77254903 0.9019608 0.89411765 0.8784314 0.8666667 0.8666667 0.8627451 0.8901961 0.9098039 0.91764706 0.9137255 0.9019608 0.85882354 0.85490197 0.8117647 0.75686276 0.8 0.7921569 0.8117647
0.8392157 0.93333334 0.92156863 0.84313726 0.8039216 0.8156863 0.88235295 0.9098039 0.80784315 0.7921569 0.8745098 0.87058824 0.6901961 0.80784315 0.8980392 0.8745098 0.88235295 0.8666667 0.8509804 0.87058824 0.89411765 0.90588236 0.9137255 0.90588236 0.9098039 0.8509804 0.80784315 0.8235294 0.7921569 0.8 0.8117647 0.8352941
0.8156863 0.94509804 0.93333334 0.8156863 0.6901961 0.7058824 0.84313726 0.90588236 0.6862745 0.5882353 0.8039216 0.8352941 0.43529412 0.6901961 0.8627451 0.8235294 0.87058824 0.8666667 0.8666667 0.8901961 0.8901961 0.8980392 0.8980392 0.89411765 0.9137255 0.85490197 0.7647059 0.7529412 0.8235294 0.827451 0.8235294 0.827451
0.80784315 0.9529412 0.9529412 0.72156864 0.42745098 0.41960785 0.7294118 0.91764706 0.5294118 0.38431373 0.7176471 0.87058824 0.45490196 0.654902 0.8117647 0.8156863 0.88235295 0.87058824 0.88235295 0.8980392 0.9137255 0.9098039 0.9019608 0.90588236 0.92156863 0.8039216 0.64705884 0.62352943 0.84705883 0.9019608 0.90588236 0.88235295
0.7647059 0.9607843 0.95686275 0.77254903 0.40392157 0.36862746 0.7254902 0.8745098 0.4862745 0.36078432 0.4862745 0.5372549 0.3254902 0.42352942 0.4745098 0.54509807 0.73333335 0.87058824 0.8980392 0.8627451 0.8039216 0.8980392 0.92156863 0.8980392 0.7254902 0.49803922 0.41568628 0.44705883 0.8156863 0.8745098 0.90588236 0.90588236
0.72156864 0.9647059 0.9490196 0.84313726 0.64705884 0.6666667 0.7607843 0.49411765 0.24313726 0.22745098 0.23137255 0.23137255 0.2627451 0.2627451 0.23529412 0.28235295 0.39215687 0.5764706 0.73333335 0.6 0.44313726 0.85882354 0.85490197 0.6627451 0.42745098 0.3764706 0.38039216 0.29411766 0.6784314 0.8509804 0.8901961 0.90588236
0.6627451 0.9647059 0.9411765 0.9137255 0.8980392 0.90588236 0.627451 0.3372549 0.29803923 0.23137255 0.2784314 0.3882353 0.39215687 0.35686275 0.37254903 0.46666667 0.42745098 0.4 0.5921569 0.42352942 0.26666668 0.5058824 0.5882353 0.6 0.53333336 0.42745098 0.37254903 0.21960784 0.49803922 0.8235294 0.81960785 0.79607844
0.6509804 0.95686275 0.9372549 0.9372549 0.8039216 0.72156864 0.39215687 0.3254902 0.33333334 0.23137255 0.28627452 0.34901962 0.31764707 0.36078432 0.36078432 0.47843137 0.44313726 0.3764706 0.61960787 0.59607846 0.22745098 0.27058825 0.30588236 0.36862746 0.38039216 0.34117648 0.3254902 0.27058825 0.31764707 0.4509804 0.4392157 0.42352942
0.68235296 0.9529412 0.92156863 0.63529414 0.44705883 0.45490196 0.43137255 0.32156864 0.28235295 0.22745098 0.22352941 0.21568628 0.22745098 0.23921569 0.26666668 0.2901961 0.30588236 0.3019608 0.46666667 0.7529412 0.47058824 0.3529412 0.39607844 0.39215687 0.3882353 0.35686275 0.3372549 0.30588236 0.29803923 0.28627452 0.27450982 0.27058825
0.6784314 0.9607843 0.7764706 0.4 0.41568628 0.3254902 0.44313726 0.5058824 0.3764706 0.24313726 0.25882354 0.21960784 0.21176471 0.21960784 0.27058825 0.2509804 0.25490198 0.3254902 0.3647059 0.5058824 0.65882355 0.5137255 0.5882353 0.57254905 0.58431375 0.58431375 0.52156866 0.28627452 0.2627451 0.25490198 0.25882354 0.2627451
0.6392157 0.94509804 0.5647059 0.30980393 0.43529412 0.3882353 0.26666668 0.30588236 0.3647059 0.2901961 0.24313726 0.23529412 0.22352941 0.27058825 0.30588236 0.3254902 0.32941177 0.3882353 0.5019608 0.3882353 0.49019608 0.5686275 0.5294118 0.42745098 0.41568628 0.54509807 0.56078434 0.29411766 0.24705882 0.25490198 0.25882354 0.25490198
0.5764706 0.91764706 0.5294118 0.31764707 0.32156864 0.2901961 0.33333334 0.34117648 0.31764707 0.2509804 0.23529412 0.2509804 0.24705882 0.28235295 0.32156864 0.30588236 0.27058825 0.2901961 0.34117648 0.30980393 0.29803923 0.35686275 0.34901962 0.27450982 0.2509804 0.31764707 0.27450982 0.25882354 0.28627452 0.3019608 0.33333334 0.2901961
0.6039216 0.8862745 0.70980394 0.40784314 0.3254902 0.30588236 0.4392157 0.44705883 0.39215687 0.34509805 0.27450982 0.25882354 0.24705882 0.26666668 0.27058825 0.25882354 0.22352941 0.21960784 0.22352941 0.22352941 0.23137255 0.24705882 0.27450982 0.21960784 0.24705882 0.29411766 0.21176471 0.23137255 0.3882353 0.42352942 0.4509804 0.37254903
0.6901961 0.8352941 0.7882353 0.49411765 0.30588236 0.36862746 0.44313726 0.5294118 0.47843137 0.4392157 0.4 0.23529412 0.26666668 0.28235295 0.26666668 0.2901961 0.27058825 0.22745098 0.22352941 0.21176471 0.20392157 0.22745098 0.25882354 0.21960784 0.23137255 0.30980393 0.25490198 0.31764707 0.64705884 0.5568628 0.6117647 0.6039216
0.7254902 0.8235294 0.7921569 0.5686275 0.25882354 0.3647059 0.38039216 0.45490196 0.5294118 0.49019608 0.36862746 0.23921569 0.25490198 0.21960784 0.21176471 0.24705882 0.29803923 0.28627452 0.23529412 0.23137255 0.24313726 0.22745098 0.23529412 0.22352941 0.22352941 0.26666668 0.28235295 0.28235295 0.49803922 0.59607846 0.70980394 0.6784314
0.7254902 0.8117647 0.7764706 0.5372549 0.2627451 0.3647059 0.37254903 0.40392157 0.44705883 0.4745098 0.35686275 0.26666668 0.24705882 0.23921569 0.22745098 0.21568628 0.29803923 0.48235294 0.36078432 0.23921569 0.24313726 0.22352941 0.20784314 0.21176471 0.21176471 0.22352941 0.25882354 0.26666668 0.3137255 0.54901963 0.8 0.74509805
0.7490196 0.8117647 0.7764706 0.41568628 0.23921569 0.35686275 0.3254902 0.36078432 0.4509804 0.42745098 0.36862746 0.32156864 0.32941177 0.24705882 0.22352941 0.22352941 0.47843137 0.8509804 0.49803922 0.22745098 0.22352941 0.20784314 0.20392157 0.21176471 0.20392157 0.19215687 0.20784314 0.2509804 0.4117647 0.5058824 0.8117647 0.8117647
0.79607844 0.83137256 0.8156863 0.49803922 0.43137255 0.5254902 0.4117647 0.29411766 0.38431373 0.47058824 0.38039216 0.44705883 0.43137255 0.3137255 0.27058825 0.25882354 0.57254905 0.9490196 0.56078434 0.25490198 0.25490198 0.23529412 0.20784314 0.21568628 0.2509804 0.31764707 0.2901961 0.22352941 0.29411766 0.44705883 0.84313726 0.8901961
0.80784315 0.8352941 0.8352941 0.7490196 0.7019608 0.69803923 0.63529414 0.4627451 0.3372549 0.43137255 0.39215687 0.6901961 0.54509807 0.42745098 0.37254903 0.32156864 0.44313726 0.7411765 0.47843137 0.28235295 0.3882353 0.40392157 0.22745098 0.28627452 0.3254902 0.3372549 0.38431373 0.28627452 0.32156864 0.54509807 0.8784314 0.90588236
0.8117647 0.8352941 0.84313726 0.8039216 0.7882353 0.78039217 0.7647059 0.72156864 0.5803922 0.4392157 0.3882353 0.78039217 0.6901961 0.5176471 0.4392157 0.40392157 0.3254902 0.44705883 0.3882353 0.23921569 0.4 0.47058824 0.28235295 0.32941177 0.29411766 0.2901961 0.34901962 0.41568628 0.5529412 0.64705884 0.9098039 0.92156863
0.8352941 0.84705883 0.85882354 0.8352941 0.8235294 0.8235294 0.827451 0.81960785 0.79607844 0.6745098 0.43529412 0.7882353 0.8 0.5882353 0.4745098 0.35686275 0.28627452 0.3137255 0.42745098 0.42745098 0.3764706 0.36862746 0.33333334 0.3647059 0.35686275 0.34509805 0.30980393 0.3529412 0.44705883 0.6117647 0.9254902 0.93333334
0.85882354 0.8627451 0.8745098 0.8627451 0.84705883 0.8509804 0.8509804 0.85490197 0.8509804 0.8117647 0.49803922 0.74509805 0.83137256 0.6156863 0.53333336 0.3764706 0.3647059 0.35686275 0.42352942 0.5529412 0.4509804 0.3882353 0.4 0.5411765 0.39215687 0.3019608 0.27450982 0.23921569 0.39607844 0.79607844 0.9490196 0.9411765
0.8862745 0.8901961 0.89411765 0.88235295 0.87058824 0.8862745 0.8862745 0.8784314 0.88235295 0.88235295 0.62352943 0.69411767 0.8156863 0.61960787 0.5921569 0.4745098 0.44705883 0.44705883 0.4745098 0.57254905 0.5019608 0.45490196 0.47843137 0.56078434 0.39607844 0.29411766 0.3137255 0.5372549 0.84705883 0.9490196 0.9490196 0.9529412
0.9019608 0.89411765 0.91764706 0.9019608 0.89411765 0.90588236 0.9098039 0.9098039 0.9137255 0.91764706 0.84705883 0.7254902 0.7764706 0.6 0.61960787 0.5176471 0.4862745 0.44705883 0.48235294 0.53333336 0.5019608 0.5019608 0.49019608 0.3882353 0.40784314 0.5803922 0.72156864 0.84705883 0.89411765 0.93333334 0.9607843 0.9607843
0.91764706 0.90588236 0.9137255 0.91764706 0.92156863 0.92941177 0.93333334 0.93333334 0.93333334 0.93333334 0.92941177 0.7372549 0.72156864 0.5921569 0.6313726 0.5294118 0.4862745 0.4745098 0.5019608 0.5372549 0.5058824 0.47843137 0.5019608 0.45490196 0.70980394 0.8745098 0.7764706 0.7764706 0.85882354 0.95686275 0.972549 0.972549
0.93333334 0.9254902 0.93333334 0.92941177 0.92941177 0.94509804 0.9529412 0.9529412 0.9490196 0.9411765 0.95686275 0.81960785 0.52156866 0.5647059 0.654902 0.6862745 0.5686275 0.57254905 0.64705884 0.64705884 0.627451 0.6313726 0.6745098 0.654902 0.74509805 0.77254903 0.7764706 0.8784314 0.95686275 0.98039216 0.9843137 0.9843137
0.9411765 0.93333334 0.9411765 0.9411765 0.9372549 0.9529412 0.9607843 0.9647059 0.9647059 0.9607843 0.9647059 0.9372549 0.6784314 0.69411767 0.8117647 0.9098039 0.8745098 0.84705883 0.8745098 0.88235295 0.8901961 0.9098039 0.9254902 0.9019608 0.78431374 0.84313726 0.92156863 0.9529412 0.96862745 0.98039216 0.9882353 0.96862745
0.9411765 0.9372549 0.94509804 0.9490196 0.9490196 0.9647059 0.96862745 0.96862745 0.9764706 0.98039216 0.972549 0.9764706 0.9490196 0.93333334 0.9490196 0.9529412 0.9529412 0.9607843 0.96862745 0.9647059 0.9607843 0.9607843 0.9647059 0.96862745 0.9529412 0.9647059 0.96862745 0.972549 0.9843137 0.99607843 0.9843137 0.9647059
0.9529412 0.9411765 0.9411765 0.9529412 0.95686275 0.96862745 0.98039216 0.98039216 0.98039216 0.9843137 0.9882353 0.9882353 0.98039216 0.98039216 0.972549 0.9764706 0.98039216 0.9882353 0.99215686 0.9843137 0.9764706 0.98039216 0.98039216 0.9882353 0.98039216 0.98039216 0.9882353 0.9882353 0.99215686 0.99215686 0.96862745 0.9843137
0.9607843 0.9490196 0.9411765 0.94509804 0.9607843 0.9764706 0.9843137 0.98039216 0.98039216 0.9843137 0.99215686 0.9882353 0.9843137 0.9882353 0.9882353 0.9882353 0.99215686 0.99215686 0.9882353 0.99215686 0.99215686 0.9882353 0.9882353 0.99215686 0.9882353 0.9882353 0.99215686 0.99215686 0.99215686 0.98039216 0.972549 0.9882353
0.9607843 0.9490196 0.9529412 0.9529412 0.9607843 0.972549 0.98039216 0.98039216 0.9843137 0.9882353 0.99215686 0.9764706 0.9764706 0.9882353 0.99215686 0.99215686 0.9882353 0.9882353 0.9882353 0.99215686 0.99215686 0.99215686 0.9882353 0.9882353 0.9882353 0.99215686 0.9882353 0.9882353 0.9882353 0.9843137 0.9882353 0.99215686
0.8392157 0.92156863 0.90588236 0.5019608 0.28627452 0.3529412 0.7490196 0.8 0.4392157 0.4392157 0.7411765 0.73333335 0.48235294 0.65882355 0.8666667 0.84705883 0.8352941 0.8392157 0.84705883 0.84705883 0.87058824 0.8784314 0.8901961 0.8901961 0.8784314 0.8784314 0.87058824 0.78039217 0.72156864 0.7647059 0.7764706 0.78039217
0.81960785 0.92156863 0.9098039 0.56078434 0.31764707 0.38039216 0.74509805 0.8235294 0.5176471 0.5176471 0.7647059 0.8 0.62352943 0.73333335 0.8745098 0.8666667 0.8352941 0.81960785 0.81960785 0.8156863 0.85882354 0.8901961 0.8980392 0.89411765 0.88235295 0.85490197 0.8627451 0.8117647 0.73333335 0.77254903 0.75686276 0.77254903
0.8117647 0.9254902 0.9019608 0.7921569 0.7372549 0.75686276 0.85490197 0.87058824 0.7372549 0.73333335 0.83137256 0.827451 0.6313726 0.7607843 0.8666667 0.8509804 0.8352941 0.80784315 0.79607844 0.8117647 0.8666667 0.8980392 0.9019608 0.8980392 0.8901961 0.8235294 0.7882353 0.8 0.7647059 0.76862746 0.7764706 0.79607844
0.7882353 0.9372549 0.9137255 0.7490196 0.6 0.6392157 0.8117647 0.8666667 0.6117647 0.5294118 0.7529412 0.7764706 0.36078432 0.627451 0.827451 0.8039216 0.83137256 0.81960785 0.81960785 0.84705883 0.8666667 0.89411765 0.89411765 0.8901961 0.9019608 0.83137256 0.7372549 0.7294118 0.8117647 0.81960785 0.8117647 0.8117647
0.78431374 0.94509804 0.93333334 0.6509804 0.33333334 0.34509805 0.69411767 0.8784314 0.4627451 0.33333334 0.6666667 0.80784315 0.3764706 0.59607846 0.7764706 0.8 0.8627451 0.84705883 0.85882354 0.87058824 0.9019608 0.9098039 0.9019608 0.8980392 0.91764706 0.8 0.6313726 0.62352943 0.87058824 0.91764706 0.9137255 0.8862745
0.7529412 0.94509804 0.93333334 0.7372549 0.36078432 0.32941177 0.69411767 0.85490197 0.48235294 0.35686275 0.47843137 0.52156866 0.30588236 0.40392157 0.47058824 0.54509807 0.72156864 0.84705883 0.87058824 0.84313726 0.79607844 0.9137255 0.9372549 0.8627451 0.6784314 0.4745098 0.38039216 0.44705883 0.8509804 0.8784314 0.8980392 0.8980392
0.7058824 0.94509804 0.9254902 0.83137256 0.6392157 0.6509804 0.7411765 0.49019608 0.2627451 0.24705882 0.24313726 0.23921569 0.26666668 0.26666668 0.24313726 0.28627452 0.38039216 0.5529412 0.7058824 0.58431375 0.44705883 0.8666667 0.84313726 0.6117647 0.36862746 0.32156864 0.30980393 0.25882354 0.6901961 0.8509804 0.8901961 0.90588236
0.6431373 0.9490196 0.92941177 0.90588236 0.8901961 0.90588236 0.6313726 0.34509805 0.3137255 0.24705882 0.2901961 0.39607844 0.39607844 0.36078432 0.3764706 0.47058824 0.42352942 0.3882353 0.57254905 0.4117647 0.26666668 0.4745098 0.50980395 0.5294118 0.48235294 0.3647059 0.29803923 0.16862746 0.47058824 0.80784315 0.80784315 0.79607844
0.62352943 0.9490196 0.9411765 0.9372549 0.8039216 0.73333335 0.42352942 0.3529412 0.34901962 0.24705882 0.30588236 0.3647059 0.32941177 0.36862746 0.37254903 0.49019608 0.44313726 0.36078432 0.6039216 0.5882353 0.25882354 0.28235295 0.26666668 0.34509805 0.35686275 0.27450982 0.2627451 0.22352941 0.2784314 0.38039216 0.3764706 0.3764706
0.64705884 0.9490196 0.93333334 0.6392157 0.4509804 0.4862745 0.4862745 0.37254903 0.30588236 0.25882354 0.25882354 0.25490198 0.25882354 0.27058825 0.29803923 0.32156864 0.3137255 0.29411766 0.45882353 0.7529412 0.49411765 0.38431373 0.4117647 0.38039216 0.31764707 0.24705882 0.2627451 0.2627451 0.25490198 0.21176471 0.20392157 0.21176471
0.6392157 0.95686275 0.8 0.40784314 0.42352942 0.3647059 0.52156866 0.58431375 0.41960785 0.2901961 0.30588236 0.27058825 0.25882354 0.26666668 0.3137255 0.29411766 0.27058825 0.3254902 0.36078432 0.50980395 0.6666667 0.5529412 0.6392157 0.5568628 0.4627451 0.42745098 0.42352942 0.22745098 0.21960784 0.22352941 0.23137255 0.23921569
0.62352943 0.95686275 0.6 0.34117648 0.45882353 0.44313726 0.39607844 0.45490196 0.47058824 0.37254903 0.29411766 0.2784314 0.28627452 0.3019608 0.33333334 0.37254903 0.35686275 0.40392157 0.5137255 0.40392157 0.5294118 0.6392157 0.60784316 0.4745098 0.40392157 0.5058824 0.54509807 0.2784314 0.21960784 0.21960784 0.21568628 0.23137255
0.56078434 0.92941177 0.56078434 0.36078432 0.3529412 0.3372549 0.44313726 0.48235294 0.42745098 0.3372549 0.29411766 0.30588236 0.3254902 0.32156864 0.35686275 0.37254903 0.34509805 0.35686275 0.40784314 0.38039216 0.3764706 0.44705883 0.43529412 0.36078432 0.3254902 0.38039216 0.34117648 0.3019608 0.29803923 0.27058825 0.28627452 0.27058825
0.5647059 0.8745098 0.7176471 0.44705883 0.36078432 0.3372549 0.48235294 0.50980395 0.4509804 0.4117647 0.3529412 0.34509805 0.3372549 0.34509805 0.3529412 0.3647059 0.35686275 0.36078432 0.36078432 0.3647059 0.35686275 0.36078432 0.38431373 0.33333334 0.34901962 0.39607844 0.32156864 0.3254902 0.44705883 0.4117647 0.4117647 0.35686275
0.6313726 0.79607844 0.76862746 0.5176471 0.34509805 0.4 0.4509804 0.5372549 0.50980395 0.49019608 0.47843137 0.33333334 0.3764706 0.40784314 0.40784314 0.44313726 0.44705883 0.4117647 0.40784314 0.4 0.3647059 0.36862746 0.40392157 0.3647059 0.37254903 0.4509804 0.40392157 0.44705883 0.72156864 0.54509807 0.5568628 0.56078434
0.6392157 0.7607843 0.74509805 0.5686275 0.3019608 0.41568628 0.40392157 0.4627451 0.56078434 0.5372549 0.4392157 0.32156864 0.3764706 0.3882353 0.4117647 0.4392157 0.47843137 0.46666667 0.41568628 0.4117647 0.41568628 0.4 0.40784314 0.39607844 0.3882353 0.42745098 0.44313726 0.41568628 0.57254905 0.5882353 0.6431373 0.61960787
0.62352943 0.73333335 0.7137255 0.5176471 0.30588236 0.4392157 0.43137255 0.4392157 0.49019608 0.5176471 0.40784314 0.3254902 0.36862746 0.4392157 0.46666667 0.43529412 0.46666667 0.62352943 0.5137255 0.4 0.42352942 0.42352942 0.40784314 0.40784314 0.39607844 0.4 0.42352942 0.39215687 0.39215687 0.56078434 0.7529412 0.69803923
0.65882355 0.7372549 0.72156864 0.40392157 0.27450982 0.41960785 0.3882353 0.42352942 0.5137255 0.4745098 0.4 0.34117648 0.39607844 0.44313726 0.49411765 0.48235294 0.65882355 0.8901961 0.6392157 0.42745098 0.4117647 0.4509804 0.45490196 0.4392157 0.40784314 0.4 0.41568628 0.40784314 0.49411765 0.5411765 0.80784315 0.80784315
0.72156864 0.76862746 0.7647059 0.48235294 0.44313726 0.54901963 0.4509804 0.34901962 0.44705883 0.5176471 0.4117647 0.4509804 0.44705883 0.4745098 0.5372549 0.54509807 0.76862746 0.96862745 0.72156864 0.5058824 0.39607844 0.40392157 0.41568628 0.42352942 0.42745098 0.49019608 0.5019608 0.43137255 0.44705883 0.5058824 0.8627451 0.89411765
0.7372549 0.78431374 0.79607844 0.7176471 0.6784314 0.6862745 0.63529414 0.4862745 0.38431373 0.46666667 0.41960785 0.69411767 0.53333336 0.5294118 0.59607846 0.6039216 0.6666667 0.83137256 0.6745098 0.5568628 0.48235294 0.47058824 0.38039216 0.48235294 0.49803922 0.49411765 0.57254905 0.4862745 0.49803922 0.6313726 0.9098039 0.8980392
0.75686276 0.7921569 0.8117647 0.7607843 0.7372549 0.74509805 0.7372549 0.7176471 0.6039216 0.4627451 0.41568628 0.7921569 0.65882355 0.5647059 0.60784316 0.6666667 0.5686275 0.61960787 0.6117647 0.5137255 0.5254902 0.5686275 0.4745098 0.56078434 0.5294118 0.50980395 0.5176471 0.5294118 0.6392157 0.73333335 0.9411765 0.90588236
0.7882353 0.8156863 0.8392157 0.7921569 0.76862746 0.7882353 0.8039216 0.8117647 0.8 0.69411767 0.46666667 0.8156863 0.78039217 0.59607846 0.5882353 0.5921569 0.5294118 0.54509807 0.654902 0.65882355 0.5764706 0.5803922 0.5764706 0.5921569 0.5803922 0.54901963 0.42745098 0.40392157 0.49019608 0.67058825 0.9411765 0.92156863
0.81960785 0.8392157 0.8627451 0.83137256 0.80784315 0.8235294 0.8392157 0.84313726 0.84313726 0.8235294 0.5294118 0.78431374 0.8392157 0.6117647 0.6156863 0.58431375 0.6 0.6117647 0.6313726 0.7372549 0.6901961 0.6509804 0.62352943 0.6862745 0.49411765 0.38039216 0.3254902 0.3137255 0.49411765 0.827451 0.9529412 0.9372549
0.85882354 0.87058824 0.8784314 0.8627451 0.8509804 0.87058824 0.8745098 0.87058824 0.8784314 0.8862745 0.6392157 0.72156864 0.8392157 0.60784316 0.63529414 0.63529414 0.654902 0.67058825 0.67058825 0.7490196 0.70980394 0.65882355 0.6313726 0.64705884 0.4392157 0.3137255 0.34117648 0.59607846 0.9019608 0.9607843 0.9490196 0.9529412
0.88235295 0.8784314 0.8980392 0.8862745 0.88235295 0.89411765 0.8980392 0.90588236 0.91764706 0.92156863 0.8509804 0.7372549 0.7921569 0.5764706 0.6313726 0.6313726 0.68235296 0.65882355 0.6862745 0.73333335 0.7019608 0.6901961 0.64705884 0.50980395 0.47843137 0.60784316 0.7490196 0.87058824 0.9098039 0.93333334 0.9607843 0.9607843
0.8980392 0.8862745 0.89411765 0.9019608 0.9098039 0.91764706 0.92156863 0.92941177 0.9372549 0.9372549 0.93333334 0.7411765 0.70980394 0.54901963 0.62352943 0.6039216 0.6509804 0.65882355 0.68235296 0.70980394 0.6901961 0.65882355 0.654902 0.5803922 0.7764706 0.89411765 0.8 0.8 0.8784314 0.95686275 0.972549 0.972549
0.9137255 0.90588236 0.9137255 0.9137255 0.91764706 0.93333334 0.9411765 0.9490196 0.9529412 0.94509804 0.9647059 0.81960785 0.49411765 0.5254902 0.6392157 0.72156864 0.6509804 0.6666667 0.73333335 0.73333335 0.7176471 0.7137255 0.7411765 0.69803923 0.7647059 0.78431374 0.7882353 0.8901961 0.9647059 0.98039216 0.9843137 0.9843137
0.92156863 0.9137255 0.92156863 0.9254902 0.9254902 0.9411765 0.9490196 0.95686275 0.96862745 0.9647059 0.96862745 0.9372549 0.65882355 0.68235296 0.8117647 0.9254902 0.8901961 0.8627451 0.88235295 0.8862745 0.8980392 0.9137255 0.91764706 0.8784314 0.76862746 0.84313726 0.9254902 0.9529412 0.96862745 0.98039216 0.9882353 0.96862745
0.92156863 0.91764706 0.9254902 0.93333334 0.9372549 0.9529412 0.95686275 0.9647059 0.98039216 0.9843137 0.9764706 0.9764706 0.9490196 0.9490196 0.972549 0.972549 0.9607843 0.9647059 0.96862745 0.95686275 0.972549 0.972549 0.96862745 0.9647059 0.9490196 0.9607843 0.96862745 0.96862745 0.98039216 0.99215686 0.9843137 0.9647059
0.9372549 0.9254902 0.9254902 0.94509804 0.9529412 0.96862745 0.9764706 0.98039216 0.9843137 0.9882353 0.99215686 0.99215686 0.9843137 0.9882353 0.9882353 0.9882353 0.99215686 0.99607843 0.99607843 0.9882353 0.9882353 0.99215686 0.99215686 0.99607843 0.9843137 0.9764706 0.9843137 0.9843137 0.9882353 0.99215686 0.96862745 0.9843137
0.9490196 0.9372549 0.92941177 0.94509804 0.9647059 0.98039216 0.9882353 0.9843137 0.98039216 0.9843137 0.99215686 0.9882353 0.9843137 0.9882353 0.9882353 0.9882353 0.99215686 0.99215686 0.9882353 0.99215686 0.99215686 0.9882353 0.9882353 0.99215686 0.9882353 0.9882353 0.99215686 0.99215686 0.99215686 0.98039216 0.972549 0.9882353
0.9490196 0.9372549 0.9411765 0.9490196 0.9647059 0.9764706 0.9843137 0.9843137 0.9843137 0.9882353 0.99215686 0.9764706 0.9764706 0.9882353 0.99215686 0.99215686 0.9882353 0.9882353 0.9882353 0.99215686 0.99215686 0.99215686 0.9882353 0.9882353 0.9882353 0.99215686 0.9882353 0.9882353 0.9882353 0.9843137 0.9882353 0.99215686
31 0 0
0 19 2
6 0 1
31 14 0
31 10 2
31 2 2
19 0 1
31 11 0
27 0 1
0 3 0
