32, 32, 3, 10
0.015686275 0.007843138 0.011764706 0.015686275 0.015686275 0.011764706 0.011764706 0.007843138 0.007843138 0.007843138 0.003921569 0.003921569 0.007843138 0.007843138 0.007843138 0.007843138 0.003921569 0.0 0.0 0.0 0.0 0.0 0.0 0.0 0.0 0.0 0.0 0.0 0.0 0.0 0.0 0.0
0.019607844 0.011764706 0.007843138 0.011764706 0.015686275 0.015686275 0.011764706 0.007843138 0.007843138 0.007843138 0.007843138 0.003921569 0.007843138 0.007843138 0.007843138 0.007843138 0.003921569 0.003921569 0.0 0.003921569 0.0 0.0 0.0 0.0 0.0 0.0 0.0 0.0 0.0 0.0 0.0 0.0
0.02745098 0.015686275 0.007843138 0.007843138 0.011764706 0.011764706 0.011764706 0.011764706 0.007843138 0.007843138 0.007843138 0.007843138 0.003921569 0.003921569 0.003921569 0.003921569 0.011764706 0.007843138 0.003921569 0.003921569 0.003921569 0.007843138 0.003921569 0.0 0.0 0.0 0.0 0.0 0.0 0.0 0.0 0.0
0.02745098 0.015686275 0.011764706 0.011764706 0.011764706 0.011764706 0.015686275 0.015686275 0.007843138 0.007843138 0.007843138 0.003921569 0.003921569 0.003921569 0.011764706 0.08627451 0.16470589 0.21568628 0.18431373 0.29411766 0.09411765 0.007843138 0.007843138 0.0 0.0 0.0 0.0 0.0 0.0 0.0 0.0 0.0
0.02745098 0.015686275 0.015686275 0.011764706 0.011764706 0.011764706 0.015686275 0.015686275 0.011764706 0.007843138 0.007843138 0.007843138 0.003921569 0.007843138 0.06666667 0.26666668 0.3372549 0.44705883 0.49803922 0.45882353 0.17254902 0.03529412 0.003921569 0.0 0.0 0.0 0.0 0.0 0.0 0.0 0.0 0.0
0.02745098 0.015686275 0.015686275 0.011764706 0.011764706 0.011764706 0.011764706 0.011764706 0.007843138 0.003921569 0.003921569 0.007843138 0.003921569 0.02745098 0.14509805 0.28627452 0.4392157 0.48235294 0.49019608 0.3254902 0.2 0.03137255 0.007843138 0.0 0.0 0.0 0.0 0.0 0.0 0.0 0.0 0.0
0.03137255 0.015686275 0.015686275 0.011764706 0.011764706 0.011764706 0.011764706 0.011764706 0.007843138 0.003921569 0.003921569 0.007843138 0.003921569 0.0627451 0.19215687 0.26666668 0.30980393 0.39607844 0.41960785 0.25490198 0.08235294 0.003921569 0.007843138 0.0 0.0 0.0 0.0 0.0 0.0 0.0 0.0 0.0
0.03137255 0.019607844 0.015686275 0.011764706 0.011764706 0.011764706 0.011764706 0.011764706 0.007843138 0.007843138 0.007843138 0.007843138 0.007843138 0.14509805 0.26666668 0.34901962 0.34901962 0.49803922 0.47843137 0.3372549 0.05490196 0.003921569 0.003921569 0.0 0.0 0.0 0.0 0.0 0.0 0.0 0.0 0.0
0.039215688 0.023529412 0.019607844 0.015686275 0.015686275 0.015686275 0.011764706 0.015686275 0.011764706 0.011764706 0.011764706 0.007843138 0.078431375 0.24313726 0.2901961 0.36078432 0.3647059 0.36862746 0.3882353 0.39607844 0.1254902 0.003921569 0.003921569 0.0 0.0 0.0 0.0 0.0 0.0 0.0 0.0 0.0
0.039215688 0.023529412 0.023529412 0.023529412 0.019607844 0.019607844 0.019607844 0.019607844 0.015686275 0.011764706 0.011764706 0.06666667 0.20392157 0.25490198 0.33333334 0.28235295 0.27450982 0.2627451 0.23529412 0.27058825 0.21176471 0.019607844 0.003921569 0.0 0.0 0.0 0.0 0.0 0.0 0.0 0.0 0.0
0.039215688 0.019607844 0.019607844 0.019607844 0.015686275 0.015686275 0.019607844 0.011764706 0.011764706 0.03137255 0.13725491 0.16862746 0.23137255 0.27450982 0.3019608 0.25882354 0.24705882 0.19607843 0.17254902 0.2784314 0.24313726 0.07058824 0.003921569 0.0 0.0 0.0 0.0 0.0 0.0 0.0 0.0 0.0
0.043137256 0.023529412 0.023529412 0.023529412 0.019607844 0.019607844 0.015686275 0.043137256 0.09019608 0.19607843 0.25882354 0.2627451 0.30588236 0.2901961 0.24705882 0.16862746 0.15686275 0.15686275 0.21960784 0.23529412 0.27058825 0.2 0.023529412 0.003921569 0.0 0.0 0.0 0.0 0.0 0.0 0.0 0.0
0.047058824 0.02745098 0.023529412 0.023529412 0.019607844 0.023529412 0.12156863 0.19215687 0.23921569 0.2627451 0.25882354 0.23137255 0.22745098 0.20784314 0.19215687 0.12941177 0.13333334 0.18431373 0.1882353 0.12941177 0.21960784 0.23921569 0.09411765 0.007843138 0.0 0.003921569 0.0 0.0 0.0 0.0 0.0 0.0
0.05490196 0.02745098 0.02745098 0.019607844 0.023529412 0.03529412 0.23529412 0.25882354 0.24313726 0.1764706 0.23137255 0.15686275 0.16078432 0.19607843 0.22745098 0.17254902 0.19215687 0.22745098 0.19607843 0.18431373 0.21960784 0.23137255 0.21960784 0.101960786 0.043137256 0.011764706 0.003921569 0.0 0.0 0.0 0.0 0.0
0.05490196 0.03137255 0.02745098 0.023529412 0.02745098 0.06666667 0.2509804 0.3137255 0.22745098 0.20784314 0.23921569 0.21176471 0.22352941 0.23137255 0.23137255 0.16470589 0.1882353 0.22745098 0.24705882 0.23529412 0.2627451 0.2901961 0.25882354 0.18431373 0.11372549 0.07058824 0.007843138 0.0 0.0 0.0 0.0 0.0
0.050980393 0.03529412 0.02745098 0.023529412 0.019607844 0.09411765 0.24313726 0.30980393 0.23137255 0.22352941 0.23921569 0.29411766 0.21960784 0.1882353 0.23529412 0.2 0.17254902 0.21568628 0.19607843 0.26666668 0.22745098 0.2 0.18431373 0.16470589 0.11764706 0.1254902 0.023529412 0.0 0.0 0.0 0.0 0.0
0.043137256 0.02745098 0.023529412 0.023529412 0.023529412 0.09019608 0.24705882 0.25882354 0.1254902 0.18431373 0.21960784 0.2509804 0.21176471 0.20392157 0.24705882 0.30588236 0.2627451 0.19607843 0.15294118 0.29803923 0.17254902 0.12941177 0.18431373 0.09411765 0.1254902 0.09411765 0.039215688 0.003921569 0.0 0.0 0.0 0.0
0.043137256 0.02745098 0.023529412 0.023529412 0.023529412 0.05882353 0.19607843 0.23529412 0.14901961 0.1882353 0.23137255 0.2901961 0.24705882 0.1764706 0.21960784 0.29411766 0.25882354 0.16862746 0.13333334 0.2901961 0.17254902 0.14509805 0.16862746 0.047058824 0.06666667 0.06666667 0.043137256 0.0 0.0 0.0 0.0 0.0
0.047058824 0.039215688 0.039215688 0.03137255 0.03137255 0.047058824 0.15294118 0.24705882 0.21568628 0.16078432 0.2 0.27450982 0.27450982 0.19215687 0.25490198 0.22352941 0.18039216 0.19607843 0.12941177 0.33333334 0.16078432 0.15686275 0.14901961 0.078431375 0.047058824 0.047058824 0.0627451 0.003921569 0.0 0.0 0.0 0.0
0.05490196 0.039215688 0.047058824 0.03529412 0.03529412 0.039215688 0.11764706 0.25490198 0.22745098 0.12941177 0.13725491 0.16862746 0.23529412 0.23921569 0.19215687 0.13725491 0.15294118 0.14901961 0.1254902 0.3882353 0.26666668 0.16078432 0.11764706 0.07058824 0.05882353 0.03137255 0.047058824 0.011764706 0.0 0.0 0.0 0.0
0.043137256 0.02745098 0.02745098 0.023529412 0.03137255 0.02745098 0.105882354 0.20392157 0.25882354 0.18431373 0.18039216 0.1254902 0.17254902 0.18039216 0.14117648 0.09803922 0.11764706 0.11372549 0.15686275 0.3372549 0.23529412 0.16078432 0.08627451 0.0627451 0.03529412 0.023529412 0.023529412 0.007843138 0.0 0.0 0.0 0.0
0.03529412 0.03137255 0.02745098 0.023529412 0.02745098 0.023529412 0.07450981 0.10980392 0.14509805 0.18431373 0.2627451 0.14509805 0.12156863 0.13333334 0.12156863 0.09803922 0.11372549 0.16862746 0.12156863 0.15294118 0.1254902 0.16470589 0.05490196 0.043137256 0.039215688 0.02745098 0.019607844 0.003921569 0.0 0.0 0.0 0.0
0.047058824 0.047058824 0.039215688 0.03529412 0.03529412 0.03137255 0.03529412 0.11372549 0.11764706 0.30980393 0.21960784 0.16862746 0.1254902 0.08235294 0.0627451 0.06666667 0.13333334 0.14509805 0.12941177 0.08235294 0.0627451 0.11372549 0.039215688 0.02745098 0.03137255 0.011764706 0.015686275 0.003921569 0.0 0.0 0.0 0.0
0.07058824 0.06666667 0.0627451 0.050980393 0.043137256 0.043137256 0.03529412 0.09019608 0.10980392 0.37254903 0.24313726 0.18431373 0.11372549 0.050980393 0.050980393 0.05882353 0.09803922 0.14509805 0.14509805 0.07450981 0.08627451 0.05490196 0.019607844 0.019607844 0.015686275 0.007843138 0.007843138 0.003921569 0.0 0.0 0.0 0.0
0.09411765 0.08627451 0.08235294 0.07058824 0.0627451 0.06666667 0.05490196 0.0627451 0.105882354 0.17254902 0.3254902 0.19215687 0.16078432 0.15686275 0.0627451 0.047058824 0.07450981 0.09019608 0.105882354 0.1254902 0.10980392 0.039215688 0.015686275 0.02745098 0.015686275 0.003921569 0.007843138 0.0 0.0 0.0 0.0 0.003921569
0.09019608 0.078431375 0.08235294 0.078431375 0.07450981 0.07058824 0.07058824 0.0627451 0.08235294 0.15294118 0.25490198 0.17254902 0.21176471 0.34509805 0.28235295 0.12156863 0.05490196 0.047058824 0.1764706 0.16078432 0.12156863 0.08235294 0.047058824 0.03137255 0.011764706 0.011764706 0.007843138 0.003921569 0.003921569 0.003921569 0.003921569 0.003921569
0.09019608 0.078431375 0.08235294 0.07450981 0.07450981 0.07450981 0.07450981 0.07058824 0.07058824 0.11372549 0.17254902 0.19215687 0.19215687 0.28235295 0.45490196 0.16470589 0.05490196 0.07450981 0.18431373 0.2509804 0.15294118 0.14509805 0.09019608 0.015686275 0.003921569 0.011764706 0.011764706 0.003921569 0.007843138 0.007843138 0.007843138 0.003921569
0.09019608 0.078431375 0.08235294 0.07058824 0.07450981 0.078431375 0.078431375 0.06666667 0.06666667 0.08235294 0.15294118 0.21176471 0.19607843 0.27450982 0.30588236 0.18039216 0.15686275 0.09411765 0.1882353 0.40392157 0.16470589 0.1764706 0.101960786 0.011764706 0.0 0.003921569 0.003921569 0.003921569 0.015686275 0.015686275 0.007843138 0.003921569
0.09019608 0.078431375 0.08627451 0.078431375 0.078431375 0.08235294 0.08235294 0.078431375 0.07058824 0.0627451 0.14117648 0.2509804 0.25882354 0.29803923 0.2509804 0.2 0.28235295 0.22352941 0.18431373 0.28627452 0.16862746 0.14509805 0.09019608 0.019607844 0.003921569 0.0 0.0 0.003921569 0.007843138 0.003921569 0.0 0.0
0.09803922 0.08235294 0.08627451 0.08627451 0.09019608 0.09019608 0.09019608 0.09411765 0.07450981 0.078431375 0.4 0.5058824 0.40784314 0.39215687 0.43529412 0.24313726 0.18039216 0.24313726 0.19607843 0.23529412 0.23137255 0.14509805 0.09019608 0.039215688 0.003921569 0.0 0.0 0.003921569 0.003921569 0.0 0.0 0.0
0.105882354 0.09019608 0.09019608 0.09019608 0.09019608 0.09411765 0.09411765 0.09411765 0.078431375 0.12941177 0.6313726 0.47058824 0.5294118 0.46666667 0.57254905 0.49411765 0.23137255 0.21960784 0.3372549 0.27058825 0.24313726 0.14901961 0.03529412 0.03529412 0.003921569 0.0 0.003921569 0.003921569 0.003921569 0.003921569 0.003921569 0.003921569
0.105882354 0.09411765 0.09411765 0.08627451 0.08627451 0.09019608 0.09019608 0.08235294 0.078431375 0.09411765 0.34509805 0.24313726 0.5882353 0.56078434 0.5803922 0.5372549 0.36078432 0.5411765 0.58431375 0.5137255 0.45490196 0.3529412 0.18039216 0.105882354 0.007843138 0.007843138 0.007843138 0.003921569 0.003921569 0.003921569 0.003921569 0.007843138
0.015686275 0.007843138 0.015686275 0.019607844 0.015686275 0.011764706 0.011764706 0.007843138 0.007843138 0.007843138 0.003921569 0.003921569 0.007843138 0.007843138 0.007843138 0.007843138 0.003921569 0.0 0.0 0.0 0.0 0.0 0.0 0.0 0.0 0.0 0.0 0.0 0.0 0.0 0.0 0.0
0.019607844 0.011764706 0.015686275 0.011764706 0.015686275 0.015686275 0.011764706 0.007843138 0.007843138 0.007843138 0.007843138 0.003921569 0.007843138 0.007843138 0.007843138 0.007843138 0.003921569 0.003921569 0.0 0.003921569 0.003921569 0.0 0.0 0.0 0.0 0.0 0.0 0.0 0.0 0.0 0.0 0.0
0.023529412 0.015686275 0.015686275 0.011764706 0.011764706 0.011764706 0.011764706 0.011764706 0.007843138 0.007843138 0.007843138 0.007843138 0.003921569 0.003921569 0.003921569 0.003921569 0.011764706 0.007843138 0.003921569 0.003921569 0.003921569 0.007843138 0.003921569 0.0 0.0 0.0 0.0 0.0 0.0 0.0 0.0 0.0
0.02745098 0.015686275 0.019607844 0.015686275 0.011764706 0.011764706 0.011764706 0.015686275 0.007843138 0.007843138 0.007843138 0.003921569 0.003921569 0.003921569 0.011764706 0.09019608 0.18039216 0.22745098 0.20392157 0.32941177 0.10980392 0.007843138 0.003921569 0.0 0.0 0.0 0.0 0.0 0.0 0.0 0.0 0.0
0.02745098 0.019607844 0.023529412 0.015686275 0.015686275 0.015686275 0.015686275 0.015686275 0.011764706 0.007843138 0.007843138 0.007843138 0.003921569 0.007843138 0.06666667 0.2784314 0.36078432 0.4745098 0.5372549 0.5372549 0.23529412 0.050980393 0.003921569 0.0 0.0 0.0 0.0 0.0 0.0 0.0 0.0 0.0
0.02745098 0.019607844 0.023529412 0.019607844 0.019607844 0.019607844 0.019607844 0.015686275 0.007843138 0.003921569 0.003921569 0.007843138 0.003921569 0.02745098 0.14509805 0.29411766 0.4509804 0.49803922 0.50980395 0.3647059 0.23137255 0.043137256 0.007843138 0.0 0.0 0.0 0.0 0.0 0.0 0.0 0.0 0.0
0.03137255 0.019607844 0.023529412 0.019607844 0.019607844 0.019607844 0.019607844 0.011764706 0.007843138 0.003921569 0.003921569 0.007843138 0.003921569 0.0627451 0.19607843 0.27450982 0.32156864 0.40784314 0.43529412 0.2627451 0.08627451 0.003921569 0.007843138 0.0 0.0 0.0 0.0 0.0 0.0 0.0 0.0 0.0
0.03529412 0.023529412 0.023529412 0.019607844 0.019607844 0.019607844 0.019607844 0.011764706 0.007843138 0.007843138 0.007843138 0.007843138 0.007843138 0.14509805 0.26666668 0.34901962 0.35686275 0.5176471 0.49803922 0.34901962 0.05882353 0.007843138 0.003921569 0.0 0.0 0.0 0.0 0.0 0.0 0.0 0.0 0.0
0.039215688 0.03137255 0.02745098 0.023529412 0.023529412 0.023529412 0.019607844 0.015686275 0.011764706 0.011764706 0.011764706 0.015686275 0.08235294 0.24313726 0.2901961 0.36078432 0.36862746 0.38039216 0.4 0.40784314 0.13333334 0.007843138 0.003921569 0.0 0.0 0.0 0.0 0.0 0.0 0.0 0.0 0.0
0.043137256 0.03137255 0.03137255 0.03137255 0.02745098 0.02745098 0.02745098 0.023529412 0.015686275 0.011764706 0.011764706 0.078431375 0.21568628 0.25882354 0.32941177 0.28627452 0.27450982 0.2627451 0.23921569 0.2784314 0.21960784 0.019607844 0.003921569 0.0 0.0 0.0 0.0 0.0 0.0 0.0 0.0 0.0
0.047058824 0.03529412 0.03137255 0.02745098 0.023529412 0.023529412 0.02745098 0.019607844 0.015686275 0.03529412 0.14117648 0.18039216 0.23921569 0.27450982 0.29803923 0.25882354 0.2509804 0.2 0.18039216 0.28235295 0.2509804 0.07450981 0.007843138 0.0 0.0 0.0 0.0 0.0 0.0 0.0 0.0 0.0
0.05490196 0.039215688 0.03529412 0.02745098 0.02745098 0.02745098 0.023529412 0.050980393 0.09803922 0.20784314 0.27058825 0.27058825 0.30980393 0.29411766 0.24705882 0.1764706 0.16862746 0.16470589 0.23137255 0.24313726 0.2784314 0.2 0.019607844 0.003921569 0.0 0.0 0.0 0.0 0.0 0.0 0.0 0.0
0.05882353 0.047058824 0.039215688 0.03529412 0.03137255 0.03137255 0.1254902 0.20784314 0.25490198 0.27058825 0.25882354 0.23137255 0.23137255 0.21568628 0.19607843 0.13725491 0.14509805 0.19607843 0.2 0.15294118 0.23921569 0.24705882 0.101960786 0.011764706 0.0 0.0 0.0 0.0 0.0 0.0 0.0 0.0
0.07450981 0.05882353 0.043137256 0.03137255 0.03529412 0.043137256 0.24313726 0.27058825 0.24705882 0.18039216 0.23529412 0.16078432 0.16470589 0.19607843 0.22745098 0.18039216 0.2 0.23529412 0.20392157 0.21176471 0.24313726 0.24705882 0.23921569 0.12156863 0.05490196 0.011764706 0.003921569 0.0 0.0 0.0 0.0 0.0
0.08627451 0.07058824 0.05490196 0.03529412 0.039215688 0.07450981 0.25882354 0.32156864 0.23137255 0.21568628 0.24313726 0.21960784 0.23137255 0.23137255 0.22745098 0.16862746 0.19215687 0.23137255 0.2509804 0.2509804 0.27058825 0.29411766 0.2627451 0.21568628 0.14509805 0.09019608 0.007843138 0.0 0.0 0.0 0.0 0.0
0.08235294 0.078431375 0.06666667 0.043137256 0.03529412 0.105882354 0.2509804 0.32156864 0.23921569 0.22745098 0.23921569 0.29411766 0.21960784 0.19215687 0.23529412 0.2 0.18039216 0.21960784 0.20392157 0.27450982 0.23529412 0.20392157 0.1882353 0.1764706 0.13725491 0.14509805 0.02745098 0.0 0.0 0.0 0.0 0.0
0.0627451 0.0627451 0.05882353 0.047058824 0.03529412 0.105882354 0.25490198 0.26666668 0.13333334 0.1882353 0.21960784 0.24705882 0.21568628 0.21176471 0.25490198 0.30588236 0.26666668 0.2 0.15686275 0.32156864 0.19607843 0.14117648 0.1882353 0.09803922 0.14117648 0.11372549 0.043137256 0.003921569 0.0 0.0 0.0 0.0
0.05882353 0.05882353 0.050980393 0.043137256 0.039215688 0.07058824 0.20392157 0.24705882 0.15686275 0.19607843 0.23137255 0.29803923 0.25490198 0.18431373 0.21568628 0.2901961 0.25882354 0.17254902 0.14117648 0.3137255 0.2 0.15686275 0.17254902 0.05490196 0.08235294 0.08627451 0.047058824 0.0 0.0 0.0 0.0 0.0
0.06666667 0.05882353 0.05490196 0.050980393 0.043137256 0.05882353 0.17254902 0.25490198 0.23137255 0.16862746 0.2 0.2901961 0.28627452 0.19607843 0.24705882 0.21960784 0.18431373 0.2 0.13725491 0.34901962 0.1882353 0.17254902 0.15686275 0.09411765 0.05490196 0.050980393 0.06666667 0.003921569 0.0 0.0 0.0 0.0
0.0627451 0.05490196 0.050980393 0.050980393 0.050980393 0.05490196 0.14117648 0.26666668 0.24705882 0.13333334 0.13725491 0.1764706 0.24313726 0.24313726 0.19215687 0.14117648 0.15686275 0.15686275 0.12941177 0.40392157 0.30588236 0.18431373 0.1254902 0.08627451 0.0627451 0.03137255 0.05882353 0.015686275 0.0 0.0 0.0 0.0
0.0627451 0.047058824 0.039215688 0.039215688 0.047058824 0.043137256 0.12941177 0.21960784 0.27450982 0.19215687 0.18039216 0.13333334 0.1764706 0.18431373 0.14509805 0.105882354 0.1254902 0.11764706 0.16078432 0.34117648 0.27058825 0.19215687 0.09019608 0.06666667 0.039215688 0.02745098 0.039215688 0.015686275 0.0 0.0 0.0 0.0
0.07058824 0.050980393 0.047058824 0.047058824 0.047058824 0.043137256 0.09411765 0.14117648 0.15686275 0.2 0.25882354 0.15294118 0.1254902 0.13725491 0.1254902 0.101960786 0.11372549 0.16862746 0.12156863 0.15686275 0.13725491 0.19607843 0.07450981 0.043137256 0.039215688 0.02745098 0.019607844 0.007843138 0.0 0.0 0.0 0.0
0.08627451 0.06666667 0.06666667 0.06666667 0.05882353 0.050980393 0.050980393 0.14117648 0.13333334 0.34901962 0.21568628 0.1764706 0.13333334 0.08627451 0.06666667 0.06666667 0.13333334 0.14509805 0.13333334 0.08235294 0.06666667 0.14509805 0.05490196 0.02745098 0.03137255 0.011764706 0.015686275 0.003921569 0.0 0.0 0.0 0.0
0.10980392 0.09803922 0.101960786 0.09803922 0.08627451 0.078431375 0.0627451 0.105882354 0.1254902 0.41568628 0.2509804 0.1882353 0.11764706 0.05490196 0.050980393 0.0627451 0.09803922 0.14509805 0.14901961 0.078431375 0.09019608 0.07058824 0.03137255 0.019607844 0.015686275 0.007843138 0.007843138 0.003921569 0.0 0.0 0.0 0.0
0.12941177 0.1254902 0.1254902 0.1254902 0.11372549 0.10980392 0.09411765 0.09803922 0.13333334 0.21960784 0.34901962 0.19607843 0.16470589 0.16078432 0.0627451 0.047058824 0.07450981 0.09019608 0.10980392 0.1254902 0.11372549 0.039215688 0.023529412 0.03137255 0.015686275 0.003921569 0.007843138 0.0 0.0 0.0 0.0 0.003921569
0.12941177 0.12941177 0.12941177 0.1254902 0.12156863 0.11764706 0.11372549 0.105882354 0.11372549 0.2 0.29803923 0.1882353 0.21568628 0.34901962 0.2901961 0.12156863 0.05490196 0.050980393 0.1764706 0.16078432 0.12156863 0.08235294 0.047058824 0.03137255 0.011764706 0.011764706 0.007843138 0.003921569 0.003921569 0.0 0.003921569 0.003921569
0.12941177 0.12941177 0.12941177 0.1254902 0.12156863 0.12156863 0.11764706 0.11372549 0.105882354 0.14901961 0.21960784 0.21176471 0.2 0.2901961 0.47843137 0.1764706 0.05882353 0.07450981 0.18039216 0.25490198 0.15686275 0.14509805 0.09803922 0.015686275 0.003921569 0.011764706 0.011764706 0.003921569 0.007843138 0.011764706 0.007843138 0.003921569
0.13333334 0.12941177 0.13333334 0.12941177 0.12941177 0.12941177 0.1254902 0.11764706 0.11764706 0.12941177 0.19607843 0.23921569 0.21176471 0.28235295 0.32156864 0.19215687 0.16470589 0.101960786 0.19215687 0.41568628 0.17254902 0.1764706 0.101960786 0.011764706 0.0 0.003921569 0.003921569 0.007843138 0.019607844 0.023529412 0.011764706 0.003921569
0.13725491 0.13725491 0.14117648 0.14117648 0.14117648 0.14117648 0.13725491 0.13333334 0.12941177 0.12156863 0.18039216 0.2784314 0.2784314 0.30980393 0.2627451 0.20392157 0.28627452 0.23137255 0.1882353 0.2901961 0.16470589 0.14117648 0.09019608 0.019607844 0.003921569 0.0 0.0 0.007843138 0.011764706 0.007843138 0.003921569 0.0
0.14901961 0.14901961 0.14901961 0.14901961 0.14901961 0.15294118 0.14901961 0.14509805 0.14117648 0.13333334 0.4117647 0.49803922 0.42745098 0.40392157 0.43529412 0.2509804 0.18431373 0.25490198 0.20392157 0.23529412 0.22745098 0.13725491 0.09411765 0.039215688 0.003921569 0.0 0.0 0.003921569 0.003921569 0.0 0.0 0.0
0.16078432 0.16078432 0.16078432 0.15686275 0.15686275 0.15686275 0.15294118 0.15294118 0.15686275 0.18431373 0.6313726 0.45882353 0.53333336 0.47058824 0.5686275 0.49803922 0.25490198 0.22745098 0.32941177 0.27450982 0.24705882 0.14901961 0.03529412 0.03529412 0.003921569 0.0 0.003921569 0.003921569 0.003921569 0.003921569 0.003921569 0.003921569
0.15686275 0.15686275 0.16078432 0.16078432 0.16078432 0.15686275 0.15686275 0.15686275 0.15294118 0.15686275 0.4 0.28235295 0.58431375 0.5686275 0.5764706 0.5372549 0.38431373 0.5294118 0.54901963 0.50980395 0.45490196 0.34901962 0.1764706 0.10980392 0.007843138 0.007843138 0.007843138 0.003921569 0.007843138 0.003921569 0.007843138 0.007843138
0.007843138 0.007843138 0.015686275 0.015686275 0.015686275 0.011764706 0.011764706 0.007843138 0.007843138 0.007843138 0.003921569 0.003921569 0.007843138 0.007843138 0.007843138 0.007843138 0.003921569 0.0 0.0 0.0 0.0 0.0 0.0 0.0 0.0 0.0 0.0 0.0 0.0 0.0 0.0 0.0
0.011764706 0.011764706 0.011764706 0.011764706 0.015686275 0.015686275 0.011764706 0.007843138 0.007843138 0.007843138 0.007843138 0.003921569 0.007843138 0.007843138 0.007843138 0.007843138 0.003921569 0.0 0.0 0.003921569 0.003921569 0.0 0.0 0.0 0.0 0.0 0.0 0.0 0.0 0.0 0.0 0.0
0.015686275 0.015686275 0.011764706 0.011764706 0.011764706 0.011764706 0.011764706 0.011764706 0.007843138 0.007843138 0.007843138 0.007843138 0.003921569 0.003921569 0.003921569 0.0 0.011764706 0.007843138 0.003921569 0.003921569 0.0 0.003921569 0.003921569 0.0 0.0 0.0 0.0 0.0 0.0 0.0 0.0 0.0
0.015686275 0.015686275 0.015686275 0.011764706 0.011764706 0.011764706 0.011764706 0.015686275 0.007843138 0.007843138 0.007843138 0.003921569 0.003921569 0.003921569 0.015686275 0.08627451 0.15686275 0.23529412 0.19607843 0.31764707 0.10980392 0.011764706 0.003921569 0.0 0.0 0.0 0.0 0.0 0.0 0.0 0.0 0.0
0.023529412 0.019607844 0.019607844 0.015686275 0.011764706 0.015686275 0.015686275 0.015686275 0.011764706 0.007843138 0.007843138 0.003921569 0.003921569 0.007843138 0.0627451 0.26666668 0.32941177 0.4509804 0.4862745 0.5254902 0.24313726 0.05490196 0.003921569 0.0 0.0 0.0 0.0 0.0 0.0 0.0 0.0 0.0
0.02745098 0.023529412 0.019607844 0.015686275 0.015686275 0.015686275 0.015686275 0.015686275 0.007843138 0.003921569 0.003921569 0.003921569 0.003921569 0.02745098 0.12941177 0.25882354 0.40784314 0.45490196 0.46666667 0.3529412 0.23529412 0.043137256 0.007843138 0.0 0.0 0.0 0.0 0.0 0.0 0.0 0.0 0.0
0.02745098 0.023529412 0.019607844 0.015686275 0.015686275 0.015686275 0.015686275 0.011764706 0.007843138 0.003921569 0.003921569 0.003921569 0.003921569 0.05490196 0.16470589 0.25490198 0.3019608 0.3882353 0.41568628 0.2509804 0.078431375 0.003921569 0.007843138 0.0 0.0 0.0 0.0 0.0 0.0 0.0 0.0 0.0
0.02745098 0.019607844 0.019607844 0.015686275 0.015686275 0.015686275 0.015686275 0.011764706 0.007843138 0.007843138 0.007843138 0.007843138 0.003921569 0.12941177 0.23137255 0.30588236 0.32156864 0.4862745 0.4745098 0.33333334 0.05490196 0.011764706 0.007843138 0.0 0.0 0.0 0.0 0.0 0.0 0.0 0.0 0.0
0.03137255 0.023529412 0.023529412 0.019607844 0.019607844 0.019607844 0.015686275 0.015686275 0.011764706 0.011764706 0.011764706 0.011764706 0.07058824 0.21960784 0.25490198 0.32941177 0.34117648 0.3529412 0.37254903 0.38431373 0.1254902 0.007843138 0.003921569 0.0 0.0 0.0 0.0 0.0 0.0 0.0 0.0 0.0
0.03137255 0.02745098 0.02745098 0.02745098 0.023529412 0.023529412 0.023529412 0.019607844 0.015686275 0.011764706 0.011764706 0.07450981 0.20392157 0.23529412 0.29411766 0.25882354 0.24313726 0.23137255 0.21568628 0.2509804 0.2 0.015686275 0.003921569 0.0 0.0 0.0 0.0 0.0 0.0 0.0 0.0 0.0
0.043137256 0.03137255 0.02745098 0.023529412 0.019607844 0.019607844 0.023529412 0.011764706 0.011764706 0.03137255 0.12941177 0.16078432 0.22352941 0.23921569 0.25490198 0.21960784 0.21568628 0.17254902 0.16470589 0.25490198 0.23137255 0.07058824 0.007843138 0.0 0.0 0.0 0.0 0.0 0.0 0.0 0.0 0.0
0.047058824 0.039215688 0.03137255 0.023529412 0.023529412 0.023529412 0.019607844 0.047058824 0.09019608 0.1882353 0.24313726 0.23137255 0.2784314 0.24313726 0.21568628 0.15294118 0.15294118 0.15294118 0.20392157 0.22352941 0.25490198 0.18039216 0.019607844 0.003921569 0.0 0.0 0.0 0.0 0.0 0.0 0.0 0.0
0.05490196 0.043137256 0.03529412 0.02745098 0.02745098 0.02745098 0.11764706 0.20392157 0.23921569 0.24313726 0.23137255 0.20784314 0.20784314 0.17254902 0.16862746 0.12941177 0.1254902 0.17254902 0.18039216 0.14117648 0.21568628 0.22745098 0.101960786 0.011764706 0.0 0.0 0.0 0.0 0.0 0.0 0.0 0.0
0.06666667 0.05490196 0.03529412 0.02745098 0.03137255 0.039215688 0.22352941 0.2509804 0.22745098 0.15686275 0.21176471 0.14901961 0.14901961 0.16862746 0.18431373 0.15686275 0.1764706 0.20392157 0.17254902 0.19607843 0.22745098 0.22745098 0.22352941 0.11372549 0.050980393 0.011764706 0.003921569 0.0 0.0 0.0 0.0 0.0
0.078431375 0.06666667 0.043137256 0.02745098 0.03529412 0.07058824 0.23921569 0.29803923 0.21176471 0.19215687 0.21568628 0.18431373 0.19607843 0.19607843 0.1882353 0.14509805 0.17254902 0.20784314 0.21568628 0.22745098 0.24705882 0.25882354 0.22745098 0.19607843 0.13333334 0.08235294 0.007843138 0.0 0.0 0.0 0.0 0.0
0.07450981 0.0627451 0.050980393 0.03529412 0.03137255 0.09411765 0.23529412 0.29803923 0.21176471 0.2 0.20784314 0.25882354 0.1882353 0.16078432 0.19215687 0.15686275 0.14901961 0.2 0.1764706 0.2509804 0.21176471 0.1764706 0.15686275 0.15686275 0.1254902 0.13725491 0.02745098 0.0 0.0 0.0 0.0 0.0
0.05882353 0.050980393 0.047058824 0.039215688 0.03137255 0.09411765 0.24313726 0.24313726 0.105882354 0.16470589 0.19607843 0.21176471 0.18431373 0.18039216 0.20392157 0.25490198 0.22745098 0.1764706 0.13333334 0.3019608 0.1882353 0.13333334 0.17254902 0.08235294 0.1254902 0.09803922 0.039215688 0.003921569 0.0 0.0 0.0 0.0
0.05490196 0.047058824 0.043137256 0.03529412 0.03529412 0.05882353 0.19215687 0.22352941 0.12941177 0.15686275 0.19215687 0.25490198 0.22352941 0.15686275 0.17254902 0.23529412 0.21568628 0.14901961 0.12156863 0.29803923 0.19215687 0.15294118 0.15686275 0.047058824 0.07450981 0.07058824 0.03529412 0.0 0.0 0.0 0.0 0.0
0.05882353 0.050980393 0.050980393 0.039215688 0.039215688 0.050980393 0.16862746 0.23921569 0.21176471 0.13333334 0.16470589 0.2627451 0.2627451 0.16862746 0.21176471 0.1764706 0.14901961 0.1764706 0.11372549 0.3254902 0.18039216 0.15686275 0.13333334 0.08627451 0.050980393 0.047058824 0.05882353 0.003921569 0.0 0.0 0.0 0.0
0.05882353 0.050980393 0.050980393 0.039215688 0.043137256 0.050980393 0.14117648 0.23921569 0.23137255 0.10980392 0.11372549 0.14509805 0.20784314 0.20784314 0.16078432 0.10980392 0.12941177 0.1254902 0.101960786 0.38431373 0.30588236 0.16862746 0.105882354 0.07450981 0.05490196 0.03137255 0.05882353 0.015686275 0.0 0.0 0.0 0.0
0.05882353 0.039215688 0.03529412 0.02745098 0.039215688 0.039215688 0.1254902 0.19607843 0.2627451 0.17254902 0.14901961 0.101960786 0.14901961 0.15686275 0.11372549 0.08235294 0.09019608 0.078431375 0.12941177 0.32156864 0.25882354 0.17254902 0.07450981 0.050980393 0.03137255 0.023529412 0.039215688 0.011764706 0.0 0.0 0.0 0.0
0.06666667 0.047058824 0.03529412 0.03529412 0.043137256 0.039215688 0.09411765 0.12941177 0.14509805 0.1764706 0.23137255 0.1254902 0.09803922 0.10980392 0.09803922 0.078431375 0.08235294 0.12941177 0.09411765 0.13725491 0.11764706 0.19215687 0.07450981 0.03529412 0.03529412 0.023529412 0.015686275 0.003921569 0.0 0.0 0.0 0.0
0.08235294 0.07058824 0.06666667 0.0627451 0.05490196 0.047058824 0.050980393 0.13333334 0.13333334 0.3254902 0.18431373 0.14901961 0.10980392 0.0627451 0.043137256 0.050980393 0.105882354 0.101960786 0.101960786 0.05882353 0.043137256 0.13725491 0.050980393 0.023529412 0.03137255 0.011764706 0.015686275 0.003921569 0.0 0.0 0.0 0.0
0.101960786 0.101960786 0.101960786 0.09019608 0.078431375 0.06666667 0.05490196 0.09803922 0.12156863 0.40784314 0.23137255 0.14901961 0.09411765 0.03137255 0.03137255 0.047058824 0.07058824 0.105882354 0.11372549 0.05490196 0.06666667 0.0627451 0.023529412 0.015686275 0.015686275 0.007843138 0.007843138 0.003921569 0.0 0.0 0.0 0.0
0.11764706 0.12156863 0.12156863 0.10980392 0.09803922 0.09411765 0.08235294 0.08627451 0.12156863 0.21568628 0.3372549 0.15294118 0.14117648 0.13333334 0.03529412 0.02745098 0.050980393 0.06666667 0.09019608 0.105882354 0.09411765 0.03137255 0.019607844 0.03137255 0.015686275 0.003921569 0.007843138 0.0 0.0 0.0 0.0 0.003921569
0.11764706 0.12156863 0.12156863 0.11372549 0.105882354 0.101960786 0.09803922 0.09803922 0.09803922 0.2 0.29411766 0.16078432 0.19215687 0.30980393 0.25882354 0.105882354 0.03529412 0.03137255 0.14509805 0.12156863 0.08627451 0.0627451 0.043137256 0.03137255 0.011764706 0.011764706 0.007843138 0.003921569 0.003921569 0.003921569 0.003921569 0.003921569
0.12156863 0.11764706 0.12156863 0.11372549 0.10980392 0.10980392 0.10980392 0.10980392 0.09411765 0.14117648 0.21568628 0.18039216 0.16862746 0.25882354 0.45490196 0.15686275 0.043137256 0.050980393 0.13333334 0.2 0.11372549 0.12156863 0.08235294 0.011764706 0.003921569 0.011764706 0.011764706 0.003921569 0.007843138 0.007843138 0.007843138 0.003921569
0.1254902 0.12156863 0.1254902 0.11764706 0.11764706 0.11764706 0.11764706 0.11372549 0.101960786 0.11372549 0.19215687 0.22745098 0.18039216 0.25490198 0.29411766 0.16078432 0.13725491 0.078431375 0.16470589 0.38431373 0.13725491 0.14901961 0.08235294 0.007843138 0.0 0.003921569 0.003921569 0.007843138 0.015686275 0.019607844 0.007843138 0.003921569
0.12941177 0.1254902 0.12941177 0.12941177 0.12941177 0.12941177 0.12941177 0.1254902 0.11372549 0.105882354 0.18039216 0.2509804 0.24705882 0.26666668 0.23529412 0.17254902 0.24313726 0.1882353 0.16470589 0.25882354 0.12156863 0.09803922 0.06666667 0.015686275 0.003921569 0.0 0.0 0.003921569 0.007843138 0.007843138 0.0 0.0
0.14117648 0.13333334 0.13725491 0.13725491 0.13725491 0.13725491 0.13725491 0.14117648 0.12156863 0.11764706 0.33333334 0.40784314 0.38431373 0.3529412 0.38039216 0.21568628 0.14509805 0.2 0.16470589 0.19607843 0.16470589 0.09411765 0.07058824 0.03137255 0.0 0.0 0.0 0.003921569 0.003921569 0.0 0.0 0.0
0.14901961 0.14509805 0.14509805 0.14509805 0.14509805 0.14509805 0.14509805 0.14509805 0.1254902 0.16078432 0.5294118 0.41568628 0.4627451 0.41568628 0.5019608 0.4392157 0.23137255 0.17254902 0.27058825 0.2509804 0.19215687 0.11372549 0.03137255 0.02745098 0.0 0.0 0.003921569 0.003921569 0.003921569 0.003921569 0.003921569 0.003921569
0.14901961 0.14509805 0.14509805 0.14117648 0.14117648 0.14117648 0.14117648 0.12941177 0.13725491 0.13333334 0.38431373 0.25490198 0.5294118 0.5019608 0.53333336 0.4862745 0.3529412 0.44705883 0.44705883 0.41568628 0.37254903 0.28627452 0.13333334 0.09411765 0.007843138 0.003921569 0.007843138 0.003921569 0.003921569 0.003921569 0.003921569 0.007843138
27 0 2
0 3 2
28 0 2
0 2 2
31 7 1
31 31 2
0 31 2
21 0 0
8 0 1
17 0 0
