32, 32, 3, 10
0.6901961 0.6862745 0.7019608 0.7019608 0.7137255 0.7058824 0.69411767 0.68235296 0.68235296 0.68235296 0.6745098 0.6745098 0.7607843 0.7882353 0.77254903 0.73333335 0.7921569 0.8235294 0.827451 0.827451 0.81960785 0.8235294 0.827451 0.84313726 0.85882354 0.84705883 0.76862746 0.7137255 0.7372549 0.7176471 0.6901961 0.6431373
0.6901961 0.6862745 0.7058824 0.69411767 0.7137255 0.69803923 0.69411767 0.6901961 0.68235296 0.68235296 0.6745098 0.67058825 0.75686276 0.7921569 0.7764706 0.7411765 0.8117647 0.84313726 0.8509804 0.85490197 0.8392157 0.8235294 0.8156863 0.83137256 0.84705883 0.8509804 0.80784315 0.7764706 0.7647059 0.7372549 0.7019608 0.6745098
0.6901961 0.69411767 0.70980394 0.69411767 0.7254902 0.72156864 0.7058824 0.69803923 0.6862745 0.68235296 0.6745098 0.67058825 0.7607843 0.79607844 0.78039217 0.7529412 0.81960785 0.85490197 0.84313726 0.8352941 0.8352941 0.84313726 0.8392157 0.84313726 0.8509804 0.8627451 0.85882354 0.8509804 0.8117647 0.75686276 0.70980394 0.70980394
0.6862745 0.6901961 0.70980394 0.69803923 0.73333335 0.7294118 0.7137255 0.69803923 0.68235296 0.68235296 0.6745098 0.67058825 0.7607843 0.80784315 0.7882353 0.7490196 0.81960785 0.8627451 0.85490197 0.827451 0.8235294 0.83137256 0.8 0.74509805 0.8 0.8862745 0.8784314 0.87058824 0.8509804 0.80784315 0.75686276 0.75686276
0.68235296 0.68235296 0.7058824 0.7019608 0.73333335 0.73333335 0.7176471 0.7019608 0.68235296 0.68235296 0.6784314 0.6784314 0.7647059 0.80784315 0.78431374 0.7490196 0.8392157 0.8352941 0.75686276 0.7764706 0.78431374 0.67058825 0.6745098 0.62352943 0.6392157 0.8392157 0.8901961 0.8862745 0.8862745 0.8862745 0.87058824 0.85490197
0.6862745 0.6745098 0.7058824 0.70980394 0.7254902 0.7254902 0.7176471 0.69803923 0.6862745 0.68235296 0.6784314 0.6784314 0.7647059 0.8039216 0.7921569 0.7294118 0.67058825 0.5411765 0.5058824 0.6 0.6117647 0.5568628 0.5568628 0.62352943 0.6431373 0.70980394 0.8862745 0.8980392 0.8980392 0.8980392 0.8980392 0.88235295
0.6901961 0.6666667 0.7058824 0.7137255 0.72156864 0.7254902 0.7176471 0.69803923 0.6862745 0.68235296 0.6784314 0.6784314 0.7647059 0.80784315 0.7372549 0.5254902 0.39215687 0.3764706 0.48235294 0.59607846 0.5803922 0.60784316 0.6313726 0.6431373 0.6745098 0.61960787 0.827451 0.9098039 0.9019608 0.89411765 0.8862745 0.8745098
0.69411767 0.67058825 0.7058824 0.7137255 0.7254902 0.7254902 0.7176471 0.69803923 0.6862745 0.68235296 0.6784314 0.6745098 0.77254903 0.7411765 0.48235294 0.38039216 0.40784314 0.4 0.52156866 0.6745098 0.6117647 0.627451 0.7019608 0.6745098 0.6901961 0.7607843 0.84705883 0.9098039 0.9019608 0.8901961 0.8901961 0.88235295
0.7019608 0.6862745 0.7137255 0.7176471 0.7372549 0.73333335 0.7176471 0.69803923 0.6862745 0.6784314 0.67058825 0.67058825 0.67058825 0.5882353 0.49411765 0.5372549 0.5686275 0.53333336 0.6745098 0.7176471 0.67058825 0.6431373 0.7176471 0.7764706 0.76862746 0.8235294 0.90588236 0.9098039 0.89411765 0.89411765 0.89411765 0.88235295
0.70980394 0.69803923 0.7176471 0.7176471 0.7372549 0.7372549 0.7176471 0.69803923 0.6862745 0.67058825 0.68235296 0.6117647 0.47058824 0.5137255 0.5921569 0.59607846 0.5254902 0.56078434 0.7137255 0.69411767 0.70980394 0.7019608 0.77254903 0.8509804 0.87058824 0.89411765 0.9137255 0.92156863 0.8980392 0.8980392 0.8980392 0.8784314
0.7176471 0.7058824 0.7254902 0.7254902 0.7372549 0.7372549 0.7176471 0.69803923 0.6862745 0.6627451 0.5803922 0.48235294 0.44313726 0.5254902 0.57254905 0.49803922 0.48235294 0.59607846 0.72156864 0.7490196 0.74509805 0.78431374 0.8784314 0.8745098 0.8862745 0.9019608 0.9098039 0.9137255 0.90588236 0.9019608 0.8980392 0.8745098
0.7176471 0.7058824 0.7411765 0.7372549 0.7372549 0.73333335 0.7176471 0.69803923 0.7019608 0.54509807 0.38431373 0.3764706 0.49411765 0.52156866 0.4745098 0.54509807 0.6313726 0.7058824 0.7490196 0.8 0.8 0.8784314 0.88235295 0.8666667 0.8862745 0.89411765 0.9019608 0.9019608 0.90588236 0.9098039 0.89411765 0.8745098
0.7176471 0.69803923 0.73333335 0.72156864 0.7372549 0.7372549 0.7176471 0.69411767 0.5921569 0.41568628 0.4 0.43529412 0.53333336 0.41960785 0.45882353 0.62352943 0.6901961 0.7254902 0.76862746 0.8039216 0.8392157 0.8980392 0.85490197 0.8666667 0.8862745 0.8901961 0.89411765 0.9019608 0.90588236 0.9098039 0.89411765 0.8862745
0.7176471 0.69411767 0.7294118 0.70980394 0.7254902 0.7254902 0.7254902 0.63529414 0.42352942 0.4627451 0.5294118 0.53333336 0.4627451 0.5254902 0.5803922 0.6313726 0.69803923 0.7411765 0.7921569 0.83137256 0.8666667 0.8509804 0.8392157 0.85882354 0.8784314 0.8901961 0.8901961 0.8980392 0.90588236 0.9098039 0.8980392 0.8980392
0.7137255 0.69411767 0.7529412 0.7137255 0.72156864 0.7176471 0.6901961 0.61960787 0.5529412 0.5372549 0.5372549 0.5294118 0.5568628 0.6392157 0.6509804 0.69411767 0.74509805 0.76862746 0.8352941 0.8862745 0.8392157 0.80784315 0.8235294 0.8509804 0.87058824 0.8901961 0.8901961 0.8901961 0.9098039 0.91764706 0.90588236 0.9019608
0.7137255 0.68235296 0.7372549 0.67058825 0.63529414 0.58431375 0.50980395 0.5294118 0.5686275 0.5529412 0.5647059 0.5647059 0.6627451 0.69803923 0.68235296 0.7254902 0.77254903 0.8156863 0.8784314 0.8784314 0.827451 0.8 0.81960785 0.85490197 0.8745098 0.8901961 0.8901961 0.8862745 0.91764706 0.9254902 0.90588236 0.9019608
0.7176471 0.67058825 0.6627451 0.6 0.5529412 0.54901963 0.5882353 0.6431373 0.6313726 0.6156863 0.62352943 0.57254905 0.6509804 0.7058824 0.70980394 0.8 0.8627451 0.89411765 0.8901961 0.85882354 0.8235294 0.7921569 0.8156863 0.85490197 0.88235295 0.8901961 0.8862745 0.8901961 0.91764706 0.9254902 0.9019608 0.9019608
0.7137255 0.6784314 0.7019608 0.68235296 0.6862745 0.6901961 0.7019608 0.6901961 0.6745098 0.6784314 0.69411767 0.6509804 0.6862745 0.73333335 0.77254903 0.8862745 0.87058824 0.8901961 0.8980392 0.8745098 0.8156863 0.78039217 0.8039216 0.85490197 0.88235295 0.89411765 0.8901961 0.89411765 0.91764706 0.92156863 0.9019608 0.8980392
0.7137255 0.6862745 0.7254902 0.7019608 0.7137255 0.6901961 0.6862745 0.68235296 0.6784314 0.6745098 0.6666667 0.6862745 0.77254903 0.79607844 0.79607844 0.8352941 0.87058824 0.8745098 0.88235295 0.9098039 0.8509804 0.78431374 0.8156863 0.85882354 0.88235295 0.8980392 0.89411765 0.9019608 0.91764706 0.9254902 0.90588236 0.8901961
0.72156864 0.67058825 0.7058824 0.7019608 0.7254902 0.7137255 0.7019608 0.69411767 0.68235296 0.67058825 0.6666667 0.6745098 0.76862746 0.79607844 0.78039217 0.7647059 0.8509804 0.8352941 0.8392157 0.9254902 0.9098039 0.8156863 0.83137256 0.87058824 0.8901961 0.9019608 0.8980392 0.90588236 0.92156863 0.92941177 0.9137255 0.8901961
0.7254902 0.654902 0.69803923 0.7019608 0.7294118 0.7294118 0.70980394 0.69803923 0.68235296 0.6784314 0.6745098 0.6784314 0.76862746 0.79607844 0.78039217 0.7529412 0.7882353 0.78431374 0.8039216 0.89411765 0.93333334 0.8509804 0.8352941 0.87058824 0.89411765 0.9019608 0.8980392 0.90588236 0.91764706 0.9254902 0.9137255 0.89411765
0.7294118 0.6666667 0.7019608 0.7019608 0.7372549 0.73333335 0.7137255 0.7019608 0.6862745 0.68235296 0.6784314 0.6784314 0.77254903 0.7921569 0.7647059 0.7411765 0.7607843 0.76862746 0.80784315 0.90588236 0.92156863 0.84313726 0.8509804 0.8784314 0.8901961 0.89411765 0.89411765 0.9019608 0.9098039 0.92156863 0.9098039 0.89411765
0.7411765 0.6901961 0.7019608 0.70980394 0.7372549 0.73333335 0.7176471 0.7019608 0.6862745 0.68235296 0.6784314 0.6745098 0.7647059 0.7921569 0.8 0.76862746 0.7372549 0.8 0.87058824 0.9098039 0.8980392 0.8392157 0.8627451 0.8784314 0.88235295 0.89411765 0.89411765 0.9019608 0.9098039 0.91764706 0.9098039 0.8901961
0.7411765 0.69411767 0.7058824 0.7176471 0.7372549 0.7294118 0.7176471 0.7019608 0.6862745 0.68235296 0.6784314 0.68235296 0.7607843 0.8039216 0.8235294 0.8352941 0.7764706 0.8117647 0.84705883 0.8980392 0.90588236 0.8509804 0.8627451 0.8745098 0.88235295 0.89411765 0.89411765 0.8980392 0.9098039 0.9137255 0.9098039 0.89411765
0.7411765 0.6862745 0.7019608 0.7176471 0.7372549 0.7294118 0.7176471 0.69803923 0.68235296 0.68235296 0.6862745 0.6784314 0.75686276 0.80784315 0.8117647 0.84705883 0.88235295 0.8392157 0.83137256 0.89411765 0.92156863 0.85882354 0.8666667 0.87058824 0.8862745 0.89411765 0.89411765 0.8980392 0.9098039 0.9137255 0.9098039 0.8980392
0.7490196 0.6784314 0.7019608 0.7176471 0.7372549 0.7294118 0.7137255 0.69411767 0.6862745 0.68235296 0.6862745 0.6666667 0.7176471 0.8117647 0.81960785 0.8235294 0.8862745 0.89411765 0.85882354 0.88235295 0.93333334 0.8666667 0.8666667 0.8745098 0.8862745 0.89411765 0.89411765 0.8980392 0.9098039 0.9137255 0.9098039 0.90588236
0.7490196 0.67058825 0.70980394 0.7254902 0.7372549 0.7294118 0.70980394 0.69803923 0.6862745 0.6862745 0.67058825 0.63529414 0.68235296 0.7764706 0.8117647 0.83137256 0.8509804 0.9019608 0.9019608 0.88235295 0.9254902 0.8784314 0.8627451 0.8862745 0.8862745 0.8901961 0.8862745 0.89411765 0.90588236 0.9098039 0.9137255 0.9098039
0.7490196 0.68235296 0.7176471 0.7254902 0.73333335 0.7294118 0.70980394 0.69411767 0.68235296 0.6784314 0.6509804 0.65882355 0.72156864 0.7490196 0.8 0.84313726 0.8039216 0.80784315 0.9019608 0.8784314 0.91764706 0.88235295 0.8627451 0.8862745 0.8901961 0.87058824 0.87058824 0.8901961 0.9019608 0.90588236 0.91764706 0.9137255
0.7490196 0.6901961 0.73333335 0.7254902 0.7372549 0.7254902 0.7019608 0.6901961 0.6862745 0.6901961 0.67058825 0.73333335 0.7764706 0.7647059 0.76862746 0.81960785 0.7607843 0.7490196 0.8862745 0.8862745 0.8980392 0.8862745 0.8745098 0.89411765 0.8862745 0.87058824 0.87058824 0.88235295 0.8980392 0.8980392 0.9098039 0.9098039
0.75686276 0.70980394 0.7529412 0.72156864 0.7254902 0.7254902 0.7058824 0.69411767 0.69803923 0.69411767 0.70980394 0.7607843 0.8117647 0.83137256 0.81960785 0.8 0.7921569 0.81960785 0.91764706 0.8901961 0.8745098 0.90588236 0.8862745 0.89411765 0.8862745 0.8745098 0.8745098 0.8784314 0.8901961 0.8980392 0.90588236 0.9098039
0.7607843 0.7411765 0.78039217 0.7294118 0.70980394 0.7137255 0.7176471 0.7137255 0.69411767 0.69803923 0.7490196 0.8156863 0.8745098 0.8745098 0.8235294 0.7411765 0.7882353 0.87058824 0.9019608 0.8666667 0.89411765 0.92156863 0.8901961 0.8862745 0.8862745 0.88235295 0.88235295 0.8745098 0.8784314 0.89411765 0.9019608 0.9019608
0.7647059 0.7294118 0.75686276 0.72156864 0.73333335 0.7294118 0.7411765 0.74509805 0.70980394 0.7137255 0.8 0.8509804 0.8745098 0.8980392 0.8117647 0.79607844 0.7764706 0.81960785 0.84313726 0.8784314 0.90588236 0.92941177 0.9098039 0.8862745 0.8862745 0.8980392 0.9019608 0.89411765 0.8862745 0.89411765 0.8980392 0.90588236
0.6666667 0.68235296 0.7058824 0.7019608 0.7137255 0.69803923 0.6784314 0.6666667 0.6666667 0.6666667 0.65882355 0.6509804 0.7058824 0.73333335 0.7294118 0.72156864 0.7921569 0.8235294 0.8235294 0.81960785 0.80784315 0.80784315 0.80784315 0.81960785 0.83137256 0.8235294 0.74509805 0.6862745 0.70980394 0.6901961 0.6666667 0.63529414
0.6666667 0.68235296 0.7058824 0.69411767 0.7137255 0.6901961 0.6745098 0.67058825 0.6666667 0.6666667 0.65882355 0.6509804 0.7058824 0.7372549 0.73333335 0.7294118 0.8156863 0.84313726 0.8352941 0.83137256 0.81960785 0.80784315 0.8 0.8117647 0.827451 0.827451 0.78431374 0.7490196 0.7372549 0.70980394 0.6784314 0.654902
0.6666667 0.68235296 0.70980394 0.69803923 0.7176471 0.7019608 0.68235296 0.6784314 0.67058825 0.6666667 0.65882355 0.6509804 0.70980394 0.7411765 0.7372549 0.7372549 0.8235294 0.85490197 0.8392157 0.827451 0.8235294 0.83137256 0.827451 0.83137256 0.8392157 0.84313726 0.8352941 0.8235294 0.78431374 0.7294118 0.68235296 0.6862745
0.6627451 0.6745098 0.7058824 0.7019608 0.72156864 0.7058824 0.6901961 0.6784314 0.6666667 0.6627451 0.6627451 0.6509804 0.7058824 0.7529412 0.74509805 0.7372549 0.81960785 0.8627451 0.85490197 0.83137256 0.8235294 0.8117647 0.7607843 0.6862745 0.7529412 0.85490197 0.85882354 0.84313726 0.8235294 0.78039217 0.7254902 0.7176471
0.65882355 0.6666667 0.7058824 0.7058824 0.7254902 0.70980394 0.69411767 0.68235296 0.6666667 0.6666667 0.6666667 0.654902 0.70980394 0.75686276 0.74509805 0.73333335 0.8392157 0.8352941 0.73333335 0.7411765 0.7490196 0.6156863 0.5882353 0.5254902 0.54509807 0.7882353 0.87058824 0.85882354 0.85882354 0.85882354 0.8392157 0.80784315
0.6627451 0.67058825 0.7058824 0.70980394 0.7254902 0.7137255 0.69411767 0.6784314 0.67058825 0.6666667 0.6666667 0.654902 0.7176471 0.75686276 0.7490196 0.6901961 0.6431373 0.50980395 0.4392157 0.5019608 0.52156866 0.46666667 0.4627451 0.5137255 0.5411765 0.654902 0.8627451 0.8745098 0.87058824 0.87058824 0.87058824 0.84313726
0.6666667 0.6627451 0.7058824 0.70980394 0.7254902 0.7137255 0.69411767 0.6784314 0.67058825 0.6666667 0.6666667 0.654902 0.7176471 0.7607843 0.6862745 0.46666667 0.33333334 0.3137255 0.3882353 0.47843137 0.46666667 0.5058824 0.52156866 0.5294118 0.58431375 0.56078434 0.78431374 0.8862745 0.8745098 0.8666667 0.85882354 0.8392157
0.6745098 0.65882355 0.7019608 0.70980394 0.7254902 0.7137255 0.69411767 0.6784314 0.67058825 0.6666667 0.6666667 0.654902 0.73333335 0.69411767 0.43529412 0.3254902 0.34117648 0.33333334 0.44705883 0.58431375 0.52156866 0.54901963 0.6156863 0.57254905 0.5803922 0.6627451 0.7607843 0.8745098 0.8784314 0.8627451 0.85882354 0.84705883
0.6784314 0.6627451 0.7058824 0.70980394 0.72156864 0.7176471 0.69411767 0.6745098 0.67058825 0.6666667 0.6627451 0.6509804 0.61960787 0.5058824 0.40392157 0.4509804 0.4745098 0.44313726 0.6156863 0.6431373 0.58431375 0.5764706 0.6509804 0.69803923 0.6784314 0.7294118 0.8039216 0.85882354 0.8784314 0.8666667 0.8666667 0.85490197
0.6862745 0.6745098 0.7058824 0.7058824 0.72156864 0.7176471 0.69411767 0.6745098 0.67058825 0.6666667 0.67058825 0.5372549 0.39607844 0.42745098 0.4745098 0.49019608 0.42352942 0.46666667 0.6666667 0.627451 0.6313726 0.6431373 0.72156864 0.79607844 0.8235294 0.8392157 0.84313726 0.8784314 0.8784314 0.87058824 0.87058824 0.8509804
0.6901961 0.68235296 0.70980394 0.70980394 0.72156864 0.7176471 0.69411767 0.6745098 0.67058825 0.6509804 0.5137255 0.36862746 0.37254903 0.4392157 0.4509804 0.40392157 0.3882353 0.50980395 0.6784314 0.69411767 0.6745098 0.7372549 0.84705883 0.8392157 0.8509804 0.87058824 0.88235295 0.88235295 0.88235295 0.8784314 0.8745098 0.84705883
0.6901961 0.6784314 0.7176471 0.7176471 0.72156864 0.7137255 0.69411767 0.6784314 0.6901961 0.53333336 0.31764707 0.29803923 0.41568628 0.4509804 0.39215687 0.4509804 0.5411765 0.627451 0.69803923 0.7411765 0.73333335 0.8392157 0.85882354 0.8392157 0.85882354 0.87058824 0.8784314 0.8784314 0.88235295 0.8862745 0.8745098 0.85490197
0.6901961 0.67058825 0.7058824 0.7019608 0.72156864 0.7137255 0.69411767 0.6784314 0.59607846 0.38039216 0.34117648 0.34901962 0.4392157 0.38039216 0.40392157 0.5254902 0.59607846 0.6509804 0.7058824 0.73333335 0.7764706 0.85882354 0.8235294 0.8392157 0.8627451 0.8666667 0.87058824 0.8784314 0.88235295 0.8862745 0.8745098 0.8666667
0.6901961 0.67058825 0.7058824 0.69411767 0.70980394 0.70980394 0.7019608 0.61960787 0.43137255 0.41568628 0.4392157 0.43137255 0.4 0.45490196 0.47843137 0.5254902 0.6039216 0.65882355 0.7137255 0.7607843 0.81960785 0.8156863 0.8039216 0.83137256 0.8509804 0.8666667 0.8666667 0.8745098 0.88235295 0.8862745 0.8784314 0.8745098
0.6862745 0.67058825 0.73333335 0.70980394 0.7137255 0.7058824 0.6745098 0.58431375 0.50980395 0.4627451 0.4392157 0.44705883 0.49019608 0.5411765 0.5254902 0.5882353 0.6431373 0.6627451 0.7490196 0.8352941 0.8117647 0.78039217 0.79607844 0.8235294 0.84705883 0.8666667 0.8666667 0.8666667 0.8862745 0.89411765 0.88235295 0.8745098
0.6862745 0.6509804 0.7019608 0.63529414 0.58431375 0.53333336 0.45490196 0.44705883 0.45490196 0.42352942 0.44313726 0.48235294 0.57254905 0.59607846 0.56078434 0.6156863 0.6784314 0.7411765 0.8352941 0.85490197 0.8 0.77254903 0.7921569 0.827451 0.8509804 0.8666667 0.8666667 0.8627451 0.8901961 0.9019608 0.88235295 0.8745098
0.6862745 0.6313726 0.6156863 0.5254902 0.47058824 0.47843137 0.52156866 0.56078434 0.5176471 0.49019608 0.5137255 0.4627451 0.54509807 0.6 0.6039216 0.72156864 0.8117647 0.87058824 0.8784314 0.84313726 0.8 0.7647059 0.7882353 0.827451 0.85490197 0.8666667 0.8627451 0.8666667 0.8980392 0.90588236 0.88235295 0.8784314
0.6901961 0.6509804 0.6745098 0.63529414 0.6431373 0.65882355 0.67058825 0.6666667 0.654902 0.63529414 0.6392157 0.5686275 0.58431375 0.6392157 0.69803923 0.8235294 0.81960785 0.8666667 0.8784314 0.85490197 0.79607844 0.7529412 0.7764706 0.827451 0.85490197 0.87058824 0.8627451 0.87058824 0.9019608 0.90588236 0.8862745 0.8745098
0.6862745 0.654902 0.7137255 0.7058824 0.70980394 0.6745098 0.67058825 0.6666667 0.67058825 0.67058825 0.6627451 0.6509804 0.7058824 0.72156864 0.7137255 0.7529412 0.76862746 0.77254903 0.79607844 0.85490197 0.81960785 0.75686276 0.7882353 0.83137256 0.85882354 0.8745098 0.87058824 0.8784314 0.90588236 0.9098039 0.89411765 0.8666667
0.6862745 0.63529414 0.6901961 0.7058824 0.7137255 0.69411767 0.68235296 0.6745098 0.6666667 0.6666667 0.65882355 0.6509804 0.7176471 0.73333335 0.7254902 0.7411765 0.7764706 0.69803923 0.6745098 0.8235294 0.8627451 0.7764706 0.8039216 0.84313726 0.8666667 0.8784314 0.8745098 0.88235295 0.9019608 0.90588236 0.89411765 0.85882354
0.6784314 0.62352943 0.6901961 0.7019608 0.7176471 0.7058824 0.6862745 0.6784314 0.67058825 0.6627451 0.65882355 0.654902 0.7137255 0.7411765 0.7372549 0.7176471 0.65882355 0.5568628 0.4745098 0.7294118 0.89411765 0.80784315 0.8117647 0.84705883 0.87058824 0.8784314 0.8745098 0.88235295 0.89411765 0.9019608 0.8862745 0.85882354
0.6862745 0.6392157 0.6901961 0.7019608 0.72156864 0.70980394 0.6901961 0.6784314 0.6666667 0.6666667 0.6627451 0.654902 0.72156864 0.7294118 0.7058824 0.70980394 0.5882353 0.47058824 0.49803922 0.7882353 0.8901961 0.8117647 0.8235294 0.85490197 0.8666667 0.87058824 0.87058824 0.8784314 0.8862745 0.89411765 0.8862745 0.85882354
0.7058824 0.6666667 0.7019608 0.7058824 0.72156864 0.70980394 0.69411767 0.6784314 0.67058825 0.6666667 0.6627451 0.65882355 0.7176471 0.68235296 0.6627451 0.6509804 0.49803922 0.49411765 0.6745098 0.8392157 0.8666667 0.8117647 0.8352941 0.8509804 0.85490197 0.87058824 0.87058824 0.8784314 0.8862745 0.8901961 0.8862745 0.85882354
0.7137255 0.6745098 0.7058824 0.70980394 0.72156864 0.7137255 0.69411767 0.6784314 0.67058825 0.6666667 0.6627451 0.6627451 0.68235296 0.67058825 0.6745098 0.63529414 0.49803922 0.5176471 0.5882353 0.7647059 0.88235295 0.8235294 0.8352941 0.84705883 0.85490197 0.87058824 0.87058824 0.8745098 0.8862745 0.8901961 0.8862745 0.8627451
0.7137255 0.6666667 0.7019608 0.70980394 0.72156864 0.7137255 0.69411767 0.6745098 0.6666667 0.6666667 0.67058825 0.6509804 0.64705884 0.67058825 0.68235296 0.68235296 0.7019608 0.6117647 0.59607846 0.74509805 0.89411765 0.83137256 0.8392157 0.84313726 0.85882354 0.87058824 0.87058824 0.8745098 0.8862745 0.8901961 0.8862745 0.8666667
0.70980394 0.654902 0.69803923 0.70980394 0.72156864 0.70980394 0.6901961 0.6745098 0.67058825 0.67058825 0.6745098 0.6156863 0.5529412 0.65882355 0.6666667 0.6313726 0.7411765 0.7529412 0.64705884 0.7411765 0.8901961 0.8352941 0.8352941 0.84705883 0.85882354 0.8666667 0.8666667 0.87058824 0.88235295 0.8862745 0.8862745 0.8745098
0.7058824 0.6392157 0.69411767 0.70980394 0.72156864 0.70980394 0.6862745 0.6745098 0.67058825 0.6666667 0.67058825 0.5294118 0.4392157 0.5647059 0.627451 0.63529414 0.6666667 0.7607843 0.7490196 0.7254902 0.8745098 0.84705883 0.83137256 0.85882354 0.85882354 0.8627451 0.85882354 0.8666667 0.8784314 0.88235295 0.8862745 0.88235295
0.7058824 0.6392157 0.6901961 0.70980394 0.72156864 0.70980394 0.6862745 0.6745098 0.6666667 0.65882355 0.58431375 0.49411765 0.47058824 0.4509804 0.5568628 0.65882355 0.47843137 0.4392157 0.7647059 0.7137255 0.84705883 0.85490197 0.83137256 0.85882354 0.8627451 0.84313726 0.84313726 0.8627451 0.8745098 0.8784314 0.8901961 0.88235295
0.7137255 0.6431373 0.69411767 0.70980394 0.7254902 0.7137255 0.6862745 0.6784314 0.6666667 0.6039216 0.5019608 0.5568628 0.59607846 0.4745098 0.46666667 0.5921569 0.32156864 0.20392157 0.69411767 0.7647059 0.80784315 0.85490197 0.84313726 0.8627451 0.85490197 0.84313726 0.84313726 0.85490197 0.87058824 0.87058824 0.88235295 0.8784314
0.72156864 0.6666667 0.7137255 0.69803923 0.7058824 0.7058824 0.6862745 0.6784314 0.62352943 0.5137255 0.49019608 0.54509807 0.6627451 0.67058825 0.56078434 0.48235294 0.4117647 0.45882353 0.8039216 0.77254903 0.7529412 0.8627451 0.85490197 0.8627451 0.85490197 0.84705883 0.84705883 0.8509804 0.8627451 0.87058824 0.8784314 0.8784314
0.7294118 0.69411767 0.7411765 0.69803923 0.6784314 0.6784314 0.68235296 0.6784314 0.57254905 0.49803922 0.5568628 0.6509804 0.7529412 0.7607843 0.6039216 0.39215687 0.45882353 0.7019608 0.7764706 0.7137255 0.75686276 0.8627451 0.8627451 0.85490197 0.85490197 0.85490197 0.85490197 0.84705883 0.8509804 0.8666667 0.8745098 0.87058824
0.7294118 0.6745098 0.7058824 0.6745098 0.6862745 0.6862745 0.7019608 0.69803923 0.5647059 0.5137255 0.6392157 0.7372549 0.7607843 0.7882353 0.6 0.52156866 0.4509804 0.5803922 0.64705884 0.73333335 0.77254903 0.8352941 0.8784314 0.85882354 0.85882354 0.87058824 0.87058824 0.85882354 0.85490197 0.8666667 0.8745098 0.8745098
0.6039216 0.63529414 0.6666667 0.65882355 0.6666667 0.64705884 0.6313726 0.6313726 0.62352943 0.62352943 0.61960787 0.6 0.60784316 0.627451 0.6392157 0.654902 0.7372549 0.7764706 0.77254903 0.76862746 0.75686276 0.7607843 0.7529412 0.75686276 0.77254903 0.7607843 0.68235296 0.6156863 0.6392157 0.61960787 0.59607846 0.5568628
0.6039216 0.63529414 0.6666667 0.6509804 0.6666667 0.6392157 0.6313726 0.63529414 0.62352943 0.62352943 0.6156863 0.59607846 0.60784316 0.6313726 0.6431373 0.6666667 0.7607843 0.79607844 0.7882353 0.78039217 0.76862746 0.7607843 0.7411765 0.74509805 0.7647059 0.76862746 0.72156864 0.6784314 0.6666667 0.6392157 0.60784316 0.58431375
0.6039216 0.6313726 0.6745098 0.6666667 0.67058825 0.6509804 0.6392157 0.6313726 0.627451 0.62352943 0.6156863 0.59607846 0.6117647 0.63529414 0.6392157 0.6666667 0.76862746 0.80784315 0.7921569 0.7764706 0.76862746 0.7764706 0.77254903 0.76862746 0.7764706 0.78431374 0.77254903 0.7529412 0.7137255 0.65882355 0.6117647 0.6117647
0.6 0.62352943 0.6745098 0.67058825 0.6745098 0.654902 0.6431373 0.6313726 0.62352943 0.61960787 0.61960787 0.59607846 0.60784316 0.6431373 0.6431373 0.6666667 0.7647059 0.8156863 0.80784315 0.78431374 0.77254903 0.7490196 0.6901961 0.61960787 0.6862745 0.78431374 0.78431374 0.77254903 0.7529412 0.70980394 0.654902 0.6509804
0.59607846 0.6156863 0.67058825 0.6745098 0.6745098 0.65882355 0.6431373 0.63529414 0.627451 0.62352943 0.62352943 0.6 0.6117647 0.64705884 0.64705884 0.6627451 0.78039217 0.78431374 0.67058825 0.6666667 0.6784314 0.5294118 0.4862745 0.41960785 0.45882353 0.7137255 0.7921569 0.7882353 0.7882353 0.7882353 0.77254903 0.74509805
0.6 0.6156863 0.6745098 0.6784314 0.6745098 0.654902 0.6431373 0.6392157 0.6313726 0.627451 0.62352943 0.6039216 0.61960787 0.6509804 0.654902 0.60784316 0.57254905 0.4509804 0.35686275 0.39607844 0.43137255 0.38039216 0.36078432 0.4 0.44313726 0.5882353 0.8039216 0.8039216 0.8 0.8 0.8 0.7764706
0.6039216 0.60784316 0.67058825 0.68235296 0.6745098 0.6509804 0.6392157 0.6392157 0.63529414 0.627451 0.62352943 0.6039216 0.61960787 0.654902 0.58431375 0.39607844 0.2784314 0.26666668 0.3137255 0.34901962 0.3647059 0.39607844 0.41568628 0.41960785 0.47058824 0.4862745 0.7294118 0.8156863 0.8039216 0.79607844 0.7882353 0.77254903
0.60784316 0.60784316 0.67058825 0.68235296 0.6745098 0.654902 0.6392157 0.6392157 0.6313726 0.627451 0.62352943 0.6 0.6313726 0.58431375 0.3529412 0.27450982 0.2784314 0.2784314 0.36862746 0.44313726 0.39215687 0.4392157 0.52156866 0.47058824 0.45882353 0.5568628 0.6862745 0.8039216 0.8039216 0.7921569 0.7921569 0.78039217
0.6156863 0.6117647 0.6745098 0.68235296 0.6745098 0.65882355 0.6392157 0.63529414 0.627451 0.62352943 0.62352943 0.59607846 0.5294118 0.40392157 0.32156864 0.37254903 0.3764706 0.36862746 0.5411765 0.5254902 0.45882353 0.46666667 0.56078434 0.6156863 0.5921569 0.6313726 0.7058824 0.7882353 0.80784315 0.8 0.8039216 0.7882353
0.62352943 0.62352943 0.6784314 0.68235296 0.6745098 0.654902 0.6392157 0.63529414 0.627451 0.627451 0.627451 0.47058824 0.32156864 0.3372549 0.36078432 0.39215687 0.3372549 0.38039216 0.5921569 0.5294118 0.5254902 0.5529412 0.64705884 0.7372549 0.77254903 0.7764706 0.7529412 0.8156863 0.81960785 0.8039216 0.80784315 0.7882353
0.627451 0.6313726 0.6784314 0.6784314 0.6784314 0.6627451 0.6431373 0.63529414 0.627451 0.6039216 0.4509804 0.2901961 0.29803923 0.3372549 0.34117648 0.31764707 0.3137255 0.41960785 0.6 0.6 0.5803922 0.67058825 0.7921569 0.78431374 0.8 0.81960785 0.81960785 0.83137256 0.8352941 0.81960785 0.8156863 0.78431374
0.627451 0.6313726 0.6784314 0.6784314 0.6784314 0.6666667 0.64705884 0.63529414 0.6431373 0.49019608 0.26666668 0.23921569 0.32941177 0.37254903 0.3019608 0.34901962 0.44705883 0.5411765 0.6156863 0.6509804 0.6509804 0.7882353 0.80784315 0.76862746 0.7921569 0.80784315 0.81960785 0.83137256 0.8352941 0.8392157 0.8235294 0.7921569
0.62352943 0.62352943 0.6666667 0.65882355 0.6784314 0.67058825 0.64705884 0.62352943 0.5568628 0.3372549 0.27450982 0.27058825 0.3372549 0.32156864 0.31764707 0.39607844 0.48235294 0.54901963 0.62352943 0.6431373 0.7019608 0.80784315 0.7647059 0.76862746 0.79607844 0.8039216 0.8117647 0.83137256 0.8352941 0.8392157 0.8235294 0.8039216
0.627451 0.61960787 0.6666667 0.6509804 0.65882355 0.654902 0.65882355 0.57254905 0.39215687 0.3647059 0.3372549 0.3254902 0.31764707 0.3647059 0.36862746 0.39215687 0.48235294 0.5568628 0.63529414 0.6862745 0.7529412 0.75686276 0.7372549 0.7607843 0.7882353 0.80784315 0.8117647 0.8235294 0.8392157 0.8392157 0.827451 0.8117647
0.62352943 0.6117647 0.6784314 0.65882355 0.65882355 0.6392157 0.61960787 0.5372549 0.44313726 0.38431373 0.34117648 0.34509805 0.39215687 0.41568628 0.4 0.45882353 0.5176471 0.5686275 0.6862745 0.78039217 0.7490196 0.70980394 0.7254902 0.7529412 0.78431374 0.81960785 0.8156863 0.8117647 0.84313726 0.84705883 0.83137256 0.8156863
0.62352943 0.58431375 0.6392157 0.5764706 0.5176471 0.45882353 0.38431373 0.36078432 0.34509805 0.30980393 0.3254902 0.38039216 0.45490196 0.46666667 0.42352942 0.49411765 0.57254905 0.6627451 0.78431374 0.8 0.7294118 0.7019608 0.72156864 0.7529412 0.7882353 0.81960785 0.8117647 0.80784315 0.84705883 0.85490197 0.83137256 0.8156863
0.61960787 0.5647059 0.54901963 0.4509804 0.38039216 0.40784314 0.47058824 0.47843137 0.40392157 0.3764706 0.39607844 0.3529412 0.42745098 0.47843137 0.47843137 0.627451 0.7490196 0.8235294 0.8392157 0.7882353 0.7294118 0.69411767 0.7176471 0.7607843 0.79607844 0.81960785 0.8117647 0.80784315 0.85490197 0.8627451 0.83137256 0.8156863
0.6117647 0.5764706 0.60784316 0.5764706 0.5803922 0.60784316 0.6392157 0.61960787 0.59607846 0.5803922 0.5647059 0.4745098 0.49411765 0.54509807 0.627451 0.75686276 0.7372549 0.8 0.83137256 0.8 0.7254902 0.68235296 0.70980394 0.7607843 0.8 0.8235294 0.8117647 0.8156863 0.8627451 0.87058824 0.8352941 0.8117647
0.6117647 0.5803922 0.6627451 0.6627451 0.65882355 0.6313726 0.627451 0.627451 0.6313726 0.627451 0.6156863 0.5803922 0.6117647 0.627451 0.62352943 0.6745098 0.68235296 0.6784314 0.70980394 0.77254903 0.74509805 0.6862745 0.72156864 0.76862746 0.8 0.827451 0.81960785 0.81960785 0.8627451 0.8745098 0.8392157 0.8039216
0.6156863 0.56078434 0.654902 0.6745098 0.6666667 0.6431373 0.63529414 0.6313726 0.627451 0.61960787 0.6117647 0.59607846 0.6117647 0.62352943 0.6313726 0.6745098 0.7058824 0.5568628 0.5294118 0.7176471 0.78039217 0.7058824 0.74509805 0.78039217 0.80784315 0.83137256 0.827451 0.83137256 0.85882354 0.8666667 0.8352941 0.79607844
0.6156863 0.5529412 0.654902 0.6745098 0.67058825 0.654902 0.6392157 0.6313726 0.627451 0.61960787 0.61960787 0.6039216 0.6117647 0.63529414 0.6627451 0.654902 0.5372549 0.4 0.3764706 0.6509804 0.81960785 0.7411765 0.75686276 0.78431374 0.8156863 0.83137256 0.827451 0.8352941 0.84705883 0.85490197 0.827451 0.7921569
0.62352943 0.5647059 0.65882355 0.67058825 0.6745098 0.65882355 0.6431373 0.63529414 0.62352943 0.61960787 0.62352943 0.6039216 0.61960787 0.61960787 0.6 0.6313726 0.44313726 0.3254902 0.40784314 0.70980394 0.8392157 0.7490196 0.7607843 0.7882353 0.8117647 0.8235294 0.8235294 0.83137256 0.8392157 0.8509804 0.8235294 0.7921569
0.6392157 0.60784316 0.6666667 0.6784314 0.6784314 0.654902 0.6431373 0.6392157 0.627451 0.62352943 0.61960787 0.60784316 0.6117647 0.56078434 0.53333336 0.5411765 0.3647059 0.34901962 0.5411765 0.73333335 0.81960785 0.7529412 0.77254903 0.7882353 0.8 0.8235294 0.81960785 0.81960785 0.83137256 0.84705883 0.8352941 0.8
0.6431373 0.62352943 0.67058825 0.68235296 0.6745098 0.6509804 0.6392157 0.63529414 0.627451 0.62352943 0.62352943 0.6117647 0.5686275 0.54901963 0.5568628 0.5176471 0.36078432 0.34509805 0.42352942 0.64705884 0.827451 0.7607843 0.77254903 0.78039217 0.8 0.8235294 0.81960785 0.8117647 0.827451 0.84313726 0.8392157 0.80784315
0.6431373 0.6117647 0.6666667 0.68235296 0.6745098 0.6509804 0.6392157 0.63529414 0.62352943 0.61960787 0.627451 0.59607846 0.5176471 0.54901963 0.5686275 0.54901963 0.58431375 0.4745098 0.43529412 0.62352943 0.8392157 0.77254903 0.7764706 0.78039217 0.8039216 0.8235294 0.81960785 0.8117647 0.827451 0.84313726 0.8392157 0.80784315
0.6392157 0.5882353 0.6627451 0.68235296 0.6745098 0.6509804 0.63529414 0.6313726 0.627451 0.62352943 0.6313726 0.5568628 0.40392157 0.5254902 0.54509807 0.48235294 0.61960787 0.65882355 0.49803922 0.61960787 0.8352941 0.7882353 0.78039217 0.78431374 0.8 0.80784315 0.80784315 0.80784315 0.81960785 0.827451 0.827451 0.8156863
0.63529414 0.5647059 0.64705884 0.68235296 0.6745098 0.6509804 0.63529414 0.6313726 0.627451 0.62352943 0.62352943 0.44313726 0.27450982 0.39607844 0.47843137 0.49411765 0.52156866 0.6509804 0.63529414 0.59607846 0.8117647 0.80784315 0.78039217 0.79607844 0.79607844 0.8 0.79607844 0.8039216 0.8156863 0.81960785 0.827451 0.81960785
0.63529414 0.56078434 0.63529414 0.6745098 0.6745098 0.6509804 0.63529414 0.6313726 0.627451 0.6156863 0.5137255 0.36078432 0.3137255 0.28627452 0.39607844 0.53333336 0.39607844 0.39215687 0.6784314 0.5803922 0.7764706 0.8117647 0.7764706 0.8 0.8 0.78039217 0.78039217 0.8 0.8117647 0.8156863 0.827451 0.8235294
0.6392157 0.57254905 0.6431373 0.6666667 0.6784314 0.6627451 0.6392157 0.6313726 0.61960787 0.5176471 0.36862746 0.40392157 0.4509804 0.33333334 0.32156864 0.45882353 0.29803923 0.20784314 0.6156863 0.65882355 0.7137255 0.79607844 0.7921569 0.8156863 0.8039216 0.78039217 0.78039217 0.7921569 0.80784315 0.80784315 0.81960785 0.827451
0.6509804 0.6 0.6666667 0.6509804 0.654902 0.654902 0.6392157 0.6392157 0.54509807 0.3764706 0.32941177 0.39607844 0.5372549 0.54901963 0.43137255 0.3529412 0.34117648 0.39215687 0.7176471 0.68235296 0.65882355 0.8039216 0.8039216 0.81960785 0.8039216 0.78431374 0.78431374 0.7882353 0.8 0.80784315 0.81960785 0.83137256
0.654902 0.62352943 0.6862745 0.6392157 0.6156863 0.627451 0.6392157 0.63529414 0.47058824 0.34509805 0.40392157 0.50980395 0.64705884 0.68235296 0.4627451 0.27058825 0.34901962 0.54509807 0.64705884 0.6117647 0.6745098 0.8039216 0.8117647 0.8117647 0.8039216 0.79607844 0.7921569 0.78431374 0.7882353 0.8039216 0.8156863 0.81960785
0.65882355 0.58431375 0.6156863 0.6039216 0.61960787 0.627451 0.654902 0.63529414 0.4392157 0.3529412 0.49803922 0.6313726 0.654902 0.70980394 0.4627451 0.3764706 0.3254902 0.41568628 0.48235294 0.62352943 0.6784314 0.7607843 0.8235294 0.8 0.8 0.80784315 0.80784315 0.8 0.7921569 0.8039216 0.8117647 0.8156863
20 31 1
31 1 0
15 0 2
0 26 1
0 31 2
0 17 2
8 31 2
31 25 2
31 26 0
23 31 2
