32, 32, 3, 10
0.7607843 0.74509805 0.7490196 0.7490196 0.7490196 0.7490196 0.74509805 0.74509805 0.7372549 0.73333335 0.7254902 0.72156864 0.6862745 0.7137255 0.7058824 0.69411767 0.69411767 0.6784314 0.6392157 0.6862745 0.6784314 0.68235296 0.654902 0.627451 0.6117647 0.5803922 0.5686275 0.5647059 0.56078434 0.5254902 0.54509807 0.59607846
0.49019608 0.47843137 0.5019608 0.52156866 0.52156866 0.52156866 0.5411765 0.57254905 0.5764706 0.6 0.5019608 0.47058824 0.5921569 0.6117647 0.6156863 0.60784316 0.6156863 0.44705883 0.32156864 0.57254905 0.61960787 0.627451 0.6431373 0.6431373 0.6392157 0.61960787 0.60784316 0.6039216 0.59607846 0.54509807 0.5411765 0.5411765
0.48235294 0.47058824 0.48235294 0.5019608 0.50980395 0.49411765 0.53333336 0.5764706 0.6 0.61960787 0.3764706 0.18431373 0.48235294 0.63529414 0.61960787 0.61960787 0.56078434 0.23137255 0.21176471 0.4862745 0.6431373 0.6509804 0.6509804 0.6392157 0.6431373 0.63529414 0.62352943 0.6156863 0.6156863 0.60784316 0.5921569 0.57254905
0.5176471 0.5019608 0.49019608 0.47843137 0.4862745 0.5254902 0.54901963 0.5647059 0.5803922 0.59607846 0.37254903 0.13333334 0.19215687 0.56078434 0.5803922 0.5921569 0.4 0.11764706 0.22352941 0.43137255 0.63529414 0.62352943 0.61960787 0.60784316 0.60784316 0.6 0.6 0.6 0.6039216 0.6117647 0.5882353 0.5921569
0.53333336 0.52156866 0.49411765 0.4745098 0.5019608 0.53333336 0.5411765 0.5568628 0.5803922 0.6 0.3882353 0.21176471 0.06666667 0.39215687 0.654902 0.6509804 0.25882354 0.09803922 0.24313726 0.4117647 0.63529414 0.60784316 0.6039216 0.60784316 0.59607846 0.57254905 0.57254905 0.5803922 0.5764706 0.57254905 0.5686275 0.5803922
0.54509807 0.53333336 0.5176471 0.49803922 0.5411765 0.5647059 0.56078434 0.5647059 0.60784316 0.627451 0.41960785 0.25490198 0.08235294 0.2509804 0.7372549 0.68235296 0.16470589 0.12156863 0.20392157 0.37254903 0.654902 0.6156863 0.6039216 0.6117647 0.59607846 0.5764706 0.5647059 0.5764706 0.5803922 0.6117647 0.6313726 0.627451
0.5372549 0.5294118 0.54509807 0.52156866 0.5529412 0.58431375 0.57254905 0.5647059 0.6039216 0.6392157 0.40784314 0.19607843 0.22745098 0.34117648 0.6156863 0.5529412 0.28627452 0.32941177 0.20784314 0.34117648 0.627451 0.6 0.58431375 0.59607846 0.5921569 0.5882353 0.5921569 0.6509804 0.7254902 0.8 0.79607844 0.76862746
0.5019608 0.52156866 0.5254902 0.5176471 0.54901963 0.5921569 0.6 0.5803922 0.5921569 0.64705884 0.45490196 0.23529412 0.5176471 0.48235294 0.38039216 0.38039216 0.4745098 0.5529412 0.3019608 0.4627451 0.7058824 0.60784316 0.5882353 0.5882353 0.6039216 0.6862745 0.77254903 0.80784315 0.827451 0.84705883 0.827451 0.8117647
0.46666667 0.4862745 0.5019608 0.50980395 0.54509807 0.57254905 0.5803922 0.5529412 0.5921569 0.62352943 0.5372549 0.36862746 0.5254902 0.41568628 0.3137255 0.3137255 0.3764706 0.50980395 0.5176471 0.65882355 0.8784314 0.75686276 0.70980394 0.68235296 0.7176471 0.8235294 0.8509804 0.8509804 0.85490197 0.85490197 0.8509804 0.84313726
0.43137255 0.44705883 0.47843137 0.5058824 0.5294118 0.5529412 0.53333336 0.5137255 0.57254905 0.5764706 0.5764706 0.49411765 0.39215687 0.32941177 0.30588236 0.30980393 0.30980393 0.37254903 0.56078434 0.7529412 0.9137255 0.827451 0.7882353 0.827451 0.8666667 0.8784314 0.88235295 0.8862745 0.8745098 0.87058824 0.87058824 0.8784314
0.4117647 0.42352942 0.4392157 0.4509804 0.47843137 0.5019608 0.48235294 0.49411765 0.5411765 0.54901963 0.5921569 0.4117647 0.27450982 0.38039216 0.27450982 0.26666668 0.3882353 0.3372549 0.48235294 0.78039217 0.89411765 0.80784315 0.80784315 0.8745098 0.9019608 0.9098039 0.9137255 0.90588236 0.8862745 0.8745098 0.8745098 0.88235295
0.42745098 0.45882353 0.42352942 0.4392157 0.45490196 0.43529412 0.43529412 0.49019608 0.5058824 0.5529412 0.59607846 0.4117647 0.3372549 0.35686275 0.19215687 0.17254902 0.29803923 0.35686275 0.5764706 0.8235294 0.85490197 0.81960785 0.8666667 0.9137255 0.9019608 0.8980392 0.9137255 0.90588236 0.8862745 0.88235295 0.8745098 0.8784314
0.54509807 0.52156866 0.40392157 0.4392157 0.44705883 0.3882353 0.4 0.48235294 0.4745098 0.57254905 0.58431375 0.42352942 0.3254902 0.2509804 0.10980392 0.11372549 0.26666668 0.39607844 0.63529414 0.81960785 0.8156863 0.8352941 0.8784314 0.88235295 0.85882354 0.8745098 0.9098039 0.90588236 0.8901961 0.8745098 0.8666667 0.88235295
0.65882355 0.58431375 0.40392157 0.43529412 0.46666667 0.39215687 0.4 0.46666667 0.45490196 0.53333336 0.56078434 0.45882353 0.37254903 0.25882354 0.105882354 0.13333334 0.37254903 0.53333336 0.7058824 0.79607844 0.7921569 0.84313726 0.84705883 0.8156863 0.77254903 0.827451 0.9019608 0.8901961 0.8784314 0.8666667 0.87058824 0.8862745
0.6039216 0.5568628 0.4745098 0.5254902 0.6156863 0.5686275 0.5019608 0.5176471 0.5294118 0.4862745 0.5254902 0.56078434 0.50980395 0.3529412 0.105882354 0.18039216 0.5137255 0.6862745 0.7921569 0.7764706 0.78039217 0.827451 0.8039216 0.7647059 0.72156864 0.79607844 0.89411765 0.8784314 0.8509804 0.85882354 0.87058824 0.87058824
0.5176471 0.49411765 0.49019608 0.5254902 0.6 0.6392157 0.5803922 0.5372549 0.50980395 0.47843137 0.5019608 0.5411765 0.5372549 0.47058824 0.22352941 0.29803923 0.63529414 0.7607843 0.81960785 0.7607843 0.77254903 0.8039216 0.7529412 0.7294118 0.7372549 0.8 0.88235295 0.8627451 0.8352941 0.8509804 0.8509804 0.8392157
0.49803922 0.48235294 0.5411765 0.5254902 0.5254902 0.52156866 0.5568628 0.5176471 0.49803922 0.5568628 0.6117647 0.5019608 0.50980395 0.47843137 0.4 0.46666667 0.6862745 0.78039217 0.8039216 0.76862746 0.7882353 0.78039217 0.72156864 0.74509805 0.78039217 0.8039216 0.87058824 0.8509804 0.83137256 0.83137256 0.827451 0.827451
0.4862745 0.49803922 0.6 0.5882353 0.5882353 0.57254905 0.49803922 0.5058824 0.5686275 0.57254905 0.6745098 0.5529412 0.49803922 0.4862745 0.54509807 0.6784314 0.7764706 0.8 0.8 0.7882353 0.8117647 0.7647059 0.7137255 0.7647059 0.79607844 0.80784315 0.85490197 0.8509804 0.84313726 0.8039216 0.81960785 0.83137256
0.4627451 0.47843137 0.5411765 0.56078434 0.5529412 0.58431375 0.50980395 0.5372549 0.5882353 0.49411765 0.54509807 0.5176471 0.5372549 0.627451 0.6313726 0.7254902 0.7921569 0.8 0.7882353 0.8 0.8156863 0.74509805 0.7137255 0.7764706 0.8 0.8 0.83137256 0.8509804 0.8352941 0.78431374 0.8156863 0.8352941
0.47843137 0.39215687 0.45882353 0.5254902 0.49019608 0.52156866 0.48235294 0.47843137 0.57254905 0.54509807 0.5529412 0.5647059 0.59607846 0.6666667 0.6039216 0.6431373 0.7647059 0.8 0.76862746 0.78039217 0.7882353 0.7019608 0.7058824 0.78039217 0.8156863 0.7921569 0.8156863 0.84705883 0.8156863 0.78431374 0.8117647 0.8235294
0.40392157 0.30588236 0.4117647 0.46666667 0.4 0.47058824 0.49019608 0.4745098 0.5372549 0.5254902 0.5882353 0.6156863 0.6156863 0.5882353 0.58431375 0.6117647 0.73333335 0.8 0.77254903 0.77254903 0.7372549 0.6862745 0.72156864 0.7529412 0.7490196 0.7529412 0.79607844 0.81960785 0.7882353 0.8 0.8235294 0.8
0.3019608 0.32156864 0.40784314 0.42352942 0.3529412 0.44313726 0.5372549 0.49411765 0.4862745 0.6 0.6431373 0.6431373 0.6392157 0.57254905 0.56078434 0.59607846 0.69803923 0.7764706 0.78431374 0.79607844 0.7176471 0.69411767 0.7294118 0.65882355 0.63529414 0.7294118 0.7764706 0.7921569 0.7764706 0.8117647 0.8156863 0.78431374
0.28627452 0.36862746 0.4117647 0.4 0.35686275 0.39607844 0.52156866 0.5568628 0.58431375 0.5882353 0.6156863 0.7019608 0.6901961 0.654902 0.59607846 0.6156863 0.6509804 0.72156864 0.7529412 0.76862746 0.6901961 0.7058824 0.6784314 0.5686275 0.65882355 0.7921569 0.7764706 0.7764706 0.76862746 0.80784315 0.79607844 0.76862746
0.34901962 0.44705883 0.4745098 0.41960785 0.34901962 0.3529412 0.42745098 0.4862745 0.5372549 0.49019608 0.5529412 0.6901961 0.69411767 0.6666667 0.62352943 0.6509804 0.61960787 0.654902 0.74509805 0.74509805 0.73333335 0.7372549 0.6117647 0.54509807 0.7176471 0.83137256 0.77254903 0.75686276 0.7529412 0.79607844 0.78039217 0.7607843
0.39607844 0.44705883 0.46666667 0.43529412 0.3254902 0.3372549 0.40784314 0.45490196 0.5176471 0.5294118 0.5372549 0.60784316 0.6509804 0.6627451 0.5882353 0.6117647 0.63529414 0.52156866 0.53333336 0.69411767 0.78039217 0.7019608 0.627451 0.6039216 0.73333335 0.8 0.7372549 0.7294118 0.7294118 0.77254903 0.7607843 0.7607843
0.42745098 0.36862746 0.3882353 0.37254903 0.3019608 0.30588236 0.37254903 0.44313726 0.5529412 0.5803922 0.52156866 0.5647059 0.59607846 0.6745098 0.6627451 0.56078434 0.65882355 0.44313726 0.2 0.5764706 0.7607843 0.68235296 0.6901961 0.4745098 0.6 0.70980394 0.65882355 0.68235296 0.6862745 0.7294118 0.7372549 0.7647059
0.61960787 0.53333336 0.5372549 0.47843137 0.4117647 0.36862746 0.36078432 0.40392157 0.48235294 0.52156866 0.5254902 0.5647059 0.5686275 0.6117647 0.7176471 0.65882355 0.6313726 0.4627451 0.26666668 0.52156866 0.5254902 0.54901963 0.54509807 0.2 0.28235295 0.4627451 0.47843137 0.5176471 0.59607846 0.64705884 0.68235296 0.77254903
0.7372549 0.69411767 0.6901961 0.654902 0.58431375 0.5254902 0.49411765 0.49803922 0.5176471 0.5294118 0.56078434 0.6 0.6313726 0.70980394 0.7529412 0.7529412 0.69411767 0.54901963 0.49803922 0.5372549 0.44705883 0.45490196 0.5254902 0.39607844 0.3647059 0.38039216 0.3764706 0.38039216 0.43137255 0.44313726 0.53333336 0.5882353
0.7647059 0.7529412 0.76862746 0.7921569 0.7882353 0.76862746 0.78431374 0.76862746 0.7607843 0.7372549 0.73333335 0.7490196 0.7529412 0.79607844 0.79607844 0.7921569 0.74509805 0.67058825 0.654902 0.65882355 0.6313726 0.58431375 0.59607846 0.61960787 0.6392157 0.6313726 0.5764706 0.5372549 0.49803922 0.4862745 0.5176471 0.49803922
0.6901961 0.6784314 0.7176471 0.7411765 0.75686276 0.7764706 0.80784315 0.8117647 0.84705883 0.83137256 0.85882354 0.8901961 0.8980392 0.89411765 0.8901961 0.89411765 0.87058824 0.84313726 0.84313726 0.827451 0.7921569 0.7490196 0.7607843 0.8156863 0.79607844 0.78431374 0.7529412 0.72156864 0.69411767 0.6627451 0.6392157 0.6156863
0.81960785 0.8 0.8235294 0.8235294 0.80784315 0.8 0.78039217 0.78039217 0.79607844 0.78431374 0.80784315 0.827451 0.8392157 0.85490197 0.8509804 0.85490197 0.85882354 0.87058824 0.8901961 0.8901961 0.8980392 0.89411765 0.9019608 0.8980392 0.9098039 0.90588236 0.9098039 0.8862745 0.8666667 0.85882354 0.8392157 0.78039217
0.8235294 0.8235294 0.8509804 0.8745098 0.8784314 0.88235295 0.8862745 0.8901961 0.89411765 0.8901961 0.88235295 0.8784314 0.8745098 0.87058824 0.84313726 0.84313726 0.84313726 0.84313726 0.8509804 0.84313726 0.84705883 0.8352941 0.8392157 0.84313726 0.84705883 0.84313726 0.84313726 0.8235294 0.81960785 0.8392157 0.85490197 0.827451
0.8509804 0.8352941 0.84313726 0.8235294 0.8117647 0.81960785 0.81960785 0.8156863 0.79607844 0.7921569 0.78431374 0.7921569 0.7764706 0.78039217 0.77254903 0.78039217 0.77254903 0.72156864 0.6745098 0.74509805 0.73333335 0.7254902 0.7058824 0.68235296 0.6901961 0.6901961 0.6784314 0.67058825 0.6745098 0.65882355 0.65882355 0.6745098
0.6784314 0.67058825 0.69803923 0.68235296 0.65882355 0.654902 0.6745098 0.69411767 0.68235296 0.7019608 0.5882353 0.54901963 0.68235296 0.69411767 0.70980394 0.72156864 0.70980394 0.49411765 0.34901962 0.6392157 0.69803923 0.69411767 0.70980394 0.70980394 0.7137255 0.70980394 0.69803923 0.69411767 0.69411767 0.6745098 0.67058825 0.65882355
0.6627451 0.6627451 0.6862745 0.69803923 0.6862745 0.6666667 0.6901961 0.72156864 0.72156864 0.7254902 0.45490196 0.23921569 0.5411765 0.7137255 0.72156864 0.7254902 0.6431373 0.25882354 0.21960784 0.5411765 0.7254902 0.7294118 0.7294118 0.7176471 0.7176471 0.70980394 0.7019608 0.6901961 0.69411767 0.68235296 0.6745098 0.6627451
0.6392157 0.64705884 0.654902 0.65882355 0.6666667 0.68235296 0.6901961 0.6901961 0.69411767 0.6901961 0.42352942 0.15686275 0.23137255 0.64705884 0.69411767 0.69803923 0.4627451 0.1254902 0.22352941 0.47058824 0.7176471 0.70980394 0.7019608 0.6901961 0.69411767 0.6901961 0.6901961 0.69411767 0.6862745 0.6666667 0.64705884 0.65882355
0.6313726 0.64705884 0.64705884 0.6431373 0.65882355 0.6666667 0.654902 0.6627451 0.6901961 0.6862745 0.42352942 0.21176471 0.08235294 0.46666667 0.7647059 0.7411765 0.29803923 0.09803922 0.23921569 0.4509804 0.7176471 0.69803923 0.69411767 0.69803923 0.69803923 0.69803923 0.69803923 0.7058824 0.69803923 0.67058825 0.6627451 0.67058825
0.6431373 0.64705884 0.6627451 0.6627451 0.6784314 0.65882355 0.65882355 0.67058825 0.6901961 0.69411767 0.46666667 0.23921569 0.07450981 0.28627452 0.79607844 0.7372549 0.1882353 0.11764706 0.20784314 0.42352942 0.7411765 0.7176471 0.70980394 0.72156864 0.7254902 0.7176471 0.7019608 0.7058824 0.7019608 0.7176471 0.73333335 0.72156864
0.654902 0.6431373 0.68235296 0.6862745 0.6745098 0.654902 0.67058825 0.68235296 0.6627451 0.6901961 0.47058824 0.18039216 0.22352941 0.34509805 0.6313726 0.5764706 0.3019608 0.3254902 0.21176471 0.39215687 0.70980394 0.69803923 0.69411767 0.7176471 0.7176471 0.7019608 0.69803923 0.7490196 0.80784315 0.85490197 0.8509804 0.8235294
0.6862745 0.6784314 0.6862745 0.68235296 0.6745098 0.6784314 0.70980394 0.7058824 0.6627451 0.69411767 0.52156866 0.23529412 0.5176471 0.49019608 0.40392157 0.4117647 0.49803922 0.5568628 0.30588236 0.5019608 0.76862746 0.68235296 0.6784314 0.69411767 0.69411767 0.7490196 0.827451 0.85490197 0.87058824 0.8745098 0.8509804 0.8392157
0.70980394 0.6862745 0.69411767 0.6862745 0.68235296 0.69411767 0.7176471 0.7058824 0.68235296 0.6784314 0.61960787 0.39607844 0.53333336 0.43529412 0.34509805 0.34901962 0.4117647 0.52156866 0.52156866 0.6862745 0.9098039 0.7921569 0.7607843 0.7490196 0.77254903 0.8509804 0.8745098 0.8666667 0.8666667 0.8627451 0.85490197 0.84705883
0.7019608 0.6784314 0.70980394 0.7058824 0.69411767 0.72156864 0.72156864 0.7019608 0.6862745 0.63529414 0.67058825 0.54509807 0.40784314 0.34901962 0.34117648 0.3529412 0.34901962 0.39215687 0.56078434 0.76862746 0.91764706 0.827451 0.8039216 0.85490197 0.8901961 0.89411765 0.89411765 0.89411765 0.88235295 0.8745098 0.8745098 0.88235295
0.68235296 0.68235296 0.70980394 0.6862745 0.68235296 0.7254902 0.7176471 0.72156864 0.6745098 0.61960787 0.7019608 0.4862745 0.29411766 0.40784314 0.3137255 0.3137255 0.43529412 0.35686275 0.48235294 0.78431374 0.88235295 0.7882353 0.8 0.8745098 0.9098039 0.92156863 0.9254902 0.9137255 0.8980392 0.8862745 0.8862745 0.89411765
0.64705884 0.6862745 0.7019608 0.6745098 0.67058825 0.6901961 0.69803923 0.70980394 0.6117647 0.6 0.7058824 0.5254902 0.36862746 0.3882353 0.23921569 0.23137255 0.34509805 0.38039216 0.5803922 0.827451 0.84313726 0.8 0.85882354 0.90588236 0.9019608 0.9098039 0.92156863 0.91764706 0.8980392 0.8980392 0.8901961 0.89411765
0.68235296 0.6901961 0.6509804 0.6509804 0.6509804 0.64705884 0.6509804 0.63529414 0.48235294 0.5568628 0.6666667 0.5803922 0.3764706 0.28627452 0.16078432 0.18039216 0.3137255 0.42352942 0.6509804 0.83137256 0.8156863 0.83137256 0.8784314 0.88235295 0.8627451 0.88235295 0.9137255 0.9098039 0.89411765 0.89411765 0.88235295 0.8980392
0.78039217 0.7490196 0.64705884 0.6313726 0.654902 0.6156863 0.59607846 0.5372549 0.38431373 0.4627451 0.6039216 0.5882353 0.44705883 0.30980393 0.15294118 0.18431373 0.4117647 0.5568628 0.72156864 0.80784315 0.79607844 0.84705883 0.8509804 0.81960785 0.78039217 0.8352941 0.90588236 0.89411765 0.88235295 0.8862745 0.8862745 0.9019608
0.7411765 0.7411765 0.69411767 0.6666667 0.7176471 0.68235296 0.5686275 0.47843137 0.39215687 0.3764706 0.5137255 0.63529414 0.6 0.43529412 0.15686275 0.20392157 0.5372549 0.7019608 0.8039216 0.78039217 0.78039217 0.83137256 0.80784315 0.76862746 0.7254902 0.8039216 0.9019608 0.88235295 0.85882354 0.8784314 0.8901961 0.8862745
0.68235296 0.69411767 0.67058825 0.5647059 0.5803922 0.627451 0.50980395 0.4 0.3529412 0.3647059 0.45882353 0.5529412 0.627451 0.57254905 0.2901961 0.31764707 0.64705884 0.76862746 0.8235294 0.75686276 0.76862746 0.80784315 0.75686276 0.73333335 0.7411765 0.80784315 0.8901961 0.87058824 0.84313726 0.87058824 0.87058824 0.85882354
0.6901961 0.6862745 0.65882355 0.49019608 0.44705883 0.45490196 0.44313726 0.3647059 0.36862746 0.4745098 0.5568628 0.4627451 0.57254905 0.58431375 0.4862745 0.5019608 0.69803923 0.7882353 0.8 0.75686276 0.78431374 0.78431374 0.7254902 0.7490196 0.7882353 0.8156863 0.8784314 0.85882354 0.84313726 0.8509804 0.84705883 0.84705883
0.7058824 0.69803923 0.6666667 0.5254902 0.5176471 0.5176471 0.40784314 0.39215687 0.48235294 0.5176471 0.6117647 0.47843137 0.53333336 0.58431375 0.64705884 0.7254902 0.7882353 0.8 0.7921569 0.77254903 0.8039216 0.76862746 0.7176471 0.76862746 0.8 0.81960785 0.8627451 0.85882354 0.8509804 0.8235294 0.84313726 0.8509804
0.6784314 0.60784316 0.5529412 0.4862745 0.47058824 0.50980395 0.40784314 0.43137255 0.5058824 0.40784314 0.43529412 0.41568628 0.5529412 0.7058824 0.7058824 0.7411765 0.7921569 0.8039216 0.78039217 0.7764706 0.8039216 0.74509805 0.70980394 0.77254903 0.8 0.80784315 0.8352941 0.85490197 0.84313726 0.79607844 0.8235294 0.84705883
0.6156863 0.42352942 0.39607844 0.42745098 0.4 0.43529412 0.36862746 0.36862746 0.49411765 0.45490196 0.4509804 0.4862745 0.6156863 0.7607843 0.7019608 0.6901961 0.7764706 0.8039216 0.7647059 0.7647059 0.78039217 0.7019608 0.7019608 0.77254903 0.8156863 0.79607844 0.8235294 0.8509804 0.81960785 0.7921569 0.81960785 0.8352941
0.45882353 0.2627451 0.2901961 0.3529412 0.31764707 0.39215687 0.3882353 0.37254903 0.4627451 0.45882353 0.5372549 0.58431375 0.64705884 0.7058824 0.7372549 0.7294118 0.77254903 0.8117647 0.7764706 0.77254903 0.7372549 0.69411767 0.7254902 0.75686276 0.7529412 0.7607843 0.8039216 0.83137256 0.79607844 0.80784315 0.8352941 0.8117647
0.32156864 0.2509804 0.29803923 0.31764707 0.27058825 0.36862746 0.44313726 0.39215687 0.40392157 0.5411765 0.6117647 0.6313726 0.6627451 0.6862745 0.7254902 0.7411765 0.75686276 0.8 0.8 0.80784315 0.7294118 0.7058824 0.7372549 0.6666667 0.64705884 0.74509805 0.7921569 0.80784315 0.7921569 0.81960785 0.827451 0.79607844
0.28235295 0.2901961 0.32156864 0.3137255 0.28235295 0.3254902 0.43529412 0.4509804 0.48235294 0.50980395 0.5647059 0.6666667 0.67058825 0.72156864 0.7137255 0.72156864 0.7137255 0.7607843 0.78039217 0.78431374 0.7058824 0.72156864 0.69411767 0.58431375 0.6784314 0.8117647 0.79607844 0.8 0.7882353 0.81960785 0.80784315 0.78039217
0.2901961 0.32941177 0.3647059 0.3372549 0.2784314 0.28627452 0.34117648 0.37254903 0.4117647 0.3764706 0.4627451 0.60784316 0.627451 0.6745098 0.67058825 0.6901961 0.6784314 0.7137255 0.78039217 0.76862746 0.75686276 0.75686276 0.63529414 0.5647059 0.7411765 0.85882354 0.8 0.78431374 0.78039217 0.8117647 0.7921569 0.77254903
0.3372549 0.34901962 0.35686275 0.35686275 0.26666668 0.26666668 0.31764707 0.3254902 0.3647059 0.38039216 0.3882353 0.4862745 0.59607846 0.6392157 0.56078434 0.5764706 0.654902 0.5764706 0.5921569 0.73333335 0.79607844 0.70980394 0.654902 0.6392157 0.77254903 0.84313726 0.7764706 0.76862746 0.77254903 0.8117647 0.7882353 0.77254903
0.4117647 0.34117648 0.31764707 0.32156864 0.27058825 0.24313726 0.2901961 0.3254902 0.40784314 0.43529412 0.36862746 0.44313726 0.5803922 0.64705884 0.60784316 0.49019608 0.6392157 0.49411765 0.28235295 0.6313726 0.77254903 0.6901961 0.7254902 0.5294118 0.6627451 0.7764706 0.72156864 0.74509805 0.7490196 0.79607844 0.78431374 0.78431374
0.6509804 0.5568628 0.52156866 0.47058824 0.41568628 0.34901962 0.32156864 0.34117648 0.40392157 0.44313726 0.44313726 0.5019608 0.5686275 0.60784316 0.6901961 0.61960787 0.62352943 0.5019608 0.3372549 0.57254905 0.5529412 0.58431375 0.6 0.27058825 0.36078432 0.5411765 0.5568628 0.59607846 0.6745098 0.72156864 0.74509805 0.8156863
0.80784315 0.7607843 0.7254902 0.68235296 0.6156863 0.54509807 0.5058824 0.49411765 0.5019608 0.5176471 0.54509807 0.59607846 0.6509804 0.7254902 0.7529412 0.74509805 0.7019608 0.58431375 0.5529412 0.5803922 0.4862745 0.50980395 0.5921569 0.47058824 0.44313726 0.45882353 0.45490196 0.45882353 0.50980395 0.5254902 0.6117647 0.6509804
0.84705883 0.8392157 0.83137256 0.8392157 0.8352941 0.8117647 0.827451 0.80784315 0.78431374 0.7647059 0.75686276 0.7764706 0.78431374 0.827451 0.8235294 0.8156863 0.76862746 0.7058824 0.69411767 0.69411767 0.6745098 0.6392157 0.654902 0.68235296 0.7019608 0.69411767 0.6392157 0.6 0.5647059 0.56078434 0.5882353 0.5647059
0.75686276 0.7529412 0.77254903 0.78431374 0.80784315 0.83137256 0.87058824 0.8627451 0.88235295 0.87058824 0.89411765 0.92941177 0.92941177 0.92941177 0.9254902 0.92941177 0.9137255 0.8745098 0.8666667 0.8509804 0.827451 0.7921569 0.8039216 0.8509804 0.83137256 0.83137256 0.8 0.76862746 0.74509805 0.72156864 0.7019608 0.68235296
0.88235295 0.87058824 0.8745098 0.87058824 0.85882354 0.85490197 0.84313726 0.83137256 0.8352941 0.8235294 0.84705883 0.8627451 0.87058824 0.8901961 0.8862745 0.89411765 0.8980392 0.9019608 0.9098039 0.9098039 0.9254902 0.92941177 0.93333334 0.92156863 0.93333334 0.9411765 0.9490196 0.92941177 0.9098039 0.90588236 0.8901961 0.84313726
0.89411765 0.9019608 0.9137255 0.92156863 0.93333334 0.9372549 0.9411765 0.9411765 0.9372549 0.93333334 0.92941177 0.92156863 0.9137255 0.90588236 0.88235295 0.88235295 0.8666667 0.8627451 0.8666667 0.85882354 0.8627451 0.87058824 0.88235295 0.8745098 0.8666667 0.8784314 0.8862745 0.8784314 0.8745098 0.8901961 0.9098039 0.89411765
0.7294118 0.7058824 0.69803923 0.69411767 0.6862745 0.68235296 0.67058825 0.65882355 0.63529414 0.627451 0.6313726 0.63529414 0.5647059 0.5686275 0.56078434 0.5568628 0.5764706 0.58431375 0.5529412 0.5803922 0.5568628 0.5529412 0.5019608 0.4509804 0.43529412 0.41960785 0.40784314 0.40392157 0.40392157 0.38431373 0.4117647 0.45882353
0.3882353 0.36862746 0.3882353 0.4 0.39215687 0.3764706 0.3882353 0.39607844 0.37254903 0.40392157 0.35686275 0.36078432 0.43137255 0.40784314 0.39607844 0.3882353 0.41960785 0.33333334 0.24313726 0.41960785 0.4117647 0.41960785 0.43137255 0.42352942 0.41960785 0.4 0.3882353 0.38039216 0.38039216 0.34901962 0.35686275 0.36862746
0.3254902 0.3137255 0.3254902 0.36078432 0.3647059 0.33333334 0.3529412 0.3882353 0.4 0.43137255 0.26666668 0.13725491 0.38039216 0.47843137 0.44313726 0.43137255 0.38431373 0.16470589 0.18039216 0.34509805 0.41568628 0.42745098 0.43529412 0.43137255 0.43529412 0.41568628 0.40392157 0.39607844 0.39607844 0.39215687 0.3882353 0.38039216
0.34509805 0.33333334 0.32941177 0.34117648 0.3529412 0.36862746 0.37254903 0.39215687 0.41568628 0.4392157 0.29411766 0.12941177 0.12156863 0.41568628 0.41568628 0.43529412 0.29803923 0.105882354 0.21960784 0.30980393 0.43529412 0.41960785 0.41960785 0.41568628 0.41960785 0.40784314 0.40784314 0.4117647 0.4117647 0.41960785 0.4 0.40784314
0.36078432 0.35686275 0.3372549 0.33333334 0.35686275 0.36078432 0.34509805 0.3647059 0.3882353 0.40392157 0.27058825 0.1882353 0.039215688 0.30980393 0.5647059 0.5803922 0.22745098 0.09411765 0.20784314 0.28235295 0.4392157 0.40392157 0.39215687 0.39607844 0.39215687 0.38039216 0.38039216 0.39215687 0.39607844 0.40784314 0.4 0.40784314
0.3882353 0.36862746 0.35686275 0.3529412 0.38039216 0.36862746 0.3529412 0.36078432 0.3882353 0.4117647 0.2784314 0.21960784 0.07058824 0.23137255 0.72156864 0.6784314 0.16078432 0.105882354 0.15686275 0.26666668 0.48235294 0.4117647 0.38431373 0.4 0.38431373 0.3647059 0.37254903 0.4117647 0.44705883 0.50980395 0.5294118 0.5137255
0.3882353 0.35686275 0.36862746 0.3764706 0.3882353 0.3764706 0.36862746 0.36862746 0.3882353 0.44313726 0.29803923 0.18039216 0.2 0.3137255 0.59607846 0.5372549 0.26666668 0.3019608 0.16470589 0.27450982 0.48235294 0.40392157 0.36862746 0.3882353 0.39607844 0.40392157 0.4509804 0.5647059 0.6784314 0.7764706 0.77254903 0.74509805
0.36078432 0.3647059 0.3647059 0.36862746 0.3764706 0.38431373 0.39215687 0.3882353 0.39215687 0.4509804 0.34117648 0.22745098 0.49411765 0.45882353 0.3647059 0.36862746 0.44705883 0.5137255 0.25490198 0.4117647 0.59607846 0.4392157 0.39215687 0.3882353 0.44705883 0.5921569 0.7176471 0.79607844 0.84313726 0.85882354 0.8392157 0.827451
0.3372549 0.34117648 0.35686275 0.35686275 0.3647059 0.36862746 0.38039216 0.37254903 0.40392157 0.42352942 0.4117647 0.3529412 0.5137255 0.40392157 0.3137255 0.3137255 0.34901962 0.4627451 0.4745098 0.6313726 0.827451 0.654902 0.5764706 0.54509807 0.61960787 0.7764706 0.8352941 0.8666667 0.8784314 0.8666667 0.85490197 0.84705883
0.3254902 0.31764707 0.3529412 0.36078432 0.3529412 0.36862746 0.3529412 0.34117648 0.38431373 0.3529412 0.42745098 0.46666667 0.39215687 0.32941177 0.31764707 0.32156864 0.29803923 0.32941177 0.5137255 0.73333335 0.8980392 0.78431374 0.72156864 0.76862746 0.8235294 0.84705883 0.8627451 0.8862745 0.8784314 0.8509804 0.8509804 0.85882354
0.3254902 0.31764707 0.32941177 0.30980393 0.3137255 0.34117648 0.31764707 0.3254902 0.3372549 0.3019608 0.41568628 0.36862746 0.2784314 0.39215687 0.29411766 0.2901961 0.4 0.30588236 0.42745098 0.7529412 0.8627451 0.7529412 0.7529412 0.84705883 0.89411765 0.9019608 0.9098039 0.90588236 0.8862745 0.87058824 0.87058824 0.8784314
0.34901962 0.36078432 0.3254902 0.32156864 0.32156864 0.3137255 0.3137255 0.34117648 0.29411766 0.29411766 0.40392157 0.3647059 0.34509805 0.3764706 0.21960784 0.20392157 0.31764707 0.33333334 0.52156866 0.78431374 0.79607844 0.7372549 0.79607844 0.87058824 0.8862745 0.9019608 0.91764706 0.9137255 0.8980392 0.9019608 0.8980392 0.9019608
0.4627451 0.41960785 0.30588236 0.3529412 0.36862746 0.3137255 0.3254902 0.3529412 0.25882354 0.3254902 0.39607844 0.3882353 0.3372549 0.28235295 0.15686275 0.15686275 0.27450982 0.37254903 0.5921569 0.76862746 0.75686276 0.7764706 0.8235294 0.83137256 0.81960785 0.8509804 0.8901961 0.89411765 0.8862745 0.88235295 0.8784314 0.90588236
0.5529412 0.46666667 0.29803923 0.34117648 0.38431373 0.30588236 0.3019608 0.29411766 0.21568628 0.28627452 0.36862746 0.40392157 0.3529412 0.27058825 0.14901961 0.1764706 0.37254903 0.5058824 0.6627451 0.74509805 0.7372549 0.79607844 0.79607844 0.7647059 0.7254902 0.7921569 0.8745098 0.87058824 0.8627451 0.8627451 0.8745098 0.9019608
0.47843137 0.42745098 0.34509805 0.39215687 0.47843137 0.41960785 0.31764707 0.27058825 0.2627451 0.24313726 0.3254902 0.4627451 0.4392157 0.3372549 0.13333334 0.20784314 0.5058824 0.6509804 0.7490196 0.72156864 0.72156864 0.7764706 0.7529412 0.7137255 0.67058825 0.7529412 0.85882354 0.85490197 0.8352941 0.8509804 0.87058824 0.88235295
0.39215687 0.35686275 0.34117648 0.33333334 0.39607844 0.43529412 0.32156864 0.22745098 0.23529412 0.2509804 0.2901961 0.3882353 0.4117647 0.41960785 0.23137255 0.30588236 0.6156863 0.7254902 0.76862746 0.69803923 0.7137255 0.7529412 0.7019608 0.6784314 0.6862745 0.7490196 0.84313726 0.83137256 0.8117647 0.8392157 0.84705883 0.84313726
0.3882353 0.34509805 0.36862746 0.30588236 0.30980393 0.31764707 0.29411766 0.19607843 0.23137255 0.3529412 0.39215687 0.29803923 0.3372549 0.40392157 0.39215687 0.45882353 0.6627451 0.7411765 0.7490196 0.69803923 0.7294118 0.73333335 0.67058825 0.69411767 0.7254902 0.7529412 0.827451 0.8117647 0.8039216 0.8117647 0.81960785 0.8235294
0.39607844 0.36862746 0.4117647 0.36078432 0.39607844 0.40392157 0.2784314 0.22352941 0.31764707 0.3764706 0.4392157 0.30588236 0.29411766 0.38431373 0.5137255 0.6509804 0.7411765 0.75686276 0.7411765 0.7176471 0.7490196 0.7137255 0.65882355 0.7137255 0.7411765 0.7529412 0.8039216 0.80784315 0.80784315 0.78431374 0.80784315 0.8235294
0.38039216 0.33333334 0.3254902 0.30980393 0.3372549 0.40784314 0.30980393 0.29411766 0.34117648 0.25490198 0.26666668 0.23137255 0.34117648 0.4627451 0.5176471 0.65882355 0.74509805 0.74509805 0.7137255 0.72156864 0.7372549 0.6745098 0.6509804 0.7176471 0.7490196 0.7529412 0.7882353 0.80784315 0.8039216 0.7764706 0.8039216 0.8235294
0.36862746 0.22745098 0.23529412 0.28235295 0.2784314 0.33333334 0.26666668 0.23529412 0.32941177 0.30588236 0.29803923 0.30980393 0.40392157 0.48235294 0.45882353 0.5686275 0.7254902 0.7529412 0.7019608 0.69803923 0.7058824 0.6313726 0.6431373 0.7254902 0.77254903 0.7529412 0.78039217 0.80784315 0.78431374 0.78039217 0.8039216 0.80784315
0.28235295 0.14117648 0.21176471 0.2627451 0.21568628 0.2901961 0.26666668 0.21568628 0.29803923 0.32156864 0.39607844 0.42352942 0.41960785 0.40784314 0.4509804 0.5372549 0.7019608 0.76862746 0.72156864 0.69803923 0.6627451 0.627451 0.67058825 0.70980394 0.7137255 0.72156864 0.76862746 0.7921569 0.7647059 0.7921569 0.8117647 0.78039217
0.1882353 0.17254902 0.2509804 0.25490198 0.19215687 0.27058825 0.30980393 0.22745098 0.24705882 0.4117647 0.4862745 0.47843137 0.43137255 0.3882353 0.41568628 0.49411765 0.654902 0.7607843 0.7607843 0.74509805 0.654902 0.64705884 0.6862745 0.62352943 0.6117647 0.7137255 0.7607843 0.7764706 0.7647059 0.8 0.8 0.75686276
0.1764706 0.20392157 0.24313726 0.23529412 0.20392157 0.23529412 0.30980393 0.29803923 0.34117648 0.3882353 0.43137255 0.5058824 0.4627451 0.4509804 0.41960785 0.45490196 0.57254905 0.7058824 0.7607843 0.7529412 0.6509804 0.6666667 0.64705884 0.54509807 0.64705884 0.78431374 0.76862746 0.77254903 0.7647059 0.7921569 0.77254903 0.73333335
0.20392157 0.23529412 0.2509804 0.23137255 0.19607843 0.2 0.23529412 0.24705882 0.28627452 0.25882354 0.31764707 0.43529412 0.44705883 0.4392157 0.40392157 0.43529412 0.49803922 0.63529414 0.7764706 0.77254903 0.7176471 0.7058824 0.5921569 0.53333336 0.7137255 0.83137256 0.77254903 0.75686276 0.7529412 0.78039217 0.7490196 0.72156864
0.25882354 0.25490198 0.23921569 0.2509804 0.17254902 0.1764706 0.21960784 0.20392157 0.21960784 0.23529412 0.23137255 0.30588236 0.4 0.41960785 0.33333334 0.34901962 0.45490196 0.46666667 0.57254905 0.7372549 0.77254903 0.67058825 0.6156863 0.627451 0.76862746 0.827451 0.7647059 0.75686276 0.7529412 0.76862746 0.7372549 0.7254902
0.34509805 0.25490198 0.22352941 0.22745098 0.1764706 0.14901961 0.19607843 0.20784314 0.25490198 0.2784314 0.21960784 0.28235295 0.38431373 0.45490196 0.42352942 0.30588236 0.4509804 0.37254903 0.23921569 0.6156863 0.7490196 0.6509804 0.6862745 0.5254902 0.6745098 0.77254903 0.7176471 0.7411765 0.7372549 0.7490196 0.7372549 0.7490196
0.6 0.49019608 0.4509804 0.39607844 0.33333334 0.26666668 0.23529412 0.24313726 0.28627452 0.3254902 0.32156864 0.38039216 0.4392157 0.47843137 0.5686275 0.5019608 0.49803922 0.41568628 0.29803923 0.5411765 0.50980395 0.5254902 0.5372549 0.23921569 0.34901962 0.52156866 0.5411765 0.5764706 0.6509804 0.6862745 0.70980394 0.7882353
0.7764706 0.7176471 0.68235296 0.63529414 0.56078434 0.48235294 0.4392157 0.42352942 0.42352942 0.4392157 0.47058824 0.52156866 0.5921569 0.6666667 0.7019608 0.69411767 0.63529414 0.53333336 0.52156866 0.54901963 0.4392157 0.44313726 0.5176471 0.41960785 0.41568628 0.43529412 0.43137255 0.43529412 0.48235294 0.49411765 0.58431375 0.62352943
0.83137256 0.8156863 0.80784315 0.81960785 0.80784315 0.7764706 0.78431374 0.7607843 0.74509805 0.7254902 0.7176471 0.7411765 0.7647059 0.8117647 0.80784315 0.8 0.7411765 0.6784314 0.6784314 0.6745098 0.6431373 0.58431375 0.5882353 0.6313726 0.67058825 0.67058825 0.6156863 0.57254905 0.5372549 0.5294118 0.5568628 0.53333336
0.7490196 0.74509805 0.76862746 0.7921569 0.8117647 0.8235294 0.84705883 0.84313726 0.8745098 0.85882354 0.8862745 0.91764706 0.9254902 0.9254902 0.92156863 0.9254902 0.8980392 0.8627451 0.8666667 0.8627451 0.827451 0.7647059 0.75686276 0.81960785 0.8117647 0.8 0.76862746 0.7372549 0.70980394 0.6784314 0.654902 0.63529414
0.8745098 0.8666667 0.8784314 0.8784314 0.87058824 0.85882354 0.8352941 0.827451 0.8352941 0.8235294 0.84705883 0.8627451 0.8745098 0.8862745 0.88235295 0.8862745 0.8862745 0.8901961 0.9098039 0.9254902 0.9372549 0.91764706 0.90588236 0.90588236 0.92156863 0.92156863 0.9254902 0.90588236 0.88235295 0.87058824 0.85490197 0.80784315
0.89411765 0.90588236 0.9098039 0.92156863 0.9372549 0.9411765 0.94509804 0.9411765 0.93333334 0.9254902 0.92156863 0.91764706 0.91764706 0.9098039 0.8745098 0.8666667 0.85882354 0.85882354 0.8666667 0.85882354 0.8627451 0.85882354 0.8666667 0.8627451 0.8627451 0.8745098 0.8784314 0.8627451 0.8627451 0.8745098 0.8980392 0.8901961
31 1 1
17 0 2
23 0 0
7 31 1
17 31 1
5 31 1
5 0 2
25 31 2
15 0 1
11 0 0
