32, 32, 3, 10
0.41568628 0.3529412 0.34117648 0.3647059 0.3529412 0.3372549 0.32156864 0.34117648 0.39607844 0.3254902 0.25882354 0.32156864 0.40392157 0.40392157 0.40784314 0.4627451 0.41568628 0.3254902 0.30980393 0.31764707 0.30980393 0.22745098 0.3019608 0.40392157 0.39215687 0.40784314 0.38431373 0.28627452 0.21960784 0.26666668 0.3019608 0.26666668
0.42352942 0.38431373 0.36078432 0.38039216 0.3647059 0.34509805 0.2901961 0.32941177 0.42352942 0.3764706 0.28627452 0.28235295 0.40784314 0.45490196 0.49411765 0.50980395 0.41568628 0.32941177 0.34117648 0.39215687 0.3647059 0.29803923 0.30980393 0.34117648 0.35686275 0.3529412 0.34901962 0.3372549 0.3254902 0.32941177 0.27450982 0.21568628
0.40392157 0.38039216 0.38431373 0.4 0.35686275 0.34117648 0.2901961 0.26666668 0.40784314 0.43529412 0.36862746 0.35686275 0.38039216 0.41960785 0.4745098 0.39215687 0.3372549 0.40392157 0.44705883 0.47058824 0.4 0.3254902 0.38431373 0.42745098 0.3882353 0.3019608 0.2784314 0.33333334 0.33333334 0.2784314 0.25882354 0.25882354
0.43529412 0.39215687 0.3882353 0.38039216 0.36078432 0.34509805 0.30980393 0.2509804 0.36078432 0.39607844 0.32941177 0.3372549 0.3764706 0.4745098 0.5019608 0.43529412 0.3764706 0.4117647 0.42352942 0.3882353 0.29411766 0.23137255 0.35686275 0.4745098 0.49411765 0.4862745 0.43137255 0.4 0.35686275 0.3137255 0.38431373 0.44313726
0.41960785 0.37254903 0.32941177 0.32156864 0.3372549 0.33333334 0.3019608 0.28627452 0.3529412 0.39215687 0.38039216 0.3647059 0.3882353 0.49019608 0.5019608 0.42745098 0.3764706 0.46666667 0.49803922 0.35686275 0.28627452 0.27450982 0.4 0.49803922 0.47058824 0.42352942 0.38039216 0.34901962 0.32941177 0.32156864 0.33333334 0.3647059
0.40392157 0.3647059 0.34117648 0.3529412 0.3882353 0.38431373 0.3019608 0.26666668 0.33333334 0.39215687 0.4 0.38431373 0.4117647 0.48235294 0.48235294 0.43137255 0.39607844 0.58431375 0.5411765 0.34509805 0.24705882 0.21568628 0.40392157 0.5176471 0.4509804 0.3647059 0.38431373 0.39215687 0.34901962 0.3137255 0.30980393 0.29411766
0.40784314 0.4 0.43137255 0.44313726 0.41960785 0.35686275 0.2627451 0.2509804 0.34509805 0.3647059 0.3254902 0.4509804 0.62352943 0.69411767 0.7058824 0.6039216 0.5411765 0.59607846 0.5058824 0.34901962 0.24313726 0.2901961 0.4 0.4392157 0.47058824 0.4392157 0.39215687 0.36862746 0.32156864 0.27450982 0.25490198 0.26666668
0.42745098 0.44313726 0.4862745 0.54509807 0.4627451 0.36078432 0.27058825 0.27058825 0.4 0.40392157 0.4392157 0.627451 0.7764706 0.8235294 0.8509804 0.7411765 0.5647059 0.5882353 0.5058824 0.4392157 0.44313726 0.49019608 0.49803922 0.45882353 0.44313726 0.40392157 0.34117648 0.2901961 0.25490198 0.23137255 0.19607843 0.23137255
0.5254902 0.50980395 0.5019608 0.5882353 0.5568628 0.4509804 0.30980393 0.21960784 0.3529412 0.44313726 0.5176471 0.7176471 0.85882354 0.85490197 0.7882353 0.6431373 0.46666667 0.44313726 0.47058824 0.47843137 0.47843137 0.5137255 0.53333336 0.52156866 0.5137255 0.45882353 0.40784314 0.4 0.38039216 0.37254903 0.39215687 0.38039216
0.5372549 0.50980395 0.52156866 0.5568628 0.5294118 0.44313726 0.34117648 0.21568628 0.2627451 0.4117647 0.47058824 0.6666667 0.87058824 0.8666667 0.72156864 0.43529412 0.37254903 0.39607844 0.49803922 0.54509807 0.50980395 0.5019608 0.47843137 0.44313726 0.47058824 0.4862745 0.45882353 0.43137255 0.49803922 0.54509807 0.5803922 0.5568628
0.3529412 0.4117647 0.44313726 0.44313726 0.5019608 0.48235294 0.37254903 0.27450982 0.21176471 0.3647059 0.5529412 0.7058824 0.8980392 0.9372549 0.85882354 0.654902 0.49411765 0.45882353 0.5372549 0.5137255 0.5019608 0.48235294 0.45490196 0.44313726 0.42745098 0.42745098 0.4509804 0.4509804 0.6039216 0.61960787 0.5686275 0.54901963
0.39215687 0.42745098 0.4509804 0.4627451 0.4509804 0.42745098 0.34901962 0.34509805 0.25490198 0.2 0.38039216 0.65882355 0.7764706 0.8 0.78039217 0.60784316 0.49411765 0.34117648 0.35686275 0.3372549 0.34117648 0.37254903 0.39607844 0.43529412 0.46666667 0.45490196 0.43137255 0.4745098 0.54509807 0.5176471 0.47843137 0.39607844
0.4745098 0.4509804 0.4627451 0.43529412 0.36862746 0.36078432 0.33333334 0.3254902 0.3137255 0.29411766 0.36862746 0.44705883 0.3137255 0.30588236 0.4 0.4509804 0.4862745 0.3882353 0.3019608 0.30980393 0.3019608 0.27058825 0.30980393 0.34509805 0.3529412 0.35686275 0.34901962 0.43529412 0.49019608 0.47843137 0.4627451 0.4117647
0.47843137 0.4509804 0.46666667 0.40784314 0.4 0.35686275 0.26666668 0.21960784 0.27058825 0.37254903 0.42745098 0.5058824 0.38039216 0.30588236 0.40784314 0.48235294 0.4862745 0.43137255 0.29411766 0.28235295 0.2901961 0.27058825 0.27058825 0.29411766 0.3019608 0.29803923 0.35686275 0.44313726 0.49411765 0.5176471 0.5176471 0.45882353
0.4745098 0.4745098 0.5176471 0.49019608 0.42745098 0.34901962 0.28627452 0.21960784 0.24705882 0.39607844 0.4745098 0.5176471 0.54509807 0.49411765 0.48235294 0.5568628 0.54901963 0.45882353 0.34117648 0.33333334 0.39607844 0.40784314 0.41960785 0.4627451 0.4745098 0.47058824 0.49019608 0.47843137 0.5411765 0.627451 0.58431375 0.48235294
0.5137255 0.5803922 0.6156863 0.5764706 0.4627451 0.36862746 0.3529412 0.3137255 0.2901961 0.42352942 0.5176471 0.45882353 0.52156866 0.42745098 0.45490196 0.5803922 0.6901961 0.7019608 0.67058825 0.69803923 0.65882355 0.61960787 0.7176471 0.8 0.80784315 0.81960785 0.827451 0.8 0.7882353 0.7137255 0.58431375 0.5372549
0.5019608 0.6509804 0.6784314 0.60784316 0.48235294 0.40784314 0.39607844 0.35686275 0.31764707 0.4117647 0.5254902 0.45882353 0.4862745 0.3764706 0.36078432 0.4745098 0.6666667 0.76862746 0.7607843 0.7529412 0.62352943 0.5176471 0.627451 0.78039217 0.8117647 0.7921569 0.84705883 0.89411765 0.89411765 0.8 0.6313726 0.5176471
0.42352942 0.50980395 0.54509807 0.5529412 0.5019608 0.42745098 0.36862746 0.3529412 0.34117648 0.4392157 0.6156863 0.54901963 0.5176471 0.44705883 0.39215687 0.43137255 0.5294118 0.6117647 0.61960787 0.6431373 0.5764706 0.45490196 0.4627451 0.59607846 0.5882353 0.5529412 0.65882355 0.77254903 0.81960785 0.8352941 0.7647059 0.63529414
0.38039216 0.38039216 0.3764706 0.44313726 0.49019608 0.47058824 0.4117647 0.3882353 0.3882353 0.4392157 0.5803922 0.5686275 0.5254902 0.4117647 0.3529412 0.3882353 0.43529412 0.49803922 0.5294118 0.5921569 0.56078434 0.50980395 0.4392157 0.5019608 0.5254902 0.46666667 0.50980395 0.6431373 0.6901961 0.7254902 0.7411765 0.6901961
0.37254903 0.34117648 0.34901962 0.43529412 0.5019608 0.46666667 0.45882353 0.44313726 0.4392157 0.46666667 0.5254902 0.53333336 0.49411765 0.42745098 0.35686275 0.35686275 0.4 0.5019608 0.58431375 0.5529412 0.46666667 0.4627451 0.46666667 0.5176471 0.5882353 0.58431375 0.5686275 0.5803922 0.5921569 0.61960787 0.67058825 0.7058824
0.34117648 0.35686275 0.44313726 0.5254902 0.5254902 0.44313726 0.40392157 0.4117647 0.4 0.3882353 0.49019608 0.5411765 0.45490196 0.42352942 0.40392157 0.42352942 0.47058824 0.49803922 0.53333336 0.53333336 0.5058824 0.5019608 0.5294118 0.5372549 0.5372549 0.5882353 0.5568628 0.4862745 0.5058824 0.50980395 0.4862745 0.5019608
0.36862746 0.34509805 0.41568628 0.5019608 0.50980395 0.40784314 0.41960785 0.4745098 0.46666667 0.4392157 0.45490196 0.46666667 0.45882353 0.4509804 0.37254903 0.3882353 0.40392157 0.42352942 0.44313726 0.46666667 0.47843137 0.49411765 0.5058824 0.4627451 0.45490196 0.46666667 0.5137255 0.5803922 0.56078434 0.49411765 0.40784314 0.3529412
0.41960785 0.37254903 0.35686275 0.34509805 0.43529412 0.50980395 0.5882353 0.59607846 0.5294118 0.47058824 0.45882353 0.47843137 0.5176471 0.5137255 0.4 0.3372549 0.29411766 0.30588236 0.34901962 0.38039216 0.4 0.40392157 0.39215687 0.37254903 0.43137255 0.4627451 0.46666667 0.5686275 0.5568628 0.47843137 0.54901963 0.4627451
0.3764706 0.31764707 0.32156864 0.3372549 0.40392157 0.54901963 0.5882353 0.5411765 0.4862745 0.41960785 0.4392157 0.45490196 0.44313726 0.44705883 0.38039216 0.31764707 0.26666668 0.23137255 0.30588236 0.3882353 0.39215687 0.3764706 0.30980393 0.27058825 0.34901962 0.3882353 0.31764707 0.3372549 0.42745098 0.47843137 0.52156866 0.4627451
0.42352942 0.34117648 0.3019608 0.38431373 0.47843137 0.53333336 0.54901963 0.5254902 0.45882353 0.37254903 0.36862746 0.39607844 0.38431373 0.38039216 0.36862746 0.32156864 0.29411766 0.24705882 0.33333334 0.38431373 0.39607844 0.37254903 0.30588236 0.2627451 0.3137255 0.3372549 0.24705882 0.22352941 0.34117648 0.42352942 0.43529412 0.3647059
0.43529412 0.44313726 0.41568628 0.39607844 0.39607844 0.43529412 0.5058824 0.49411765 0.42745098 0.35686275 0.32941177 0.36862746 0.4 0.35686275 0.3254902 0.27450982 0.27058825 0.27450982 0.30980393 0.33333334 0.3254902 0.28627452 0.27058825 0.30588236 0.39215687 0.37254903 0.2509804 0.29411766 0.41568628 0.4745098 0.42352942 0.39607844
0.38431373 0.31764707 0.36078432 0.4745098 0.45882353 0.4392157 0.47058824 0.47058824 0.44313726 0.39215687 0.34901962 0.34117648 0.34901962 0.3254902 0.29411766 0.27058825 0.2509804 0.27450982 0.2901961 0.26666668 0.21568628 0.2 0.23529412 0.32156864 0.39215687 0.36078432 0.33333334 0.3254902 0.36078432 0.41568628 0.3882353 0.48235294
0.44313726 0.45882353 0.44313726 0.50980395 0.5411765 0.5019608 0.41568628 0.37254903 0.42352942 0.5058824 0.50980395 0.44705883 0.3764706 0.3137255 0.28235295 0.26666668 0.24313726 0.25882354 0.29803923 0.3137255 0.2901961 0.31764707 0.30588236 0.30588236 0.30588236 0.30588236 0.30980393 0.2627451 0.31764707 0.36078432 0.34901962 0.39215687
0.4392157 0.4392157 0.42352942 0.4509804 0.49019608 0.47058824 0.37254903 0.3254902 0.41568628 0.5294118 0.5764706 0.57254905 0.47843137 0.4 0.3882353 0.3764706 0.30588236 0.28235295 0.2784314 0.30980393 0.32941177 0.39215687 0.34901962 0.29803923 0.31764707 0.34509805 0.32941177 0.28627452 0.32156864 0.37254903 0.35686275 0.32156864
0.45882353 0.41568628 0.36078432 0.38431373 0.4 0.3529412 0.36078432 0.43529412 0.5294118 0.47843137 0.4117647 0.45490196 0.3882353 0.3647059 0.45490196 0.44313726 0.29411766 0.30588236 0.3019608 0.32156864 0.34509805 0.3529412 0.34509805 0.31764707 0.34509805 0.4 0.34901962 0.2901961 0.29411766 0.36862746 0.41568628 0.3647059
0.44313726 0.44313726 0.39607844 0.36862746 0.34901962 0.31764707 0.30588236 0.40392157 0.5372549 0.53333336 0.5294118 0.5647059 0.47843137 0.45490196 0.5647059 0.4392157 0.23529412 0.3647059 0.42352942 0.48235294 0.54509807 0.48235294 0.44313726 0.38431373 0.38431373 0.3647059 0.35686275 0.44313726 0.5058824 0.5764706 0.6156863 0.49803922
0.3529412 0.36078432 0.38039216 0.38039216 0.36862746 0.36862746 0.33333334 0.4117647 0.54901963 0.5686275 0.57254905 0.56078434 0.5686275 0.6509804 0.6784314 0.48235294 0.34117648 0.4509804 0.48235294 0.5568628 0.65882355 0.5411765 0.42745098 0.34117648 0.35686275 0.37254903 0.49019608 0.5882353 0.61960787 0.6509804 0.62352943 0.5294118
0.25882354 0.22745098 0.24313726 0.28627452 0.28627452 0.26666668 0.27058825 0.34117648 0.43137255 0.39215687 0.33333334 0.39215687 0.4627451 0.4627451 0.4627451 0.53333336 0.5019608 0.42352942 0.41568628 0.4117647 0.39215687 0.28627452 0.34901962 0.46666667 0.4745098 0.5058824 0.48235294 0.37254903 0.2901961 0.35686275 0.40784314 0.37254903
0.28627452 0.26666668 0.27058825 0.3019608 0.2901961 0.2627451 0.21960784 0.2901961 0.42352942 0.40392157 0.33333334 0.33333334 0.4509804 0.49803922 0.54509807 0.5764706 0.49411765 0.41960785 0.43137255 0.47058824 0.42352942 0.34509805 0.36078432 0.4117647 0.45490196 0.47058824 0.47058824 0.45490196 0.42745098 0.41568628 0.3529412 0.29411766
0.27450982 0.27058825 0.29411766 0.31764707 0.26666668 0.24705882 0.2 0.20784314 0.38431373 0.4509804 0.40784314 0.40784314 0.43137255 0.4745098 0.53333336 0.45882353 0.40392157 0.4627451 0.48235294 0.47843137 0.3764706 0.28627452 0.36862746 0.4392157 0.43137255 0.36862746 0.35686275 0.40784314 0.40392157 0.3529412 0.3372549 0.3372549
0.31764707 0.28627452 0.3019608 0.29803923 0.26666668 0.24313726 0.21176471 0.1882353 0.34117648 0.41960785 0.38431373 0.40784314 0.4509804 0.5568628 0.58431375 0.50980395 0.43529412 0.43529412 0.39215687 0.29803923 0.15294118 0.09803922 0.3019608 0.4745098 0.5294118 0.54901963 0.5137255 0.4862745 0.4392157 0.40392157 0.48235294 0.5411765
0.30980393 0.27058825 0.23137255 0.22745098 0.23921569 0.22745098 0.21176471 0.23137255 0.3372549 0.41960785 0.44313726 0.44705883 0.47058824 0.5764706 0.58431375 0.49019608 0.4 0.4392157 0.41568628 0.22352941 0.11764706 0.13333334 0.3647059 0.5176471 0.5176471 0.49803922 0.4745098 0.4509804 0.43529412 0.42352942 0.43529412 0.46666667
0.29411766 0.25490198 0.23137255 0.24313726 0.27450982 0.27450982 0.21176471 0.21176471 0.30980393 0.40392157 0.4392157 0.43529412 0.45882353 0.5254902 0.5137255 0.43529412 0.36078432 0.5019608 0.43137255 0.23137255 0.13725491 0.14509805 0.4 0.54509807 0.49803922 0.43137255 0.4627451 0.49019608 0.4509804 0.40392157 0.39607844 0.3764706
0.2901961 0.28235295 0.30980393 0.32156864 0.3019608 0.23529412 0.16078432 0.18039216 0.3019608 0.34509805 0.31764707 0.43529412 0.5921569 0.64705884 0.6392157 0.5294118 0.45490196 0.5058824 0.41568628 0.27058825 0.1882353 0.27450982 0.44313726 0.50980395 0.54901963 0.5254902 0.49019608 0.46666667 0.41960785 0.36078432 0.32941177 0.34117648
0.29411766 0.30980393 0.3529412 0.4117647 0.33333334 0.23137255 0.15686275 0.18431373 0.33333334 0.34901962 0.38431373 0.5568628 0.6784314 0.7019608 0.7058824 0.6 0.44313726 0.49803922 0.45490196 0.41960785 0.4509804 0.53333336 0.5882353 0.5647059 0.54509807 0.5058824 0.43529412 0.38039216 0.3372549 0.30980393 0.2627451 0.29803923
0.3764706 0.36078432 0.3529412 0.44313726 0.4117647 0.30980393 0.18039216 0.10980392 0.25882354 0.3647059 0.44313726 0.6313726 0.7490196 0.72156864 0.6313726 0.49019608 0.36078432 0.39607844 0.47843137 0.5254902 0.54901963 0.60784316 0.6431373 0.6313726 0.6156863 0.54901963 0.48235294 0.45882353 0.43137255 0.43529412 0.45882353 0.44313726
0.38431373 0.3529412 0.36862746 0.40392157 0.38039216 0.29803923 0.20392157 0.09019608 0.15294118 0.31764707 0.3882353 0.58431375 0.77254903 0.7529412 0.58431375 0.3019608 0.29411766 0.3882353 0.5529412 0.6392157 0.627451 0.62352943 0.5882353 0.5411765 0.56078434 0.56078434 0.5137255 0.46666667 0.5254902 0.6 0.6627451 0.627451
0.21176471 0.26666668 0.3019608 0.3019608 0.37254903 0.3647059 0.2627451 0.17254902 0.11372549 0.27450982 0.4627451 0.6156863 0.8039216 0.8392157 0.73333335 0.53333336 0.43137255 0.47058824 0.6039216 0.627451 0.6392157 0.6117647 0.54901963 0.5294118 0.5254902 0.5254902 0.53333336 0.50980395 0.64705884 0.69803923 0.6784314 0.654902
0.2509804 0.27450982 0.2901961 0.30588236 0.30980393 0.3019608 0.24705882 0.2627451 0.18039216 0.12156863 0.29411766 0.5686275 0.68235296 0.7058824 0.65882355 0.5058824 0.4745098 0.40392157 0.46666667 0.4509804 0.42745098 0.44313726 0.47843137 0.5294118 0.57254905 0.5647059 0.53333336 0.5568628 0.6156863 0.60784316 0.58431375 0.49803922
0.3529412 0.29803923 0.28627452 0.2509804 0.2 0.21960784 0.23529412 0.27058825 0.26666668 0.23137255 0.29803923 0.36078432 0.21960784 0.20784314 0.28235295 0.36862746 0.49411765 0.47843137 0.41960785 0.39215687 0.31764707 0.27058825 0.36078432 0.42745098 0.43137255 0.4392157 0.43137255 0.5176471 0.5764706 0.5686275 0.5529412 0.49803922
0.39607844 0.32156864 0.29411766 0.22352941 0.23529412 0.21960784 0.1882353 0.19607843 0.2509804 0.34117648 0.3764706 0.43529412 0.29411766 0.21176471 0.29803923 0.40392157 0.46666667 0.4627451 0.34117648 0.3019608 0.2627451 0.23529412 0.2784314 0.3137255 0.32156864 0.31764707 0.38431373 0.49411765 0.5568628 0.5921569 0.59607846 0.5372549
0.44313726 0.38039216 0.36862746 0.32156864 0.2784314 0.23921569 0.23137255 0.22352941 0.25882354 0.3882353 0.4392157 0.4627451 0.47058824 0.40784314 0.39215687 0.46666667 0.4627451 0.38039216 0.2784314 0.28627452 0.36862746 0.38431373 0.38431373 0.41568628 0.41568628 0.40784314 0.44705883 0.47058824 0.56078434 0.6901961 0.6666667 0.5686275
0.48235294 0.46666667 0.4392157 0.3764706 0.29411766 0.2509804 0.3019608 0.3254902 0.29803923 0.40392157 0.47058824 0.39607844 0.4509804 0.3529412 0.38039216 0.4862745 0.5568628 0.54509807 0.5254902 0.60784316 0.6313726 0.60784316 0.6509804 0.7019608 0.7019608 0.70980394 0.7254902 0.7137255 0.72156864 0.70980394 0.63529414 0.6156863
0.4627451 0.5294118 0.49411765 0.40392157 0.3137255 0.29411766 0.34901962 0.35686275 0.30588236 0.37254903 0.45882353 0.3764706 0.4 0.29803923 0.2784314 0.3647059 0.50980395 0.5882353 0.6 0.6509804 0.59607846 0.5137255 0.5882353 0.7137255 0.73333335 0.69803923 0.7372549 0.77254903 0.7647059 0.7294118 0.627451 0.56078434
0.41568628 0.4509804 0.43529412 0.42352942 0.39215687 0.3529412 0.33333334 0.34509805 0.3254902 0.4 0.5529412 0.46666667 0.42352942 0.34509805 0.27450982 0.29411766 0.3764706 0.4627451 0.49411765 0.57254905 0.56078434 0.4745098 0.49411765 0.6156863 0.58431375 0.5176471 0.5882353 0.6745098 0.7058824 0.7529412 0.7294118 0.6392157
0.39607844 0.3647059 0.3372549 0.38431373 0.43529412 0.43137255 0.39607844 0.3882353 0.3882353 0.42745098 0.5529412 0.5176471 0.4509804 0.3137255 0.23921569 0.27058825 0.33333334 0.4117647 0.4745098 0.5647059 0.5568628 0.53333336 0.49019608 0.5529412 0.5568628 0.4745098 0.49411765 0.6 0.6313726 0.6745098 0.70980394 0.68235296
0.3882353 0.34901962 0.34509805 0.41960785 0.4745098 0.43137255 0.44705883 0.47058824 0.48235294 0.5058824 0.54901963 0.5294118 0.4509804 0.3529412 0.2901961 0.31764707 0.38431373 0.5137255 0.60784316 0.57254905 0.47058824 0.45882353 0.4627451 0.52156866 0.6039216 0.60784316 0.59607846 0.60784316 0.61960787 0.6431373 0.69803923 0.73333335
0.34117648 0.36078432 0.44313726 0.52156866 0.50980395 0.41568628 0.4 0.4509804 0.46666667 0.45882353 0.5529412 0.5764706 0.44705883 0.38431373 0.39607844 0.4627451 0.53333336 0.5803922 0.6039216 0.5764706 0.5176471 0.4745098 0.4745098 0.49019608 0.5176471 0.6039216 0.6039216 0.56078434 0.59607846 0.6 0.5686275 0.5686275
0.3254902 0.29803923 0.3647059 0.45882353 0.47843137 0.3882353 0.42745098 0.5176471 0.5294118 0.5137255 0.5294118 0.52156866 0.48235294 0.4509804 0.42352942 0.48235294 0.49411765 0.5019608 0.50980395 0.50980395 0.5019608 0.5019608 0.48235294 0.43529412 0.43529412 0.46666667 0.5411765 0.6392157 0.6509804 0.59607846 0.50980395 0.44313726
0.36078432 0.29803923 0.27058825 0.25882354 0.36078432 0.45490196 0.58431375 0.6509804 0.6117647 0.5647059 0.5529412 0.56078434 0.5803922 0.5647059 0.49019608 0.4509804 0.4 0.39607844 0.42745098 0.44313726 0.4509804 0.44705883 0.42352942 0.38431373 0.43137255 0.4627451 0.47843137 0.59607846 0.60784316 0.5411765 0.6156863 0.5294118
0.36862746 0.29803923 0.28627452 0.29803923 0.3764706 0.5372549 0.6156863 0.62352943 0.5921569 0.52156866 0.5411765 0.5568628 0.5411765 0.54509807 0.4862745 0.43137255 0.3764706 0.32941177 0.39607844 0.47058824 0.4745098 0.4509804 0.3764706 0.3254902 0.3764706 0.39607844 0.32156864 0.34509805 0.44313726 0.5019608 0.54509807 0.49803922
0.45882353 0.3647059 0.32156864 0.41568628 0.5294118 0.6039216 0.63529414 0.62352943 0.5568628 0.4627451 0.45882353 0.49411765 0.49803922 0.5058824 0.4745098 0.4117647 0.38039216 0.3372549 0.41960785 0.47058824 0.47843137 0.45490196 0.38431373 0.32941177 0.3529412 0.35686275 0.25882354 0.23529412 0.35686275 0.4392157 0.45490196 0.39215687
0.40784314 0.41568628 0.4 0.40784314 0.44313726 0.5137255 0.59607846 0.5764706 0.49803922 0.41568628 0.3882353 0.4392157 0.49803922 0.4745098 0.40784314 0.32941177 0.32941177 0.33333334 0.37254903 0.39607844 0.39215687 0.3529412 0.32941177 0.3529412 0.41960785 0.39215687 0.27058825 0.32941177 0.4627451 0.5176471 0.45882353 0.42745098
0.34117648 0.27058825 0.32156864 0.45490196 0.47058824 0.48235294 0.5411765 0.5529412 0.5137255 0.44705883 0.39607844 0.3882353 0.41568628 0.4 0.34901962 0.30980393 0.28627452 0.3019608 0.32156864 0.3019608 0.25490198 0.23137255 0.24705882 0.3254902 0.4 0.38431373 0.37254903 0.38039216 0.43137255 0.4745098 0.42745098 0.4862745
0.44705883 0.45490196 0.43529412 0.50980395 0.5647059 0.5529412 0.49019608 0.45882353 0.49803922 0.5568628 0.54509807 0.47843137 0.41568628 0.36078432 0.3137255 0.28235295 0.25490198 0.2627451 0.29803923 0.30980393 0.28627452 0.30588236 0.2784314 0.28627452 0.3019608 0.32156864 0.34901962 0.32156864 0.3882353 0.43137255 0.39215687 0.3882353
0.49019608 0.4745098 0.4509804 0.49019608 0.5411765 0.54509807 0.45490196 0.4 0.47058824 0.56078434 0.5921569 0.5882353 0.49803922 0.42745098 0.39607844 0.36078432 0.29411766 0.27058825 0.25490198 0.27058825 0.27450982 0.3372549 0.30980393 0.27058825 0.30588236 0.3529412 0.35686275 0.32941177 0.38039216 0.44313726 0.41568628 0.34509805
0.5372549 0.4745098 0.40392157 0.43137255 0.45490196 0.41960785 0.43137255 0.49019608 0.5686275 0.49411765 0.4117647 0.4509804 0.39607844 0.3764706 0.44313726 0.42352942 0.28627452 0.29803923 0.28235295 0.27058825 0.2627451 0.27058825 0.2901961 0.28235295 0.3254902 0.39607844 0.36862746 0.32941177 0.34901962 0.43137255 0.4745098 0.4117647
0.52156866 0.49803922 0.43529412 0.39607844 0.38039216 0.36078432 0.35686275 0.44705883 0.5568628 0.53333336 0.5137255 0.54901963 0.47843137 0.4627451 0.5647059 0.44313726 0.2627451 0.39607844 0.43529412 0.4509804 0.46666667 0.3882353 0.38039216 0.34509805 0.35686275 0.36078432 0.3764706 0.4862745 0.5686275 0.627451 0.65882355 0.54509807
0.40392157 0.39607844 0.40392157 0.39215687 0.3764706 0.3764706 0.34509805 0.42352942 0.56078434 0.57254905 0.5686275 0.5529412 0.5568628 0.6392157 0.6666667 0.48235294 0.36078432 0.4745098 0.49019608 0.5294118 0.58431375 0.4509804 0.35686275 0.28627452 0.3137255 0.3529412 0.5019608 0.6313726 0.6862745 0.7019608 0.65882355 0.57254905
0.35686275 0.3254902 0.34509805 0.39215687 0.4 0.39215687 0.4 0.43529412 0.4627451 0.3764706 0.32156864 0.40784314 0.47843137 0.44313726 0.42745098 0.49411765 0.4627451 0.3882353 0.38431373 0.3882353 0.3764706 0.28235295 0.34901962 0.4509804 0.4392157 0.46666667 0.4509804 0.3647059 0.30588236 0.36862746 0.4117647 0.36862746
0.3764706 0.36078432 0.36862746 0.40784314 0.40392157 0.39215687 0.35686275 0.40784314 0.4745098 0.40392157 0.33333334 0.34509805 0.45882353 0.47843137 0.50980395 0.54509807 0.4509804 0.37254903 0.38431373 0.41960785 0.38039216 0.3137255 0.3372549 0.3764706 0.4 0.40784314 0.41960785 0.42352942 0.41568628 0.41960785 0.36078432 0.30588236
0.3647059 0.3647059 0.39215687 0.42745098 0.39215687 0.38431373 0.34901962 0.3372549 0.45490196 0.46666667 0.40784314 0.41568628 0.42352942 0.43137255 0.49019608 0.42745098 0.36862746 0.43137255 0.45490196 0.45490196 0.3647059 0.28235295 0.3529412 0.40392157 0.38039216 0.30588236 0.3019608 0.37254903 0.38431373 0.34117648 0.3254902 0.3254902
0.4 0.3764706 0.4 0.40784314 0.39215687 0.38039216 0.36862746 0.33333334 0.41960785 0.43529412 0.38039216 0.40392157 0.42745098 0.49803922 0.52156866 0.46666667 0.40392157 0.42352942 0.4117647 0.34509805 0.22352941 0.15294118 0.29803923 0.43137255 0.4627451 0.4745098 0.4392157 0.42745098 0.4 0.3647059 0.43137255 0.4862745
0.4 0.3647059 0.3372549 0.34117648 0.36862746 0.3647059 0.36078432 0.37254903 0.42352942 0.4509804 0.44313726 0.43137255 0.44313726 0.5294118 0.5372549 0.4627451 0.4 0.4745098 0.4862745 0.32156864 0.22745098 0.20784314 0.34901962 0.45490196 0.43529412 0.40392157 0.38431373 0.3764706 0.3764706 0.38039216 0.3882353 0.40392157
0.3882353 0.3529412 0.3372549 0.36078432 0.4 0.40392157 0.34509805 0.34509805 0.4117647 0.45882353 0.45490196 0.42352942 0.44313726 0.50980395 0.49411765 0.43529412 0.4 0.5803922 0.5294118 0.32941177 0.22352941 0.1882353 0.3647059 0.47058824 0.4117647 0.3372549 0.38039216 0.41960785 0.40392157 0.3882353 0.38431373 0.34117648
0.37254903 0.36862746 0.40392157 0.41960785 0.40392157 0.34117648 0.2784314 0.3137255 0.4117647 0.4117647 0.34901962 0.44705883 0.6039216 0.6627451 0.6392157 0.53333336 0.49019608 0.5686275 0.49411765 0.34901962 0.25490198 0.29803923 0.3882353 0.42352942 0.45490196 0.44313726 0.41960785 0.42745098 0.40392157 0.3647059 0.33333334 0.31764707
0.36862746 0.38431373 0.42745098 0.4862745 0.40784314 0.3019608 0.2509804 0.31764707 0.4509804 0.42745098 0.43137255 0.5882353 0.70980394 0.7411765 0.73333335 0.61960787 0.48235294 0.54901963 0.5019608 0.45490196 0.46666667 0.5137255 0.5137255 0.46666667 0.44313726 0.41568628 0.36862746 0.34117648 0.3254902 0.29803923 0.2509804 0.26666668
0.44313726 0.42352942 0.40784314 0.49019608 0.4509804 0.34901962 0.25490198 0.24313726 0.3882353 0.4509804 0.49411765 0.6666667 0.7882353 0.76862746 0.6862745 0.54509807 0.40784314 0.43137255 0.48235294 0.49411765 0.4862745 0.5254902 0.5529412 0.5372549 0.5058824 0.4392157 0.38431373 0.38039216 0.37254903 0.36862746 0.3882353 0.3882353
0.4509804 0.41568628 0.41568628 0.4392157 0.40392157 0.31764707 0.26666668 0.22352941 0.28627452 0.40784314 0.44313726 0.6156863 0.8039216 0.7882353 0.6431373 0.37254903 0.34117648 0.4 0.5176471 0.5568628 0.5058824 0.49803922 0.49411765 0.4509804 0.45490196 0.4392157 0.3882353 0.34509805 0.4117647 0.46666667 0.52156866 0.5294118
0.32156864 0.3529412 0.36078432 0.34509805 0.40392157 0.39215687 0.32156864 0.28235295 0.22352941 0.35686275 0.5254902 0.654902 0.8235294 0.85490197 0.7647059 0.5647059 0.4392157 0.44313726 0.5411765 0.5372549 0.5254902 0.5019608 0.4745098 0.46666667 0.4509804 0.4392157 0.42745098 0.3882353 0.5137255 0.5254902 0.49411765 0.5019608
0.36078432 0.3647059 0.35686275 0.35686275 0.34901962 0.34509805 0.30980393 0.34901962 0.27058825 0.2 0.36862746 0.6313726 0.7372549 0.7529412 0.6901961 0.5176471 0.4627451 0.36078432 0.40784314 0.39215687 0.38039216 0.40784314 0.4509804 0.5019608 0.54509807 0.52156866 0.47058824 0.47058824 0.5058824 0.4745098 0.4509804 0.3882353
0.42352942 0.3647059 0.34117648 0.30588236 0.25882354 0.28235295 0.3019608 0.34117648 0.34117648 0.3137255 0.38431373 0.45490196 0.31764707 0.3019608 0.33333334 0.38039216 0.48235294 0.44705883 0.39215687 0.38039216 0.3372549 0.3019608 0.3764706 0.43529412 0.44313726 0.43529412 0.40392157 0.4627451 0.49411765 0.47843137 0.4745098 0.4392157
0.41960785 0.34901962 0.3372549 0.27450982 0.3019608 0.29803923 0.25882354 0.24705882 0.30588236 0.40392157 0.4509804 0.52156866 0.3882353 0.30588236 0.35686275 0.41960785 0.47058824 0.45882353 0.3372549 0.3137255 0.29803923 0.27450982 0.3019608 0.33333334 0.34117648 0.3254902 0.36862746 0.4392157 0.4745098 0.49411765 0.50980395 0.46666667
0.42352942 0.3764706 0.3882353 0.36862746 0.34509805 0.32156864 0.3019608 0.26666668 0.29411766 0.42745098 0.4862745 0.5137255 0.5254902 0.46666667 0.44313726 0.5058824 0.49411765 0.40784314 0.2901961 0.2901961 0.36078432 0.37254903 0.3764706 0.41568628 0.41960785 0.40392157 0.4117647 0.39215687 0.44705883 0.5372549 0.50980395 0.43529412
0.4509804 0.44705883 0.4392157 0.40392157 0.3529412 0.33333334 0.38039216 0.3764706 0.34117648 0.44313726 0.50980395 0.4392157 0.5019608 0.40784314 0.43137255 0.5372549 0.6117647 0.5882353 0.54509807 0.5882353 0.57254905 0.53333336 0.6039216 0.67058825 0.6784314 0.6862745 0.68235296 0.6509804 0.63529414 0.58431375 0.49411765 0.49019608
0.43529412 0.5058824 0.48235294 0.41960785 0.35686275 0.3647059 0.41960785 0.41568628 0.3529412 0.4117647 0.49803922 0.42352942 0.46666667 0.37254903 0.3529412 0.43529412 0.5803922 0.6431373 0.61960787 0.62352943 0.5176471 0.41960785 0.50980395 0.6509804 0.6745098 0.6509804 0.69411767 0.7294118 0.72156864 0.654902 0.5294118 0.47058824
0.39607844 0.43137255 0.42352942 0.42745098 0.41568628 0.39607844 0.3764706 0.38039216 0.3529412 0.42352942 0.5764706 0.5058824 0.48235294 0.42745098 0.3647059 0.3882353 0.4509804 0.5058824 0.5058824 0.54901963 0.5058824 0.4 0.40392157 0.5254902 0.49803922 0.4392157 0.52156866 0.61960787 0.65882355 0.6745098 0.627451 0.5411765
0.39607844 0.36078432 0.32941177 0.38431373 0.4392157 0.4392157 0.4 0.3882353 0.38039216 0.41568628 0.54509807 0.53333336 0.49411765 0.38431373 0.3254902 0.34509805 0.37254903 0.41568628 0.44705883 0.52156866 0.5137255 0.47843137 0.4117647 0.45490196 0.4509804 0.36078432 0.39607844 0.5294118 0.5764706 0.6 0.6117647 0.58431375
0.4117647 0.36862746 0.3529412 0.41960785 0.4627451 0.4117647 0.41960785 0.43137255 0.43529412 0.45490196 0.50980395 0.52156866 0.48235294 0.41568628 0.34901962 0.3372549 0.36078432 0.4392157 0.5176471 0.49019608 0.41568628 0.41960785 0.4117647 0.44313726 0.49019608 0.4745098 0.47058824 0.50980395 0.54901963 0.5764706 0.6156863 0.63529414
0.39607844 0.40784314 0.4745098 0.5372549 0.5058824 0.4 0.36078432 0.39215687 0.39607844 0.3882353 0.49019608 0.5372549 0.4509804 0.4117647 0.4 0.41960785 0.4509804 0.45882353 0.47843137 0.4745098 0.44705883 0.4392157 0.4509804 0.44313726 0.43137255 0.48235294 0.4745098 0.44313726 0.49803922 0.52156866 0.49803922 0.48235294
0.42352942 0.3882353 0.4392157 0.5137255 0.50980395 0.4 0.40784314 0.45882353 0.45882353 0.43529412 0.45490196 0.45490196 0.43137255 0.4117647 0.36078432 0.39607844 0.40784314 0.4117647 0.41960785 0.43137255 0.43529412 0.45490196 0.47058824 0.41960785 0.4 0.4 0.44313726 0.52156866 0.5176471 0.49019608 0.43529412 0.37254903
0.4509804 0.3764706 0.3372549 0.3019608 0.38039216 0.45490196 0.54901963 0.57254905 0.5176471 0.46666667 0.45490196 0.46666667 0.49019608 0.47843137 0.4 0.35686275 0.30980393 0.3137255 0.34901962 0.37254903 0.38039216 0.38431373 0.38039216 0.3529412 0.39215687 0.4117647 0.41568628 0.5176471 0.5176471 0.46666667 0.5529412 0.4745098
0.40784314 0.3254902 0.3019608 0.29411766 0.34901962 0.49411765 0.54509807 0.5176471 0.4745098 0.40392157 0.42352942 0.4392157 0.42352942 0.43137255 0.39215687 0.34901962 0.29411766 0.2509804 0.31764707 0.4 0.4 0.38039216 0.30980393 0.2627451 0.3254902 0.35686275 0.2901961 0.3137255 0.4117647 0.4627451 0.5058824 0.45490196
0.47058824 0.36862746 0.30980393 0.38039216 0.47058824 0.5254902 0.5411765 0.5176471 0.4509804 0.35686275 0.3529412 0.38431373 0.38431373 0.39215687 0.3882353 0.34509805 0.31764707 0.27058825 0.35686275 0.40784314 0.41568628 0.39215687 0.32941177 0.2784314 0.3137255 0.33333334 0.23921569 0.22352941 0.34509805 0.41960785 0.41960785 0.3529412
0.4509804 0.44705883 0.40784314 0.3882353 0.39215687 0.4392157 0.5137255 0.49411765 0.41960785 0.34117648 0.3137255 0.36078432 0.4117647 0.38431373 0.34117648 0.28235295 0.28235295 0.28627452 0.32156864 0.34509805 0.34117648 0.3137255 0.30588236 0.3372549 0.40784314 0.38039216 0.25882354 0.30588236 0.43529412 0.48235294 0.42352942 0.3882353
0.4 0.32156864 0.3529412 0.45882353 0.4509804 0.4392157 0.47058824 0.46666667 0.43137255 0.3764706 0.3372549 0.34117648 0.36862746 0.36078432 0.3137255 0.2784314 0.25882354 0.27450982 0.29411766 0.27450982 0.22352941 0.21960784 0.27058825 0.35686275 0.41568628 0.38039216 0.3529412 0.34901962 0.39215687 0.44313726 0.40392157 0.47058824
0.4745098 0.4745098 0.44313726 0.5019608 0.53333336 0.49803922 0.41960785 0.3764706 0.41960785 0.5019608 0.5058824 0.45490196 0.40392157 0.35686275 0.31764707 0.2901961 0.26666668 0.2784314 0.30980393 0.3254902 0.3019608 0.33333334 0.32156864 0.32941177 0.32941177 0.33333334 0.34509805 0.30980393 0.36862746 0.4117647 0.38039216 0.39215687
0.4627451 0.44705883 0.41960785 0.44313726 0.47843137 0.46666667 0.3764706 0.3372549 0.42352942 0.5294118 0.57254905 0.5764706 0.49411765 0.43137255 0.42745098 0.41568628 0.34901962 0.3254902 0.3137255 0.32941177 0.34117648 0.39607844 0.34509805 0.30588236 0.34117648 0.38431373 0.38039216 0.34117648 0.3764706 0.42745098 0.39607844 0.34117648
0.47843137 0.41568628 0.34901962 0.37254903 0.3882353 0.34901962 0.3647059 0.44313726 0.5294118 0.4627451 0.39215687 0.43529412 0.38039216 0.3647059 0.46666667 0.46666667 0.32941177 0.34117648 0.32941177 0.3254902 0.32941177 0.3254902 0.3137255 0.30588236 0.36078432 0.43137255 0.3882353 0.31764707 0.30980393 0.38039216 0.42745098 0.3647059
0.45882353 0.44313726 0.3882353 0.35686275 0.3372549 0.3137255 0.30588236 0.39215687 0.5058824 0.49019608 0.4745098 0.5058824 0.43137255 0.4117647 0.5411765 0.43529412 0.24705882 0.38039216 0.42352942 0.45490196 0.4862745 0.4117647 0.39607844 0.3647059 0.3882353 0.38039216 0.35686275 0.41568628 0.44705883 0.52156866 0.57254905 0.45882353
0.38431373 0.38039216 0.3882353 0.38039216 0.36862746 0.37254903 0.3254902 0.38039216 0.5058824 0.5176471 0.50980395 0.49411765 0.49411765 0.5764706 0.6117647 0.43137255 0.3019608 0.41568628 0.4392157 0.49019608 0.56078434 0.4392157 0.36078432 0.3019608 0.33333334 0.34509805 0.44705883 0.50980395 0.5137255 0.5568628 0.54901963 0.45490196
31 18 0
30 31 1
0 7 1
17 0 1
7 31 2
0 18 0
12 31 2
14 0 1
27 0 1
0 25 1
