32, 32, 3, 10
0.49803922 0.4627451 0.42745098 0.46666667 0.43137255 0.32941177 0.32156864 0.29803923 0.28235295 0.23137255 0.15686275 0.13333334 0.14901961 0.21176471 0.22745098 0.18039216 0.09019608 0.07450981 0.09803922 0.13333334 0.19607843 0.27450982 0.32941177 0.34901962 0.34117648 0.33333334 0.3372549 0.3372549 0.33333334 0.3254902 0.3137255 0.3137255
0.5058824 0.4862745 0.48235294 0.49803922 0.42352942 0.27450982 0.19215687 0.15686275 0.14901961 0.08235294 0.03137255 0.05490196 0.39215687 0.6313726 0.6156863 0.5764706 0.22352941 0.007843138 0.023529412 0.03137255 0.0627451 0.11764706 0.21176471 0.30980393 0.3529412 0.3764706 0.38431373 0.38039216 0.38039216 0.3764706 0.36862746 0.36078432
0.47058824 0.47843137 0.5058824 0.5137255 0.40392157 0.21568628 0.09019608 0.105882354 0.13725491 0.050980393 0.043137256 0.11372549 0.6156863 0.88235295 0.83137256 0.79607844 0.34117648 0.03137255 0.039215688 0.105882354 0.105882354 0.078431375 0.1254902 0.1764706 0.23137255 0.3137255 0.3764706 0.38431373 0.39215687 0.39607844 0.39215687 0.37254903
0.2901961 0.42745098 0.50980395 0.50980395 0.37254903 0.1764706 0.05882353 0.050980393 0.06666667 0.03137255 0.07450981 0.16862746 0.54901963 0.90588236 0.93333334 0.7764706 0.2509804 0.02745098 0.02745098 0.08627451 0.11372549 0.043137256 0.08235294 0.09019608 0.09411765 0.1882353 0.32941177 0.3764706 0.3882353 0.39607844 0.39215687 0.38039216
0.14509805 0.38431373 0.50980395 0.4862745 0.31764707 0.19215687 0.078431375 0.05490196 0.023529412 0.0627451 0.14117648 0.1764706 0.43529412 0.8980392 0.972549 0.63529414 0.20392157 0.0627451 0.015686275 0.03529412 0.09019608 0.039215688 0.05490196 0.09019608 0.050980393 0.08627451 0.21568628 0.3529412 0.4117647 0.42352942 0.40392157 0.39215687
0.13333334 0.3764706 0.49019608 0.38039216 0.20392157 0.13333334 0.07450981 0.05490196 0.05882353 0.1254902 0.09803922 0.105882354 0.42745098 0.94509804 0.9137255 0.4117647 0.16862746 0.12156863 0.047058824 0.03137255 0.07058824 0.06666667 0.105882354 0.13333334 0.05490196 0.050980393 0.08627451 0.23529412 0.39607844 0.43137255 0.41568628 0.38431373
0.13333334 0.35686275 0.42745098 0.21960784 0.07450981 0.047058824 0.07058824 0.050980393 0.13333334 0.2 0.09803922 0.06666667 0.4745098 0.9843137 0.73333335 0.2 0.09803922 0.101960786 0.13725491 0.06666667 0.043137256 0.05882353 0.0627451 0.11372549 0.09019608 0.07450981 0.050980393 0.09411765 0.26666668 0.38039216 0.40392157 0.38431373
0.16470589 0.3372549 0.3137255 0.1254902 0.050980393 0.03529412 0.050980393 0.08235294 0.15686275 0.23529412 0.1882353 0.12941177 0.6 1.0 0.57254905 0.11764706 0.07058824 0.12156863 0.19215687 0.11372549 0.050980393 0.039215688 0.03137255 0.043137256 0.08627451 0.078431375 0.039215688 0.050980393 0.09803922 0.21568628 0.29803923 0.3372549
0.18431373 0.2784314 0.19215687 0.101960786 0.08235294 0.043137256 0.050980393 0.1254902 0.2509804 0.32941177 0.28627452 0.27450982 0.7764706 0.99607843 0.5294118 0.1254902 0.23921569 0.3254902 0.22745098 0.16078432 0.0627451 0.03529412 0.03529412 0.02745098 0.050980393 0.07058824 0.06666667 0.050980393 0.019607844 0.047058824 0.17254902 0.23921569
0.17254902 0.1254902 0.07058824 0.09019608 0.11764706 0.047058824 0.0627451 0.08235294 0.23529412 0.31764707 0.1882353 0.4 0.8862745 0.9529412 0.58431375 0.17254902 0.33333334 0.42745098 0.29411766 0.17254902 0.039215688 0.03529412 0.05490196 0.06666667 0.05882353 0.08627451 0.10980392 0.09019608 0.023529412 0.011764706 0.101960786 0.1882353
0.14509805 0.05882353 0.050980393 0.078431375 0.09411765 0.03529412 0.07058824 0.05882353 0.11764706 0.19215687 0.25882354 0.6627451 0.8627451 0.87058824 0.7647059 0.2784314 0.16470589 0.25490198 0.21568628 0.07058824 0.03137255 0.05490196 0.0627451 0.12156863 0.08235294 0.078431375 0.07450981 0.08627451 0.047058824 0.03137255 0.08235294 0.21176471
0.14901961 0.11372549 0.101960786 0.07058824 0.078431375 0.03529412 0.078431375 0.07450981 0.050980393 0.20784314 0.58431375 0.8156863 0.8039216 0.81960785 0.87058824 0.64705884 0.23529412 0.1882353 0.09803922 0.03529412 0.050980393 0.08235294 0.06666667 0.1254902 0.10980392 0.078431375 0.043137256 0.05882353 0.07058824 0.09019608 0.17254902 0.3372549
0.1764706 0.13725491 0.08235294 0.101960786 0.09803922 0.043137256 0.09019608 0.09019608 0.039215688 0.3254902 0.70980394 0.78431374 0.78431374 0.8117647 0.8392157 0.8039216 0.4509804 0.16470589 0.0627451 0.039215688 0.05882353 0.08627451 0.078431375 0.12941177 0.12941177 0.078431375 0.050980393 0.050980393 0.08235294 0.101960786 0.14117648 0.34117648
0.18039216 0.12156863 0.06666667 0.08235294 0.11764706 0.07058824 0.08627451 0.08235294 0.10980392 0.5137255 0.7294118 0.7764706 0.79607844 0.8235294 0.8117647 0.8 0.6156863 0.23529412 0.0627451 0.03529412 0.05882353 0.08235294 0.13725491 0.14117648 0.10980392 0.07058824 0.050980393 0.07450981 0.11372549 0.11764706 0.06666667 0.23529412
0.13725491 0.08235294 0.09803922 0.08627451 0.13725491 0.13725491 0.08235294 0.09411765 0.18039216 0.58431375 0.7294118 0.7647059 0.79607844 0.8235294 0.83137256 0.79607844 0.7019608 0.2784314 0.05882353 0.039215688 0.0627451 0.09803922 0.13725491 0.12156863 0.08627451 0.043137256 0.07058824 0.13725491 0.13333334 0.14117648 0.07058824 0.1254902
0.15294118 0.12156863 0.14117648 0.11372549 0.11764706 0.13725491 0.11372549 0.101960786 0.21568628 0.6156863 0.49019608 0.3882353 0.43137255 0.49803922 0.7529412 0.8509804 0.6431373 0.22745098 0.047058824 0.03529412 0.07450981 0.105882354 0.09803922 0.09803922 0.08627451 0.0627451 0.101960786 0.12156863 0.11764706 0.10980392 0.05882353 0.06666667
0.16470589 0.12941177 0.12156863 0.11372549 0.10980392 0.1254902 0.19215687 0.15294118 0.34509805 0.5529412 0.18431373 0.2 0.2627451 0.18039216 0.43529412 0.8 0.64705884 0.21960784 0.047058824 0.08235294 0.13333334 0.16470589 0.1254902 0.105882354 0.101960786 0.14509805 0.12941177 0.09019608 0.09411765 0.09411765 0.05490196 0.05882353
0.17254902 0.12941177 0.12941177 0.14117648 0.14509805 0.1254902 0.1764706 0.20392157 0.49411765 0.56078434 0.22352941 0.2509804 0.27450982 0.22745098 0.29803923 0.6784314 0.6392157 0.2901961 0.21176471 0.49019608 0.27058825 0.18039216 0.14117648 0.13333334 0.17254902 0.16862746 0.14117648 0.14901961 0.101960786 0.09411765 0.05882353 0.05490196
0.21568628 0.14901961 0.1254902 0.12941177 0.10980392 0.13333334 0.14901961 0.18039216 0.54509807 0.7764706 0.3882353 0.17254902 0.17254902 0.27058825 0.59607846 0.79607844 0.6627451 0.39607844 0.4 0.73333335 0.27058825 0.12941177 0.09411765 0.18039216 0.22745098 0.1764706 0.13725491 0.14117648 0.11764706 0.11372549 0.09019608 0.08627451
0.37254903 0.20392157 0.1254902 0.105882354 0.08627451 0.14117648 0.14901961 0.19215687 0.5529412 0.8392157 0.5764706 0.34901962 0.32941177 0.49411765 0.8666667 0.9019608 0.7764706 0.5529412 0.53333336 0.77254903 0.28627452 0.11372549 0.13333334 0.1764706 0.22745098 0.14509805 0.1254902 0.11372549 0.101960786 0.11372549 0.09803922 0.16078432
0.49411765 0.3372549 0.24705882 0.18039216 0.10980392 0.14117648 0.14901961 0.22352941 0.5764706 0.76862746 0.6117647 0.53333336 0.5176471 0.6039216 0.8235294 0.8666667 0.7529412 0.6392157 0.7411765 0.8784314 0.38431373 0.08627451 0.105882354 0.10980392 0.13333334 0.09019608 0.11372549 0.10980392 0.105882354 0.09803922 0.09411765 0.20392157
0.6039216 0.5372549 0.52156866 0.3254902 0.14509805 0.13333334 0.14117648 0.19215687 0.3647059 0.5882353 0.69803923 0.72156864 0.7254902 0.7372549 0.78431374 0.78039217 0.7372549 0.7529412 0.81960785 0.75686276 0.39607844 0.08235294 0.08235294 0.078431375 0.10980392 0.07450981 0.09411765 0.13333334 0.12156863 0.105882354 0.105882354 0.28627452
0.69411767 0.654902 0.6509804 0.49019608 0.2509804 0.14117648 0.078431375 0.12156863 0.19607843 0.4392157 0.7372549 0.83137256 0.78431374 0.80784315 0.84705883 0.8509804 0.83137256 0.81960785 0.7176471 0.6313726 0.38039216 0.1254902 0.11764706 0.11764706 0.1764706 0.15686275 0.14509805 0.14901961 0.11372549 0.101960786 0.14901961 0.38431373
0.7294118 0.6666667 0.63529414 0.5803922 0.39215687 0.21568628 0.101960786 0.14117648 0.30588236 0.54509807 0.7137255 0.74509805 0.7254902 0.8039216 0.8352941 0.7921569 0.7529412 0.77254903 0.7294118 0.65882355 0.3372549 0.15294118 0.14509805 0.1254902 0.15686275 0.23529412 0.2509804 0.23921569 0.13333334 0.09803922 0.1882353 0.4
0.7137255 0.6117647 0.58431375 0.5372549 0.4509804 0.34117648 0.2509804 0.32941177 0.5019608 0.6156863 0.6666667 0.6117647 0.5921569 0.75686276 0.8117647 0.7529412 0.7607843 0.8 0.78039217 0.6784314 0.29411766 0.14117648 0.16078432 0.23137255 0.32941177 0.37254903 0.35686275 0.3137255 0.13725491 0.09411765 0.23137255 0.4627451
0.627451 0.5529412 0.5411765 0.5294118 0.5411765 0.5019608 0.49411765 0.57254905 0.65882355 0.69411767 0.67058825 0.4745098 0.44705883 0.7490196 0.7882353 0.79607844 0.83137256 0.80784315 0.8 0.7058824 0.39215687 0.32941177 0.40784314 0.63529414 0.58431375 0.5294118 0.45490196 0.24705882 0.09411765 0.09411765 0.3137255 0.5058824
0.5529412 0.5254902 0.5294118 0.5921569 0.6156863 0.5764706 0.6627451 0.7372549 0.76862746 0.74509805 0.68235296 0.4509804 0.43529412 0.7254902 0.7411765 0.7372549 0.8235294 0.85882354 0.8784314 0.8352941 0.70980394 0.64705884 0.7529412 0.8862745 0.7490196 0.63529414 0.5647059 0.23921569 0.07058824 0.17254902 0.42352942 0.5176471
0.49803922 0.52156866 0.5019608 0.48235294 0.5411765 0.627451 0.7529412 0.79607844 0.827451 0.7921569 0.8156863 0.60784316 0.54509807 0.7372549 0.80784315 0.83137256 0.8980392 0.91764706 0.91764706 0.9254902 0.9019608 0.8862745 0.92156863 0.91764706 0.80784315 0.6901961 0.6 0.24705882 0.101960786 0.34901962 0.5019608 0.5137255
0.4862745 0.5137255 0.5019608 0.45490196 0.48235294 0.68235296 0.78431374 0.7921569 0.84313726 0.8352941 0.80784315 0.74509805 0.7019608 0.7764706 0.8156863 0.8627451 0.8980392 0.92156863 0.92941177 0.91764706 0.90588236 0.9137255 0.93333334 0.9137255 0.8156863 0.7137255 0.54509807 0.20784314 0.28235295 0.4862745 0.53333336 0.54901963
0.48235294 0.5058824 0.50980395 0.4862745 0.5529412 0.73333335 0.81960785 0.80784315 0.827451 0.87058824 0.8156863 0.7294118 0.8235294 0.827451 0.7490196 0.8235294 0.9019608 0.92941177 0.91764706 0.8901961 0.89411765 0.9098039 0.92941177 0.92156863 0.83137256 0.7254902 0.49019608 0.33333334 0.50980395 0.56078434 0.5568628 0.5764706
0.5254902 0.5254902 0.4509804 0.4745098 0.6392157 0.7882353 0.88235295 0.85882354 0.83137256 0.8745098 0.84705883 0.76862746 0.81960785 0.8117647 0.7294118 0.8039216 0.9019608 0.9137255 0.8784314 0.8666667 0.88235295 0.9019608 0.9254902 0.92156863 0.84705883 0.72156864 0.5254902 0.5529412 0.627451 0.627451 0.627451 0.6313726
0.50980395 0.52156866 0.4627451 0.57254905 0.77254903 0.8627451 0.8980392 0.9019608 0.8745098 0.8862745 0.87058824 0.7882353 0.77254903 0.7921569 0.75686276 0.8235294 0.87058824 0.85882354 0.8352941 0.8509804 0.88235295 0.90588236 0.93333334 0.9372549 0.85882354 0.7137255 0.5803922 0.6392157 0.68235296 0.68235296 0.68235296 0.6745098
0.28627452 0.28235295 0.24313726 0.25882354 0.23529412 0.15686275 0.14901961 0.13333334 0.12941177 0.101960786 0.0627451 0.05490196 0.09411765 0.18039216 0.21176471 0.1882353 0.09019608 0.05490196 0.05490196 0.07058824 0.09411765 0.11764706 0.13333334 0.12941177 0.1254902 0.12156863 0.10980392 0.10980392 0.11764706 0.12156863 0.12156863 0.11764706
0.28235295 0.2784314 0.2784314 0.3019608 0.23921569 0.13333334 0.09411765 0.09803922 0.105882354 0.050980393 0.019607844 0.05490196 0.4 0.654902 0.6509804 0.61960787 0.2627451 0.03529412 0.03529412 0.03529412 0.047058824 0.05882353 0.09803922 0.12941177 0.12156863 0.12156863 0.12941177 0.12941177 0.12941177 0.12941177 0.1254902 0.1254902
0.28235295 0.27058825 0.29411766 0.31764707 0.23921569 0.11372549 0.0627451 0.1254902 0.16078432 0.050980393 0.023529412 0.09019608 0.59607846 0.8666667 0.8235294 0.78431374 0.32941177 0.019607844 0.02745098 0.08627451 0.101960786 0.08235294 0.09803922 0.08627451 0.07450981 0.09803922 0.12941177 0.12941177 0.12941177 0.1254902 0.11764706 0.11372549
0.16862746 0.24313726 0.29803923 0.3137255 0.22745098 0.105882354 0.0627451 0.09803922 0.09411765 0.02745098 0.08235294 0.1764706 0.5529412 0.9098039 0.93333334 0.77254903 0.24705882 0.02745098 0.03137255 0.09411765 0.12156863 0.05882353 0.10980392 0.09803922 0.05490196 0.07058824 0.11372549 0.13725491 0.12941177 0.12156863 0.11372549 0.12156863
0.078431375 0.21960784 0.3019608 0.29411766 0.21568628 0.16862746 0.08627451 0.078431375 0.043137256 0.06666667 0.14901961 0.18431373 0.4392157 0.9019608 0.972549 0.64705884 0.21568628 0.07450981 0.02745098 0.050980393 0.09803922 0.043137256 0.07450981 0.10980392 0.05490196 0.047058824 0.09019608 0.15294118 0.15294118 0.14901961 0.14509805 0.14117648
0.078431375 0.21960784 0.29803923 0.21960784 0.13725491 0.13333334 0.07450981 0.05882353 0.0627451 0.1254902 0.08627451 0.09019608 0.41568628 0.9372549 0.9019608 0.40784314 0.16862746 0.12156863 0.050980393 0.03137255 0.07058824 0.06666667 0.105882354 0.13333334 0.05490196 0.05490196 0.05490196 0.10980392 0.16862746 0.16078432 0.15294118 0.14509805
0.08235294 0.21960784 0.27450982 0.11372549 0.039215688 0.050980393 0.06666667 0.043137256 0.11372549 0.18039216 0.08235294 0.05490196 0.46666667 0.9764706 0.72156864 0.19215687 0.09019608 0.09803922 0.13333334 0.0627451 0.039215688 0.05882353 0.0627451 0.11764706 0.09019608 0.09019608 0.09019608 0.050980393 0.10980392 0.14901961 0.14901961 0.13725491
0.12156863 0.22352941 0.20784314 0.08627451 0.05490196 0.043137256 0.039215688 0.05490196 0.10980392 0.19215687 0.17254902 0.11764706 0.5882353 0.99607843 0.56078434 0.101960786 0.05490196 0.105882354 0.1764706 0.09411765 0.043137256 0.039215688 0.03137255 0.043137256 0.08627451 0.09411765 0.08235294 0.047058824 0.02745098 0.09019608 0.13333334 0.12941177
0.14509805 0.18431373 0.12156863 0.105882354 0.11372549 0.050980393 0.039215688 0.08627451 0.18431373 0.26666668 0.26666668 0.2627451 0.7647059 0.9843137 0.5176471 0.105882354 0.21176471 0.3019608 0.20392157 0.13333334 0.050980393 0.03529412 0.03529412 0.02745098 0.050980393 0.07058824 0.0627451 0.047058824 0.007843138 0.03137255 0.14117648 0.18039216
0.16862746 0.105882354 0.050980393 0.09411765 0.1254902 0.050980393 0.05882353 0.06666667 0.20392157 0.28627452 0.17254902 0.3882353 0.8745098 0.94509804 0.57254905 0.15686275 0.31764707 0.40784314 0.27058825 0.14901961 0.02745098 0.03529412 0.05490196 0.06666667 0.05882353 0.08235294 0.101960786 0.08627451 0.02745098 0.019607844 0.11372549 0.2
0.15686275 0.08627451 0.06666667 0.06666667 0.08627451 0.039215688 0.07450981 0.0627451 0.12156863 0.19215687 0.2509804 0.6509804 0.8509804 0.85882354 0.7529412 0.27058825 0.15294118 0.24313726 0.2 0.05490196 0.023529412 0.05490196 0.0627451 0.12156863 0.08235294 0.08235294 0.09019608 0.09411765 0.047058824 0.02745098 0.07058824 0.19607843
0.14117648 0.12941177 0.11372549 0.0627451 0.07058824 0.039215688 0.08235294 0.078431375 0.05490196 0.20784314 0.57254905 0.8039216 0.7921569 0.80784315 0.85882354 0.63529414 0.22352941 0.17254902 0.08235294 0.019607844 0.043137256 0.08235294 0.06666667 0.1254902 0.10980392 0.08235294 0.05882353 0.06666667 0.07450981 0.08627451 0.15686275 0.3019608
0.14117648 0.13333334 0.09019608 0.101960786 0.09411765 0.047058824 0.09411765 0.09411765 0.043137256 0.3254902 0.69803923 0.77254903 0.77254903 0.8 0.827451 0.7921569 0.4392157 0.14901961 0.047058824 0.023529412 0.047058824 0.08627451 0.078431375 0.12941177 0.12941177 0.08235294 0.0627451 0.0627451 0.08627451 0.09803922 0.1254902 0.29411766
0.1254902 0.105882354 0.07058824 0.08627451 0.12156863 0.07450981 0.09019608 0.08627451 0.11372549 0.5137255 0.7176471 0.7647059 0.78431374 0.8117647 0.8 0.7882353 0.6039216 0.21960784 0.047058824 0.019607844 0.050980393 0.08235294 0.13333334 0.14117648 0.10980392 0.07058824 0.0627451 0.08235294 0.11764706 0.11372549 0.050980393 0.2
0.078431375 0.07058824 0.105882354 0.08627451 0.13333334 0.13333334 0.07450981 0.09019608 0.1764706 0.5803922 0.72156864 0.7607843 0.7882353 0.8156863 0.8235294 0.7882353 0.6901961 0.26666668 0.043137256 0.019607844 0.05490196 0.09803922 0.13725491 0.12156863 0.09019608 0.047058824 0.078431375 0.14117648 0.13333334 0.14117648 0.0627451 0.105882354
0.101960786 0.10980392 0.14901961 0.11372549 0.101960786 0.12156863 0.09803922 0.08627451 0.20392157 0.60784316 0.48235294 0.38431373 0.42745098 0.49019608 0.74509805 0.84313726 0.6313726 0.21176471 0.03137255 0.019607844 0.06666667 0.10980392 0.101960786 0.101960786 0.09019608 0.06666667 0.105882354 0.1254902 0.12156863 0.11372549 0.0627451 0.05490196
0.11372549 0.11764706 0.1254902 0.10980392 0.09803922 0.10980392 0.1764706 0.13725491 0.33333334 0.5411765 0.16862746 0.18431373 0.24705882 0.16470589 0.41960785 0.7882353 0.63529414 0.20784314 0.03529412 0.06666667 0.1254902 0.16862746 0.12941177 0.10980392 0.105882354 0.14901961 0.13333334 0.09411765 0.09803922 0.09803922 0.05882353 0.043137256
0.12156863 0.11764706 0.13333334 0.13725491 0.12941177 0.10980392 0.16078432 0.1882353 0.48235294 0.54509807 0.19215687 0.21960784 0.24313726 0.19607843 0.26666668 0.6627451 0.6313726 0.2784314 0.2 0.47843137 0.26666668 0.18431373 0.14509805 0.13725491 0.1764706 0.17254902 0.14509805 0.15294118 0.105882354 0.09803922 0.0627451 0.043137256
0.16078432 0.13725491 0.13333334 0.12941177 0.09803922 0.11764706 0.13333334 0.16470589 0.5372549 0.75686276 0.34901962 0.13333334 0.13333334 0.23137255 0.5568628 0.78039217 0.654902 0.38431373 0.3882353 0.7254902 0.26666668 0.13333334 0.09803922 0.18431373 0.23137255 0.18039216 0.14117648 0.14901961 0.1254902 0.11764706 0.09411765 0.07450981
0.32941177 0.18431373 0.12156863 0.09411765 0.07058824 0.12941177 0.13333334 0.17254902 0.53333336 0.8117647 0.52156866 0.2901961 0.27058825 0.43529412 0.8117647 0.8745098 0.7647059 0.5411765 0.5176471 0.7529412 0.27450982 0.11372549 0.12941177 0.17254902 0.22352941 0.14509805 0.12156863 0.10980392 0.09803922 0.10980392 0.09411765 0.14509805
0.46666667 0.30980393 0.21960784 0.15294118 0.09803922 0.13333334 0.12941177 0.19215687 0.5372549 0.72156864 0.54901963 0.4627451 0.4509804 0.53333336 0.7607843 0.83137256 0.7294118 0.6117647 0.7137255 0.8509804 0.3647059 0.07058824 0.09019608 0.09411765 0.11764706 0.07450981 0.09803922 0.09411765 0.08627451 0.08235294 0.078431375 0.18431373
0.5764706 0.50980395 0.49411765 0.3019608 0.13333334 0.12941177 0.12156863 0.16078432 0.3254902 0.5529412 0.67058825 0.69411767 0.69803923 0.70980394 0.75686276 0.7529412 0.7137255 0.7254902 0.7921569 0.7294118 0.37254903 0.06666667 0.06666667 0.0627451 0.09019608 0.05882353 0.078431375 0.11372549 0.105882354 0.09019608 0.09019608 0.2627451
0.6666667 0.627451 0.62352943 0.4627451 0.23921569 0.13725491 0.0627451 0.09411765 0.16078432 0.40784314 0.72156864 0.81960785 0.77254903 0.79607844 0.8352941 0.83137256 0.80784315 0.79607844 0.6901961 0.6039216 0.36078432 0.10980392 0.101960786 0.101960786 0.16078432 0.14117648 0.12941177 0.13333334 0.09803922 0.08627451 0.13333334 0.36078432
0.7019608 0.6392157 0.60784316 0.5529412 0.38431373 0.21568628 0.08627451 0.11372549 0.27450982 0.5137255 0.69411767 0.7294118 0.7058824 0.78431374 0.8117647 0.77254903 0.73333335 0.7490196 0.7058824 0.63529414 0.32156864 0.13725491 0.12941177 0.10980392 0.14117648 0.21960784 0.23921569 0.22745098 0.12156863 0.08627451 0.1764706 0.3764706
0.6901961 0.58431375 0.5529412 0.5058824 0.43137255 0.3372549 0.23529412 0.3019608 0.4745098 0.5764706 0.6117647 0.5568628 0.54901963 0.72156864 0.78431374 0.73333335 0.7411765 0.78039217 0.75686276 0.654902 0.27058825 0.11764706 0.14117648 0.21568628 0.3137255 0.36078432 0.34509805 0.3019608 0.1254902 0.08235294 0.21960784 0.4392157
0.60784316 0.5294118 0.50980395 0.4862745 0.50980395 0.48235294 0.47058824 0.54509807 0.6392157 0.6509804 0.5803922 0.39607844 0.3882353 0.7137255 0.76862746 0.77254903 0.80784315 0.78431374 0.7764706 0.6862745 0.36078432 0.29411766 0.38039216 0.6156863 0.5803922 0.5254902 0.44313726 0.23529412 0.08235294 0.08235294 0.29803923 0.48235294
0.5294118 0.49411765 0.49019608 0.5411765 0.5803922 0.5529412 0.6392157 0.7137255 0.74509805 0.7176471 0.6509804 0.42352942 0.40784314 0.69803923 0.7137255 0.7137255 0.8 0.8352941 0.85490197 0.8117647 0.6745098 0.60784316 0.7254902 0.87058824 0.7411765 0.6313726 0.5529412 0.22745098 0.05882353 0.16078432 0.4117647 0.49411765
0.46666667 0.47843137 0.4509804 0.41960785 0.49803922 0.6039216 0.7294118 0.77254903 0.8 0.78039217 0.83137256 0.62352943 0.5372549 0.70980394 0.77254903 0.8 0.8745098 0.89411765 0.89411765 0.9019608 0.87058824 0.8509804 0.8901961 0.8980392 0.8 0.6862745 0.5921569 0.23529412 0.09019608 0.3372549 0.49019608 0.49019608
0.44705883 0.45882353 0.4392157 0.3882353 0.43529412 0.65882355 0.7607843 0.76862746 0.81960785 0.81960785 0.8117647 0.74509805 0.6862745 0.7490196 0.78431374 0.8352941 0.8745098 0.8980392 0.90588236 0.89411765 0.8745098 0.8784314 0.9019608 0.8980392 0.80784315 0.70980394 0.53333336 0.19607843 0.27058825 0.47843137 0.52156866 0.5254902
0.43137255 0.44705883 0.44705883 0.42352942 0.50980395 0.7137255 0.79607844 0.78431374 0.8039216 0.84313726 0.7921569 0.7019608 0.79607844 0.8 0.72156864 0.8 0.8784314 0.90588236 0.89411765 0.87058824 0.8666667 0.8784314 0.9019608 0.9019608 0.8235294 0.7176471 0.47843137 0.32156864 0.49411765 0.54509807 0.5411765 0.5529412
0.4627451 0.4745098 0.4117647 0.44705883 0.6313726 0.78431374 0.87058824 0.8392157 0.8039216 0.84313726 0.81960785 0.74509805 0.79607844 0.7882353 0.7058824 0.78039217 0.8784314 0.8901961 0.85490197 0.84705883 0.8666667 0.8901961 0.9137255 0.9098039 0.8352941 0.70980394 0.5019608 0.5254902 0.6 0.6 0.6 0.6039216
0.44705883 0.47843137 0.43529412 0.56078434 0.76862746 0.85490197 0.8862745 0.8784314 0.8392157 0.8509804 0.84705883 0.7647059 0.7490196 0.7647059 0.73333335 0.79607844 0.84705883 0.83137256 0.8117647 0.83137256 0.87058824 0.8980392 0.9254902 0.9254902 0.84705883 0.69803923 0.5529412 0.6117647 0.654902 0.654902 0.6509804 0.64705884
0.17254902 0.16078432 0.1254902 0.15294118 0.13333334 0.06666667 0.09411765 0.09411765 0.07450981 0.043137256 0.023529412 0.015686275 0.05490196 0.14117648 0.1764706 0.14117648 0.039215688 0.011764706 0.019607844 0.039215688 0.05490196 0.07058824 0.078431375 0.0627451 0.03529412 0.02745098 0.043137256 0.047058824 0.050980393 0.050980393 0.043137256 0.043137256
0.15686275 0.15686275 0.16470589 0.19607843 0.15294118 0.07450981 0.06666667 0.09411765 0.09803922 0.039215688 0.007843138 0.03529412 0.37254903 0.62352943 0.61960787 0.5921569 0.23921569 0.015686275 0.023529412 0.02745098 0.03529412 0.043137256 0.07058824 0.08235294 0.05490196 0.043137256 0.047058824 0.043137256 0.043137256 0.043137256 0.03529412 0.03529412
0.1882353 0.1764706 0.19215687 0.20392157 0.16470589 0.08627451 0.050980393 0.12941177 0.16078432 0.047058824 0.03137255 0.09411765 0.5882353 0.8509804 0.8039216 0.7882353 0.34117648 0.03137255 0.039215688 0.101960786 0.11372549 0.08235294 0.08235294 0.05882353 0.039215688 0.047058824 0.043137256 0.039215688 0.043137256 0.043137256 0.03529412 0.02745098
0.11764706 0.18431373 0.20784314 0.19215687 0.16078432 0.105882354 0.05882353 0.08627451 0.07058824 0.011764706 0.08235294 0.16862746 0.5294118 0.8745098 0.89411765 0.75686276 0.24313726 0.019607844 0.019607844 0.08627451 0.11764706 0.050980393 0.09019608 0.07450981 0.039215688 0.043137256 0.043137256 0.05882353 0.05882353 0.05882353 0.050980393 0.050980393
0.03529412 0.14901961 0.21568628 0.20392157 0.1764706 0.1764706 0.08235294 0.07058824 0.02745098 0.047058824 0.12941177 0.16470589 0.41568628 0.87058824 0.9411765 0.6313726 0.21176471 0.07058824 0.019607844 0.043137256 0.09411765 0.03529412 0.06666667 0.09803922 0.05490196 0.039215688 0.043137256 0.09019608 0.07450981 0.06666667 0.07058824 0.07058824
0.03137255 0.14117648 0.21960784 0.16078432 0.11764706 0.13725491 0.07450981 0.05882353 0.0627451 0.12156863 0.07058824 0.07058824 0.39607844 0.91764706 0.8862745 0.40392157 0.16862746 0.12156863 0.050980393 0.03137255 0.07058824 0.06666667 0.105882354 0.13333334 0.05490196 0.047058824 0.03137255 0.0627451 0.09411765 0.07450981 0.06666667 0.0627451
0.043137256 0.15294118 0.20784314 0.07058824 0.023529412 0.047058824 0.06666667 0.047058824 0.12156863 0.18039216 0.06666667 0.03529412 0.44705883 0.95686275 0.7058824 0.18431373 0.08627451 0.09019608 0.1254902 0.05490196 0.03529412 0.05882353 0.0627451 0.11764706 0.09019608 0.09019608 0.08235294 0.03137255 0.07058824 0.08627451 0.06666667 0.0627451
0.09019608 0.16862746 0.15686275 0.05490196 0.043137256 0.039215688 0.043137256 0.0627451 0.1254902 0.2 0.15686275 0.09803922 0.5686275 0.9764706 0.5411765 0.08627451 0.039215688 0.09019608 0.16078432 0.08235294 0.03529412 0.039215688 0.03137255 0.043137256 0.08627451 0.09019608 0.08235294 0.050980393 0.023529412 0.05882353 0.078431375 0.08235294
0.11372549 0.13725491 0.078431375 0.08627451 0.10980392 0.047058824 0.039215688 0.09803922 0.20784314 0.28235295 0.2509804 0.24313726 0.74509805 0.9647059 0.49803922 0.08627451 0.19215687 0.2784314 0.18039216 0.11372549 0.043137256 0.03529412 0.03529412 0.02745098 0.05490196 0.06666667 0.05490196 0.0627451 0.03137255 0.03137255 0.10980392 0.13725491
0.12941177 0.07450981 0.03137255 0.078431375 0.11372549 0.039215688 0.050980393 0.0627451 0.20392157 0.2784314 0.14509805 0.36078432 0.84705883 0.9137255 0.54509807 0.12941177 0.29411766 0.39215687 0.2627451 0.14509805 0.02745098 0.03529412 0.05490196 0.06666667 0.05882353 0.078431375 0.09803922 0.09019608 0.039215688 0.019607844 0.09019608 0.17254902
0.10980392 0.06666667 0.05490196 0.050980393 0.0627451 0.019607844 0.05490196 0.043137256 0.101960786 0.16862746 0.21568628 0.6156863 0.8156863 0.8235294 0.7176471 0.23921569 0.13333334 0.23137255 0.2 0.0627451 0.03137255 0.05490196 0.0627451 0.12156863 0.078431375 0.08235294 0.09019608 0.08627451 0.03529412 0.015686275 0.050980393 0.16862746
0.101960786 0.10980392 0.101960786 0.043137256 0.050980393 0.019607844 0.0627451 0.05882353 0.03529412 0.18431373 0.5411765 0.76862746 0.75686276 0.77254903 0.8235294 0.6039216 0.2 0.16078432 0.08235294 0.02745098 0.047058824 0.08235294 0.06666667 0.1254902 0.10980392 0.08235294 0.05882353 0.0627451 0.05882353 0.06666667 0.12941177 0.2509804
0.10980392 0.12156863 0.08235294 0.08235294 0.07058824 0.02745098 0.07450981 0.07450981 0.023529412 0.3019608 0.6627451 0.7372549 0.7372549 0.7647059 0.7921569 0.7607843 0.41568628 0.13725491 0.047058824 0.02745098 0.05490196 0.08627451 0.078431375 0.12941177 0.12941177 0.08235294 0.0627451 0.05490196 0.07058824 0.07450981 0.09411765 0.24313726
0.101960786 0.09803922 0.0627451 0.0627451 0.09411765 0.05490196 0.07058824 0.06666667 0.09411765 0.49019608 0.6862745 0.7294118 0.7490196 0.7764706 0.7647059 0.75686276 0.5803922 0.20784314 0.047058824 0.023529412 0.05882353 0.08235294 0.13725491 0.14117648 0.10980392 0.07450981 0.0627451 0.078431375 0.105882354 0.09019608 0.023529412 0.15686275
0.05490196 0.0627451 0.09803922 0.0627451 0.11764706 0.1254902 0.06666667 0.07450981 0.15686275 0.5568628 0.69411767 0.7294118 0.7607843 0.7882353 0.79607844 0.7607843 0.67058825 0.25490198 0.043137256 0.03137255 0.05882353 0.09019608 0.12941177 0.11372549 0.08235294 0.039215688 0.07058824 0.12941177 0.11764706 0.11764706 0.043137256 0.07450981
0.07450981 0.101960786 0.14117648 0.09411765 0.09411765 0.12941177 0.09803922 0.07450981 0.18039216 0.5803922 0.4627451 0.3647059 0.40784314 0.47058824 0.7254902 0.81960785 0.6117647 0.2 0.03137255 0.03137255 0.0627451 0.09019608 0.08235294 0.08235294 0.07058824 0.047058824 0.08627451 0.105882354 0.101960786 0.09411765 0.043137256 0.03137255
0.09019608 0.10980392 0.11764706 0.09019608 0.09019608 0.11764706 0.1764706 0.1254902 0.30980393 0.5137255 0.14901961 0.16862746 0.22745098 0.14509805 0.4 0.75686276 0.6039216 0.18431373 0.023529412 0.0627451 0.11764706 0.14901961 0.10980392 0.09019608 0.08627451 0.12941177 0.11372549 0.07450981 0.078431375 0.078431375 0.039215688 0.023529412
0.09803922 0.10980392 0.1254902 0.11764706 0.1254902 0.11764706 0.16078432 0.1764706 0.45490196 0.52156866 0.18039216 0.20784314 0.23137255 0.18431373 0.25490198 0.627451 0.5882353 0.24705882 0.18039216 0.46666667 0.2509804 0.16470589 0.1254902 0.11764706 0.15686275 0.15294118 0.1254902 0.13333334 0.08627451 0.078431375 0.043137256 0.023529412
0.13725491 0.13333334 0.1254902 0.10980392 0.09019608 0.1254902 0.13333334 0.15294118 0.5137255 0.7372549 0.34117648 0.1254902 0.1254902 0.22352941 0.54509807 0.73333335 0.6 0.34509805 0.35686275 0.7019608 0.24705882 0.11372549 0.078431375 0.16470589 0.21176471 0.16078432 0.11764706 0.1254902 0.101960786 0.09803922 0.07450981 0.05490196
0.3019608 0.16862746 0.105882354 0.07058824 0.05882353 0.12941177 0.13725491 0.16470589 0.50980395 0.78039217 0.5058824 0.27450982 0.25490198 0.41960785 0.7921569 0.83137256 0.7137255 0.49803922 0.4862745 0.7294118 0.25882354 0.09803922 0.11372549 0.15686275 0.20784314 0.12941177 0.11372549 0.101960786 0.09019608 0.101960786 0.08627451 0.11372549
0.43529412 0.2784314 0.1882353 0.12156863 0.06666667 0.11764706 0.13333334 0.19607843 0.5137255 0.6784314 0.5137255 0.43529412 0.41960785 0.5058824 0.7294118 0.7882353 0.6862745 0.5803922 0.69411767 0.8352941 0.3529412 0.05882353 0.078431375 0.08235294 0.105882354 0.06666667 0.101960786 0.101960786 0.09411765 0.09019608 0.078431375 0.13725491
0.54509807 0.47843137 0.4627451 0.26666668 0.09803922 0.105882354 0.12156863 0.15294118 0.29411766 0.5019608 0.62352943 0.6509804 0.654902 0.6666667 0.70980394 0.7019608 0.65882355 0.68235296 0.7607843 0.7058824 0.36078432 0.05490196 0.05490196 0.050980393 0.078431375 0.050980393 0.078431375 0.11764706 0.105882354 0.09019608 0.08627451 0.22352941
0.63529414 0.59607846 0.5921569 0.43137255 0.2 0.101960786 0.047058824 0.07450981 0.11764706 0.34509805 0.67058825 0.77254903 0.72156864 0.7490196 0.78039217 0.7647059 0.7411765 0.7411765 0.6509804 0.57254905 0.3372549 0.09803922 0.09019608 0.09019608 0.14901961 0.12941177 0.11764706 0.12156863 0.09019608 0.07450981 0.12156863 0.3254902
0.67058825 0.60784316 0.5803922 0.52156866 0.3372549 0.16862746 0.0627451 0.08627451 0.21568628 0.44313726 0.64705884 0.6862745 0.6627451 0.7372549 0.7647059 0.7019608 0.654902 0.68235296 0.6509804 0.5882353 0.29411766 0.1254902 0.12156863 0.09803922 0.12941177 0.20784314 0.21568628 0.20392157 0.09803922 0.0627451 0.15294118 0.34509805
0.654902 0.54901963 0.5176471 0.46666667 0.38431373 0.28627452 0.2 0.26666668 0.41568628 0.5019608 0.5411765 0.49019608 0.49019608 0.67058825 0.7372549 0.6666667 0.6666667 0.7137255 0.7019608 0.60784316 0.23529412 0.09803922 0.1254902 0.2 0.3019608 0.34117648 0.31764707 0.27450982 0.09411765 0.05490196 0.19215687 0.4117647
0.5647059 0.4745098 0.44705883 0.42352942 0.45490196 0.43529412 0.42352942 0.5019608 0.5921569 0.58431375 0.47058824 0.28627452 0.29803923 0.6431373 0.70980394 0.72156864 0.75686276 0.73333335 0.7294118 0.6392157 0.31764707 0.25490198 0.34117648 0.58431375 0.5568628 0.5019608 0.40784314 0.2 0.047058824 0.047058824 0.26666668 0.4509804
0.47843137 0.43529412 0.42352942 0.47058824 0.52156866 0.5058824 0.5921569 0.6666667 0.69803923 0.6627451 0.5803922 0.34509805 0.33333334 0.62352943 0.6431373 0.65882355 0.7529412 0.7882353 0.80784315 0.7647059 0.6313726 0.5647059 0.68235296 0.8352941 0.7176471 0.60784316 0.5176471 0.19215687 0.023529412 0.1254902 0.3764706 0.4627451
0.40392157 0.4117647 0.38039216 0.34509805 0.43529412 0.5568628 0.68235296 0.7254902 0.7529412 0.7372549 0.8 0.5803922 0.48235294 0.6392157 0.69803923 0.74509805 0.827451 0.84705883 0.84705883 0.85490197 0.8235294 0.80784315 0.8509804 0.8666667 0.7764706 0.65882355 0.5568628 0.2 0.05490196 0.3019608 0.45490196 0.45882353
0.38039216 0.39215687 0.36078432 0.3019608 0.3647059 0.6117647 0.7137255 0.72156864 0.77254903 0.7764706 0.76862746 0.69411767 0.62352943 0.6784314 0.70980394 0.78039217 0.827451 0.8509804 0.85882354 0.84705883 0.827451 0.8352941 0.8627451 0.8627451 0.78431374 0.6862745 0.5019608 0.16078432 0.23529412 0.44313726 0.4862745 0.49411765
0.3529412 0.36862746 0.3647059 0.3372549 0.44313726 0.67058825 0.7529412 0.7372549 0.75686276 0.7921569 0.72156864 0.6313726 0.7254902 0.7254902 0.6509804 0.74509805 0.83137256 0.85882354 0.84705883 0.8156863 0.8156863 0.83137256 0.85882354 0.8666667 0.8 0.6901961 0.4392157 0.2784314 0.45490196 0.5058824 0.5019608 0.5137255
0.36078432 0.38431373 0.3372549 0.38039216 0.5803922 0.74509805 0.827451 0.7882353 0.7529412 0.78431374 0.7529412 0.6784314 0.7294118 0.7254902 0.6431373 0.73333335 0.83137256 0.8352941 0.7882353 0.77254903 0.8 0.8392157 0.8666667 0.87058824 0.8117647 0.6784314 0.44705883 0.46666667 0.5411765 0.5411765 0.54509807 0.54901963
0.34509805 0.3882353 0.3647059 0.5019608 0.72156864 0.8156863 0.8392157 0.8235294 0.7764706 0.7882353 0.78431374 0.7019608 0.6862745 0.7019608 0.67058825 0.7490196 0.8 0.7764706 0.7411765 0.7529412 0.8 0.84313726 0.8745098 0.8862745 0.827451 0.6666667 0.49411765 0.54509807 0.5882353 0.5882353 0.5882353 0.58431375
5 0 2
9 31 0
31 12 0
0 26 0
29 31 0
7 0 0
22 0 1
2 31 0
31 29 1
11 0 2
