32, 32, 3, 10
0.9764706 0.96862745 0.972549 0.972549 0.96862745 0.96862745 0.96862745 0.9647059 0.9607843 0.9607843 0.9607843 0.9607843 0.9607843 0.9607843 0.9529412 0.9490196 0.94509804 0.94509804 0.94509804 0.9372549 0.93333334 0.9254902 0.92156863 0.91764706 0.9137255 0.90588236 0.9019608 0.9019608 0.9019608 0.8980392 0.8980392 0.89411765
0.99607843 0.9882353 0.99215686 0.99215686 0.9882353 0.9843137 0.9843137 0.98039216 0.98039216 0.98039216 0.98039216 0.9764706 0.98039216 0.9764706 0.972549 0.9607843 0.95686275 0.95686275 0.95686275 0.9529412 0.9490196 0.94509804 0.9411765 0.9372549 0.93333334 0.9254902 0.92156863 0.92156863 0.92156863 0.91764706 0.91764706 0.9137255
0.99215686 0.9843137 0.9882353 0.9882353 0.98039216 0.9764706 0.9764706 0.9764706 0.972549 0.972549 0.972549 0.972549 0.972549 0.96862745 0.9647059 0.95686275 0.9529412 0.9529412 0.9529412 0.9529412 0.94509804 0.9411765 0.93333334 0.92941177 0.92941177 0.92156863 0.91764706 0.91764706 0.9137255 0.9137255 0.9098039 0.90588236
0.99607843 0.9882353 0.9882353 0.9882353 0.9843137 0.9843137 0.9764706 0.9764706 0.9764706 0.9764706 0.9764706 0.98039216 0.98039216 0.9764706 0.96862745 0.9647059 0.9647059 0.9607843 0.9607843 0.95686275 0.9529412 0.9411765 0.93333334 0.93333334 0.93333334 0.9254902 0.91764706 0.91764706 0.91764706 0.9137255 0.9098039 0.90588236
0.99607843 0.9882353 0.9882353 0.9882353 0.9882353 0.9882353 0.9764706 0.972549 0.972549 0.9764706 0.98039216 0.9843137 0.9843137 0.98039216 0.972549 0.96862745 0.972549 0.972549 0.9647059 0.9607843 0.95686275 0.94509804 0.93333334 0.93333334 0.92941177 0.92156863 0.91764706 0.9137255 0.9137255 0.9137255 0.90588236 0.9019608
0.99607843 0.9882353 0.9882353 0.9882353 0.9843137 0.98039216 0.9764706 0.972549 0.972549 0.972549 0.9764706 0.98039216 0.98039216 0.9764706 0.972549 0.96862745 0.9647059 0.9607843 0.9529412 0.9529412 0.9490196 0.9372549 0.92941177 0.9254902 0.92941177 0.92941177 0.92156863 0.9137255 0.91764706 0.91764706 0.9137255 0.9019608
0.99215686 0.9843137 0.9843137 0.9843137 0.972549 0.9607843 0.9647059 0.95686275 0.9490196 0.9490196 0.9647059 0.96862745 0.96862745 0.9647059 0.95686275 0.9490196 0.9411765 0.9490196 0.9490196 0.9529412 0.9490196 0.93333334 0.9254902 0.9254902 0.92941177 0.9137255 0.9098039 0.9098039 0.87058824 0.87058824 0.8784314 0.8980392
0.9843137 0.98039216 0.9843137 0.98039216 0.9647059 0.94509804 0.9490196 0.9490196 0.9490196 0.9529412 0.9607843 0.9607843 0.9607843 0.9647059 0.9607843 0.9490196 0.9372549 0.9137255 0.87058824 0.8352941 0.8392157 0.89411765 0.9019608 0.8156863 0.67058825 0.5764706 0.6156863 0.69803923 0.5764706 0.54901963 0.53333336 0.6431373
0.9529412 0.94509804 0.94509804 0.9490196 0.9411765 0.9411765 0.94509804 0.9254902 0.9137255 0.9098039 0.9098039 0.91764706 0.9098039 0.8901961 0.85882354 0.8 0.67058825 0.50980395 0.40392157 0.3764706 0.40784314 0.5019608 0.5137255 0.39607844 0.26666668 0.2627451 0.2784314 0.29803923 0.2784314 0.26666668 0.25882354 0.28627452
0.7647059 0.7019608 0.7176471 0.7411765 0.72156864 0.74509805 0.7764706 0.72156864 0.654902 0.61960787 0.6039216 0.6156863 0.57254905 0.5019608 0.44313726 0.38039216 0.30980393 0.25882354 0.24705882 0.23921569 0.22352941 0.25882354 0.2784314 0.2509804 0.22745098 0.24705882 0.21176471 0.20784314 0.20784314 0.19607843 0.21960784 0.22745098
0.5137255 0.49803922 0.5019608 0.5019608 0.4745098 0.46666667 0.49019608 0.4392157 0.40392157 0.4 0.3529412 0.30588236 0.28627452 0.27058825 0.2627451 0.24705882 0.24705882 0.23921569 0.21960784 0.21176471 0.2 0.20392157 0.23137255 0.23137255 0.24705882 0.24705882 0.22352941 0.20392157 0.20392157 0.21960784 0.22352941 0.21568628
0.4 0.39607844 0.3882353 0.38039216 0.35686275 0.32941177 0.33333334 0.30588236 0.28235295 0.27450982 0.2509804 0.23137255 0.23529412 0.23137255 0.22745098 0.22745098 0.20392157 0.19215687 0.18039216 0.18431373 0.16862746 0.17254902 0.2 0.20392157 0.21960784 0.22745098 0.23529412 0.22352941 0.21568628 0.22352941 0.20392157 0.1882353
0.3137255 0.3019608 0.29803923 0.29803923 0.28627452 0.25882354 0.22745098 0.20392157 0.21960784 0.21568628 0.20784314 0.21960784 0.2 0.2 0.21176471 0.2 0.2 0.19607843 0.16862746 0.14509805 0.14117648 0.17254902 0.20392157 0.19607843 0.19215687 0.1764706 0.2 0.21176471 0.20392157 0.1764706 0.13725491 0.15686275
0.29411766 0.26666668 0.25882354 0.27450982 0.24705882 0.22352941 0.19607843 0.1764706 0.19215687 0.19607843 0.18431373 0.1882353 0.17254902 0.17254902 0.1764706 0.16078432 0.18039216 0.19215687 0.16470589 0.18039216 0.19215687 0.18431373 0.1882353 0.20392157 0.16862746 0.14509805 0.1882353 0.1882353 0.1764706 0.16862746 0.14901961 0.15686275
0.24705882 0.21960784 0.22745098 0.22352941 0.19215687 0.20392157 0.2 0.19215687 0.1764706 0.17254902 0.16470589 0.14117648 0.14509805 0.2 0.18431373 0.17254902 0.1764706 0.14901961 0.1764706 0.23137255 0.21568628 0.19607843 0.21960784 0.21568628 0.1764706 0.16470589 0.18039216 0.16078432 0.17254902 0.19607843 0.1764706 0.13333334
0.21176471 0.2 0.19215687 0.16470589 0.15294118 0.16862746 0.15686275 0.18431373 0.2 0.16470589 0.12941177 0.12941177 0.16862746 0.21568628 0.1882353 0.20784314 0.19215687 0.15294118 0.19607843 0.1764706 0.14117648 0.16470589 0.20392157 0.19607843 0.2 0.2 0.21176471 0.19607843 0.1882353 0.1764706 0.12941177 0.12941177
0.20392157 0.19215687 0.19215687 0.16470589 0.17254902 0.20784314 0.21176471 0.23529412 0.20784314 0.15686275 0.14509805 0.16470589 0.19215687 0.18039216 0.16862746 0.19215687 0.16470589 0.18431373 0.17254902 0.1254902 0.11372549 0.13725491 0.1882353 0.25490198 0.2901961 0.31764707 0.3254902 0.28235295 0.25882354 0.17254902 0.14509805 0.1764706
0.21960784 0.2 0.19215687 0.1764706 0.21176471 0.36078432 0.40392157 0.38431373 0.2509804 0.15294118 0.16862746 0.18431373 0.18431373 0.18039216 0.17254902 0.16078432 0.12941177 0.16078432 0.14117648 0.09411765 0.08627451 0.11764706 0.21568628 0.30980393 0.3529412 0.35686275 0.3372549 0.2901961 0.24313726 0.18039216 0.20784314 0.25490198
0.28235295 0.23529412 0.21568628 0.22352941 0.21960784 0.2901961 0.33333334 0.33333334 0.27450982 0.19215687 0.17254902 0.16862746 0.15294118 0.16470589 0.16078432 0.14117648 0.14509805 0.15686275 0.16470589 0.10980392 0.09019608 0.15294118 0.21960784 0.25882354 0.3137255 0.31764707 0.3019608 0.27058825 0.22745098 0.20392157 0.20392157 0.19607843
0.45882353 0.4117647 0.39607844 0.39215687 0.37254903 0.3529412 0.35686275 0.35686275 0.36078432 0.31764707 0.28627452 0.28235295 0.2784314 0.27058825 0.26666668 0.27058825 0.29803923 0.28627452 0.2901961 0.24705882 0.23529412 0.29411766 0.3137255 0.33333334 0.3647059 0.3647059 0.3647059 0.34901962 0.32941177 0.30980393 0.2901961 0.2627451
0.62352943 0.6039216 0.5882353 0.5803922 0.5686275 0.5529412 0.54509807 0.5176471 0.49411765 0.4862745 0.4745098 0.4627451 0.47058824 0.46666667 0.45490196 0.46666667 0.47058824 0.4627451 0.45490196 0.44313726 0.4509804 0.46666667 0.43137255 0.45882353 0.47843137 0.4745098 0.47058824 0.4627451 0.45882353 0.44705883 0.4392157 0.44313726
0.6392157 0.627451 0.627451 0.61960787 0.61960787 0.5058824 0.44313726 0.44313726 0.43137255 0.54509807 0.5764706 0.57254905 0.5764706 0.50980395 0.42352942 0.5372549 0.5686275 0.5647059 0.5647059 0.5568628 0.47843137 0.39215687 0.38039216 0.38431373 0.44313726 0.5137255 0.5372549 0.52156866 0.52156866 0.52156866 0.52156866 0.52156866
0.6392157 0.6313726 0.63529414 0.627451 0.63529414 0.5058824 0.1764706 0.101960786 0.13725491 0.32941177 0.4117647 0.41960785 0.44705883 0.30980393 0.1764706 0.39607844 0.47843137 0.4745098 0.49411765 0.4627451 0.27450982 0.18039216 0.20392157 0.21568628 0.26666668 0.43137255 0.54901963 0.53333336 0.5294118 0.5294118 0.5294118 0.5294118
0.627451 0.61960787 0.627451 0.62352943 0.61960787 0.60784316 0.27450982 0.011764706 0.02745098 0.06666667 0.08627451 0.09803922 0.101960786 0.078431375 0.05490196 0.09019608 0.1254902 0.13333334 0.14117648 0.1254902 0.078431375 0.06666667 0.05882353 0.047058824 0.050980393 0.34901962 0.5764706 0.56078434 0.56078434 0.56078434 0.5529412 0.54901963
0.6156863 0.6117647 0.6156863 0.6117647 0.6117647 0.5921569 0.43137255 0.23921569 0.20784314 0.22745098 0.2627451 0.32156864 0.28627452 0.29803923 0.25882354 0.25882354 0.3372549 0.35686275 0.3254902 0.32156864 0.27450982 0.23529412 0.21568628 0.21176471 0.23529412 0.44705883 0.63529414 0.6392157 0.62352943 0.62352943 0.6313726 0.6156863
0.60784316 0.6039216 0.60784316 0.60784316 0.6 0.54901963 0.47843137 0.44705883 0.4627451 0.5254902 0.5411765 0.54509807 0.54901963 0.5176471 0.4745098 0.5411765 0.5803922 0.5764706 0.5764706 0.5764706 0.50980395 0.4627451 0.44705883 0.4627451 0.48235294 0.5019608 0.5411765 0.54509807 0.5372549 0.53333336 0.5411765 0.5294118
0.59607846 0.5921569 0.59607846 0.59607846 0.5882353 0.5686275 0.5568628 0.5529412 0.5568628 0.57254905 0.5764706 0.5686275 0.56078434 0.56078434 0.54901963 0.56078434 0.5568628 0.54901963 0.5529412 0.5411765 0.5254902 0.52156866 0.5176471 0.52156866 0.5137255 0.50980395 0.5137255 0.5137255 0.5137255 0.50980395 0.5137255 0.5058824
0.58431375 0.5803922 0.58431375 0.58431375 0.5764706 0.5686275 0.5686275 0.56078434 0.54901963 0.54901963 0.5568628 0.5529412 0.54901963 0.54901963 0.5529412 0.54509807 0.5372549 0.53333336 0.53333336 0.5294118 0.52156866 0.5176471 0.52156866 0.5176471 0.5058824 0.50980395 0.5137255 0.50980395 0.50980395 0.50980395 0.5137255 0.5058824
0.57254905 0.5686275 0.5764706 0.57254905 0.5647059 0.56078434 0.56078434 0.5529412 0.54901963 0.54901963 0.5529412 0.5529412 0.54901963 0.5411765 0.5411765 0.54901963 0.54509807 0.5372549 0.53333336 0.53333336 0.5254902 0.5137255 0.50980395 0.5058824 0.5019608 0.5019608 0.5019608 0.49803922 0.49803922 0.49803922 0.49803922 0.49803922
0.5647059 0.56078434 0.5647059 0.56078434 0.5529412 0.5529412 0.54901963 0.5411765 0.53333336 0.5294118 0.5411765 0.5411765 0.5411765 0.53333336 0.53333336 0.53333336 0.5294118 0.5294118 0.5294118 0.5254902 0.5137255 0.5019608 0.49803922 0.49803922 0.49411765 0.49411765 0.49019608 0.4862745 0.4862745 0.4862745 0.4862745 0.48235294
0.5529412 0.54901963 0.54901963 0.5411765 0.5411765 0.54509807 0.54509807 0.53333336 0.5254902 0.52156866 0.5294118 0.5294118 0.53333336 0.5294118 0.5294118 0.5294118 0.52156866 0.5176471 0.52156866 0.5176471 0.50980395 0.49411765 0.49411765 0.49019608 0.4862745 0.4862745 0.48235294 0.47843137 0.47843137 0.47058824 0.46666667 0.46666667
0.5294118 0.5254902 0.5294118 0.5254902 0.52156866 0.52156866 0.52156866 0.52156866 0.5176471 0.50980395 0.50980395 0.5137255 0.5176471 0.5137255 0.5058824 0.50980395 0.5058824 0.5019608 0.5058824 0.49803922 0.49019608 0.47843137 0.47843137 0.47843137 0.4745098 0.47058824 0.46666667 0.46666667 0.4627451 0.45490196 0.4509804 0.4509804
0.9882353 0.9843137 0.9843137 0.9843137 0.9843137 0.9843137 0.9843137 0.9764706 0.9764706 0.972549 0.9647059 0.9647059 0.9647059 0.9607843 0.95686275 0.9490196 0.9490196 0.9490196 0.94509804 0.9372549 0.93333334 0.9372549 0.93333334 0.92941177 0.9254902 0.92156863 0.91764706 0.91764706 0.91764706 0.9137255 0.9137255 0.9098039
1.0 0.99607843 0.99607843 1.0 0.99607843 0.99215686 0.99215686 0.9882353 0.9882353 0.9882353 0.98039216 0.9764706 0.9764706 0.9764706 0.96862745 0.9607843 0.95686275 0.95686275 0.95686275 0.9529412 0.9490196 0.9490196 0.94509804 0.9411765 0.9372549 0.93333334 0.9254902 0.9254902 0.9254902 0.9254902 0.92156863 0.92156863
0.99215686 0.9843137 0.9882353 0.9882353 0.9843137 0.98039216 0.98039216 0.9764706 0.9764706 0.9764706 0.96862745 0.9647059 0.9647059 0.9647059 0.95686275 0.9490196 0.94509804 0.94509804 0.94509804 0.94509804 0.9411765 0.9411765 0.93333334 0.92941177 0.92941177 0.92156863 0.91764706 0.91764706 0.91764706 0.9137255 0.9137255 0.90588236
0.99607843 0.9882353 0.9882353 0.9843137 0.9843137 0.9843137 0.98039216 0.9764706 0.9764706 0.972549 0.9647059 0.9647059 0.9647059 0.9607843 0.9529412 0.9490196 0.9490196 0.94509804 0.94509804 0.9411765 0.9411765 0.9372549 0.93333334 0.92941177 0.92941177 0.9254902 0.91764706 0.9137255 0.9137255 0.9137255 0.9098039 0.9019608
0.9882353 0.98039216 0.98039216 0.9764706 0.98039216 0.98039216 0.96862745 0.9647059 0.96862745 0.9647059 0.9607843 0.9607843 0.9607843 0.95686275 0.9529412 0.9490196 0.9490196 0.9490196 0.9411765 0.9372549 0.9372549 0.93333334 0.9254902 0.9254902 0.92156863 0.9137255 0.90588236 0.90588236 0.90588236 0.9019608 0.8980392 0.89411765
0.98039216 0.9764706 0.972549 0.972549 0.972549 0.972549 0.9647059 0.9607843 0.9647059 0.9647059 0.9529412 0.9529412 0.9529412 0.9490196 0.94509804 0.9411765 0.9372549 0.93333334 0.9254902 0.9254902 0.9254902 0.92156863 0.9137255 0.9098039 0.9137255 0.9137255 0.90588236 0.8980392 0.9019608 0.9019608 0.8980392 0.8901961
0.96862745 0.9607843 0.9647059 0.9607843 0.9607843 0.9647059 0.96862745 0.9607843 0.95686275 0.9490196 0.9411765 0.93333334 0.93333334 0.92941177 0.92156863 0.92156863 0.91764706 0.92941177 0.9254902 0.92941177 0.92941177 0.9254902 0.92156863 0.91764706 0.92156863 0.90588236 0.89411765 0.8901961 0.84705883 0.8509804 0.85490197 0.8784314
0.95686275 0.9490196 0.95686275 0.9490196 0.9490196 0.9490196 0.9529412 0.9529412 0.9529412 0.9529412 0.9372549 0.92941177 0.92941177 0.93333334 0.93333334 0.9254902 0.9254902 0.9019608 0.85882354 0.81960785 0.827451 0.89411765 0.9019608 0.81960785 0.6745098 0.5764706 0.60784316 0.6862745 0.56078434 0.53333336 0.5176471 0.6313726
0.9372549 0.9254902 0.9254902 0.92941177 0.9254902 0.92941177 0.93333334 0.9137255 0.8980392 0.89411765 0.89411765 0.9019608 0.89411765 0.8745098 0.84313726 0.7921569 0.67058825 0.5058824 0.4 0.37254903 0.40392157 0.5058824 0.5176471 0.4 0.27058825 0.26666668 0.2901961 0.30980393 0.2901961 0.28235295 0.27058825 0.29803923
0.7529412 0.6901961 0.7058824 0.7294118 0.7058824 0.72156864 0.7529412 0.69803923 0.6313726 0.6 0.6039216 0.61960787 0.5764706 0.5019608 0.44313726 0.3882353 0.32156864 0.26666668 0.25882354 0.24705882 0.23529412 0.27058825 0.2901961 0.2627451 0.23921569 0.25882354 0.23921569 0.24313726 0.24313726 0.23137255 0.25490198 0.25882354
0.50980395 0.49411765 0.49803922 0.49803922 0.46666667 0.45490196 0.47843137 0.42745098 0.39215687 0.39607844 0.3647059 0.3254902 0.30588236 0.2901961 0.28235295 0.26666668 0.27058825 0.2627451 0.24313726 0.23529412 0.22352941 0.22745098 0.2509804 0.2509804 0.26666668 0.26666668 0.25882354 0.24705882 0.24705882 0.2627451 0.27058825 0.25490198
0.40392157 0.4 0.39215687 0.38431373 0.3647059 0.34509805 0.34509805 0.31764707 0.29411766 0.2901961 0.2784314 0.26666668 0.26666668 0.26666668 0.2627451 0.2627451 0.24313726 0.23137255 0.21960784 0.21960784 0.20392157 0.20392157 0.23137255 0.23529412 0.2509804 0.25490198 0.27058825 0.25882354 0.2509804 0.25882354 0.23921569 0.22352941
0.32156864 0.30980393 0.30588236 0.30588236 0.30980393 0.29803923 0.26666668 0.23921569 0.25882354 0.25490198 0.24705882 0.2627451 0.24313726 0.23921569 0.2509804 0.24705882 0.24705882 0.24705882 0.21568628 0.19607843 0.1882353 0.21176471 0.23921569 0.23137255 0.22745098 0.21568628 0.22745098 0.23529412 0.22745098 0.20392157 0.16470589 0.18431373
0.3137255 0.28627452 0.27450982 0.2901961 0.27450982 0.26666668 0.24313726 0.21960784 0.23529412 0.23921569 0.22745098 0.23137255 0.21960784 0.21960784 0.22352941 0.2 0.21960784 0.23137255 0.20784314 0.22745098 0.23921569 0.21960784 0.22745098 0.24705882 0.21176471 0.19215687 0.21960784 0.21568628 0.21176471 0.20784314 0.2 0.20392157
0.27450982 0.24705882 0.25490198 0.2509804 0.21960784 0.23529412 0.23137255 0.22352941 0.20784314 0.20784314 0.2 0.1764706 0.18431373 0.23921569 0.22745098 0.20392157 0.2 0.18039216 0.20784314 0.26666668 0.25490198 0.23529412 0.25490198 0.2509804 0.21568628 0.20784314 0.21568628 0.19215687 0.21568628 0.2509804 0.24313726 0.19607843
0.24705882 0.23921569 0.22745098 0.2 0.18039216 0.18431373 0.17254902 0.2 0.21568628 0.18039216 0.15294118 0.15686275 0.2 0.24705882 0.22352941 0.24313726 0.22745098 0.1882353 0.23529412 0.21176471 0.18039216 0.20784314 0.23529412 0.21176471 0.21176471 0.19607843 0.21568628 0.21568628 0.21176471 0.21568628 0.1764706 0.1764706
0.2509804 0.23921569 0.23529412 0.20784314 0.2 0.21176471 0.21568628 0.23921569 0.21176471 0.16470589 0.16078432 0.1882353 0.21568628 0.20392157 0.19607843 0.23137255 0.21176471 0.22745098 0.21568628 0.16470589 0.15686275 0.18431373 0.21960784 0.25490198 0.26666668 0.27450982 0.3019608 0.28627452 0.26666668 0.19215687 0.16862746 0.20392157
0.27450982 0.25490198 0.24705882 0.23137255 0.2509804 0.37254903 0.41568628 0.4 0.2627451 0.16862746 0.19215687 0.21568628 0.21568628 0.21176471 0.20784314 0.20784314 0.18431373 0.21176471 0.19215687 0.13725491 0.13333334 0.16470589 0.24705882 0.30980393 0.3254902 0.30980393 0.3137255 0.2901961 0.24705882 0.19607843 0.22745098 0.2784314
0.34117648 0.2901961 0.27450982 0.28235295 0.26666668 0.3254902 0.37254903 0.36862746 0.30980393 0.22745098 0.21960784 0.21568628 0.20392157 0.21568628 0.21568628 0.19607843 0.20784314 0.21568628 0.21960784 0.16078432 0.14117648 0.19607843 0.24705882 0.27058825 0.30980393 0.3019608 0.29411766 0.28235295 0.24313726 0.23529412 0.23921569 0.23529412
0.5176471 0.47058824 0.45490196 0.4509804 0.43137255 0.4117647 0.41568628 0.41960785 0.42352942 0.3764706 0.3529412 0.3529412 0.34901962 0.34509805 0.34509805 0.34117648 0.36078432 0.34901962 0.34901962 0.30980393 0.2901961 0.3254902 0.3372549 0.35686275 0.39215687 0.39215687 0.3882353 0.37254903 0.36078432 0.35686275 0.34901962 0.31764707
0.6901961 0.67058825 0.654902 0.64705884 0.6313726 0.6156863 0.6117647 0.58431375 0.5686275 0.5647059 0.54901963 0.5372549 0.54509807 0.54509807 0.53333336 0.5411765 0.5372549 0.5254902 0.52156866 0.50980395 0.49803922 0.45882353 0.41960785 0.46666667 0.50980395 0.5176471 0.5176471 0.50980395 0.5137255 0.50980395 0.5137255 0.50980395
0.7176471 0.7058824 0.7019608 0.69803923 0.6862745 0.56078434 0.49803922 0.49803922 0.49411765 0.6117647 0.6392157 0.6313726 0.63529414 0.5647059 0.48235294 0.59607846 0.6313726 0.627451 0.62352943 0.62352943 0.5137255 0.3372549 0.3254902 0.3647059 0.45490196 0.54901963 0.59607846 0.5921569 0.5921569 0.5921569 0.59607846 0.59607846
0.7176471 0.70980394 0.7137255 0.7058824 0.7058824 0.5686275 0.21568628 0.12941177 0.16470589 0.35686275 0.44705883 0.45882353 0.4862745 0.34901962 0.21176471 0.42745098 0.50980395 0.5058824 0.52156866 0.49411765 0.28235295 0.12941177 0.15294118 0.2 0.28235295 0.4745098 0.6156863 0.60784316 0.6039216 0.6039216 0.6039216 0.6039216
0.7058824 0.69803923 0.7058824 0.7019608 0.69803923 0.68235296 0.31764707 0.02745098 0.023529412 0.05490196 0.101960786 0.12156863 0.1254902 0.101960786 0.07450981 0.101960786 0.1254902 0.13333334 0.14117648 0.12941177 0.07450981 0.039215688 0.043137256 0.050980393 0.07450981 0.39607844 0.64705884 0.63529414 0.63529414 0.63529414 0.627451 0.62352943
0.69411767 0.6901961 0.69411767 0.6901961 0.6901961 0.67058825 0.49019608 0.26666668 0.20392157 0.21176471 0.28235295 0.3529412 0.31764707 0.32941177 0.2901961 0.27058825 0.3372549 0.35686275 0.3254902 0.32156864 0.27450982 0.23921569 0.23137255 0.24313726 0.28235295 0.50980395 0.7058824 0.7137255 0.69803923 0.69803923 0.7058824 0.6901961
0.6862745 0.68235296 0.6862745 0.6862745 0.68235296 0.63529414 0.54901963 0.49803922 0.49019608 0.54901963 0.58431375 0.6 0.6 0.5686275 0.5254902 0.58431375 0.6117647 0.6039216 0.60784316 0.60784316 0.54509807 0.5019608 0.49411765 0.5176471 0.54901963 0.5764706 0.6156863 0.61960787 0.6117647 0.60784316 0.6156863 0.6039216
0.6784314 0.67058825 0.6745098 0.6745098 0.67058825 0.654902 0.6392157 0.6313726 0.63529414 0.6509804 0.654902 0.64705884 0.6392157 0.6392157 0.6313726 0.6392157 0.6313726 0.627451 0.6313726 0.61960787 0.6 0.5882353 0.58431375 0.5921569 0.5921569 0.5921569 0.5921569 0.5882353 0.5882353 0.58431375 0.5882353 0.5803922
0.6666667 0.6666667 0.6666667 0.6666667 0.65882355 0.65882355 0.65882355 0.65882355 0.6509804 0.6509804 0.6509804 0.6431373 0.6392157 0.6431373 0.6431373 0.6392157 0.63529414 0.6313726 0.6313726 0.627451 0.6156863 0.6039216 0.6039216 0.6039216 0.5921569 0.6 0.59607846 0.5882353 0.5882353 0.5921569 0.5921569 0.5882353
0.6666667 0.6627451 0.67058825 0.6666667 0.65882355 0.654902 0.65882355 0.654902 0.6509804 0.64705884 0.6392157 0.63529414 0.63529414 0.62352943 0.62352943 0.6313726 0.627451 0.61960787 0.61960787 0.6156863 0.6117647 0.6039216 0.6039216 0.6039216 0.6 0.6 0.59607846 0.5921569 0.5921569 0.5921569 0.5921569 0.5882353
0.6627451 0.65882355 0.6627451 0.65882355 0.6509804 0.64705884 0.64705884 0.6392157 0.6313726 0.627451 0.61960787 0.61960787 0.61960787 0.6117647 0.6117647 0.6117647 0.60784316 0.60784316 0.60784316 0.6 0.59607846 0.59607846 0.59607846 0.5921569 0.5921569 0.5921569 0.5882353 0.58431375 0.58431375 0.58431375 0.58431375 0.5803922
0.6509804 0.64705884 0.64705884 0.6392157 0.6392157 0.64705884 0.6431373 0.63529414 0.627451 0.61960787 0.6117647 0.6117647 0.6117647 0.60784316 0.60784316 0.60784316 0.6 0.59607846 0.6 0.59607846 0.5921569 0.5882353 0.5921569 0.5882353 0.58431375 0.58431375 0.5803922 0.5803922 0.5764706 0.5686275 0.5686275 0.5686275
0.627451 0.62352943 0.627451 0.62352943 0.61960787 0.6156863 0.6156863 0.61960787 0.6156863 0.6039216 0.5921569 0.5921569 0.59607846 0.5921569 0.58431375 0.5882353 0.58431375 0.5803922 0.58431375 0.5764706 0.5686275 0.57254905 0.57254905 0.5764706 0.57254905 0.5686275 0.5647059 0.5647059 0.56078434 0.54901963 0.54509807 0.54901963
0.99607843 0.9882353 0.99215686 0.99215686 0.9882353 0.98039216 0.98039216 0.9764706 0.972549 0.972549 0.9647059 0.9647059 0.9647059 0.9647059 0.95686275 0.9529412 0.9490196 0.9490196 0.94509804 0.9411765 0.9372549 0.9490196 0.94509804 0.9411765 0.9372549 0.93333334 0.9254902 0.9254902 0.9254902 0.9254902 0.9254902 0.91764706
1.0 1.0 1.0 1.0 0.99607843 0.9882353 0.9882353 0.9843137 0.9843137 0.9843137 0.9764706 0.9764706 0.9764706 0.972549 0.96862745 0.9607843 0.9529412 0.9529412 0.95686275 0.9490196 0.9490196 0.95686275 0.9529412 0.9490196 0.94509804 0.9372549 0.93333334 0.93333334 0.93333334 0.92941177 0.92941177 0.92941177
0.99215686 0.9882353 0.9882353 0.9882353 0.98039216 0.96862745 0.96862745 0.96862745 0.9647059 0.9647059 0.95686275 0.95686275 0.95686275 0.95686275 0.9490196 0.9411765 0.9372549 0.9372549 0.9372549 0.9372549 0.93333334 0.9411765 0.9372549 0.93333334 0.92941177 0.9254902 0.91764706 0.91764706 0.91764706 0.9137255 0.9137255 0.9098039
0.99215686 0.9843137 0.9843137 0.9843137 0.9764706 0.9647059 0.9607843 0.95686275 0.95686275 0.95686275 0.9529412 0.9490196 0.9490196 0.9490196 0.9411765 0.9372549 0.93333334 0.93333334 0.92941177 0.92941177 0.92941177 0.93333334 0.92941177 0.9254902 0.9254902 0.92156863 0.9137255 0.9098039 0.9098039 0.9098039 0.90588236 0.9019608
0.98039216 0.972549 0.96862745 0.96862745 0.9647059 0.95686275 0.94509804 0.9411765 0.94509804 0.94509804 0.9411765 0.9411765 0.9411765 0.9372549 0.93333334 0.92941177 0.92941177 0.92941177 0.92156863 0.91764706 0.91764706 0.92156863 0.91764706 0.9137255 0.9137255 0.90588236 0.8980392 0.8980392 0.8980392 0.89411765 0.8901961 0.8862745
0.96862745 0.9647059 0.9607843 0.9607843 0.9529412 0.94509804 0.9372549 0.93333334 0.9372549 0.9372549 0.92941177 0.92941177 0.92941177 0.92941177 0.92156863 0.91764706 0.9137255 0.9098039 0.9019608 0.9019608 0.90588236 0.90588236 0.9019608 0.8980392 0.90588236 0.9019608 0.89411765 0.8862745 0.8901961 0.8901961 0.8862745 0.8784314
0.95686275 0.9490196 0.9529412 0.9490196 0.9372549 0.9254902 0.92941177 0.9254902 0.91764706 0.9137255 0.92156863 0.92156863 0.92156863 0.91764706 0.9098039 0.9019608 0.89411765 0.90588236 0.9019608 0.90588236 0.90588236 0.90588236 0.9019608 0.9019608 0.9019608 0.8901961 0.8784314 0.8745098 0.8352941 0.8352941 0.84313726 0.8666667
0.94509804 0.9372549 0.94509804 0.9372549 0.9254902 0.9098039 0.9098039 0.9137255 0.9098039 0.9137255 0.9137255 0.9137255 0.9137255 0.9137255 0.9137255 0.9019608 0.8980392 0.8745098 0.83137256 0.7921569 0.8039216 0.87058824 0.88235295 0.79607844 0.6509804 0.5529412 0.5882353 0.6666667 0.54509807 0.5137255 0.49803922 0.6117647
0.92156863 0.9098039 0.9098039 0.9137255 0.9019608 0.89411765 0.8980392 0.8784314 0.8627451 0.85882354 0.8509804 0.85882354 0.8509804 0.827451 0.8 0.75686276 0.64705884 0.48235294 0.38039216 0.3529412 0.38431373 0.48235294 0.49411765 0.3764706 0.24705882 0.24313726 0.2627451 0.28235295 0.2627451 0.25490198 0.24705882 0.2627451
0.7372549 0.6745098 0.6901961 0.7137255 0.6784314 0.6901961 0.72156864 0.6666667 0.6 0.5647059 0.54901963 0.5568628 0.5137255 0.44313726 0.38431373 0.34901962 0.3019608 0.24705882 0.23921569 0.22745098 0.21176471 0.24313726 0.2627451 0.23529412 0.21176471 0.23137255 0.20784314 0.20784314 0.20784314 0.2 0.22352941 0.21568628
0.49019608 0.47058824 0.47843137 0.47843137 0.4392157 0.41960785 0.4392157 0.39215687 0.35686275 0.3529412 0.30588236 0.25882354 0.23921569 0.22745098 0.21568628 0.22745098 0.25490198 0.24705882 0.22745098 0.21960784 0.20392157 0.2 0.21960784 0.22352941 0.23529412 0.23921569 0.22352941 0.20784314 0.21176471 0.22352941 0.23137255 0.20784314
0.38039216 0.3764706 0.36862746 0.36078432 0.33333334 0.29803923 0.3019608 0.27450982 0.2509804 0.24313726 0.22352941 0.20784314 0.20784314 0.20784314 0.20392157 0.22745098 0.22745098 0.21960784 0.20392157 0.20784314 0.1882353 0.17254902 0.19607843 0.2 0.21960784 0.22352941 0.23529412 0.22352941 0.21960784 0.22352941 0.20784314 0.18431373
0.29803923 0.28627452 0.2784314 0.2784314 0.27058825 0.24705882 0.21568628 0.1882353 0.20784314 0.20392157 0.20392157 0.22352941 0.2 0.2 0.21176471 0.21960784 0.23529412 0.23529412 0.2 0.18039216 0.16862746 0.18039216 0.20392157 0.19607843 0.19215687 0.1764706 0.19607843 0.20784314 0.19607843 0.16862746 0.12941177 0.14901961
0.2901961 0.2627451 0.2509804 0.26666668 0.24313726 0.22352941 0.2 0.1764706 0.19215687 0.2 0.21176471 0.21960784 0.2 0.19215687 0.19215687 0.19215687 0.22352941 0.21960784 0.1764706 0.1764706 0.18039216 0.17254902 0.18039216 0.19607843 0.16078432 0.14509805 0.18431373 0.18431373 0.17254902 0.15294118 0.13333334 0.14117648
0.24705882 0.21960784 0.22745098 0.22352941 0.19215687 0.20392157 0.2 0.19607843 0.18039216 0.18039216 0.19607843 0.18039216 0.1764706 0.21960784 0.19607843 0.19607843 0.20392157 0.15686275 0.16078432 0.19215687 0.1764706 0.17254902 0.19607843 0.19607843 0.15686275 0.14901961 0.17254902 0.15294118 0.16470589 0.18431373 0.16078432 0.10980392
0.20784314 0.19607843 0.1882353 0.16078432 0.14901961 0.16078432 0.14901961 0.1764706 0.19215687 0.15686275 0.14117648 0.14117648 0.17254902 0.21176471 0.18039216 0.20784314 0.2 0.15686275 0.19607843 0.16470589 0.12941177 0.14901961 0.18039216 0.16470589 0.16470589 0.15294118 0.16862746 0.16470589 0.16470589 0.16078432 0.1254902 0.12156863
0.2 0.1882353 0.18431373 0.15686275 0.16470589 0.19215687 0.19607843 0.21960784 0.19215687 0.14509805 0.14117648 0.16078432 0.18039216 0.15686275 0.14117648 0.17254902 0.15686275 0.1882353 0.18431373 0.14901961 0.14117648 0.14117648 0.17254902 0.22352941 0.24313726 0.25490198 0.2627451 0.22745098 0.21960784 0.16078432 0.15294118 0.18039216
0.22352941 0.20784314 0.2 0.18431373 0.21176471 0.3529412 0.39215687 0.3764706 0.24313726 0.14901961 0.16470589 0.18431373 0.1764706 0.16078432 0.14509805 0.14117648 0.12156863 0.16862746 0.16862746 0.13725491 0.12941177 0.13333334 0.21176471 0.28627452 0.30980393 0.29803923 0.27450982 0.23921569 0.21176471 0.17254902 0.22352941 0.27058825
0.30980393 0.2627451 0.24313726 0.2509804 0.23921569 0.29803923 0.34117648 0.34117648 0.28235295 0.2 0.19607843 0.1882353 0.16862746 0.17254902 0.16078432 0.14117648 0.15686275 0.18039216 0.20392157 0.16078432 0.14117648 0.17254902 0.21960784 0.2509804 0.29803923 0.2901961 0.27450982 0.2509804 0.21960784 0.20784314 0.21960784 0.21568628
0.50980395 0.46666667 0.44705883 0.44705883 0.4117647 0.3764706 0.38039216 0.38039216 0.38431373 0.34509805 0.3372549 0.34117648 0.3254902 0.30588236 0.29803923 0.3019608 0.32941177 0.3254902 0.3372549 0.29803923 0.28235295 0.30980393 0.31764707 0.3372549 0.37254903 0.37254903 0.38039216 0.36862746 0.34509805 0.3254902 0.30588236 0.28235295
0.6901961 0.67058825 0.654902 0.6509804 0.62352943 0.5921569 0.58431375 0.5568628 0.5411765 0.5372549 0.5411765 0.53333336 0.53333336 0.5254902 0.50980395 0.5176471 0.52156866 0.50980395 0.5019608 0.49019608 0.48235294 0.44705883 0.40784314 0.4509804 0.49019608 0.49803922 0.5137255 0.50980395 0.5058824 0.4862745 0.4745098 0.4745098
0.70980394 0.69803923 0.69803923 0.69411767 0.68235296 0.5529412 0.49019608 0.49019608 0.4862745 0.6039216 0.63529414 0.627451 0.6313726 0.56078434 0.47843137 0.58431375 0.6117647 0.60784316 0.6039216 0.6 0.49803922 0.32941177 0.31764707 0.3529412 0.4392157 0.5372549 0.5882353 0.5882353 0.58431375 0.58431375 0.58431375 0.5803922
0.70980394 0.7019608 0.7058824 0.69803923 0.7019608 0.5647059 0.21568628 0.13333334 0.17254902 0.3647059 0.4509804 0.4627451 0.49019608 0.3529412 0.21568628 0.42352942 0.49803922 0.49411765 0.50980395 0.48235294 0.27450982 0.12156863 0.14509805 0.1882353 0.27058825 0.4627451 0.60784316 0.6 0.59607846 0.59607846 0.59607846 0.5882353
0.69803923 0.6901961 0.69803923 0.69411767 0.6901961 0.6784314 0.31764707 0.039215688 0.043137256 0.07450981 0.11372549 0.13333334 0.13725491 0.10980392 0.08235294 0.105882354 0.1254902 0.13333334 0.14117648 0.12941177 0.07058824 0.03137255 0.03137255 0.043137256 0.06666667 0.39215687 0.6392157 0.627451 0.627451 0.627451 0.61960787 0.6117647
0.6862745 0.68235296 0.6862745 0.68235296 0.68235296 0.6627451 0.4862745 0.27450982 0.22352941 0.23529412 0.29411766 0.36078432 0.3254902 0.3372549 0.29411766 0.27450982 0.3372549 0.35686275 0.3254902 0.3254902 0.27058825 0.22352941 0.21568628 0.23137255 0.2784314 0.50980395 0.7019608 0.7058824 0.6901961 0.6901961 0.69803923 0.6745098
0.6784314 0.6745098 0.6784314 0.6784314 0.6745098 0.62352943 0.5411765 0.49803922 0.49803922 0.5568628 0.5882353 0.6 0.6 0.5686275 0.5254902 0.5764706 0.6039216 0.59607846 0.59607846 0.59607846 0.5294118 0.48235294 0.4745098 0.50980395 0.54901963 0.5764706 0.6117647 0.6117647 0.6039216 0.6 0.60784316 0.5921569
0.67058825 0.6627451 0.6666667 0.6666667 0.65882355 0.6431373 0.6313726 0.62352943 0.62352943 0.6431373 0.64705884 0.63529414 0.6313726 0.6313726 0.61960787 0.61960787 0.60784316 0.6 0.6039216 0.5921569 0.5764706 0.5647059 0.5686275 0.58431375 0.5882353 0.5921569 0.5882353 0.5803922 0.5803922 0.5764706 0.5803922 0.5686275
0.65882355 0.654902 0.65882355 0.654902 0.6509804 0.6431373 0.64705884 0.6431373 0.63529414 0.63529414 0.6392157 0.6313726 0.627451 0.627451 0.6313726 0.61960787 0.60784316 0.6039216 0.6039216 0.6 0.5882353 0.5803922 0.5882353 0.5921569 0.58431375 0.59607846 0.5921569 0.5803922 0.5803922 0.5803922 0.58431375 0.5764706
0.6509804 0.6509804 0.65882355 0.654902 0.6431373 0.6431373 0.6431373 0.63529414 0.63529414 0.6313726 0.627451 0.627451 0.62352943 0.6156863 0.6156863 0.61960787 0.6156863 0.60784316 0.60784316 0.6039216 0.59607846 0.5882353 0.5882353 0.5882353 0.58431375 0.5882353 0.58431375 0.5764706 0.5764706 0.5764706 0.5764706 0.5764706
0.64705884 0.6431373 0.64705884 0.6431373 0.63529414 0.6313726 0.6313726 0.62352943 0.6156863 0.6117647 0.6117647 0.6117647 0.6117647 0.6039216 0.6039216 0.6039216 0.6 0.6 0.6 0.5921569 0.5882353 0.5803922 0.5803922 0.5764706 0.5764706 0.5764706 0.57254905 0.5686275 0.5686275 0.5686275 0.5686275 0.5647059
0.63529414 0.6313726 0.6313726 0.62352943 0.62352943 0.6313726 0.627451 0.61960787 0.6117647 0.6039216 0.6039216 0.6039216 0.6039216 0.6 0.6 0.6 0.5921569 0.5882353 0.5921569 0.5882353 0.5803922 0.5764706 0.5764706 0.57254905 0.5686275 0.5686275 0.5647059 0.5647059 0.56078434 0.5529412 0.5529412 0.5529412
0.6117647 0.60784316 0.6117647 0.60784316 0.6039216 0.6039216 0.6 0.6039216 0.6 0.5882353 0.58431375 0.58431375 0.5882353 0.58431375 0.5764706 0.5803922 0.5764706 0.57254905 0.5764706 0.5686275 0.56078434 0.5568628 0.5568628 0.56078434 0.5568628 0.5529412 0.54901963 0.54901963 0.54509807 0.53333336 0.53333336 0.53333336
31 11 2
19 31 2
21 0 0
31 30 1
0 0 2
18 31 0
0 24 2
8 31 1
27 0 0
0 13 1
