32, 32, 3, 10
0.972549 0.9607843 0.9607843 0.9607843 0.9607843 0.9607843 0.9607843 0.9607843 0.9607843 0.9607843 0.9607843 0.9607843 0.9607843 0.9607843 0.9607843 0.9607843 0.9607843 0.9607843 0.9607843 0.9607843 0.9607843 0.9607843 0.9607843 0.9607843 0.9607843 0.9607843 0.9607843 0.9607843 0.9607843 0.9607843 0.9607843 0.9607843
0.972549 0.9607843 0.9607843 0.9607843 0.9607843 0.9607843 0.9607843 0.9607843 0.9607843 0.9607843 0.9607843 0.9607843 0.9607843 0.9607843 0.9607843 0.9607843 0.9607843 0.9607843 0.9607843 0.9607843 0.9607843 0.9607843 0.9607843 0.9607843 0.9607843 0.9607843 0.9607843 0.9607843 0.9607843 0.9607843 0.9607843 0.9607843
0.9764706 0.9647059 0.9647059 0.9647059 0.9647059 0.9647059 0.9647059 0.9647059 0.9647059 0.9647059 0.9647059 0.9647059 0.9647059 0.9647059 0.9647059 0.9647059 0.9647059 0.9647059 0.9647059 0.9647059 0.9647059 0.9647059 0.9647059 0.9647059 0.9647059 0.9647059 0.9647059 0.9647059 0.9647059 0.9647059 0.9647059 0.9647059
0.9764706 0.9647059 0.9647059 0.9647059 0.9647059 0.9647059 0.9647059 0.9647059 0.9647059 0.9647059 0.9647059 0.9647059 0.9647059 0.9647059 0.9647059 0.9647059 0.9647059 0.9647059 0.9647059 0.9647059 0.9647059 0.9647059 0.9647059 0.9647059 0.9647059 0.9647059 0.9647059 0.9647059 0.9647059 0.9647059 0.9647059 0.9647059
0.9764706 0.9607843 0.9647059 0.9647059 0.9647059 0.9647059 0.9647059 0.9647059 0.9647059 0.9647059 0.9647059 0.9647059 0.9647059 0.9647059 0.9647059 0.9647059 0.9647059 0.9647059 0.9647059 0.9647059 0.9647059 0.9647059 0.9647059 0.9647059 0.9647059 0.9647059 0.9647059 0.9647059 0.9647059 0.9647059 0.9647059 0.9647059
0.9764706 0.9607843 0.9647059 0.96862745 0.96862745 0.9647059 0.9607843 0.9647059 0.96862745 0.96862745 0.96862745 0.96862745 0.972549 0.96862745 0.9647059 0.9647059 0.9607843 0.95686275 0.9647059 0.9647059 0.9647059 0.9647059 0.9647059 0.9647059 0.9647059 0.9647059 0.9647059 0.9607843 0.9607843 0.9647059 0.9647059 0.9647059
0.9764706 0.9607843 0.9647059 0.96862745 0.96862745 0.96862745 0.9647059 0.9607843 0.9607843 0.9607843 0.9647059 0.9647059 0.96862745 0.9647059 0.9607843 0.9607843 0.95686275 0.95686275 0.9607843 0.9647059 0.9647059 0.9647059 0.9647059 0.9647059 0.9647059 0.9647059 0.9647059 0.9647059 0.9607843 0.9647059 0.9647059 0.9647059
0.9764706 0.9607843 0.9647059 0.95686275 0.9490196 0.95686275 0.9647059 0.96862745 0.972549 0.96862745 0.9647059 0.9607843 0.9607843 0.9607843 0.9529412 0.9529412 0.95686275 0.95686275 0.9607843 0.9647059 0.9647059 0.9647059 0.9647059 0.9647059 0.9647059 0.9647059 0.9647059 0.96862745 0.9764706 0.9647059 0.9647059 0.9647059
0.9764706 0.9607843 0.9607843 0.9607843 0.9607843 0.9607843 0.96862745 0.9607843 0.92156863 0.93333334 0.9529412 0.972549 0.9647059 0.9647059 0.9607843 0.9607843 0.9607843 0.9607843 0.9647059 0.9647059 0.9647059 0.9647059 0.9647059 0.9647059 0.9607843 0.95686275 0.972549 0.96862745 0.9411765 0.9490196 0.9607843 0.9647059
0.9764706 0.95686275 0.9137255 0.73333335 0.6313726 0.627451 0.8156863 0.9019608 0.84313726 0.84313726 0.90588236 0.9411765 0.9372549 0.94509804 0.9490196 0.94509804 0.93333334 0.95686275 0.9647059 0.9647059 0.9647059 0.9647059 0.96862745 0.96862745 0.9607843 0.9647059 0.9411765 0.87058824 0.7921569 0.80784315 0.94509804 0.9647059
0.972549 0.9607843 0.90588236 0.49803922 0.15294118 0.101960786 0.42745098 0.6627451 0.7058824 0.7490196 0.79607844 0.72156864 0.5686275 0.58431375 0.5882353 0.5921569 0.7294118 0.9411765 0.9607843 0.9647059 0.9647059 0.9607843 0.9607843 0.9607843 0.9647059 0.8980392 0.76862746 0.76862746 0.7254902 0.7294118 0.9411765 0.96862745
0.9764706 0.95686275 0.95686275 0.9137255 0.68235296 0.44705883 0.4392157 0.4392157 0.4392157 0.49019608 0.5921569 0.58431375 0.4862745 0.43529412 0.4509804 0.5921569 0.79607844 0.94509804 0.9647059 0.96862745 0.9607843 0.9647059 0.972549 0.9411765 0.84705883 0.76862746 0.7647059 0.77254903 0.69803923 0.8156863 0.9647059 0.9607843
0.9764706 0.95686275 0.95686275 0.9647059 0.9764706 0.9372549 0.87058824 0.78039217 0.4862745 0.32156864 0.5176471 0.67058825 0.67058825 0.56078434 0.5764706 0.7607843 0.7882353 0.827451 0.8901961 0.9254902 0.9607843 0.9764706 0.92156863 0.81960785 0.7607843 0.73333335 0.64705884 0.5529412 0.42745098 0.73333335 0.972549 0.9607843
0.972549 0.95686275 0.95686275 0.9607843 0.9490196 0.9529412 0.98039216 0.99215686 0.7411765 0.35686275 0.3764706 0.60784316 0.6 0.58431375 0.6 0.69411767 0.77254903 0.78039217 0.7294118 0.6509804 0.6 0.56078434 0.4509804 0.48235294 0.5686275 0.5176471 0.3529412 0.3137255 0.39215687 0.8352941 0.9764706 0.95686275
0.96862745 0.95686275 0.95686275 0.95686275 0.95686275 0.95686275 0.9490196 0.9529412 0.95686275 0.7019608 0.40784314 0.32156864 0.34901962 0.39607844 0.42352942 0.47058824 0.50980395 0.5647059 0.6313726 0.6039216 0.4627451 0.34117648 0.2901961 0.27058825 0.2901961 0.31764707 0.32941177 0.39215687 0.6117647 0.8745098 0.96862745 0.9607843
0.96862745 0.95686275 0.95686275 0.9529412 0.9490196 0.9490196 0.9490196 0.9529412 0.95686275 0.94509804 0.85882354 0.54901963 0.33333334 0.30980393 0.3372549 0.3254902 0.24313726 0.21568628 0.3019608 0.35686275 0.41568628 0.42745098 0.40784314 0.34509805 0.28235295 0.27450982 0.36862746 0.5568628 0.58431375 0.8039216 0.9647059 0.95686275
0.9647059 0.9529412 0.95686275 0.9490196 0.94509804 0.94509804 0.94509804 0.94509804 0.9490196 0.95686275 0.9882353 0.83137256 0.7254902 0.627451 0.62352943 0.41960785 0.23921569 0.19215687 0.16078432 0.14901961 0.14901961 0.22745098 0.29803923 0.3254902 0.32156864 0.2901961 0.54509807 0.6784314 0.5058824 0.7921569 0.96862745 0.9490196
0.9607843 0.9490196 0.9490196 0.9490196 0.9490196 0.9490196 0.9490196 0.9490196 0.9490196 0.9490196 0.9490196 0.6862745 0.62352943 0.5568628 0.52156866 0.4117647 0.34901962 0.33333334 0.28235295 0.21960784 0.16470589 0.18431373 0.21568628 0.2627451 0.30980393 0.2901961 0.45882353 0.6901961 0.5411765 0.69411767 0.96862745 0.9529412
0.9607843 0.9490196 0.9490196 0.9490196 0.9490196 0.9490196 0.9490196 0.9490196 0.9490196 0.9490196 0.9529412 0.827451 0.8235294 0.69803923 0.52156866 0.42352942 0.34901962 0.29803923 0.3019608 0.3137255 0.24705882 0.26666668 0.28235295 0.3882353 0.39607844 0.24313726 0.27058825 0.5176471 0.79607844 0.89411765 0.9529412 0.9490196
0.9607843 0.94509804 0.9490196 0.9490196 0.9490196 0.9490196 0.9490196 0.9490196 0.9490196 0.9490196 0.94509804 0.9607843 0.9529412 0.9607843 0.9372549 0.85490197 0.7607843 0.52156866 0.23529412 0.29803923 0.32156864 0.30980393 0.45882353 0.7882353 0.67058825 0.37254903 0.50980395 0.83137256 0.9607843 0.9607843 0.9490196 0.94509804
0.95686275 0.94509804 0.94509804 0.94509804 0.9490196 0.94509804 0.94509804 0.94509804 0.94509804 0.94509804 0.94509804 0.9372549 0.92156863 0.9411765 0.9411765 0.7529412 0.7137255 0.59607846 0.20784314 0.26666668 0.3647059 0.54509807 0.8392157 0.95686275 0.89411765 0.8235294 0.88235295 0.95686275 0.9490196 0.9490196 0.9529412 0.9529412
0.9529412 0.94509804 0.94509804 0.94509804 0.94509804 0.94509804 0.94509804 0.94509804 0.94509804 0.94509804 0.94509804 0.94509804 0.94509804 0.9490196 0.9529412 0.8666667 0.8392157 0.76862746 0.39215687 0.4745098 0.7372549 0.91764706 0.9607843 0.93333334 0.9529412 0.972549 0.95686275 0.9411765 0.9411765 0.9490196 0.9490196 0.9490196
0.9529412 0.9411765 0.9411765 0.9411765 0.9411765 0.9411765 0.94509804 0.94509804 0.94509804 0.94509804 0.94509804 0.94509804 0.9490196 0.9490196 0.9490196 0.9647059 0.972549 0.9647059 0.81960785 0.88235295 0.96862745 0.95686275 0.9411765 0.9372549 0.9372549 0.94509804 0.94509804 0.9411765 0.9372549 0.94509804 0.94509804 0.94509804
0.94509804 0.93333334 0.93333334 0.93333334 0.9372549 0.9372549 0.9372549 0.9372549 0.9411765 0.9411765 0.94509804 0.94509804 0.9411765 0.9411765 0.94509804 0.9411765 0.9372549 0.9411765 0.9490196 0.94509804 0.9411765 0.9411765 0.94509804 0.9411765 0.9411765 0.94509804 0.94509804 0.94509804 0.94509804 0.94509804 0.94509804 0.94509804
0.9411765 0.92941177 0.93333334 0.93333334 0.92941177 0.92941177 0.92941177 0.93333334 0.9411765 0.9411765 0.9372549 0.9372549 0.9411765 0.9411765 0.9372549 0.9372549 0.9411765 0.9411765 0.9372549 0.9411765 0.94509804 0.9411765 0.9411765 0.9411765 0.9411765 0.9411765 0.9411765 0.94509804 0.94509804 0.94509804 0.94509804 0.94509804
0.9372549 0.92941177 0.93333334 0.92941177 0.9254902 0.9254902 0.9254902 0.92941177 0.93333334 0.92941177 0.92941177 0.92941177 0.93333334 0.93333334 0.92941177 0.92941177 0.93333334 0.93333334 0.93333334 0.93333334 0.93333334 0.93333334 0.93333334 0.93333334 0.93333334 0.93333334 0.93333334 0.9372549 0.9372549 0.9372549 0.9372549 0.9372549
0.9372549 0.9254902 0.9254902 0.92941177 0.92941177 0.9254902 0.9254902 0.9254902 0.92156863 0.92156863 0.92156863 0.92156863 0.92156863 0.92156863 0.92156863 0.92156863 0.92156863 0.92156863 0.92156863 0.91764706 0.92156863 0.92156863 0.9254902 0.9254902 0.92156863 0.91764706 0.92156863 0.9254902 0.9254902 0.9254902 0.9254902 0.9254902
0.9372549 0.9254902 0.9254902 0.9254902 0.9254902 0.9254902 0.9254902 0.92156863 0.9137255 0.9137255 0.9137255 0.9137255 0.9137255 0.9137255 0.9137255 0.9137255 0.9137255 0.9137255 0.9137255 0.9137255 0.9137255 0.9137255 0.91764706 0.92156863 0.91764706 0.9137255 0.91764706 0.92156863 0.92156863 0.92156863 0.92156863 0.92156863
0.92941177 0.91764706 0.92156863 0.91764706 0.91764706 0.92156863 0.92156863 0.91764706 0.9098039 0.9098039 0.9098039 0.9098039 0.9098039 0.9098039 0.9098039 0.9098039 0.9098039 0.9098039 0.9137255 0.9137255 0.9137255 0.9098039 0.9137255 0.91764706 0.91764706 0.9137255 0.9137255 0.91764706 0.91764706 0.91764706 0.91764706 0.91764706
0.92156863 0.9098039 0.9098039 0.9098039 0.9098039 0.9098039 0.9098039 0.9098039 0.9098039 0.9098039 0.9098039 0.9098039 0.9098039 0.9098039 0.9098039 0.9098039 0.9098039 0.9098039 0.9137255 0.9137255 0.9137255 0.9137255 0.9137255 0.9137255 0.9137255 0.9098039 0.9098039 0.9098039 0.9098039 0.9137255 0.9137255 0.9137255
0.92156863 0.90588236 0.9098039 0.9098039 0.9098039 0.9098039 0.9098039 0.9098039 0.9098039 0.9098039 0.9098039 0.9098039 0.9098039 0.9098039 0.9098039 0.9098039 0.9098039 0.9098039 0.9098039 0.9098039 0.9098039 0.9098039 0.9098039 0.9098039 0.9098039 0.9098039 0.9098039 0.9098039 0.9098039 0.9098039 0.9098039 0.9137255
0.92156863 0.9098039 0.9098039 0.9098039 0.9098039 0.9098039 0.9098039 0.9098039 0.9098039 0.9098039 0.9098039 0.9098039 0.9098039 0.9098039 0.9098039 0.9098039 0.9098039 0.9098039 0.9098039 0.90588236 0.90588236 0.90588236 0.90588236 0.90588236 0.9098039 0.9098039 0.9098039 0.9098039 0.9098039 0.90588236 0.9098039 0.9098039
0.972549 0.9607843 0.9607843 0.9607843 0.9607843 0.9607843 0.9607843 0.9607843 0.9607843 0.9607843 0.9607843 0.9607843 0.9607843 0.9607843 0.9607843 0.9607843 0.9607843 0.9607843 0.9607843 0.9607843 0.9607843 0.9607843 0.9607843 0.9607843 0.9607843 0.9607843 0.9607843 0.9607843 0.9607843 0.9607843 0.9607843 0.9607843
0.972549 0.9607843 0.9607843 0.9607843 0.9607843 0.9607843 0.9607843 0.9607843 0.9607843 0.9607843 0.9607843 0.9607843 0.9607843 0.9607843 0.9607843 0.9607843 0.9607843 0.9607843 0.9607843 0.9607843 0.9607843 0.9607843 0.9607843 0.9607843 0.9607843 0.9607843 0.9607843 0.9607843 0.9607843 0.9607843 0.9607843 0.9607843
0.9764706 0.9647059 0.9647059 0.9647059 0.9647059 0.9647059 0.9647059 0.9647059 0.9647059 0.9647059 0.9647059 0.9647059 0.9647059 0.9647059 0.9647059 0.9647059 0.9647059 0.9647059 0.9647059 0.9647059 0.9647059 0.9647059 0.9647059 0.9647059 0.9647059 0.9647059 0.9647059 0.9647059 0.9647059 0.9647059 0.9647059 0.9647059
0.9764706 0.9647059 0.9647059 0.9647059 0.9647059 0.9647059 0.9647059 0.9647059 0.9647059 0.9647059 0.9647059 0.9647059 0.9647059 0.9647059 0.9647059 0.9647059 0.9647059 0.9647059 0.9647059 0.9647059 0.9647059 0.9647059 0.9647059 0.9647059 0.9647059 0.9647059 0.9647059 0.9647059 0.9647059 0.9647059 0.9647059 0.9647059
0.9764706 0.9607843 0.9647059 0.9647059 0.9647059 0.9647059 0.9647059 0.9647059 0.9647059 0.9647059 0.9647059 0.9647059 0.9647059 0.9647059 0.9647059 0.9647059 0.9647059 0.9647059 0.9647059 0.9647059 0.9647059 0.9647059 0.9647059 0.9647059 0.9647059 0.9647059 0.9647059 0.9647059 0.9647059 0.9647059 0.9647059 0.9647059
0.9764706 0.9607843 0.9647059 0.9647059 0.9647059 0.9647059 0.9647059 0.9647059 0.9607843 0.9607843 0.9607843 0.9607843 0.9607843 0.9607843 0.9529412 0.9529412 0.95686275 0.95686275 0.9607843 0.9647059 0.9647059 0.9647059 0.9647059 0.9647059 0.9647059 0.9607843 0.9647059 0.9647059 0.9647059 0.9647059 0.9647059 0.9647059
0.9764706 0.9607843 0.9647059 0.9647059 0.9647059 0.9647059 0.9647059 0.9647059 0.9647059 0.9647059 0.9647059 0.9647059 0.9647059 0.9647059 0.95686275 0.95686275 0.95686275 0.9529412 0.9607843 0.9647059 0.9647059 0.9647059 0.9647059 0.9647059 0.9647059 0.9647059 0.96862745 0.96862745 0.9647059 0.9607843 0.9647059 0.9647059
0.9764706 0.9607843 0.9647059 0.9607843 0.9529412 0.9529412 0.95686275 0.96862745 0.98039216 0.9764706 0.96862745 0.9647059 0.9647059 0.9647059 0.95686275 0.95686275 0.95686275 0.95686275 0.9607843 0.9647059 0.9647059 0.9647059 0.9647059 0.9647059 0.9647059 0.96862745 0.9647059 0.9607843 0.96862745 0.9607843 0.9607843 0.9607843
0.9764706 0.9607843 0.9607843 0.972549 0.972549 0.9607843 0.9647059 0.9529412 0.9137255 0.9254902 0.9411765 0.9607843 0.9607843 0.9607843 0.95686275 0.9607843 0.9647059 0.9647059 0.9647059 0.9607843 0.9647059 0.9647059 0.9647059 0.9647059 0.9607843 0.95686275 0.9607843 0.9490196 0.92156863 0.9529412 0.9607843 0.9607843
0.9764706 0.95686275 0.9137255 0.7529412 0.6509804 0.6313726 0.8117647 0.8901961 0.8235294 0.81960785 0.8784314 0.9137255 0.9254902 0.93333334 0.93333334 0.93333334 0.9372549 0.9607843 0.9647059 0.9647059 0.9647059 0.9647059 0.9647059 0.9647059 0.9607843 0.96862745 0.93333334 0.84705883 0.7764706 0.81960785 0.9490196 0.9607843
0.972549 0.9607843 0.90588236 0.5137255 0.17254902 0.105882354 0.42745098 0.654902 0.68235296 0.7176471 0.7607843 0.6862745 0.54509807 0.5647059 0.57254905 0.5803922 0.73333335 0.94509804 0.9647059 0.9607843 0.9647059 0.9647059 0.9647059 0.9647059 0.972549 0.90588236 0.7764706 0.7647059 0.7176471 0.7490196 0.9490196 0.9647059
0.9764706 0.95686275 0.95686275 0.9098039 0.6784314 0.44313726 0.4392157 0.43137255 0.42352942 0.46666667 0.56078434 0.54509807 0.44313726 0.40392157 0.43529412 0.5803922 0.8 0.9529412 0.96862745 0.96862745 0.96862745 0.9647059 0.96862745 0.9529412 0.85882354 0.77254903 0.78431374 0.78039217 0.69803923 0.8235294 0.9607843 0.9607843
0.9764706 0.95686275 0.95686275 0.95686275 0.96862745 0.93333334 0.8666667 0.77254903 0.47058824 0.3019608 0.49411765 0.6431373 0.63529414 0.5372549 0.56078434 0.7490196 0.8 0.8392157 0.8980392 0.93333334 0.9529412 0.9490196 0.8784314 0.7764706 0.7176471 0.6901961 0.61960787 0.5372549 0.41960785 0.73333335 0.9647059 0.9607843
0.972549 0.95686275 0.95686275 0.95686275 0.9490196 0.9529412 0.9764706 0.9843137 0.7254902 0.34117648 0.36078432 0.59607846 0.5882353 0.5764706 0.5921569 0.6862745 0.78431374 0.79607844 0.74509805 0.6627451 0.59607846 0.52156866 0.3764706 0.4 0.4862745 0.42352942 0.26666668 0.26666668 0.38431373 0.83137256 0.96862745 0.9607843
0.96862745 0.95686275 0.95686275 0.95686275 0.95686275 0.95686275 0.9490196 0.9490196 0.94509804 0.6901961 0.39607844 0.3137255 0.3529412 0.4 0.41960785 0.4627451 0.5254902 0.58431375 0.64705884 0.62352943 0.4862745 0.3372549 0.2509804 0.22745098 0.23529412 0.22745098 0.23529412 0.3372549 0.60784316 0.87058824 0.9607843 0.9647059
0.96862745 0.9529412 0.95686275 0.95686275 0.9607843 0.9607843 0.9607843 0.9607843 0.95686275 0.9411765 0.84705883 0.5411765 0.34509805 0.31764707 0.33333334 0.31764707 0.25490198 0.23529412 0.31764707 0.3764706 0.44313726 0.4392157 0.39215687 0.34117648 0.28235295 0.24313726 0.30980393 0.5176471 0.58431375 0.79607844 0.95686275 0.9607843
0.96862745 0.9529412 0.95686275 0.95686275 0.9607843 0.9607843 0.9607843 0.9607843 0.95686275 0.95686275 0.9764706 0.8235294 0.7294118 0.6313726 0.62352943 0.41960785 0.2509804 0.20784314 0.1764706 0.16470589 0.16078432 0.21960784 0.28235295 0.3254902 0.3372549 0.29411766 0.52156866 0.6627451 0.5137255 0.7882353 0.9607843 0.95686275
0.96862745 0.9529412 0.95686275 0.95686275 0.9529412 0.9529412 0.95686275 0.9529412 0.9529412 0.9529412 0.9490196 0.6862745 0.627451 0.56078434 0.5294118 0.42352942 0.3764706 0.3647059 0.30588236 0.24705882 0.1764706 0.18431373 0.21568628 0.25490198 0.2901961 0.26666668 0.44313726 0.68235296 0.5372549 0.69803923 0.96862745 0.95686275
0.96862745 0.9529412 0.95686275 0.9529412 0.9529412 0.9529412 0.9529412 0.9529412 0.9529412 0.9529412 0.95686275 0.8352941 0.84313726 0.70980394 0.5254902 0.41960785 0.38039216 0.34509805 0.34901962 0.35686275 0.27058825 0.27450982 0.28235295 0.3764706 0.3764706 0.22352941 0.25882354 0.49803922 0.7764706 0.8980392 0.95686275 0.9529412
0.9647059 0.9529412 0.9529412 0.9529412 0.9529412 0.9529412 0.9529412 0.9529412 0.9529412 0.9529412 0.9490196 0.972549 0.9882353 0.9764706 0.92941177 0.83137256 0.75686276 0.5294118 0.24313726 0.3137255 0.33333334 0.31764707 0.45882353 0.78039217 0.65882355 0.36078432 0.5019608 0.81960785 0.94509804 0.9607843 0.9529412 0.9490196
0.9607843 0.9490196 0.9490196 0.9490196 0.9529412 0.9490196 0.9490196 0.9490196 0.9490196 0.9490196 0.9490196 0.9490196 0.95686275 0.95686275 0.93333334 0.72156864 0.6666667 0.54901963 0.16470589 0.22352941 0.3529412 0.5529412 0.8352941 0.95686275 0.8862745 0.8117647 0.8745098 0.95686275 0.9529412 0.9529412 0.95686275 0.95686275
0.95686275 0.94509804 0.9490196 0.9490196 0.9490196 0.9490196 0.9490196 0.9490196 0.9490196 0.9490196 0.9490196 0.9490196 0.9490196 0.9529412 0.9490196 0.85882354 0.8039216 0.7254902 0.3529412 0.4392157 0.72156864 0.9098039 0.9607843 0.9490196 0.9607843 0.9607843 0.9529412 0.9529412 0.95686275 0.9529412 0.9529412 0.9529412
0.95686275 0.94509804 0.9490196 0.94509804 0.94509804 0.9490196 0.9490196 0.9490196 0.9490196 0.9490196 0.9490196 0.9490196 0.94509804 0.94509804 0.9529412 0.96862745 0.972549 0.9607843 0.81960785 0.88235295 0.9647059 0.9490196 0.9411765 0.9529412 0.9490196 0.9411765 0.94509804 0.9529412 0.9529412 0.9490196 0.9490196 0.9490196
0.95686275 0.94509804 0.94509804 0.94509804 0.94509804 0.94509804 0.9490196 0.94509804 0.94509804 0.94509804 0.9490196 0.94509804 0.94509804 0.94509804 0.9490196 0.94509804 0.9411765 0.94509804 0.9529412 0.9529412 0.9411765 0.9411765 0.94509804 0.94509804 0.9490196 0.9490196 0.9490196 0.9490196 0.9490196 0.9490196 0.9490196 0.9490196
0.9529412 0.9411765 0.94509804 0.94509804 0.9411765 0.9411765 0.9411765 0.94509804 0.94509804 0.94509804 0.9411765 0.9411765 0.94509804 0.94509804 0.9411765 0.94509804 0.94509804 0.94509804 0.9411765 0.94509804 0.9490196 0.94509804 0.94509804 0.94509804 0.94509804 0.94509804 0.94509804 0.9490196 0.9490196 0.9490196 0.9490196 0.9490196
0.9490196 0.9411765 0.9411765 0.9411765 0.9372549 0.9372549 0.9372549 0.9411765 0.94509804 0.94509804 0.9411765 0.9411765 0.94509804 0.94509804 0.9411765 0.9411765 0.94509804 0.94509804 0.94509804 0.94509804 0.94509804 0.94509804 0.94509804 0.94509804 0.94509804 0.94509804 0.94509804 0.9490196 0.9490196 0.9490196 0.9490196 0.9490196
0.9490196 0.9372549 0.9372549 0.9411765 0.9411765 0.9372549 0.9372549 0.9411765 0.94509804 0.94509804 0.94509804 0.94509804 0.94509804 0.94509804 0.94509804 0.94509804 0.94509804 0.94509804 0.94509804 0.94509804 0.94509804 0.9490196 0.9490196 0.9490196 0.9490196 0.9411765 0.94509804 0.9490196 0.9490196 0.9490196 0.9490196 0.9490196
0.9490196 0.9372549 0.9372549 0.9372549 0.9372549 0.9372549 0.9372549 0.9411765 0.94509804 0.94509804 0.94509804 0.94509804 0.94509804 0.94509804 0.94509804 0.94509804 0.94509804 0.94509804 0.94509804 0.94509804 0.94509804 0.94509804 0.9490196 0.9529412 0.9490196 0.94509804 0.9490196 0.9529412 0.9529412 0.9529412 0.9529412 0.9529412
0.9490196 0.9372549 0.9372549 0.9372549 0.93333334 0.9372549 0.9372549 0.9372549 0.9411765 0.9411765 0.9411765 0.9411765 0.9411765 0.9411765 0.9411765 0.9411765 0.9411765 0.9411765 0.9411765 0.94509804 0.9411765 0.9411765 0.94509804 0.9490196 0.94509804 0.9411765 0.94509804 0.9490196 0.9490196 0.9490196 0.9490196 0.9490196
0.9490196 0.93333334 0.9372549 0.9372549 0.9372549 0.9372549 0.9372549 0.9372549 0.9372549 0.9372549 0.9372549 0.9372549 0.9372549 0.9372549 0.9372549 0.9372549 0.9372549 0.9372549 0.9411765 0.9411765 0.9411765 0.9411765 0.9411765 0.9411765 0.9411765 0.9372549 0.9372549 0.9372549 0.9372549 0.9411765 0.9411765 0.9411765
0.9490196 0.9372549 0.9372549 0.9372549 0.9372549 0.9372549 0.9372549 0.9372549 0.9372549 0.9372549 0.9372549 0.9372549 0.9372549 0.9372549 0.9372549 0.9372549 0.9372549 0.9372549 0.9372549 0.9372549 0.9372549 0.9372549 0.9372549 0.9372549 0.9372549 0.9372549 0.9372549 0.9372549 0.9372549 0.9372549 0.9372549 0.9411765
0.9490196 0.93333334 0.9372549 0.9372549 0.9372549 0.9372549 0.9372549 0.9372549 0.9372549 0.9372549 0.9372549 0.9372549 0.9372549 0.9372549 0.9372549 0.9372549 0.9372549 0.9372549 0.9372549 0.93333334 0.93333334 0.93333334 0.93333334 0.93333334 0.9372549 0.9372549 0.9372549 0.9372549 0.9372549 0.93333334 0.9372549 0.9372549
0.98039216 0.9647059 0.96862745 0.96862745 0.96862745 0.96862745 0.96862745 0.96862745 0.96862745 0.96862745 0.96862745 0.96862745 0.96862745 0.96862745 0.96862745 0.96862745 0.96862745 0.96862745 0.96862745 0.96862745 0.96862745 0.96862745 0.96862745 0.96862745 0.96862745 0.96862745 0.96862745 0.96862745 0.96862745 0.96862745 0.96862745 0.96862745
0.98039216 0.96862745 0.96862745 0.96862745 0.96862745 0.96862745 0.96862745 0.96862745 0.96862745 0.96862745 0.96862745 0.96862745 0.96862745 0.96862745 0.96862745 0.96862745 0.96862745 0.96862745 0.96862745 0.96862745 0.96862745 0.96862745 0.96862745 0.96862745 0.96862745 0.96862745 0.96862745 0.96862745 0.96862745 0.96862745 0.96862745 0.96862745
0.9843137 0.972549 0.972549 0.972549 0.972549 0.972549 0.972549 0.972549 0.972549 0.972549 0.972549 0.972549 0.972549 0.972549 0.972549 0.972549 0.972549 0.972549 0.972549 0.972549 0.972549 0.972549 0.972549 0.972549 0.972549 0.972549 0.972549 0.972549 0.972549 0.972549 0.972549 0.972549
0.9843137 0.972549 0.972549 0.972549 0.972549 0.972549 0.972549 0.972549 0.972549 0.972549 0.972549 0.972549 0.972549 0.972549 0.972549 0.972549 0.972549 0.972549 0.972549 0.972549 0.972549 0.972549 0.972549 0.972549 0.972549 0.972549 0.972549 0.972549 0.972549 0.972549 0.972549 0.972549
0.9843137 0.96862745 0.972549 0.972549 0.972549 0.972549 0.972549 0.972549 0.9764706 0.9764706 0.9764706 0.972549 0.972549 0.972549 0.972549 0.972549 0.972549 0.972549 0.972549 0.972549 0.972549 0.972549 0.972549 0.972549 0.972549 0.9764706 0.9764706 0.972549 0.972549 0.972549 0.972549 0.972549
0.9843137 0.96862745 0.972549 0.9764706 0.972549 0.96862745 0.972549 0.9843137 0.9882353 0.9843137 0.98039216 0.98039216 0.9764706 0.972549 0.96862745 0.96862745 0.972549 0.972549 0.972549 0.972549 0.972549 0.972549 0.972549 0.972549 0.972549 0.9764706 0.9764706 0.9764706 0.9764706 0.96862745 0.9647059 0.96862745
0.9843137 0.96862745 0.972549 0.972549 0.972549 0.9764706 0.98039216 0.98039216 0.972549 0.96862745 0.96862745 0.96862745 0.96862745 0.96862745 0.9607843 0.9607843 0.96862745 0.96862745 0.972549 0.972549 0.972549 0.972549 0.972549 0.972549 0.9647059 0.95686275 0.95686275 0.9607843 0.96862745 0.98039216 0.972549 0.972549
0.9843137 0.96862745 0.972549 0.9607843 0.9647059 0.972549 0.96862745 0.9647059 0.96862745 0.96862745 0.972549 0.972549 0.9843137 0.9843137 0.9764706 0.972549 0.95686275 0.95686275 0.96862745 0.972549 0.972549 0.972549 0.972549 0.972549 0.96862745 0.9607843 0.95686275 0.9529412 0.9647059 0.9764706 0.9843137 0.98039216
0.9843137 0.96862745 0.96862745 0.9764706 0.9843137 0.96862745 0.92941177 0.8980392 0.8862745 0.9137255 0.94509804 0.9764706 0.99215686 0.99215686 0.9882353 0.9843137 0.9529412 0.94509804 0.9647059 0.9764706 0.9764706 0.972549 0.972549 0.972549 0.98039216 0.9843137 0.9764706 0.9372549 0.8901961 0.92156863 0.96862745 0.9843137
0.9843137 0.9647059 0.92156863 0.75686276 0.6627451 0.6156863 0.7019608 0.7372549 0.7019608 0.72156864 0.8039216 0.8627451 0.8862745 0.8980392 0.9019608 0.8980392 0.8980392 0.93333334 0.9607843 0.98039216 0.9764706 0.972549 0.972549 0.972549 0.98039216 0.9882353 0.9098039 0.75686276 0.6431373 0.7058824 0.92156863 0.98039216
0.98039216 0.96862745 0.9137255 0.52156866 0.18039216 0.06666667 0.27450982 0.42352942 0.45490196 0.5137255 0.5764706 0.52156866 0.4 0.41568628 0.42352942 0.44705883 0.6627451 0.91764706 0.9607843 0.98039216 0.9843137 0.98039216 0.9764706 0.9764706 0.972549 0.85882354 0.6431373 0.54901963 0.4745098 0.5803922 0.8980392 0.98039216
0.9843137 0.9647059 0.9647059 0.91764706 0.6745098 0.39215687 0.33333334 0.27450982 0.23137255 0.2627451 0.3372549 0.3254902 0.23529412 0.16470589 0.2 0.40392157 0.72156864 0.92941177 0.9764706 0.9843137 0.9882353 0.9843137 0.9764706 0.94509804 0.8 0.6156863 0.5411765 0.5176471 0.4627451 0.6901961 0.95686275 0.98039216
0.9843137 0.9647059 0.9647059 0.9647059 0.9607843 0.9019608 0.81960785 0.69803923 0.35686275 0.14117648 0.2784314 0.4 0.39215687 0.26666668 0.3137255 0.5686275 0.7058824 0.8 0.8862745 0.92156863 0.9372549 0.9254902 0.83137256 0.69411767 0.6 0.5254902 0.41568628 0.3137255 0.20392157 0.62352943 0.9843137 0.9764706
0.98039216 0.9647059 0.9647059 0.95686275 0.94509804 0.9490196 0.9764706 0.9843137 0.6901961 0.23921569 0.18039216 0.3647059 0.34509805 0.32156864 0.36078432 0.50980395 0.6745098 0.73333335 0.7019608 0.6117647 0.5411765 0.45882353 0.28627452 0.27058825 0.3372549 0.2901961 0.14117648 0.101960786 0.18431373 0.74509805 0.9843137 0.972549
0.9764706 0.9647059 0.9647059 0.9607843 0.9607843 0.96862745 0.972549 0.9764706 0.9607843 0.64705884 0.28627452 0.15686275 0.16862746 0.20784314 0.23529412 0.30588236 0.4117647 0.5137255 0.5882353 0.54901963 0.41568628 0.27450982 0.16470589 0.11372549 0.105882354 0.105882354 0.10980392 0.1882353 0.44705883 0.8117647 0.98039216 0.9647059
0.9764706 0.9647059 0.9647059 0.96862745 0.96862745 0.96862745 0.96862745 0.96862745 0.972549 0.9411765 0.81960785 0.49019608 0.26666668 0.21960784 0.21176471 0.18039216 0.15686275 0.17254902 0.25882354 0.29411766 0.34901962 0.3529412 0.30588236 0.24705882 0.1764706 0.101960786 0.11372549 0.34117648 0.4745098 0.7647059 0.98039216 0.95686275
0.972549 0.95686275 0.9607843 0.96862745 0.96862745 0.9607843 0.9529412 0.9529412 0.9607843 0.972549 0.99607843 0.8352941 0.72156864 0.6 0.54901963 0.30980393 0.16470589 0.14901961 0.12156863 0.09803922 0.07058824 0.11372549 0.16862746 0.20392157 0.22745098 0.14509805 0.2784314 0.44705883 0.40784314 0.77254903 0.98039216 0.9529412
0.9607843 0.9490196 0.9529412 0.9607843 0.9607843 0.9607843 0.95686275 0.95686275 0.9607843 0.9647059 0.9647059 0.69411767 0.6039216 0.52156866 0.47058824 0.34901962 0.29411766 0.29411766 0.2509804 0.2 0.13333334 0.101960786 0.07058824 0.08235294 0.14901961 0.11764706 0.22745098 0.47843137 0.42352942 0.6901961 0.98039216 0.9607843
0.9647059 0.9490196 0.9529412 0.95686275 0.9607843 0.9607843 0.9607843 0.9607843 0.9607843 0.9607843 0.9607843 0.83137256 0.8117647 0.67058825 0.47843137 0.36862746 0.3137255 0.27058825 0.27058825 0.28235295 0.2 0.18039216 0.15686275 0.25490198 0.23137255 0.03137255 0.08235294 0.40392157 0.76862746 0.90588236 0.9647059 0.9607843
0.972549 0.95686275 0.9607843 0.9607843 0.9607843 0.9607843 0.9607843 0.9607843 0.9607843 0.9607843 0.95686275 0.972549 0.9647059 0.9490196 0.9019608 0.8039216 0.72156864 0.47843137 0.16862746 0.21176471 0.22352941 0.21568628 0.38039216 0.7372549 0.5764706 0.21176471 0.3882353 0.8 0.9882353 0.972549 0.9607843 0.95686275
0.9764706 0.9647059 0.9647059 0.9607843 0.9607843 0.95686275 0.95686275 0.95686275 0.95686275 0.95686275 0.95686275 0.9529412 0.9490196 0.94509804 0.92156863 0.70980394 0.6627451 0.53333336 0.11764706 0.14901961 0.25882354 0.47843137 0.8117647 0.9607843 0.88235295 0.78431374 0.84313726 0.9411765 0.9529412 0.9607843 0.9647059 0.9647059
0.9764706 0.9647059 0.96862745 0.9607843 0.9529412 0.95686275 0.95686275 0.95686275 0.95686275 0.95686275 0.95686275 0.9607843 0.9647059 0.9607843 0.9490196 0.8509804 0.8039216 0.7176471 0.3254902 0.39215687 0.67058825 0.89411765 0.9764706 0.95686275 0.972549 0.99215686 0.96862745 0.94509804 0.9372549 0.95686275 0.9607843 0.9607843
0.98039216 0.96862745 0.96862745 0.9647059 0.9607843 0.9607843 0.9607843 0.9607843 0.9607843 0.9607843 0.9607843 0.9607843 0.96862745 0.9647059 0.9607843 0.972549 0.972549 0.95686275 0.8117647 0.8666667 0.95686275 0.96862745 0.972549 0.9647059 0.9529412 0.9607843 0.96862745 0.96862745 0.9607843 0.9607843 0.9607843 0.9607843
0.9843137 0.96862745 0.972549 0.972549 0.972549 0.972549 0.972549 0.96862745 0.9647059 0.9647059 0.9647059 0.9647059 0.9647059 0.9647059 0.9647059 0.9607843 0.9607843 0.9607843 0.96862745 0.9647059 0.9607843 0.9647059 0.96862745 0.9647059 0.9647059 0.9647059 0.96862745 0.96862745 0.96862745 0.96862745 0.96862745 0.96862745
0.98039216 0.96862745 0.972549 0.972549 0.96862745 0.96862745 0.96862745 0.96862745 0.9647059 0.9647059 0.9607843 0.9607843 0.9647059 0.9647059 0.9607843 0.9647059 0.9647059 0.96862745 0.9607843 0.9647059 0.96862745 0.9647059 0.9647059 0.9647059 0.9647059 0.9647059 0.9647059 0.96862745 0.96862745 0.96862745 0.96862745 0.96862745
0.9764706 0.96862745 0.96862745 0.96862745 0.9647059 0.9647059 0.9647059 0.9647059 0.9647059 0.9607843 0.95686275 0.9607843 0.9647059 0.9647059 0.9607843 0.9607843 0.9607843 0.9647059 0.9647059 0.9647059 0.9647059 0.9647059 0.9647059 0.9647059 0.9647059 0.9607843 0.9647059 0.96862745 0.96862745 0.96862745 0.96862745 0.96862745
0.9764706 0.9647059 0.9647059 0.96862745 0.96862745 0.9647059 0.9647059 0.9647059 0.9607843 0.9607843 0.9607843 0.9607843 0.9607843 0.9607843 0.9607843 0.9607843 0.9607843 0.9607843 0.9607843 0.95686275 0.9607843 0.9607843 0.9647059 0.9647059 0.9607843 0.95686275 0.9607843 0.9647059 0.9647059 0.9647059 0.9647059 0.9647059
0.9764706 0.9607843 0.9647059 0.9647059 0.9647059 0.9647059 0.9647059 0.9607843 0.95686275 0.95686275 0.95686275 0.95686275 0.95686275 0.95686275 0.95686275 0.95686275 0.95686275 0.95686275 0.95686275 0.95686275 0.95686275 0.95686275 0.9607843 0.9647059 0.9607843 0.95686275 0.9607843 0.9647059 0.9647059 0.9647059 0.9647059 0.9647059
0.9764706 0.9647059 0.9647059 0.9647059 0.9647059 0.9647059 0.9647059 0.9647059 0.9607843 0.95686275 0.95686275 0.95686275 0.95686275 0.95686275 0.95686275 0.95686275 0.95686275 0.9607843 0.9607843 0.9607843 0.9607843 0.9607843 0.9647059 0.96862745 0.9647059 0.9607843 0.9607843 0.9647059 0.9647059 0.96862745 0.96862745 0.96862745
0.98039216 0.9647059 0.96862745 0.96862745 0.96862745 0.96862745 0.96862745 0.96862745 0.96862745 0.96862745 0.96862745 0.96862745 0.96862745 0.96862745 0.96862745 0.96862745 0.96862745 0.96862745 0.96862745 0.972549 0.96862745 0.96862745 0.972549 0.972549 0.96862745 0.96862745 0.96862745 0.96862745 0.96862745 0.972549 0.972549 0.972549
0.98039216 0.9647059 0.96862745 0.96862745 0.96862745 0.96862745 0.96862745 0.96862745 0.96862745 0.96862745 0.96862745 0.96862745 0.96862745 0.96862745 0.96862745 0.96862745 0.96862745 0.96862745 0.96862745 0.96862745 0.96862745 0.96862745 0.96862745 0.96862745 0.96862745 0.96862745 0.96862745 0.96862745 0.96862745 0.96862745 0.96862745 0.972549
0.98039216 0.9647059 0.96862745 0.96862745 0.96862745 0.96862745 0.96862745 0.96862745 0.96862745 0.96862745 0.96862745 0.96862745 0.96862745 0.96862745 0.96862745 0.96862745 0.96862745 0.96862745 0.96862745 0.9647059 0.9647059 0.9647059 0.9647059 0.9647059 0.96862745 0.96862745 0.96862745 0.96862745 0.96862745 0.9647059 0.9647059 0.96862745
12 4 1
19 13 2
16 11 1
12 4 0
10 5 1
11 3 0
10 5 2
15 10 2
22 18 2
11 24 2
