32, 32, 3, 10
0.3019608 0.27450982 0.24313726 0.22352941 0.27058825 0.2784314 0.30588236 0.22352941 0.14509805 0.14117648 0.19215687 0.15294118 0.15294118 0.22352941 0.21960784 0.15294118 0.14901961 0.16470589 0.1764706 0.16078432 0.21176471 0.30588236 0.30980393 0.34509805 0.38431373 0.22745098 0.14117648 0.17254902 0.16862746 0.14509805 0.16470589 0.18039216
0.30588236 0.23137255 0.16470589 0.1882353 0.28235295 0.28627452 0.2784314 0.19607843 0.15686275 0.10980392 0.16470589 0.12941177 0.14117648 0.17254902 0.20784314 0.18039216 0.13725491 0.16078432 0.16078432 0.16470589 0.23529412 0.28627452 0.22352941 0.22352941 0.27058825 0.17254902 0.1254902 0.16862746 0.16078432 0.15294118 0.15294118 0.1882353
0.30588236 0.24313726 0.16470589 0.22352941 0.29411766 0.25490198 0.22745098 0.19215687 0.20392157 0.15294118 0.14509805 0.13333334 0.13725491 0.16470589 0.23529412 0.29411766 0.23529412 0.17254902 0.15294118 0.18431373 0.2627451 0.2901961 0.19607843 0.15686275 0.28235295 0.1882353 0.1882353 0.16862746 0.18039216 0.18431373 0.14901961 0.22745098
0.29803923 0.36078432 0.2901961 0.34117648 0.30588236 0.24705882 0.18039216 0.20784314 0.2509804 0.1764706 0.16470589 0.14117648 0.14117648 0.14509805 0.19607843 0.3372549 0.2627451 0.19607843 0.23529412 0.21960784 0.29803923 0.29803923 0.19607843 0.18431373 0.23137255 0.1764706 0.22745098 0.1764706 0.15294118 0.16470589 0.1254902 0.24313726
0.29411766 0.32156864 0.25490198 0.2627451 0.23529412 0.23921569 0.20784314 0.19215687 0.18039216 0.11764706 0.078431375 0.105882354 0.11372549 0.08627451 0.101960786 0.20784314 0.1764706 0.18039216 0.21960784 0.23529412 0.3529412 0.3019608 0.21176471 0.16470589 0.15686275 0.22352941 0.1764706 0.14117648 0.14901961 0.16078432 0.16078432 0.20784314
0.32156864 0.25490198 0.19607843 0.1764706 0.19607843 0.26666668 0.1882353 0.11764706 0.11764706 0.14117648 0.07058824 0.101960786 0.11764706 0.07058824 0.06666667 0.09411765 0.12156863 0.16470589 0.18431373 0.23529412 0.3529412 0.2784314 0.1764706 0.1254902 0.11764706 0.14901961 0.16470589 0.11764706 0.14117648 0.1882353 0.2 0.18431373
0.27058825 0.21176471 0.25882354 0.23137255 0.2509804 0.29803923 0.12941177 0.07450981 0.09411765 0.16470589 0.101960786 0.12156863 0.12941177 0.08235294 0.07450981 0.07450981 0.078431375 0.105882354 0.15294118 0.24705882 0.34117648 0.24313726 0.15294118 0.105882354 0.12156863 0.16862746 0.23137255 0.16078432 0.18431373 0.21176471 0.21960784 0.23137255
0.19607843 0.14117648 0.23137255 0.2784314 0.29411766 0.22352941 0.08235294 0.08235294 0.078431375 0.12941177 0.1254902 0.11372549 0.11372549 0.078431375 0.078431375 0.08235294 0.08627451 0.09019608 0.11764706 0.23529412 0.35686275 0.22352941 0.13725491 0.1254902 0.18039216 0.21176471 0.19215687 0.17254902 0.23137255 0.1764706 0.21568628 0.25882354
0.19607843 0.14509805 0.1882353 0.27450982 0.2627451 0.1254902 0.07058824 0.08627451 0.08235294 0.09803922 0.14117648 0.09803922 0.10980392 0.09803922 0.078431375 0.08627451 0.09019608 0.09803922 0.105882354 0.16862746 0.25490198 0.15294118 0.13725491 0.15294118 0.14509805 0.12156863 0.12941177 0.15294118 0.21176471 0.15686275 0.23137255 0.2509804
0.16078432 0.12941177 0.24313726 0.26666668 0.19215687 0.09411765 0.078431375 0.08627451 0.08627451 0.09411765 0.18039216 0.09803922 0.09411765 0.105882354 0.078431375 0.08627451 0.09411765 0.101960786 0.11764706 0.1254902 0.13333334 0.16078432 0.2 0.18431373 0.13333334 0.15686275 0.15686275 0.24705882 0.25882354 0.20784314 0.25882354 0.17254902
0.15294118 0.12941177 0.21568628 0.23137255 0.14901961 0.08627451 0.078431375 0.08627451 0.08235294 0.09019608 0.18431373 0.105882354 0.07450981 0.08627451 0.078431375 0.08627451 0.09411765 0.105882354 0.1254902 0.12156863 0.11372549 0.15686275 0.23137255 0.14901961 0.18431373 0.38039216 0.32156864 0.30980393 0.34901962 0.23137255 0.24705882 0.16078432
0.2 0.19607843 0.17254902 0.13333334 0.09803922 0.08235294 0.07450981 0.08235294 0.08627451 0.09803922 0.1764706 0.10980392 0.06666667 0.078431375 0.078431375 0.08627451 0.09411765 0.105882354 0.11764706 0.12156863 0.11764706 0.13333334 0.20784314 0.16470589 0.17254902 0.2901961 0.27450982 0.1882353 0.31764707 0.27450982 0.2509804 0.16470589
0.25882354 0.28627452 0.15686275 0.12941177 0.101960786 0.07450981 0.07058824 0.08627451 0.101960786 0.078431375 0.13725491 0.1254902 0.06666667 0.08235294 0.078431375 0.08627451 0.101960786 0.10980392 0.11764706 0.12941177 0.1254902 0.16078432 0.21176471 0.19607843 0.15686275 0.1254902 0.13725491 0.15686275 0.2 0.28627452 0.34901962 0.19215687
0.28235295 0.22745098 0.15294118 0.1764706 0.11764706 0.07450981 0.07450981 0.105882354 0.09803922 0.05882353 0.1254902 0.13725491 0.07058824 0.08235294 0.078431375 0.08627451 0.101960786 0.10980392 0.11764706 0.14117648 0.13725491 0.15686275 0.23921569 0.18039216 0.11372549 0.1254902 0.18431373 0.25490198 0.29411766 0.29411766 0.32941177 0.34509805
0.22352941 0.21568628 0.18039216 0.22352941 0.16078432 0.08235294 0.078431375 0.10980392 0.08235294 0.05882353 0.105882354 0.14117648 0.078431375 0.078431375 0.078431375 0.08627451 0.09803922 0.10980392 0.11764706 0.13333334 0.13725491 0.1254902 0.19215687 0.1882353 0.14117648 0.20784314 0.24705882 0.24705882 0.3019608 0.25490198 0.1882353 0.23137255
0.22352941 0.21568628 0.2 0.30588236 0.23921569 0.105882354 0.08627451 0.105882354 0.078431375 0.07058824 0.09019608 0.14509805 0.09019608 0.08235294 0.078431375 0.08627451 0.09411765 0.105882354 0.11764706 0.11372549 0.1254902 0.101960786 0.15686275 0.20784314 0.17254902 0.22745098 0.21568628 0.2784314 0.27450982 0.25490198 0.22745098 0.23921569
0.24313726 0.20392157 0.24705882 0.3372549 0.22745098 0.16078432 0.13333334 0.105882354 0.078431375 0.08235294 0.09411765 0.15686275 0.09803922 0.078431375 0.08627451 0.09411765 0.08627451 0.09411765 0.09803922 0.09019608 0.11372549 0.13333334 0.18431373 0.23137255 0.20784314 0.19607843 0.14117648 0.28235295 0.25490198 0.22352941 0.1764706 0.1764706
0.21960784 0.2 0.30588236 0.34509805 0.20392157 0.20392157 0.21960784 0.11764706 0.078431375 0.08627451 0.09803922 0.14901961 0.09803922 0.07450981 0.101960786 0.09411765 0.08627451 0.09019608 0.08627451 0.06666667 0.101960786 0.16078432 0.16078432 0.2 0.24313726 0.17254902 0.14509805 0.16078432 0.15686275 0.19607843 0.18431373 0.27450982
0.21176471 0.22352941 0.33333334 0.34117648 0.2 0.23137255 0.23921569 0.14509805 0.08235294 0.08235294 0.09411765 0.1254902 0.09019608 0.08235294 0.12941177 0.2 0.14117648 0.09019608 0.078431375 0.0627451 0.09803922 0.12941177 0.14117648 0.21568628 0.28627452 0.20392157 0.23137255 0.15686275 0.11372549 0.16470589 0.32156864 0.5529412
0.19607843 0.21176471 0.32941177 0.26666668 0.16470589 0.1882353 0.1882353 0.15686275 0.12156863 0.13333334 0.101960786 0.13333334 0.09411765 0.08627451 0.22745098 0.40784314 0.30980393 0.101960786 0.08235294 0.09411765 0.15294118 0.10980392 0.15686275 0.31764707 0.37254903 0.26666668 0.16862746 0.12156863 0.16470589 0.23529412 0.3372549 0.27058825
0.19215687 0.22745098 0.34901962 0.27058825 0.16470589 0.15294118 0.16078432 0.16470589 0.19215687 0.21568628 0.14509805 0.20392157 0.1882353 0.22352941 0.34901962 0.32941177 0.29411766 0.12941177 0.09019608 0.14117648 0.13725491 0.09411765 0.21176471 0.39607844 0.36078432 0.23921569 0.1254902 0.19607843 0.28235295 0.2627451 0.2 0.13725491
0.1882353 0.23921569 0.33333334 0.29411766 0.21568628 0.15686275 0.13725491 0.15686275 0.21176471 0.22745098 0.21960784 0.30588236 0.31764707 0.37254903 0.3882353 0.18039216 0.16078432 0.12941177 0.1254902 0.1882353 0.16470589 0.12941177 0.3019608 0.44313726 0.3882353 0.33333334 0.19215687 0.25882354 0.30588236 0.24313726 0.2 0.18431373
0.21176471 0.25490198 0.37254903 0.2784314 0.16078432 0.14901961 0.16862746 0.16078432 0.21176471 0.24705882 0.30980393 0.36078432 0.41568628 0.40784314 0.23921569 0.18431373 0.25882354 0.3019608 0.2627451 0.22745098 0.25490198 0.14901961 0.23137255 0.3647059 0.32941177 0.38039216 0.20784314 0.20392157 0.33333334 0.30980393 0.2509804 0.22745098
0.25490198 0.27450982 0.40784314 0.2509804 0.11372549 0.15294118 0.25882354 0.25882354 0.2509804 0.27058825 0.36862746 0.44705883 0.5372549 0.32941177 0.14117648 0.22745098 0.3137255 0.39215687 0.45882353 0.34901962 0.2901961 0.16470589 0.19607843 0.23529412 0.21568628 0.32156864 0.19215687 0.25490198 0.38039216 0.3372549 0.27058825 0.21176471
0.31764707 0.35686275 0.37254903 0.16470589 0.16078432 0.3019608 0.33333334 0.30980393 0.28235295 0.3529412 0.5058824 0.58431375 0.5019608 0.18039216 0.16470589 0.27450982 0.29411766 0.32156864 0.3764706 0.3019608 0.18039216 0.16862746 0.20784314 0.20392157 0.25882354 0.28627452 0.3372549 0.40392157 0.39607844 0.36862746 0.30588236 0.23529412
0.39215687 0.44705883 0.43137255 0.28235295 0.28627452 0.52156866 0.42352942 0.29411766 0.2901961 0.34901962 0.5137255 0.6313726 0.4 0.18039216 0.27058825 0.3647059 0.33333334 0.32156864 0.2901961 0.22745098 0.13333334 0.16862746 0.21176471 0.25882354 0.33333334 0.3254902 0.43529412 0.47843137 0.44313726 0.42352942 0.32156864 0.36862746
0.41960785 0.42352942 0.43529412 0.41568628 0.3764706 0.46666667 0.40392157 0.28627452 0.2901961 0.3529412 0.36078432 0.5019608 0.3254902 0.2509804 0.27450982 0.3019608 0.34509805 0.43137255 0.36862746 0.23921569 0.16470589 0.20784314 0.19215687 0.25882354 0.34901962 0.37254903 0.42352942 0.47843137 0.47058824 0.4509804 0.31764707 0.29803923
0.42745098 0.4627451 0.4392157 0.4392157 0.42352942 0.44313726 0.4117647 0.3137255 0.28627452 0.4117647 0.38431373 0.41960785 0.2784314 0.2901961 0.3137255 0.3019608 0.36862746 0.47058824 0.37254903 0.28627452 0.27450982 0.22745098 0.2 0.2509804 0.36862746 0.41568628 0.41960785 0.47843137 0.4862745 0.45490196 0.32156864 0.23137255
0.5411765 0.5411765 0.5058824 0.6156863 0.5882353 0.50980395 0.4745098 0.38039216 0.3372549 0.44705883 0.44705883 0.46666667 0.35686275 0.29411766 0.3372549 0.35686275 0.41960785 0.45882353 0.38431373 0.30980393 0.30588236 0.3137255 0.38431373 0.44313726 0.45882353 0.4392157 0.3882353 0.40784314 0.49411765 0.4392157 0.36078432 0.25882354
0.5372549 0.58431375 0.54901963 0.53333336 0.5803922 0.57254905 0.5529412 0.5137255 0.47843137 0.58431375 0.5294118 0.47058824 0.42745098 0.34901962 0.41568628 0.4509804 0.36862746 0.40784314 0.37254903 0.38039216 0.37254903 0.43137255 0.47058824 0.49411765 0.43137255 0.43529412 0.4627451 0.42352942 0.4745098 0.41960785 0.3372549 0.29411766
0.41960785 0.50980395 0.6431373 0.5137255 0.40784314 0.50980395 0.5647059 0.54901963 0.4862745 0.61960787 0.61960787 0.49803922 0.45882353 0.48235294 0.5686275 0.61960787 0.4392157 0.4392157 0.43137255 0.46666667 0.5019608 0.5254902 0.4509804 0.39607844 0.42352942 0.3882353 0.48235294 0.50980395 0.49411765 0.52156866 0.44705883 0.36078432
0.5019608 0.5058824 0.6 0.54509807 0.38431373 0.4392157 0.49019608 0.5686275 0.54901963 0.47058824 0.59607846 0.5686275 0.52156866 0.5372549 0.5647059 0.6117647 0.58431375 0.50980395 0.5058824 0.4627451 0.4117647 0.52156866 0.50980395 0.44313726 0.48235294 0.47843137 0.4 0.4509804 0.44705883 0.49411765 0.5176471 0.36078432
0.32156864 0.3372549 0.31764707 0.29411766 0.34901962 0.32156864 0.3254902 0.28627452 0.27450982 0.27450982 0.29803923 0.23921569 0.25882354 0.37254903 0.39607844 0.31764707 0.27058825 0.24705882 0.23529412 0.20392157 0.22745098 0.30588236 0.33333334 0.40392157 0.47058824 0.31764707 0.23921569 0.28627452 0.28235295 0.25490198 0.30588236 0.34901962
0.33333334 0.3019608 0.2509804 0.2627451 0.34509805 0.32156864 0.29803923 0.2509804 0.25882354 0.2 0.21960784 0.16862746 0.2 0.28235295 0.40784314 0.37254903 0.28627452 0.26666668 0.23529412 0.20392157 0.25490198 0.29803923 0.2627451 0.29803923 0.3529412 0.2627451 0.22745098 0.28235295 0.27450982 0.26666668 0.29411766 0.34117648
0.34509805 0.32941177 0.26666668 0.3019608 0.3372549 0.28235295 0.25490198 0.24705882 0.2784314 0.21568628 0.1764706 0.14901961 0.16862746 0.2509804 0.4392157 0.49411765 0.39215687 0.28627452 0.23529412 0.21960784 0.2784314 0.32156864 0.25882354 0.24705882 0.3647059 0.2784314 0.29411766 0.28235295 0.29411766 0.3019608 0.29411766 0.36862746
0.3529412 0.46666667 0.40392157 0.42745098 0.32941177 0.25882354 0.21176471 0.2509804 0.30588236 0.23137255 0.19607843 0.15294118 0.17254902 0.22745098 0.37254903 0.5137255 0.39215687 0.2901961 0.29803923 0.24705882 0.31764707 0.34117648 0.28235295 0.2901961 0.30980393 0.26666668 0.33333334 0.29411766 0.26666668 0.28627452 0.26666668 0.37254903
0.35686275 0.4392157 0.38039216 0.36078432 0.27450982 0.26666668 0.2509804 0.23529412 0.21960784 0.16470589 0.11372549 0.1254902 0.14509805 0.14901961 0.21568628 0.31764707 0.2627451 0.23529412 0.25882354 0.2509804 0.36862746 0.34509805 0.3137255 0.29411766 0.24313726 0.31764707 0.2901961 0.2627451 0.26666668 0.28235295 0.30588236 0.34509805
0.39215687 0.3764706 0.32941177 0.2901961 0.2784314 0.3372549 0.24705882 0.16078432 0.14509805 0.16470589 0.09411765 0.12156863 0.13333334 0.09411765 0.101960786 0.13333334 0.16078432 0.20392157 0.21960784 0.24313726 0.35686275 0.31764707 0.29803923 0.29411766 0.23137255 0.2627451 0.28627452 0.23529412 0.25490198 0.30980393 0.36078432 0.34901962
0.34509805 0.33333334 0.3882353 0.3372549 0.33333334 0.36862746 0.18039216 0.10980392 0.11372549 0.18431373 0.1254902 0.14117648 0.14509805 0.09411765 0.09411765 0.09803922 0.105882354 0.13725491 0.18431373 0.26666668 0.36078432 0.3019608 0.27450982 0.27058825 0.2627451 0.29803923 0.34509805 0.2509804 0.27058825 0.33333334 0.37254903 0.39607844
0.28235295 0.25882354 0.34901962 0.36862746 0.36078432 0.2784314 0.1254902 0.105882354 0.09411765 0.15294118 0.14901961 0.12941177 0.12941177 0.09803922 0.09803922 0.101960786 0.10980392 0.11764706 0.14117648 0.25882354 0.40392157 0.30980393 0.25882354 0.27058825 0.32941177 0.34117648 0.2901961 0.23529412 0.2901961 0.2901961 0.34901962 0.40392157
0.29411766 0.26666668 0.29411766 0.34901962 0.3137255 0.16862746 0.09803922 0.09803922 0.09019608 0.11764706 0.16470589 0.11372549 0.1254902 0.11372549 0.101960786 0.10980392 0.10980392 0.12156863 0.1254902 0.19607843 0.32156864 0.26666668 0.25882354 0.2784314 0.27450982 0.23137255 0.21176471 0.20392157 0.27450982 0.26666668 0.34117648 0.3764706
0.2627451 0.24705882 0.3372549 0.32941177 0.23529412 0.1254902 0.09019608 0.08627451 0.08627451 0.10980392 0.20392157 0.11764706 0.10980392 0.12156863 0.101960786 0.11372549 0.11764706 0.12941177 0.13725491 0.14901961 0.21960784 0.29803923 0.32941177 0.28627452 0.22352941 0.23137255 0.22745098 0.30980393 0.3372549 0.31764707 0.35686275 0.28627452
0.25490198 0.24313726 0.30588236 0.2784314 0.16862746 0.09411765 0.08235294 0.08235294 0.08627451 0.105882354 0.20392157 0.12156863 0.09019608 0.101960786 0.101960786 0.11372549 0.11764706 0.12941177 0.15294118 0.17254902 0.2 0.28235295 0.3764706 0.3137255 0.39607844 0.5686275 0.47058824 0.42352942 0.4509804 0.34901962 0.35686275 0.2784314
0.3019608 0.30980393 0.24705882 0.16862746 0.101960786 0.078431375 0.07058824 0.08235294 0.09411765 0.11372549 0.19215687 0.1254902 0.08235294 0.09803922 0.09803922 0.105882354 0.11372549 0.1254902 0.14901961 0.1882353 0.18431373 0.23529412 0.36862746 0.40392157 0.49019608 0.5686275 0.48235294 0.3254902 0.42352942 0.40392157 0.38431373 0.29803923
0.36078432 0.3882353 0.22352941 0.15294118 0.10980392 0.07450981 0.06666667 0.08235294 0.105882354 0.09019608 0.15294118 0.14117648 0.08235294 0.09803922 0.09803922 0.105882354 0.12156863 0.12941177 0.14117648 0.16078432 0.16470589 0.24313726 0.3647059 0.40784314 0.4 0.31764707 0.2784314 0.2627451 0.30588236 0.4392157 0.5019608 0.33333334
0.3764706 0.31764707 0.20392157 0.19215687 0.12941177 0.078431375 0.07058824 0.105882354 0.09803922 0.07058824 0.14117648 0.15294118 0.08627451 0.09803922 0.09803922 0.105882354 0.12156863 0.12941177 0.13725491 0.15686275 0.15294118 0.21568628 0.35686275 0.3529412 0.3019608 0.2627451 0.2901961 0.36078432 0.41568628 0.44705883 0.4745098 0.46666667
0.30980393 0.29803923 0.22745098 0.23921569 0.17254902 0.08627451 0.078431375 0.10980392 0.08627451 0.07450981 0.12156863 0.15686275 0.09411765 0.09411765 0.09803922 0.105882354 0.11764706 0.12941177 0.14117648 0.16078432 0.15686275 0.15686275 0.2509804 0.29803923 0.31764707 0.33333334 0.34509805 0.3764706 0.4509804 0.38431373 0.29411766 0.30980393
0.29803923 0.28627452 0.24313726 0.3254902 0.26666668 0.13725491 0.101960786 0.11372549 0.078431375 0.078431375 0.101960786 0.16078432 0.105882354 0.09803922 0.09411765 0.105882354 0.11372549 0.1254902 0.14901961 0.16862746 0.15294118 0.11372549 0.16470589 0.26666668 0.34901962 0.36078432 0.31764707 0.42352942 0.42745098 0.34117648 0.28627452 0.27058825
0.3019608 0.24313726 0.2784314 0.39607844 0.38039216 0.3372549 0.2627451 0.16470589 0.07058824 0.06666667 0.09411765 0.16862746 0.12156863 0.101960786 0.09019608 0.09803922 0.101960786 0.11372549 0.13725491 0.15294118 0.13725491 0.13725491 0.19215687 0.28235295 0.36862746 0.36078432 0.27058825 0.40784314 0.34901962 0.24313726 0.19607843 0.19607843
0.27058825 0.22352941 0.3372549 0.43137255 0.4 0.4392157 0.39607844 0.2 0.07450981 0.07058824 0.09803922 0.16470589 0.12156863 0.09803922 0.105882354 0.09803922 0.09803922 0.105882354 0.12156863 0.12156863 0.12156863 0.16078432 0.16470589 0.23137255 0.37254903 0.33333334 0.2901961 0.27450982 0.23137255 0.20784314 0.19215687 0.28235295
0.25490198 0.24705882 0.3764706 0.43137255 0.38039216 0.43137255 0.4 0.22745098 0.09411765 0.09411765 0.11764706 0.15294118 0.11764706 0.105882354 0.13725491 0.20392157 0.15294118 0.101960786 0.105882354 0.10980392 0.1254902 0.12941177 0.12156863 0.21176471 0.38039216 0.34901962 0.37254903 0.27450982 0.2 0.20784314 0.32941177 0.53333336
0.22745098 0.23529412 0.38431373 0.37254903 0.3254902 0.36078432 0.3372549 0.23921569 0.14901961 0.1764706 0.15294118 0.1764706 0.12941177 0.11372549 0.23137255 0.4117647 0.31764707 0.10980392 0.101960786 0.14117648 0.19215687 0.11764706 0.1254902 0.29803923 0.47843137 0.43137255 0.33333334 0.23529412 0.24313726 0.29411766 0.34901962 0.25882354
0.21176471 0.24705882 0.4117647 0.38431373 0.30980393 0.30588236 0.29411766 0.2509804 0.23529412 0.29411766 0.22352941 0.2627451 0.23529412 0.25490198 0.34117648 0.31764707 0.28235295 0.1254902 0.09019608 0.18039216 0.19215687 0.11372549 0.16862746 0.3764706 0.5176471 0.4627451 0.3254902 0.30980393 0.34901962 0.3254902 0.21568628 0.16078432
0.20392157 0.27058825 0.40392157 0.40784314 0.3372549 0.2901961 0.26666668 0.23921569 0.25882354 0.30980393 0.30588236 0.3647059 0.36078432 0.40392157 0.41568628 0.20784314 0.1882353 0.16862746 0.16862746 0.23921569 0.21176471 0.14901961 0.29411766 0.48235294 0.5764706 0.57254905 0.40392157 0.36078432 0.34509805 0.28627452 0.22745098 0.22745098
0.22745098 0.30588236 0.4627451 0.38039216 0.2509804 0.2627451 0.29803923 0.24705882 0.24705882 0.30588236 0.37254903 0.40784314 0.44313726 0.4392157 0.33333334 0.29803923 0.38431373 0.45490196 0.42352942 0.3137255 0.28627452 0.16862746 0.32156864 0.52156866 0.50980395 0.5921569 0.39215687 0.27058825 0.32156864 0.31764707 0.2901961 0.28235295
0.29803923 0.34901962 0.52156866 0.36078432 0.2 0.25490198 0.37254903 0.3372549 0.29411766 0.32156864 0.42352942 0.49019608 0.57254905 0.36078432 0.20392157 0.32941177 0.47058824 0.60784316 0.6862745 0.47058824 0.34509805 0.21568628 0.3254902 0.4392157 0.41568628 0.5294118 0.35686275 0.30588236 0.35686275 0.34901962 0.30980393 0.2627451
0.38039216 0.4392157 0.48235294 0.27058825 0.23921569 0.38039216 0.41960785 0.38039216 0.3372549 0.4 0.5529412 0.63529414 0.54901963 0.22352941 0.19607843 0.36862746 0.47843137 0.5568628 0.60784316 0.43529412 0.25882354 0.23921569 0.35686275 0.42352942 0.48235294 0.49411765 0.49019608 0.45882353 0.39607844 0.39215687 0.3372549 0.2784314
0.44313726 0.5058824 0.5058824 0.3529412 0.3529412 0.5803922 0.47843137 0.3529412 0.3529412 0.4 0.5568628 0.68235296 0.45882353 0.23137255 0.3137255 0.48235294 0.53333336 0.5411765 0.4745098 0.34509805 0.20392157 0.23529412 0.34509805 0.46666667 0.54901963 0.52156866 0.58431375 0.5647059 0.49019608 0.45490196 0.34117648 0.40392157
0.44313726 0.44705883 0.46666667 0.44313726 0.43137255 0.50980395 0.43529412 0.34117648 0.3647059 0.39607844 0.4 0.5568628 0.3882353 0.3137255 0.33333334 0.4392157 0.5529412 0.627451 0.5058824 0.3254902 0.20392157 0.24313726 0.29411766 0.43137255 0.5411765 0.54509807 0.57254905 0.6117647 0.5686275 0.4862745 0.3254902 0.3254902
0.39607844 0.43529412 0.43137255 0.4509804 0.44705883 0.4392157 0.4 0.3647059 0.39607844 0.4627451 0.39607844 0.43529412 0.30588236 0.3254902 0.3647059 0.40784314 0.50980395 0.5803922 0.44313726 0.35686275 0.32941177 0.27450982 0.28235295 0.36862746 0.49803922 0.5568628 0.5686275 0.627451 0.5921569 0.4745098 0.34901962 0.2901961
0.49019608 0.48235294 0.46666667 0.6039216 0.58431375 0.46666667 0.42352942 0.40784314 0.4392157 0.4862745 0.43529412 0.44313726 0.34117648 0.29803923 0.37254903 0.41960785 0.4862745 0.49803922 0.4 0.3647059 0.36862746 0.37254903 0.44705883 0.5019608 0.5176471 0.54509807 0.5372549 0.5647059 0.61960787 0.5254902 0.48235294 0.40392157
0.5411765 0.5411765 0.4862745 0.48235294 0.5647059 0.5411765 0.49411765 0.49019608 0.5058824 0.59607846 0.50980395 0.4392157 0.40784314 0.34901962 0.42745098 0.49411765 0.41960785 0.43529412 0.3764706 0.4 0.3882353 0.44705883 0.49019608 0.50980395 0.45490196 0.5176471 0.6117647 0.59607846 0.654902 0.627451 0.5529412 0.46666667
0.4627451 0.49019608 0.5921569 0.4745098 0.4 0.4862745 0.5137255 0.5019608 0.45882353 0.6039216 0.5882353 0.45490196 0.43529412 0.4745098 0.5529412 0.627451 0.47058824 0.45882353 0.42352942 0.4509804 0.48235294 0.5058824 0.43529412 0.37254903 0.4 0.42745098 0.6 0.6627451 0.6627451 0.7137255 0.62352943 0.45490196
0.5176471 0.49803922 0.6156863 0.58431375 0.3882353 0.42352942 0.4745098 0.54901963 0.53333336 0.45490196 0.56078434 0.5137255 0.49019608 0.5176471 0.5176471 0.5882353 0.59607846 0.5137255 0.49019608 0.4392157 0.3882353 0.49411765 0.4862745 0.4117647 0.42352942 0.47058824 0.4509804 0.5254902 0.52156866 0.57254905 0.5921569 0.3882353
0.16078432 0.15294118 0.11372549 0.09411765 0.18431373 0.18431373 0.18039216 0.11372549 0.078431375 0.09019608 0.14117648 0.09411765 0.08235294 0.14901961 0.16078432 0.101960786 0.09019608 0.09803922 0.105882354 0.07450981 0.09411765 0.15294118 0.15294118 0.19215687 0.24313726 0.1254902 0.07058824 0.101960786 0.08627451 0.05882353 0.05882353 0.0627451
0.18039216 0.11372549 0.05490196 0.08235294 0.20392157 0.19607843 0.16470589 0.09019608 0.078431375 0.05490196 0.105882354 0.06666667 0.06666667 0.09019608 0.13333334 0.11372549 0.08627451 0.12156863 0.12156863 0.08627451 0.11372549 0.1254902 0.07450981 0.09803922 0.14901961 0.07058824 0.043137256 0.08627451 0.078431375 0.07058824 0.050980393 0.0627451
0.1764706 0.105882354 0.047058824 0.12156863 0.21176471 0.16862746 0.1254902 0.09803922 0.1254902 0.105882354 0.105882354 0.08235294 0.07450981 0.08235294 0.12156863 0.1764706 0.13333334 0.08235294 0.08235294 0.105882354 0.13333334 0.1254902 0.05882353 0.0627451 0.1882353 0.08627451 0.08627451 0.07450981 0.09803922 0.105882354 0.047058824 0.09019608
0.14117648 0.1882353 0.13725491 0.22745098 0.21568628 0.16078432 0.09411765 0.11372549 0.16470589 0.14117648 0.15294118 0.11764706 0.105882354 0.09019608 0.10980392 0.24313726 0.16470589 0.09411765 0.14901961 0.14509805 0.16470589 0.1254902 0.07058824 0.11764706 0.15686275 0.07450981 0.105882354 0.07058824 0.07058824 0.09019608 0.023529412 0.101960786
0.14117648 0.16078432 0.11764706 0.16078432 0.15686275 0.16470589 0.13333334 0.1254902 0.1254902 0.101960786 0.078431375 0.105882354 0.101960786 0.06666667 0.08627451 0.18039216 0.12941177 0.10980392 0.14117648 0.14901961 0.21176471 0.13333334 0.09019608 0.101960786 0.09803922 0.1254902 0.05882353 0.047058824 0.07450981 0.078431375 0.050980393 0.07058824
0.20392157 0.16470589 0.12941177 0.13725491 0.15294118 0.20784314 0.13333334 0.105882354 0.13725491 0.13725491 0.05882353 0.101960786 0.1254902 0.08627451 0.08235294 0.09411765 0.09411765 0.11372549 0.10980392 0.105882354 0.20392157 0.13725491 0.0627451 0.05490196 0.07058824 0.07450981 0.06666667 0.043137256 0.078431375 0.08627451 0.08627451 0.0627451
0.16862746 0.14117648 0.21176471 0.2 0.21568628 0.2509804 0.08627451 0.07058824 0.11764706 0.16078432 0.09019608 0.12156863 0.13725491 0.101960786 0.105882354 0.09411765 0.078431375 0.08627451 0.101960786 0.12156863 0.19607843 0.12156863 0.06666667 0.050980393 0.07058824 0.09411765 0.13333334 0.06666667 0.09411765 0.09803922 0.09803922 0.11372549
0.10980392 0.07058824 0.18039216 0.24705882 0.25882354 0.19215687 0.05882353 0.07450981 0.08235294 0.12156863 0.11372549 0.11372549 0.1254902 0.101960786 0.11764706 0.11764706 0.10980392 0.101960786 0.101960786 0.13725491 0.23529412 0.12156863 0.07058824 0.09019608 0.12156863 0.13725491 0.105882354 0.07450981 0.1254902 0.07058824 0.09411765 0.12941177
0.12941177 0.08627451 0.14509805 0.23921569 0.22745098 0.10980392 0.07058824 0.08235294 0.06666667 0.08235294 0.13333334 0.09803922 0.12156863 0.11372549 0.105882354 0.11372549 0.11372549 0.12156863 0.11372549 0.1254902 0.1764706 0.06666667 0.07450981 0.105882354 0.078431375 0.06666667 0.078431375 0.09411765 0.1254902 0.047058824 0.105882354 0.11372549
0.105882354 0.078431375 0.2 0.23529412 0.16078432 0.09019608 0.09019608 0.078431375 0.050980393 0.07058824 0.17254902 0.09803922 0.105882354 0.12156863 0.08235294 0.09019608 0.101960786 0.11764706 0.13725491 0.14117648 0.10980392 0.08627451 0.12156863 0.10980392 0.05882353 0.11764706 0.15294118 0.24313726 0.21176471 0.08235294 0.1254902 0.047058824
0.08627451 0.05882353 0.1764706 0.19215687 0.12156863 0.09411765 0.101960786 0.08627451 0.05490196 0.078431375 0.18431373 0.10980392 0.08627451 0.09803922 0.09019608 0.101960786 0.10980392 0.12156863 0.15294118 0.1764706 0.14901961 0.11372549 0.13725491 0.08235294 0.20392157 0.46666667 0.4 0.3529412 0.32941177 0.08627451 0.105882354 0.050980393
0.105882354 0.105882354 0.13725491 0.09803922 0.078431375 0.09411765 0.09411765 0.08627451 0.07058824 0.101960786 0.1882353 0.12156863 0.078431375 0.09411765 0.105882354 0.12156863 0.1254902 0.13725491 0.15294118 0.18039216 0.1882353 0.11764706 0.12941177 0.1764706 0.39215687 0.5647059 0.4509804 0.2627451 0.3019608 0.10980392 0.101960786 0.06666667
0.13333334 0.1882353 0.13725491 0.101960786 0.07058824 0.07058824 0.09019608 0.09019608 0.09019608 0.08235294 0.14901961 0.13725491 0.078431375 0.09411765 0.105882354 0.11764706 0.13333334 0.14117648 0.14509805 0.16862746 0.18039216 0.14901961 0.1764706 0.30588236 0.5372549 0.49803922 0.32156864 0.1882353 0.15294118 0.13333334 0.20392157 0.09411765
0.12941177 0.12941177 0.12941177 0.12941177 0.06666667 0.05490196 0.08235294 0.11372549 0.08627451 0.0627451 0.13725491 0.14901961 0.08235294 0.09803922 0.105882354 0.11764706 0.13333334 0.14117648 0.14509805 0.1764706 0.18039216 0.15294118 0.2509804 0.37254903 0.5647059 0.49411765 0.28627452 0.17254902 0.16078432 0.14901961 0.20392157 0.22745098
0.078431375 0.12156863 0.13725491 0.13725491 0.08235294 0.043137256 0.07450981 0.11764706 0.078431375 0.06666667 0.11764706 0.15294118 0.09019608 0.09019608 0.105882354 0.11764706 0.12941177 0.14117648 0.14901961 0.18431373 0.1882353 0.12941177 0.23137255 0.41960785 0.5882353 0.52156866 0.27058825 0.09803922 0.14117648 0.13333334 0.09019608 0.12941177
0.09411765 0.12156863 0.13333334 0.1764706 0.13725491 0.05882353 0.07058824 0.10980392 0.08235294 0.078431375 0.09803922 0.15686275 0.101960786 0.101960786 0.10980392 0.12156863 0.12941177 0.13725491 0.15686275 0.18431373 0.1882353 0.101960786 0.20392157 0.45882353 0.62352943 0.52156866 0.21960784 0.14509805 0.14901961 0.15294118 0.13725491 0.14901961
0.13725491 0.10980392 0.14901961 0.21960784 0.14901961 0.09803922 0.08235294 0.09411765 0.101960786 0.09411765 0.08627451 0.14901961 0.12156863 0.13725491 0.13333334 0.13725491 0.13725491 0.14901961 0.15294118 0.16470589 0.18039216 0.11372549 0.21176471 0.4862745 0.5647059 0.34901962 0.101960786 0.19607843 0.16470589 0.12941177 0.09411765 0.09411765
0.11764706 0.101960786 0.2 0.24705882 0.14117648 0.14509805 0.15686275 0.09803922 0.101960786 0.09803922 0.09019608 0.14117648 0.13333334 0.13333334 0.105882354 0.09411765 0.11372549 0.13725491 0.14117648 0.12156863 0.16470589 0.15294118 0.20392157 0.40784314 0.4392157 0.18039216 0.06666667 0.09803922 0.078431375 0.09019608 0.08627451 0.18431373
0.101960786 0.1254902 0.23529412 0.24313726 0.13725491 0.1764706 0.1882353 0.11372549 0.07450981 0.08235294 0.09411765 0.12941177 0.11764706 0.105882354 0.05490196 0.12156863 0.11764706 0.11372549 0.1254902 0.09411765 0.13725491 0.15686275 0.20784314 0.3254902 0.2901961 0.09803922 0.1254902 0.101960786 0.03529412 0.03529412 0.20392157 0.44313726
0.078431375 0.11372549 0.23921569 0.18431373 0.105882354 0.14117648 0.14509805 0.11764706 0.08235294 0.09803922 0.08235294 0.12941177 0.09411765 0.05882353 0.105882354 0.29411766 0.25490198 0.105882354 0.11764706 0.10980392 0.16862746 0.15686275 0.19607843 0.28235295 0.23137255 0.09411765 0.07058824 0.078431375 0.07450981 0.105882354 0.21960784 0.16470589
0.07058824 0.12941177 0.26666668 0.19215687 0.105882354 0.11372549 0.12941177 0.11764706 0.11764706 0.13725491 0.09019608 0.16862746 0.14117648 0.14117648 0.21960784 0.21568628 0.22745098 0.10980392 0.105882354 0.15294118 0.12941177 0.14117648 0.1882353 0.22352941 0.16470589 0.09019608 0.07450981 0.16078432 0.18039216 0.14117648 0.09411765 0.047058824
0.06666667 0.13725491 0.23529412 0.21568628 0.15686275 0.11372549 0.09803922 0.09019608 0.12156863 0.14901961 0.16078432 0.25490198 0.23921569 0.25882354 0.2627451 0.08235294 0.09411765 0.09019608 0.11372549 0.17254902 0.13333334 0.13725491 0.22352941 0.21176471 0.18039216 0.1882353 0.13725491 0.2 0.19215687 0.13725491 0.11372549 0.101960786
0.09803922 0.13333334 0.22745098 0.18431373 0.10980392 0.08627451 0.08627451 0.07058824 0.13725491 0.21568628 0.28235295 0.3137255 0.34117648 0.30980393 0.13725491 0.08235294 0.16078432 0.20392157 0.16470589 0.14117648 0.19215687 0.09803922 0.12941177 0.18431373 0.14509805 0.23137255 0.09019608 0.078431375 0.19607843 0.19215687 0.15294118 0.14117648
0.14509805 0.14901961 0.2509804 0.14509805 0.047058824 0.0627451 0.14901961 0.16078432 0.19215687 0.23921569 0.33333334 0.39215687 0.4627451 0.2509804 0.09803922 0.16078432 0.1882353 0.21568628 0.27058825 0.23529412 0.21568628 0.09803922 0.09019608 0.105882354 0.101960786 0.21176471 0.07058824 0.105882354 0.21568628 0.20392157 0.15294118 0.101960786
0.21176471 0.23137255 0.21176471 0.05490196 0.05882353 0.16862746 0.2 0.21568628 0.24313726 0.29411766 0.43137255 0.50980395 0.42352942 0.105882354 0.08627451 0.1764706 0.16862746 0.16470589 0.21960784 0.2 0.09803922 0.09019608 0.11372549 0.11372549 0.20784314 0.21176471 0.21568628 0.24313726 0.22352941 0.21568628 0.1764706 0.10980392
0.29411766 0.32156864 0.2627451 0.15294118 0.14509805 0.3372549 0.25490198 0.20392157 0.27450982 0.26666668 0.40392157 0.5411765 0.32156864 0.09803922 0.14117648 0.23137255 0.21568628 0.23137255 0.21960784 0.14509805 0.050980393 0.08627451 0.13333334 0.19607843 0.28235295 0.23921569 0.3019608 0.32941177 0.2901961 0.2784314 0.19607843 0.2509804
0.3372549 0.30980393 0.27058825 0.2784314 0.20784314 0.24705882 0.20784314 0.2 0.2901961 0.24705882 0.22745098 0.39607844 0.24313726 0.18431373 0.21176471 0.22352941 0.2509804 0.3372549 0.28235295 0.16078432 0.078431375 0.12156863 0.12941177 0.20784314 0.24705882 0.23529412 0.27450982 0.3529412 0.35686275 0.3254902 0.21568628 0.20392157
0.27450982 0.2784314 0.23529412 0.27450982 0.23921569 0.21960784 0.20784314 0.20392157 0.2509804 0.28627452 0.21960784 0.28627452 0.19215687 0.2509804 0.29411766 0.2627451 0.28235295 0.32941177 0.21568628 0.16862746 0.16862746 0.1254902 0.10980392 0.15294118 0.24313726 0.28627452 0.29411766 0.36862746 0.38039216 0.32941177 0.2 0.13333334
0.3764706 0.32941177 0.29411766 0.4392157 0.4117647 0.30588236 0.27450982 0.23529412 0.24313726 0.3137255 0.27450982 0.30588236 0.25490198 0.2509804 0.2901961 0.29803923 0.3254902 0.30980393 0.19215687 0.14901961 0.17254902 0.19607843 0.24705882 0.28627452 0.3137255 0.3254902 0.28627452 0.29803923 0.38039216 0.31764707 0.21960784 0.17254902
0.4509804 0.43529412 0.36862746 0.3647059 0.42352942 0.4 0.3647059 0.34117648 0.34509805 0.4627451 0.3764706 0.29803923 0.28627452 0.25490198 0.3372549 0.37254903 0.2627451 0.25882354 0.1882353 0.20784314 0.22352941 0.29803923 0.31764707 0.3137255 0.2509804 0.28627452 0.34117648 0.30980393 0.36078432 0.29411766 0.19607843 0.20784314
0.3254902 0.35686275 0.44313726 0.31764707 0.27450982 0.3764706 0.4 0.37254903 0.32156864 0.49803922 0.47058824 0.30980393 0.28627452 0.34509805 0.44705883 0.50980395 0.32156864 0.29411766 0.25490198 0.2901961 0.3529412 0.3882353 0.29803923 0.20784314 0.21568628 0.20784314 0.34117648 0.3882353 0.3647059 0.34509805 0.25490198 0.22352941
0.3764706 0.3647059 0.4392157 0.38039216 0.2784314 0.34509805 0.3647059 0.41960785 0.39215687 0.33333334 0.42745098 0.36078432 0.34117648 0.3882353 0.4117647 0.47058824 0.45490196 0.3647059 0.34117648 0.3019608 0.27450982 0.4 0.36862746 0.27058825 0.27450982 0.29411766 0.24313726 0.29803923 0.2901961 0.30588236 0.3019608 0.18431373
1 30 2
1 27 2
1 29 2
27 2 2
1 26 2
9 21 2
6 14 1
4 29 2
14 4 2
26 21 2
