32, 32, 3, 10
0.84313726 0.84313726 0.8666667 0.89411765 0.9098039 0.9254902 0.95686275 0.96862745 0.9647059 0.96862745 0.9764706 0.9647059 0.9647059 0.9764706 0.9843137 0.98039216 0.972549 0.9764706 0.98039216 0.9882353 0.96862745 0.96862745 0.972549 0.9607843 0.95686275 0.94509804 0.92156863 0.8901961 0.8392157 0.79607844 0.7529412 0.7019608
0.8509804 0.85882354 0.8980392 0.90588236 0.91764706 0.94509804 0.9647059 0.972549 0.972549 0.9843137 0.9882353 0.98039216 0.9764706 0.9764706 0.9882353 0.9882353 0.9764706 0.98039216 0.9843137 0.9882353 0.98039216 0.9764706 0.9764706 0.972549 0.95686275 0.9490196 0.9411765 0.91764706 0.8862745 0.8509804 0.78431374 0.7254902
0.87058824 0.88235295 0.9019608 0.9137255 0.92941177 0.9607843 0.972549 0.96862745 0.972549 0.9882353 0.9882353 0.9843137 0.99215686 0.9843137 0.99215686 0.99607843 0.99215686 0.99215686 0.99607843 0.99607843 0.99215686 0.9882353 0.9843137 0.9843137 0.98039216 0.98039216 0.9607843 0.9372549 0.92156863 0.89411765 0.84705883 0.77254903
0.8784314 0.8784314 0.9098039 0.92156863 0.9254902 0.9411765 0.9607843 0.9647059 0.96862745 0.96862745 0.9607843 0.9647059 0.96862745 0.9764706 0.98039216 0.9764706 0.98039216 0.9882353 0.9882353 0.96862745 0.98039216 0.99215686 0.99607843 0.9882353 0.9764706 0.972549 0.9647059 0.9490196 0.9411765 0.9098039 0.88235295 0.827451
0.85882354 0.87058824 0.89411765 0.9254902 0.92156863 0.92156863 0.9411765 0.9647059 0.972549 0.972549 0.972549 0.9843137 0.9764706 0.9647059 0.9764706 0.9764706 0.972549 0.98039216 0.9882353 0.9843137 0.98039216 0.9843137 0.9764706 0.95686275 0.93333334 0.9411765 0.9529412 0.9372549 0.9254902 0.9098039 0.88235295 0.84705883
0.85490197 0.8666667 0.88235295 0.9098039 0.9254902 0.9372549 0.9529412 0.9607843 0.96862745 0.972549 0.9843137 0.99215686 0.98039216 0.9607843 0.972549 0.9882353 0.972549 0.9647059 0.98039216 0.99215686 0.9843137 0.9843137 0.972549 0.96862745 0.9372549 0.92941177 0.9490196 0.9254902 0.9137255 0.9098039 0.88235295 0.85882354
0.88235295 0.8901961 0.9019608 0.9137255 0.9411765 0.9490196 0.9647059 0.98039216 0.9764706 0.98039216 0.9882353 0.9843137 0.9843137 0.9764706 0.96862745 0.9607843 0.9607843 0.972549 0.98039216 0.98039216 0.9607843 0.9764706 0.9647059 0.9019608 0.9529412 0.95686275 0.9372549 0.9137255 0.9254902 0.9137255 0.8901961 0.8627451
0.8784314 0.8980392 0.92156863 0.9411765 0.9490196 0.95686275 0.95686275 0.9764706 0.9529412 0.96862745 0.99215686 0.99607843 0.92941177 0.8352941 0.7372549 0.6784314 0.6901961 0.77254903 0.84705883 0.9372549 0.9764706 0.9882353 0.88235295 0.6784314 0.9098039 0.9764706 0.93333334 0.92941177 0.9254902 0.88235295 0.88235295 0.8627451
0.8627451 0.87058824 0.827451 0.75686276 0.7529412 0.77254903 0.8745098 0.9137255 0.9098039 0.9098039 0.91764706 0.8352941 0.5372549 0.4392157 0.41960785 0.42745098 0.44705883 0.5019608 0.5372549 0.5686275 0.7176471 0.8745098 0.87058824 0.61960787 0.74509805 0.9098039 0.9098039 0.91764706 0.827451 0.75686276 0.8980392 0.8784314
0.8666667 0.7882353 0.4862745 0.32156864 0.45882353 0.44313726 0.57254905 0.68235296 0.7490196 0.7137255 0.654902 0.5058824 0.29803923 0.34901962 0.37254903 0.39607844 0.47058824 0.54901963 0.5529412 0.44313726 0.40784314 0.5176471 0.7058824 0.5647059 0.49019608 0.45490196 0.4745098 0.70980394 0.8117647 0.7921569 0.9137255 0.8980392
0.85490197 0.68235296 0.11372549 0.16470589 0.56078434 0.44705883 0.38431373 0.41568628 0.4745098 0.46666667 0.46666667 0.3647059 0.3372549 0.40392157 0.36862746 0.34901962 0.4 0.46666667 0.47843137 0.40392157 0.3882353 0.34901962 0.34117648 0.40784314 0.4 0.23137255 0.22352941 0.5764706 0.8039216 0.8784314 0.91764706 0.8980392
0.84705883 0.7607843 0.34117648 0.35686275 0.85490197 0.79607844 0.6 0.4627451 0.40784314 0.3647059 0.3254902 0.27450982 0.42745098 0.5019608 0.42352942 0.3882353 0.38431373 0.40392157 0.41960785 0.39607844 0.35686275 0.25490198 0.16862746 0.28627452 0.3764706 0.34117648 0.43137255 0.6627451 0.7019608 0.8745098 0.91764706 0.88235295
0.8509804 0.8509804 0.80784315 0.8 0.92156863 0.91764706 0.8 0.69803923 0.60784316 0.48235294 0.3137255 0.25490198 0.37254903 0.6039216 0.5803922 0.47843137 0.3647059 0.3529412 0.34117648 0.34901962 0.22745098 0.13333334 0.11764706 0.23921569 0.43137255 0.45490196 0.5647059 0.7294118 0.7372549 0.8784314 0.9019608 0.87058824
0.8509804 0.8666667 0.8980392 0.92941177 0.92941177 0.8980392 0.80784315 0.77254903 0.7294118 0.5294118 0.2784314 0.28627452 0.46666667 0.54509807 0.5803922 0.5372549 0.36862746 0.30588236 0.24313726 0.15294118 0.13725491 0.11764706 0.105882354 0.24705882 0.4 0.5254902 0.7176471 0.7647059 0.827451 0.8784314 0.8901961 0.8627451
0.8509804 0.8666667 0.88235295 0.8980392 0.91764706 0.89411765 0.8117647 0.75686276 0.64705884 0.47058824 0.4392157 0.5137255 0.62352943 0.5803922 0.53333336 0.5137255 0.37254903 0.24313726 0.11764706 0.1254902 0.20392157 0.16078432 0.13333334 0.23921569 0.35686275 0.5019608 0.70980394 0.7411765 0.8627451 0.90588236 0.8862745 0.85882354
0.81960785 0.8392157 0.8666667 0.8901961 0.90588236 0.8862745 0.78039217 0.7058824 0.5411765 0.49019608 0.76862746 0.7254902 0.6156863 0.49803922 0.4627451 0.4509804 0.40392157 0.19215687 0.07058824 0.17254902 0.21960784 0.22352941 0.18431373 0.21568628 0.38039216 0.41568628 0.75686276 0.8156863 0.8784314 0.9019608 0.8784314 0.8627451
0.8039216 0.81960785 0.8509804 0.8862745 0.8862745 0.8235294 0.7019608 0.7137255 0.5372549 0.50980395 0.80784315 0.7411765 0.5764706 0.47058824 0.40392157 0.3372549 0.3137255 0.1764706 0.050980393 0.1764706 0.24313726 0.25882354 0.29411766 0.3529412 0.54509807 0.64705884 0.8 0.75686276 0.8980392 0.8745098 0.87058824 0.85490197
0.8117647 0.81960785 0.85882354 0.8862745 0.8156863 0.7254902 0.6862745 0.80784315 0.5294118 0.43137255 0.7882353 0.8156863 0.80784315 0.7490196 0.6117647 0.43137255 0.2901961 0.1882353 0.078431375 0.25490198 0.3019608 0.28235295 0.45490196 0.56078434 0.5921569 0.7490196 0.64705884 0.69411767 0.9098039 0.8784314 0.8666667 0.84705883
0.79607844 0.8 0.84705883 0.87058824 0.77254903 0.6431373 0.6745098 0.7294118 0.4 0.36078432 0.7921569 0.94509804 0.94509804 0.9098039 0.8392157 0.69411767 0.44705883 0.23921569 0.12941177 0.21960784 0.26666668 0.33333334 0.4509804 0.64705884 0.76862746 0.8 0.7254902 0.79607844 0.85882354 0.8627451 0.84705883 0.8392157
0.78431374 0.78431374 0.83137256 0.8666667 0.8117647 0.6156863 0.6392157 0.7137255 0.41568628 0.34509805 0.6901961 0.93333334 0.9372549 0.92156863 0.8862745 0.8509804 0.6862745 0.43137255 0.23921569 0.16078432 0.23921569 0.4627451 0.48235294 0.5686275 0.7176471 0.81960785 0.8509804 0.8745098 0.8509804 0.8627451 0.84705883 0.81960785
0.7764706 0.76862746 0.81960785 0.85882354 0.8627451 0.7529412 0.6862745 0.79607844 0.6117647 0.36862746 0.7137255 0.93333334 0.92941177 0.9137255 0.90588236 0.89411765 0.84313726 0.70980394 0.45882353 0.20784314 0.23921569 0.4117647 0.5647059 0.60784316 0.5764706 0.5137255 0.5803922 0.827451 0.87058824 0.8627451 0.85882354 0.8156863
0.76862746 0.7921569 0.8117647 0.85490197 0.85490197 0.8627451 0.8627451 0.89411765 0.8235294 0.654902 0.8 0.91764706 0.92156863 0.9137255 0.9098039 0.9019608 0.87058824 0.84313726 0.75686276 0.47843137 0.19607843 0.3529412 0.4627451 0.627451 0.6156863 0.39215687 0.3254902 0.6039216 0.7921569 0.8352941 0.8745098 0.84313726
0.76862746 0.78039217 0.7921569 0.8156863 0.84313726 0.84705883 0.8627451 0.8901961 0.88235295 0.8784314 0.9098039 0.9137255 0.9098039 0.92156863 0.9098039 0.8980392 0.88235295 0.8666667 0.8352941 0.7490196 0.47058824 0.29411766 0.35686275 0.5254902 0.7607843 0.7137255 0.43529412 0.27450982 0.49411765 0.7137255 0.87058824 0.85490197
0.7647059 0.7529412 0.7764706 0.8156863 0.827451 0.8235294 0.84313726 0.8666667 0.8745098 0.8901961 0.90588236 0.9098039 0.9137255 0.9098039 0.9098039 0.9019608 0.88235295 0.85882354 0.83137256 0.8117647 0.75686276 0.49019608 0.3019608 0.45490196 0.7490196 0.84313726 0.7607843 0.49803922 0.3254902 0.5764706 0.8352941 0.84313726
0.7490196 0.74509805 0.7647059 0.7921569 0.8 0.8392157 0.84705883 0.85490197 0.8666667 0.8862745 0.89411765 0.89411765 0.9098039 0.91764706 0.9019608 0.8980392 0.8980392 0.8745098 0.85882354 0.8392157 0.84313726 0.77254903 0.49803922 0.54901963 0.7882353 0.84313726 0.8745098 0.85490197 0.7019608 0.70980394 0.8235294 0.84705883
0.73333335 0.7411765 0.7647059 0.78431374 0.7921569 0.8352941 0.84313726 0.8509804 0.8627451 0.8784314 0.8862745 0.8784314 0.8980392 0.9098039 0.8980392 0.9019608 0.89411765 0.8901961 0.88235295 0.8509804 0.84705883 0.8352941 0.78039217 0.75686276 0.8235294 0.84313726 0.8509804 0.85882354 0.8784314 0.84705883 0.827451 0.8117647
0.72156864 0.7372549 0.7490196 0.77254903 0.7882353 0.827451 0.84313726 0.8352941 0.8509804 0.8745098 0.85882354 0.8627451 0.9019608 0.8862745 0.89411765 0.9098039 0.9019608 0.9019608 0.88235295 0.8745098 0.8627451 0.8627451 0.84705883 0.85882354 0.84705883 0.84705883 0.85882354 0.85882354 0.8666667 0.83137256 0.79607844 0.7882353
0.70980394 0.7372549 0.7529412 0.7607843 0.78039217 0.80784315 0.8352941 0.84313726 0.8509804 0.85490197 0.84313726 0.8784314 0.8862745 0.88235295 0.88235295 0.89411765 0.8862745 0.89411765 0.8745098 0.8784314 0.8392157 0.85490197 0.8627451 0.84313726 0.827451 0.85490197 0.8745098 0.84313726 0.8392157 0.80784315 0.7607843 0.7647059
0.7176471 0.73333335 0.7529412 0.7529412 0.78431374 0.8 0.8117647 0.827451 0.84705883 0.85490197 0.85882354 0.84705883 0.8666667 0.8901961 0.8666667 0.8509804 0.8666667 0.88235295 0.84705883 0.85882354 0.8392157 0.84313726 0.85882354 0.84705883 0.8156863 0.8509804 0.8352941 0.8 0.8 0.7921569 0.7647059 0.7490196
0.69803923 0.7254902 0.7647059 0.7921569 0.7882353 0.7921569 0.8156863 0.8156863 0.84313726 0.85882354 0.84705883 0.84705883 0.87058824 0.8862745 0.8745098 0.85490197 0.8627451 0.85490197 0.8392157 0.83137256 0.8392157 0.84313726 0.85490197 0.8509804 0.827451 0.8352941 0.8117647 0.79607844 0.7764706 0.7764706 0.76862746 0.73333335
0.6784314 0.70980394 0.7529412 0.7921569 0.78431374 0.7764706 0.78431374 0.8117647 0.83137256 0.84705883 0.84313726 0.84313726 0.8745098 0.8980392 0.8862745 0.8666667 0.87058824 0.85882354 0.8627451 0.84705883 0.83137256 0.8392157 0.8392157 0.8627451 0.8666667 0.8352941 0.8235294 0.8 0.7529412 0.7764706 0.7529412 0.7294118
0.69411767 0.7137255 0.7490196 0.7764706 0.7882353 0.76862746 0.78431374 0.8117647 0.827451 0.85490197 0.8392157 0.84313726 0.8784314 0.8666667 0.85490197 0.8235294 0.83137256 0.8627451 0.8509804 0.8352941 0.8156863 0.84705883 0.827451 0.8352941 0.84705883 0.80784315 0.8117647 0.7921569 0.7490196 0.7607843 0.74509805 0.7254902
0.7372549 0.7294118 0.7411765 0.76862746 0.78431374 0.8 0.83137256 0.8509804 0.85882354 0.8666667 0.87058824 0.85490197 0.84705883 0.85882354 0.8666667 0.8666667 0.87058824 0.8745098 0.87058824 0.8666667 0.8627451 0.87058824 0.8627451 0.84313726 0.8352941 0.827451 0.8039216 0.77254903 0.7176471 0.6666667 0.6313726 0.5882353
0.7411765 0.7411765 0.77254903 0.78039217 0.7921569 0.81960785 0.8392157 0.85490197 0.8666667 0.8784314 0.88235295 0.8745098 0.8627451 0.8627451 0.8745098 0.8784314 0.88235295 0.8862745 0.88235295 0.8784314 0.88235295 0.8784314 0.8666667 0.85490197 0.8352941 0.827451 0.81960785 0.8 0.7607843 0.72156864 0.65882355 0.6117647
0.7607843 0.7647059 0.7764706 0.7882353 0.8039216 0.8352941 0.84705883 0.84705883 0.8666667 0.88235295 0.88235295 0.88235295 0.8901961 0.88235295 0.8862745 0.8901961 0.90588236 0.90588236 0.9019608 0.8901961 0.8901961 0.8901961 0.8745098 0.8666667 0.85490197 0.84705883 0.83137256 0.8039216 0.7882353 0.75686276 0.7137255 0.6509804
0.76862746 0.7607843 0.78431374 0.79607844 0.8 0.8156863 0.8352941 0.84705883 0.8627451 0.8627451 0.85490197 0.8627451 0.87058824 0.8784314 0.88235295 0.8784314 0.9019608 0.9098039 0.8980392 0.87058824 0.8862745 0.8980392 0.8901961 0.8745098 0.8509804 0.8392157 0.827451 0.8117647 0.8039216 0.76862746 0.74509805 0.69803923
0.7529412 0.7529412 0.76862746 0.8 0.79607844 0.79607844 0.8156863 0.84313726 0.8666667 0.8666667 0.8666667 0.88235295 0.8784314 0.8666667 0.8784314 0.8862745 0.9019608 0.90588236 0.8980392 0.8862745 0.8862745 0.8862745 0.8666667 0.84313726 0.8039216 0.8039216 0.8117647 0.79607844 0.78431374 0.7647059 0.7411765 0.7176471
0.74509805 0.7529412 0.7529412 0.78039217 0.8 0.8117647 0.8235294 0.84313726 0.8666667 0.8745098 0.88235295 0.8901961 0.8784314 0.8627451 0.8745098 0.8980392 0.8980392 0.8862745 0.88235295 0.88235295 0.8784314 0.88235295 0.8666667 0.85882354 0.81960785 0.8039216 0.80784315 0.78039217 0.7647059 0.7529412 0.7490196 0.7372549
0.77254903 0.76862746 0.7647059 0.78431374 0.81960785 0.827451 0.84313726 0.8666667 0.87058824 0.8745098 0.88235295 0.8784314 0.89411765 0.8901961 0.88235295 0.8745098 0.8862745 0.89411765 0.8901961 0.88235295 0.85490197 0.8666667 0.8509804 0.78039217 0.8235294 0.827451 0.8 0.77254903 0.77254903 0.7529412 0.75686276 0.7372549
0.7607843 0.75686276 0.7764706 0.8117647 0.8352941 0.84313726 0.84705883 0.87058824 0.8392157 0.85882354 0.88235295 0.89411765 0.85882354 0.7607843 0.6627451 0.6039216 0.6156863 0.69411767 0.76862746 0.85490197 0.88235295 0.88235295 0.76862746 0.5411765 0.76862746 0.84313726 0.8039216 0.7882353 0.7607843 0.7176471 0.7490196 0.7372549
0.7372549 0.73333335 0.7176471 0.6627451 0.654902 0.6784314 0.7882353 0.8235294 0.8117647 0.8117647 0.81960785 0.7411765 0.47058824 0.37254903 0.34901962 0.3529412 0.3647059 0.41960785 0.4627451 0.49803922 0.6392157 0.78431374 0.7607843 0.4862745 0.6117647 0.8039216 0.8117647 0.78039217 0.6509804 0.5921569 0.7647059 0.75686276
0.7372549 0.6745098 0.44313726 0.28627452 0.4 0.39215687 0.52156866 0.6156863 0.6666667 0.6313726 0.57254905 0.42745098 0.24313726 0.29803923 0.3254902 0.34117648 0.39607844 0.47058824 0.4862745 0.38431373 0.36078432 0.45490196 0.61960787 0.44313726 0.38431373 0.40392157 0.42352942 0.58431375 0.6117647 0.62352943 0.78431374 0.7764706
0.73333335 0.5921569 0.10980392 0.16078432 0.52156866 0.40784314 0.34509805 0.36862746 0.4117647 0.40392157 0.40392157 0.30980393 0.29803923 0.3647059 0.3372549 0.3137255 0.33333334 0.39607844 0.41960785 0.35686275 0.35686275 0.3137255 0.28235295 0.3137255 0.3254902 0.21568628 0.19607843 0.4509804 0.59607846 0.7176471 0.7882353 0.77254903
0.7490196 0.6784314 0.29411766 0.29411766 0.75686276 0.69411767 0.5176471 0.4 0.34901962 0.30980393 0.28235295 0.23921569 0.38431373 0.4392157 0.35686275 0.3254902 0.3019608 0.31764707 0.34509805 0.34509805 0.3254902 0.24313726 0.15686275 0.24705882 0.3372549 0.3137255 0.36078432 0.52156866 0.52156866 0.73333335 0.78431374 0.7490196
0.74509805 0.7607843 0.72156864 0.7019608 0.8039216 0.79607844 0.7058824 0.61960787 0.5372549 0.42745098 0.2784314 0.22745098 0.30980393 0.50980395 0.4627451 0.37254903 0.28235295 0.28235295 0.2901961 0.3137255 0.20784314 0.13333334 0.1254902 0.22352941 0.39607844 0.4 0.4745098 0.6039216 0.5882353 0.7411765 0.76862746 0.7372549
0.73333335 0.75686276 0.7882353 0.8235294 0.8117647 0.7764706 0.7137255 0.68235296 0.63529414 0.46666667 0.24313726 0.24705882 0.38039216 0.41568628 0.41960785 0.3882353 0.2901961 0.27058825 0.23137255 0.14117648 0.12941177 0.1254902 0.11764706 0.23921569 0.3529412 0.44705883 0.6313726 0.65882355 0.70980394 0.7490196 0.75686276 0.7294118
0.7411765 0.75686276 0.76862746 0.7921569 0.8 0.77254903 0.7176471 0.654902 0.5294118 0.39215687 0.37254903 0.43137255 0.5137255 0.43137255 0.36862746 0.36078432 0.29411766 0.22745098 0.12941177 0.12941177 0.19215687 0.16078432 0.14117648 0.22352941 0.3019608 0.41568628 0.62352943 0.6431373 0.75686276 0.7764706 0.7529412 0.7254902
0.7372549 0.74509805 0.7647059 0.78431374 0.7882353 0.7607843 0.6862745 0.59607846 0.40784314 0.39215687 0.65882355 0.58431375 0.49019608 0.36078432 0.3254902 0.33333334 0.32941177 0.18039216 0.09411765 0.16862746 0.1882353 0.20392157 0.1764706 0.1882353 0.32156864 0.34117648 0.67058825 0.7137255 0.7607843 0.77254903 0.74509805 0.7294118
0.7294118 0.73333335 0.7529412 0.78431374 0.77254903 0.70980394 0.60784316 0.6039216 0.40784314 0.40784314 0.6627451 0.5529412 0.42745098 0.33333334 0.28627452 0.25490198 0.24705882 0.16078432 0.06666667 0.15294118 0.2 0.22352941 0.25490198 0.2901961 0.46666667 0.5764706 0.7137255 0.63529414 0.7607843 0.7411765 0.7372549 0.72156864
0.7137255 0.72156864 0.7529412 0.78039217 0.72156864 0.6392157 0.6 0.6862745 0.42352942 0.36078432 0.6392157 0.6156863 0.62352943 0.5882353 0.4862745 0.34117648 0.24313726 0.1764706 0.07058824 0.21568628 0.25490198 0.22352941 0.36078432 0.42352942 0.44313726 0.6156863 0.5176471 0.5647059 0.78039217 0.7411765 0.7294118 0.70980394
0.6862745 0.69411767 0.7411765 0.7607843 0.6784314 0.5647059 0.5803922 0.60784316 0.30980393 0.30588236 0.654902 0.76862746 0.7764706 0.75686276 0.7058824 0.5764706 0.37254903 0.2 0.101960786 0.18431373 0.20784314 0.24705882 0.31764707 0.46666667 0.5529412 0.5764706 0.54901963 0.6784314 0.7647059 0.7294118 0.7058824 0.7019608
0.6745098 0.6784314 0.7254902 0.7529412 0.70980394 0.5294118 0.5411765 0.5921569 0.32941177 0.2901961 0.5647059 0.7882353 0.80784315 0.78431374 0.74509805 0.70980394 0.5686275 0.34509805 0.18039216 0.1254902 0.1764706 0.3529412 0.32941177 0.37254903 0.49803922 0.6 0.6627451 0.7254902 0.72156864 0.7254902 0.7058824 0.68235296
0.6666667 0.6627451 0.7137255 0.7411765 0.7529412 0.65882355 0.5803922 0.6745098 0.52156866 0.29803923 0.5882353 0.8117647 0.8117647 0.7882353 0.76862746 0.7490196 0.7019608 0.5882353 0.36862746 0.15686275 0.18039216 0.3137255 0.42745098 0.42352942 0.40392157 0.38039216 0.42352942 0.6431373 0.6784314 0.72156864 0.72156864 0.6784314
0.65882355 0.68235296 0.7019608 0.73333335 0.7372549 0.7607843 0.7490196 0.75686276 0.7137255 0.5568628 0.65882355 0.7921569 0.79607844 0.78431374 0.78431374 0.77254903 0.7294118 0.69803923 0.6313726 0.40392157 0.15294118 0.2901961 0.36078432 0.48235294 0.47843137 0.29411766 0.20392157 0.45882353 0.6313726 0.69411767 0.7372549 0.7058824
0.65882355 0.67058825 0.6862745 0.69803923 0.7254902 0.74509805 0.7490196 0.75686276 0.7607843 0.7607843 0.7647059 0.78039217 0.7764706 0.7882353 0.7882353 0.78039217 0.7490196 0.72156864 0.69411767 0.6392157 0.40784314 0.24313726 0.28235295 0.41568628 0.61960787 0.57254905 0.31764707 0.18431373 0.40392157 0.5803922 0.7372549 0.7176471
0.65882355 0.6509804 0.67058825 0.7058824 0.72156864 0.7176471 0.7372549 0.7490196 0.7529412 0.76862746 0.78039217 0.78431374 0.78039217 0.7764706 0.7764706 0.77254903 0.7490196 0.72156864 0.69803923 0.68235296 0.6313726 0.39607844 0.22745098 0.34901962 0.59607846 0.6745098 0.62352943 0.39215687 0.23137255 0.44705883 0.69803923 0.70980394
0.64705884 0.6431373 0.6627451 0.6862745 0.69411767 0.73333335 0.7411765 0.74509805 0.74509805 0.7647059 0.7764706 0.77254903 0.7764706 0.78431374 0.76862746 0.7647059 0.7607843 0.7372549 0.7254902 0.7058824 0.69803923 0.6509804 0.40392157 0.43137255 0.6313726 0.6784314 0.72156864 0.7176471 0.5686275 0.5803922 0.69411767 0.7137255
0.6313726 0.6392157 0.6627451 0.6784314 0.6862745 0.7294118 0.7372549 0.7372549 0.7411765 0.7529412 0.7607843 0.7490196 0.7647059 0.7764706 0.7647059 0.76862746 0.75686276 0.7529412 0.7490196 0.7176471 0.7019608 0.69803923 0.654902 0.61960787 0.67058825 0.6901961 0.69411767 0.69803923 0.7176471 0.7176471 0.69803923 0.6784314
0.61960787 0.63529414 0.64705884 0.67058825 0.68235296 0.72156864 0.7372549 0.72156864 0.7254902 0.7490196 0.73333335 0.7372549 0.77254903 0.7529412 0.7607843 0.7764706 0.7607843 0.7607843 0.74509805 0.7372549 0.7176471 0.7176471 0.70980394 0.7137255 0.7019608 0.7019608 0.70980394 0.69803923 0.7019608 0.7019608 0.67058825 0.654902
0.60784316 0.63529414 0.6509804 0.65882355 0.6745098 0.7019608 0.7294118 0.7294118 0.7254902 0.7294118 0.7176471 0.7490196 0.7529412 0.7490196 0.7490196 0.7607843 0.7490196 0.7529412 0.73333335 0.7411765 0.7019608 0.7176471 0.7254902 0.70980394 0.6901961 0.7137255 0.7372549 0.7019608 0.69803923 0.6745098 0.627451 0.6313726
0.6156863 0.6313726 0.64705884 0.6431373 0.67058825 0.6901961 0.7019608 0.7137255 0.7254902 0.73333335 0.7372549 0.7254902 0.7411765 0.7647059 0.73333335 0.7176471 0.7294118 0.7411765 0.70980394 0.72156864 0.70980394 0.70980394 0.72156864 0.7137255 0.68235296 0.7176471 0.7058824 0.67058825 0.67058825 0.654902 0.6313726 0.61960787
0.6039216 0.61960787 0.6509804 0.67058825 0.6666667 0.6745098 0.69803923 0.7019608 0.7294118 0.74509805 0.7372549 0.73333335 0.75686276 0.76862746 0.7411765 0.7176471 0.7254902 0.72156864 0.7058824 0.69803923 0.7058824 0.7058824 0.7176471 0.7137255 0.69411767 0.7019608 0.6784314 0.6627451 0.6431373 0.63529414 0.6313726 0.60784316
0.5882353 0.60784316 0.6431373 0.6784314 0.6666667 0.6627451 0.6745098 0.7019608 0.72156864 0.7372549 0.73333335 0.73333335 0.7647059 0.78039217 0.75686276 0.7294118 0.7372549 0.7254902 0.7294118 0.7137255 0.69803923 0.7019608 0.7019608 0.7254902 0.73333335 0.7019608 0.6901961 0.6666667 0.61960787 0.6313726 0.6156863 0.6039216
0.6117647 0.62352943 0.64705884 0.6666667 0.6784314 0.6627451 0.6784314 0.7058824 0.7176471 0.74509805 0.7294118 0.73333335 0.76862746 0.7529412 0.72156864 0.6862745 0.69803923 0.7294118 0.7176471 0.7019608 0.6784314 0.70980394 0.6901961 0.69803923 0.70980394 0.6745098 0.6784314 0.65882355 0.6156863 0.61960787 0.60784316 0.59607846
0.65882355 0.64705884 0.654902 0.6784314 0.69411767 0.70980394 0.7411765 0.7490196 0.7411765 0.7490196 0.7529412 0.7411765 0.73333335 0.74509805 0.7529412 0.7490196 0.7529412 0.7529412 0.7529412 0.7529412 0.74509805 0.7490196 0.74509805 0.7294118 0.7254902 0.72156864 0.69803923 0.6666667 0.62352943 0.6 0.57254905 0.5372549
0.6666667 0.6627451 0.6862745 0.6901961 0.7019608 0.7294118 0.7490196 0.7529412 0.7490196 0.7607843 0.7647059 0.75686276 0.74509805 0.74509805 0.7607843 0.7607843 0.7607843 0.7647059 0.7607843 0.7607843 0.7607843 0.75686276 0.7490196 0.7411765 0.72156864 0.7176471 0.7058824 0.6862745 0.654902 0.6431373 0.5882353 0.54901963
0.6862745 0.68235296 0.6901961 0.69803923 0.7137255 0.74509805 0.7607843 0.74509805 0.7490196 0.7647059 0.7647059 0.7647059 0.77254903 0.7607843 0.7647059 0.77254903 0.78039217 0.78039217 0.78039217 0.77254903 0.77254903 0.76862746 0.75686276 0.7529412 0.74509805 0.7372549 0.7176471 0.69411767 0.6784314 0.6666667 0.6313726 0.57254905
0.69411767 0.68235296 0.69803923 0.7058824 0.70980394 0.7254902 0.74509805 0.74509805 0.74509805 0.74509805 0.7372549 0.74509805 0.7490196 0.75686276 0.7607843 0.75686276 0.77254903 0.78039217 0.77254903 0.7490196 0.7607843 0.7764706 0.77254903 0.75686276 0.73333335 0.7176471 0.7058824 0.69411767 0.6862745 0.6666667 0.64705884 0.60784316
0.6745098 0.67058825 0.68235296 0.70980394 0.7058824 0.70980394 0.7294118 0.74509805 0.7490196 0.7490196 0.7490196 0.7647059 0.75686276 0.74509805 0.75686276 0.7607843 0.77254903 0.7764706 0.7764706 0.7647059 0.7647059 0.7647059 0.7490196 0.7254902 0.6862745 0.68235296 0.6901961 0.67058825 0.6627451 0.654902 0.6392157 0.61960787
0.6666667 0.67058825 0.67058825 0.69411767 0.70980394 0.7254902 0.7411765 0.7490196 0.7529412 0.7607843 0.76862746 0.7764706 0.76862746 0.7411765 0.74509805 0.75686276 0.77254903 0.7647059 0.76862746 0.7764706 0.7647059 0.7529412 0.73333335 0.74509805 0.7137255 0.69803923 0.69803923 0.67058825 0.6509804 0.64705884 0.6431373 0.63529414
0.68235296 0.68235296 0.6784314 0.6862745 0.70980394 0.7137255 0.72156864 0.7372549 0.7490196 0.7529412 0.7607843 0.75686276 0.76862746 0.7607843 0.7490196 0.74509805 0.7607843 0.76862746 0.75686276 0.74509805 0.73333335 0.7411765 0.7137255 0.6627451 0.72156864 0.7137255 0.6862745 0.6666667 0.6666667 0.64705884 0.6509804 0.6392157
0.6627451 0.6745098 0.69803923 0.7372549 0.7490196 0.73333335 0.70980394 0.7294118 0.7137255 0.73333335 0.75686276 0.76862746 0.74509805 0.6666667 0.5803922 0.53333336 0.5411765 0.6039216 0.654902 0.72156864 0.77254903 0.77254903 0.6431373 0.43137255 0.65882355 0.7137255 0.6862745 0.68235296 0.6666667 0.6156863 0.6431373 0.6392157
0.6509804 0.6666667 0.654902 0.6392157 0.64705884 0.6392157 0.7254902 0.7372549 0.70980394 0.70980394 0.7176471 0.654902 0.4392157 0.36078432 0.35686275 0.36862746 0.3647059 0.40392157 0.43137255 0.45490196 0.5882353 0.70980394 0.6627451 0.4 0.52156866 0.6901961 0.7019608 0.68235296 0.5647059 0.49411765 0.65882355 0.65882355
0.6784314 0.6313726 0.39607844 0.27450982 0.41568628 0.39215687 0.5137255 0.5882353 0.6156863 0.5803922 0.52156866 0.39215687 0.25882354 0.31764707 0.34509805 0.36078432 0.39607844 0.46666667 0.49411765 0.4 0.35686275 0.41960785 0.5529412 0.38431373 0.32941177 0.34117648 0.3372549 0.49019608 0.5294118 0.5254902 0.6745098 0.6745098
0.6862745 0.5568628 0.078431375 0.13333334 0.49411765 0.38431373 0.32941177 0.34901962 0.3882353 0.38039216 0.38431373 0.29803923 0.3019608 0.35686275 0.30980393 0.27450982 0.28235295 0.35686275 0.4117647 0.36862746 0.3764706 0.30980393 0.24705882 0.2784314 0.29803923 0.18039216 0.13333334 0.3764706 0.5176471 0.6156863 0.68235296 0.6745098
0.6784314 0.62352943 0.25490198 0.24313726 0.6784314 0.6313726 0.45490196 0.34117648 0.2901961 0.2509804 0.23529412 0.21568628 0.38431373 0.4117647 0.3019608 0.2627451 0.24705882 0.27450982 0.3254902 0.3372549 0.34509805 0.25490198 0.14509805 0.22745098 0.31764707 0.28627452 0.32156864 0.47058824 0.45490196 0.6313726 0.6784314 0.6431373
0.67058825 0.69803923 0.6666667 0.627451 0.7137255 0.7176471 0.627451 0.54509807 0.47058824 0.37254903 0.24313726 0.20392157 0.2901961 0.4509804 0.3764706 0.28235295 0.22352941 0.24313726 0.2627451 0.3019608 0.22352941 0.15686275 0.12156863 0.21176471 0.3764706 0.36862746 0.42352942 0.53333336 0.5058824 0.6392157 0.6627451 0.6313726
0.6666667 0.69411767 0.7254902 0.7411765 0.7254902 0.69803923 0.6392157 0.60784316 0.5764706 0.42745098 0.21568628 0.21568628 0.3254902 0.3254902 0.3019608 0.26666668 0.21960784 0.22745098 0.19607843 0.1254902 0.14509805 0.14509805 0.11764706 0.22352941 0.32941177 0.4 0.56078434 0.56078434 0.6 0.6431373 0.6509804 0.62352943
0.6666667 0.68235296 0.6901961 0.7019608 0.7137255 0.69411767 0.6431373 0.5764706 0.4627451 0.34509805 0.3137255 0.3529412 0.42745098 0.31764707 0.23921569 0.24313726 0.23529412 0.18431373 0.09803922 0.11764706 0.20392157 0.16862746 0.1254902 0.19607843 0.26666668 0.3647059 0.54901963 0.5372549 0.6392157 0.6666667 0.64705884 0.61960787
0.654902 0.65882355 0.6666667 0.6862745 0.7019608 0.68235296 0.6117647 0.5137255 0.31764707 0.30980393 0.5372549 0.42745098 0.3647059 0.23529412 0.21176471 0.25490198 0.28627452 0.14117648 0.0627451 0.16470589 0.19215687 0.19215687 0.14117648 0.14509805 0.27450982 0.3019608 0.6039216 0.62352943 0.6509804 0.6666667 0.6392157 0.62352943
0.6392157 0.6392157 0.6509804 0.6862745 0.69411767 0.63529414 0.53333336 0.5058824 0.30588236 0.30980393 0.5019608 0.3529412 0.28627452 0.20784314 0.18431373 0.18431373 0.20784314 0.12941177 0.047058824 0.15294118 0.18431373 0.18039216 0.19215687 0.20784314 0.39607844 0.52156866 0.64705884 0.5568628 0.6666667 0.63529414 0.6313726 0.6117647
0.62352943 0.6313726 0.6627451 0.69803923 0.65882355 0.5764706 0.5176471 0.57254905 0.32941177 0.28627452 0.49411765 0.42745098 0.46666667 0.44313726 0.36078432 0.23529412 0.1764706 0.14509805 0.05882353 0.19607843 0.2 0.14117648 0.25490198 0.3019608 0.3254902 0.5137255 0.41960785 0.47058824 0.68235296 0.63529414 0.61960787 0.6
0.6039216 0.6156863 0.65882355 0.6862745 0.6156863 0.5019608 0.49803922 0.49019608 0.22745098 0.24313726 0.52156866 0.6039216 0.61960787 0.6117647 0.57254905 0.4627451 0.28235295 0.14509805 0.07450981 0.16078432 0.14901961 0.15294118 0.20392157 0.32941177 0.41568628 0.45882353 0.42352942 0.54509807 0.6313726 0.61960787 0.6 0.5921569
0.6 0.6039216 0.6509804 0.6784314 0.6392157 0.45882353 0.4509804 0.4745098 0.24313726 0.22352941 0.4392157 0.6431373 0.65882355 0.6431373 0.61960787 0.59607846 0.4627451 0.2627451 0.12941177 0.09803922 0.1254902 0.27058825 0.22352941 0.23137255 0.34509805 0.45490196 0.5176471 0.5764706 0.5803922 0.6117647 0.6 0.57254905
0.6 0.59607846 0.64705884 0.6666667 0.6784314 0.58431375 0.48235294 0.5529412 0.42745098 0.21960784 0.4627451 0.6784314 0.6745098 0.65882355 0.6509804 0.63529414 0.5921569 0.48235294 0.28235295 0.101960786 0.13333334 0.24705882 0.32156864 0.2784314 0.23529412 0.21568628 0.27058825 0.50980395 0.5647059 0.6117647 0.6117647 0.5686275
0.6 0.62352943 0.6431373 0.65882355 0.65882355 0.68235296 0.6509804 0.6313726 0.6039216 0.45882353 0.52156866 0.6627451 0.6784314 0.6666667 0.6627451 0.6509804 0.62352943 0.5803922 0.5137255 0.30980393 0.10980392 0.24705882 0.25882354 0.33333334 0.31764707 0.15294118 0.08627451 0.34509805 0.5254902 0.58431375 0.627451 0.59607846
0.6039216 0.6156863 0.6313726 0.62352943 0.6431373 0.6627451 0.654902 0.6392157 0.6431373 0.6509804 0.6313726 0.6627451 0.67058825 0.6784314 0.67058825 0.65882355 0.6392157 0.6 0.56078434 0.5176471 0.3372549 0.19215687 0.2 0.28627452 0.47843137 0.44313726 0.20784314 0.101960786 0.3137255 0.4745098 0.627451 0.60784316
0.6 0.5921569 0.6156863 0.63529414 0.6392157 0.63529414 0.6509804 0.6509804 0.6392157 0.65882355 0.6666667 0.6745098 0.6745098 0.67058825 0.67058825 0.6627451 0.63529414 0.59607846 0.5568628 0.5372549 0.5058824 0.3137255 0.16862746 0.25490198 0.4627451 0.5254902 0.4862745 0.30980393 0.16862746 0.34117648 0.5882353 0.6
0.58431375 0.58431375 0.6039216 0.6156863 0.6117647 0.6509804 0.6627451 0.6509804 0.63529414 0.654902 0.6666667 0.6627451 0.67058825 0.6784314 0.6627451 0.65882355 0.64705884 0.6156863 0.5921569 0.56078434 0.5568628 0.54509807 0.32156864 0.3254902 0.49411765 0.5254902 0.5686275 0.59607846 0.4745098 0.4509804 0.57254905 0.60784316
0.57254905 0.5803922 0.6039216 0.6039216 0.6039216 0.64705884 0.654902 0.64705884 0.6431373 0.654902 0.6627451 0.6509804 0.65882355 0.67058825 0.65882355 0.6627451 0.64705884 0.6392157 0.62352943 0.5803922 0.56078434 0.57254905 0.54509807 0.49803922 0.53333336 0.54901963 0.5372549 0.5568628 0.5921569 0.5686275 0.5686275 0.5764706
0.56078434 0.5764706 0.5882353 0.59607846 0.6 0.6392157 0.654902 0.63529414 0.6392157 0.6627451 0.64705884 0.64705884 0.6666667 0.64705884 0.654902 0.67058825 0.6627451 0.654902 0.627451 0.60784316 0.5882353 0.5921569 0.5882353 0.5882353 0.57254905 0.5686275 0.5568628 0.5568628 0.5764706 0.5568628 0.5411765 0.5568628
0.54901963 0.5764706 0.5921569 0.58431375 0.5921569 0.61960787 0.64705884 0.6509804 0.6431373 0.64705884 0.63529414 0.6627451 0.64705884 0.6431373 0.6431373 0.654902 0.6509804 0.6509804 0.62352943 0.61960787 0.58431375 0.6 0.6039216 0.5882353 0.57254905 0.5764706 0.5921569 0.5803922 0.6 0.5568628 0.5137255 0.52156866
0.56078434 0.5764706 0.5921569 0.5764706 0.5921569 0.60784316 0.6156863 0.627451 0.6431373 0.64705884 0.654902 0.6392157 0.6431373 0.6627451 0.6313726 0.6156863 0.6313726 0.6431373 0.6039216 0.6117647 0.6 0.6 0.60784316 0.6039216 0.5686275 0.5882353 0.57254905 0.5568628 0.5764706 0.5529412 0.5254902 0.5137255
0.54901963 0.57254905 0.6039216 0.6117647 0.5921569 0.5921569 0.60784316 0.6117647 0.6431373 0.65882355 0.6509804 0.64705884 0.6627451 0.6745098 0.6509804 0.627451 0.627451 0.6156863 0.6 0.5921569 0.59607846 0.59607846 0.60784316 0.6039216 0.58431375 0.5882353 0.5647059 0.54901963 0.53333336 0.53333336 0.5294118 0.5176471
0.53333336 0.5568628 0.59607846 0.62352943 0.6 0.58431375 0.58431375 0.6117647 0.63529414 0.6509804 0.64705884 0.64705884 0.67058825 0.6901961 0.6666667 0.6431373 0.63529414 0.61960787 0.62352943 0.60784316 0.5882353 0.5921569 0.5921569 0.6156863 0.62352943 0.5921569 0.5803922 0.5568628 0.50980395 0.5294118 0.5176471 0.5176471
0.5529412 0.5686275 0.59607846 0.6156863 0.6156863 0.5882353 0.59607846 0.61960787 0.6313726 0.65882355 0.6431373 0.6431373 0.6745098 0.65882355 0.63529414 0.6 0.59607846 0.62352943 0.6117647 0.6 0.5686275 0.6 0.5803922 0.5882353 0.6 0.57254905 0.57254905 0.5568628 0.50980395 0.5137255 0.50980395 0.50980395
19 11 0
15 18 2
7 24 0
15 17 2
15 18 1
11 22 1
15 17 1
14 21 1
19 15 0
14 22 2
