32, 32, 3, 10
1.0 0.9882353 0.9843137 0.9843137 0.9882353 0.9882353 0.9882353 0.9882353 0.9882353 0.9882353 0.9882353 0.9882353 0.9882353 0.9882353 0.9882353 0.9843137 0.98039216 0.972549 0.96862745 0.972549 0.98039216 0.9843137 0.98039216 0.98039216 0.98039216 0.9843137 0.9843137 0.98039216 0.98039216 0.98039216 0.9882353 1.0
1.0 1.0 0.99215686 0.99215686 1.0 1.0 1.0 1.0 1.0 1.0 1.0 1.0 1.0 1.0 1.0 0.99607843 1.0 0.99215686 0.99215686 0.9843137 0.972549 0.9843137 0.9843137 0.98039216 0.9843137 0.99607843 0.99607843 0.9882353 0.95686275 0.93333334 0.94509804 0.99215686
1.0 0.98039216 0.98039216 0.98039216 0.9843137 0.9882353 0.99607843 1.0 1.0 1.0 1.0 1.0 0.99607843 0.99607843 0.99215686 0.9882353 0.99607843 0.99607843 0.99607843 0.9843137 0.98039216 0.99215686 0.9843137 0.98039216 0.9882353 0.9647059 0.90588236 0.8862745 0.8392157 0.81960785 0.80784315 0.92156863
0.9882353 0.96862745 0.972549 0.972549 0.9764706 0.9843137 0.99215686 1.0 1.0 1.0 1.0 0.99607843 0.99607843 0.99607843 0.9882353 0.98039216 0.99215686 0.99607843 1.0 0.99607843 0.99607843 0.99607843 0.99607843 0.99607843 0.9607843 0.8352941 0.7411765 0.80784315 0.87058824 0.91764706 0.93333334 0.9764706
0.9843137 0.9647059 0.96862745 0.98039216 0.9843137 0.99215686 0.99607843 1.0 1.0 1.0 0.99215686 0.9843137 0.9882353 0.9882353 0.9764706 0.96862745 0.9843137 0.99215686 0.98039216 0.98039216 0.9764706 0.9529412 0.9647059 0.972549 0.8784314 0.7254902 0.7921569 0.92941177 0.9843137 0.99607843 1.0 1.0
0.98039216 0.9607843 0.9647059 0.9764706 0.9843137 0.9882353 0.99215686 0.99607843 0.9882353 0.9882353 0.9843137 0.972549 0.972549 0.972549 0.9647059 0.9647059 0.98039216 0.9764706 0.94509804 0.9647059 0.98039216 0.9607843 0.96862745 0.95686275 0.8745098 0.7764706 0.93333334 0.99607843 0.972549 0.972549 0.9882353 1.0
0.9843137 0.9647059 0.96862745 0.972549 0.98039216 0.99215686 0.99215686 0.9843137 0.96862745 0.9764706 0.9843137 0.9764706 0.9764706 0.9764706 0.9764706 0.98039216 0.9843137 0.9529412 0.9372549 0.972549 0.972549 0.96862745 0.9843137 0.96862745 0.91764706 0.8509804 0.95686275 0.99215686 0.9764706 0.98039216 0.99607843 1.0
0.99607843 0.98039216 0.98039216 0.98039216 0.9764706 0.9843137 0.99215686 0.99607843 0.99215686 0.9882353 0.99215686 0.9882353 0.99215686 0.9882353 0.99215686 0.98039216 0.9529412 0.94509804 0.94509804 0.9607843 0.95686275 0.972549 0.98039216 0.9647059 0.92156863 0.85882354 0.9254902 1.0 0.9882353 0.99215686 0.99607843 1.0
1.0 0.99215686 0.99215686 0.9882353 0.96862745 0.972549 0.99607843 0.96862745 0.95686275 1.0 0.99607843 0.99607843 0.99215686 0.99215686 0.99215686 0.96862745 0.94509804 0.95686275 0.96862745 0.9647059 0.9607843 0.98039216 0.9647059 0.93333334 0.92156863 0.85882354 0.8784314 0.99607843 0.99215686 0.99215686 0.99607843 1.0
1.0 0.99607843 0.99607843 0.99215686 0.9764706 0.9764706 1.0 0.8039216 0.6039216 0.79607844 0.93333334 0.9607843 0.93333334 0.9411765 0.9411765 0.9607843 0.9529412 0.9529412 0.9607843 0.9607843 0.94509804 0.9607843 0.9490196 0.91764706 0.9137255 0.78039217 0.80784315 0.95686275 1.0 0.99215686 1.0 1.0
1.0 0.99215686 0.99607843 0.99215686 0.98039216 0.98039216 0.99215686 0.7764706 0.4392157 0.43137255 0.72156864 0.91764706 0.8862745 0.80784315 0.8666667 0.9607843 0.95686275 0.94509804 0.94509804 0.9529412 0.9529412 0.9490196 0.9254902 0.8784314 0.85490197 0.77254903 0.8 0.8980392 1.0 0.99607843 1.0 1.0
1.0 0.99607843 1.0 0.9882353 0.96862745 0.9647059 0.9647059 0.8117647 0.5372549 0.34509805 0.54901963 0.87058824 0.8901961 0.63529414 0.78039217 0.9372549 0.95686275 0.9647059 0.94509804 0.94509804 0.9647059 0.9529412 0.90588236 0.84313726 0.79607844 0.7529412 0.7647059 0.81960785 0.98039216 1.0 1.0 1.0
0.972549 0.9411765 0.9764706 0.99607843 0.96862745 0.95686275 0.96862745 0.8862745 0.70980394 0.58431375 0.6901961 0.85490197 0.9019608 0.58431375 0.67058825 0.8901961 0.93333334 0.9882353 0.93333334 0.9019608 0.91764706 0.9254902 0.8666667 0.78039217 0.7254902 0.73333335 0.7254902 0.7411765 0.9529412 1.0 0.99607843 1.0
0.9411765 0.69411767 0.6745098 0.8509804 0.9490196 0.9490196 0.92156863 0.92156863 0.92156863 0.8392157 0.8509804 0.8862745 0.8666667 0.56078434 0.50980395 0.8235294 0.9019608 0.9882353 0.9254902 0.8509804 0.9019608 0.90588236 0.827451 0.7372549 0.6509804 0.74509805 0.7607843 0.7529412 0.9137255 1.0 0.99607843 1.0
0.99607843 0.84313726 0.6666667 0.7254902 0.9411765 0.96862745 0.9490196 0.9411765 0.95686275 0.93333334 0.8901961 0.94509804 0.85882354 0.53333336 0.48235294 0.8039216 0.90588236 0.9843137 0.9411765 0.84705883 0.92156863 0.9098039 0.76862746 0.7607843 0.6745098 0.6901961 0.76862746 0.7882353 0.8862745 0.9882353 0.99607843 1.0
1.0 0.99607843 0.91764706 0.7921569 0.93333334 0.92941177 0.92941177 0.95686275 0.9490196 0.9607843 0.972549 0.972549 0.8156863 0.5686275 0.61960787 0.8156863 0.9019608 0.9529412 0.88235295 0.827451 0.9098039 0.8509804 0.7254902 0.7254902 0.67058825 0.654902 0.7411765 0.7921569 0.8392157 0.96862745 0.99607843 1.0
1.0 0.99215686 0.9607843 0.827451 0.8980392 0.8862745 0.8352941 0.8784314 0.80784315 0.8117647 0.9372549 0.96862745 0.85490197 0.7019608 0.7294118 0.78431374 0.92156863 0.9411765 0.8392157 0.8039216 0.83137256 0.7607843 0.7019608 0.6901961 0.78039217 0.7294118 0.67058825 0.7764706 0.81960785 0.972549 0.99607843 1.0
1.0 0.98039216 0.98039216 0.84313726 0.84313726 0.8627451 0.7607843 0.6901961 0.40392157 0.43529412 0.7607843 0.8862745 0.8862745 0.79607844 0.7490196 0.7529412 0.9137255 0.9607843 0.9098039 0.827451 0.7058824 0.69803923 0.7254902 0.7411765 0.93333334 0.9019608 0.6784314 0.73333335 0.8156863 0.972549 0.99607843 1.0
1.0 0.9764706 0.9764706 0.8352941 0.72156864 0.6666667 0.61960787 0.62352943 0.45882353 0.57254905 0.72156864 0.7882353 0.85882354 0.89411765 0.75686276 0.69411767 0.85882354 0.94509804 0.9254902 0.7764706 0.654902 0.7294118 0.7921569 0.8862745 0.9764706 0.9647059 0.79607844 0.6313726 0.69803923 0.90588236 1.0 1.0
1.0 0.9882353 0.99215686 0.9019608 0.7411765 0.5647059 0.61960787 0.8039216 0.83137256 0.8862745 0.8901961 0.8117647 0.83137256 0.8666667 0.72156864 0.6431373 0.81960785 0.9372549 0.89411765 0.72156864 0.627451 0.7176471 0.7764706 0.9372549 1.0 0.98039216 0.93333334 0.6666667 0.627451 0.80784315 0.972549 0.99607843
1.0 0.99607843 1.0 0.9529412 0.8039216 0.6039216 0.7294118 0.8509804 0.9254902 0.9411765 0.9019608 0.8117647 0.70980394 0.7058824 0.627451 0.6392157 0.7764706 0.8862745 0.88235295 0.7529412 0.58431375 0.6392157 0.8352941 0.9764706 1.0 0.9882353 0.9843137 0.75686276 0.61960787 0.70980394 0.90588236 1.0
1.0 0.99607843 0.99607843 0.9882353 0.9098039 0.7294118 0.7176471 0.7294118 0.8509804 0.88235295 0.8117647 0.6745098 0.63529414 0.69411767 0.6627451 0.7019608 0.78431374 0.84705883 0.8745098 0.7137255 0.58431375 0.7764706 0.9647059 0.99607843 0.99607843 0.9843137 0.9882353 0.78039217 0.56078434 0.67058825 0.8862745 1.0
1.0 1.0 0.99607843 0.99215686 0.9647059 0.75686276 0.627451 0.5529412 0.6627451 0.79607844 0.72156864 0.6392157 0.7176471 0.77254903 0.7411765 0.75686276 0.8235294 0.8235294 0.8039216 0.59607846 0.6901961 0.9647059 0.99215686 0.99215686 0.99215686 0.9764706 0.9647059 0.7019608 0.46666667 0.5568628 0.8117647 1.0
1.0 1.0 1.0 1.0 0.95686275 0.6392157 0.44313726 0.22745098 0.25490198 0.5176471 0.6117647 0.7254902 0.7647059 0.76862746 0.7058824 0.7254902 0.8235294 0.8117647 0.74509805 0.65882355 0.8980392 0.99215686 0.99215686 0.99607843 0.99607843 0.9843137 0.94509804 0.52156866 0.2627451 0.37254903 0.68235296 0.99215686
1.0 1.0 1.0 0.99607843 0.9764706 0.74509805 0.5176471 0.35686275 0.34901962 0.39607844 0.49411765 0.69411767 0.72156864 0.80784315 0.75686276 0.69803923 0.74509805 0.7647059 0.7529412 0.85490197 0.9882353 0.99215686 0.99607843 1.0 1.0 0.99215686 0.95686275 0.76862746 0.5803922 0.6627451 0.8666667 0.99215686
1.0 1.0 1.0 0.99607843 0.99607843 0.9372549 0.84705883 0.8784314 0.7529412 0.5372549 0.57254905 0.6509804 0.6862745 0.7254902 0.6862745 0.6313726 0.7058824 0.7294118 0.8039216 0.96862745 0.99215686 0.99607843 1.0 1.0 1.0 0.99215686 0.972549 0.9764706 0.9764706 0.98039216 0.99215686 0.99607843
1.0 1.0 1.0 1.0 1.0 0.9882353 0.9607843 0.9843137 0.7411765 0.627451 0.7294118 0.7529412 0.73333335 0.64705884 0.6784314 0.6039216 0.6431373 0.7137255 0.8862745 0.99607843 0.99607843 1.0 1.0 1.0 1.0 1.0 0.99607843 0.99215686 0.99215686 0.99215686 0.99607843 1.0
1.0 1.0 1.0 1.0 0.99607843 0.99215686 0.9882353 0.93333334 0.6313726 0.62352943 0.72156864 0.7529412 0.7294118 0.6117647 0.76862746 0.8901961 0.84705883 0.9098039 0.972549 0.99607843 1.0 1.0 1.0 1.0 1.0 1.0 1.0 1.0 1.0 1.0 1.0 1.0
1.0 0.99607843 1.0 0.99607843 0.9843137 0.9882353 1.0 0.84313726 0.5294118 0.5803922 0.6666667 0.69411767 0.6862745 0.58431375 0.80784315 1.0 0.99607843 0.99215686 0.9882353 0.9882353 1.0 1.0 1.0 1.0 1.0 1.0 1.0 1.0 1.0 1.0 1.0 1.0
1.0 0.99215686 0.99607843 0.99607843 0.98039216 0.9882353 1.0 0.8117647 0.5411765 0.53333336 0.5529412 0.6039216 0.6039216 0.60784316 0.90588236 0.99215686 0.9764706 0.98039216 0.9843137 0.9882353 1.0 1.0 1.0 1.0 1.0 1.0 1.0 1.0 1.0 1.0 1.0 1.0
1.0 0.9882353 0.99607843 1.0 0.99215686 0.99607843 0.99607843 0.9098039 0.84705883 0.6862745 0.45490196 0.44313726 0.5254902 0.73333335 0.972549 0.98039216 0.9843137 0.99215686 0.99215686 0.99607843 1.0 1.0 1.0 1.0 1.0 1.0 1.0 1.0 1.0 1.0 1.0 1.0
1.0 0.9882353 0.99607843 1.0 1.0 1.0 0.9843137 0.94509804 0.9647059 0.9254902 0.75686276 0.68235296 0.79607844 0.92156863 0.95686275 0.9843137 0.99607843 0.99607843 1.0 1.0 1.0 1.0 1.0 1.0 1.0 1.0 1.0 1.0 1.0 1.0 1.0 1.0
1.0 0.9882353 0.9843137 0.9843137 0.9882353 0.9882353 0.9882353 0.9882353 0.9882353 0.9882353 0.9882353 0.9882353 0.9882353 0.9882353 0.9882353 0.9882353 0.9882353 0.9882353 0.9882353 0.9843137 0.9843137 0.9882353 0.9882353 0.9882353 0.9843137 0.98039216 0.98039216 0.98039216 0.9843137 0.9843137 0.98039216 0.99215686
1.0 1.0 0.99215686 0.99215686 1.0 1.0 1.0 1.0 1.0 1.0 1.0 1.0 1.0 1.0 1.0 1.0 1.0 1.0 0.99607843 0.99215686 0.99215686 1.0 1.0 0.99607843 0.99607843 0.99215686 0.98039216 0.9647059 0.9254902 0.8980392 0.9254902 0.9843137
1.0 0.98039216 0.98039216 0.98039216 0.9843137 0.9882353 0.99607843 1.0 1.0 1.0 1.0 1.0 0.99607843 0.99607843 0.99607843 1.0 1.0 0.99215686 0.9843137 0.9764706 0.9843137 0.99607843 0.99215686 0.9882353 0.9843137 0.9098039 0.81960785 0.7921569 0.7294118 0.72156864 0.7764706 0.9137255
0.9882353 0.96862745 0.972549 0.972549 0.9764706 0.9843137 0.99215686 1.0 1.0 1.0 1.0 0.99607843 0.99607843 0.99607843 0.99607843 0.99607843 0.99215686 0.9882353 0.9764706 0.9647059 0.9607843 0.9647059 0.9647059 0.96862745 0.8980392 0.7019608 0.6 0.6745098 0.7411765 0.8156863 0.9098039 0.972549
0.9843137 0.9647059 0.96862745 0.98039216 0.9882353 0.99215686 0.99607843 1.0 1.0 1.0 0.99215686 0.9843137 0.9843137 0.9882353 0.99215686 0.99215686 0.9843137 0.972549 0.9372549 0.9098039 0.87058824 0.84313726 0.85490197 0.8666667 0.7607843 0.59607846 0.6862745 0.85882354 0.94509804 0.972549 0.99215686 1.0
0.98039216 0.9607843 0.9647059 0.9764706 0.9764706 0.98039216 0.99215686 1.0 1.0 1.0 0.9882353 0.9764706 0.972549 0.972549 0.98039216 0.9843137 0.9764706 0.9372549 0.8745098 0.8627451 0.83137256 0.8039216 0.80784315 0.7921569 0.7254902 0.68235296 0.8901961 0.99215686 0.99215686 0.99607843 0.9882353 1.0
0.9843137 0.9647059 0.96862745 0.972549 0.96862745 0.9764706 0.99215686 0.99607843 0.99215686 0.99607843 0.99215686 0.9843137 0.98039216 0.9764706 0.98039216 0.9843137 0.9607843 0.89411765 0.84313726 0.8509804 0.81960785 0.8039216 0.80784315 0.7764706 0.7372549 0.74509805 0.91764706 0.99215686 0.99215686 0.99607843 0.99607843 1.0
0.99607843 0.98039216 0.98039216 0.98039216 0.9843137 0.9882353 0.9882353 0.9882353 0.99215686 0.99215686 0.99215686 0.9843137 0.9843137 0.9843137 0.9882353 0.9607843 0.90588236 0.8627451 0.8352941 0.8235294 0.79607844 0.8 0.8 0.76862746 0.7411765 0.73333335 0.8666667 0.9882353 0.99215686 0.99215686 0.99607843 1.0
1.0 0.99215686 0.99215686 0.99215686 0.99607843 0.99607843 0.9882353 0.92156863 0.8784314 0.95686275 0.96862745 0.9647059 0.96862745 0.972549 0.95686275 0.90588236 0.85882354 0.84705883 0.8392157 0.8156863 0.7882353 0.80784315 0.78431374 0.7490196 0.74509805 0.7176471 0.79607844 0.972549 0.99215686 0.99215686 0.99607843 1.0
1.0 1.0 0.99607843 0.99607843 1.0 0.9882353 0.972549 0.6901961 0.42745098 0.65882355 0.8392157 0.8745098 0.8627451 0.8784314 0.8627451 0.8509804 0.83137256 0.8156863 0.8117647 0.7921569 0.7607843 0.78039217 0.76862746 0.7372549 0.73333335 0.6117647 0.69803923 0.91764706 0.99215686 0.99215686 0.99607843 1.0
1.0 0.99215686 0.99607843 0.99215686 0.98039216 0.9490196 0.8980392 0.5921569 0.19607843 0.22352941 0.56078434 0.77254903 0.75686276 0.69411767 0.7411765 0.8156863 0.8039216 0.7882353 0.7764706 0.77254903 0.7607843 0.7607843 0.7490196 0.70980394 0.6745098 0.5803922 0.6745098 0.84313726 0.9882353 0.99607843 1.0 1.0
1.0 0.99607843 1.0 0.9843137 0.92941177 0.8784314 0.8156863 0.5803922 0.2509804 0.09411765 0.34117648 0.6745098 0.70980394 0.4745098 0.6156863 0.7607843 0.78039217 0.7921569 0.77254903 0.75686276 0.7647059 0.7647059 0.7294118 0.68235296 0.61960787 0.54901963 0.61960787 0.7490196 0.9607843 1.0 1.0 1.0
0.9647059 0.92941177 0.9490196 0.9372549 0.8784314 0.8509804 0.81960785 0.6666667 0.43529412 0.33333334 0.4627451 0.61960787 0.69803923 0.43137255 0.49803922 0.6745098 0.7294118 0.8039216 0.75686276 0.7176471 0.7294118 0.7607843 0.7137255 0.61960787 0.5411765 0.5254902 0.56078434 0.6392157 0.91764706 1.0 0.99607843 1.0
0.9254902 0.6666667 0.6039216 0.7294118 0.8235294 0.8235294 0.77254903 0.72156864 0.68235296 0.62352943 0.6392157 0.6509804 0.6627451 0.43529412 0.34509805 0.58431375 0.68235296 0.7921569 0.7529412 0.6784314 0.7372549 0.76862746 0.69411767 0.5764706 0.45490196 0.5411765 0.58431375 0.627451 0.8666667 1.0 0.99607843 1.0
0.9882353 0.827451 0.6117647 0.61960787 0.79607844 0.8 0.76862746 0.7411765 0.7372549 0.74509805 0.7137255 0.74509805 0.6784314 0.4117647 0.3254902 0.5882353 0.70980394 0.8117647 0.7882353 0.69411767 0.7607843 0.76862746 0.6392157 0.6156863 0.5058824 0.49803922 0.5921569 0.65882355 0.8352941 0.99607843 1.0 1.0
1.0 0.99215686 0.89411765 0.70980394 0.78039217 0.7372549 0.7254902 0.7529412 0.75686276 0.8 0.827451 0.8039216 0.654902 0.43529412 0.45882353 0.6156863 0.7176471 0.79607844 0.7411765 0.6901961 0.7607843 0.70980394 0.59607846 0.60784316 0.5411765 0.49411765 0.57254905 0.6509804 0.78431374 0.98039216 1.0 1.0
1.0 1.0 0.9529412 0.77254903 0.76862746 0.7019608 0.62352943 0.6745098 0.63529414 0.67058825 0.8 0.8156863 0.69803923 0.54509807 0.54901963 0.58431375 0.7372549 0.7764706 0.6901961 0.6666667 0.69411767 0.62352943 0.5764706 0.5921569 0.7058824 0.627451 0.5254902 0.62352943 0.7411765 0.96862745 0.99607843 1.0
1.0 1.0 0.9843137 0.8117647 0.7490196 0.70980394 0.5647059 0.49411765 0.2509804 0.3019608 0.61960787 0.7372549 0.7176471 0.60784316 0.5411765 0.53333336 0.70980394 0.77254903 0.7372549 0.68235296 0.5764706 0.5647059 0.60784316 0.6627451 0.9019608 0.87058824 0.5647059 0.57254905 0.7058824 0.9411765 0.99607843 1.0
1.0 0.99607843 0.99215686 0.81960785 0.67058825 0.5529412 0.4392157 0.43137255 0.3019608 0.42745098 0.5647059 0.627451 0.6784314 0.6745098 0.52156866 0.45490196 0.63529414 0.74509805 0.7411765 0.627451 0.5372549 0.6 0.6784314 0.8235294 0.972549 0.972549 0.7176471 0.4745098 0.5568628 0.8352941 0.99215686 1.0
1.0 0.99607843 1.0 0.8980392 0.73333335 0.5019608 0.4627451 0.5921569 0.61960787 0.69411767 0.70980394 0.6313726 0.627451 0.627451 0.47058824 0.40392157 0.5921569 0.74509805 0.7490196 0.6039216 0.50980395 0.6117647 0.69411767 0.89411765 0.98039216 0.98039216 0.91764706 0.54509807 0.42352942 0.6509804 0.9490196 1.0
1.0 0.99607843 1.0 0.9529412 0.8117647 0.56078434 0.59607846 0.64705884 0.7019608 0.7372549 0.70980394 0.60784316 0.48235294 0.4509804 0.36862746 0.39607844 0.5411765 0.6862745 0.7372549 0.6431373 0.49019608 0.5647059 0.78431374 0.9529412 0.9843137 0.9843137 0.9882353 0.6509804 0.3882353 0.5058824 0.85882354 1.0
1.0 0.99607843 0.99607843 0.9882353 0.91764706 0.69803923 0.6117647 0.5568628 0.64705884 0.6784314 0.60784316 0.4392157 0.3764706 0.41568628 0.4 0.4509804 0.5372549 0.6392157 0.7176471 0.60784316 0.5294118 0.7372549 0.94509804 0.9882353 0.9882353 0.9843137 1.0 0.6784314 0.32941177 0.45490196 0.81960785 1.0
1.0 1.0 0.99607843 0.99215686 0.96862745 0.7372549 0.5568628 0.42352942 0.4862745 0.58431375 0.47843137 0.36078432 0.42745098 0.4862745 0.4862745 0.5176471 0.58431375 0.61960787 0.6509804 0.50980395 0.6745098 0.95686275 0.9882353 0.99607843 0.99215686 0.9843137 0.98039216 0.6156863 0.2627451 0.3647059 0.7372549 1.0
1.0 1.0 1.0 1.0 0.95686275 0.6313726 0.4117647 0.13725491 0.101960786 0.27450982 0.29803923 0.38431373 0.43529412 0.49411765 0.4745098 0.50980395 0.6156863 0.63529414 0.6156863 0.59607846 0.8980392 0.99607843 0.99607843 1.0 0.99607843 0.99215686 0.96862745 0.46666667 0.11372549 0.24313726 0.627451 0.98039216
1.0 1.0 1.0 0.99607843 0.9764706 0.75686276 0.5137255 0.29803923 0.21568628 0.1254902 0.12156863 0.30588236 0.38039216 0.54901963 0.56078434 0.50980395 0.5647059 0.62352943 0.6666667 0.8235294 0.9882353 0.99215686 0.99607843 1.0 0.99607843 0.99215686 0.99607843 0.7529412 0.5019608 0.6117647 0.84705883 0.99607843
1.0 1.0 1.0 0.99607843 0.99215686 0.9372549 0.85882354 0.8392157 0.5568628 0.11764706 0.043137256 0.10980392 0.1882353 0.34901962 0.45882353 0.48235294 0.57254905 0.627451 0.7490196 0.95686275 0.99215686 0.99607843 0.99607843 1.0 0.99607843 0.99215686 1.0 0.98039216 0.9529412 0.96862745 0.99215686 1.0
1.0 1.0 1.0 1.0 0.9882353 0.9764706 0.98039216 0.9372549 0.41568628 0.007843138 0.019607844 0.019607844 0.019607844 0.078431375 0.39607844 0.50980395 0.56078434 0.654902 0.85882354 0.99215686 0.99607843 1.0 1.0 1.0 1.0 1.0 1.0 0.99607843 0.9882353 0.99215686 0.99607843 1.0
1.0 1.0 1.0 1.0 0.99607843 0.9882353 1.0 0.85490197 0.2627451 0.0 0.019607844 0.019607844 0.007843138 0.03529412 0.5058824 0.84313726 0.80784315 0.88235295 0.96862745 1.0 1.0 1.0 1.0 1.0 1.0 1.0 1.0 1.0 1.0 1.0 1.0 1.0
1.0 0.99607843 1.0 1.0 1.0 0.99607843 1.0 0.75686276 0.1882353 0.007843138 0.019607844 0.007843138 0.003921569 0.039215688 0.5803922 1.0 0.9882353 0.99607843 1.0 1.0 1.0 1.0 1.0 1.0 1.0 1.0 1.0 1.0 1.0 1.0 1.0 1.0
1.0 0.99215686 0.99607843 1.0 1.0 0.99607843 1.0 0.75686276 0.29411766 0.06666667 0.007843138 0.019607844 0.003921569 0.14509805 0.75686276 1.0 0.9843137 0.99607843 1.0 1.0 1.0 1.0 1.0 1.0 1.0 1.0 1.0 1.0 1.0 1.0 1.0 1.0
1.0 0.9882353 0.99607843 1.0 1.0 0.9882353 0.99607843 0.91764706 0.7490196 0.41960785 0.1254902 0.05882353 0.11764706 0.47058824 0.92156863 1.0 0.99607843 1.0 1.0 1.0 1.0 1.0 1.0 1.0 1.0 1.0 1.0 1.0 1.0 1.0 1.0 1.0
1.0 0.9882353 0.99607843 1.0 0.99215686 0.9843137 0.9882353 0.99215686 0.98039216 0.8666667 0.6666667 0.5372549 0.63529414 0.8784314 0.99215686 0.99607843 1.0 1.0 1.0 1.0 1.0 1.0 1.0 1.0 1.0 1.0 1.0 1.0 1.0 1.0 1.0 1.0
1.0 0.9882353 0.9843137 0.9843137 0.9882353 0.9882353 0.9882353 0.9882353 0.9882353 0.9882353 0.9882353 0.9882353 0.9882353 0.9882353 0.9882353 0.9882353 0.9882353 0.9843137 0.98039216 0.98039216 0.9764706 0.98039216 0.98039216 0.98039216 0.98039216 0.98039216 0.98039216 0.9764706 0.9764706 0.9764706 0.9843137 0.99607843
1.0 1.0 0.99215686 0.99215686 1.0 1.0 1.0 1.0 1.0 1.0 1.0 1.0 1.0 1.0 1.0 1.0 1.0 0.99607843 0.99607843 0.99215686 0.99215686 1.0 0.99607843 0.99607843 0.9882353 0.9607843 0.9529412 0.94509804 0.90588236 0.8901961 0.9254902 0.9882353
1.0 0.98039216 0.98039216 0.98039216 0.9843137 0.99215686 0.99607843 1.0 1.0 1.0 1.0 1.0 0.99607843 0.99607843 0.99607843 1.0 1.0 0.99607843 0.9882353 0.98039216 0.98039216 0.99215686 0.9882353 0.9882353 0.96862745 0.8745098 0.7921569 0.7764706 0.7294118 0.7294118 0.78039217 0.91764706
0.9882353 0.96862745 0.972549 0.972549 0.9764706 0.9843137 0.99215686 1.0 1.0 1.0 1.0 0.99607843 0.99607843 0.99607843 0.99607843 0.99215686 0.99215686 0.99215686 0.9882353 0.96862745 0.94509804 0.94509804 0.9490196 0.9529412 0.8784314 0.67058825 0.5803922 0.6745098 0.7607843 0.8392157 0.91764706 0.972549
0.9843137 0.9647059 0.96862745 0.98039216 0.9882353 0.99215686 0.99607843 1.0 1.0 1.0 0.99215686 0.9843137 0.9882353 0.9882353 0.9843137 0.9843137 0.9843137 0.98039216 0.9529412 0.9137255 0.84313726 0.8156863 0.827451 0.8392157 0.7294118 0.5647059 0.6666667 0.8509804 0.95686275 0.99215686 1.0 1.0
0.98039216 0.9607843 0.9647059 0.9764706 0.972549 0.9764706 0.9882353 1.0 1.0 0.99607843 0.98039216 0.972549 0.972549 0.972549 0.9764706 0.9764706 0.972549 0.9411765 0.88235295 0.84705883 0.78431374 0.7607843 0.7647059 0.7490196 0.6862745 0.64705884 0.87058824 0.9843137 0.99215686 1.0 0.99215686 1.0
0.9843137 0.9647059 0.96862745 0.96862745 0.95686275 0.9647059 0.9882353 0.99607843 0.99607843 0.99215686 0.9843137 0.9764706 0.9764706 0.9764706 0.98039216 0.9843137 0.9529412 0.8784314 0.827451 0.80784315 0.74509805 0.73333335 0.74509805 0.7137255 0.6862745 0.7176471 0.9137255 1.0 0.99607843 1.0 1.0 1.0
0.99607843 0.98039216 0.98039216 0.98039216 0.9764706 0.98039216 0.9882353 0.99215686 1.0 0.99607843 0.99607843 0.9882353 0.9843137 0.98039216 0.9882353 0.96862745 0.9019608 0.8509804 0.81960785 0.78039217 0.7176471 0.7254902 0.7294118 0.7019608 0.6784314 0.69411767 0.85882354 1.0 1.0 1.0 1.0 1.0
1.0 0.99215686 0.99215686 0.99215686 0.99215686 0.99215686 0.9843137 0.91764706 0.88235295 0.972549 0.9843137 0.972549 0.96862745 0.9647059 0.95686275 0.91764706 0.8627451 0.8352941 0.81960785 0.7647059 0.7137255 0.73333335 0.7137255 0.6784314 0.6745098 0.65882355 0.77254903 0.98039216 1.0 1.0 1.0 1.0
1.0 1.0 0.99607843 0.99607843 0.99607843 0.9764706 0.9529412 0.6666667 0.40392157 0.6392157 0.83137256 0.87058824 0.85882354 0.88235295 0.8627451 0.84705883 0.8117647 0.78039217 0.7647059 0.73333335 0.6901961 0.70980394 0.69803923 0.6666667 0.654902 0.5372549 0.654902 0.91764706 1.0 1.0 1.0 1.0
1.0 0.99215686 0.99607843 0.99215686 0.96862745 0.92156863 0.85882354 0.53333336 0.13333334 0.1764706 0.5019608 0.73333335 0.7529412 0.7176471 0.7411765 0.7764706 0.7490196 0.7137255 0.6862745 0.6862745 0.69411767 0.69411767 0.6745098 0.63529414 0.5882353 0.4862745 0.6156863 0.83137256 0.99215686 1.0 1.0 1.0
1.0 0.99607843 1.0 0.98039216 0.9098039 0.84313726 0.75686276 0.4862745 0.15294118 0.015686275 0.23137255 0.59607846 0.69803923 0.5176471 0.61960787 0.6901961 0.69411767 0.68235296 0.6392157 0.64705884 0.69803923 0.69803923 0.654902 0.6039216 0.5254902 0.4392157 0.54901963 0.7294118 0.9607843 1.0 1.0 1.0
0.96862745 0.92156863 0.93333334 0.91764706 0.8627451 0.81960785 0.75686276 0.5568628 0.28627452 0.18431373 0.30980393 0.49019608 0.65882355 0.49803922 0.5254902 0.6039216 0.6431373 0.69803923 0.6313726 0.6117647 0.6627451 0.7019608 0.6509804 0.5294118 0.42352942 0.39607844 0.47843137 0.60784316 0.9137255 1.0 1.0 1.0
0.93333334 0.6509804 0.5764706 0.69803923 0.8 0.7882353 0.7019608 0.6 0.52156866 0.4627451 0.48235294 0.49411765 0.6 0.50980395 0.39215687 0.52156866 0.60784316 0.7058824 0.654902 0.5882353 0.6666667 0.7137255 0.63529414 0.4862745 0.3254902 0.4 0.4862745 0.58431375 0.8627451 1.0 0.99607843 1.0
0.99215686 0.8117647 0.5882353 0.59607846 0.75686276 0.73333335 0.67058825 0.6117647 0.5921569 0.6156863 0.58431375 0.6156863 0.62352943 0.4745098 0.3529412 0.50980395 0.62352943 0.72156864 0.6901961 0.60784316 0.7019608 0.7176471 0.5803922 0.5372549 0.39607844 0.36862746 0.49411765 0.6117647 0.8352941 1.0 1.0 1.0
1.0 0.9843137 0.8784314 0.69803923 0.73333335 0.64705884 0.60784316 0.61960787 0.6313726 0.69803923 0.7254902 0.69411767 0.59607846 0.47058824 0.45490196 0.52156866 0.62352943 0.7019608 0.64705884 0.6117647 0.7137255 0.6627451 0.54509807 0.54509807 0.45882353 0.3882353 0.48235294 0.6039216 0.7764706 0.9882353 1.0 1.0
1.0 0.99607843 0.94509804 0.77254903 0.7372549 0.61960787 0.5058824 0.54901963 0.5294118 0.58431375 0.70980394 0.70980394 0.62352943 0.53333336 0.5058824 0.4745098 0.6392157 0.6862745 0.6117647 0.6039216 0.6509804 0.5764706 0.5294118 0.54901963 0.65882355 0.5647059 0.45490196 0.5686275 0.7176471 0.9647059 1.0 1.0
1.0 1.0 0.9882353 0.8235294 0.74509805 0.654902 0.45882353 0.38039216 0.1764706 0.23137255 0.5254902 0.6313726 0.61960787 0.54509807 0.45882353 0.41960785 0.6156863 0.69411767 0.6745098 0.63529414 0.54509807 0.5137255 0.5568628 0.63529414 0.8901961 0.85490197 0.5176471 0.5058824 0.65882355 0.92156863 0.99607843 1.0
1.0 0.99607843 0.99607843 0.8392157 0.6901961 0.53333336 0.35686275 0.32941177 0.21960784 0.34509805 0.46666667 0.50980395 0.5647059 0.5803922 0.41960785 0.34117648 0.5372549 0.6666667 0.68235296 0.58431375 0.5019608 0.5529412 0.63529414 0.8039216 0.98039216 0.9843137 0.6901961 0.40784314 0.48235294 0.78431374 0.9843137 1.0
1.0 0.99607843 1.0 0.90588236 0.7764706 0.53333336 0.44313726 0.5176471 0.5019608 0.57254905 0.5803922 0.48235294 0.4862745 0.52156866 0.36862746 0.27450982 0.4627451 0.627451 0.654902 0.53333336 0.4627451 0.5686275 0.6666667 0.8862745 0.99215686 0.99607843 0.9019608 0.5019608 0.34117648 0.5372549 0.9098039 1.0
1.0 0.99607843 1.0 0.95686275 0.8509804 0.60784316 0.6039216 0.5921569 0.5882353 0.6117647 0.5764706 0.44705883 0.32156864 0.32156864 0.24313726 0.2509804 0.4 0.5686275 0.654902 0.5921569 0.44705883 0.5372549 0.77254903 0.95686275 0.99607843 0.99607843 0.972549 0.6117647 0.2901961 0.3647059 0.80784315 1.0
1.0 0.99607843 0.99607843 0.9882353 0.94509804 0.7372549 0.61960787 0.5137255 0.56078434 0.5803922 0.4862745 0.28235295 0.20784314 0.25882354 0.24313726 0.29803923 0.40392157 0.54509807 0.6784314 0.59607846 0.5137255 0.7294118 0.9490196 1.0 1.0 0.99607843 0.98039216 0.6313726 0.21960784 0.30588236 0.7764706 1.0
1.0 1.0 0.99607843 0.99607843 0.9882353 0.76862746 0.5647059 0.39215687 0.43137255 0.50980395 0.38039216 0.22352941 0.2627451 0.31764707 0.32156864 0.3647059 0.45882353 0.54509807 0.63529414 0.5176471 0.6745098 0.9607843 0.99607843 1.0 1.0 0.9882353 0.9647059 0.57254905 0.16470589 0.22745098 0.7019608 1.0
1.0 1.0 1.0 1.0 0.9764706 0.65882355 0.41568628 0.1254902 0.08627451 0.23529412 0.23137255 0.28235295 0.30588236 0.3529412 0.3372549 0.38039216 0.5019608 0.5647059 0.6039216 0.6039216 0.9019608 1.0 0.99607843 1.0 1.0 0.9882353 0.9529412 0.44313726 0.05490196 0.14509805 0.5921569 0.9843137
1.0 1.0 1.0 1.0 0.99215686 0.77254903 0.5137255 0.29411766 0.21568628 0.11372549 0.08235294 0.23529412 0.29411766 0.45490196 0.4627451 0.4117647 0.46666667 0.54509807 0.62352943 0.8117647 0.9882353 0.9882353 0.9882353 0.9882353 0.9843137 0.98039216 0.98039216 0.7490196 0.4862745 0.5568628 0.8117647 0.99215686
1.0 1.0 1.0 0.99607843 0.99607843 0.9529412 0.87058824 0.84313726 0.57254905 0.12941177 0.03529412 0.08627451 0.15686275 0.30980393 0.4 0.40784314 0.49803922 0.5647059 0.70980394 0.9411765 0.9882353 0.9882353 0.9882353 0.9882353 0.9843137 0.98039216 0.99215686 0.9843137 0.95686275 0.9529412 0.972549 1.0
1.0 1.0 1.0 1.0 0.9882353 0.99215686 0.99607843 0.94509804 0.43529412 0.03529412 0.03137255 0.023529412 0.02745098 0.07450981 0.34901962 0.4509804 0.5176471 0.627451 0.84705883 0.9882353 0.99607843 1.0 0.99607843 0.99607843 0.99607843 0.99607843 1.0 0.99607843 0.99215686 0.99215686 0.99215686 1.0
1.0 1.0 1.0 1.0 0.99607843 0.99607843 1.0 0.84313726 0.25882354 0.003921569 0.015686275 0.011764706 0.011764706 0.015686275 0.4627451 0.8039216 0.78431374 0.8784314 0.972549 1.0 1.0 1.0 1.0 1.0 1.0 1.0 1.0 1.0 1.0 1.0 1.0 1.0
1.0 0.99607843 1.0 1.0 1.0 1.0 1.0 0.7176471 0.15686275 0.0 0.007843138 0.0 0.003921569 0.019607844 0.5529412 0.99215686 0.9843137 0.99607843 1.0 1.0 1.0 1.0 1.0 1.0 1.0 1.0 1.0 1.0 1.0 1.0 1.0 1.0
1.0 0.99215686 0.99607843 1.0 1.0 0.99607843 0.99215686 0.70980394 0.25882354 0.07058824 0.015686275 0.023529412 0.023529412 0.15294118 0.7490196 1.0 0.9882353 0.99607843 1.0 1.0 1.0 1.0 1.0 1.0 1.0 1.0 1.0 1.0 1.0 1.0 1.0 1.0
1.0 0.9882353 0.99607843 1.0 1.0 1.0 0.9843137 0.88235295 0.7294118 0.43137255 0.13725491 0.07058824 0.15294118 0.49411765 0.92156863 1.0 0.99607843 0.99607843 0.99607843 0.99607843 1.0 1.0 1.0 1.0 1.0 1.0 1.0 1.0 1.0 1.0 1.0 1.0
1.0 0.9882353 0.99607843 1.0 1.0 1.0 0.9882353 0.98039216 0.9764706 0.8784314 0.6666667 0.54509807 0.6627451 0.89411765 0.9882353 0.99215686 0.99215686 0.9882353 0.9843137 0.9882353 1.0 1.0 1.0 1.0 1.0 1.0 1.0 1.0 1.0 1.0 1.0 1.0
19 25 2
13 12 0
19 25 0
9 6 2
10 6 0
9 6 0
12 6 0
19 25 1
19 24 0
26 10 2
