32, 32, 3, 10
0.2509804 0.2784314 0.3529412 0.3647059 0.45882353 0.54901963 0.65882355 0.6784314 0.70980394 0.7882353 0.7176471 0.6666667 0.5529412 0.53333336 0.65882355 0.80784315 0.8235294 0.8117647 0.78431374 0.7529412 0.72156864 0.8235294 0.9254902 0.93333334 0.92941177 0.91764706 0.8509804 0.8745098 0.9372549 0.93333334 0.8352941 0.67058825
0.25882354 0.28235295 0.34509805 0.54509807 0.7411765 0.8235294 0.8980392 0.92156863 0.92156863 0.9254902 0.9137255 0.7607843 0.54509807 0.56078434 0.5372549 0.5372549 0.7490196 0.8745098 0.84705883 0.78039217 0.68235296 0.7254902 0.83137256 0.9137255 0.91764706 0.9098039 0.7490196 0.8 0.9254902 0.8509804 0.6509804 0.52156866
0.2784314 0.23529412 0.43529412 0.7019608 0.7411765 0.7921569 0.84705883 0.8901961 0.9098039 0.9372549 0.9529412 0.93333334 0.79607844 0.54901963 0.4509804 0.49411765 0.7647059 0.9098039 0.8509804 0.79607844 0.7490196 0.6627451 0.61960787 0.7764706 0.9019608 0.93333334 0.8666667 0.8392157 0.8117647 0.75686276 0.5803922 0.45490196
0.23921569 0.34117648 0.5921569 0.64705884 0.6901961 0.7529412 0.8156863 0.8627451 0.8980392 0.92941177 0.9529412 0.9529412 0.972549 0.7019608 0.41960785 0.5568628 0.6784314 0.8745098 0.827451 0.6117647 0.49019608 0.48235294 0.47843137 0.4627451 0.5568628 0.73333335 0.7254902 0.76862746 0.68235296 0.5568628 0.40784314 0.32941177
0.20392157 0.36078432 0.5803922 0.60784316 0.6627451 0.7058824 0.75686276 0.8352941 0.89411765 0.93333334 0.9607843 0.9647059 0.9764706 0.9019608 0.50980395 0.39215687 0.44313726 0.6156863 0.65882355 0.6 0.4392157 0.33333334 0.35686275 0.39215687 0.38039216 0.34901962 0.38039216 0.44705883 0.53333336 0.5019608 0.42352942 0.23529412
0.42745098 0.32941177 0.41568628 0.54901963 0.6 0.5529412 0.43137255 0.5803922 0.84705883 0.92156863 0.96862745 0.94509804 0.94509804 0.9411765 0.654902 0.5019608 0.49411765 0.52156866 0.49803922 0.5254902 0.4862745 0.30588236 0.44705883 0.62352943 0.57254905 0.44313726 0.3529412 0.31764707 0.28235295 0.3529412 0.29803923 0.2
0.7254902 0.4627451 0.40784314 0.62352943 0.6901961 0.6431373 0.4745098 0.46666667 0.6627451 0.8156863 0.9137255 0.92941177 0.93333334 0.95686275 0.8745098 0.73333335 0.5294118 0.6156863 0.45882353 0.4392157 0.5372549 0.3529412 0.52156866 0.7529412 0.78431374 0.5019608 0.43529412 0.5137255 0.34117648 0.1882353 0.21960784 0.28627452
0.654902 0.41960785 0.3647059 0.7019608 0.85490197 0.827451 0.7058824 0.654902 0.65882355 0.7607843 0.84705883 0.92941177 0.94509804 0.9490196 0.9647059 0.87058824 0.52156866 0.42745098 0.31764707 0.4 0.5568628 0.5137255 0.54901963 0.5882353 0.627451 0.4392157 0.39215687 0.54509807 0.50980395 0.25882354 0.2627451 0.32156864
0.3882353 0.39215687 0.29803923 0.47843137 0.7529412 0.73333335 0.63529414 0.6431373 0.6862745 0.7647059 0.8156863 0.89411765 0.94509804 0.9529412 0.95686275 0.96862745 0.76862746 0.43529412 0.3647059 0.27450982 0.35686275 0.41568628 0.36862746 0.36078432 0.4509804 0.35686275 0.36862746 0.43137255 0.34509805 0.24705882 0.28235295 0.35686275
0.38431373 0.5137255 0.47058824 0.4 0.4862745 0.49803922 0.47058824 0.5647059 0.69411767 0.74509805 0.79607844 0.8745098 0.9411765 0.9647059 0.9647059 0.9647059 0.8901961 0.61960787 0.4117647 0.31764707 0.29803923 0.32941177 0.3137255 0.3764706 0.38039216 0.38039216 0.3647059 0.2784314 0.24313726 0.30588236 0.3137255 0.32941177
0.47058824 0.5686275 0.5921569 0.5764706 0.5254902 0.49019608 0.42352942 0.5137255 0.6666667 0.7019608 0.7647059 0.84705883 0.9137255 0.9607843 0.98039216 0.98039216 0.95686275 0.61960787 0.2509804 0.2784314 0.25882354 0.3019608 0.38039216 0.30980393 0.29803923 0.32941177 0.31764707 0.32941177 0.30980393 0.30588236 0.27450982 0.22352941
0.3647059 0.44313726 0.5529412 0.5686275 0.54509807 0.52156866 0.5019608 0.5254902 0.6156863 0.7019608 0.77254903 0.84313726 0.8980392 0.9529412 0.9882353 0.99215686 0.9607843 0.69803923 0.33333334 0.32941177 0.34509805 0.33333334 0.31764707 0.28235295 0.26666668 0.29803923 0.29411766 0.30588236 0.28235295 0.24313726 0.20784314 0.21176471
0.2627451 0.36078432 0.5647059 0.5882353 0.5647059 0.5372549 0.5254902 0.5058824 0.6 0.7254902 0.7882353 0.87058824 0.9254902 0.95686275 0.9843137 0.98039216 0.92941177 0.78039217 0.5647059 0.44313726 0.34117648 0.2784314 0.2627451 0.31764707 0.34117648 0.2901961 0.27058825 0.24705882 0.27058825 0.28235295 0.2509804 0.21960784
0.2627451 0.38039216 0.56078434 0.58431375 0.5764706 0.5529412 0.5568628 0.54901963 0.6313726 0.7490196 0.80784315 0.8862745 0.9411765 0.96862745 0.98039216 0.96862745 0.9607843 0.9490196 0.92156863 0.8745098 0.8 0.6901961 0.5254902 0.3647059 0.39607844 0.41568628 0.38039216 0.26666668 0.20784314 0.27450982 0.29803923 0.22745098
0.29803923 0.3019608 0.4745098 0.5686275 0.57254905 0.56078434 0.5686275 0.56078434 0.63529414 0.75686276 0.8352941 0.90588236 0.95686275 0.98039216 0.9843137 0.9764706 0.972549 0.9647059 0.95686275 0.9529412 0.95686275 0.9372549 0.90588236 0.79607844 0.57254905 0.34901962 0.26666668 0.2 0.17254902 0.23529412 0.3372549 0.3254902
0.30980393 0.23921569 0.35686275 0.54509807 0.5647059 0.5647059 0.5647059 0.5764706 0.6509804 0.75686276 0.85490197 0.91764706 0.9529412 0.9764706 0.9882353 0.99215686 0.9882353 0.98039216 0.96862745 0.9647059 0.9372549 0.8627451 0.8784314 0.9490196 0.9137255 0.74509805 0.60784316 0.53333336 0.4509804 0.39607844 0.33333334 0.31764707
0.25490198 0.22352941 0.25490198 0.4 0.54901963 0.5764706 0.57254905 0.6039216 0.654902 0.72156864 0.78039217 0.8666667 0.91764706 0.94509804 0.972549 0.99215686 0.9843137 0.96862745 0.96862745 0.972549 0.92941177 0.7882353 0.8156863 0.8862745 0.91764706 0.92941177 0.85882354 0.76862746 0.7058824 0.56078434 0.29803923 0.2901961
0.31764707 0.3647059 0.30588236 0.33333334 0.5176471 0.5764706 0.5803922 0.6039216 0.64705884 0.69411767 0.7372549 0.8235294 0.8862745 0.9098039 0.9411765 0.96862745 0.9607843 0.94509804 0.93333334 0.94509804 0.87058824 0.7019608 0.7529412 0.8352941 0.8666667 0.88235295 0.87058824 0.7764706 0.7058824 0.57254905 0.26666668 0.21568628
0.42352942 0.6117647 0.6 0.45882353 0.5176471 0.5647059 0.57254905 0.5921569 0.60784316 0.627451 0.68235296 0.7490196 0.8235294 0.8666667 0.90588236 0.92941177 0.9254902 0.90588236 0.9019608 0.8784314 0.70980394 0.61960787 0.7058824 0.7647059 0.8117647 0.8392157 0.8509804 0.80784315 0.6745098 0.43137255 0.20392157 0.16078432
0.2784314 0.38039216 0.5411765 0.48235294 0.50980395 0.56078434 0.5372549 0.53333336 0.5647059 0.5764706 0.6313726 0.68235296 0.7529412 0.81960785 0.8627451 0.88235295 0.8862745 0.88235295 0.85882354 0.58431375 0.36078432 0.44313726 0.6 0.69411767 0.7411765 0.8 0.83137256 0.83137256 0.60784316 0.21176471 0.16470589 0.20392157
0.22745098 0.2901961 0.36862746 0.40784314 0.5137255 0.5411765 0.52156866 0.49019608 0.49803922 0.5411765 0.6117647 0.67058825 0.72156864 0.7764706 0.81960785 0.84313726 0.85490197 0.84313726 0.61960787 0.2784314 0.16078432 0.20784314 0.47058824 0.6392157 0.6862745 0.7490196 0.7921569 0.8156863 0.6509804 0.28235295 0.19607843 0.1764706
0.29411766 0.29803923 0.2627451 0.32156864 0.49019608 0.5411765 0.53333336 0.49803922 0.4745098 0.5137255 0.58431375 0.6392157 0.69411767 0.7372549 0.7764706 0.8117647 0.84313726 0.8 0.4627451 0.2509804 0.23529412 0.25490198 0.40392157 0.5921569 0.6627451 0.72156864 0.76862746 0.8039216 0.74509805 0.3882353 0.16470589 0.16470589
0.35686275 0.30588236 0.20784314 0.21960784 0.42745098 0.54509807 0.5411765 0.5254902 0.5176471 0.5411765 0.57254905 0.6117647 0.67058825 0.7176471 0.7529412 0.7921569 0.827451 0.8 0.48235294 0.31764707 0.3882353 0.49411765 0.41960785 0.4745098 0.6156863 0.6862745 0.73333335 0.76862746 0.77254903 0.54509807 0.20784314 0.1882353
0.2627451 0.2901961 0.24313726 0.2509804 0.39215687 0.5372549 0.5529412 0.5568628 0.5529412 0.5764706 0.5921569 0.6117647 0.65882355 0.69411767 0.7411765 0.7921569 0.80784315 0.7882353 0.5568628 0.46666667 0.5803922 0.6117647 0.38431373 0.38431373 0.5529412 0.6392157 0.6901961 0.7294118 0.7529412 0.6392157 0.36862746 0.30980393
0.34117648 0.38431373 0.37254903 0.36078432 0.40784314 0.53333336 0.5686275 0.5803922 0.60784316 0.64705884 0.627451 0.62352943 0.6509804 0.6666667 0.7254902 0.7921569 0.80784315 0.8039216 0.6392157 0.6 0.65882355 0.5137255 0.3254902 0.36078432 0.49411765 0.5921569 0.64705884 0.69803923 0.72156864 0.6901961 0.47058824 0.3137255
0.47058824 0.46666667 0.4745098 0.45882353 0.47843137 0.53333336 0.5647059 0.6 0.654902 0.6901961 0.6431373 0.62352943 0.61960787 0.6627451 0.7176471 0.77254903 0.8 0.80784315 0.7019608 0.64705884 0.6666667 0.5294118 0.39607844 0.3764706 0.42745098 0.5254902 0.59607846 0.6627451 0.7058824 0.68235296 0.5529412 0.40784314
0.49019608 0.49411765 0.4862745 0.45490196 0.45490196 0.5058824 0.54901963 0.5803922 0.65882355 0.70980394 0.6627451 0.60784316 0.6039216 0.6509804 0.70980394 0.7529412 0.78039217 0.79607844 0.7294118 0.65882355 0.6666667 0.54509807 0.40784314 0.37254903 0.3882353 0.46666667 0.5529412 0.6313726 0.6901961 0.7019608 0.654902 0.52156866
0.40784314 0.41960785 0.41568628 0.40784314 0.42745098 0.48235294 0.53333336 0.5647059 0.6392157 0.6901961 0.6509804 0.6117647 0.6156863 0.6313726 0.69803923 0.7490196 0.77254903 0.76862746 0.68235296 0.62352943 0.64705884 0.5254902 0.33333334 0.3137255 0.34901962 0.41568628 0.5294118 0.60784316 0.6666667 0.69803923 0.69411767 0.5529412
0.3372549 0.34901962 0.34509805 0.3647059 0.3764706 0.41568628 0.50980395 0.5647059 0.6313726 0.68235296 0.6509804 0.60784316 0.5921569 0.6117647 0.6745098 0.73333335 0.75686276 0.7294118 0.5921569 0.48235294 0.49803922 0.40784314 0.28627452 0.27450982 0.30588236 0.34901962 0.45882353 0.5568628 0.6117647 0.6627451 0.69411767 0.59607846
0.33333334 0.33333334 0.34901962 0.36078432 0.3372549 0.38431373 0.5058824 0.57254905 0.62352943 0.6745098 0.61960787 0.5764706 0.5764706 0.6117647 0.6627451 0.7254902 0.7647059 0.7058824 0.46666667 0.30980393 0.30980393 0.30980393 0.29803923 0.2901961 0.32156864 0.29803923 0.38431373 0.49803922 0.5647059 0.627451 0.6627451 0.6117647
0.32941177 0.31764707 0.32156864 0.32941177 0.29803923 0.36078432 0.49019608 0.5372549 0.56078434 0.6117647 0.53333336 0.5019608 0.5686275 0.5882353 0.64705884 0.7176471 0.7411765 0.67058825 0.43137255 0.2784314 0.25490198 0.27058825 0.24313726 0.24313726 0.27058825 0.29803923 0.34117648 0.45882353 0.5294118 0.6039216 0.654902 0.5764706
0.34901962 0.33333334 0.33333334 0.3254902 0.34901962 0.3372549 0.38431373 0.3882353 0.42745098 0.47058824 0.42352942 0.4392157 0.53333336 0.57254905 0.60784316 0.6509804 0.627451 0.5019608 0.36862746 0.33333334 0.32941177 0.31764707 0.30588236 0.27058825 0.2784314 0.3137255 0.3137255 0.3882353 0.4509804 0.49803922 0.5411765 0.43137255
0.20784314 0.23137255 0.3019608 0.3137255 0.41960785 0.50980395 0.60784316 0.63529414 0.6901961 0.78039217 0.7254902 0.6862745 0.5294118 0.49411765 0.6392157 0.83137256 0.8901961 0.85882354 0.77254903 0.73333335 0.7411765 0.85490197 0.9647059 0.9843137 0.9882353 0.972549 0.8980392 0.92156863 0.98039216 0.9764706 0.88235295 0.72156864
0.21568628 0.23137255 0.30980393 0.5411765 0.7647059 0.84705883 0.90588236 0.92941177 0.94509804 0.9372549 0.92156863 0.78039217 0.5254902 0.5294118 0.5137255 0.50980395 0.7764706 0.91764706 0.87058824 0.8117647 0.69803923 0.7254902 0.8392157 0.9490196 0.9843137 0.9647059 0.7921569 0.84313726 0.9647059 0.8901961 0.6901961 0.5568628
0.22745098 0.18039216 0.4117647 0.7254902 0.7882353 0.8235294 0.85882354 0.8980392 0.92941177 0.94509804 0.9607843 0.9529412 0.7764706 0.5137255 0.42352942 0.45882353 0.7921569 0.95686275 0.88235295 0.8392157 0.75686276 0.63529414 0.58431375 0.7647059 0.92941177 0.972549 0.9019608 0.8745098 0.8509804 0.79607844 0.62352943 0.4862745
0.21176471 0.27450982 0.57254905 0.69803923 0.7137255 0.7647059 0.8156863 0.8509804 0.88235295 0.91764706 0.9529412 0.972549 0.98039216 0.69411767 0.4117647 0.5647059 0.72156864 0.91764706 0.83137256 0.5882353 0.46666667 0.4509804 0.4392157 0.43137255 0.54509807 0.72156864 0.7137255 0.77254903 0.70980394 0.6 0.43137255 0.32156864
0.21176471 0.3254902 0.5764706 0.63529414 0.64705884 0.68235296 0.7254902 0.78431374 0.827451 0.87058824 0.9254902 0.9490196 0.972549 0.8862745 0.4745098 0.3647059 0.4392157 0.63529414 0.65882355 0.5686275 0.4 0.29803923 0.3137255 0.32156864 0.28235295 0.25490198 0.30980393 0.39215687 0.5058824 0.49803922 0.44313726 0.2627451
0.22745098 0.22352941 0.4 0.5372549 0.5529412 0.49019608 0.34509805 0.4745098 0.7254902 0.8156863 0.89411765 0.89411765 0.9098039 0.90588236 0.6039216 0.44705883 0.4627451 0.50980395 0.49019608 0.50980395 0.46666667 0.2901961 0.44313726 0.62352943 0.5647059 0.40784314 0.30980393 0.2901961 0.26666668 0.34901962 0.32156864 0.23137255
0.28627452 0.25490198 0.3529412 0.5372549 0.5921569 0.53333336 0.3529412 0.3372549 0.5372549 0.7058824 0.8392157 0.8901961 0.91764706 0.94509804 0.8509804 0.7058824 0.5019608 0.5921569 0.4392157 0.42745098 0.5372549 0.3019608 0.41960785 0.68235296 0.7921569 0.52156866 0.43529412 0.5254902 0.3529412 0.20392157 0.23137255 0.27058825
0.29411766 0.23921569 0.2901961 0.5686275 0.7176471 0.69411767 0.58431375 0.54509807 0.56078434 0.69411767 0.80784315 0.9137255 0.9529412 0.9647059 0.972549 0.8666667 0.5058824 0.40392157 0.28627452 0.38039216 0.5254902 0.35686275 0.32156864 0.39215687 0.45882353 0.36078432 0.3764706 0.5411765 0.5137255 0.25882354 0.26666668 0.3019608
0.2627451 0.3019608 0.23921569 0.36862746 0.6117647 0.6039216 0.5254902 0.5568628 0.61960787 0.72156864 0.8 0.8862745 0.94509804 0.9647059 0.96862745 0.96862745 0.7529412 0.40784314 0.33333334 0.25882354 0.3019608 0.2509804 0.23137255 0.29803923 0.32156864 0.2627451 0.35686275 0.43137255 0.3529412 0.2509804 0.23921569 0.27450982
0.29803923 0.45882353 0.4509804 0.33333334 0.36862746 0.3764706 0.3647059 0.47843137 0.6156863 0.6901961 0.7607843 0.84705883 0.92156863 0.9529412 0.9607843 0.96862745 0.8784314 0.5882353 0.38431373 0.3019608 0.27450982 0.27058825 0.29803923 0.43529412 0.42352942 0.4117647 0.41568628 0.32941177 0.27058825 0.30588236 0.29803923 0.29411766
0.32156864 0.49019608 0.5882353 0.56078434 0.44313726 0.3764706 0.31764707 0.42352942 0.5803922 0.627451 0.7058824 0.79607844 0.87058824 0.9254902 0.9529412 0.9529412 0.92156863 0.5882353 0.2509804 0.30588236 0.2901961 0.34117648 0.43529412 0.3882353 0.3882353 0.42352942 0.41568628 0.42745098 0.38039216 0.3372549 0.30588236 0.26666668
0.2901961 0.40784314 0.54901963 0.5294118 0.45882353 0.41960785 0.40392157 0.42745098 0.5176471 0.6156863 0.69803923 0.77254903 0.8352941 0.9019608 0.9411765 0.9372549 0.90588236 0.6745098 0.3529412 0.3882353 0.40784314 0.4117647 0.38431373 0.32156864 0.32156864 0.38431373 0.4 0.41568628 0.38039216 0.3137255 0.27450982 0.27058825
0.21568628 0.32941177 0.52156866 0.52156866 0.4862745 0.45490196 0.43137255 0.40392157 0.49803922 0.6313726 0.69411767 0.77254903 0.8392157 0.8980392 0.9411765 0.9411765 0.89411765 0.7647059 0.5686275 0.45882353 0.36078432 0.30980393 0.30588236 0.3764706 0.41568628 0.3647059 0.34117648 0.3137255 0.33333334 0.34901962 0.3137255 0.27058825
0.19607843 0.3254902 0.5137255 0.5411765 0.5254902 0.49019608 0.49019608 0.46666667 0.53333336 0.63529414 0.6901961 0.76862746 0.8392157 0.8980392 0.9372549 0.94509804 0.9411765 0.9411765 0.9254902 0.88235295 0.7882353 0.6784314 0.5294118 0.38431373 0.4392157 0.44313726 0.4 0.29411766 0.2509804 0.33333334 0.3529412 0.27058825
0.23137255 0.23137255 0.41960785 0.53333336 0.5372549 0.52156866 0.53333336 0.5058824 0.5372549 0.62352943 0.68235296 0.7607843 0.83137256 0.89411765 0.92941177 0.9411765 0.94509804 0.94509804 0.9529412 0.94509804 0.91764706 0.8862745 0.87058824 0.7764706 0.5686275 0.34509805 0.27058825 0.21568628 0.20784314 0.28627452 0.39607844 0.38039216
0.26666668 0.1764706 0.2901961 0.48235294 0.5176471 0.5372549 0.5529412 0.5372549 0.5568628 0.6117647 0.6784314 0.7529412 0.8156863 0.8784314 0.92156863 0.9372549 0.9411765 0.9411765 0.94509804 0.9411765 0.8901961 0.8117647 0.8352941 0.92156863 0.9019608 0.7607843 0.6313726 0.5647059 0.49019608 0.4392157 0.38431373 0.37254903
0.19607843 0.17254902 0.20784314 0.31764707 0.48235294 0.54509807 0.5568628 0.5686275 0.5882353 0.60784316 0.63529414 0.7372549 0.8039216 0.8509804 0.8980392 0.9372549 0.94509804 0.94509804 0.9372549 0.93333334 0.8862745 0.7411765 0.76862746 0.85882354 0.9137255 0.9529412 0.8980392 0.8117647 0.7490196 0.6039216 0.3254902 0.30588236
0.1882353 0.19215687 0.18039216 0.31764707 0.50980395 0.5411765 0.5529412 0.5647059 0.5921569 0.60784316 0.6313726 0.7254902 0.8 0.83137256 0.8666667 0.90588236 0.9254902 0.92941177 0.91764706 0.91764706 0.83137256 0.654902 0.7058824 0.8039216 0.8627451 0.9019608 0.9019608 0.8156863 0.74509805 0.6117647 0.2784314 0.20784314
0.25882354 0.28627452 0.2509804 0.29803923 0.49411765 0.5372549 0.53333336 0.54509807 0.5529412 0.5686275 0.6156863 0.68235296 0.7607843 0.8039216 0.84705883 0.8745098 0.89411765 0.89411765 0.8862745 0.8509804 0.6666667 0.5686275 0.65882355 0.7372549 0.80784315 0.85490197 0.8784314 0.84705883 0.7137255 0.4627451 0.21568628 0.16078432
0.22352941 0.18431373 0.22745098 0.29803923 0.47843137 0.5372549 0.49019608 0.4745098 0.5137255 0.5411765 0.6039216 0.6509804 0.7176471 0.78039217 0.8235294 0.8666667 0.88235295 0.87058824 0.8235294 0.52156866 0.30588236 0.39215687 0.56078434 0.67058825 0.7372549 0.80784315 0.8509804 0.8666667 0.6431373 0.23529412 0.18431373 0.22745098
0.23137255 0.2627451 0.2901961 0.36078432 0.5137255 0.5254902 0.4745098 0.43137255 0.44705883 0.50980395 0.59607846 0.65882355 0.7176471 0.76862746 0.8156863 0.84705883 0.85490197 0.827451 0.57254905 0.20784314 0.11764706 0.16862746 0.42352942 0.60784316 0.6784314 0.75686276 0.8156863 0.8509804 0.6862745 0.30588236 0.21960784 0.20784314
0.27058825 0.27058825 0.23137255 0.28235295 0.4745098 0.5294118 0.49411765 0.4392157 0.41568628 0.4745098 0.5647059 0.62352943 0.6901961 0.74509805 0.78431374 0.81960785 0.84705883 0.7882353 0.41568628 0.16862746 0.16078432 0.1882353 0.34117648 0.54901963 0.64705884 0.72156864 0.7921569 0.84313726 0.78431374 0.41960785 0.20392157 0.21176471
0.3137255 0.25882354 0.14901961 0.15294118 0.3882353 0.5254902 0.5058824 0.47058824 0.44705883 0.4862745 0.54509807 0.5921569 0.65882355 0.7137255 0.75686276 0.8039216 0.84313726 0.8 0.43137255 0.21568628 0.26666668 0.3882353 0.34509805 0.43529412 0.6 0.68235296 0.74509805 0.8039216 0.8156863 0.5882353 0.2627451 0.24313726
0.20392157 0.22745098 0.17254902 0.16862746 0.3372549 0.5019608 0.5176471 0.5019608 0.47058824 0.50980395 0.5568628 0.5803922 0.63529414 0.6784314 0.7372549 0.8039216 0.8392157 0.80784315 0.5058824 0.34901962 0.45490196 0.5254902 0.33333334 0.35686275 0.53333336 0.62352943 0.6901961 0.75686276 0.7921569 0.6901961 0.42352942 0.36078432
0.25882354 0.3019608 0.28627452 0.27450982 0.34509805 0.49411765 0.5294118 0.52156866 0.5176471 0.5647059 0.58431375 0.5882353 0.627451 0.654902 0.7176471 0.79607844 0.84313726 0.827451 0.59607846 0.49411765 0.5764706 0.45882353 0.28627452 0.32941177 0.46666667 0.5764706 0.654902 0.72156864 0.7647059 0.74509805 0.5137255 0.3254902
0.3764706 0.3764706 0.3882353 0.3764706 0.41568628 0.49019608 0.5176471 0.5372549 0.5647059 0.60784316 0.5921569 0.5882353 0.6117647 0.654902 0.7058824 0.76862746 0.827451 0.83137256 0.67058825 0.5686275 0.62352943 0.5019608 0.36078432 0.34117648 0.4 0.5254902 0.6117647 0.6862745 0.74509805 0.7411765 0.58431375 0.4
0.43137255 0.43137255 0.41568628 0.3882353 0.4 0.4627451 0.5058824 0.5254902 0.5803922 0.63529414 0.6117647 0.5764706 0.59607846 0.64705884 0.69803923 0.75686276 0.80784315 0.8156863 0.7058824 0.6039216 0.6392157 0.5372549 0.40392157 0.36862746 0.38039216 0.46666667 0.5686275 0.6509804 0.7254902 0.7529412 0.69411767 0.54901963
0.38431373 0.38039216 0.3647059 0.34901962 0.36862746 0.43529412 0.49411765 0.52156866 0.58431375 0.6313726 0.6039216 0.5803922 0.60784316 0.62352943 0.6862745 0.7529412 0.7921569 0.78431374 0.6745098 0.59607846 0.6392157 0.54509807 0.3764706 0.34509805 0.3529412 0.4117647 0.53333336 0.62352943 0.69803923 0.7411765 0.73333335 0.5921569
0.3254902 0.32156864 0.30588236 0.30980393 0.3254902 0.36862746 0.4745098 0.5294118 0.58431375 0.6313726 0.6039216 0.5764706 0.5803922 0.6039216 0.67058825 0.7372549 0.7764706 0.7411765 0.5921569 0.47843137 0.50980395 0.44705883 0.34509805 0.3254902 0.3254902 0.34509805 0.45882353 0.5686275 0.6392157 0.7058824 0.73333335 0.63529414
0.30588236 0.29803923 0.30588236 0.3137255 0.2901961 0.34509805 0.4745098 0.5411765 0.58431375 0.627451 0.5647059 0.53333336 0.5568628 0.6117647 0.6784314 0.74509805 0.78039217 0.7176471 0.47058824 0.3137255 0.3372549 0.34901962 0.34509805 0.34509805 0.3764706 0.32941177 0.39215687 0.49803922 0.57254905 0.6627451 0.7058824 0.654902
0.30588236 0.28627452 0.28235295 0.28235295 0.25490198 0.31764707 0.45882353 0.50980395 0.53333336 0.56078434 0.4627451 0.44705883 0.54901963 0.6039216 0.6784314 0.73333335 0.75686276 0.6901961 0.4509804 0.29803923 0.27450982 0.2901961 0.27450982 0.28235295 0.30980393 0.32941177 0.3647059 0.47843137 0.54901963 0.6313726 0.68235296 0.60784316
0.33333334 0.3137255 0.30588236 0.29411766 0.30588236 0.29803923 0.3647059 0.36862746 0.4 0.42352942 0.36862746 0.4 0.5176471 0.5803922 0.627451 0.6627451 0.6509804 0.5372549 0.4117647 0.3764706 0.3647059 0.3529412 0.34901962 0.32156864 0.33333334 0.35686275 0.36078432 0.4392157 0.49411765 0.5254902 0.5803922 0.49803922
0.27058825 0.29411766 0.3529412 0.34509805 0.4627451 0.54901963 0.6313726 0.6509804 0.7058824 0.79607844 0.7490196 0.7176471 0.5294118 0.48235294 0.654902 0.8745098 0.9529412 0.9019608 0.80784315 0.8 0.8156863 0.92156863 1.0 1.0 1.0 0.972549 0.8980392 0.92941177 1.0 1.0 0.9137255 0.7019608
0.27450982 0.2901961 0.3647059 0.5882353 0.8352941 0.92156863 0.95686275 0.9647059 0.9764706 0.9607843 0.9411765 0.8 0.49803922 0.4745098 0.4745098 0.5137255 0.827451 0.96862745 0.92156863 0.8901961 0.7647059 0.76862746 0.8627451 0.9647059 1.0 0.9607843 0.78039217 0.8392157 0.96862745 0.9019608 0.6666667 0.45490196
0.28627452 0.2509804 0.5058824 0.84313726 0.90588236 0.91764706 0.9254902 0.94509804 0.96862745 0.96862745 0.9764706 0.96862745 0.7490196 0.4745098 0.3882353 0.4392157 0.8235294 0.9882353 0.9098039 0.8784314 0.78431374 0.6392157 0.5686275 0.7529412 0.94509804 0.9882353 0.90588236 0.87058824 0.83137256 0.7647059 0.54509807 0.34117648
0.27058825 0.37254903 0.72156864 0.8509804 0.8352941 0.84313726 0.8666667 0.88235295 0.9019608 0.92156863 0.9490196 0.9647059 0.9607843 0.67058825 0.39215687 0.5529412 0.7490196 0.95686275 0.85490197 0.5921569 0.44705883 0.40784314 0.38039216 0.37254903 0.5019608 0.7058824 0.70980394 0.75686276 0.67058825 0.5254902 0.34509805 0.21960784
0.24313726 0.40784314 0.72156864 0.77254903 0.7411765 0.74509805 0.7607843 0.7882353 0.8039216 0.827451 0.8666667 0.8980392 0.92941177 0.8627451 0.45490196 0.33333334 0.43137255 0.64705884 0.6666667 0.5568628 0.36078432 0.25490198 0.25882354 0.23529412 0.16470589 0.16078432 0.24313726 0.32941177 0.42352942 0.38431373 0.3254902 0.15294118
0.2784314 0.29411766 0.50980395 0.627451 0.6039216 0.5294118 0.3764706 0.4745098 0.68235296 0.73333335 0.7882353 0.80784315 0.8509804 0.8784314 0.5882353 0.41568628 0.43137255 0.48235294 0.45490196 0.45490196 0.39215687 0.23137255 0.40784314 0.58431375 0.5019608 0.3254902 0.22352941 0.19607843 0.16862746 0.2509804 0.21176471 0.105882354
0.36862746 0.3254902 0.43137255 0.6 0.60784316 0.54901963 0.3882353 0.34901962 0.5019608 0.6313726 0.7529412 0.8156863 0.8666667 0.92156863 0.84705883 0.69803923 0.49019608 0.57254905 0.4117647 0.39215687 0.49411765 0.24705882 0.3647059 0.6509804 0.7921569 0.4745098 0.34509805 0.42352942 0.25882354 0.13333334 0.14509805 0.14509805
0.36862746 0.29803923 0.3529412 0.60784316 0.70980394 0.69803923 0.60784316 0.5647059 0.5568628 0.6666667 0.78039217 0.88235295 0.92156863 0.93333334 0.95686275 0.8666667 0.49411765 0.37254903 0.25882354 0.35686275 0.5137255 0.3254902 0.24313726 0.29803923 0.39607844 0.28627452 0.2784314 0.4392157 0.41568628 0.17254902 0.15294118 0.16470589
0.30980393 0.3647059 0.30980393 0.4 0.6117647 0.60784316 0.5294118 0.5647059 0.627451 0.7254902 0.8039216 0.8745098 0.91764706 0.91764706 0.92156863 0.93333334 0.69803923 0.34117648 0.27058825 0.20392157 0.25490198 0.22352941 0.15686275 0.16078432 0.18431373 0.15686275 0.26666668 0.3529412 0.27058825 0.14901961 0.11372549 0.14901961
0.32941177 0.5254902 0.54509807 0.40392157 0.39215687 0.3882353 0.3764706 0.48235294 0.61960787 0.68235296 0.7490196 0.81960785 0.8784314 0.89411765 0.8980392 0.90588236 0.8117647 0.5176471 0.30980393 0.22745098 0.22745098 0.22745098 0.2 0.27450982 0.24705882 0.25882354 0.2784314 0.2 0.15294118 0.19607843 0.16470589 0.15294118
0.36862746 0.5647059 0.68235296 0.61960787 0.46666667 0.39607844 0.33333334 0.42352942 0.5764706 0.6117647 0.6745098 0.7529412 0.8117647 0.8509804 0.8666667 0.8745098 0.85490197 0.5176471 0.15686275 0.1882353 0.18039216 0.23137255 0.3019608 0.23137255 0.21960784 0.23921569 0.22352941 0.23137255 0.21176471 0.20784314 0.17254902 0.11764706
0.3254902 0.4627451 0.6156863 0.5647059 0.47058824 0.4392157 0.41568628 0.42745098 0.5058824 0.5921569 0.65882355 0.7176471 0.7647059 0.8156863 0.84313726 0.8509804 0.83137256 0.5921569 0.23529412 0.23137255 0.24705882 0.25490198 0.23529412 0.18431373 0.1764706 0.20392157 0.19215687 0.20392157 0.1882353 0.16078432 0.13333334 0.14117648
0.28627452 0.39607844 0.5764706 0.54901963 0.49019608 0.45882353 0.44313726 0.40784314 0.47843137 0.6039216 0.67058825 0.7176471 0.7490196 0.7882353 0.827451 0.8352941 0.8 0.67058825 0.45882353 0.32941177 0.23921569 0.19215687 0.16862746 0.20392157 0.20784314 0.16078432 0.15686275 0.15294118 0.18039216 0.1882353 0.15686275 0.14117648
0.28235295 0.4117647 0.5803922 0.5803922 0.5411765 0.5019608 0.50980395 0.47058824 0.5137255 0.59607846 0.627451 0.6745098 0.7176471 0.7607843 0.8039216 0.83137256 0.85882354 0.88235295 0.87058824 0.8156863 0.6901961 0.5686275 0.39607844 0.21176471 0.21960784 0.23529412 0.22745098 0.14509805 0.105882354 0.17254902 0.1882353 0.12156863
0.29803923 0.30980393 0.4862745 0.57254905 0.5686275 0.5568628 0.56078434 0.5137255 0.5254902 0.5764706 0.5921569 0.64705884 0.69411767 0.74509805 0.7882353 0.81960785 0.85882354 0.8901961 0.90588236 0.8980392 0.8666667 0.84313726 0.8156863 0.69803923 0.45882353 0.21568628 0.14509805 0.09411765 0.06666667 0.12156863 0.20784314 0.19607843
0.29803923 0.22745098 0.34117648 0.5176471 0.56078434 0.5921569 0.5921569 0.5529412 0.5529412 0.5686275 0.58431375 0.6392157 0.68235296 0.7411765 0.78431374 0.80784315 0.83137256 0.85490197 0.85882354 0.85490197 0.8156863 0.7607843 0.8039216 0.8901961 0.85490197 0.69411767 0.5686275 0.49019608 0.3764706 0.28235295 0.18431373 0.16078432
0.2509804 0.23137255 0.25490198 0.3529412 0.5372549 0.62352943 0.62352943 0.6117647 0.6 0.5764706 0.5647059 0.6431373 0.6901961 0.7137255 0.7607843 0.80784315 0.8235294 0.827451 0.827451 0.827451 0.7882353 0.6627451 0.7058824 0.8 0.84705883 0.8901961 0.87058824 0.827451 0.7411765 0.5294118 0.1882353 0.1254902
0.28627452 0.2627451 0.23137255 0.35686275 0.57254905 0.62352943 0.61960787 0.60784316 0.6039216 0.5921569 0.5921569 0.6666667 0.7137255 0.7254902 0.7529412 0.79607844 0.8156863 0.8156863 0.8156863 0.8235294 0.7490196 0.5803922 0.627451 0.7294118 0.7882353 0.8352941 0.8784314 0.84313726 0.7607843 0.56078434 0.20392157 0.1254902
0.32156864 0.34509805 0.31764707 0.34901962 0.5568628 0.60784316 0.58431375 0.5686275 0.5568628 0.5647059 0.6039216 0.654902 0.70980394 0.73333335 0.7647059 0.7882353 0.80784315 0.80784315 0.80784315 0.78431374 0.60784316 0.49803922 0.5686275 0.6431373 0.7294118 0.7882353 0.8392157 0.8392157 0.69803923 0.39607844 0.13725491 0.09411765
0.2627451 0.25490198 0.3254902 0.34901962 0.5294118 0.6039216 0.5254902 0.48235294 0.5137255 0.5372549 0.5921569 0.62352943 0.67058825 0.7137255 0.7529412 0.7921569 0.80784315 0.80784315 0.77254903 0.49019608 0.27450982 0.32941177 0.45490196 0.5647059 0.654902 0.7411765 0.8039216 0.8352941 0.6039216 0.16470589 0.09411765 0.12941177
0.25882354 0.29411766 0.32156864 0.37254903 0.56078434 0.5882353 0.49411765 0.42352942 0.43137255 0.5019608 0.5882353 0.63529414 0.6784314 0.7254902 0.77254903 0.8117647 0.8117647 0.7764706 0.5254902 0.16862746 0.078431375 0.101960786 0.31764707 0.4862745 0.5686275 0.6745098 0.74509805 0.8 0.654902 0.23921569 0.13333334 0.13333334
0.28627452 0.27450982 0.24313726 0.31764707 0.53333336 0.58431375 0.5137255 0.43137255 0.3882353 0.45882353 0.56078434 0.6156863 0.67058825 0.7176471 0.75686276 0.78039217 0.8039216 0.7372549 0.3647059 0.1254902 0.10980392 0.10980392 0.23529412 0.42745098 0.5254902 0.6313726 0.7058824 0.78039217 0.7647059 0.3647059 0.11764706 0.13725491
0.34509805 0.2901961 0.2 0.23137255 0.4627451 0.5764706 0.5372549 0.47058824 0.42352942 0.4627451 0.5372549 0.5921569 0.654902 0.6901961 0.7058824 0.7372549 0.78431374 0.74509805 0.3764706 0.15294118 0.18431373 0.2901961 0.23921569 0.31764707 0.4745098 0.58431375 0.65882355 0.7372549 0.79607844 0.5372549 0.16078432 0.14117648
0.2509804 0.26666668 0.21568628 0.23137255 0.4 0.5568628 0.56078434 0.5137255 0.44705883 0.47843137 0.54509807 0.59607846 0.654902 0.65882355 0.68235296 0.7411765 0.78039217 0.7411765 0.41568628 0.23529412 0.31764707 0.3882353 0.21176471 0.24313726 0.4117647 0.5176471 0.59607846 0.69411767 0.78039217 0.64705884 0.3019608 0.20784314
0.29411766 0.32156864 0.29803923 0.2901961 0.38039216 0.54901963 0.5803922 0.5411765 0.4862745 0.52156866 0.5764706 0.61960787 0.6431373 0.62352943 0.6666667 0.7490196 0.7921569 0.7764706 0.5019608 0.33333334 0.39607844 0.29803923 0.15294118 0.21176471 0.34117648 0.4627451 0.56078434 0.6784314 0.7607843 0.72156864 0.4 0.14901961
0.3764706 0.36862746 0.37254903 0.35686275 0.43137255 0.5372549 0.5686275 0.5529412 0.5294118 0.5568628 0.5921569 0.627451 0.6117647 0.6117647 0.6666667 0.7254902 0.77254903 0.7921569 0.6 0.4117647 0.44313726 0.34509805 0.22352941 0.21176471 0.25882354 0.38431373 0.52156866 0.654902 0.74509805 0.7372549 0.50980395 0.24313726
0.40784314 0.40392157 0.38431373 0.3529412 0.40392157 0.5058824 0.54901963 0.54509807 0.5529412 0.5803922 0.6 0.6117647 0.59607846 0.6117647 0.6666667 0.7019608 0.7294118 0.7647059 0.6431373 0.4745098 0.4862745 0.39607844 0.26666668 0.22352941 0.21960784 0.30588236 0.44313726 0.5882353 0.70980394 0.75686276 0.65882355 0.43137255
0.3647059 0.36078432 0.34117648 0.3254902 0.37254903 0.46666667 0.53333336 0.5411765 0.5529412 0.5764706 0.5803922 0.6117647 0.6117647 0.6 0.6745098 0.7176471 0.7176471 0.7176471 0.59607846 0.45490196 0.47843137 0.39607844 0.23137255 0.2 0.20392157 0.2627451 0.40392157 0.5372549 0.6509804 0.7294118 0.7176471 0.5137255
0.32156864 0.32156864 0.3019608 0.30588236 0.32156864 0.39215687 0.5176471 0.5529412 0.5686275 0.5803922 0.5647059 0.5921569 0.5882353 0.5882353 0.6627451 0.7254902 0.7137255 0.6627451 0.49019608 0.32156864 0.32941177 0.2784314 0.19607843 0.18431373 0.19215687 0.21960784 0.3372549 0.4627451 0.56078434 0.654902 0.7019608 0.5568628
0.31764707 0.30588236 0.30980393 0.3137255 0.2901961 0.3647059 0.52156866 0.5764706 0.58431375 0.5803922 0.50980395 0.5254902 0.57254905 0.6039216 0.654902 0.7254902 0.7294118 0.627451 0.36078432 0.1882353 0.19215687 0.19607843 0.19215687 0.1882353 0.22352941 0.1882353 0.25882354 0.36862746 0.47058824 0.58431375 0.654902 0.5803922
0.3254902 0.30588236 0.29803923 0.29411766 0.27058825 0.34509805 0.4862745 0.50980395 0.49019608 0.49803922 0.41960785 0.4392157 0.56078434 0.59607846 0.6627451 0.7294118 0.7137255 0.5921569 0.3254902 0.16470589 0.15294118 0.17254902 0.14901961 0.15686275 0.18431373 0.19607843 0.21960784 0.3372549 0.42745098 0.5372549 0.61960787 0.5372549
0.34509805 0.32156864 0.30980393 0.2901961 0.30980393 0.3019608 0.34901962 0.33333334 0.3372549 0.35686275 0.30980393 0.36078432 0.49411765 0.56078434 0.6039216 0.62352943 0.5686275 0.40784314 0.25882354 0.22352941 0.22352941 0.21176471 0.20392157 0.1764706 0.18431373 0.2 0.18431373 0.25490198 0.3254902 0.3882353 0.41960785 0.29411766
12 16 0
10 16 0
12 16 1
2 25 2
15 23 1
2 24 1
20 17 1
4 24 2
2 25 1
18 15 0
