32, 32, 3, 10
0.4392157 0.3764706 0.6039216 0.6627451 0.6666667 0.6392157 0.65882355 0.6745098 0.7058824 0.6313726 0.627451 0.5686275 0.53333336 0.60784316 0.5137255 0.627451 0.61960787 0.6156863 0.6117647 0.60784316 0.59607846 0.5803922 0.57254905 0.5568628 0.54509807 0.5294118 0.5137255 0.49411765 0.4745098 0.4627451 0.44313726 0.42745098
0.33333334 0.47058824 0.68235296 0.6627451 0.6666667 0.654902 0.6862745 0.6784314 0.64705884 0.5686275 0.6666667 0.4862745 0.47058824 0.5921569 0.44313726 0.5921569 0.6313726 0.62352943 0.60784316 0.6 0.59607846 0.58431375 0.57254905 0.5568628 0.54509807 0.5294118 0.5176471 0.5019608 0.48235294 0.46666667 0.44705883 0.43137255
0.4627451 0.5921569 0.69411767 0.67058825 0.6745098 0.654902 0.654902 0.6117647 0.6431373 0.5529412 0.5882353 0.5568628 0.49803922 0.5294118 0.4117647 0.56078434 0.62352943 0.54509807 0.59607846 0.6313726 0.6156863 0.59607846 0.58431375 0.5686275 0.5568628 0.5411765 0.5294118 0.5137255 0.49411765 0.47843137 0.45882353 0.44313726
0.44313726 0.5686275 0.70980394 0.68235296 0.69803923 0.47058824 0.2509804 0.41960785 0.6862745 0.5568628 0.5254902 0.7294118 0.78431374 0.5803922 0.43137255 0.7058824 0.59607846 0.34509805 0.4117647 0.42745098 0.5019608 0.60784316 0.5921569 0.5686275 0.5647059 0.5568628 0.5411765 0.5254902 0.5058824 0.48235294 0.4627451 0.4509804
0.4862745 0.5803922 0.72156864 0.69803923 0.7137255 0.5176471 0.15294118 0.38039216 0.5411765 0.29803923 0.40784314 0.4392157 0.48235294 0.43529412 0.23137255 0.4745098 0.5882353 0.38039216 0.3764706 0.23529412 0.2901961 0.41960785 0.58431375 0.58431375 0.57254905 0.5647059 0.54901963 0.53333336 0.50980395 0.49019608 0.47058824 0.4627451
0.5372549 0.6039216 0.7294118 0.7058824 0.7176471 0.47843137 0.12941177 0.36078432 0.7490196 0.6509804 0.32156864 0.11764706 0.13333334 0.3764706 0.60784316 0.7137255 0.64705884 0.28235295 0.41960785 0.4 0.22745098 0.078431375 0.34509805 0.6 0.5803922 0.5686275 0.5529412 0.53333336 0.5176471 0.49803922 0.47843137 0.47058824
0.57254905 0.60784316 0.73333335 0.7137255 0.7058824 0.49803922 0.3254902 0.43529412 0.7294118 0.49803922 0.1254902 0.1254902 0.06666667 0.18039216 0.57254905 0.78431374 0.78039217 0.40392157 0.23137255 0.15294118 0.07450981 0.20784314 0.41568628 0.58431375 0.5764706 0.5686275 0.5529412 0.5372549 0.52156866 0.49803922 0.47843137 0.47058824
0.5921569 0.59607846 0.7411765 0.7176471 0.70980394 0.7372549 0.5568628 0.48235294 0.41960785 0.10980392 0.101960786 0.047058824 0.08627451 0.11764706 0.14117648 0.36078432 0.74509805 0.48235294 0.0627451 0.1882353 0.42745098 0.6039216 0.6156863 0.5882353 0.5803922 0.5686275 0.5529412 0.5411765 0.5254902 0.50980395 0.49019608 0.4745098
0.6313726 0.6 0.74509805 0.7176471 0.7137255 0.7372549 0.69411767 0.6745098 0.40392157 0.07058824 0.09019608 0.0627451 0.09803922 0.12941177 0.011764706 0.23921569 0.58431375 0.43137255 0.11764706 0.50980395 0.6666667 0.627451 0.6156863 0.6 0.58431375 0.5686275 0.5568628 0.54509807 0.5294118 0.5137255 0.49411765 0.47843137
0.654902 0.58431375 0.7529412 0.72156864 0.7137255 0.7294118 0.70980394 0.70980394 0.59607846 0.3647059 0.23921569 0.19607843 0.18039216 0.14901961 0.25490198 0.53333336 0.62352943 0.5764706 0.32941177 0.5647059 0.6509804 0.6156863 0.6156863 0.6 0.58431375 0.5686275 0.5568628 0.54509807 0.5294118 0.50980395 0.49411765 0.47843137
0.64705884 0.5803922 0.74509805 0.7176471 0.7137255 0.7294118 0.70980394 0.7176471 0.7607843 0.8235294 0.83137256 0.69411767 0.54509807 0.654902 0.84705883 0.8352941 0.7019608 0.8235294 0.627451 0.4392157 0.61960787 0.6313726 0.61960787 0.60784316 0.5882353 0.57254905 0.56078434 0.54509807 0.5254902 0.5137255 0.49803922 0.48235294
0.6666667 0.6039216 0.7411765 0.72156864 0.7254902 0.73333335 0.72156864 0.7411765 0.7882353 0.7921569 0.8509804 0.7372549 0.5647059 0.74509805 0.827451 0.7254902 0.8039216 0.9411765 0.73333335 0.39215687 0.49411765 0.654902 0.61960787 0.6117647 0.59607846 0.5764706 0.56078434 0.54509807 0.5254902 0.50980395 0.49411765 0.47843137
0.6784314 0.6117647 0.73333335 0.7294118 0.7372549 0.7294118 0.7372549 0.75686276 0.79607844 0.8156863 0.78431374 0.7372549 0.7529412 0.73333335 0.7490196 0.8666667 0.9490196 0.9019608 0.7921569 0.6156863 0.45490196 0.5882353 0.61960787 0.6117647 0.6 0.5803922 0.56078434 0.54509807 0.5254902 0.5058824 0.49019608 0.47843137
0.67058825 0.5686275 0.73333335 0.7254902 0.7294118 0.7294118 0.7411765 0.78431374 0.78039217 0.81960785 0.8901961 0.9254902 0.92156863 0.8980392 0.93333334 0.972549 0.94509804 0.9411765 0.9137255 0.74509805 0.57254905 0.5058824 0.5764706 0.62352943 0.59607846 0.5803922 0.56078434 0.54509807 0.5254902 0.50980395 0.49411765 0.4745098
0.6627451 0.53333336 0.72156864 0.72156864 0.7294118 0.7294118 0.73333335 0.7647059 0.75686276 0.8039216 0.8666667 0.94509804 0.94509804 0.91764706 0.9607843 0.95686275 0.95686275 0.96862745 0.94509804 0.827451 0.6666667 0.6 0.3882353 0.54509807 0.59607846 0.5764706 0.56078434 0.54509807 0.5254902 0.5058824 0.4862745 0.4745098
0.6666667 0.5176471 0.7019608 0.7254902 0.7372549 0.7254902 0.7176471 0.7294118 0.7764706 0.84313726 0.85882354 0.8862745 0.87058824 0.83137256 0.89411765 0.9137255 0.94509804 0.96862745 0.95686275 0.8784314 0.6666667 0.654902 0.37254903 0.3647059 0.6039216 0.57254905 0.5568628 0.5411765 0.52156866 0.5019608 0.4862745 0.47058824
0.6627451 0.49411765 0.6862745 0.7294118 0.72156864 0.7058824 0.7058824 0.7490196 0.7764706 0.80784315 0.8156863 0.73333335 0.69411767 0.8235294 0.85490197 0.8509804 0.9098039 0.9647059 0.9764706 0.89411765 0.6627451 0.6039216 0.48235294 0.3019608 0.4627451 0.5686275 0.5529412 0.5372549 0.5176471 0.5019608 0.48235294 0.46666667
0.6627451 0.49019608 0.6666667 0.7254902 0.7176471 0.69411767 0.70980394 0.7607843 0.7372549 0.80784315 0.8352941 0.7058824 0.72156864 0.89411765 0.8509804 0.8352941 0.8862745 0.9411765 0.9764706 0.8980392 0.6901961 0.59607846 0.5568628 0.3764706 0.28627452 0.44313726 0.5529412 0.5294118 0.5019608 0.49411765 0.4862745 0.47058824
0.6627451 0.5019608 0.65882355 0.72156864 0.7137255 0.7019608 0.7176471 0.7764706 0.6509804 0.7411765 0.80784315 0.7137255 0.69803923 0.87058824 0.8901961 0.8627451 0.8627451 0.9019608 0.9529412 0.88235295 0.7137255 0.64705884 0.5647059 0.44705883 0.37254903 0.3372549 0.40784314 0.5294118 0.49411765 0.48235294 0.46666667 0.4392157
0.68235296 0.5137255 0.6313726 0.7137255 0.70980394 0.7019608 0.72156864 0.7607843 0.5254902 0.6745098 0.8862745 0.7921569 0.7254902 0.85882354 0.9529412 0.92941177 0.8980392 0.91764706 0.9607843 0.90588236 0.76862746 0.6431373 0.57254905 0.50980395 0.5019608 0.50980395 0.3882353 0.45490196 0.5019608 0.50980395 0.4862745 0.44705883
0.68235296 0.54509807 0.6392157 0.7058824 0.7294118 0.7294118 0.69803923 0.78431374 0.5137255 0.69411767 0.9529412 0.89411765 0.7607843 0.83137256 0.9411765 0.93333334 0.9254902 0.9490196 0.9843137 0.99215686 0.75686276 0.5647059 0.60784316 0.6156863 0.654902 0.6901961 0.56078434 0.40392157 0.4862745 0.59607846 0.5882353 0.5568628
0.69411767 0.5019608 0.6039216 0.7058824 0.69411767 0.6901961 0.68235296 0.77254903 0.5647059 0.77254903 0.972549 0.9254902 0.49019608 0.627451 0.79607844 0.7647059 0.8 0.85490197 0.98039216 0.98039216 0.6862745 0.6039216 0.7058824 0.7176471 0.7411765 0.7019608 0.64705884 0.5372549 0.52156866 0.63529414 0.6156863 0.5764706
0.68235296 0.43529412 0.56078434 0.69411767 0.6666667 0.65882355 0.6784314 0.7294118 0.6392157 0.8627451 1.0 0.8156863 0.41960785 0.5764706 0.6392157 0.6431373 0.61960787 0.7176471 0.972549 0.93333334 0.654902 0.64705884 0.6627451 0.69411767 0.74509805 0.7294118 0.75686276 0.6313726 0.45882353 0.5294118 0.5921569 0.5294118
0.63529414 0.45882353 0.5921569 0.65882355 0.627451 0.63529414 0.6745098 0.68235296 0.6901961 0.8862745 0.96862745 0.6627451 0.5647059 0.6784314 0.654902 0.7372549 0.7137255 0.7607843 0.972549 0.8745098 0.5294118 0.5176471 0.4862745 0.5176471 0.7019608 0.74509805 0.8 0.69803923 0.49019608 0.45490196 0.5411765 0.5372549
0.6039216 0.6039216 0.65882355 0.7019608 0.69803923 0.69411767 0.70980394 0.6627451 0.6901961 0.8862745 0.8352941 0.64705884 0.7607843 0.77254903 0.7372549 0.70980394 0.7490196 0.8509804 0.972549 0.8235294 0.48235294 0.5294118 0.5411765 0.5686275 0.63529414 0.7019608 0.78039217 0.75686276 0.5294118 0.4627451 0.53333336 0.56078434
0.6784314 0.7137255 0.7411765 0.7411765 0.7294118 0.72156864 0.7372549 0.7294118 0.74509805 0.8784314 0.7411765 0.7019608 0.8039216 0.7647059 0.74509805 0.62352943 0.58431375 0.8235294 0.9529412 0.78431374 0.5176471 0.6431373 0.7176471 0.7137255 0.67058825 0.627451 0.6117647 0.58431375 0.42352942 0.43137255 0.5019608 0.56078434
0.7411765 0.7372549 0.7411765 0.7529412 0.7764706 0.79607844 0.79607844 0.76862746 0.84313726 0.91764706 0.6862745 0.69803923 0.75686276 0.7176471 0.7137255 0.6509804 0.6039216 0.8352941 0.9254902 0.7294118 0.5568628 0.6862745 0.6862745 0.6745098 0.6862745 0.6745098 0.62352943 0.5411765 0.4392157 0.4745098 0.5058824 0.5294118
0.72156864 0.7176471 0.7372549 0.7647059 0.7882353 0.78039217 0.7529412 0.7921569 0.91764706 0.8666667 0.6901961 0.7254902 0.7176471 0.7019608 0.70980394 0.69803923 0.6901961 0.84705883 0.9411765 0.7294118 0.52156866 0.6313726 0.6666667 0.6901961 0.70980394 0.68235296 0.6313726 0.5764706 0.5058824 0.45882353 0.47058824 0.52156866
0.7372549 0.74509805 0.7529412 0.7607843 0.7254902 0.7019608 0.7137255 0.7411765 0.78039217 0.67058825 0.6745098 0.73333335 0.7137255 0.6862745 0.68235296 0.654902 0.6745098 0.85490197 0.9019608 0.74509805 0.6627451 0.73333335 0.7372549 0.69411767 0.6509804 0.61960787 0.5921569 0.5803922 0.5803922 0.5647059 0.58431375 0.62352943
0.8039216 0.7921569 0.7764706 0.7529412 0.65882355 0.5647059 0.54901963 0.6313726 0.6862745 0.7137255 0.7294118 0.73333335 0.7411765 0.73333335 0.73333335 0.7058824 0.7019608 0.87058824 0.8745098 0.7764706 0.69803923 0.69411767 0.64705884 0.627451 0.62352943 0.6117647 0.60784316 0.6117647 0.6 0.5882353 0.5882353 0.62352943
0.7294118 0.7058824 0.7058824 0.7058824 0.72156864 0.7411765 0.74509805 0.7372549 0.7411765 0.7529412 0.7529412 0.7529412 0.7607843 0.76862746 0.76862746 0.7490196 0.7411765 0.6862745 0.67058825 0.69803923 0.61960787 0.63529414 0.64705884 0.64705884 0.6431373 0.6392157 0.64705884 0.6313726 0.60784316 0.6039216 0.59607846 0.6039216
0.7294118 0.73333335 0.7529412 0.75686276 0.76862746 0.7607843 0.7607843 0.7529412 0.75686276 0.7490196 0.7372549 0.73333335 0.7411765 0.7411765 0.74509805 0.6901961 0.5921569 0.5254902 0.49019608 0.52156866 0.6156863 0.6862745 0.6862745 0.6666667 0.6784314 0.6784314 0.6627451 0.63529414 0.61960787 0.6117647 0.6039216 0.6156863
0.49019608 0.43137255 0.654902 0.7058824 0.7019608 0.7058824 0.7019608 0.68235296 0.5411765 0.34901962 0.30980393 0.42352942 0.56078434 0.47843137 0.5137255 0.7058824 0.68235296 0.6745098 0.6627451 0.6509804 0.6392157 0.627451 0.6156863 0.6 0.58431375 0.5686275 0.5529412 0.5372549 0.5176471 0.5019608 0.48235294 0.46666667
0.38431373 0.52156866 0.7294118 0.7058824 0.7058824 0.72156864 0.7176471 0.69411767 0.54509807 0.3529412 0.36078432 0.39215687 0.5529412 0.5176471 0.40392157 0.654902 0.6901961 0.6901961 0.6745098 0.654902 0.6392157 0.627451 0.6156863 0.6 0.58431375 0.5686275 0.5568628 0.5411765 0.5254902 0.5019608 0.48235294 0.47058824
0.50980395 0.63529414 0.7372549 0.72156864 0.7254902 0.72156864 0.6862745 0.6392157 0.5803922 0.5019608 0.53333336 0.5529412 0.5294118 0.52156866 0.41568628 0.5803922 0.6509804 0.58431375 0.64705884 0.6784314 0.65882355 0.6392157 0.627451 0.6117647 0.59607846 0.5803922 0.5686275 0.5568628 0.5372549 0.5137255 0.49411765 0.47843137
0.49411765 0.6156863 0.7607843 0.7372549 0.7529412 0.52156866 0.26666668 0.42745098 0.6666667 0.57254905 0.5686275 0.7529412 0.78431374 0.5921569 0.46666667 0.7294118 0.6156863 0.3647059 0.42745098 0.44705883 0.5294118 0.6509804 0.6431373 0.627451 0.6156863 0.59607846 0.5803922 0.5647059 0.54509807 0.5254902 0.5058824 0.4862745
0.54901963 0.63529414 0.78039217 0.7490196 0.76862746 0.5529412 0.16078432 0.37254903 0.5411765 0.3019608 0.4117647 0.4509804 0.49019608 0.4392157 0.25490198 0.5019608 0.6 0.3764706 0.35686275 0.22352941 0.29411766 0.4392157 0.62352943 0.63529414 0.61960787 0.6039216 0.5882353 0.57254905 0.54901963 0.5372549 0.5176471 0.49803922
0.59607846 0.65882355 0.78431374 0.7607843 0.77254903 0.5176471 0.13725491 0.3529412 0.7490196 0.654902 0.3254902 0.1254902 0.14117648 0.38431373 0.62352943 0.7254902 0.6392157 0.2627451 0.3882353 0.3764706 0.21960784 0.08627451 0.36862746 0.63529414 0.61960787 0.60784316 0.5921569 0.57254905 0.5568628 0.5411765 0.5254902 0.5058824
0.6313726 0.6627451 0.7882353 0.76862746 0.7607843 0.5372549 0.32941177 0.42745098 0.73333335 0.5019608 0.12941177 0.12941177 0.07058824 0.18431373 0.6 0.8117647 0.7921569 0.39607844 0.21568628 0.14901961 0.08627451 0.23137255 0.45490196 0.6392157 0.62352943 0.60784316 0.5921569 0.5764706 0.56078434 0.54509807 0.52156866 0.5058824
0.6509804 0.654902 0.8 0.7764706 0.77254903 0.7764706 0.5921569 0.49411765 0.41960785 0.12941177 0.101960786 0.050980393 0.08627451 0.12156863 0.16470589 0.3882353 0.76862746 0.49019608 0.06666667 0.20784314 0.4627451 0.64705884 0.6666667 0.64705884 0.627451 0.6117647 0.59607846 0.58431375 0.5686275 0.5529412 0.53333336 0.5137255
0.6862745 0.654902 0.80784315 0.78431374 0.78431374 0.76862746 0.7647059 0.7058824 0.38039216 0.09803922 0.09411765 0.06666667 0.101960786 0.13333334 0.015686275 0.24705882 0.59607846 0.44313726 0.13333334 0.5411765 0.70980394 0.67058825 0.65882355 0.6431373 0.6313726 0.6117647 0.6 0.5882353 0.57254905 0.5529412 0.53333336 0.52156866
0.7137255 0.6431373 0.8156863 0.7882353 0.78431374 0.7647059 0.78431374 0.7176471 0.5254902 0.38431373 0.2509804 0.20784314 0.19215687 0.16078432 0.25882354 0.5372549 0.63529414 0.5882353 0.34117648 0.6 0.69411767 0.65882355 0.65882355 0.6431373 0.627451 0.6117647 0.6 0.5882353 0.57254905 0.5529412 0.53333336 0.52156866
0.7058824 0.63529414 0.8117647 0.78431374 0.78039217 0.76862746 0.7882353 0.69411767 0.6313726 0.8235294 0.8627451 0.72156864 0.57254905 0.6784314 0.8627451 0.84313726 0.7137255 0.8352941 0.6392157 0.47058824 0.6666667 0.6745098 0.6627451 0.6509804 0.6313726 0.6156863 0.6039216 0.5882353 0.5686275 0.5529412 0.5372549 0.5254902
0.72156864 0.6627451 0.80784315 0.78431374 0.78431374 0.7764706 0.79607844 0.69411767 0.62352943 0.7921569 0.88235295 0.76862746 0.59607846 0.77254903 0.8392157 0.7294118 0.8156863 0.9490196 0.74509805 0.41568628 0.53333336 0.7019608 0.6666667 0.654902 0.6392157 0.61960787 0.6039216 0.5882353 0.5686275 0.54901963 0.53333336 0.52156866
0.73333335 0.6784314 0.8039216 0.78039217 0.78039217 0.78039217 0.7921569 0.68235296 0.6392157 0.827451 0.80784315 0.75686276 0.77254903 0.75686276 0.75686276 0.8666667 0.9529412 0.90588236 0.79607844 0.6117647 0.47058824 0.6392157 0.68235296 0.65882355 0.6431373 0.62352943 0.6039216 0.5882353 0.5686275 0.54901963 0.5294118 0.5176471
0.7254902 0.6392157 0.8039216 0.7764706 0.78039217 0.78039217 0.78431374 0.68235296 0.5921569 0.8156863 0.90588236 0.9372549 0.93333334 0.9098039 0.9372549 0.972549 0.9490196 0.94509804 0.91764706 0.7411765 0.5803922 0.5372549 0.61960787 0.67058825 0.6392157 0.62352943 0.6039216 0.5882353 0.5686275 0.5529412 0.5294118 0.5137255
0.7176471 0.59607846 0.7921569 0.7764706 0.7764706 0.7764706 0.78431374 0.68235296 0.59607846 0.8039216 0.8745098 0.94509804 0.94509804 0.9254902 0.9647059 0.9607843 0.9607843 0.96862745 0.94509804 0.83137256 0.67058825 0.6039216 0.4117647 0.5921569 0.6431373 0.6156863 0.6039216 0.5882353 0.5686275 0.54901963 0.5254902 0.5137255
0.72156864 0.5803922 0.77254903 0.7764706 0.77254903 0.7764706 0.7921569 0.69411767 0.6784314 0.8627451 0.8627451 0.8862745 0.87058824 0.8352941 0.8980392 0.91764706 0.94509804 0.96862745 0.95686275 0.88235295 0.6627451 0.64705884 0.38039216 0.40392157 0.654902 0.61960787 0.6039216 0.58431375 0.5647059 0.54509807 0.5254902 0.5137255
0.7254902 0.5568628 0.75686276 0.7764706 0.76862746 0.78039217 0.7882353 0.6901961 0.69803923 0.8509804 0.8352941 0.74509805 0.7019608 0.827451 0.85882354 0.85490197 0.9137255 0.9647059 0.9764706 0.8980392 0.67058825 0.6039216 0.47843137 0.29803923 0.49411765 0.62352943 0.6 0.5803922 0.56078434 0.5411765 0.52156866 0.50980395
0.7254902 0.54901963 0.7411765 0.7764706 0.7647059 0.7764706 0.78039217 0.65882355 0.63529414 0.8509804 0.85882354 0.7254902 0.73333335 0.8980392 0.8509804 0.8392157 0.8901961 0.9411765 0.9764706 0.8980392 0.6901961 0.59607846 0.5411765 0.3529412 0.28235295 0.45882353 0.5803922 0.57254905 0.5568628 0.5411765 0.52156866 0.5058824
0.7254902 0.56078434 0.73333335 0.77254903 0.75686276 0.76862746 0.7647059 0.6509804 0.5176471 0.7607843 0.8235294 0.7254902 0.7058824 0.8666667 0.8862745 0.85882354 0.85882354 0.89411765 0.94509804 0.87058824 0.7019608 0.63529414 0.5411765 0.41960785 0.3372549 0.3137255 0.4117647 0.5647059 0.5529412 0.5372549 0.50980395 0.49019608
0.7490196 0.5803922 0.70980394 0.76862746 0.7529412 0.7607843 0.7529412 0.60784316 0.36078432 0.68235296 0.8901961 0.7921569 0.7176471 0.84313726 0.93333334 0.9137255 0.8784314 0.8980392 0.94509804 0.8862745 0.7490196 0.62352943 0.54509807 0.4745098 0.46666667 0.4862745 0.38039216 0.47058824 0.5411765 0.5058824 0.45490196 0.42745098
0.75686276 0.627451 0.7176471 0.7647059 0.7372549 0.74509805 0.7647059 0.60784316 0.3137255 0.70980394 0.95686275 0.8901961 0.7411765 0.8039216 0.92156863 0.92156863 0.90588236 0.92941177 0.972549 0.9764706 0.7294118 0.5254902 0.57254905 0.58431375 0.6117647 0.6509804 0.53333336 0.38039216 0.45490196 0.5176471 0.48235294 0.45882353
0.7372549 0.5568628 0.654902 0.7529412 0.7411765 0.7490196 0.78039217 0.6 0.3137255 0.76862746 0.96862745 0.9019608 0.45882353 0.59607846 0.76862746 0.7490196 0.7921569 0.84705883 0.9764706 0.9647059 0.6509804 0.5568628 0.6666667 0.6901961 0.7019608 0.6745098 0.63529414 0.50980395 0.46666667 0.5529412 0.52156866 0.48235294
0.7294118 0.49803922 0.627451 0.75686276 0.73333335 0.7137255 0.6901961 0.54509807 0.32941177 0.8 0.9764706 0.76862746 0.3764706 0.5411765 0.59607846 0.6117647 0.61960787 0.7294118 0.9647059 0.9137255 0.62352943 0.59607846 0.61960787 0.6666667 0.72156864 0.73333335 0.77254903 0.627451 0.42745098 0.45882353 0.5019608 0.4392157
0.6666667 0.49019608 0.6156863 0.6627451 0.61960787 0.6117647 0.60784316 0.5764706 0.44705883 0.80784315 0.92941177 0.60784316 0.5254902 0.627451 0.6 0.69803923 0.70980394 0.7764706 0.9607843 0.8509804 0.49411765 0.45882353 0.43529412 0.49019608 0.68235296 0.7529412 0.83137256 0.69803923 0.4509804 0.3764706 0.4509804 0.44705883
0.5764706 0.57254905 0.6117647 0.6392157 0.65882355 0.6509804 0.63529414 0.6313726 0.6 0.8392157 0.78039217 0.5882353 0.7019608 0.7019608 0.6745098 0.6666667 0.7294118 0.85490197 0.9529412 0.7882353 0.4392157 0.46666667 0.4745098 0.5176471 0.6039216 0.6862745 0.77254903 0.72156864 0.46666667 0.39215687 0.4627451 0.47843137
0.62352943 0.654902 0.6745098 0.6784314 0.6862745 0.654902 0.654902 0.6745098 0.70980394 0.84313726 0.67058825 0.61960787 0.70980394 0.6784314 0.6666667 0.56078434 0.5529412 0.79607844 0.90588236 0.7294118 0.46666667 0.58431375 0.6431373 0.6431373 0.60784316 0.5647059 0.5529412 0.52156866 0.36078432 0.3764706 0.44705883 0.4862745
0.69411767 0.68235296 0.6784314 0.6862745 0.7058824 0.72156864 0.73333335 0.7176471 0.7882353 0.8627451 0.62352943 0.6156863 0.6666667 0.6431373 0.627451 0.5764706 0.5647059 0.79607844 0.87058824 0.6784314 0.5058824 0.62352943 0.60784316 0.59607846 0.5921569 0.5764706 0.5529412 0.48235294 0.38039216 0.42745098 0.4509804 0.45490196
0.6745098 0.6627451 0.67058825 0.69411767 0.7254902 0.7254902 0.7058824 0.74509805 0.87058824 0.8156863 0.6392157 0.64705884 0.6313726 0.6392157 0.6431373 0.6509804 0.65882355 0.80784315 0.90588236 0.68235296 0.45490196 0.5529412 0.5686275 0.5882353 0.6 0.5764706 0.54901963 0.50980395 0.4392157 0.4 0.40784314 0.4392157
0.6784314 0.68235296 0.6862745 0.6901961 0.6666667 0.6509804 0.6627451 0.7058824 0.7647059 0.6313726 0.627451 0.65882355 0.6313726 0.627451 0.627451 0.6156863 0.63529414 0.8117647 0.8862745 0.70980394 0.60784316 0.6627451 0.64705884 0.60784316 0.5686275 0.5411765 0.5176471 0.50980395 0.5176471 0.5019608 0.5137255 0.54509807
0.7411765 0.7294118 0.70980394 0.6862745 0.6156863 0.5176471 0.4862745 0.5803922 0.654902 0.6666667 0.6666667 0.6666667 0.6784314 0.67058825 0.67058825 0.6627451 0.6627451 0.83137256 0.85882354 0.73333335 0.6509804 0.63529414 0.58431375 0.5803922 0.57254905 0.56078434 0.56078434 0.5647059 0.54509807 0.5254902 0.5176471 0.54509807
0.6862745 0.65882355 0.654902 0.64705884 0.6666667 0.68235296 0.6862745 0.68235296 0.6862745 0.69803923 0.69411767 0.69411767 0.7019608 0.7137255 0.7254902 0.7176471 0.69803923 0.6431373 0.6509804 0.6666667 0.59607846 0.6 0.59607846 0.6 0.5921569 0.5921569 0.6 0.58431375 0.5568628 0.54509807 0.5294118 0.53333336
0.67058825 0.68235296 0.7058824 0.7137255 0.70980394 0.7019608 0.69411767 0.68235296 0.6784314 0.6901961 0.69411767 0.6901961 0.69411767 0.69411767 0.69803923 0.63529414 0.5254902 0.4627451 0.4392157 0.48235294 0.6 0.6509804 0.6313726 0.62352943 0.63529414 0.6313726 0.6156863 0.58431375 0.57254905 0.5647059 0.5568628 0.5568628
0.50980395 0.4392157 0.68235296 0.7529412 0.76862746 0.75686276 0.7411765 0.72156864 0.61960787 0.40784314 0.3764706 0.45490196 0.5372549 0.5019608 0.5254902 0.70980394 0.6901961 0.68235296 0.6745098 0.6627451 0.64705884 0.63529414 0.62352943 0.60784316 0.5921569 0.5764706 0.5568628 0.5294118 0.5019608 0.47843137 0.45882353 0.44705883
0.39607844 0.54901963 0.77254903 0.7529412 0.76862746 0.77254903 0.7607843 0.7294118 0.6 0.39215687 0.42352942 0.40784314 0.50980395 0.52156866 0.41960785 0.6509804 0.6862745 0.68235296 0.67058825 0.654902 0.64705884 0.63529414 0.62352943 0.60784316 0.5921569 0.5764706 0.5568628 0.53333336 0.5058824 0.48235294 0.4627451 0.44705883
0.57254905 0.7137255 0.8039216 0.7607843 0.7607843 0.74509805 0.7019608 0.6392157 0.59607846 0.4745098 0.50980395 0.5372549 0.5058824 0.5019608 0.40784314 0.58431375 0.64705884 0.5803922 0.6392157 0.6784314 0.6666667 0.64705884 0.63529414 0.61960787 0.6039216 0.5882353 0.5686275 0.54509807 0.5176471 0.49411765 0.4745098 0.45882353
0.6039216 0.7176471 0.8117647 0.76862746 0.78039217 0.53333336 0.2627451 0.4117647 0.6627451 0.56078434 0.53333336 0.70980394 0.7607843 0.5882353 0.47058824 0.7372549 0.62352943 0.3647059 0.42352942 0.45882353 0.54901963 0.65882355 0.64705884 0.627451 0.6117647 0.59607846 0.5803922 0.5568628 0.5372549 0.5058824 0.48235294 0.46666667
0.6627451 0.73333335 0.8117647 0.7882353 0.80784315 0.5686275 0.15294118 0.35686275 0.5372549 0.32156864 0.4117647 0.4117647 0.46666667 0.45490196 0.27450982 0.5137255 0.6117647 0.38039216 0.36078432 0.23921569 0.3137255 0.4509804 0.627451 0.63529414 0.6156863 0.6 0.58431375 0.5686275 0.54509807 0.5176471 0.49411765 0.47843137
0.70980394 0.75686276 0.81960785 0.79607844 0.8117647 0.5294118 0.13333334 0.34117648 0.74509805 0.67058825 0.33333334 0.11764706 0.13725491 0.4 0.6431373 0.7411765 0.65882355 0.27058825 0.39607844 0.3764706 0.21960784 0.09019608 0.3764706 0.6431373 0.61960787 0.6039216 0.5882353 0.5686275 0.5529412 0.5254902 0.49803922 0.4862745
0.7490196 0.75686276 0.8235294 0.8039216 0.79607844 0.54901963 0.3254902 0.4117647 0.7294118 0.5137255 0.14901961 0.14901961 0.09019608 0.20392157 0.6117647 0.8235294 0.8039216 0.40392157 0.21568628 0.13333334 0.06666667 0.21568628 0.45490196 0.6431373 0.62352943 0.6039216 0.5882353 0.57254905 0.5568628 0.5254902 0.49803922 0.4862745
0.7607843 0.7490196 0.8352941 0.8156863 0.8117647 0.8 0.6 0.4862745 0.4117647 0.12941177 0.1254902 0.078431375 0.11372549 0.14117648 0.1764706 0.3882353 0.75686276 0.4745098 0.05490196 0.19215687 0.44313726 0.6313726 0.6666667 0.6509804 0.6313726 0.6117647 0.59607846 0.58431375 0.5686275 0.54509807 0.5176471 0.49803922
0.7921569 0.7490196 0.84705883 0.83137256 0.827451 0.81960785 0.7921569 0.70980394 0.37254903 0.09411765 0.11372549 0.08627451 0.12156863 0.15294118 0.03137255 0.23921569 0.56078434 0.40392157 0.10980392 0.5411765 0.7176471 0.6784314 0.6666667 0.6509804 0.63529414 0.61960787 0.60784316 0.59607846 0.5803922 0.56078434 0.53333336 0.50980395
0.81960785 0.7372549 0.85490197 0.8352941 0.827451 0.8156863 0.8117647 0.7294118 0.53333336 0.38431373 0.27058825 0.22745098 0.20784314 0.1764706 0.27450982 0.5294118 0.6039216 0.54901963 0.31764707 0.59607846 0.7019608 0.6666667 0.6666667 0.6509804 0.63529414 0.61960787 0.60784316 0.59607846 0.5764706 0.5568628 0.53333336 0.5058824
0.80784315 0.73333335 0.8509804 0.83137256 0.8235294 0.8156863 0.8117647 0.72156864 0.65882355 0.83137256 0.8745098 0.73333335 0.58431375 0.69411767 0.87058824 0.8352941 0.68235296 0.7921569 0.6117647 0.47058824 0.6745098 0.68235296 0.67058825 0.65882355 0.6392157 0.62352943 0.6117647 0.59607846 0.5764706 0.5568628 0.5372549 0.5137255
0.827451 0.75686276 0.84313726 0.83137256 0.83137256 0.8235294 0.81960785 0.7294118 0.6627451 0.7921569 0.8901961 0.78039217 0.60784316 0.78039217 0.84705883 0.7254902 0.78431374 0.9137255 0.7176471 0.40784314 0.53333336 0.7058824 0.6745098 0.65882355 0.6431373 0.6313726 0.6117647 0.59607846 0.5764706 0.5568628 0.53333336 0.50980395
0.8392157 0.7647059 0.8392157 0.83137256 0.8352941 0.8235294 0.8235294 0.7254902 0.6745098 0.80784315 0.80784315 0.77254903 0.78431374 0.74509805 0.75686276 0.87058824 0.9411765 0.88235295 0.76862746 0.5686275 0.4392157 0.6313726 0.68235296 0.6509804 0.6431373 0.6313726 0.6117647 0.59607846 0.5764706 0.54901963 0.5254902 0.5137255
0.83137256 0.7372549 0.84705883 0.81960785 0.827451 0.8235294 0.81960785 0.73333335 0.6392157 0.80784315 0.92156863 0.9607843 0.9490196 0.9137255 0.93333334 0.96862745 0.9372549 0.92941177 0.89411765 0.7019608 0.5411765 0.5176471 0.60784316 0.6627451 0.6431373 0.6313726 0.6117647 0.59607846 0.5764706 0.5529412 0.5294118 0.50980395
0.8235294 0.7137255 0.84313726 0.80784315 0.81960785 0.8235294 0.81960785 0.7254902 0.6313726 0.7921569 0.8784314 0.9607843 0.9607843 0.92156863 0.94509804 0.9411765 0.94509804 0.9647059 0.9411765 0.8 0.62352943 0.5647059 0.38431373 0.5803922 0.6509804 0.62352943 0.6117647 0.59607846 0.5764706 0.54901963 0.52156866 0.5058824
0.827451 0.7137255 0.83137256 0.8039216 0.8156863 0.81960785 0.8156863 0.7254902 0.69411767 0.827451 0.84313726 0.8784314 0.85882354 0.80784315 0.8666667 0.8980392 0.93333334 0.96862745 0.9607843 0.85490197 0.60784316 0.5882353 0.34117648 0.3882353 0.65882355 0.627451 0.6117647 0.5921569 0.5686275 0.54509807 0.5254902 0.5137255
0.8039216 0.7058824 0.8039216 0.8 0.81960785 0.80784315 0.8039216 0.7176471 0.69803923 0.8235294 0.81960785 0.7176471 0.6745098 0.8039216 0.84313726 0.84313726 0.9137255 0.972549 0.9882353 0.8666667 0.59607846 0.52156866 0.40784314 0.25490198 0.48235294 0.6313726 0.6156863 0.5882353 0.5529412 0.53333336 0.5254902 0.5176471
0.7882353 0.7019608 0.7764706 0.7921569 0.8156863 0.79607844 0.8 0.7019608 0.6392157 0.8156863 0.827451 0.6666667 0.6745098 0.85490197 0.81960785 0.80784315 0.8666667 0.92941177 0.96862745 0.85490197 0.6117647 0.5019608 0.45490196 0.28627452 0.24705882 0.4509804 0.6 0.6 0.57254905 0.5372549 0.5137255 0.49803922
0.78039217 0.7019608 0.75686276 0.78039217 0.80784315 0.79607844 0.7921569 0.7019608 0.53333336 0.72156864 0.76862746 0.6509804 0.627451 0.80784315 0.8352941 0.8117647 0.8156863 0.8666667 0.92156863 0.83137256 0.6313726 0.5372549 0.4392157 0.32941177 0.26666668 0.27450982 0.40784314 0.58431375 0.5764706 0.54901963 0.5058824 0.4627451
0.7921569 0.7058824 0.72156864 0.7647059 0.8 0.7882353 0.78431374 0.6666667 0.39215687 0.654902 0.85490197 0.73333335 0.65882355 0.8 0.8980392 0.88235295 0.85490197 0.8862745 0.93333334 0.85490197 0.68235296 0.52156866 0.43137255 0.3647059 0.36862746 0.4117647 0.3372549 0.44705883 0.5058824 0.39607844 0.2627451 0.1882353
0.8 0.7019608 0.7294118 0.7372549 0.7529412 0.7882353 0.7764706 0.63529414 0.33333334 0.6901961 0.9254902 0.84705883 0.72156864 0.78431374 0.8862745 0.8666667 0.87058824 0.93333334 0.96862745 0.94509804 0.654902 0.40784314 0.44313726 0.4745098 0.5137255 0.5686275 0.48235294 0.28627452 0.21960784 0.14901961 0.08235294 0.05882353
0.80784315 0.64705884 0.7294118 0.7882353 0.7882353 0.827451 0.7882353 0.60784316 0.34509805 0.75686276 0.9647059 0.9019608 0.42352942 0.4745098 0.67058825 0.6666667 0.7019608 0.8039216 0.9607843 0.92941177 0.5686275 0.43529412 0.54509807 0.59607846 0.6313726 0.6117647 0.6 0.41568628 0.17254902 0.08235294 0.047058824 0.078431375
0.7921569 0.5764706 0.6862745 0.77254903 0.7019608 0.64705884 0.54509807 0.40392157 0.3019608 0.77254903 1.0 0.7607843 0.1882353 0.1882353 0.34901962 0.49019608 0.5058824 0.62352943 0.9411765 0.8784314 0.53333336 0.49803922 0.5254902 0.5882353 0.67058825 0.68235296 0.7411765 0.5764706 0.24313726 0.10980392 0.09803922 0.043137256
0.6901961 0.48235294 0.53333336 0.49411765 0.34117648 0.24705882 0.18431373 0.19215687 0.28627452 0.7490196 0.92941177 0.48235294 0.09803922 0.09019608 0.16078432 0.5019608 0.654902 0.69411767 0.9254902 0.79607844 0.40784314 0.39607844 0.38039216 0.43529412 0.6509804 0.7019608 0.7764706 0.6666667 0.34901962 0.12941177 0.105882354 0.050980393
0.27058825 0.21176471 0.16470589 0.11764706 0.105882354 0.1254902 0.101960786 0.12941177 0.3372549 0.7529412 0.70980394 0.25490198 0.12941177 0.11764706 0.09803922 0.36078432 0.6862745 0.8117647 0.90588236 0.7372549 0.31764707 0.28627452 0.2784314 0.30980393 0.45490196 0.5764706 0.6862745 0.6784314 0.4 0.19215687 0.14117648 0.08235294
0.10980392 0.12156863 0.10980392 0.08627451 0.09411765 0.1254902 0.09411765 0.11372549 0.3882353 0.7411765 0.52156866 0.14117648 0.1254902 0.1254902 0.09019608 0.18039216 0.40784314 0.7529412 0.8745098 0.65882355 0.20784314 0.14117648 0.14901961 0.13333334 0.19607843 0.2509804 0.29411766 0.34117648 0.23921569 0.25490198 0.22352941 0.11764706
0.13725491 0.13333334 0.12156863 0.12941177 0.15686275 0.14509805 0.10980392 0.20392157 0.58431375 0.8 0.38039216 0.1254902 0.09803922 0.08235294 0.101960786 0.1254902 0.2509804 0.6627451 0.83137256 0.5686275 0.1882353 0.14117648 0.08235294 0.06666667 0.078431375 0.07450981 0.07450981 0.12156863 0.1764706 0.32156864 0.28627452 0.12941177
0.12156863 0.11764706 0.1254902 0.14509805 0.13725491 0.14901961 0.2509804 0.49803922 0.81960785 0.7411765 0.2509804 0.12941177 0.105882354 0.10980392 0.14117648 0.101960786 0.22745098 0.63529414 0.8235294 0.5529412 0.16470589 0.10980392 0.105882354 0.13333334 0.13333334 0.09411765 0.08235294 0.11372549 0.13725491 0.1882353 0.1764706 0.11764706
0.15294118 0.14509805 0.13333334 0.12941177 0.15294118 0.2901961 0.50980395 0.654902 0.6431373 0.40784314 0.12941177 0.12156863 0.13333334 0.12941177 0.1764706 0.11372549 0.28235295 0.7411765 0.8352941 0.49411765 0.1764706 0.1254902 0.12156863 0.09803922 0.11372549 0.11764706 0.101960786 0.09019608 0.078431375 0.08235294 0.09803922 0.10980392
0.15686275 0.16078432 0.15294118 0.14509805 0.17254902 0.22352941 0.28627452 0.34117648 0.27058825 0.1764706 0.13333334 0.13333334 0.14901961 0.14509805 0.16862746 0.14901961 0.32156864 0.7529412 0.78431374 0.5294118 0.18431373 0.11764706 0.10980392 0.10980392 0.15294118 0.12156863 0.09411765 0.09803922 0.09803922 0.101960786 0.101960786 0.105882354
0.11764706 0.1254902 0.15294118 0.16470589 0.15294118 0.16078432 0.16862746 0.14509805 0.12156863 0.15294118 0.16862746 0.16862746 0.1764706 0.18431373 0.16078432 0.21176471 0.42745098 0.5882353 0.58431375 0.5764706 0.24705882 0.11372549 0.11764706 0.13333334 0.15686275 0.12941177 0.12941177 0.12156863 0.10980392 0.12156863 0.11372549 0.09803922
0.18431373 0.17254902 0.16470589 0.15294118 0.14509805 0.13333334 0.14509805 0.1764706 0.21568628 0.2 0.1764706 0.17254902 0.18039216 0.18039216 0.19215687 0.23137255 0.29411766 0.3529412 0.3529412 0.34901962 0.20784314 0.1764706 0.16470589 0.12941177 0.14901961 0.14509805 0.14901961 0.13333334 0.11764706 0.11764706 0.11764706 0.10980392
19 10 0
27 31 2
25 2 2
19 10 2
30 30 2
30 1 2
27 30 2
6 12 1
23 10 0
11 17 0
