32, 32, 3, 10
0.23529412 0.23529412 0.22745098 0.23921569 0.23529412 0.2509804 0.23921569 0.22745098 0.22352941 0.2 0.21568628 0.20784314 0.2 0.20392157 0.21568628 0.21568628 0.21176471 0.21568628 0.2 0.21176471 0.24705882 0.34117648 0.35686275 0.25882354 0.22352941 0.20784314 0.20784314 0.23137255 0.23921569 0.21960784 0.23921569 0.22745098
0.19607843 0.20392157 0.20784314 0.23921569 0.22745098 0.22745098 0.24705882 0.23529412 0.24313726 0.20784314 0.18431373 0.1882353 0.22352941 0.28627452 0.24705882 0.22352941 0.21568628 0.2 0.19607843 0.24705882 0.24313726 0.27450982 0.3529412 0.2627451 0.21960784 0.21960784 0.21960784 0.24313726 0.21176471 0.2 0.20392157 0.21568628
0.20392157 0.1882353 0.20784314 0.25490198 0.23921569 0.2 0.20784314 0.23137255 0.24705882 0.2 0.1882353 0.23921569 0.26666668 0.26666668 0.21568628 0.22745098 0.21960784 0.22745098 0.22352941 0.27450982 0.30980393 0.25490198 0.25882354 0.3254902 0.25490198 0.23529412 0.22745098 0.22745098 0.20784314 0.20784314 0.21960784 0.25882354
0.22745098 0.22352941 0.19607843 0.21176471 0.20392157 0.20392157 0.23529412 0.23921569 0.23137255 0.19607843 0.19215687 0.25490198 0.28627452 0.21176471 0.21960784 0.20784314 0.1882353 0.23529412 0.23529412 0.24705882 0.28627452 0.28627452 0.25490198 0.3019608 0.2784314 0.23529412 0.27450982 0.21960784 0.20392157 0.21568628 0.21176471 0.24705882
0.18039216 0.18431373 0.21960784 0.21568628 0.19215687 0.23137255 0.23529412 0.20784314 0.22745098 0.3019608 0.34509805 0.3764706 0.3137255 0.25882354 0.24313726 0.23529412 0.23137255 0.23137255 0.22352941 0.2 0.22352941 0.2627451 0.25490198 0.23137255 0.29411766 0.27058825 0.23921569 0.2 0.19607843 0.20784314 0.2 0.21176471
0.1764706 0.19215687 0.24313726 0.24705882 0.22352941 0.2509804 0.19607843 0.1764706 0.36078432 0.654902 0.8392157 0.8627451 0.74509805 0.5294118 0.26666668 0.21960784 0.23921569 0.25490198 0.2901961 0.3254902 0.27058825 0.24313726 0.25490198 0.27058825 0.37254903 0.3647059 0.25882354 0.24313726 0.3019608 0.24313726 0.21176471 0.20784314
0.21960784 0.21960784 0.2 0.21176471 0.21960784 0.19607843 0.16862746 0.2627451 0.5568628 0.60784316 0.654902 0.654902 0.6431373 0.7254902 0.49803922 0.4 0.47058824 0.5176471 0.50980395 0.5372549 0.3529412 0.28235295 0.29803923 0.34509805 0.43137255 0.42745098 0.34117648 0.32156864 0.36078432 0.2784314 0.28235295 0.24705882
0.22352941 0.21176471 0.21568628 0.2 0.16470589 0.18431373 0.23921569 0.34117648 0.42352942 0.41568628 0.4627451 0.3882353 0.45490196 0.61960787 0.6784314 0.6666667 0.654902 0.72156864 0.5921569 0.6666667 0.49019608 0.38039216 0.38431373 0.35686275 0.3529412 0.39607844 0.38039216 0.40784314 0.30588236 0.25882354 0.27058825 0.27450982
0.2784314 0.34117648 0.4627451 0.3137255 0.1882353 0.30588236 0.5764706 0.54509807 0.4862745 0.50980395 0.48235294 0.45490196 0.4117647 0.3882353 0.5882353 0.8 0.6745098 0.5686275 0.45882353 0.5019608 0.4509804 0.4392157 0.41960785 0.33333334 0.3019608 0.37254903 0.38431373 0.41960785 0.40784314 0.35686275 0.24705882 0.25490198
0.49803922 0.49019608 0.5647059 0.5254902 0.44705883 0.5882353 0.7294118 0.5294118 0.49803922 0.5882353 0.54509807 0.5764706 0.45882353 0.3372549 0.5254902 0.83137256 0.7921569 0.5764706 0.5137255 0.47058824 0.44705883 0.5019608 0.5529412 0.5058824 0.4117647 0.4392157 0.4117647 0.3882353 0.3647059 0.3647059 0.34117648 0.35686275
0.57254905 0.5254902 0.59607846 0.6392157 0.6784314 0.73333335 0.6509804 0.42745098 0.34509805 0.40784314 0.44313726 0.49411765 0.42352942 0.35686275 0.5764706 0.7764706 0.8235294 0.72156864 0.5647059 0.4862745 0.52156866 0.5176471 0.52156866 0.54509807 0.57254905 0.5529412 0.4862745 0.4745098 0.4745098 0.48235294 0.48235294 0.4862745
0.5882353 0.5411765 0.5372549 0.5568628 0.654902 0.6784314 0.59607846 0.39607844 0.26666668 0.25882354 0.27450982 0.3019608 0.29411766 0.38431373 0.6392157 0.6784314 0.69803923 0.7921569 0.6745098 0.5529412 0.5803922 0.5647059 0.5568628 0.58431375 0.6039216 0.5529412 0.5058824 0.5019608 0.5019608 0.52156866 0.5019608 0.49803922
0.5058824 0.4627451 0.41960785 0.45490196 0.58431375 0.6392157 0.5647059 0.3372549 0.25490198 0.27058825 0.27058825 0.2509804 0.24705882 0.3529412 0.57254905 0.6627451 0.74509805 0.84705883 0.72156864 0.627451 0.6313726 0.63529414 0.6509804 0.6745098 0.74509805 0.65882355 0.57254905 0.5686275 0.59607846 0.60784316 0.5803922 0.53333336
0.5137255 0.42745098 0.45490196 0.52156866 0.63529414 0.6509804 0.45490196 0.32156864 0.34901962 0.34901962 0.3254902 0.29411766 0.27450982 0.3019608 0.4862745 0.69803923 0.7764706 0.8039216 0.7137255 0.5764706 0.6156863 0.59607846 0.63529414 0.6431373 0.6431373 0.63529414 0.60784316 0.6117647 0.6862745 0.6784314 0.57254905 0.5058824
0.7137255 0.69803923 0.7607843 0.7921569 0.83137256 0.7372549 0.4745098 0.46666667 0.5882353 0.5764706 0.5686275 0.4627451 0.2901961 0.26666668 0.4509804 0.6509804 0.69803923 0.7294118 0.68235296 0.5137255 0.5254902 0.5294118 0.58431375 0.7019608 0.6666667 0.6313726 0.61960787 0.654902 0.6901961 0.7294118 0.58431375 0.5568628
0.85490197 0.8352941 0.8627451 0.8745098 0.84705883 0.8235294 0.77254903 0.62352943 0.69803923 0.6431373 0.58431375 0.49803922 0.3647059 0.41960785 0.5529412 0.6117647 0.5764706 0.60784316 0.56078434 0.41568628 0.4392157 0.48235294 0.5254902 0.6431373 0.7372549 0.67058825 0.64705884 0.7176471 0.68235296 0.72156864 0.7529412 0.80784315
0.8117647 0.80784315 0.8117647 0.7921569 0.7764706 0.7882353 0.7529412 0.6039216 0.61960787 0.5647059 0.52156866 0.54509807 0.56078434 0.654902 0.69411767 0.60784316 0.5882353 0.5372549 0.44705883 0.42745098 0.4509804 0.4745098 0.49411765 0.49411765 0.6392157 0.8117647 0.8117647 0.8117647 0.7921569 0.78039217 0.7764706 0.7882353
0.88235295 0.90588236 0.827451 0.78431374 0.78431374 0.8039216 0.73333335 0.627451 0.6117647 0.6 0.5882353 0.6666667 0.7019608 0.7294118 0.7019608 0.61960787 0.60784316 0.4509804 0.43137255 0.52156866 0.50980395 0.4745098 0.4509804 0.45490196 0.5137255 0.7019608 0.8392157 0.8117647 0.7411765 0.7137255 0.76862746 0.8156863
0.8666667 0.89411765 0.8980392 0.8352941 0.78431374 0.8352941 0.78431374 0.6666667 0.6901961 0.61960787 0.5294118 0.5568628 0.6039216 0.6509804 0.65882355 0.5921569 0.49019608 0.41568628 0.5372549 0.6156863 0.5647059 0.47843137 0.5176471 0.54509807 0.49019608 0.4862745 0.6627451 0.7411765 0.6745098 0.69803923 0.8 0.8901961
0.8980392 0.8745098 0.85882354 0.84313726 0.80784315 0.8666667 0.80784315 0.6862745 0.6862745 0.64705884 0.52156866 0.49803922 0.56078434 0.6039216 0.6156863 0.49411765 0.40392157 0.5019608 0.60784316 0.65882355 0.62352943 0.5254902 0.5764706 0.6 0.5176471 0.48235294 0.54901963 0.7764706 0.827451 0.84705883 0.9137255 0.9411765
0.84705883 0.7921569 0.81960785 0.8509804 0.8352941 0.89411765 0.8235294 0.7490196 0.68235296 0.6666667 0.61960787 0.56078434 0.5686275 0.6039216 0.63529414 0.48235294 0.4627451 0.59607846 0.6117647 0.65882355 0.65882355 0.5686275 0.5803922 0.5921569 0.5647059 0.5568628 0.49411765 0.6627451 0.8745098 0.8509804 0.89411765 0.8745098
0.8 0.8627451 0.9490196 0.90588236 0.8509804 0.85490197 0.85882354 0.78039217 0.68235296 0.654902 0.6 0.44313726 0.44705883 0.61960787 0.6745098 0.53333336 0.56078434 0.58431375 0.58431375 0.59607846 0.6392157 0.5921569 0.5647059 0.58431375 0.6 0.5686275 0.5411765 0.5882353 0.75686276 0.87058824 0.9254902 0.9372549
0.8627451 0.83137256 0.8392157 0.81960785 0.8235294 0.827451 0.84705883 0.8156863 0.6862745 0.6745098 0.62352943 0.45882353 0.48235294 0.6901961 0.72156864 0.6666667 0.5568628 0.49411765 0.5176471 0.5254902 0.58431375 0.61960787 0.6156863 0.6156863 0.5882353 0.57254905 0.6313726 0.6745098 0.70980394 0.84705883 0.8862745 0.84313726
0.84313726 0.8901961 0.8862745 0.8666667 0.85882354 0.827451 0.827451 0.69803923 0.5764706 0.6431373 0.68235296 0.5647059 0.53333336 0.69411767 0.6862745 0.7176471 0.54509807 0.47058824 0.48235294 0.4862745 0.5254902 0.5921569 0.6509804 0.6745098 0.6666667 0.6509804 0.68235296 0.65882355 0.65882355 0.80784315 0.8156863 0.7254902
0.87058824 0.89411765 0.9137255 0.8980392 0.8980392 0.8745098 0.84313726 0.6039216 0.49019608 0.5568628 0.6627451 0.63529414 0.63529414 0.72156864 0.6156863 0.5803922 0.5058824 0.4862745 0.50980395 0.49019608 0.50980395 0.5882353 0.7294118 0.85882354 0.827451 0.7372549 0.6431373 0.60784316 0.59607846 0.7764706 0.8117647 0.8
0.84313726 0.8392157 0.8901961 0.9137255 0.9019608 0.8901961 0.84313726 0.59607846 0.49019608 0.4392157 0.4862745 0.50980395 0.67058825 0.75686276 0.73333335 0.6392157 0.52156866 0.49019608 0.5176471 0.5137255 0.6039216 0.7411765 0.7764706 0.75686276 0.7490196 0.6784314 0.60784316 0.60784316 0.63529414 0.8117647 0.85882354 0.8980392
0.8352941 0.8352941 0.81960785 0.8745098 0.8235294 0.8 0.7372549 0.5686275 0.5019608 0.4509804 0.43137255 0.49803922 0.67058825 0.7764706 0.8039216 0.7607843 0.5411765 0.4627451 0.5372549 0.5921569 0.69803923 0.6901961 0.5568628 0.4862745 0.56078434 0.5647059 0.5921569 0.63529414 0.7058824 0.84705883 0.8980392 0.9098039
0.827451 0.78039217 0.8901961 0.87058824 0.76862746 0.72156864 0.60784316 0.52156866 0.48235294 0.49019608 0.49019608 0.5294118 0.6784314 0.78431374 0.79607844 0.77254903 0.67058825 0.49803922 0.49019608 0.47843137 0.48235294 0.4117647 0.35686275 0.37254903 0.41960785 0.54901963 0.5372549 0.6509804 0.8039216 0.85882354 0.88235295 0.8745098
0.8235294 0.8352941 0.92156863 0.87058824 0.7607843 0.73333335 0.7137255 0.6509804 0.5882353 0.48235294 0.48235294 0.53333336 0.70980394 0.7647059 0.7921569 0.75686276 0.69411767 0.58431375 0.54509807 0.5019608 0.49803922 0.39607844 0.41568628 0.49803922 0.49411765 0.61960787 0.62352943 0.67058825 0.84313726 0.8745098 0.8627451 0.8509804
0.80784315 0.8352941 0.8666667 0.79607844 0.7529412 0.8352941 0.84705883 0.7176471 0.67058825 0.6392157 0.5568628 0.5647059 0.69803923 0.7921569 0.75686276 0.7058824 0.61960787 0.5686275 0.5921569 0.62352943 0.6901961 0.67058825 0.6784314 0.7254902 0.72156864 0.7372549 0.8509804 0.85490197 0.85490197 0.85882354 0.8745098 0.8352941
0.89411765 0.8666667 0.8117647 0.7529412 0.72156864 0.78039217 0.81960785 0.827451 0.78039217 0.7529412 0.6901961 0.7019608 0.7882353 0.7490196 0.69803923 0.7372549 0.75686276 0.69411767 0.7882353 0.81960785 0.78431374 0.7254902 0.78039217 0.83137256 0.8666667 0.8784314 0.90588236 0.8980392 0.81960785 0.7921569 0.7647059 0.79607844
0.92941177 0.9019608 0.8745098 0.8745098 0.8117647 0.7647059 0.7529412 0.78431374 0.81960785 0.7372549 0.67058825 0.7607843 0.8627451 0.7019608 0.67058825 0.75686276 0.7411765 0.70980394 0.75686276 0.87058824 0.84705883 0.87058824 0.8666667 0.84705883 0.827451 0.8862745 0.8666667 0.7607843 0.6784314 0.8 0.7882353 0.827451
0.3019608 0.29803923 0.2901961 0.3019608 0.3019608 0.31764707 0.30980393 0.29411766 0.2901961 0.26666668 0.27450982 0.26666668 0.2627451 0.26666668 0.27058825 0.25490198 0.2509804 0.27058825 0.26666668 0.28627452 0.3137255 0.40784314 0.42352942 0.32941177 0.2901961 0.2784314 0.2784314 0.3019608 0.30588236 0.2901961 0.3019608 0.28235295
0.25882354 0.26666668 0.27058825 0.29803923 0.29411766 0.29411766 0.3137255 0.3019608 0.30980393 0.27450982 0.24705882 0.2509804 0.28627452 0.34901962 0.3019608 0.2627451 0.25882354 0.25490198 0.2627451 0.32156864 0.3137255 0.34509805 0.41960785 0.32941177 0.28627452 0.2784314 0.27450982 0.29803923 0.2627451 0.25490198 0.25490198 0.25882354
0.26666668 0.2509804 0.27058825 0.31764707 0.30588236 0.26666668 0.27450982 0.29803923 0.3137255 0.2627451 0.2509804 0.3019608 0.32941177 0.33333334 0.27450982 0.27058825 0.26666668 0.28235295 0.29411766 0.34901962 0.38431373 0.3254902 0.32941177 0.39607844 0.32156864 0.28627452 0.27058825 0.27058825 0.2509804 0.25490198 0.25882354 0.29411766
0.28627452 0.28627452 0.2627451 0.27450982 0.2784314 0.27450982 0.29411766 0.3019608 0.30588236 0.27058825 0.25490198 0.3137255 0.34117648 0.26666668 0.26666668 0.24705882 0.23529412 0.29411766 0.30980393 0.3254902 0.3529412 0.34901962 0.32156864 0.37254903 0.34901962 0.29411766 0.31764707 0.2627451 0.24313726 0.25490198 0.24705882 0.2784314
0.22352941 0.25882354 0.29803923 0.2784314 0.26666668 0.30980393 0.2901961 0.25882354 0.2901961 0.36862746 0.39607844 0.42352942 0.3529412 0.29411766 0.27450982 0.27450982 0.2784314 0.28627452 0.2901961 0.27058825 0.27058825 0.30588236 0.30588236 0.29411766 0.3647059 0.34509805 0.3137255 0.26666668 0.2509804 0.25490198 0.23529412 0.23921569
0.21960784 0.26666668 0.32156864 0.30980393 0.26666668 0.32156864 0.30980393 0.25490198 0.3372549 0.6039216 0.827451 0.85490197 0.74509805 0.53333336 0.28235295 0.2627451 0.28235295 0.28627452 0.30980393 0.34509805 0.31764707 0.29411766 0.29411766 0.29803923 0.39607844 0.42352942 0.32941177 0.30588236 0.3529412 0.28235295 0.23529412 0.21568628
0.2627451 0.29411766 0.2784314 0.27058825 0.24705882 0.2509804 0.2784314 0.30980393 0.47058824 0.45882353 0.53333336 0.53333336 0.5254902 0.6039216 0.41568628 0.4117647 0.4862745 0.5176471 0.49803922 0.5254902 0.38039216 0.31764707 0.31764707 0.34901962 0.42745098 0.46666667 0.40392157 0.36862746 0.4 0.30588236 0.3019608 0.2627451
0.2627451 0.28235295 0.29411766 0.25882354 0.20784314 0.21176471 0.24705882 0.3019608 0.33333334 0.3254902 0.38431373 0.29411766 0.33333334 0.46666667 0.54901963 0.627451 0.6313726 0.69411767 0.5686275 0.64705884 0.4745098 0.36862746 0.3764706 0.3529412 0.35686275 0.43529412 0.43137255 0.44313726 0.33333334 0.2784314 0.3019608 0.32941177
0.35686275 0.44313726 0.5647059 0.39607844 0.28235295 0.3254902 0.48235294 0.43137255 0.37254903 0.4392157 0.44313726 0.3764706 0.33333334 0.3019608 0.46666667 0.68235296 0.6039216 0.54901963 0.4627451 0.5137255 0.4745098 0.4745098 0.46666667 0.36862746 0.3254902 0.4117647 0.43137255 0.4627451 0.44705883 0.3882353 0.29803923 0.33333334
0.61960787 0.63529414 0.7019608 0.63529414 0.5686275 0.6 0.59607846 0.39215687 0.3647059 0.4745098 0.44313726 0.43137255 0.35686275 0.24313726 0.3647059 0.6431373 0.6901961 0.58431375 0.5921569 0.57254905 0.5647059 0.63529414 0.6901961 0.61960787 0.4862745 0.5254902 0.50980395 0.4862745 0.4627451 0.45882353 0.44313726 0.47058824
0.70980394 0.6862745 0.7490196 0.76862746 0.7882353 0.72156864 0.50980395 0.30588236 0.24313726 0.30588236 0.32941177 0.34901962 0.32156864 0.23529412 0.37254903 0.56078434 0.69803923 0.73333335 0.69803923 0.68235296 0.6901961 0.6901961 0.70980394 0.7176471 0.7176471 0.7137255 0.6627451 0.64705884 0.64705884 0.654902 0.6509804 0.6509804
0.74509805 0.7137255 0.7058824 0.69803923 0.7490196 0.6392157 0.44313726 0.2901961 0.2 0.1882353 0.18431373 0.2 0.23137255 0.26666668 0.41568628 0.45882353 0.5411765 0.73333335 0.73333335 0.6901961 0.70980394 0.7058824 0.7254902 0.74509805 0.74509805 0.72156864 0.7058824 0.69803923 0.69411767 0.7137255 0.6901961 0.6862745
0.67058825 0.6431373 0.59607846 0.6039216 0.6627451 0.5764706 0.40784314 0.23921569 0.20784314 0.23529412 0.22745098 0.20392157 0.23137255 0.25882354 0.3647059 0.45882353 0.5529412 0.69411767 0.6313726 0.6 0.6431373 0.6862745 0.74509805 0.78039217 0.84313726 0.7882353 0.7254902 0.7254902 0.7490196 0.7607843 0.7490196 0.7176471
0.6509804 0.5921569 0.6156863 0.6431373 0.6784314 0.59607846 0.34509805 0.21568628 0.2627451 0.2901961 0.2627451 0.21568628 0.23921569 0.23137255 0.30588236 0.4862745 0.5882353 0.6431373 0.5686275 0.43137255 0.45490196 0.5058824 0.65882355 0.7529412 0.78431374 0.76862746 0.7372549 0.7411765 0.8117647 0.8039216 0.73333335 0.7019608
0.7490196 0.7490196 0.8039216 0.8117647 0.84313726 0.72156864 0.39607844 0.34117648 0.44313726 0.41960785 0.37254903 0.29411766 0.23529412 0.24705882 0.34117648 0.44313726 0.5176471 0.58431375 0.5372549 0.3529412 0.33333334 0.34901962 0.48235294 0.7176471 0.79607844 0.78431374 0.7529412 0.77254903 0.7921569 0.8156863 0.6901961 0.6901961
0.85882354 0.8392157 0.87058824 0.8784314 0.88235295 0.8352941 0.69411767 0.4745098 0.5019608 0.4627451 0.4117647 0.32156864 0.2509804 0.3019608 0.34901962 0.39215687 0.39607844 0.45882353 0.41568628 0.26666668 0.28235295 0.27450982 0.29803923 0.5058824 0.74509805 0.76862746 0.7529412 0.8039216 0.74509805 0.7647059 0.7921569 0.8509804
0.8352941 0.80784315 0.8156863 0.8235294 0.81960785 0.7882353 0.6627451 0.44313726 0.41960785 0.4 0.3764706 0.35686275 0.3882353 0.42745098 0.39215687 0.37254903 0.4117647 0.3882353 0.30588236 0.27450982 0.28627452 0.2784314 0.27058825 0.3019608 0.50980395 0.7921569 0.84705883 0.84705883 0.83137256 0.827451 0.8156863 0.8156863
0.85490197 0.8509804 0.78039217 0.7647059 0.7921569 0.76862746 0.61960787 0.4509804 0.41960785 0.39607844 0.3529412 0.42352942 0.5137255 0.53333336 0.45882353 0.40392157 0.43529412 0.30588236 0.28627452 0.36078432 0.32941177 0.3019608 0.2901961 0.27450982 0.30588236 0.5803922 0.80784315 0.8235294 0.79607844 0.7921569 0.8352941 0.87058824
0.8352941 0.84705883 0.84313726 0.7764706 0.7607843 0.78431374 0.6392157 0.45490196 0.4509804 0.40784314 0.3372549 0.3529412 0.4 0.44313726 0.45490196 0.4117647 0.34117648 0.2784314 0.3882353 0.4392157 0.3764706 0.29411766 0.3372549 0.36078432 0.29411766 0.31764707 0.58431375 0.77254903 0.76862746 0.7882353 0.85882354 0.9254902
0.8666667 0.83137256 0.80784315 0.78431374 0.76862746 0.80784315 0.6784314 0.49411765 0.4509804 0.43137255 0.34117648 0.31764707 0.3647059 0.39215687 0.4 0.30980393 0.2509804 0.3647059 0.4509804 0.4745098 0.43137255 0.3372549 0.3882353 0.4117647 0.32941177 0.28235295 0.40784314 0.7372549 0.85490197 0.8901961 0.92941177 0.93333334
0.8156863 0.7490196 0.7647059 0.7921569 0.7764706 0.81960785 0.7176471 0.5921569 0.47058824 0.44705883 0.42745098 0.39215687 0.4 0.39607844 0.40392157 0.28627452 0.29803923 0.44705883 0.44705883 0.46666667 0.46666667 0.38039216 0.39215687 0.40392157 0.37254903 0.32941177 0.29411766 0.5411765 0.81960785 0.8352941 0.87058824 0.827451
0.77254903 0.81960785 0.89411765 0.84313726 0.77254903 0.77254903 0.77254903 0.654902 0.49411765 0.43137255 0.39215687 0.2901961 0.29803923 0.4117647 0.42352942 0.3254902 0.3882353 0.42352942 0.40784314 0.39607844 0.44313726 0.40392157 0.3764706 0.4 0.40784314 0.34509805 0.3254902 0.42745098 0.67058825 0.84705883 0.90588236 0.8901961
0.827451 0.7882353 0.7921569 0.7647059 0.7529412 0.7529412 0.7764706 0.7019608 0.49803922 0.45490196 0.42745098 0.29411766 0.32156864 0.49019608 0.49019608 0.45490196 0.37254903 0.32941177 0.34117648 0.32941177 0.39607844 0.43529412 0.42352942 0.42352942 0.39215687 0.3647059 0.41568628 0.47843137 0.57254905 0.79607844 0.8627451 0.8
0.79607844 0.84705883 0.84313726 0.81960785 0.80784315 0.78039217 0.77254903 0.5921569 0.39215687 0.44705883 0.50980395 0.3882353 0.34901962 0.5019608 0.4862745 0.5019608 0.35686275 0.30588236 0.3137255 0.29803923 0.33333334 0.39607844 0.44313726 0.45882353 0.44705883 0.44705883 0.46666667 0.42352942 0.4745098 0.7176471 0.7921569 0.7254902
0.8117647 0.8352941 0.85490197 0.84313726 0.85882354 0.8352941 0.78039217 0.5019608 0.34901962 0.39607844 0.5019608 0.4627451 0.44313726 0.52156866 0.40392157 0.3764706 0.32941177 0.32941177 0.34901962 0.3137255 0.30588236 0.37254903 0.5019608 0.62352943 0.5882353 0.52156866 0.43137255 0.39607844 0.43529412 0.6862745 0.7921569 0.8117647
0.7764706 0.77254903 0.827451 0.85490197 0.8509804 0.8235294 0.7372549 0.46666667 0.35686275 0.3019608 0.34117648 0.34509805 0.48235294 0.5372549 0.50980395 0.44705883 0.36078432 0.34901962 0.37254903 0.34901962 0.41568628 0.54509807 0.5686275 0.5372549 0.5254902 0.45882353 0.40392157 0.42745098 0.5019608 0.7254902 0.79607844 0.83137256
0.7607843 0.7607843 0.7411765 0.8 0.74509805 0.68235296 0.57254905 0.39607844 0.3529412 0.32156864 0.30588236 0.34117648 0.47843137 0.5529412 0.5764706 0.57254905 0.3882353 0.33333334 0.40392157 0.44313726 0.5411765 0.5294118 0.3882353 0.30980393 0.3764706 0.35686275 0.39607844 0.4862745 0.6 0.76862746 0.8392157 0.85882354
0.7607843 0.69803923 0.78431374 0.7529412 0.61960787 0.5568628 0.4509804 0.38039216 0.37254903 0.4117647 0.40784314 0.39215687 0.4862745 0.5568628 0.5647059 0.5686275 0.50980395 0.3764706 0.38431373 0.3647059 0.36862746 0.29803923 0.24313726 0.25882354 0.3019608 0.40784314 0.39607844 0.5294118 0.70980394 0.78039217 0.8235294 0.827451
0.7647059 0.7529412 0.8156863 0.7490196 0.6392157 0.6156863 0.60784316 0.56078434 0.5058824 0.40392157 0.3764706 0.36862746 0.49019608 0.5254902 0.56078434 0.56078434 0.54509807 0.48235294 0.45882353 0.4117647 0.40784314 0.30980393 0.32941177 0.40784314 0.40392157 0.5254902 0.52156866 0.57254905 0.7647059 0.8039216 0.80784315 0.80784315
0.74509805 0.7607843 0.78431374 0.7019608 0.69411767 0.79607844 0.7882353 0.6431373 0.5803922 0.5294118 0.40784314 0.36862746 0.46666667 0.56078434 0.54901963 0.54901963 0.50980395 0.49019608 0.52156866 0.5411765 0.6117647 0.59607846 0.6039216 0.64705884 0.64705884 0.65882355 0.77254903 0.7882353 0.79607844 0.80784315 0.84313726 0.827451
0.83137256 0.8039216 0.7529412 0.6901961 0.6784314 0.7411765 0.7647059 0.7490196 0.6862745 0.6431373 0.5568628 0.5372549 0.6156863 0.59607846 0.5647059 0.627451 0.6745098 0.6431373 0.7294118 0.7490196 0.7176471 0.65882355 0.7176471 0.7647059 0.8039216 0.81960785 0.85490197 0.85882354 0.7882353 0.76862746 0.7490196 0.78431374
0.85490197 0.8352941 0.83137256 0.827451 0.7411765 0.68235296 0.6666667 0.69803923 0.7294118 0.6509804 0.5803922 0.65882355 0.7607843 0.6313726 0.60784316 0.67058825 0.6784314 0.6666667 0.7019608 0.79607844 0.78039217 0.81960785 0.81960785 0.7882353 0.77254903 0.8352941 0.8235294 0.73333335 0.6627451 0.78431374 0.7607843 0.79607844
0.3647059 0.36078432 0.3529412 0.3647059 0.37254903 0.3882353 0.38039216 0.3647059 0.3647059 0.34117648 0.3529412 0.34509805 0.3372549 0.34117648 0.3529412 0.3529412 0.34901962 0.3647059 0.3529412 0.37254903 0.39215687 0.48235294 0.49803922 0.4 0.3647059 0.34901962 0.34901962 0.37254903 0.3764706 0.36078432 0.3764706 0.36078432
0.32156864 0.32941177 0.33333334 0.36078432 0.36078432 0.3647059 0.38431373 0.37254903 0.38039216 0.34117648 0.30980393 0.3137255 0.34901962 0.40784314 0.36862746 0.34509805 0.34117648 0.33333334 0.3372549 0.39215687 0.37254903 0.40392157 0.47843137 0.3882353 0.34509805 0.34509805 0.34901962 0.37254903 0.3372549 0.32941177 0.3254902 0.3254902
0.33333334 0.3137255 0.33333334 0.38039216 0.37254903 0.34117648 0.34509805 0.36862746 0.38431373 0.3254902 0.29803923 0.34901962 0.3764706 0.38039216 0.3254902 0.3372549 0.33333334 0.34509805 0.3529412 0.40392157 0.43137255 0.37254903 0.3764706 0.44313726 0.36862746 0.3529412 0.34901962 0.34901962 0.32941177 0.33333334 0.3254902 0.34901962
0.3529412 0.34901962 0.32156864 0.3372549 0.3372549 0.3372549 0.3647059 0.37254903 0.3764706 0.33333334 0.30980393 0.36862746 0.39215687 0.3137255 0.3137255 0.30588236 0.29803923 0.35686275 0.37254903 0.38431373 0.39607844 0.38431373 0.3647059 0.41960785 0.4 0.36078432 0.39215687 0.3372549 0.31764707 0.32941177 0.30980393 0.32941177
0.29411766 0.31764707 0.35686275 0.34117648 0.3254902 0.36862746 0.35686275 0.3254902 0.3529412 0.42745098 0.45882353 0.48235294 0.4117647 0.34509805 0.3254902 0.32156864 0.33333334 0.34509805 0.35686275 0.34117648 0.31764707 0.34901962 0.36078432 0.3529412 0.43137255 0.39607844 0.36078432 0.31764707 0.30588236 0.30980393 0.29411766 0.29803923
0.2901961 0.3254902 0.38039216 0.37254903 0.35686275 0.40392157 0.36078432 0.29411766 0.39215687 0.6392157 0.827451 0.85882354 0.75686276 0.54901963 0.30980393 0.30980393 0.3254902 0.32156864 0.3372549 0.36862746 0.36862746 0.34901962 0.34117648 0.3372549 0.42745098 0.45490196 0.3647059 0.34509805 0.39607844 0.3254902 0.2901961 0.28627452
0.33333334 0.3529412 0.3372549 0.3372549 0.3372549 0.33333334 0.32156864 0.34509805 0.5254902 0.50980395 0.5529412 0.5529412 0.54901963 0.6313726 0.44313726 0.43137255 0.49803922 0.5176471 0.48235294 0.5058824 0.4117647 0.36078432 0.34901962 0.3647059 0.4392157 0.4862745 0.43529412 0.40392157 0.43529412 0.34901962 0.35686275 0.3254902
0.3372549 0.34117648 0.3529412 0.3254902 0.2627451 0.26666668 0.3019608 0.36862746 0.40784314 0.4117647 0.48235294 0.37254903 0.3882353 0.5058824 0.56078434 0.5882353 0.58431375 0.654902 0.53333336 0.6156863 0.47058824 0.3764706 0.3882353 0.36862746 0.37254903 0.45882353 0.45882353 0.4745098 0.3647059 0.3137255 0.34901962 0.38039216
0.40784314 0.4862745 0.60784316 0.44705883 0.30588236 0.3529412 0.5411765 0.49803922 0.44705883 0.5254902 0.53333336 0.45882353 0.3882353 0.32941177 0.47843137 0.6627451 0.5764706 0.5254902 0.45490196 0.5176471 0.47843137 0.48235294 0.4862745 0.40784314 0.3764706 0.4392157 0.44313726 0.48235294 0.4745098 0.41960785 0.3372549 0.37254903
0.6313726 0.63529414 0.7058824 0.64705884 0.5764706 0.61960787 0.63529414 0.43137255 0.42745098 0.54509807 0.5058824 0.5019608 0.4 0.27450982 0.40392157 0.67058825 0.7019608 0.58431375 0.5921569 0.5764706 0.56078434 0.627451 0.6901961 0.6392157 0.5254902 0.5294118 0.49411765 0.4745098 0.46666667 0.4745098 0.4627451 0.49019608
0.6784314 0.6431373 0.7137255 0.7411765 0.7647059 0.7254902 0.5372549 0.33333334 0.29803923 0.3764706 0.39607844 0.41960785 0.3647059 0.2784314 0.42745098 0.6039216 0.7176471 0.72156864 0.65882355 0.627451 0.627451 0.61960787 0.64705884 0.67058825 0.6901961 0.6666667 0.60784316 0.6039216 0.6156863 0.6313726 0.6313726 0.6313726
0.69803923 0.65882355 0.654902 0.654902 0.70980394 0.62352943 0.45882353 0.30588236 0.24705882 0.2509804 0.24705882 0.25490198 0.2627451 0.30588236 0.47843137 0.50980395 0.5686275 0.73333335 0.69411767 0.627451 0.63529414 0.627451 0.64705884 0.68235296 0.69803923 0.654902 0.627451 0.6313726 0.6431373 0.67058825 0.6431373 0.6392157
0.6392157 0.6039216 0.5568628 0.57254905 0.62352943 0.5529412 0.41568628 0.2509804 0.24705882 0.28627452 0.27058825 0.23921569 0.24705882 0.29411766 0.42745098 0.5058824 0.59607846 0.7137255 0.627451 0.5764706 0.60784316 0.64705884 0.7019608 0.74509805 0.8156863 0.73333335 0.65882355 0.6666667 0.7019608 0.72156864 0.69803923 0.6509804
0.6156863 0.54509807 0.5686275 0.6117647 0.6627451 0.6039216 0.3647059 0.23529412 0.28235295 0.30980393 0.2901961 0.25490198 0.27058825 0.28627452 0.38431373 0.5372549 0.627451 0.6784314 0.6039216 0.46666667 0.46666667 0.49411765 0.627451 0.7137255 0.7490196 0.7372549 0.69803923 0.7058824 0.78431374 0.7764706 0.6784314 0.62352943
0.7372549 0.73333335 0.7882353 0.8039216 0.84313726 0.7254902 0.4117647 0.36078432 0.4627451 0.44705883 0.42745098 0.3529412 0.26666668 0.2784314 0.39607844 0.4862745 0.5568628 0.61960787 0.5882353 0.40784314 0.34901962 0.3529412 0.48235294 0.7019608 0.7607843 0.74509805 0.7176471 0.74509805 0.76862746 0.8 0.654902 0.6313726
0.85882354 0.8392157 0.8666667 0.8784314 0.8627451 0.81960785 0.69803923 0.49019608 0.5254902 0.49019608 0.45490196 0.36862746 0.27450982 0.32941177 0.40392157 0.43529412 0.43529412 0.49803922 0.4627451 0.3137255 0.3019608 0.3019608 0.34509805 0.53333336 0.73333335 0.73333335 0.7176471 0.77254903 0.7254902 0.7490196 0.77254903 0.81960785
0.827451 0.80784315 0.8156863 0.8117647 0.7921569 0.7647059 0.6627451 0.45490196 0.43137255 0.41568628 0.40392157 0.39215687 0.40784314 0.45490196 0.44313726 0.41960785 0.44705883 0.42745098 0.3529412 0.3254902 0.32156864 0.3137255 0.31764707 0.34117648 0.5294118 0.78431374 0.8235294 0.827451 0.80784315 0.8 0.7882353 0.7882353
0.8627451 0.87058824 0.79607844 0.76862746 0.77254903 0.7529412 0.61960787 0.45882353 0.41960785 0.41568628 0.40392157 0.47058824 0.5254902 0.53333336 0.48235294 0.44705883 0.47843137 0.34509805 0.3372549 0.41960785 0.38039216 0.3372549 0.32156864 0.30588236 0.34509805 0.6 0.8 0.8039216 0.75686276 0.7490196 0.8 0.84313726
0.84705883 0.8666667 0.85882354 0.79607844 0.7607843 0.78431374 0.654902 0.4745098 0.45882353 0.41960785 0.3647059 0.38039216 0.42745098 0.47058824 0.49019608 0.46666667 0.39215687 0.3254902 0.44313726 0.5019608 0.42745098 0.34117648 0.38039216 0.40392157 0.34117648 0.35686275 0.5921569 0.74509805 0.7176471 0.7411765 0.8352941 0.92941177
0.8745098 0.84705883 0.827451 0.8039216 0.78039217 0.81960785 0.69411767 0.50980395 0.4627451 0.44705883 0.3647059 0.3372549 0.39215687 0.42352942 0.44313726 0.36862746 0.3019608 0.40784314 0.49803922 0.53333336 0.48235294 0.38431373 0.43529412 0.45882353 0.3764706 0.32941177 0.4392157 0.73333335 0.827451 0.85490197 0.92156863 0.9529412
0.8235294 0.7647059 0.78431374 0.8117647 0.8039216 0.8509804 0.7411765 0.60784316 0.4862745 0.47058824 0.4509804 0.40784314 0.41568628 0.42745098 0.4509804 0.33333334 0.3372549 0.48235294 0.4862745 0.5137255 0.5137255 0.42745098 0.4392157 0.4509804 0.41960785 0.3882353 0.34509805 0.5647059 0.81960785 0.8235294 0.8784314 0.8627451
0.78039217 0.8352941 0.9137255 0.8666667 0.8156863 0.8156863 0.8 0.6745098 0.5137255 0.45882353 0.42352942 0.3019608 0.30588236 0.4392157 0.47058824 0.3647059 0.41960785 0.44705883 0.4392157 0.43529412 0.49019608 0.4509804 0.42352942 0.44705883 0.45882353 0.40392157 0.38431373 0.46666667 0.68235296 0.8392157 0.9137255 0.9254902
0.84705883 0.8117647 0.8156863 0.7882353 0.7921569 0.7921569 0.8 0.72156864 0.5294118 0.49019608 0.45490196 0.3137255 0.34117648 0.5294118 0.53333336 0.48235294 0.40392157 0.3647059 0.3764706 0.36862746 0.44313726 0.48235294 0.47058824 0.4627451 0.43137255 0.4 0.45490196 0.5137255 0.5921569 0.7882353 0.85490197 0.8117647
0.83137256 0.8784314 0.8745098 0.8509804 0.8352941 0.8 0.78431374 0.6117647 0.42745098 0.48235294 0.5372549 0.41568628 0.38431373 0.5411765 0.5176471 0.52156866 0.3882353 0.35686275 0.36078432 0.3372549 0.38431373 0.4509804 0.49019608 0.49411765 0.4745098 0.4627451 0.48235294 0.45490196 0.5019608 0.7176471 0.77254903 0.69803923
0.84705883 0.8745098 0.89411765 0.88235295 0.88235295 0.8509804 0.79607844 0.5176471 0.36862746 0.42745098 0.5372549 0.49803922 0.47843137 0.5529412 0.43137255 0.3882353 0.35686275 0.3764706 0.39215687 0.34901962 0.36078432 0.43137255 0.5529412 0.6666667 0.62352943 0.54509807 0.45490196 0.43137255 0.46666667 0.69803923 0.78039217 0.7882353
0.8156863 0.8117647 0.8666667 0.89411765 0.8784314 0.84705883 0.76862746 0.49411765 0.37254903 0.32941177 0.3882353 0.38431373 0.5137255 0.5647059 0.5254902 0.4509804 0.38431373 0.39215687 0.4117647 0.38039216 0.4627451 0.59607846 0.6156863 0.57254905 0.5529412 0.49019608 0.4392157 0.4627451 0.5294118 0.7490196 0.8117647 0.8509804
0.8039216 0.8039216 0.78431374 0.84313726 0.78039217 0.72156864 0.62352943 0.43529412 0.37254903 0.35686275 0.36078432 0.3882353 0.50980395 0.57254905 0.58431375 0.5764706 0.40784314 0.37254903 0.4392157 0.47058824 0.5803922 0.57254905 0.42352942 0.33333334 0.39607844 0.39215687 0.4392157 0.52156866 0.6313726 0.8 0.8627451 0.88235295
0.8039216 0.74509805 0.827451 0.79607844 0.6666667 0.6039216 0.49803922 0.42352942 0.40784314 0.45490196 0.46666667 0.44705883 0.5294118 0.5882353 0.5803922 0.5764706 0.5254902 0.40784314 0.42745098 0.41568628 0.41960785 0.34509805 0.28627452 0.29411766 0.3372549 0.4392157 0.44313726 0.59607846 0.76862746 0.8117647 0.8392157 0.84313726
0.8117647 0.79607844 0.85490197 0.78431374 0.6666667 0.6392157 0.6431373 0.59607846 0.54901963 0.44705883 0.41960785 0.4117647 0.5294118 0.5529412 0.5764706 0.57254905 0.56078434 0.5019608 0.49803922 0.46666667 0.45882353 0.35686275 0.3764706 0.45882353 0.4509804 0.5568628 0.5686275 0.6431373 0.8235294 0.83137256 0.81960785 0.8235294
0.79607844 0.8039216 0.8156863 0.7294118 0.69803923 0.79607844 0.8039216 0.67058825 0.627451 0.5647059 0.42745098 0.39215687 0.49411765 0.5764706 0.56078434 0.5647059 0.52156866 0.5058824 0.5411765 0.5764706 0.654902 0.63529414 0.64705884 0.6901961 0.6862745 0.69803923 0.8117647 0.827451 0.83137256 0.8392157 0.8627451 0.83137256
0.8784314 0.8392157 0.7764706 0.70980394 0.6784314 0.7411765 0.78039217 0.78039217 0.73333335 0.6745098 0.5647059 0.5568628 0.6392157 0.60784316 0.5764706 0.64705884 0.6862745 0.6431373 0.73333335 0.7607843 0.7529412 0.7019608 0.75686276 0.80784315 0.84313726 0.8666667 0.8901961 0.87058824 0.8 0.79607844 0.77254903 0.7882353
0.90588236 0.8745098 0.85490197 0.84313726 0.7529412 0.69803923 0.69411767 0.7294118 0.77254903 0.68235296 0.59607846 0.68235296 0.78431374 0.6509804 0.627451 0.69411767 0.69411767 0.6745098 0.7019608 0.8 0.8039216 0.84705883 0.84705883 0.8235294 0.8117647 0.8862745 0.8509804 0.72156864 0.6509804 0.80784315 0.79607844 0.8117647
16 25 2
29 6 2
29 2 0
17 2 1
21 1 2
15 3 0
29 2 1
28 2 1
11 7 1
14 3 1
