32, 32, 3, 10
0.43529412 0.40784314 0.49411765 0.6156863 0.49803922 0.49411765 0.54509807 0.5019608 0.48235294 0.5294118 0.4745098 0.5568628 0.8235294 0.77254903 0.7137255 0.6392157 0.5882353 0.68235296 0.6627451 0.70980394 0.65882355 0.654902 0.7294118 0.6 0.4509804 0.38431373 0.4745098 0.5882353 0.59607846 0.5019608 0.31764707 0.32941177
0.41960785 0.4117647 0.5568628 0.61960787 0.5254902 0.46666667 0.47058824 0.48235294 0.4745098 0.52156866 0.49411765 0.50980395 0.7490196 0.75686276 0.5686275 0.5411765 0.5294118 0.654902 0.64705884 0.6862745 0.7254902 0.6431373 0.6666667 0.57254905 0.44313726 0.4 0.43529412 0.5294118 0.58431375 0.50980395 0.4117647 0.42352942
0.40392157 0.50980395 0.57254905 0.52156866 0.49019608 0.4392157 0.49411765 0.47843137 0.5137255 0.5803922 0.54901963 0.52156866 0.6039216 0.5411765 0.54509807 0.5764706 0.4862745 0.54901963 0.65882355 0.68235296 0.6666667 0.68235296 0.627451 0.49803922 0.4392157 0.3254902 0.3137255 0.45490196 0.4745098 0.56078434 0.58431375 0.49411765
0.2901961 0.33333334 0.48235294 0.49411765 0.39607844 0.41960785 0.47843137 0.46666667 0.48235294 0.5647059 0.57254905 0.5411765 0.47058824 0.4862745 0.5803922 0.49803922 0.29411766 0.4862745 0.7294118 0.8156863 0.8156863 0.81960785 0.50980395 0.49019608 0.47843137 0.30980393 0.3764706 0.41568628 0.47058824 0.5372549 0.49803922 0.4627451
0.22352941 0.2784314 0.52156866 0.5568628 0.34901962 0.38039216 0.5176471 0.5803922 0.49411765 0.44313726 0.49019608 0.49411765 0.42745098 0.5686275 0.59607846 0.5803922 0.627451 0.80784315 0.7921569 0.7019608 0.7019608 0.5372549 0.36862746 0.70980394 0.5647059 0.3254902 0.40392157 0.4 0.47843137 0.5058824 0.49803922 0.6039216
0.20392157 0.2901961 0.44705883 0.47058824 0.31764707 0.32156864 0.5254902 0.56078434 0.49019608 0.40784314 0.4627451 0.5294118 0.64705884 0.8117647 0.8156863 0.7882353 0.7882353 0.8 0.6745098 0.5019608 0.42352942 0.3019608 0.36078432 0.85490197 0.85490197 0.5176471 0.38431373 0.41568628 0.52156866 0.45490196 0.46666667 0.59607846
0.19607843 0.20784314 0.38431373 0.37254903 0.32156864 0.29803923 0.42352942 0.42745098 0.4 0.49019608 0.6627451 0.7647059 0.74509805 0.6784314 0.60784316 0.52156866 0.4862745 0.4862745 0.42352942 0.37254903 0.34509805 0.32156864 0.36862746 0.78039217 0.9882353 0.80784315 0.5176471 0.47843137 0.5058824 0.39215687 0.42352942 0.49019608
0.21176471 0.21176471 0.3882353 0.44313726 0.50980395 0.43137255 0.3372549 0.5176471 0.6 0.6862745 0.59607846 0.49411765 0.39607844 0.36078432 0.38039216 0.40784314 0.44705883 0.39215687 0.3137255 0.34117648 0.33333334 0.34901962 0.4 0.7019608 0.9254902 0.9607843 0.65882355 0.45882353 0.5019608 0.39607844 0.4509804 0.44313726
0.22745098 0.28627452 0.46666667 0.5254902 0.60784316 0.627451 0.53333336 0.67058825 0.5294118 0.40392157 0.32156864 0.27058825 0.2901961 0.3254902 0.3529412 0.34901962 0.37254903 0.35686275 0.3254902 0.35686275 0.3529412 0.36862746 0.41568628 0.654902 0.8392157 0.9411765 0.84705883 0.49019608 0.4392157 0.39215687 0.45882353 0.45490196
0.27058825 0.53333336 0.7607843 0.7176471 0.77254903 0.78039217 0.6117647 0.43137255 0.25882354 0.27450982 0.2784314 0.2784314 0.29411766 0.31764707 0.32941177 0.3137255 0.34901962 0.38039216 0.3254902 0.34901962 0.36078432 0.3647059 0.3647059 0.5411765 0.67058825 0.7254902 0.9529412 0.6431373 0.34901962 0.3647059 0.3882353 0.3647059
0.5058824 0.7764706 0.90588236 0.88235295 0.73333335 0.52156866 0.3882353 0.28627452 0.25882354 0.28627452 0.26666668 0.2784314 0.27058825 0.3019608 0.3254902 0.3137255 0.3254902 0.35686275 0.3254902 0.32156864 0.3764706 0.38431373 0.3254902 0.35686275 0.49411765 0.56078434 0.8901961 0.85490197 0.38039216 0.30588236 0.26666668 0.22352941
0.7411765 0.69411767 0.77254903 0.64705884 0.4392157 0.3764706 0.34509805 0.26666668 0.26666668 0.2901961 0.28235295 0.28235295 0.27450982 0.29411766 0.3137255 0.32156864 0.3372549 0.35686275 0.33333334 0.34509805 0.40392157 0.40392157 0.3647059 0.3137255 0.36862746 0.49803922 0.76862746 0.9411765 0.52156866 0.24705882 0.1882353 0.18039216
0.54901963 0.58431375 0.5647059 0.44313726 0.3882353 0.36862746 0.3372549 0.28235295 0.2784314 0.28235295 0.28627452 0.27058825 0.28627452 0.29803923 0.30980393 0.34117648 0.34901962 0.35686275 0.3372549 0.38431373 0.40784314 0.39215687 0.3882353 0.35686275 0.3647059 0.50980395 0.6901961 0.9137255 0.63529414 0.28627452 0.24705882 0.2901961
0.5372549 0.5058824 0.45490196 0.40392157 0.37254903 0.34901962 0.33333334 0.2901961 0.27058825 0.28627452 0.27450982 0.25882354 0.28235295 0.28627452 0.29411766 0.34509805 0.34901962 0.36862746 0.3647059 0.39607844 0.39607844 0.38039216 0.4 0.4 0.40784314 0.47843137 0.6313726 0.85882354 0.7137255 0.36862746 0.41960785 0.42352942
0.47843137 0.38431373 0.38039216 0.33333334 0.34901962 0.3372549 0.31764707 0.2901961 0.26666668 0.28627452 0.27450982 0.25490198 0.27450982 0.2784314 0.27058825 0.3372549 0.3647059 0.4117647 0.41568628 0.4117647 0.3882353 0.38431373 0.40392157 0.41960785 0.4745098 0.49411765 0.54509807 0.7019608 0.8784314 0.58431375 0.58431375 0.5647059
0.40784314 0.36078432 0.34509805 0.2901961 0.31764707 0.30588236 0.29803923 0.27058825 0.27450982 0.2901961 0.2784314 0.25490198 0.2627451 0.28235295 0.27058825 0.3372549 0.4 0.46666667 0.49019608 0.45882353 0.41960785 0.4 0.40392157 0.43137255 0.49019608 0.5058824 0.47058824 0.49803922 0.7294118 0.8666667 0.7490196 0.73333335
0.40392157 0.3764706 0.36078432 0.29411766 0.30588236 0.29803923 0.29803923 0.25882354 0.27058825 0.29411766 0.2784314 0.2627451 0.25882354 0.3019608 0.30980393 0.3882353 0.4627451 0.53333336 0.57254905 0.5411765 0.47843137 0.4509804 0.43137255 0.45490196 0.46666667 0.4509804 0.40392157 0.42745098 0.44705883 0.7372549 0.80784315 0.7647059
0.3882353 0.36862746 0.37254903 0.3137255 0.3019608 0.3137255 0.30588236 0.26666668 0.2627451 0.29411766 0.28235295 0.2784314 0.28235295 0.34117648 0.3647059 0.4745098 0.5372549 0.6039216 0.6666667 0.65882355 0.5764706 0.5058824 0.4745098 0.46666667 0.46666667 0.43529412 0.36862746 0.31764707 0.3254902 0.39215687 0.7647059 0.7764706
0.3647059 0.3529412 0.36862746 0.32941177 0.29803923 0.28627452 0.3019608 0.2784314 0.28235295 0.30588236 0.3019608 0.30588236 0.3254902 0.38039216 0.42352942 0.56078434 0.5921569 0.6745098 0.7137255 0.7294118 0.7294118 0.63529414 0.5764706 0.5411765 0.49803922 0.41960785 0.31764707 0.2 0.1764706 0.17254902 0.5019608 0.74509805
0.36078432 0.34901962 0.3529412 0.3372549 0.29411766 0.2784314 0.30980393 0.3019608 0.30980393 0.32941177 0.34509805 0.35686275 0.3764706 0.41960785 0.49803922 0.6627451 0.6509804 0.68235296 0.7137255 0.73333335 0.74509805 0.7137255 0.69803923 0.6509804 0.5686275 0.49019608 0.32156864 0.16078432 0.10980392 0.14117648 0.23921569 0.50980395
0.36862746 0.34117648 0.34117648 0.32941177 0.2901961 0.2784314 0.32156864 0.32941177 0.32941177 0.36862746 0.39215687 0.40392157 0.43137255 0.49019608 0.5764706 0.6745098 0.6392157 0.69803923 0.72156864 0.7176471 0.6627451 0.6784314 0.7019608 0.68235296 0.64705884 0.60784316 0.45882353 0.21960784 0.12941177 0.13725491 0.19215687 0.3647059
0.3647059 0.34509805 0.3372549 0.32156864 0.28627452 0.27450982 0.3372549 0.35686275 0.38039216 0.42745098 0.43529412 0.44313726 0.48235294 0.5803922 0.6862745 0.7411765 0.654902 0.7490196 0.72156864 0.75686276 0.77254903 0.7882353 0.79607844 0.8156863 0.8 0.7764706 0.7294118 0.46666667 0.18431373 0.14901961 0.1764706 0.54901963
0.38431373 0.37254903 0.35686275 0.33333334 0.2901961 0.28627452 0.3529412 0.39607844 0.4392157 0.48235294 0.5058824 0.5137255 0.58431375 0.74509805 0.8039216 0.827451 0.7137255 0.7764706 0.827451 0.7921569 0.78431374 0.8352941 0.8745098 0.8745098 0.8745098 0.91764706 0.90588236 0.7294118 0.25490198 0.12941177 0.23921569 0.7176471
0.39607844 0.3882353 0.3764706 0.33333334 0.29803923 0.3019608 0.35686275 0.41960785 0.4862745 0.5254902 0.56078434 0.6 0.72156864 0.83137256 0.81960785 0.80784315 0.72156864 0.76862746 0.84313726 0.8509804 0.8039216 0.8392157 0.8117647 0.8 0.83137256 0.84313726 0.85490197 0.84705883 0.56078434 0.27450982 0.654902 0.8862745
0.4117647 0.40784314 0.39607844 0.34901962 0.31764707 0.31764707 0.36862746 0.43529412 0.52156866 0.5647059 0.6 0.68235296 0.77254903 0.8 0.78039217 0.7921569 0.69411767 0.69411767 0.7764706 0.81960785 0.7254902 0.80784315 0.77254903 0.79607844 0.8039216 0.79607844 0.87058824 0.8901961 0.84705883 0.7411765 0.8745098 0.83137256
0.41568628 0.41960785 0.4117647 0.35686275 0.3372549 0.34509805 0.39215687 0.4627451 0.5411765 0.6 0.69411767 0.69411767 0.79607844 0.83137256 0.76862746 0.7647059 0.6862745 0.7529412 0.77254903 0.7607843 0.7254902 0.7490196 0.74509805 0.84705883 0.77254903 0.7411765 0.81960785 0.79607844 0.81960785 0.827451 0.7764706 0.7294118
0.41960785 0.41960785 0.41960785 0.37254903 0.36078432 0.38431373 0.42745098 0.49019608 0.56078434 0.6666667 0.7921569 0.7529412 0.8784314 0.8392157 0.75686276 0.7647059 0.6431373 0.7607843 0.74509805 0.6745098 0.7019608 0.627451 0.7372549 0.8156863 0.72156864 0.7294118 0.7411765 0.73333335 0.7647059 0.78431374 0.69803923 0.7411765
0.43529412 0.43137255 0.4509804 0.39215687 0.3764706 0.41568628 0.45882353 0.5137255 0.5921569 0.7176471 0.79607844 0.8039216 0.8862745 0.78431374 0.7529412 0.7882353 0.65882355 0.7254902 0.78039217 0.7176471 0.67058825 0.68235296 0.8117647 0.78431374 0.7176471 0.7411765 0.7137255 0.76862746 0.7607843 0.7490196 0.6392157 0.7372549
0.4509804 0.45490196 0.49803922 0.45490196 0.41960785 0.45882353 0.49019608 0.54509807 0.6431373 0.7490196 0.81960785 0.8352941 0.8627451 0.78039217 0.8117647 0.7294118 0.64705884 0.6745098 0.78431374 0.7490196 0.6745098 0.73333335 0.7490196 0.67058825 0.6392157 0.60784316 0.6117647 0.61960787 0.63529414 0.5294118 0.45882353 0.5764706
0.46666667 0.47843137 0.5254902 0.5411765 0.5058824 0.5176471 0.5254902 0.6039216 0.80784315 0.8156863 0.8156863 0.8235294 0.7921569 0.6431373 0.5764706 0.49019608 0.47058824 0.47058824 0.5411765 0.52156866 0.4862745 0.6 0.5176471 0.40392157 0.46666667 0.54901963 0.5372549 0.49803922 0.5764706 0.5254902 0.6 0.5921569
0.48235294 0.5058824 0.5529412 0.5803922 0.5921569 0.5882353 0.5803922 0.6745098 0.9019608 0.85490197 0.7372549 0.7058824 0.65882355 0.4745098 0.3764706 0.4117647 0.44705883 0.47843137 0.47843137 0.42745098 0.5137255 0.5294118 0.5803922 0.58431375 0.6745098 0.7254902 0.6627451 0.64705884 0.73333335 0.7254902 0.7882353 0.74509805
0.5372549 0.5568628 0.59607846 0.60784316 0.6117647 0.62352943 0.6156863 0.6901961 0.81960785 0.8117647 0.68235296 0.6431373 0.64705884 0.6117647 0.67058825 0.6784314 0.6117647 0.5372549 0.57254905 0.59607846 0.6784314 0.68235296 0.83137256 0.8235294 0.7529412 0.76862746 0.7882353 0.7411765 0.7882353 0.80784315 0.8117647 0.83137256
0.4627451 0.42352942 0.5058824 0.627451 0.5058824 0.5019608 0.5647059 0.5176471 0.5019608 0.5686275 0.5254902 0.6156863 0.87058824 0.8235294 0.76862746 0.6862745 0.62352943 0.7176471 0.69803923 0.7490196 0.69803923 0.7058824 0.7921569 0.65882355 0.50980395 0.4627451 0.5568628 0.6666667 0.67058825 0.5764706 0.38039216 0.38431373
0.4509804 0.43137255 0.57254905 0.6392157 0.54509807 0.4862745 0.49411765 0.5058824 0.5058824 0.5647059 0.54901963 0.5686275 0.8117647 0.8235294 0.63529414 0.6039216 0.5803922 0.7058824 0.7019608 0.74509805 0.7647059 0.6862745 0.7176471 0.60784316 0.49803922 0.5019608 0.5411765 0.6392157 0.69411767 0.59607846 0.4862745 0.48235294
0.43529412 0.53333336 0.5882353 0.54901963 0.5176471 0.46666667 0.5254902 0.5176471 0.56078434 0.6313726 0.6039216 0.5764706 0.6666667 0.60784316 0.6117647 0.63529414 0.5254902 0.5882353 0.7058824 0.7294118 0.7019608 0.7176471 0.6666667 0.5137255 0.47843137 0.42352942 0.41960785 0.57254905 0.5921569 0.64705884 0.6627451 0.5686275
0.31764707 0.35686275 0.49803922 0.52156866 0.43529412 0.4509804 0.5137255 0.50980395 0.5372549 0.61960787 0.61960787 0.5764706 0.5058824 0.5372549 0.6392157 0.5529412 0.3137255 0.5019608 0.7490196 0.827451 0.827451 0.8392157 0.5294118 0.4862745 0.49411765 0.3882353 0.46666667 0.5254902 0.5803922 0.62352943 0.58431375 0.54509807
0.2509804 0.29803923 0.5411765 0.5921569 0.3882353 0.4117647 0.54509807 0.62352943 0.5529412 0.49803922 0.5411765 0.53333336 0.4509804 0.5921569 0.61960787 0.59607846 0.62352943 0.80784315 0.79607844 0.7019608 0.7137255 0.5529412 0.36862746 0.6862745 0.57254905 0.3882353 0.47843137 0.4862745 0.5764706 0.6 0.59607846 0.7058824
0.22745098 0.3137255 0.4745098 0.5176471 0.3647059 0.35686275 0.5529412 0.6 0.5411765 0.4509804 0.5058824 0.5686275 0.6666667 0.8156863 0.80784315 0.76862746 0.7764706 0.79607844 0.6784314 0.50980395 0.44705883 0.31764707 0.34509805 0.8352941 0.8627451 0.5686275 0.4509804 0.49411765 0.6117647 0.5568628 0.5803922 0.7137255
0.21960784 0.23137255 0.4117647 0.42745098 0.38431373 0.34901962 0.47058824 0.47058824 0.43137255 0.5176471 0.6862745 0.78431374 0.7529412 0.6784314 0.6 0.5058824 0.4862745 0.49019608 0.43137255 0.39215687 0.34901962 0.30588236 0.34509805 0.7764706 1.0 0.8392157 0.5803922 0.56078434 0.6 0.49411765 0.5294118 0.6
0.23921569 0.23921569 0.41960785 0.49803922 0.57254905 0.48235294 0.3764706 0.5411765 0.60784316 0.69411767 0.6 0.49411765 0.3882353 0.3529412 0.3764706 0.40392157 0.44313726 0.39215687 0.31764707 0.3529412 0.32941177 0.32156864 0.36862746 0.69411767 0.9254902 0.9647059 0.7019608 0.5372549 0.59607846 0.4862745 0.5411765 0.53333336
0.25882354 0.31764707 0.5019608 0.5686275 0.64705884 0.654902 0.54509807 0.6666667 0.52156866 0.39215687 0.30588236 0.25490198 0.26666668 0.30980393 0.34901962 0.34901962 0.3529412 0.32941177 0.30980393 0.34901962 0.3529412 0.3529412 0.3764706 0.62352943 0.8235294 0.92941177 0.87058824 0.56078434 0.5411765 0.47843137 0.5372549 0.5254902
0.2901961 0.54509807 0.78431374 0.7372549 0.78431374 0.7882353 0.6117647 0.41568628 0.23137255 0.24705882 0.2509804 0.2509804 0.27450982 0.30588236 0.3254902 0.30980393 0.32156864 0.3372549 0.2901961 0.3254902 0.36078432 0.35686275 0.3254902 0.5019608 0.6431373 0.70980394 0.95686275 0.69411767 0.4392157 0.44705883 0.45882353 0.42745098
0.5019608 0.7490196 0.89411765 0.8745098 0.7254902 0.5254902 0.40392157 0.28235295 0.21960784 0.2509804 0.23137255 0.24705882 0.25882354 0.28627452 0.3019608 0.28627452 0.29411766 0.31764707 0.28627452 0.30980393 0.37254903 0.36862746 0.30588236 0.32941177 0.46666667 0.54509807 0.8862745 0.87058824 0.43529412 0.38039216 0.32941177 0.28235295
0.7294118 0.6627451 0.7529412 0.6313726 0.42745098 0.37254903 0.3529412 0.25490198 0.23137255 0.25490198 0.24705882 0.2509804 0.24313726 0.25490198 0.26666668 0.26666668 0.29411766 0.30980393 0.28627452 0.32156864 0.39215687 0.3882353 0.34117648 0.28235295 0.3372549 0.47843137 0.7607843 0.9490196 0.5568628 0.30588236 0.24313726 0.23137255
0.54509807 0.57254905 0.54901963 0.43137255 0.3764706 0.35686275 0.3254902 0.25882354 0.24313726 0.24705882 0.2509804 0.23921569 0.24313726 0.24313726 0.24705882 0.27058825 0.29411766 0.29411766 0.27450982 0.34509805 0.39215687 0.3764706 0.3647059 0.32156864 0.3254902 0.48235294 0.6745098 0.9137255 0.654902 0.31764707 0.29803923 0.3372549
0.5647059 0.5294118 0.45882353 0.39607844 0.36078432 0.32941177 0.3019608 0.25490198 0.23529412 0.2509804 0.24313726 0.22745098 0.23921569 0.23529412 0.23137255 0.27450982 0.28235295 0.2901961 0.28627452 0.34509805 0.3764706 0.36862746 0.3764706 0.3647059 0.3647059 0.44313726 0.60784316 0.84705883 0.7137255 0.38039216 0.46666667 0.4745098
0.53333336 0.4392157 0.39607844 0.33333334 0.33333334 0.30588236 0.27450982 0.24313726 0.23137255 0.2509804 0.23529412 0.21960784 0.23921569 0.23529412 0.22352941 0.28235295 0.29411766 0.32156864 0.32941177 0.34901962 0.36862746 0.3764706 0.38431373 0.3882353 0.42745098 0.4509804 0.52156866 0.6901961 0.8745098 0.5882353 0.63529414 0.61960787
0.4509804 0.4 0.35686275 0.28627452 0.30588236 0.28627452 0.26666668 0.23137255 0.23529412 0.24313726 0.22352941 0.19607843 0.20784314 0.23137255 0.22745098 0.29411766 0.33333334 0.36862746 0.38431373 0.38431373 0.39607844 0.39607844 0.3882353 0.4 0.44705883 0.4627451 0.4509804 0.5058824 0.7490196 0.8901961 0.8039216 0.8039216
0.4392157 0.40392157 0.3647059 0.28235295 0.2901961 0.27450982 0.26666668 0.21960784 0.22745098 0.23921569 0.21176471 0.19215687 0.2 0.23921569 0.23921569 0.3137255 0.39215687 0.44705883 0.4862745 0.4862745 0.44705883 0.42352942 0.40392157 0.42745098 0.43529412 0.41568628 0.3882353 0.43137255 0.4627451 0.7607843 0.85882354 0.8392157
0.42352942 0.39607844 0.3764706 0.29803923 0.2784314 0.2784314 0.26666668 0.22352941 0.21176471 0.23529412 0.21176471 0.20784314 0.22352941 0.26666668 0.26666668 0.36078432 0.46666667 0.5568628 0.6313726 0.64705884 0.54509807 0.45882353 0.43529412 0.43529412 0.4392157 0.40784314 0.34509805 0.29803923 0.30588236 0.39215687 0.7921569 0.8392157
0.39607844 0.38431373 0.36862746 0.30980393 0.26666668 0.24705882 0.25490198 0.22745098 0.22745098 0.24313726 0.22745098 0.23137255 0.25882354 0.3019608 0.3254902 0.4509804 0.5294118 0.6627451 0.7411765 0.7647059 0.73333335 0.6156863 0.54901963 0.50980395 0.45882353 0.38431373 0.28235295 0.16862746 0.15294118 0.16470589 0.5137255 0.78431374
0.39215687 0.3764706 0.35686275 0.30980393 0.25882354 0.23137255 0.25490198 0.24705882 0.2509804 0.26666668 0.26666668 0.27450982 0.29803923 0.34509805 0.42745098 0.59607846 0.6117647 0.7019608 0.78039217 0.8039216 0.8039216 0.7490196 0.69803923 0.6156863 0.50980395 0.43137255 0.28235295 0.14117648 0.101960786 0.13333334 0.23921569 0.5372549
0.39215687 0.36078432 0.3529412 0.3137255 0.25882354 0.23529412 0.26666668 0.27058825 0.2784314 0.30980393 0.32156864 0.32156864 0.34509805 0.4117647 0.52156866 0.63529414 0.61960787 0.7137255 0.77254903 0.78039217 0.7137255 0.7058824 0.7019608 0.6627451 0.6 0.5372549 0.40784314 0.19215687 0.11764706 0.1254902 0.1764706 0.3647059
0.3764706 0.35686275 0.34901962 0.31764707 0.25882354 0.23529412 0.2784314 0.29803923 0.3254902 0.3647059 0.36078432 0.35686275 0.39215687 0.5019608 0.6313726 0.7058824 0.63529414 0.7411765 0.7254902 0.77254903 0.78431374 0.78431374 0.78431374 0.8117647 0.78039217 0.7254902 0.6862745 0.42352942 0.14509805 0.1254902 0.15686275 0.5294118
0.3882353 0.37254903 0.36078432 0.3254902 0.26666668 0.24705882 0.29803923 0.32941177 0.3647059 0.40392157 0.41960785 0.42745098 0.5058824 0.6784314 0.7607843 0.8039216 0.6901961 0.7529412 0.80784315 0.77254903 0.78039217 0.8392157 0.87058824 0.87058824 0.8745098 0.9098039 0.8784314 0.68235296 0.2 0.10980392 0.22745098 0.7058824
0.39607844 0.3882353 0.3764706 0.3254902 0.2784314 0.2627451 0.3019608 0.34509805 0.39607844 0.4392157 0.47843137 0.5254902 0.65882355 0.78039217 0.7882353 0.7921569 0.7176471 0.7647059 0.83137256 0.83137256 0.8117647 0.8627451 0.83137256 0.8156863 0.85490197 0.87058824 0.8509804 0.8156863 0.5176471 0.27058825 0.65882355 0.8901961
0.40392157 0.4 0.3882353 0.3372549 0.29803923 0.2784314 0.31764707 0.36862746 0.4392157 0.49411765 0.5411765 0.627451 0.7294118 0.76862746 0.76862746 0.8039216 0.7294118 0.7294118 0.79607844 0.8235294 0.74509805 0.84705883 0.8039216 0.81960785 0.8392157 0.8352941 0.8862745 0.88235295 0.8352941 0.7529412 0.8980392 0.8509804
0.40392157 0.40784314 0.40392157 0.3529412 0.32156864 0.30588236 0.3372549 0.39607844 0.46666667 0.54509807 0.654902 0.65882355 0.75686276 0.80784315 0.7647059 0.78431374 0.7254902 0.7882353 0.8039216 0.7921569 0.7647059 0.7882353 0.7764706 0.8666667 0.8 0.7882353 0.8509804 0.8156863 0.8392157 0.85882354 0.8117647 0.75686276
0.40392157 0.40392157 0.4117647 0.37254903 0.34117648 0.32941177 0.3647059 0.42352942 0.49803922 0.6313726 0.76862746 0.7137255 0.8352941 0.80784315 0.7411765 0.7647059 0.63529414 0.75686276 0.7647059 0.72156864 0.7490196 0.6627451 0.75686276 0.81960785 0.7372549 0.77254903 0.7764706 0.75686276 0.7882353 0.8156863 0.7254902 0.7490196
0.41568628 0.4117647 0.43137255 0.38039216 0.34901962 0.35686275 0.39215687 0.4509804 0.5372549 0.6901961 0.76862746 0.7607843 0.8352941 0.74509805 0.7254902 0.7647059 0.6156863 0.6862745 0.7647059 0.7254902 0.6862745 0.6862745 0.80784315 0.77254903 0.7137255 0.7529412 0.7137255 0.7529412 0.74509805 0.7490196 0.6392157 0.7254902
0.43137255 0.42745098 0.45882353 0.42352942 0.37254903 0.39215687 0.42352942 0.49019608 0.6 0.7294118 0.79607844 0.7921569 0.8235294 0.7372549 0.76862746 0.6901961 0.5882353 0.6156863 0.7372549 0.70980394 0.6392157 0.69803923 0.7176471 0.6392157 0.6117647 0.57254905 0.5647059 0.5647059 0.5764706 0.48235294 0.41568628 0.5294118
0.44705883 0.44313726 0.47058824 0.49019608 0.44313726 0.44313726 0.45882353 0.5568628 0.78039217 0.8039216 0.7882353 0.7764706 0.75686276 0.6 0.52156866 0.43137255 0.40784314 0.4117647 0.47843137 0.45882353 0.4117647 0.5254902 0.45490196 0.3529412 0.41568628 0.49019608 0.4745098 0.42352942 0.49411765 0.44705883 0.5294118 0.53333336
0.45490196 0.45882353 0.4862745 0.5176471 0.5176471 0.5058824 0.50980395 0.6313726 0.88235295 0.84705883 0.70980394 0.6509804 0.6156863 0.41568628 0.3019608 0.3254902 0.3882353 0.43137255 0.42352942 0.36078432 0.42745098 0.4392157 0.5019608 0.5176471 0.6156863 0.6666667 0.5921569 0.5686275 0.6509804 0.6509804 0.72156864 0.69411767
0.48235294 0.4862745 0.5294118 0.54901963 0.53333336 0.5294118 0.5411765 0.6392157 0.7764706 0.7764706 0.6392157 0.59607846 0.6 0.5568628 0.6039216 0.6156863 0.57254905 0.5019608 0.52156866 0.5372549 0.6156863 0.61960787 0.7764706 0.76862746 0.7019608 0.70980394 0.70980394 0.6666667 0.7294118 0.7529412 0.7490196 0.77254903
0.4117647 0.35686275 0.42352942 0.54901963 0.44705883 0.4392157 0.45882353 0.40784314 0.4117647 0.48235294 0.47843137 0.61960787 0.90588236 0.78431374 0.654902 0.5411765 0.4745098 0.5647059 0.5372549 0.57254905 0.5294118 0.6 0.7529412 0.63529414 0.4627451 0.35686275 0.36862746 0.42352942 0.42352942 0.3882353 0.26666668 0.32941177
0.3764706 0.34117648 0.4627451 0.5411765 0.4745098 0.41960785 0.39607844 0.4 0.40392157 0.44705883 0.4392157 0.49803922 0.78039217 0.7529412 0.5411765 0.5137255 0.4745098 0.5647059 0.5254902 0.5568628 0.5882353 0.56078434 0.6627451 0.57254905 0.41960785 0.34901962 0.34117648 0.39215687 0.42745098 0.36862746 0.31764707 0.38431373
0.3529412 0.43529412 0.4745098 0.4392157 0.43529412 0.39607844 0.43529412 0.40784314 0.44313726 0.49411765 0.47058824 0.45882353 0.52156866 0.4745098 0.5372549 0.61960787 0.47058824 0.46666667 0.54901963 0.5803922 0.5411765 0.5803922 0.5803922 0.42352942 0.34509805 0.2509804 0.23137255 0.34509805 0.34117648 0.40392157 0.44705883 0.40392157
0.2509804 0.27058825 0.39607844 0.4117647 0.34117648 0.3764706 0.42745098 0.4 0.4 0.4745098 0.49803922 0.47843137 0.36862746 0.39215687 0.5254902 0.4862745 0.26666668 0.4117647 0.6313726 0.75686276 0.7607843 0.78039217 0.4862745 0.40784314 0.36078432 0.22352941 0.30980393 0.3372549 0.35686275 0.39215687 0.34117648 0.32156864
0.19607843 0.23529412 0.45490196 0.49019608 0.31764707 0.3647059 0.47058824 0.49803922 0.4 0.3529412 0.41568628 0.43529412 0.3529412 0.48235294 0.5058824 0.49803922 0.5647059 0.74509805 0.73333335 0.6784314 0.7137255 0.5411765 0.3372549 0.654902 0.48235294 0.23137255 0.32941177 0.30980393 0.3647059 0.3882353 0.34509805 0.43529412
0.1764706 0.2627451 0.39215687 0.4117647 0.29411766 0.3137255 0.46666667 0.4627451 0.39607844 0.32156864 0.38431373 0.45490196 0.5764706 0.7411765 0.7490196 0.7176471 0.7254902 0.75686276 0.654902 0.5058824 0.4509804 0.2901961 0.28627452 0.8117647 0.81960785 0.4392157 0.28235295 0.2901961 0.39607844 0.3529412 0.3254902 0.42352942
0.16470589 0.17254902 0.3254902 0.3019608 0.27450982 0.26666668 0.35686275 0.3372549 0.3137255 0.40784314 0.5921569 0.7019608 0.69803923 0.63529414 0.5686275 0.48235294 0.45490196 0.4627451 0.42745098 0.40392157 0.3647059 0.2901961 0.2901961 0.7254902 0.9764706 0.76862746 0.39607844 0.32941177 0.38431373 0.27058825 0.2784314 0.33333334
0.1764706 0.17254902 0.32156864 0.3647059 0.4392157 0.37254903 0.2627451 0.43137255 0.5254902 0.61960787 0.5372549 0.44313726 0.35686275 0.33333334 0.3647059 0.39607844 0.41960785 0.37254903 0.32156864 0.37254903 0.34509805 0.30980393 0.3254902 0.6313726 0.8980392 0.93333334 0.5529412 0.31764707 0.3764706 0.2627451 0.30980393 0.32156864
0.18431373 0.24313726 0.39215687 0.4392157 0.52156866 0.54509807 0.45490196 0.59607846 0.46666667 0.34509805 0.27058825 0.22745098 0.24313726 0.2901961 0.3372549 0.34117648 0.32156864 0.3019608 0.3019608 0.35686275 0.3529412 0.34117648 0.34117648 0.5529412 0.75686276 0.89411765 0.7921569 0.3882353 0.29803923 0.25882354 0.3372549 0.3764706
0.21568628 0.47058824 0.69803923 0.6392157 0.6862745 0.69803923 0.5411765 0.36862746 0.2 0.21568628 0.22745098 0.22745098 0.2509804 0.28235295 0.30980393 0.2901961 0.28235295 0.29803923 0.26666668 0.31764707 0.34901962 0.3372549 0.2901961 0.42745098 0.54901963 0.6509804 0.9254902 0.5882353 0.21960784 0.2627451 0.31764707 0.3372549
0.44313726 0.6901961 0.85882354 0.827451 0.6627451 0.4627451 0.3372549 0.23921569 0.20392157 0.22352941 0.19607843 0.21568628 0.24705882 0.27058825 0.28235295 0.25882354 0.2627451 0.2784314 0.24705882 0.2901961 0.35686275 0.34117648 0.2509804 0.25490198 0.3764706 0.45490196 0.84313726 0.8352941 0.3019608 0.25882354 0.2627451 0.24313726
0.6901961 0.6039216 0.69411767 0.5803922 0.3764706 0.31764707 0.29411766 0.21568628 0.21568628 0.23137255 0.21176471 0.21176471 0.21960784 0.22745098 0.23137255 0.22745098 0.25490198 0.25882354 0.23529412 0.29411766 0.38039216 0.36862746 0.30588236 0.23137255 0.27058825 0.3882353 0.70980394 0.9254902 0.45882353 0.20784314 0.19215687 0.19607843
0.52156866 0.5254902 0.4745098 0.36862746 0.32941177 0.30980393 0.2784314 0.22745098 0.23137255 0.22352941 0.21568628 0.19607843 0.20392157 0.20392157 0.19607843 0.21568628 0.23921569 0.23137255 0.21176471 0.30588236 0.37254903 0.36078432 0.34117648 0.29411766 0.28235295 0.4 0.61960787 0.9019608 0.5882353 0.23137255 0.23137255 0.28627452
0.5529412 0.50980395 0.41568628 0.34901962 0.3254902 0.29411766 0.27058825 0.23529412 0.22352941 0.22745098 0.20784314 0.18431373 0.20392157 0.19607843 0.18431373 0.21960784 0.21960784 0.21568628 0.21568628 0.29411766 0.3372549 0.32941177 0.34117648 0.33333334 0.3254902 0.3647059 0.54509807 0.84705883 0.6745098 0.28235295 0.3764706 0.38431373
0.53333336 0.44705883 0.39215687 0.30588236 0.3019608 0.28235295 0.25490198 0.23137255 0.21960784 0.22745098 0.20392157 0.18431373 0.21176471 0.20392157 0.18039216 0.23137255 0.22352941 0.23921569 0.24705882 0.2901961 0.30980393 0.31764707 0.33333334 0.34509805 0.3882353 0.37254903 0.45490196 0.69411767 0.8509804 0.47058824 0.5058824 0.48235294
0.45882353 0.41568628 0.35686275 0.26666668 0.28627452 0.25882354 0.23529412 0.21176471 0.22745098 0.23921569 0.21568628 0.1882353 0.19607843 0.19607843 0.16470589 0.21176471 0.24313726 0.26666668 0.28235295 0.29411766 0.3254902 0.3372549 0.33333334 0.35686275 0.4 0.3882353 0.39215687 0.48235294 0.7254902 0.79607844 0.6313726 0.59607846
0.4509804 0.41568628 0.35686275 0.2627451 0.26666668 0.24313726 0.22745098 0.19215687 0.21176471 0.23137255 0.20784314 0.18431373 0.17254902 0.1882353 0.16078432 0.21568628 0.28235295 0.32156864 0.3529412 0.36078432 0.35686275 0.34901962 0.3372549 0.36862746 0.38039216 0.36862746 0.34509805 0.40392157 0.44705883 0.7254902 0.7137255 0.6117647
0.43529412 0.40784314 0.37254903 0.27450982 0.24705882 0.24313726 0.22745098 0.18039216 0.18039216 0.20784314 0.1882353 0.18039216 0.1764706 0.19607843 0.1764706 0.2509804 0.3372549 0.39607844 0.45882353 0.49019608 0.4117647 0.34509805 0.3372549 0.34901962 0.38039216 0.38039216 0.3254902 0.28627452 0.31764707 0.41960785 0.7176471 0.63529414
0.4117647 0.39607844 0.3647059 0.28235295 0.23137255 0.20784314 0.20784314 0.17254902 0.16862746 0.1882353 0.1764706 0.18039216 0.1882353 0.20784314 0.20784314 0.31764707 0.36862746 0.46666667 0.52156866 0.5647059 0.54509807 0.4392157 0.40392157 0.3882353 0.3764706 0.34117648 0.2627451 0.16862746 0.1764706 0.20784314 0.49411765 0.6392157
0.40392157 0.3882353 0.3529412 0.28235295 0.21960784 0.1882353 0.20392157 0.18039216 0.1764706 0.19215687 0.2 0.20392157 0.21176471 0.23137255 0.28235295 0.42352942 0.42352942 0.4745098 0.5294118 0.57254905 0.56078434 0.50980395 0.5058824 0.47058824 0.39607844 0.34901962 0.23529412 0.14117648 0.12156863 0.14901961 0.24313726 0.44705883
0.40784314 0.3764706 0.36078432 0.29803923 0.22352941 0.19215687 0.21176471 0.20392157 0.20392157 0.22745098 0.23529412 0.23137255 0.24705882 0.30588236 0.38039216 0.4627451 0.42352942 0.49019608 0.5254902 0.5372549 0.48235294 0.50980395 0.5529412 0.52156866 0.46666667 0.43137255 0.33333334 0.1764706 0.13725491 0.12156863 0.18431373 0.32156864
0.39215687 0.36862746 0.36078432 0.30980393 0.23137255 0.19215687 0.22352941 0.22745098 0.23921569 0.27058825 0.25882354 0.24705882 0.2901961 0.4117647 0.52156866 0.5686275 0.4745098 0.5764706 0.56078434 0.60784316 0.62352943 0.67058825 0.7176471 0.7137255 0.6666667 0.6313726 0.6039216 0.39215687 0.15686275 0.1254902 0.16470589 0.5137255
0.39215687 0.3764706 0.36078432 0.30980393 0.23137255 0.2 0.23529412 0.24313726 0.25490198 0.2901961 0.29803923 0.3019608 0.39215687 0.5921569 0.6784314 0.69803923 0.5647059 0.63529414 0.70980394 0.69803923 0.6627451 0.72156864 0.79607844 0.78431374 0.78039217 0.83137256 0.80784315 0.63529414 0.18039216 0.09411765 0.21176471 0.6745098
0.38039216 0.37254903 0.3647059 0.29803923 0.23137255 0.20392157 0.23137255 0.24705882 0.26666668 0.3137255 0.3529412 0.39607844 0.5372549 0.6901961 0.70980394 0.6901961 0.56078434 0.6039216 0.7019608 0.7294118 0.64705884 0.6745098 0.6784314 0.6745098 0.7294118 0.76862746 0.7647059 0.7372549 0.44705883 0.21568628 0.5921569 0.81960785
0.38039216 0.37254903 0.3647059 0.3019608 0.24705882 0.21568628 0.23529412 0.25882354 0.30588236 0.3647059 0.41960785 0.50980395 0.60784316 0.6627451 0.65882355 0.65882355 0.5372549 0.53333336 0.6156863 0.654902 0.54509807 0.62352943 0.6156863 0.67058825 0.6862745 0.6784314 0.7647059 0.76862746 0.7137255 0.6431373 0.7647059 0.72156864
0.3764706 0.38039216 0.3764706 0.30980393 0.25882354 0.22745098 0.24313726 0.28235295 0.34117648 0.43137255 0.54901963 0.5411765 0.6392157 0.6862745 0.62352943 0.60784316 0.54901963 0.62352943 0.63529414 0.6039216 0.56078434 0.5882353 0.60784316 0.7411765 0.6509804 0.58431375 0.6901961 0.6627451 0.68235296 0.7137255 0.6392157 0.59607846
0.3882353 0.39215687 0.4 0.3372549 0.2627451 0.23137255 0.25882354 0.3019608 0.3764706 0.54901963 0.6745098 0.5882353 0.73333335 0.69411767 0.60784316 0.6117647 0.49019608 0.6313726 0.627451 0.53333336 0.5529412 0.48235294 0.5921569 0.6745098 0.5764706 0.57254905 0.58431375 0.5686275 0.6117647 0.654902 0.5294118 0.57254905
0.4 0.39607844 0.41568628 0.33333334 0.26666668 0.25490198 0.28627452 0.34117648 0.43529412 0.6156863 0.6784314 0.6431373 0.75686276 0.65882355 0.62352943 0.6509804 0.5019608 0.5803922 0.64705884 0.5764706 0.5372549 0.54901963 0.6666667 0.627451 0.56078434 0.58431375 0.54901963 0.59607846 0.58431375 0.57254905 0.42745098 0.5294118
0.41568628 0.40392157 0.43137255 0.36862746 0.28627452 0.2901961 0.3254902 0.40392157 0.5254902 0.654902 0.7019608 0.68235296 0.70980394 0.627451 0.65882355 0.5764706 0.49803922 0.5294118 0.6431373 0.6156863 0.5568628 0.6117647 0.6117647 0.5137255 0.48235294 0.45490196 0.4509804 0.45490196 0.47058824 0.37254903 0.28235295 0.4
0.43137255 0.4117647 0.42745098 0.42745098 0.35686275 0.34509805 0.37254903 0.49411765 0.7294118 0.73333335 0.7019608 0.6784314 0.6313726 0.4862745 0.41960785 0.34117648 0.34117648 0.3372549 0.40784314 0.4117647 0.3647059 0.46666667 0.38431373 0.27058825 0.32941177 0.41568628 0.4 0.3529412 0.43529412 0.41568628 0.49411765 0.48235294
0.4392157 0.42352942 0.43529412 0.44705883 0.42745098 0.4117647 0.42745098 0.5803922 0.84313726 0.7764706 0.627451 0.57254905 0.54509807 0.3647059 0.27450982 0.30980393 0.34509805 0.3647059 0.36078432 0.3372549 0.39215687 0.38039216 0.4509804 0.4745098 0.5686275 0.6156863 0.5411765 0.52156866 0.6117647 0.627451 0.69411767 0.6431373
0.45882353 0.44313726 0.46666667 0.4745098 0.45882353 0.45882353 0.47058824 0.5764706 0.72156864 0.7058824 0.5686275 0.5176471 0.50980395 0.5137255 0.58431375 0.5764706 0.50980395 0.4509804 0.49019608 0.5137255 0.5686275 0.5568628 0.7176471 0.7176471 0.654902 0.6666667 0.654902 0.61960787 0.6862745 0.6901961 0.68235296 0.6901961
11 27 1
23 26 0
23 27 0
23 26 2
24 30 1
24 29 1
10 2 1
12 14 1
24 27 0
16 31 1
