32, 32, 3, 10
0.92941177 0.91764706 0.9137255 0.92156863 0.92941177 0.92941177 0.9254902 0.9254902 0.9254902 0.9254902 0.9254902 0.9098039 0.87058824 0.9019608 0.90588236 0.90588236 0.91764706 0.9254902 0.92941177 0.9254902 0.92156863 0.92941177 0.91764706 0.9137255 0.9137255 0.91764706 0.92156863 0.91764706 0.92156863 0.91764706 0.90588236 0.89411765
0.93333334 0.92941177 0.92941177 0.93333334 0.93333334 0.9372549 0.9372549 0.93333334 0.93333334 0.93333334 0.9372549 0.9098039 0.8901961 0.90588236 0.88235295 0.89411765 0.9254902 0.93333334 0.93333334 0.9254902 0.9254902 0.92941177 0.91764706 0.91764706 0.92941177 0.92941177 0.92941177 0.9254902 0.93333334 0.92941177 0.9137255 0.8980392
0.9411765 0.93333334 0.93333334 0.9372549 0.9372549 0.9372549 0.93333334 0.93333334 0.92941177 0.92941177 0.9372549 0.9019608 0.8901961 0.92941177 0.9019608 0.8862745 0.91764706 0.93333334 0.9372549 0.90588236 0.9137255 0.9254902 0.92156863 0.92156863 0.93333334 0.93333334 0.93333334 0.92941177 0.92941177 0.92156863 0.9098039 0.8980392
0.9411765 0.92156863 0.93333334 0.9372549 0.9372549 0.93333334 0.93333334 0.93333334 0.9254902 0.9254902 0.93333334 0.9019608 0.8862745 0.93333334 0.93333334 0.92156863 0.90588236 0.9098039 0.93333334 0.89411765 0.89411765 0.92941177 0.9254902 0.9254902 0.9372549 0.9372549 0.93333334 0.93333334 0.92941177 0.91764706 0.9098039 0.89411765
0.9411765 0.92156863 0.92941177 0.9372549 0.9411765 0.9411765 0.9372549 0.93333334 0.9254902 0.9254902 0.92941177 0.8980392 0.8862745 0.92156863 0.93333334 0.93333334 0.9254902 0.91764706 0.91764706 0.8784314 0.9019608 0.9137255 0.92941177 0.93333334 0.9411765 0.9411765 0.9372549 0.93333334 0.92941177 0.91764706 0.9098039 0.8901961
0.9372549 0.92941177 0.93333334 0.9372549 0.9372549 0.93333334 0.92156863 0.92941177 0.92941177 0.92941177 0.92941177 0.8901961 0.8666667 0.91764706 0.9098039 0.92156863 0.92941177 0.92941177 0.92941177 0.85490197 0.8980392 0.90588236 0.91764706 0.9372549 0.9411765 0.9411765 0.93333334 0.92941177 0.9254902 0.91764706 0.90588236 0.8901961
0.93333334 0.93333334 0.93333334 0.93333334 0.9372549 0.9372549 0.89411765 0.8980392 0.9098039 0.92941177 0.93333334 0.87058824 0.8627451 0.9372549 0.8980392 0.8980392 0.9372549 0.93333334 0.92941177 0.84705883 0.8666667 0.92156863 0.88235295 0.9372549 0.9411765 0.9372549 0.93333334 0.9254902 0.9254902 0.9137255 0.90588236 0.8901961
0.93333334 0.93333334 0.93333334 0.9372549 0.94509804 0.9411765 0.8862745 0.90588236 0.8901961 0.9137255 0.92941177 0.84313726 0.8352941 0.93333334 0.92941177 0.92156863 0.9137255 0.92941177 0.93333334 0.8352941 0.8784314 0.9098039 0.91764706 0.9254902 0.9411765 0.9372549 0.93333334 0.9254902 0.9254902 0.9137255 0.8980392 0.8862745
0.9372549 0.93333334 0.93333334 0.9411765 0.94509804 0.9372549 0.87058824 0.91764706 0.9254902 0.91764706 0.91764706 0.7921569 0.77254903 0.93333334 0.93333334 0.93333334 0.92156863 0.9137255 0.92156863 0.8235294 0.9137255 0.9098039 0.9137255 0.92156863 0.93333334 0.9411765 0.93333334 0.9254902 0.92156863 0.9098039 0.89411765 0.88235295
0.9372549 0.93333334 0.93333334 0.9372549 0.9372549 0.93333334 0.8392157 0.8980392 0.92941177 0.92941177 0.9254902 0.7647059 0.7411765 0.93333334 0.9372549 0.9411765 0.94509804 0.93333334 0.9019608 0.75686276 0.9019608 0.93333334 0.90588236 0.92156863 0.92156863 0.9372549 0.93333334 0.9254902 0.91764706 0.90588236 0.8901961 0.88235295
0.9372549 0.93333334 0.93333334 0.9372549 0.9411765 0.92941177 0.8392157 0.89411765 0.92156863 0.92941177 0.92941177 0.7764706 0.7137255 0.9137255 0.9372549 0.9411765 0.94509804 0.94509804 0.91764706 0.69803923 0.85882354 0.94509804 0.92156863 0.9137255 0.91764706 0.92156863 0.93333334 0.9254902 0.91764706 0.90588236 0.8901961 0.88235295
0.9372549 0.93333334 0.93333334 0.9372549 0.9372549 0.9254902 0.81960785 0.90588236 0.89411765 0.91764706 0.92941177 0.78431374 0.78431374 0.89411765 0.9254902 0.9372549 0.9411765 0.9372549 0.91764706 0.70980394 0.8117647 0.93333334 0.9411765 0.9137255 0.91764706 0.91764706 0.9254902 0.9254902 0.91764706 0.90588236 0.8901961 0.8784314
0.9372549 0.93333334 0.93333334 0.93333334 0.93333334 0.92156863 0.7607843 0.90588236 0.9098039 0.9098039 0.91764706 0.77254903 0.81960785 0.8980392 0.90588236 0.92941177 0.9372549 0.93333334 0.9019608 0.7372549 0.8235294 0.90588236 0.93333334 0.9254902 0.9137255 0.9098039 0.90588236 0.91764706 0.91764706 0.9019608 0.8862745 0.8745098
0.9372549 0.93333334 0.93333334 0.93333334 0.9372549 0.91764706 0.7490196 0.8901961 0.9411765 0.91764706 0.8980392 0.76862746 0.8117647 0.90588236 0.89411765 0.8980392 0.94509804 0.93333334 0.8862745 0.75686276 0.85882354 0.89411765 0.91764706 0.9372549 0.89411765 0.9019608 0.8745098 0.90588236 0.9137255 0.8980392 0.8862745 0.87058824
0.9372549 0.93333334 0.92941177 0.93333334 0.9411765 0.92156863 0.7921569 0.8784314 0.90588236 0.92156863 0.88235295 0.7647059 0.81960785 0.9137255 0.9098039 0.9019608 0.9254902 0.93333334 0.8784314 0.7607843 0.89411765 0.8666667 0.9137255 0.92156863 0.92156863 0.9137255 0.8980392 0.89411765 0.90588236 0.89411765 0.8862745 0.87058824
0.9372549 0.93333334 0.93333334 0.9372549 0.9411765 0.9137255 0.7882353 0.8980392 0.8862745 0.90588236 0.8784314 0.73333335 0.81960785 0.9254902 0.89411765 0.92156863 0.9019608 0.93333334 0.87058824 0.7411765 0.9019608 0.8784314 0.9019608 0.92156863 0.92156863 0.9098039 0.9137255 0.89411765 0.8901961 0.89411765 0.88235295 0.8666667
0.9372549 0.93333334 0.93333334 0.93333334 0.9372549 0.90588236 0.79607844 0.91764706 0.92156863 0.8980392 0.85490197 0.6901961 0.78431374 0.9411765 0.8784314 0.9137255 0.91764706 0.90588236 0.8392157 0.7058824 0.9098039 0.9137255 0.8784314 0.92941177 0.9019608 0.8901961 0.9019608 0.90588236 0.88235295 0.88235295 0.8745098 0.8627451
0.9372549 0.93333334 0.93333334 0.92941177 0.93333334 0.9019608 0.7647059 0.9098039 0.9254902 0.91764706 0.8509804 0.6784314 0.7921569 0.9372549 0.90588236 0.90588236 0.93333334 0.8980392 0.8156863 0.6392157 0.8980392 0.9372549 0.8745098 0.9098039 0.9137255 0.88235295 0.89411765 0.9019608 0.8980392 0.8745098 0.87058824 0.85882354
0.9372549 0.93333334 0.92941177 0.9254902 0.93333334 0.8862745 0.68235296 0.8862745 0.93333334 0.9254902 0.8627451 0.63529414 0.73333335 0.9372549 0.91764706 0.9019608 0.93333334 0.92156863 0.7607843 0.6 0.89411765 0.9411765 0.8980392 0.8627451 0.92941177 0.9098039 0.89411765 0.8901961 0.90588236 0.8784314 0.85882354 0.8627451
0.93333334 0.92941177 0.92941177 0.9254902 0.93333334 0.8627451 0.6156863 0.87058824 0.93333334 0.92156863 0.85490197 0.63529414 0.68235296 0.8980392 0.9254902 0.9019608 0.9137255 0.9098039 0.7372549 0.5686275 0.8666667 0.9372549 0.9137255 0.8352941 0.9098039 0.92156863 0.9019608 0.88235295 0.8901961 0.88235295 0.85490197 0.85490197
0.92941177 0.92156863 0.9254902 0.9254902 0.93333334 0.85490197 0.5803922 0.8509804 0.93333334 0.9137255 0.8392157 0.7058824 0.7372549 0.8352941 0.8901961 0.92156863 0.89411765 0.87058824 0.7607843 0.6117647 0.827451 0.92941177 0.92156863 0.8627451 0.88235295 0.92156863 0.9137255 0.88235295 0.8784314 0.88235295 0.8666667 0.84705883
0.9254902 0.92156863 0.9254902 0.9254902 0.93333334 0.84705883 0.6 0.827451 0.9372549 0.90588236 0.81960785 0.7490196 0.7921569 0.8235294 0.81960785 0.8666667 0.8666667 0.88235295 0.7764706 0.7019608 0.84313726 0.8745098 0.9254902 0.9019608 0.85882354 0.9137255 0.9098039 0.8980392 0.8666667 0.8745098 0.8784314 0.83137256
0.92156863 0.8784314 0.9098039 0.9254902 0.9254902 0.8627451 0.6862745 0.8392157 0.9137255 0.90588236 0.8352941 0.7529412 0.81960785 0.85882354 0.87058824 0.8039216 0.84313726 0.8901961 0.77254903 0.7411765 0.8862745 0.8352941 0.8980392 0.92156863 0.8627451 0.8901961 0.9098039 0.90588236 0.88235295 0.84313726 0.827451 0.7921569
0.8901961 0.79607844 0.8862745 0.92156863 0.92156863 0.8666667 0.7019608 0.85490197 0.8784314 0.8901961 0.8392157 0.72156864 0.8 0.8745098 0.90588236 0.8784314 0.84705883 0.8509804 0.7647059 0.7372549 0.87058824 0.87058824 0.85882354 0.90588236 0.8862745 0.8666667 0.90588236 0.8862745 0.8392157 0.7921569 0.80784315 0.827451
0.8392157 0.8039216 0.87058824 0.91764706 0.9254902 0.85490197 0.7019608 0.8509804 0.9019608 0.8627451 0.8352941 0.73333335 0.79607844 0.8627451 0.8862745 0.9019608 0.8784314 0.84705883 0.76862746 0.75686276 0.8745098 0.9137255 0.87058824 0.8666667 0.90588236 0.85882354 0.8352941 0.8117647 0.8 0.8156863 0.8352941 0.84705883
0.8627451 0.88235295 0.85882354 0.90588236 0.91764706 0.84313726 0.7137255 0.84705883 0.92156863 0.85490197 0.84313726 0.7647059 0.8039216 0.8627451 0.90588236 0.9019608 0.89411765 0.8784314 0.75686276 0.78039217 0.8862745 0.90588236 0.9019608 0.84705883 0.8392157 0.75686276 0.6862745 0.827451 0.84313726 0.8352941 0.84705883 0.85490197
0.8784314 0.9098039 0.8862745 0.90588236 0.92156863 0.85882354 0.75686276 0.8666667 0.92156863 0.8745098 0.8352941 0.77254903 0.8117647 0.87058824 0.9098039 0.8784314 0.8901961 0.87058824 0.77254903 0.74509805 0.85882354 0.89411765 0.9019608 0.8235294 0.64705884 0.62352943 0.75686276 0.84705883 0.827451 0.84705883 0.8627451 0.85490197
0.88235295 0.9254902 0.87058824 0.7607843 0.76862746 0.72156864 0.68235296 0.77254903 0.81960785 0.8156863 0.8156863 0.74509805 0.8117647 0.89411765 0.91764706 0.8784314 0.8862745 0.8352941 0.7529412 0.7372549 0.8039216 0.84313726 0.77254903 0.6862745 0.6627451 0.75686276 0.8156863 0.8235294 0.8352941 0.85882354 0.85882354 0.8509804
0.9019608 0.91764706 0.8784314 0.67058825 0.6313726 0.5568628 0.5647059 0.59607846 0.6 0.627451 0.6666667 0.627451 0.7254902 0.78039217 0.77254903 0.7607843 0.75686276 0.6745098 0.63529414 0.6431373 0.6666667 0.6431373 0.5882353 0.6 0.7490196 0.81960785 0.7882353 0.8156863 0.85882354 0.8627451 0.85882354 0.8509804
0.9098039 0.9137255 0.91764706 0.7607843 0.654902 0.6039216 0.5921569 0.6 0.6 0.6039216 0.63529414 0.64705884 0.654902 0.6509804 0.6392157 0.6392157 0.6313726 0.62352943 0.6313726 0.63529414 0.6039216 0.57254905 0.6039216 0.6627451 0.79607844 0.8235294 0.80784315 0.84313726 0.85882354 0.8627451 0.85882354 0.8509804
0.87058824 0.8627451 0.8627451 0.80784315 0.627451 0.58431375 0.5803922 0.59607846 0.6156863 0.61960787 0.6392157 0.6509804 0.65882355 0.654902 0.654902 0.654902 0.6313726 0.64705884 0.654902 0.6431373 0.61960787 0.6 0.69411767 0.7764706 0.80784315 0.80784315 0.80784315 0.8156863 0.83137256 0.8352941 0.827451 0.81960785
0.7647059 0.7647059 0.76862746 0.7529412 0.6313726 0.6 0.5882353 0.5882353 0.5882353 0.5921569 0.59607846 0.59607846 0.6039216 0.6039216 0.60784316 0.59607846 0.5686275 0.57254905 0.58431375 0.57254905 0.57254905 0.5764706 0.7058824 0.74509805 0.7294118 0.7137255 0.7137255 0.7254902 0.74509805 0.75686276 0.7490196 0.7411765
0.8980392 0.8862745 0.88235295 0.89411765 0.8980392 0.8980392 0.89411765 0.89411765 0.89411765 0.89411765 0.8980392 0.8784314 0.84313726 0.8666667 0.8666667 0.8666667 0.8784314 0.8862745 0.8862745 0.88235295 0.8745098 0.8784314 0.8666667 0.85882354 0.87058824 0.8862745 0.8901961 0.8862745 0.88235295 0.8745098 0.8627451 0.84705883
0.9019608 0.8980392 0.8980392 0.9019608 0.9019608 0.90588236 0.90588236 0.9019608 0.9019608 0.9019608 0.90588236 0.8784314 0.85882354 0.87058824 0.84313726 0.85490197 0.8862745 0.8901961 0.8901961 0.88235295 0.88235295 0.8862745 0.8745098 0.8745098 0.8901961 0.8980392 0.8980392 0.89411765 0.8901961 0.88235295 0.8745098 0.85490197
0.9098039 0.9019608 0.9019608 0.90588236 0.90588236 0.90588236 0.9019608 0.9019608 0.8980392 0.8980392 0.90588236 0.87058824 0.8627451 0.89411765 0.8627451 0.84705883 0.8784314 0.8901961 0.89411765 0.8627451 0.87058824 0.8901961 0.8862745 0.8862745 0.8980392 0.9019608 0.9019608 0.8980392 0.8901961 0.8784314 0.8666667 0.85490197
0.9098039 0.8901961 0.9019608 0.90588236 0.90588236 0.9019608 0.9019608 0.9019608 0.89411765 0.89411765 0.9019608 0.87058824 0.85490197 0.8980392 0.89411765 0.88235295 0.8666667 0.87058824 0.8901961 0.8509804 0.85490197 0.8980392 0.89411765 0.8980392 0.90588236 0.90588236 0.9019608 0.9019608 0.8901961 0.8745098 0.8627451 0.85490197
0.9098039 0.8901961 0.8980392 0.90588236 0.9098039 0.9098039 0.90588236 0.9019608 0.89411765 0.89411765 0.8980392 0.8666667 0.85490197 0.8862745 0.89411765 0.89411765 0.8862745 0.8745098 0.8745098 0.8352941 0.8627451 0.8862745 0.9019608 0.9098039 0.9137255 0.9098039 0.90588236 0.8980392 0.8901961 0.8745098 0.8666667 0.8509804
0.90588236 0.8980392 0.9019608 0.90588236 0.90588236 0.9019608 0.8901961 0.89411765 0.8980392 0.8980392 0.8980392 0.85490197 0.8352941 0.88235295 0.87058824 0.8862745 0.89411765 0.8901961 0.8901961 0.81960785 0.8627451 0.8784314 0.8901961 0.9098039 0.9098039 0.9098039 0.9019608 0.8980392 0.8862745 0.8745098 0.8627451 0.8509804
0.9019608 0.9019608 0.9019608 0.9019608 0.90588236 0.90588236 0.85882354 0.85882354 0.8784314 0.9019608 0.9019608 0.83137256 0.827451 0.90588236 0.8627451 0.8627451 0.90588236 0.9019608 0.8980392 0.8117647 0.83137256 0.8862745 0.84705883 0.9019608 0.90588236 0.90588236 0.9019608 0.89411765 0.88235295 0.87058824 0.8627451 0.84705883
0.9019608 0.9019608 0.9019608 0.90588236 0.9137255 0.9098039 0.8509804 0.8666667 0.85490197 0.88235295 0.8980392 0.8039216 0.79607844 0.8980392 0.89411765 0.88235295 0.8784314 0.8980392 0.9019608 0.8 0.84313726 0.8745098 0.88235295 0.8901961 0.90588236 0.90588236 0.9019608 0.89411765 0.88235295 0.87058824 0.85882354 0.84313726
0.90588236 0.9019608 0.9019608 0.9098039 0.9137255 0.90588236 0.8352941 0.88235295 0.8901961 0.8862745 0.88235295 0.7529412 0.73333335 0.8980392 0.8980392 0.8980392 0.8862745 0.88235295 0.8901961 0.7882353 0.8784314 0.8745098 0.8784314 0.8862745 0.8980392 0.9098039 0.9019608 0.89411765 0.88235295 0.8666667 0.8509804 0.8392157
0.90588236 0.9019608 0.9019608 0.90588236 0.90588236 0.9019608 0.8039216 0.85882354 0.89411765 0.8980392 0.8901961 0.72156864 0.69803923 0.8980392 0.9019608 0.90588236 0.9098039 0.9019608 0.8666667 0.72156864 0.8627451 0.8980392 0.87058824 0.8862745 0.8901961 0.90588236 0.9019608 0.89411765 0.8784314 0.8627451 0.84705883 0.8352941
0.90588236 0.9019608 0.9019608 0.90588236 0.9098039 0.8980392 0.8039216 0.85490197 0.8862745 0.8980392 0.8901961 0.73333335 0.6745098 0.8784314 0.9019608 0.90588236 0.9098039 0.9137255 0.8784314 0.65882355 0.81960785 0.9098039 0.8862745 0.8784314 0.8862745 0.8901961 0.9019608 0.89411765 0.8784314 0.8627451 0.84705883 0.8352941
0.90588236 0.9019608 0.9019608 0.90588236 0.90588236 0.8901961 0.78039217 0.87058824 0.85882354 0.8862745 0.8901961 0.7411765 0.74509805 0.85490197 0.8901961 0.9019608 0.90588236 0.90588236 0.88235295 0.6745098 0.7764706 0.8980392 0.90588236 0.8784314 0.88235295 0.8862745 0.89411765 0.8901961 0.8784314 0.8627451 0.84705883 0.8352941
0.90588236 0.9019608 0.9019608 0.9019608 0.8980392 0.88235295 0.72156864 0.8666667 0.87058824 0.8745098 0.88235295 0.73333335 0.78431374 0.8627451 0.87058824 0.89411765 0.9019608 0.90588236 0.8745098 0.70980394 0.8 0.8745098 0.8980392 0.8901961 0.8784314 0.8745098 0.8745098 0.88235295 0.8784314 0.85882354 0.84313726 0.83137256
0.90588236 0.9019608 0.9019608 0.9019608 0.90588236 0.88235295 0.70980394 0.8509804 0.90588236 0.88235295 0.8627451 0.7294118 0.7764706 0.87058824 0.85882354 0.8627451 0.9137255 0.90588236 0.8627451 0.73333335 0.8352941 0.85882354 0.88235295 0.9019608 0.85882354 0.8666667 0.8392157 0.87058824 0.8745098 0.85490197 0.84313726 0.827451
0.90588236 0.9019608 0.8980392 0.9019608 0.90588236 0.88235295 0.7529412 0.8392157 0.87058824 0.8901961 0.84705883 0.7254902 0.78039217 0.8784314 0.8784314 0.8666667 0.8901961 0.9098039 0.8509804 0.7372549 0.87058824 0.8352941 0.8784314 0.8862745 0.8862745 0.8784314 0.8627451 0.85490197 0.8666667 0.8509804 0.84313726 0.827451
0.90588236 0.9019608 0.9019608 0.9019608 0.90588236 0.8784314 0.7490196 0.85882354 0.84705883 0.87058824 0.84313726 0.69411767 0.78039217 0.8901961 0.85882354 0.8862745 0.8666667 0.90588236 0.84313726 0.7137255 0.88235295 0.84705883 0.8666667 0.8862745 0.8862745 0.8745098 0.8784314 0.85882354 0.84705883 0.8509804 0.8392157 0.8235294
0.90588236 0.9019608 0.9019608 0.9019608 0.9019608 0.8666667 0.75686276 0.8784314 0.8862745 0.8627451 0.81960785 0.6509804 0.74509805 0.90588236 0.84313726 0.8784314 0.8862745 0.88235295 0.8117647 0.68235296 0.8862745 0.8784314 0.84313726 0.89411765 0.8666667 0.85490197 0.8666667 0.87058824 0.84313726 0.8392157 0.83137256 0.81960785
0.90588236 0.9019608 0.9019608 0.8980392 0.8980392 0.8627451 0.7294118 0.8745098 0.8901961 0.88235295 0.8156863 0.6392157 0.7529412 0.9019608 0.87058824 0.87058824 0.9019608 0.8745098 0.7921569 0.6156863 0.8745098 0.90588236 0.8392157 0.8745098 0.8784314 0.84705883 0.85882354 0.8666667 0.85490197 0.83137256 0.827451 0.8156863
0.90588236 0.9019608 0.8980392 0.89411765 0.9019608 0.84705883 0.6509804 0.85490197 0.89411765 0.88235295 0.8235294 0.5921569 0.69411767 0.9019608 0.88235295 0.8666667 0.8980392 0.8980392 0.73333335 0.5764706 0.87058824 0.90588236 0.8627451 0.827451 0.8901961 0.87058824 0.8509804 0.8509804 0.8627451 0.8352941 0.8156863 0.81960785
0.9019608 0.8980392 0.89411765 0.8901961 0.9019608 0.8235294 0.58431375 0.84313726 0.8980392 0.8745098 0.8117647 0.5921569 0.6431373 0.8627451 0.8901961 0.8666667 0.8784314 0.88235295 0.7137255 0.54509807 0.8392157 0.9019608 0.8784314 0.8 0.87058824 0.8784314 0.85882354 0.8392157 0.84705883 0.8392157 0.8117647 0.8117647
0.8980392 0.8901961 0.8901961 0.89411765 0.9019608 0.8156863 0.54901963 0.827451 0.8980392 0.8666667 0.8 0.6666667 0.69803923 0.79607844 0.85490197 0.8862745 0.85882354 0.84313726 0.73333335 0.58431375 0.8039216 0.89411765 0.8862745 0.827451 0.84313726 0.8784314 0.87058824 0.8392157 0.8352941 0.8392157 0.8235294 0.8039216
0.89411765 0.8901961 0.8901961 0.89411765 0.9019608 0.80784315 0.57254905 0.8 0.9019608 0.85882354 0.78039217 0.70980394 0.7529412 0.7882353 0.78431374 0.83137256 0.83137256 0.85882354 0.7490196 0.6745098 0.8156863 0.8392157 0.8901961 0.8666667 0.81960785 0.87058824 0.8666667 0.85490197 0.8235294 0.83137256 0.8352941 0.7882353
0.8901961 0.84705883 0.8784314 0.8901961 0.8901961 0.8235294 0.654902 0.8156863 0.8784314 0.85882354 0.79607844 0.7137255 0.78039217 0.8235294 0.8352941 0.76862746 0.80784315 0.8627451 0.74509805 0.7176471 0.85882354 0.8 0.8627451 0.8862745 0.8235294 0.84705883 0.8666667 0.8627451 0.8392157 0.8 0.78431374 0.7490196
0.85882354 0.7647059 0.8509804 0.8901961 0.8901961 0.83137256 0.67058825 0.827451 0.84313726 0.84313726 0.8 0.6784314 0.7607843 0.8392157 0.87058824 0.84313726 0.8117647 0.8235294 0.7372549 0.7137255 0.84313726 0.8352941 0.8235294 0.87058824 0.84705883 0.8235294 0.8627451 0.84313726 0.79607844 0.7490196 0.7647059 0.78431374
0.8 0.76862746 0.8352941 0.8862745 0.89411765 0.81960785 0.6666667 0.81960785 0.8666667 0.8235294 0.79607844 0.69411767 0.7529412 0.8235294 0.84313726 0.85490197 0.83137256 0.8117647 0.7372549 0.7254902 0.84313726 0.87058824 0.827451 0.8235294 0.8627451 0.81960785 0.79607844 0.76862746 0.7607843 0.77254903 0.7921569 0.8039216
0.81960785 0.8392157 0.81960785 0.8745098 0.88235295 0.8039216 0.6784314 0.8117647 0.8901961 0.8235294 0.8039216 0.7254902 0.7647059 0.81960785 0.85490197 0.8509804 0.84313726 0.8392157 0.72156864 0.74509805 0.8509804 0.85882354 0.85882354 0.8 0.79607844 0.7176471 0.64705884 0.7882353 0.8039216 0.7921569 0.8039216 0.8117647
0.8352941 0.8666667 0.84705883 0.8745098 0.8862745 0.81960785 0.72156864 0.8352941 0.89411765 0.84705883 0.79607844 0.7294118 0.77254903 0.83137256 0.8666667 0.8352941 0.84705883 0.83137256 0.73333335 0.70980394 0.81960785 0.85490197 0.85882354 0.78431374 0.60784316 0.5882353 0.7176471 0.80784315 0.78431374 0.8039216 0.81960785 0.8117647
0.8392157 0.88235295 0.83137256 0.7254902 0.7294118 0.68235296 0.64705884 0.74509805 0.7921569 0.7882353 0.78039217 0.7058824 0.77254903 0.85490197 0.88235295 0.84705883 0.8509804 0.8 0.7137255 0.69803923 0.7647059 0.8117647 0.7411765 0.6509804 0.627451 0.72156864 0.78039217 0.7882353 0.79607844 0.8156863 0.8156863 0.80784315
0.85882354 0.8745098 0.8392157 0.63529414 0.5921569 0.5176471 0.5372549 0.5764706 0.58431375 0.60784316 0.6313726 0.5882353 0.6862745 0.74509805 0.74509805 0.7372549 0.7294118 0.6392157 0.59607846 0.6039216 0.627451 0.6156863 0.5647059 0.57254905 0.7176471 0.7882353 0.7529412 0.78431374 0.8156863 0.81960785 0.8156863 0.80784315
0.8666667 0.87058824 0.8784314 0.7254902 0.6156863 0.5647059 0.5647059 0.5882353 0.5921569 0.5921569 0.6 0.60784316 0.6156863 0.6156863 0.6156863 0.6156863 0.60784316 0.58431375 0.5882353 0.5921569 0.5686275 0.54901963 0.5803922 0.6392157 0.76862746 0.7921569 0.7764706 0.8117647 0.81960785 0.81960785 0.8156863 0.80784315
0.83137256 0.81960785 0.8235294 0.76862746 0.5882353 0.54509807 0.5529412 0.5803922 0.6 0.6 0.60784316 0.61960787 0.627451 0.627451 0.63529414 0.63529414 0.6117647 0.6117647 0.6117647 0.6039216 0.58431375 0.5764706 0.67058825 0.7529412 0.78039217 0.7764706 0.7764706 0.78431374 0.7882353 0.7882353 0.78431374 0.7764706
0.7254902 0.7254902 0.7294118 0.72156864 0.6 0.5686275 0.5529412 0.5529412 0.5529412 0.5568628 0.57254905 0.57254905 0.58431375 0.58431375 0.5882353 0.5803922 0.5529412 0.5411765 0.54901963 0.5372549 0.5372549 0.5411765 0.67058825 0.7176471 0.69411767 0.6784314 0.6784314 0.6901961 0.7019608 0.7137255 0.7058824 0.69411767
0.8235294 0.8156863 0.80784315 0.81960785 0.827451 0.8235294 0.81960785 0.81960785 0.81960785 0.81960785 0.8235294 0.8039216 0.76862746 0.78431374 0.76862746 0.77254903 0.78039217 0.8039216 0.80784315 0.80784315 0.7921569 0.7764706 0.7647059 0.75686276 0.78431374 0.8156863 0.8156863 0.8117647 0.8117647 0.80784315 0.79607844 0.7764706
0.827451 0.8235294 0.8235294 0.827451 0.827451 0.83137256 0.83137256 0.827451 0.827451 0.827451 0.83137256 0.8039216 0.78431374 0.78431374 0.74509805 0.75686276 0.7882353 0.80784315 0.8117647 0.8039216 0.8 0.7882353 0.7764706 0.77254903 0.8039216 0.827451 0.8235294 0.81960785 0.81960785 0.8117647 0.8 0.78431374
0.83137256 0.827451 0.827451 0.83137256 0.83137256 0.83137256 0.827451 0.827451 0.8235294 0.8235294 0.83137256 0.79607844 0.7882353 0.8117647 0.7647059 0.7490196 0.78039217 0.8039216 0.8156863 0.78431374 0.7882353 0.8 0.7921569 0.7921569 0.8156863 0.827451 0.827451 0.8235294 0.81960785 0.80784315 0.79607844 0.78431374
0.83137256 0.8156863 0.827451 0.83137256 0.83137256 0.827451 0.827451 0.827451 0.81960785 0.81960785 0.827451 0.79607844 0.78039217 0.8156863 0.79607844 0.78431374 0.76862746 0.78431374 0.8117647 0.77254903 0.77254903 0.80784315 0.80784315 0.80784315 0.8235294 0.83137256 0.827451 0.827451 0.8156863 0.8039216 0.79607844 0.78039217
0.83137256 0.8156863 0.8235294 0.83137256 0.8352941 0.8352941 0.83137256 0.827451 0.81960785 0.81960785 0.8235294 0.7921569 0.78039217 0.8039216 0.79607844 0.79607844 0.7882353 0.7921569 0.79607844 0.75686276 0.78431374 0.8 0.8156863 0.8235294 0.8352941 0.8352941 0.83137256 0.8235294 0.8156863 0.8039216 0.79607844 0.78039217
0.83137256 0.827451 0.827451 0.83137256 0.83137256 0.827451 0.8235294 0.83137256 0.827451 0.81960785 0.8235294 0.7921569 0.76862746 0.8039216 0.7882353 0.8039216 0.8117647 0.80784315 0.80784315 0.7411765 0.7882353 0.8039216 0.8117647 0.83137256 0.8352941 0.8352941 0.827451 0.8235294 0.8156863 0.8039216 0.7921569 0.78039217
0.827451 0.827451 0.827451 0.827451 0.83137256 0.83137256 0.8 0.80784315 0.8117647 0.81960785 0.8235294 0.78431374 0.76862746 0.827451 0.79607844 0.79607844 0.8352941 0.8156863 0.8117647 0.7411765 0.76862746 0.81960785 0.78039217 0.8352941 0.8352941 0.83137256 0.827451 0.81960785 0.8117647 0.8 0.7921569 0.7764706
0.827451 0.827451 0.827451 0.83137256 0.8392157 0.8352941 0.7921569 0.8156863 0.7882353 0.8039216 0.8235294 0.7607843 0.74509805 0.8235294 0.827451 0.81960785 0.8117647 0.8156863 0.81960785 0.7372549 0.78431374 0.80784315 0.8156863 0.8235294 0.8352941 0.83137256 0.827451 0.81960785 0.8117647 0.8 0.7882353 0.77254903
0.83137256 0.827451 0.827451 0.8352941 0.8392157 0.83137256 0.7764706 0.83137256 0.8235294 0.80784315 0.8156863 0.7176471 0.6862745 0.83137256 0.83137256 0.83137256 0.81960785 0.8039216 0.8156863 0.73333335 0.827451 0.80784315 0.8117647 0.81960785 0.827451 0.8352941 0.827451 0.81960785 0.80784315 0.79607844 0.78039217 0.76862746
0.83137256 0.827451 0.827451 0.83137256 0.83137256 0.827451 0.74509805 0.80784315 0.827451 0.81960785 0.83137256 0.69803923 0.6627451 0.8352941 0.8352941 0.8392157 0.84313726 0.827451 0.8039216 0.67058825 0.81960785 0.8352941 0.8039216 0.81960785 0.81960785 0.83137256 0.827451 0.81960785 0.80784315 0.7921569 0.7764706 0.7647059
0.83137256 0.827451 0.827451 0.83137256 0.8352941 0.8235294 0.74509805 0.8039216 0.81960785 0.81960785 0.8392157 0.7137255 0.6431373 0.8156863 0.8352941 0.8392157 0.84313726 0.84313726 0.8235294 0.61960787 0.78039217 0.84313726 0.81960785 0.8117647 0.8156863 0.8156863 0.827451 0.81960785 0.80784315 0.7921569 0.7764706 0.7647059
0.83137256 0.827451 0.827451 0.827451 0.83137256 0.8235294 0.7294118 0.81960785 0.7921569 0.8117647 0.8392157 0.7176471 0.70980394 0.79607844 0.8235294 0.8352941 0.8392157 0.8392157 0.83137256 0.6313726 0.7294118 0.83137256 0.8352941 0.8117647 0.8117647 0.8117647 0.81960785 0.81960785 0.80784315 0.7921569 0.7764706 0.7647059
0.83137256 0.827451 0.827451 0.827451 0.83137256 0.83137256 0.6784314 0.8235294 0.8156863 0.8039216 0.8235294 0.69803923 0.7411765 0.79607844 0.8039216 0.83137256 0.8352941 0.8392157 0.827451 0.6666667 0.73333335 0.80784315 0.83137256 0.8235294 0.8117647 0.80784315 0.8039216 0.8156863 0.80784315 0.7882353 0.77254903 0.7607843
0.83137256 0.827451 0.8235294 0.8235294 0.84313726 0.83137256 0.67058825 0.8117647 0.84705883 0.8156863 0.8 0.69411767 0.7294118 0.8039216 0.7921569 0.79607844 0.84313726 0.8392157 0.8156863 0.6862745 0.7647059 0.7921569 0.8156863 0.8352941 0.7921569 0.8 0.77254903 0.8039216 0.8039216 0.78431374 0.77254903 0.75686276
0.83137256 0.827451 0.8235294 0.8235294 0.84313726 0.8352941 0.7137255 0.79607844 0.8117647 0.81960785 0.78431374 0.6862745 0.7372549 0.8117647 0.80784315 0.8 0.8235294 0.8392157 0.8039216 0.6901961 0.8039216 0.7647059 0.8117647 0.81960785 0.81960785 0.8117647 0.79607844 0.7882353 0.79607844 0.78039217 0.77254903 0.75686276
0.83137256 0.827451 0.827451 0.827451 0.84313726 0.827451 0.70980394 0.81960785 0.7921569 0.8039216 0.78431374 0.65882355 0.73333335 0.8235294 0.7921569 0.81960785 0.8 0.8352941 0.79607844 0.67058825 0.8117647 0.78039217 0.8 0.81960785 0.81960785 0.80784315 0.8117647 0.7882353 0.78039217 0.78039217 0.76862746 0.7529412
0.83137256 0.827451 0.8235294 0.8235294 0.8392157 0.81960785 0.7176471 0.8392157 0.83137256 0.79607844 0.75686276 0.6117647 0.7019608 0.8392157 0.7764706 0.8117647 0.8156863 0.8117647 0.7647059 0.63529414 0.8156863 0.8117647 0.7764706 0.827451 0.8 0.7882353 0.8 0.8 0.77254903 0.76862746 0.7607843 0.7490196
0.83137256 0.827451 0.8235294 0.81960785 0.83137256 0.8156863 0.6901961 0.83137256 0.83137256 0.8156863 0.75686276 0.6039216 0.70980394 0.8352941 0.8039216 0.8039216 0.83137256 0.80784315 0.74509805 0.5686275 0.80784315 0.8352941 0.77254903 0.80784315 0.8117647 0.78039217 0.7921569 0.8 0.78431374 0.7607843 0.75686276 0.74509805
0.827451 0.827451 0.827451 0.81960785 0.8235294 0.79607844 0.61960787 0.80784315 0.827451 0.8235294 0.77254903 0.5647059 0.65882355 0.8392157 0.8156863 0.8 0.83137256 0.83137256 0.69411767 0.5372549 0.80784315 0.8392157 0.79607844 0.7607843 0.8235294 0.8 0.78431374 0.78039217 0.7921569 0.7647059 0.74509805 0.7490196
0.8235294 0.81960785 0.8235294 0.81960785 0.81960785 0.77254903 0.5568628 0.7921569 0.827451 0.81960785 0.7647059 0.5686275 0.6117647 0.8039216 0.8235294 0.8 0.8117647 0.81960785 0.6745098 0.50980395 0.78039217 0.8352941 0.8117647 0.73333335 0.8039216 0.80784315 0.7882353 0.76862746 0.7764706 0.76862746 0.7411765 0.7411765
0.81960785 0.8156863 0.8235294 0.81960785 0.81960785 0.7647059 0.52156866 0.77254903 0.827451 0.8117647 0.7529412 0.6431373 0.6666667 0.7372549 0.7882353 0.81960785 0.7921569 0.78039217 0.69803923 0.5529412 0.74509805 0.827451 0.81960785 0.7607843 0.7764706 0.80784315 0.8 0.76862746 0.7647059 0.76862746 0.7529412 0.73333335
0.81960785 0.8156863 0.8235294 0.81960785 0.8156863 0.75686276 0.54509807 0.7490196 0.83137256 0.8039216 0.7294118 0.6862745 0.72156864 0.7294118 0.7176471 0.7647059 0.7647059 0.79607844 0.7137255 0.6392157 0.75686276 0.77254903 0.8235294 0.8 0.7490196 0.8 0.79607844 0.78431374 0.7529412 0.7607843 0.7647059 0.7176471
0.8156863 0.77254903 0.80784315 0.81960785 0.80784315 0.77254903 0.6313726 0.7607843 0.80784315 0.8039216 0.7490196 0.6901961 0.7490196 0.7647059 0.76862746 0.7019608 0.7411765 0.8 0.70980394 0.68235296 0.8 0.73333335 0.79607844 0.81960785 0.75686276 0.7764706 0.79607844 0.7921569 0.76862746 0.7294118 0.7137255 0.6784314
0.78431374 0.6901961 0.78431374 0.8156863 0.80784315 0.7764706 0.6431373 0.7764706 0.77254903 0.7882353 0.7490196 0.654902 0.7294118 0.78039217 0.8039216 0.7764706 0.74509805 0.7607843 0.7019608 0.6784314 0.78431374 0.76862746 0.75686276 0.8039216 0.7764706 0.7529412 0.7921569 0.7764706 0.7254902 0.6784314 0.69411767 0.7137255
0.7294118 0.69411767 0.7647059 0.80784315 0.8156863 0.7647059 0.627451 0.7647059 0.79607844 0.7529412 0.74509805 0.65882355 0.7137255 0.76862746 0.7882353 0.8 0.7764706 0.75686276 0.6901961 0.68235296 0.78431374 0.8 0.75686276 0.7529412 0.8 0.7607843 0.73333335 0.70980394 0.6901961 0.7019608 0.72156864 0.73333335
0.7490196 0.76862746 0.74509805 0.79607844 0.8156863 0.7529412 0.627451 0.7529412 0.81960785 0.74509805 0.7529412 0.6784314 0.7176471 0.76862746 0.8039216 0.8 0.7921569 0.78431374 0.6627451 0.6862745 0.7882353 0.7882353 0.78431374 0.7254902 0.7372549 0.67058825 0.6039216 0.7411765 0.7372549 0.72156864 0.73333335 0.7411765
0.7647059 0.79607844 0.77254903 0.8 0.8235294 0.77254903 0.6784314 0.78039217 0.827451 0.77254903 0.74509805 0.6862745 0.7294118 0.7764706 0.8039216 0.77254903 0.78039217 0.7764706 0.6862745 0.65882355 0.7647059 0.78431374 0.7921569 0.7137255 0.54901963 0.5372549 0.67058825 0.75686276 0.72156864 0.73333335 0.7490196 0.7411765
0.76862746 0.8117647 0.7607843 0.65882355 0.6784314 0.6431373 0.60784316 0.69803923 0.7294118 0.7176471 0.7294118 0.65882355 0.7254902 0.8 0.8117647 0.7764706 0.78431374 0.7529412 0.6745098 0.6627451 0.72156864 0.7490196 0.6745098 0.5882353 0.5647059 0.6627451 0.7176471 0.7254902 0.7254902 0.74509805 0.74509805 0.7372549
0.78431374 0.8039216 0.76862746 0.5764706 0.54901963 0.4862745 0.5019608 0.53333336 0.5294118 0.54509807 0.5803922 0.5411765 0.6392157 0.69411767 0.6862745 0.6745098 0.67058825 0.59607846 0.56078434 0.5686275 0.5882353 0.56078434 0.5058824 0.5176471 0.6509804 0.7176471 0.6862745 0.7137255 0.74509805 0.7490196 0.74509805 0.7372549
0.79607844 0.79607844 0.8117647 0.6745098 0.5764706 0.5411765 0.5411765 0.54901963 0.5372549 0.53333336 0.5529412 0.56078434 0.5686275 0.57254905 0.5764706 0.5764706 0.5686275 0.5568628 0.5647059 0.5686275 0.53333336 0.49411765 0.5254902 0.5882353 0.7058824 0.7137255 0.69803923 0.73333335 0.74509805 0.74509805 0.74509805 0.7372549
0.7647059 0.75686276 0.7607843 0.7137255 0.5411765 0.5058824 0.52156866 0.5411765 0.5529412 0.54901963 0.5568628 0.5686275 0.5764706 0.5803922 0.6 0.6 0.5764706 0.5764706 0.5764706 0.5647059 0.5411765 0.5254902 0.6117647 0.6901961 0.70980394 0.69803923 0.7019608 0.7058824 0.7176471 0.72156864 0.7176471 0.70980394
0.6745098 0.6745098 0.6745098 0.6509804 0.5294118 0.5019608 0.5058824 0.5176471 0.5176471 0.5176471 0.5176471 0.5176471 0.5294118 0.5294118 0.5372549 0.5254902 0.5019608 0.48235294 0.4862745 0.4745098 0.47843137 0.49411765 0.6156863 0.6431373 0.62352943 0.6117647 0.6117647 0.61960787 0.63529414 0.6509804 0.6392157 0.63529414
28 2 0
26 10 1
2 3 2
12 23 2
3 3 0
26 4 2
26 10 2
27 7 2
29 3 0
26 15 1
