32, 32, 3, 10
0.6784314 0.63529414 0.6431373 0.6745098 0.65882355 0.6745098 0.69803923 0.6666667 0.67058825 0.68235296 0.6627451 0.64705884 0.6509804 0.6627451 0.68235296 0.6784314 0.6862745 0.7019608 0.6666667 0.6117647 0.627451 0.6627451 0.654902 0.6509804 0.654902 0.6392157 0.61960787 0.60784316 0.60784316 0.62352943 0.6431373 0.65882355
0.6313726 0.5921569 0.6039216 0.6313726 0.6431373 0.63529414 0.6509804 0.6392157 0.627451 0.64705884 0.6431373 0.62352943 0.61960787 0.62352943 0.627451 0.627451 0.65882355 0.6745098 0.627451 0.6156863 0.6117647 0.6117647 0.627451 0.61960787 0.62352943 0.61960787 0.6117647 0.60784316 0.6039216 0.61960787 0.63529414 0.6392157
0.61960787 0.6039216 0.6117647 0.627451 0.654902 0.654902 0.6392157 0.63529414 0.60784316 0.6156863 0.63529414 0.6313726 0.6156863 0.59607846 0.6117647 0.6431373 0.6627451 0.67058825 0.64705884 0.62352943 0.60784316 0.60784316 0.6313726 0.63529414 0.6392157 0.64705884 0.6392157 0.63529414 0.63529414 0.6392157 0.6392157 0.6313726
0.6039216 0.5882353 0.5803922 0.5803922 0.6117647 0.6509804 0.6392157 0.64705884 0.6117647 0.6156863 0.654902 0.6431373 0.59607846 0.5882353 0.6117647 0.6509804 0.6784314 0.6666667 0.64705884 0.63529414 0.627451 0.60784316 0.60784316 0.6156863 0.63529414 0.63529414 0.6392157 0.6431373 0.63529414 0.62352943 0.61960787 0.6156863
0.6117647 0.6 0.6 0.5921569 0.6039216 0.5921569 0.58431375 0.627451 0.62352943 0.6156863 0.64705884 0.61960787 0.5921569 0.59607846 0.62352943 0.6627451 0.6862745 0.6627451 0.61960787 0.6 0.60784316 0.6156863 0.6117647 0.6 0.6039216 0.6039216 0.6117647 0.6117647 0.60784316 0.6117647 0.6117647 0.6156863
0.6313726 0.61960787 0.6039216 0.59607846 0.5882353 0.56078434 0.54509807 0.5921569 0.6 0.5921569 0.6 0.6039216 0.5882353 0.5764706 0.6117647 0.654902 0.67058825 0.62352943 0.57254905 0.5529412 0.57254905 0.6 0.60784316 0.60784316 0.6039216 0.5882353 0.5803922 0.5764706 0.56078434 0.5764706 0.5803922 0.5882353
0.63529414 0.627451 0.60784316 0.6039216 0.59607846 0.58431375 0.5764706 0.60784316 0.6117647 0.6039216 0.59607846 0.61960787 0.6 0.5803922 0.6156863 0.6509804 0.6666667 0.62352943 0.5803922 0.53333336 0.5411765 0.58431375 0.6039216 0.6509804 0.6431373 0.6039216 0.5686275 0.5529412 0.5294118 0.56078434 0.5686275 0.5803922
0.6313726 0.61960787 0.6313726 0.654902 0.65882355 0.6509804 0.627451 0.6431373 0.64705884 0.64705884 0.63529414 0.62352943 0.62352943 0.60784316 0.63529414 0.6862745 0.70980394 0.69803923 0.67058825 0.6392157 0.6313726 0.6156863 0.6431373 0.7058824 0.7058824 0.62352943 0.5803922 0.5647059 0.5921569 0.6039216 0.6 0.6039216
0.6392157 0.60784316 0.627451 0.6627451 0.6627451 0.6666667 0.654902 0.654902 0.6431373 0.6392157 0.6392157 0.61960787 0.6156863 0.6509804 0.78039217 0.85490197 0.8627451 0.8627451 0.85490197 0.84313726 0.83137256 0.8156863 0.8235294 0.80784315 0.80784315 0.7607843 0.6745098 0.6745098 0.6509804 0.6156863 0.61960787 0.6156863
0.65882355 0.6392157 0.62352943 0.627451 0.64705884 0.6666667 0.65882355 0.6509804 0.6509804 0.6431373 0.64705884 0.6117647 0.59607846 0.69803923 0.8627451 0.8352941 0.8392157 0.90588236 0.9137255 0.9411765 0.9254902 0.9490196 0.94509804 0.8627451 0.76862746 0.74509805 0.6745098 0.7372549 0.6431373 0.63529414 0.63529414 0.654902
0.6509804 0.63529414 0.627451 0.61960787 0.64705884 0.6666667 0.6627451 0.6745098 0.6627451 0.63529414 0.6392157 0.61960787 0.61960787 0.7294118 0.8862745 0.8117647 0.8235294 0.90588236 0.8901961 0.9372549 0.9019608 0.9254902 0.9098039 0.79607844 0.6627451 0.627451 0.6784314 0.6745098 0.63529414 0.63529414 0.62352943 0.6431373
0.6509804 0.6313726 0.6313726 0.6313726 0.64705884 0.65882355 0.65882355 0.67058825 0.65882355 0.63529414 0.6117647 0.6 0.6627451 0.8 0.98039216 1.0 1.0 0.99215686 0.99215686 0.98039216 0.9843137 0.9882353 0.9882353 0.78039217 0.60784316 0.6431373 0.7019608 0.58431375 0.6039216 0.6 0.6039216 0.6039216
0.63529414 0.627451 0.6431373 0.63529414 0.64705884 0.654902 0.64705884 0.6509804 0.65882355 0.64705884 0.6117647 0.627451 0.78039217 0.9019608 0.99607843 1.0 0.9843137 0.9647059 0.93333334 0.9607843 0.9764706 1.0 0.8627451 0.6313726 0.62352943 0.7137255 0.62352943 0.5372549 0.54509807 0.54509807 0.5686275 0.59607846
0.6745098 0.627451 0.64705884 0.6313726 0.6431373 0.65882355 0.65882355 0.64705884 0.6509804 0.654902 0.6392157 0.70980394 0.84313726 0.80784315 0.7607843 0.75686276 0.80784315 0.7647059 0.87058824 0.7921569 0.81960785 0.84705883 0.49803922 0.5254902 0.7176471 0.6627451 0.56078434 0.5137255 0.5176471 0.5058824 0.5411765 0.5647059
0.6627451 0.6117647 0.64705884 0.6666667 0.64705884 0.65882355 0.654902 0.654902 0.64705884 0.6509804 0.64705884 0.7411765 0.8352941 0.73333335 0.6431373 0.65882355 0.70980394 0.5764706 0.7372549 0.50980395 0.5529412 0.68235296 0.5686275 0.7607843 0.68235296 0.5803922 0.5254902 0.4862745 0.47058824 0.5058824 0.50980395 0.5176471
0.654902 0.63529414 0.65882355 0.6862745 0.6627451 0.6509804 0.6509804 0.64705884 0.6431373 0.6431373 0.67058825 0.7882353 0.9098039 0.9254902 0.9372549 0.9411765 0.9490196 0.9254902 0.94509804 0.9098039 0.88235295 0.76862746 0.8 0.7294118 0.6 0.5568628 0.4862745 0.4627451 0.47058824 0.52156866 0.5058824 0.5019608
0.62352943 0.6156863 0.6431373 0.65882355 0.6392157 0.6392157 0.627451 0.627451 0.6313726 0.654902 0.7607843 0.8235294 0.84705883 0.8666667 0.85882354 0.84313726 0.84705883 0.8509804 0.91764706 0.8627451 0.81960785 0.8352941 0.7254902 0.59607846 0.5882353 0.49019608 0.45490196 0.45882353 0.5058824 0.5803922 0.5294118 0.49411765
0.5882353 0.6117647 0.6392157 0.63529414 0.62352943 0.6117647 0.59607846 0.62352943 0.6392157 0.7372549 0.8392157 0.84705883 0.8627451 0.85882354 0.85882354 0.84705883 0.85490197 0.8862745 0.8627451 0.81960785 0.85490197 0.7254902 0.5764706 0.6039216 0.5254902 0.4745098 0.5137255 0.46666667 0.45882353 0.54509807 0.5254902 0.49019608
0.5647059 0.6 0.61960787 0.62352943 0.60784316 0.59607846 0.6 0.6117647 0.6392157 0.8039216 0.9137255 0.94509804 0.95686275 0.9490196 0.94509804 0.92156863 0.8901961 0.90588236 0.8980392 0.83137256 0.6784314 0.5764706 0.6 0.5882353 0.49019608 0.5137255 0.4745098 0.39215687 0.40784314 0.5176471 0.5254902 0.52156866
0.5803922 0.6117647 0.59607846 0.6039216 0.6039216 0.5882353 0.5882353 0.5882353 0.6392157 0.8392157 0.9607843 0.98039216 0.9764706 0.9647059 0.96862745 0.9764706 0.9647059 0.9098039 0.7490196 0.61960787 0.5921569 0.60784316 0.59607846 0.49411765 0.49411765 0.47058824 0.3882353 0.39607844 0.43137255 0.49803922 0.5176471 0.47843137
0.6039216 0.6039216 0.5921569 0.6 0.6 0.59607846 0.5921569 0.5921569 0.62352943 0.827451 0.9411765 0.98039216 0.9843137 0.98039216 0.9529412 0.8901961 0.78039217 0.6745098 0.6 0.6039216 0.61960787 0.6117647 0.47843137 0.40392157 0.41960785 0.38039216 0.3764706 0.44313726 0.47058824 0.4745098 0.48235294 0.5058824
0.60784316 0.5921569 0.6313726 0.63529414 0.59607846 0.5921569 0.5921569 0.59607846 0.60784316 0.70980394 0.8627451 0.9254902 0.8862745 0.79607844 0.69803923 0.6431373 0.6039216 0.6039216 0.62352943 0.60784316 0.5803922 0.4862745 0.38431373 0.34901962 0.3764706 0.42745098 0.44313726 0.4627451 0.45490196 0.45490196 0.47843137 0.5372549
0.6117647 0.5921569 0.6627451 0.68235296 0.5921569 0.58431375 0.5882353 0.6431373 0.6509804 0.7294118 0.8666667 0.8980392 0.80784315 0.7137255 0.72156864 0.7294118 0.7294118 0.73333335 0.7176471 0.6509804 0.57254905 0.4745098 0.4509804 0.5176471 0.4509804 0.43137255 0.4627451 0.4627451 0.47843137 0.4862745 0.49803922 0.49019608
0.6039216 0.58431375 0.6156863 0.65882355 0.627451 0.62352943 0.64705884 0.6901961 0.7019608 0.8 0.93333334 0.94509804 0.9019608 0.89411765 0.92156863 0.8980392 0.85882354 0.80784315 0.69411767 0.6156863 0.5882353 0.5568628 0.6117647 0.6117647 0.5254902 0.49019608 0.5176471 0.49411765 0.49803922 0.5058824 0.45882353 0.4745098
0.6156863 0.59607846 0.5921569 0.6509804 0.6313726 0.6156863 0.65882355 0.6431373 0.64705884 0.6862745 0.8 0.8745098 0.85882354 0.78039217 0.69803923 0.67058825 0.6666667 0.6156863 0.53333336 0.50980395 0.47058824 0.4509804 0.4862745 0.4509804 0.43529412 0.4392157 0.4745098 0.45882353 0.45490196 0.43529412 0.46666667 0.5254902
0.6156863 0.5921569 0.61960787 0.6392157 0.62352943 0.59607846 0.6039216 0.627451 0.6313726 0.6117647 0.6666667 0.7490196 0.6745098 0.58431375 0.59607846 0.6156863 0.57254905 0.4862745 0.44705883 0.41568628 0.38431373 0.3882353 0.39607844 0.38039216 0.3764706 0.38431373 0.39607844 0.41960785 0.44313726 0.48235294 0.52156866 0.5411765
0.5882353 0.5529412 0.56078434 0.5882353 0.60784316 0.6 0.5764706 0.6039216 0.64705884 0.61960787 0.6117647 0.63529414 0.6117647 0.6 0.6313726 0.61960787 0.5372549 0.44705883 0.40784314 0.39607844 0.3882353 0.40392157 0.4392157 0.40784314 0.41568628 0.43137255 0.4509804 0.49019608 0.53333336 0.5647059 0.5686275 0.5686275
0.5764706 0.53333336 0.52156866 0.54509807 0.5686275 0.6117647 0.63529414 0.6039216 0.59607846 0.5882353 0.5921569 0.5921569 0.5882353 0.5686275 0.5764706 0.54901963 0.49019608 0.44705883 0.43137255 0.40392157 0.4627451 0.49019608 0.47058824 0.4392157 0.41960785 0.44313726 0.4745098 0.50980395 0.5294118 0.5529412 0.5568628 0.56078434
0.5647059 0.5372549 0.53333336 0.5372549 0.5686275 0.627451 0.6627451 0.60784316 0.5529412 0.54509807 0.5803922 0.6039216 0.56078434 0.53333336 0.50980395 0.4745098 0.44313726 0.43137255 0.4509804 0.43529412 0.52156866 0.49803922 0.42745098 0.41960785 0.42352942 0.4509804 0.47843137 0.5019608 0.5137255 0.53333336 0.5411765 0.54901963
0.56078434 0.5529412 0.54901963 0.5568628 0.5686275 0.5882353 0.627451 0.6431373 0.6156863 0.5921569 0.60784316 0.6156863 0.54509807 0.49803922 0.46666667 0.4392157 0.42352942 0.44313726 0.46666667 0.46666667 0.48235294 0.4862745 0.4627451 0.45882353 0.46666667 0.47843137 0.4862745 0.49411765 0.50980395 0.5294118 0.5254902 0.5372549
0.6 0.6 0.5882353 0.5803922 0.5686275 0.5686275 0.6 0.6313726 0.6313726 0.63529414 0.627451 0.59607846 0.54901963 0.5137255 0.5019608 0.49019608 0.46666667 0.46666667 0.5019608 0.5254902 0.49019608 0.49803922 0.5137255 0.5411765 0.57254905 0.5411765 0.50980395 0.50980395 0.5372549 0.5686275 0.5647059 0.5686275
0.5764706 0.6039216 0.6156863 0.5882353 0.5803922 0.58431375 0.6117647 0.61960787 0.6392157 0.6666667 0.70980394 0.64705884 0.58431375 0.58431375 0.61960787 0.6313726 0.5921569 0.53333336 0.54509807 0.6039216 0.54901963 0.5294118 0.5372549 0.5529412 0.6 0.62352943 0.60784316 0.6039216 0.6509804 0.65882355 0.6509804 0.6313726
0.80784315 0.7647059 0.7647059 0.7882353 0.76862746 0.78431374 0.80784315 0.78039217 0.78039217 0.79607844 0.7882353 0.7764706 0.78039217 0.79607844 0.8 0.7882353 0.79607844 0.8156863 0.78431374 0.7294118 0.7411765 0.7764706 0.76862746 0.7647059 0.76862746 0.7490196 0.7294118 0.72156864 0.7176471 0.73333335 0.7529412 0.7647059
0.75686276 0.7176471 0.7254902 0.7411765 0.7529412 0.74509805 0.7607843 0.7490196 0.7372549 0.7607843 0.7647059 0.7529412 0.7490196 0.7529412 0.7411765 0.7372549 0.76862746 0.78431374 0.7411765 0.7294118 0.7254902 0.7254902 0.7372549 0.73333335 0.73333335 0.73333335 0.72156864 0.7176471 0.7137255 0.7254902 0.7411765 0.74509805
0.7490196 0.73333335 0.73333335 0.7372549 0.7647059 0.7647059 0.7490196 0.74509805 0.7176471 0.72156864 0.75686276 0.7607843 0.74509805 0.7254902 0.7254902 0.7529412 0.77254903 0.78039217 0.7607843 0.7372549 0.72156864 0.72156864 0.74509805 0.7490196 0.7529412 0.75686276 0.7490196 0.7490196 0.74509805 0.74509805 0.74509805 0.7372549
0.7294118 0.7137255 0.7019608 0.69411767 0.72156864 0.7647059 0.7529412 0.7607843 0.7254902 0.7294118 0.78039217 0.77254903 0.7294118 0.7176471 0.7254902 0.7607843 0.7882353 0.7764706 0.7607843 0.7490196 0.7411765 0.72156864 0.7176471 0.7294118 0.74509805 0.7490196 0.7490196 0.7529412 0.74509805 0.7294118 0.7254902 0.72156864
0.7411765 0.7294118 0.7254902 0.72156864 0.7294118 0.7176471 0.7137255 0.7607843 0.7529412 0.74509805 0.78039217 0.7529412 0.7254902 0.7294118 0.7411765 0.77254903 0.79607844 0.7764706 0.74509805 0.7294118 0.73333335 0.7411765 0.7254902 0.7137255 0.7176471 0.7176471 0.72156864 0.7176471 0.7176471 0.72156864 0.72156864 0.7254902
0.7647059 0.7490196 0.73333335 0.72156864 0.7137255 0.6862745 0.6745098 0.72156864 0.7294118 0.72156864 0.7254902 0.7294118 0.7176471 0.7058824 0.7372549 0.78039217 0.7921569 0.7490196 0.70980394 0.6901961 0.7137255 0.7372549 0.73333335 0.7294118 0.7254902 0.7137255 0.7058824 0.69803923 0.6862745 0.69411767 0.6901961 0.69803923
0.7647059 0.75686276 0.73333335 0.7176471 0.70980394 0.69803923 0.69411767 0.72156864 0.7294118 0.72156864 0.70980394 0.7372549 0.7176471 0.69803923 0.7294118 0.76862746 0.78431374 0.7411765 0.70980394 0.6666667 0.6745098 0.70980394 0.72156864 0.76862746 0.7607843 0.7254902 0.69411767 0.6784314 0.65882355 0.6745098 0.6784314 0.6901961
0.7607843 0.7490196 0.75686276 0.7607843 0.7647059 0.75686276 0.73333335 0.7490196 0.7529412 0.7529412 0.7411765 0.7294118 0.7254902 0.7137255 0.72156864 0.7647059 0.7882353 0.78039217 0.7607843 0.7294118 0.72156864 0.7019608 0.7254902 0.7882353 0.78431374 0.70980394 0.6862745 0.6745098 0.69411767 0.70980394 0.70980394 0.7137255
0.7647059 0.7372549 0.7490196 0.77254903 0.76862746 0.77254903 0.75686276 0.7529412 0.74509805 0.7411765 0.7411765 0.7294118 0.7294118 0.74509805 0.84313726 0.9019608 0.90588236 0.90588236 0.8980392 0.8901961 0.88235295 0.8627451 0.84705883 0.8235294 0.8392157 0.8117647 0.73333335 0.7411765 0.73333335 0.7176471 0.7294118 0.72156864
0.77254903 0.7529412 0.7411765 0.75686276 0.7647059 0.77254903 0.7607843 0.7529412 0.7529412 0.7529412 0.73333335 0.72156864 0.72156864 0.7647059 0.827451 0.74509805 0.73333335 0.79607844 0.8 0.8666667 0.85882354 0.8901961 0.8666667 0.74509805 0.7294118 0.7490196 0.6784314 0.7490196 0.7411765 0.7529412 0.7411765 0.7607843
0.7607843 0.74509805 0.74509805 0.7529412 0.76862746 0.7764706 0.7647059 0.78039217 0.76862746 0.74509805 0.7254902 0.7058824 0.7058824 0.77254903 0.80784315 0.6627451 0.6745098 0.75686276 0.7372549 0.8235294 0.77254903 0.80784315 0.7882353 0.6431373 0.5882353 0.60784316 0.68235296 0.6901961 0.7176471 0.7490196 0.7294118 0.7490196
0.7607843 0.7372549 0.7490196 0.7647059 0.76862746 0.7647059 0.7607843 0.7764706 0.76862746 0.74509805 0.7372549 0.73333335 0.75686276 0.84705883 0.9843137 0.99215686 0.99215686 0.9882353 0.9843137 0.9882353 0.98039216 0.96862745 0.9137255 0.6784314 0.5686275 0.627451 0.69803923 0.6039216 0.6862745 0.70980394 0.70980394 0.70980394
0.74509805 0.73333335 0.7607843 0.76862746 0.76862746 0.7647059 0.7529412 0.7607843 0.76862746 0.75686276 0.73333335 0.7411765 0.84313726 0.92156863 0.96862745 0.96862745 0.95686275 0.94509804 0.9254902 0.972549 0.972549 0.972549 0.7921569 0.5529412 0.6117647 0.6901961 0.59607846 0.54509807 0.64705884 0.6666667 0.67058825 0.7019608
0.78431374 0.7372549 0.75686276 0.7529412 0.75686276 0.7647059 0.7647059 0.75686276 0.7647059 0.77254903 0.73333335 0.7607843 0.827451 0.7294118 0.6745098 0.6666667 0.72156864 0.69411767 0.8235294 0.7372549 0.75686276 0.75686276 0.36078432 0.44313726 0.69803923 0.61960787 0.5176471 0.52156866 0.6156863 0.627451 0.64705884 0.67058825
0.7764706 0.72156864 0.75686276 0.76862746 0.7490196 0.7607843 0.7607843 0.7647059 0.75686276 0.7647059 0.7529412 0.79607844 0.7882353 0.6156863 0.5294118 0.5372549 0.57254905 0.44705883 0.63529414 0.34117648 0.3764706 0.5254902 0.4117647 0.7019608 0.6509804 0.52156866 0.49019608 0.52156866 0.5647059 0.6156863 0.61960787 0.627451
0.7647059 0.74509805 0.76862746 0.7921569 0.76862746 0.7529412 0.75686276 0.75686276 0.7490196 0.74509805 0.7607843 0.8509804 0.92156863 0.9019608 0.91764706 0.9254902 0.93333334 0.9137255 0.9019608 0.8235294 0.78431374 0.6666667 0.7137255 0.67058825 0.5294118 0.47843137 0.4627451 0.52156866 0.5921569 0.6431373 0.6117647 0.6117647
0.73333335 0.7254902 0.7529412 0.7647059 0.74509805 0.74509805 0.7372549 0.7372549 0.7254902 0.73333335 0.83137256 0.8784314 0.88235295 0.88235295 0.88235295 0.8784314 0.8862745 0.8784314 0.8901961 0.8352941 0.77254903 0.7607843 0.6784314 0.5254902 0.49411765 0.42352942 0.46666667 0.54901963 0.6392157 0.7019608 0.63529414 0.6039216
0.69803923 0.72156864 0.7490196 0.74509805 0.7294118 0.72156864 0.70980394 0.7372549 0.7254902 0.79607844 0.88235295 0.88235295 0.88235295 0.8666667 0.8745098 0.87058824 0.85490197 0.8352941 0.8 0.7921569 0.8117647 0.67058825 0.5254902 0.5137255 0.44313726 0.46666667 0.5882353 0.5803922 0.5764706 0.654902 0.63529414 0.6
0.6745098 0.70980394 0.7254902 0.73333335 0.7176471 0.7058824 0.70980394 0.7254902 0.7294118 0.85882354 0.90588236 0.89411765 0.8980392 0.8901961 0.8901961 0.87058824 0.827451 0.827451 0.8392157 0.76862746 0.62352943 0.52156866 0.50980395 0.45490196 0.44313726 0.5764706 0.5764706 0.5058824 0.50980395 0.61960787 0.63529414 0.627451
0.6862745 0.7137255 0.7019608 0.70980394 0.7137255 0.69803923 0.69803923 0.7058824 0.7372549 0.8862745 0.92941177 0.8862745 0.8745098 0.87058824 0.87058824 0.87058824 0.8509804 0.80784315 0.69411767 0.5372549 0.4862745 0.5058824 0.4745098 0.38039216 0.49411765 0.5568628 0.48235294 0.49411765 0.5411765 0.6039216 0.62352943 0.58431375
0.70980394 0.70980394 0.7019608 0.70980394 0.70980394 0.7058824 0.69803923 0.7058824 0.7294118 0.8666667 0.92156863 0.92941177 0.9098039 0.89411765 0.8745098 0.80784315 0.6901961 0.57254905 0.48235294 0.4745098 0.49803922 0.4862745 0.38431373 0.40392157 0.4627451 0.4392157 0.46666667 0.5411765 0.58431375 0.58431375 0.5882353 0.6117647
0.7176471 0.7019608 0.7411765 0.74509805 0.7058824 0.7019608 0.69411767 0.70980394 0.72156864 0.7411765 0.8235294 0.8509804 0.78039217 0.6745098 0.5882353 0.5294118 0.49411765 0.48235294 0.4745098 0.49411765 0.5058824 0.41960785 0.34901962 0.41568628 0.4509804 0.4862745 0.53333336 0.56078434 0.5647059 0.5647059 0.58431375 0.6431373
0.7254902 0.7019608 0.77254903 0.7921569 0.7019608 0.69803923 0.68235296 0.7490196 0.7647059 0.7529412 0.7647059 0.7254902 0.6117647 0.53333336 0.5294118 0.5372549 0.5647059 0.5803922 0.58431375 0.6 0.59607846 0.50980395 0.49019608 0.5803922 0.5372549 0.52156866 0.54901963 0.56078434 0.5921569 0.59607846 0.6039216 0.59607846
0.7176471 0.69411767 0.7254902 0.77254903 0.7411765 0.7372549 0.74509805 0.78039217 0.7921569 0.84705883 0.85882354 0.74509805 0.6509804 0.6784314 0.7176471 0.7137255 0.7254902 0.7176471 0.6784314 0.654902 0.6627451 0.64705884 0.7137255 0.69803923 0.6156863 0.58431375 0.60784316 0.5882353 0.6 0.6117647 0.5647059 0.5803922
0.7254902 0.7058824 0.7058824 0.7607843 0.74509805 0.7294118 0.7647059 0.73333335 0.72156864 0.74509805 0.77254903 0.7176471 0.6313726 0.5803922 0.5764706 0.6 0.6509804 0.6509804 0.6039216 0.58431375 0.5411765 0.5254902 0.5803922 0.54901963 0.5294118 0.5372549 0.5686275 0.5529412 0.54901963 0.5372549 0.57254905 0.6313726
0.7254902 0.7019608 0.7294118 0.7490196 0.73333335 0.7058824 0.7137255 0.7294118 0.7137255 0.6784314 0.6745098 0.68235296 0.5568628 0.48235294 0.5686275 0.6431373 0.6431373 0.5803922 0.5137255 0.4745098 0.44313726 0.4392157 0.43529412 0.44705883 0.4745098 0.49411765 0.49803922 0.5176471 0.54509807 0.58431375 0.627451 0.64705884
0.69803923 0.6627451 0.67058825 0.69803923 0.7176471 0.70980394 0.6862745 0.7176471 0.7411765 0.69411767 0.68235296 0.69411767 0.6392157 0.6313726 0.65882355 0.654902 0.5921569 0.5176471 0.46666667 0.44705883 0.4392157 0.44705883 0.4745098 0.47843137 0.5254902 0.5529412 0.56078434 0.59607846 0.6431373 0.67058825 0.6745098 0.6745098
0.6862745 0.6431373 0.6313726 0.6509804 0.6745098 0.7176471 0.74509805 0.7176471 0.69803923 0.67058825 0.6666667 0.6431373 0.6156863 0.6156863 0.61960787 0.5882353 0.5294118 0.49019608 0.48235294 0.45490196 0.50980395 0.5411765 0.5372549 0.5294118 0.5372549 0.5647059 0.5921569 0.627451 0.6509804 0.6627451 0.6627451 0.6666667
0.6745098 0.64705884 0.6431373 0.64705884 0.6784314 0.73333335 0.77254903 0.72156864 0.654902 0.60784316 0.6117647 0.62352943 0.58431375 0.5647059 0.5568628 0.5294118 0.5019608 0.49803922 0.52156866 0.5058824 0.58431375 0.57254905 0.5294118 0.5254902 0.5372549 0.57254905 0.60784316 0.63529414 0.6431373 0.64705884 0.6431373 0.6509804
0.67058825 0.6627451 0.65882355 0.6666667 0.6784314 0.69803923 0.7372549 0.75686276 0.7176471 0.64705884 0.627451 0.6392157 0.5803922 0.5372549 0.5176471 0.5019608 0.49803922 0.5254902 0.5647059 0.5647059 0.57254905 0.5803922 0.57254905 0.5686275 0.5764706 0.59607846 0.6156863 0.62352943 0.6392157 0.6431373 0.627451 0.6431373
0.70980394 0.70980394 0.69803923 0.6901961 0.6784314 0.6784314 0.7058824 0.7411765 0.7411765 0.7058824 0.6627451 0.627451 0.5882353 0.56078434 0.5647059 0.5686275 0.54901963 0.56078434 0.61960787 0.6431373 0.60784316 0.6117647 0.62352943 0.6509804 0.68235296 0.65882355 0.6313726 0.627451 0.65882355 0.6784314 0.67058825 0.6745098
0.6901961 0.7137255 0.7254902 0.69803923 0.69411767 0.69411767 0.72156864 0.7294118 0.75686276 0.7607843 0.7764706 0.70980394 0.65882355 0.6666667 0.7019608 0.7254902 0.69411767 0.64705884 0.6745098 0.7372549 0.68235296 0.65882355 0.654902 0.6666667 0.7137255 0.7372549 0.7176471 0.7176471 0.7607843 0.76862746 0.7607843 0.7411765
0.9019608 0.85490197 0.85882354 0.88235295 0.8666667 0.88235295 0.8980392 0.8627451 0.8666667 0.8784314 0.8666667 0.85490197 0.85882354 0.87058824 0.8784314 0.87058824 0.88235295 0.8980392 0.85882354 0.8 0.8117647 0.8509804 0.8509804 0.84705883 0.8509804 0.8352941 0.8156863 0.8039216 0.8039216 0.8117647 0.827451 0.8392157
0.84705883 0.80784315 0.8156863 0.8352941 0.84705883 0.8392157 0.8509804 0.83137256 0.81960785 0.8392157 0.84313726 0.827451 0.8235294 0.827451 0.81960785 0.81960785 0.8509804 0.8666667 0.8117647 0.8 0.79607844 0.79607844 0.80784315 0.8039216 0.8039216 0.80784315 0.8039216 0.8 0.79607844 0.8039216 0.8156863 0.8156863
0.8392157 0.8235294 0.827451 0.83137256 0.85882354 0.85882354 0.8392157 0.827451 0.8 0.8039216 0.8352941 0.8352941 0.81960785 0.8 0.80784315 0.8352941 0.85490197 0.8627451 0.83137256 0.80784315 0.7921569 0.7882353 0.80784315 0.80784315 0.8117647 0.827451 0.8352941 0.827451 0.827451 0.8235294 0.81960785 0.8117647
0.81960785 0.8039216 0.7921569 0.7882353 0.8156863 0.85490197 0.84313726 0.8392157 0.80784315 0.80784315 0.85882354 0.84705883 0.8 0.7921569 0.8039216 0.8392157 0.8666667 0.85490197 0.827451 0.8156863 0.8117647 0.7882353 0.7764706 0.78431374 0.8 0.8117647 0.83137256 0.8352941 0.8235294 0.8039216 0.79607844 0.7921569
0.81960785 0.80784315 0.80784315 0.80784315 0.81960785 0.80784315 0.79607844 0.8352941 0.827451 0.81960785 0.8509804 0.81960785 0.7921569 0.79607844 0.8039216 0.83137256 0.85882354 0.8352941 0.79607844 0.78039217 0.7882353 0.7921569 0.78039217 0.76862746 0.77254903 0.76862746 0.7882353 0.8039216 0.78039217 0.77254903 0.78039217 0.78039217
0.8392157 0.81960785 0.80784315 0.80784315 0.79607844 0.77254903 0.7529412 0.79607844 0.8039216 0.79607844 0.79607844 0.8 0.78431374 0.77254903 0.7921569 0.83137256 0.84705883 0.8 0.75686276 0.7372549 0.7607843 0.78431374 0.78431374 0.78039217 0.78039217 0.75686276 0.75686276 0.76862746 0.7372549 0.7411765 0.74509805 0.7529412
0.8392157 0.83137256 0.80784315 0.8 0.7921569 0.78039217 0.77254903 0.8039216 0.80784315 0.8 0.7882353 0.8039216 0.7882353 0.76862746 0.7882353 0.81960785 0.8352941 0.7921569 0.75686276 0.7137255 0.72156864 0.7607843 0.7764706 0.81960785 0.8117647 0.77254903 0.73333335 0.72156864 0.69803923 0.7254902 0.73333335 0.74509805
0.8352941 0.8235294 0.83137256 0.8352941 0.8392157 0.827451 0.8117647 0.83137256 0.8352941 0.8352941 0.81960785 0.8039216 0.8 0.7882353 0.79607844 0.83137256 0.85490197 0.84705883 0.8235294 0.7921569 0.78431374 0.76862746 0.7921569 0.85882354 0.8509804 0.7764706 0.7294118 0.69803923 0.7372549 0.7647059 0.7647059 0.7647059
0.84313726 0.8117647 0.8235294 0.84313726 0.8352941 0.8392157 0.8352941 0.8392157 0.827451 0.8235294 0.8156863 0.7921569 0.8039216 0.8235294 0.8862745 0.9490196 0.9607843 0.9529412 0.9607843 0.9607843 0.95686275 0.93333334 0.8980392 0.8627451 0.90588236 0.87058824 0.7607843 0.76862746 0.78431374 0.78039217 0.7882353 0.78431374
0.85490197 0.8352941 0.81960785 0.8235294 0.8352941 0.84705883 0.84313726 0.84313726 0.83137256 0.8156863 0.8039216 0.76862746 0.78039217 0.7607843 0.6784314 0.62352943 0.6392157 0.6509804 0.6431373 0.7411765 0.7607843 0.8039216 0.73333335 0.5882353 0.68235296 0.7411765 0.67058825 0.78431374 0.7882353 0.81960785 0.8117647 0.83137256
0.84313726 0.827451 0.8235294 0.81960785 0.8392157 0.8509804 0.84313726 0.8627451 0.8392157 0.8 0.79607844 0.78431374 0.78431374 0.68235296 0.5372549 0.40784314 0.42352942 0.4509804 0.40784314 0.5411765 0.5294118 0.57254905 0.49019608 0.3372549 0.4117647 0.5686275 0.6784314 0.63529414 0.73333335 0.8235294 0.8039216 0.8235294
0.84313726 0.81960785 0.827451 0.83137256 0.8392157 0.8392157 0.8392157 0.84705883 0.827451 0.7921569 0.76862746 0.7764706 0.85882354 0.8509804 0.8352941 0.83137256 0.83137256 0.80784315 0.85490197 0.9098039 0.93333334 0.88235295 0.67058825 0.43529412 0.44313726 0.6156863 0.6627451 0.4745098 0.68235296 0.7921569 0.78431374 0.78431374
0.827451 0.81960785 0.8392157 0.8352941 0.8392157 0.8392157 0.8235294 0.81960785 0.81960785 0.7921569 0.78431374 0.7372549 0.8509804 0.9529412 0.9490196 0.9529412 0.972549 0.9764706 0.9490196 0.9882353 0.9764706 0.9490196 0.68235296 0.42745098 0.5686275 0.64705884 0.4745098 0.42745098 0.6666667 0.7529412 0.74509805 0.7764706
0.8666667 0.81960785 0.8392157 0.827451 0.83137256 0.84313726 0.8392157 0.8117647 0.8117647 0.8117647 0.80784315 0.74509805 0.7137255 0.62352943 0.6117647 0.6117647 0.6745098 0.68235296 0.8 0.69803923 0.6431373 0.64705884 0.28627452 0.3647059 0.63529414 0.4862745 0.3647059 0.47843137 0.6745098 0.7019608 0.7137255 0.7372549
0.85882354 0.8039216 0.8392157 0.85882354 0.8392157 0.8509804 0.8392157 0.8235294 0.8117647 0.81960785 0.8 0.7921569 0.7019608 0.45490196 0.36862746 0.3647059 0.44705883 0.38431373 0.49411765 0.24705882 0.27058825 0.32156864 0.34901962 0.6627451 0.54901963 0.33333334 0.37254903 0.5647059 0.63529414 0.67058825 0.6745098 0.68235296
0.84705883 0.827451 0.8509804 0.87058824 0.84705883 0.8352941 0.827451 0.8156863 0.8039216 0.8039216 0.8235294 0.9019608 0.9372549 0.8784314 0.87058824 0.87058824 0.9137255 0.9254902 0.9019608 0.8156863 0.654902 0.46666667 0.6431373 0.5647059 0.34509805 0.29411766 0.39215687 0.5686275 0.654902 0.6901961 0.67058825 0.6666667
0.81960785 0.80784315 0.83137256 0.83137256 0.8156863 0.8117647 0.8 0.7921569 0.7882353 0.8 0.8980392 0.94509804 0.95686275 0.9607843 0.9411765 0.9372549 0.93333334 0.9098039 0.9137255 0.74509805 0.627451 0.7058824 0.5686275 0.3372549 0.29411766 0.3019608 0.45490196 0.59607846 0.6901961 0.7490196 0.6901961 0.65882355
0.78039217 0.80784315 0.827451 0.8039216 0.7882353 0.78039217 0.7647059 0.7921569 0.7882353 0.8666667 0.94509804 0.94509804 0.9764706 0.98039216 0.95686275 0.9647059 0.9411765 0.8352941 0.654902 0.63529414 0.7921569 0.60784316 0.3137255 0.25882354 0.3019608 0.4509804 0.60784316 0.627451 0.627451 0.7058824 0.6901961 0.654902
0.7529412 0.7882353 0.8 0.78039217 0.76862746 0.7529412 0.76862746 0.77254903 0.78039217 0.9372549 0.8392157 0.6784314 0.70980394 0.7176471 0.7176471 0.7254902 0.6745098 0.63529414 0.7254902 0.7058824 0.4509804 0.2627451 0.25490198 0.2784314 0.40392157 0.60784316 0.6039216 0.5529412 0.5803922 0.6862745 0.69803923 0.69411767
0.7607843 0.7921569 0.76862746 0.75686276 0.75686276 0.7411765 0.7529412 0.7294118 0.76862746 0.9607843 0.76862746 0.4745098 0.4745098 0.47058824 0.50980395 0.6156863 0.70980394 0.7490196 0.6039216 0.34117648 0.22352941 0.2509804 0.27450982 0.3137255 0.5019608 0.5764706 0.50980395 0.54901963 0.6156863 0.68235296 0.69803923 0.65882355
0.78039217 0.7764706 0.7647059 0.75686276 0.7529412 0.7490196 0.74509805 0.72156864 0.75686276 0.9019608 0.8901961 0.8117647 0.7882353 0.7647059 0.7176471 0.6431373 0.49803922 0.36078432 0.25490198 0.20392157 0.21176471 0.26666668 0.27058825 0.34901962 0.45490196 0.45882353 0.5058824 0.59607846 0.6509804 0.65882355 0.6627451 0.6862745
0.77254903 0.7529412 0.7921569 0.7882353 0.7490196 0.74509805 0.7372549 0.7372549 0.7490196 0.7019608 0.69803923 0.6745098 0.6117647 0.50980395 0.36078432 0.27058825 0.20784314 0.17254902 0.18039216 0.22352941 0.28627452 0.2784314 0.3019608 0.39215687 0.4509804 0.5176471 0.58431375 0.6156863 0.61960787 0.6313726 0.65882355 0.7176471
0.76862746 0.7490196 0.81960785 0.8352941 0.74509805 0.7372549 0.7411765 0.8117647 0.8 0.6392157 0.4392157 0.30588236 0.22745098 0.18039216 0.22352941 0.2509804 0.24313726 0.24705882 0.3019608 0.39607844 0.49411765 0.47058824 0.47058824 0.6039216 0.57254905 0.5647059 0.60784316 0.6117647 0.63529414 0.65882355 0.6784314 0.6666667
0.7647059 0.7411765 0.77254903 0.80784315 0.7764706 0.77254903 0.8 0.84705883 0.80784315 0.74509805 0.5803922 0.3137255 0.22745098 0.28235295 0.28627452 0.30980393 0.3882353 0.44705883 0.5294118 0.5686275 0.63529414 0.6509804 0.7254902 0.7411765 0.6627451 0.6313726 0.6627451 0.6392157 0.64705884 0.6745098 0.64705884 0.65882355
0.78431374 0.7647059 0.75686276 0.8 0.78039217 0.7647059 0.80784315 0.7764706 0.7176471 0.7019608 0.6392157 0.38431373 0.2509804 0.2627451 0.3019608 0.37254903 0.47843137 0.53333336 0.5568628 0.5568628 0.5294118 0.5254902 0.59607846 0.5764706 0.5764706 0.59607846 0.63529414 0.61960787 0.6156863 0.6117647 0.654902 0.7137255
0.78039217 0.75686276 0.78039217 0.79607844 0.7764706 0.7529412 0.75686276 0.75686276 0.7176471 0.65882355 0.654902 0.5019608 0.30588236 0.34509805 0.49019608 0.5803922 0.5882353 0.5372549 0.47058824 0.4392157 0.42352942 0.42352942 0.41960785 0.46666667 0.5372549 0.5803922 0.59607846 0.6156863 0.6431373 0.67058825 0.70980394 0.7294118
0.7529412 0.7176471 0.7254902 0.7490196 0.76862746 0.7607843 0.7372549 0.7529412 0.7490196 0.6784314 0.6784314 0.5882353 0.49803922 0.56078434 0.5803922 0.5686275 0.5058824 0.43529412 0.4117647 0.40784314 0.4117647 0.42745098 0.46666667 0.5137255 0.60784316 0.6509804 0.65882355 0.69803923 0.7411765 0.75686276 0.75686276 0.75686276
0.7411765 0.69803923 0.6901961 0.7137255 0.7411765 0.78039217 0.8156863 0.78039217 0.7137255 0.6313726 0.6 0.5529412 0.5686275 0.5372549 0.5254902 0.5176471 0.4745098 0.4392157 0.42745098 0.40784314 0.4745098 0.5294118 0.5686275 0.5921569 0.63529414 0.6627451 0.6745098 0.70980394 0.73333335 0.74509805 0.74509805 0.7490196
0.7294118 0.7019608 0.69803923 0.7058824 0.7372549 0.7921569 0.83137256 0.77254903 0.6666667 0.56078434 0.52156866 0.5372549 0.5372549 0.5058824 0.5058824 0.49019608 0.46666667 0.45882353 0.4862745 0.4862745 0.5921569 0.6117647 0.60784316 0.6117647 0.6313726 0.6627451 0.6862745 0.7137255 0.72156864 0.73333335 0.73333335 0.7372549
0.7254902 0.7176471 0.7137255 0.7176471 0.73333335 0.7529412 0.7882353 0.79607844 0.73333335 0.6156863 0.54901963 0.5529412 0.5137255 0.49411765 0.47843137 0.45882353 0.4627451 0.5058824 0.59607846 0.627451 0.6666667 0.6862745 0.6666667 0.6627451 0.6666667 0.6784314 0.69411767 0.7019608 0.7176471 0.7254902 0.7137255 0.7254902
0.7647059 0.7647059 0.7529412 0.74509805 0.73333335 0.73333335 0.75686276 0.7882353 0.77254903 0.69803923 0.6039216 0.5568628 0.5411765 0.53333336 0.53333336 0.54509807 0.5568628 0.59607846 0.6784314 0.72156864 0.7019608 0.70980394 0.70980394 0.7372549 0.76862746 0.7372549 0.7019608 0.69803923 0.7254902 0.7529412 0.74509805 0.7490196
0.74509805 0.76862746 0.78039217 0.75686276 0.7490196 0.7529412 0.7764706 0.7882353 0.80784315 0.77254903 0.7490196 0.6745098 0.64705884 0.6745098 0.7137255 0.74509805 0.7372549 0.69803923 0.7176471 0.7764706 0.72156864 0.70980394 0.7254902 0.7411765 0.7882353 0.80784315 0.78039217 0.78039217 0.8235294 0.8352941 0.827451 0.80784315
15 13 2
15 17 2
1 3 2
15 16 2
12 14 2
19 17 1
15 15 2
20 13 1
15 18 2
20 14 1
