32, 32, 3, 10
1.0 0.972549 0.8901961 0.6784314 0.5686275 0.5882353 0.7019608 0.6392157 0.43137255 0.34509805 0.33333334 0.29411766 0.29411766 0.33333334 0.3372549 0.3019608 0.30980393 0.36078432 0.3647059 0.44705883 0.78431374 0.77254903 0.627451 0.9529412 1.0 0.9647059 0.91764706 0.84313726 0.9372549 0.8862745 0.6313726 0.654902
0.93333334 0.89411765 0.75686276 0.68235296 0.59607846 0.6784314 0.7882353 0.6627451 0.4627451 0.40784314 0.3882353 0.37254903 0.3372549 0.3372549 0.34901962 0.38039216 0.38039216 0.35686275 0.41568628 0.5529412 0.8235294 0.6117647 0.5058824 0.8039216 0.8745098 0.79607844 0.827451 0.7058824 0.8156863 0.7921569 0.53333336 0.6431373
0.7647059 0.8392157 0.7529412 0.81960785 0.9019608 0.8862745 0.9137255 0.8901961 0.8039216 0.77254903 0.70980394 0.63529414 0.6392157 0.6745098 0.67058825 0.6431373 0.6 0.5058824 0.5019608 0.5411765 0.5882353 0.43529412 0.43529412 0.5764706 0.5372549 0.5764706 0.654902 0.54509807 0.6745098 0.7176471 0.5058824 0.627451
0.6313726 0.7294118 0.7529412 0.7490196 0.8117647 0.8392157 0.8627451 0.9019608 0.9254902 0.92941177 0.8784314 0.8235294 0.89411765 0.9764706 0.94509804 0.9372549 0.9372549 0.8352941 0.5294118 0.42352942 0.39215687 0.33333334 0.34901962 0.36862746 0.36078432 0.5529412 0.63529414 0.5176471 0.6 0.67058825 0.5882353 0.5137255
0.5568628 0.6431373 0.57254905 0.48235294 0.48235294 0.5294118 0.61960787 0.7137255 0.78039217 0.7647059 0.67058825 0.69803923 0.7137255 0.7294118 0.70980394 0.7607843 0.79607844 0.78431374 0.74509805 0.69803923 0.61960787 0.47058824 0.3254902 0.2627451 0.2784314 0.36862746 0.45882353 0.54509807 0.7019608 0.6117647 0.52156866 0.4745098
0.57254905 0.5137255 0.5372549 0.53333336 0.5294118 0.5019608 0.54509807 0.5254902 0.60784316 0.58431375 0.44313726 0.45490196 0.45490196 0.45882353 0.45882353 0.45490196 0.47058824 0.49019608 0.5294118 0.57254905 0.6117647 0.5882353 0.43137255 0.3254902 0.31764707 0.3372549 0.38431373 0.5137255 0.6392157 0.6313726 0.5372549 0.56078434
0.64705884 0.47843137 0.6039216 0.6431373 0.6784314 0.53333336 0.5372549 0.5058824 0.5568628 0.5764706 0.45882353 0.46666667 0.4745098 0.47058824 0.47058824 0.4509804 0.44705883 0.44705883 0.43529412 0.43529412 0.46666667 0.4745098 0.4627451 0.38039216 0.28627452 0.46666667 0.6039216 0.41568628 0.43137255 0.5137255 0.5254902 0.5686275
0.6313726 0.49019608 0.6039216 0.6431373 0.654902 0.49803922 0.5372549 0.45490196 0.53333336 0.57254905 0.4627451 0.47843137 0.49803922 0.5019608 0.49411765 0.49019608 0.52156866 0.4862745 0.4627451 0.49019608 0.5019608 0.5019608 0.5058824 0.33333334 0.13333334 0.4509804 0.70980394 0.44313726 0.41568628 0.49803922 0.5176471 0.5921569
0.6666667 0.5137255 0.58431375 0.67058825 0.67058825 0.5058824 0.5568628 0.41960785 0.5372549 0.5882353 0.4745098 0.5019608 0.5254902 0.52156866 0.49411765 0.49411765 0.53333336 0.47058824 0.4627451 0.5058824 0.49803922 0.5019608 0.48235294 0.29803923 0.12941177 0.50980395 0.7058824 0.39607844 0.36862746 0.49019608 0.49019608 0.5764706
0.49411765 0.40392157 0.5686275 0.6431373 0.5803922 0.47058824 0.53333336 0.34901962 0.5568628 0.6156863 0.4627451 0.47058824 0.47843137 0.5019608 0.49803922 0.52156866 0.5568628 0.4627451 0.47058824 0.5019608 0.47843137 0.4862745 0.47058824 0.2901961 0.19607843 0.5372549 0.6039216 0.3882353 0.3882353 0.52156866 0.5647059 0.5803922
0.30588236 0.30980393 0.5568628 0.5882353 0.4627451 0.45882353 0.5411765 0.34509805 0.5568628 0.74509805 0.5882353 0.5882353 0.6 0.63529414 0.67058825 0.76862746 0.8509804 0.8039216 0.78431374 0.7529412 0.58431375 0.57254905 0.5921569 0.41568628 0.24313726 0.44705883 0.40392157 0.42745098 0.5058824 0.6392157 0.6745098 0.6784314
0.23529412 0.30588236 0.5411765 0.56078434 0.4745098 0.49411765 0.5568628 0.49803922 0.6392157 0.89411765 0.88235295 0.87058824 0.8745098 0.8666667 0.8627451 0.91764706 0.9647059 0.9764706 0.98039216 0.95686275 0.85490197 0.84313726 0.88235295 0.69411767 0.42745098 0.5058824 0.4627451 0.4627451 0.46666667 0.58431375 0.5411765 0.61960787
0.30980393 0.4392157 0.5686275 0.52156866 0.49803922 0.6117647 0.59607846 0.59607846 0.6784314 0.8117647 0.87058824 0.8901961 0.9098039 0.92941177 0.9372549 0.9372549 0.93333334 0.9254902 0.9254902 0.92941177 0.9411765 0.9411765 0.93333334 0.90588236 0.85490197 0.8392157 0.78431374 0.69411767 0.54901963 0.4862745 0.40784314 0.54509807
0.3372549 0.42352942 0.4745098 0.40392157 0.53333336 0.6627451 0.6039216 0.46666667 0.57254905 0.69803923 0.7019608 0.6 0.6313726 0.77254903 0.89411765 0.9411765 0.9647059 0.95686275 0.9411765 0.9254902 0.9137255 0.90588236 0.8901961 0.8666667 0.8901961 0.89411765 0.8901961 0.8745098 0.73333335 0.49411765 0.4117647 0.50980395
0.35686275 0.5058824 0.48235294 0.34901962 0.5019608 0.6156863 0.52156866 0.2901961 0.4627451 0.654902 0.6627451 0.40392157 0.35686275 0.6156863 0.8039216 0.8509804 0.8352941 0.7058824 0.6509804 0.627451 0.6156863 0.6039216 0.6039216 0.5921569 0.5882353 0.57254905 0.6039216 0.63529414 0.6784314 0.52156866 0.48235294 0.54901963
0.23921569 0.41960785 0.5058824 0.4627451 0.53333336 0.5921569 0.54901963 0.44313726 0.5294118 0.6666667 0.8 0.64705884 0.5529412 0.7372549 0.79607844 0.80784315 0.68235296 0.38039216 0.32156864 0.2901961 0.2627451 0.2627451 0.2627451 0.25882354 0.2627451 0.25882354 0.30980393 0.3372549 0.5568628 0.6431373 0.5803922 0.56078434
0.14509805 0.1882353 0.27058825 0.28235295 0.4862745 0.5882353 0.5803922 0.6117647 0.6745098 0.78431374 0.8862745 0.75686276 0.67058825 0.87058824 0.8901961 0.8627451 0.6431373 0.3019608 0.27058825 0.22745098 0.18039216 0.18039216 0.18039216 0.18431373 0.19215687 0.19215687 0.24705882 0.2627451 0.53333336 0.8980392 0.75686276 0.2784314
0.16470589 0.14117648 0.1254902 0.14509805 0.44313726 0.5803922 0.5686275 0.5882353 0.62352943 0.7058824 0.7882353 0.81960785 0.8745098 0.92941177 0.9372549 0.90588236 0.61960787 0.23921569 0.22352941 0.25882354 0.25490198 0.26666668 0.2627451 0.27058825 0.29411766 0.27450982 0.2784314 0.25490198 0.5137255 0.78039217 0.6745098 0.20784314
0.16470589 0.12941177 0.12156863 0.14509805 0.38431373 0.5529412 0.5686275 0.47058824 0.30980393 0.4392157 0.654902 0.75686276 0.83137256 0.827451 0.827451 0.827451 0.60784316 0.27058825 0.25882354 0.2784314 0.27450982 0.2784314 0.2627451 0.24705882 0.24705882 0.21568628 0.23921569 0.24705882 0.4862745 0.60784316 0.53333336 0.21960784
0.17254902 0.14117648 0.15294118 0.14117648 0.19607843 0.35686275 0.49803922 0.34901962 0.1254902 0.18431373 0.5019608 0.7176471 0.7607843 0.6509804 0.5764706 0.68235296 0.5921569 0.26666668 0.21568628 0.22745098 0.23529412 0.24313726 0.23921569 0.2509804 0.2627451 0.24313726 0.25490198 0.24313726 0.47843137 0.7254902 0.6156863 0.22745098
0.17254902 0.15686275 0.18039216 0.14509805 0.11764706 0.14901961 0.2509804 0.23137255 0.12156863 0.15294118 0.38039216 0.68235296 0.7019608 0.57254905 0.5921569 0.6392157 0.59607846 0.28627452 0.23529412 0.24313726 0.23921569 0.24705882 0.23921569 0.21960784 0.21960784 0.2 0.23529412 0.23137255 0.4627451 0.7411765 0.6666667 0.26666668
0.18431373 0.16862746 0.17254902 0.16470589 0.15294118 0.13333334 0.14509805 0.17254902 0.15686275 0.17254902 0.30588236 0.68235296 0.7058824 0.69411767 0.72156864 0.627451 0.5764706 0.25882354 0.21176471 0.22352941 0.23137255 0.23921569 0.23921569 0.24313726 0.25882354 0.2509804 0.2901961 0.29411766 0.5058824 0.7647059 0.6862745 0.39607844
0.20392157 0.1764706 0.15686275 0.1764706 0.18431373 0.15686275 0.16078432 0.1764706 0.15686275 0.15686275 0.2627451 0.6392157 0.72156864 0.6666667 0.64705884 0.7019608 0.58431375 0.2784314 0.2627451 0.25882354 0.24313726 0.2509804 0.2509804 0.27058825 0.28235295 0.26666668 0.2901961 0.29803923 0.42352942 0.5372549 0.49411765 0.5058824
0.21176471 0.19607843 0.19215687 0.1764706 0.16862746 0.20784314 0.21176471 0.1764706 0.16470589 0.17254902 0.22745098 0.59607846 0.7529412 0.73333335 0.74509805 0.79607844 0.6156863 0.3137255 0.2784314 0.29411766 0.29411766 0.3019608 0.3019608 0.30980393 0.32941177 0.33333334 0.32156864 0.28627452 0.36078432 0.41960785 0.45490196 0.41568628
0.23529412 0.22352941 0.21176471 0.19607843 0.15686275 0.19607843 0.23921569 0.1764706 0.16862746 0.1764706 0.18431373 0.4509804 0.65882355 0.6627451 0.6666667 0.61960787 0.45882353 0.28627452 0.28235295 0.3372549 0.38039216 0.39607844 0.41568628 0.4392157 0.45490196 0.47843137 0.45882353 0.27058825 0.4 0.52156866 0.5294118 0.42352942
0.25882354 0.23529412 0.21960784 0.20392157 0.1764706 0.15294118 0.18039216 0.16470589 0.16078432 0.14509805 0.14509805 0.22352941 0.37254903 0.39215687 0.42745098 0.4392157 0.44313726 0.39215687 0.30588236 0.42745098 0.5058824 0.49803922 0.49803922 0.50980395 0.5058824 0.5019608 0.47843137 0.36078432 0.4392157 0.49803922 0.47843137 0.33333334
0.2784314 0.2509804 0.21960784 0.21960784 0.21176471 0.17254902 0.14901961 0.16078432 0.17254902 0.15686275 0.14117648 0.21960784 0.41960785 0.46666667 0.48235294 0.49019608 0.5019608 0.41568628 0.26666668 0.42745098 0.5019608 0.49411765 0.5019608 0.49803922 0.4862745 0.4627451 0.43529412 0.41568628 0.36862746 0.3137255 0.27450982 0.21960784
0.28627452 0.27058825 0.24313726 0.23137255 0.23529412 0.23529412 0.20392157 0.18039216 0.18039216 0.14117648 0.13725491 0.2 0.41568628 0.48235294 0.49019608 0.4862745 0.49411765 0.48235294 0.47058824 0.4862745 0.4745098 0.45490196 0.40784314 0.35686275 0.3019608 0.23921569 0.19215687 0.15294118 0.1254902 0.14509805 0.20392157 0.24313726
0.3019608 0.28627452 0.27450982 0.24705882 0.25882354 0.2509804 0.23137255 0.2 0.19215687 0.13333334 0.13333334 0.15686275 0.34117648 0.44313726 0.44705883 0.43137255 0.40784314 0.3882353 0.35686275 0.31764707 0.26666668 0.21176471 0.16078432 0.13725491 0.11372549 0.101960786 0.10980392 0.10980392 0.11764706 0.20784314 0.27450982 0.3254902
0.30980393 0.28627452 0.2627451 0.23529412 0.2509804 0.25882354 0.23529412 0.21176471 0.19607843 0.15294118 0.13333334 0.11764706 0.16470589 0.21568628 0.21960784 0.19607843 0.16862746 0.14509805 0.12941177 0.12941177 0.1254902 0.11764706 0.1254902 0.13333334 0.15294118 0.1764706 0.16470589 0.15294118 0.20784314 0.3254902 0.32156864 0.32941177
0.30588236 0.28627452 0.26666668 0.2627451 0.25882354 0.2784314 0.25490198 0.22745098 0.21960784 0.20392157 0.1254902 0.11372549 0.10980392 0.105882354 0.105882354 0.11764706 0.12941177 0.1254902 0.13333334 0.13333334 0.14509805 0.15686275 0.1764706 0.18039216 0.21176471 0.2627451 0.23137255 0.23529412 0.29411766 0.34509805 0.34901962 0.3529412
0.29803923 0.30588236 0.29803923 0.2784314 0.27058825 0.2784314 0.26666668 0.25490198 0.23137255 0.19607843 0.13333334 0.11764706 0.11764706 0.12941177 0.14117648 0.16862746 0.16862746 0.15686275 0.18039216 0.18039216 0.19215687 0.19607843 0.21568628 0.23137255 0.25882354 0.29411766 0.29411766 0.3019608 0.30980393 0.3254902 0.34901962 0.3764706
1.0 0.98039216 0.9019608 0.7137255 0.6117647 0.62352943 0.7254902 0.6745098 0.48235294 0.34509805 0.3254902 0.30980393 0.31764707 0.35686275 0.36078432 0.3137255 0.30588236 0.3647059 0.39607844 0.47843137 0.8 0.78039217 0.62352943 0.9529412 1.0 0.9647059 0.91764706 0.84705883 0.9411765 0.8901961 0.63529414 0.6627451
0.94509804 0.9137255 0.78039217 0.6666667 0.5686275 0.6509804 0.7607843 0.64705884 0.47058824 0.37254903 0.34901962 0.36078432 0.33333334 0.34117648 0.35686275 0.3882353 0.35686275 0.3372549 0.44313726 0.5803922 0.8352941 0.61960787 0.5058824 0.8039216 0.8784314 0.8 0.83137256 0.70980394 0.81960785 0.79607844 0.5411765 0.654902
0.78039217 0.85490197 0.75686276 0.7490196 0.8039216 0.79607844 0.8117647 0.7921569 0.73333335 0.68235296 0.6313726 0.5568628 0.56078434 0.6039216 0.59607846 0.5803922 0.52156866 0.4509804 0.4862745 0.53333336 0.58431375 0.4509804 0.45490196 0.5921569 0.5529412 0.5882353 0.6666667 0.56078434 0.6862745 0.7254902 0.52156866 0.64705884
0.64705884 0.7254902 0.7294118 0.65882355 0.7019608 0.72156864 0.73333335 0.7764706 0.80784315 0.75686276 0.7019608 0.6862745 0.7607843 0.827451 0.78431374 0.7882353 0.7921569 0.7294118 0.46666667 0.39215687 0.38431373 0.3529412 0.38431373 0.39215687 0.38039216 0.57254905 0.6509804 0.5372549 0.6156863 0.6862745 0.60784316 0.5411765
0.57254905 0.61960787 0.50980395 0.40392157 0.4117647 0.4392157 0.50980395 0.6313726 0.6745098 0.63529414 0.54901963 0.60784316 0.627451 0.6156863 0.57254905 0.6039216 0.6313726 0.6431373 0.64705884 0.6313726 0.5411765 0.42352942 0.34509805 0.30980393 0.30980393 0.3764706 0.48235294 0.56078434 0.7058824 0.61960787 0.5372549 0.4627451
0.58431375 0.49019608 0.45490196 0.45882353 0.4862745 0.44313726 0.47058824 0.47843137 0.5294118 0.5372549 0.43529412 0.43529412 0.4392157 0.43529412 0.42745098 0.42352942 0.4392157 0.44705883 0.4862745 0.52156866 0.5137255 0.5137255 0.42745098 0.38431373 0.39215687 0.36862746 0.4117647 0.5294118 0.63529414 0.63529414 0.5568628 0.54901963
0.6627451 0.45882353 0.53333336 0.59607846 0.65882355 0.49019608 0.4745098 0.4627451 0.49411765 0.5254902 0.4627451 0.4745098 0.49411765 0.4862745 0.47843137 0.4627451 0.46666667 0.46666667 0.45882353 0.45882353 0.46666667 0.4627451 0.4392157 0.43137255 0.4117647 0.5411765 0.61960787 0.43529412 0.44705883 0.53333336 0.5647059 0.6156863
0.6392157 0.47058824 0.5294118 0.6156863 0.654902 0.45882353 0.47843137 0.42352942 0.4862745 0.5254902 0.4745098 0.48235294 0.5019608 0.50980395 0.49803922 0.4745098 0.50980395 0.47843137 0.45882353 0.49019608 0.52156866 0.5254902 0.49803922 0.3882353 0.27058825 0.53333336 0.70980394 0.46666667 0.44313726 0.52156866 0.56078434 0.6392157
0.6745098 0.49019608 0.49411765 0.6156863 0.65882355 0.4745098 0.5137255 0.39607844 0.48235294 0.5411765 0.49411765 0.49019608 0.5137255 0.5176471 0.49411765 0.5019608 0.54901963 0.49019608 0.4745098 0.49019608 0.4862745 0.49803922 0.48235294 0.34509805 0.22352941 0.5568628 0.7019608 0.41960785 0.39607844 0.5137255 0.53333336 0.6117647
0.5058824 0.38431373 0.47843137 0.5647059 0.5529412 0.4392157 0.49411765 0.3372549 0.49019608 0.54901963 0.48235294 0.4745098 0.4745098 0.49803922 0.5019608 0.5137255 0.54509807 0.44705883 0.4509804 0.5058824 0.48235294 0.48235294 0.47058824 0.3254902 0.25490198 0.5372549 0.5882353 0.40784314 0.4 0.53333336 0.5882353 0.6117647
0.29411766 0.2784314 0.47843137 0.5137255 0.43137255 0.43529412 0.5137255 0.34117648 0.47843137 0.64705884 0.5529412 0.5568628 0.5411765 0.5686275 0.6156863 0.6901961 0.7647059 0.7254902 0.70980394 0.7058824 0.5568628 0.54509807 0.5529412 0.40392157 0.2901961 0.43529412 0.39215687 0.44705883 0.50980395 0.63529414 0.6627451 0.68235296
0.2 0.25490198 0.46666667 0.50980395 0.44705883 0.45490196 0.5176471 0.46666667 0.5411765 0.7529412 0.7607843 0.76862746 0.77254903 0.7647059 0.7647059 0.7921569 0.8392157 0.85490197 0.8627451 0.8509804 0.75686276 0.7490196 0.76862746 0.60784316 0.41960785 0.4862745 0.47058824 0.4745098 0.4627451 0.5764706 0.5176471 0.6117647
0.2627451 0.38431373 0.5058824 0.45490196 0.44313726 0.5254902 0.5058824 0.5176471 0.5764706 0.6784314 0.73333335 0.7607843 0.78039217 0.8039216 0.8117647 0.827451 0.83137256 0.81960785 0.827451 0.8392157 0.85490197 0.8509804 0.827451 0.8 0.78431374 0.7647059 0.7254902 0.6313726 0.49803922 0.46666667 0.41960785 0.54901963
0.2627451 0.3529412 0.40392157 0.30980393 0.44705883 0.54509807 0.49019608 0.3882353 0.4745098 0.59607846 0.60784316 0.5019608 0.5294118 0.6745098 0.7764706 0.80784315 0.83137256 0.827451 0.81960785 0.8039216 0.7921569 0.78431374 0.7647059 0.76862746 0.79607844 0.8 0.78431374 0.7647059 0.64705884 0.43529412 0.39215687 0.49803922
0.28627452 0.43529412 0.41568628 0.26666668 0.41960785 0.5058824 0.44313726 0.25490198 0.38039216 0.5294118 0.56078434 0.33333334 0.26666668 0.50980395 0.67058825 0.7058824 0.68235296 0.5568628 0.50980395 0.4862745 0.4745098 0.46666667 0.47058824 0.47058824 0.45882353 0.47058824 0.49803922 0.50980395 0.57254905 0.4 0.3647059 0.5058824
0.20392157 0.3647059 0.4392157 0.38431373 0.4392157 0.4745098 0.44313726 0.3764706 0.43137255 0.5372549 0.6862745 0.49411765 0.32156864 0.54509807 0.654902 0.68235296 0.5137255 0.24705882 0.23137255 0.21568628 0.19607843 0.19607843 0.2 0.2 0.20392157 0.20392157 0.24313726 0.24313726 0.4392157 0.49411765 0.44313726 0.5254902
0.13725491 0.14901961 0.21960784 0.23137255 0.39607844 0.47058824 0.48235294 0.52156866 0.5803922 0.67058825 0.7607843 0.60784316 0.4509804 0.7019608 0.7647059 0.7254902 0.46666667 0.19607843 0.20784314 0.19215687 0.16470589 0.16470589 0.16470589 0.16470589 0.16862746 0.16078432 0.20392157 0.20784314 0.42745098 0.76862746 0.627451 0.2509804
0.1764706 0.13725491 0.12156863 0.13333334 0.3647059 0.45882353 0.4745098 0.49803922 0.5372549 0.6039216 0.65882355 0.69803923 0.72156864 0.7921569 0.7921569 0.7490196 0.47843137 0.19215687 0.2 0.19607843 0.1882353 0.19607843 0.19607843 0.20392157 0.22745098 0.20784314 0.20784314 0.20392157 0.41960785 0.68235296 0.5764706 0.18431373
0.18039216 0.14117648 0.14117648 0.13725491 0.3137255 0.4392157 0.4745098 0.3882353 0.23529412 0.36078432 0.5411765 0.6313726 0.69411767 0.72156864 0.7137255 0.7176471 0.48235294 0.19215687 0.19215687 0.19215687 0.2 0.20392157 0.1882353 0.19607843 0.20784314 0.1764706 0.19607843 0.19215687 0.4 0.57254905 0.5176471 0.21568628
0.18039216 0.14117648 0.15294118 0.13333334 0.16862746 0.3019608 0.43137255 0.3019608 0.105882354 0.16470589 0.42745098 0.6156863 0.6666667 0.60784316 0.54901963 0.627451 0.4745098 0.18431373 0.18431373 0.18039216 0.1882353 0.19607843 0.1882353 0.18039216 0.19215687 0.18039216 0.2 0.2 0.4 0.7176471 0.60784316 0.21568628
0.1764706 0.15686275 0.18039216 0.14901961 0.12156863 0.13333334 0.21568628 0.21176471 0.13333334 0.15294118 0.32941177 0.60784316 0.654902 0.58431375 0.6156863 0.61960787 0.46666667 0.1882353 0.2 0.19607843 0.19607843 0.2 0.1882353 0.19215687 0.19607843 0.16470589 0.2 0.20784314 0.41568628 0.69411767 0.6156863 0.23529412
0.19607843 0.1764706 0.18039216 0.16862746 0.14901961 0.1254902 0.12941177 0.15686275 0.16078432 0.16470589 0.25882354 0.5764706 0.63529414 0.6901961 0.7372549 0.61960787 0.4745098 0.20784314 0.19607843 0.1882353 0.19215687 0.19215687 0.1882353 0.19215687 0.19607843 0.17254902 0.2 0.1882353 0.41568628 0.6745098 0.5921569 0.34117648
0.22352941 0.1882353 0.17254902 0.18039216 0.18431373 0.14509805 0.14509805 0.16470589 0.15686275 0.14901961 0.22352941 0.5411765 0.6431373 0.65882355 0.65882355 0.6666667 0.4745098 0.2 0.20392157 0.21176471 0.20784314 0.21176471 0.2 0.19215687 0.19607843 0.1882353 0.21960784 0.21568628 0.34509805 0.4745098 0.41568628 0.47058824
0.23529412 0.21568628 0.20784314 0.18431373 0.16862746 0.19607843 0.19607843 0.16862746 0.16078432 0.16862746 0.20392157 0.5372549 0.6745098 0.6784314 0.6784314 0.7058824 0.49019608 0.22745098 0.22745098 0.23529412 0.23529412 0.24705882 0.2509804 0.2627451 0.28627452 0.30588236 0.30980393 0.29411766 0.36862746 0.42352942 0.45490196 0.41568628
0.26666668 0.24705882 0.23137255 0.20784314 0.16078432 0.1882353 0.23137255 0.17254902 0.16470589 0.17254902 0.17254902 0.4 0.5529412 0.5647059 0.5686275 0.5411765 0.38431373 0.24313726 0.27058825 0.33333334 0.38039216 0.40784314 0.43137255 0.44705883 0.46666667 0.5019608 0.48235294 0.28235295 0.42352942 0.5372549 0.5372549 0.42745098
0.28627452 0.2627451 0.24313726 0.22352941 0.1882353 0.15294118 0.17254902 0.16470589 0.15686275 0.14509805 0.14509805 0.21176471 0.32941177 0.3764706 0.42352942 0.44705883 0.45490196 0.40392157 0.30980393 0.44705883 0.53333336 0.53333336 0.53333336 0.5372549 0.5294118 0.5254902 0.5019608 0.37254903 0.45882353 0.52156866 0.49019608 0.33333334
0.29803923 0.27450982 0.24313726 0.24313726 0.23137255 0.18431373 0.15294118 0.16078432 0.17254902 0.15686275 0.14901961 0.23921569 0.44313726 0.49803922 0.52156866 0.52156866 0.5294118 0.43137255 0.28235295 0.4509804 0.53333336 0.52156866 0.5254902 0.5254902 0.5137255 0.49019608 0.45882353 0.42745098 0.36862746 0.32156864 0.2901961 0.21568628
0.29803923 0.2901961 0.26666668 0.2509804 0.25490198 0.24705882 0.21568628 0.1882353 0.18431373 0.14117648 0.14509805 0.21568628 0.4392157 0.5137255 0.52156866 0.52156866 0.52156866 0.5019608 0.48235294 0.5019608 0.49019608 0.46666667 0.41960785 0.36862746 0.3137255 0.2509804 0.20784314 0.16862746 0.13333334 0.14509805 0.20784314 0.23529412
0.30980393 0.3019608 0.2901961 0.2627451 0.27450982 0.26666668 0.24313726 0.21176471 0.2 0.13333334 0.13333334 0.16470589 0.35686275 0.4627451 0.4745098 0.45490196 0.43137255 0.40392157 0.3647059 0.32156864 0.27058825 0.21176471 0.16078432 0.13333334 0.11372549 0.09803922 0.10980392 0.12156863 0.1254902 0.2 0.2627451 0.31764707
0.3137255 0.29411766 0.27450982 0.23921569 0.25882354 0.27058825 0.24313726 0.22745098 0.20392157 0.15294118 0.13333334 0.11764706 0.16862746 0.22352941 0.23529412 0.21960784 0.19215687 0.15686275 0.13725491 0.13333334 0.12941177 0.1254902 0.12941177 0.12941177 0.15294118 0.18039216 0.16470589 0.15294118 0.20784314 0.3137255 0.30980393 0.32156864
0.30588236 0.2901961 0.27450982 0.25882354 0.2627451 0.28627452 0.2627451 0.24313726 0.23137255 0.20784314 0.1254902 0.10980392 0.105882354 0.10980392 0.11764706 0.14117648 0.15294118 0.13725491 0.14117648 0.14117648 0.15686275 0.16862746 0.1882353 0.19215687 0.22352941 0.2784314 0.24313726 0.23137255 0.28235295 0.34117648 0.34509805 0.3372549
0.30588236 0.30980393 0.29803923 0.2784314 0.2784314 0.28627452 0.27058825 0.26666668 0.24313726 0.2 0.14117648 0.12156863 0.1254902 0.14117648 0.15686275 0.18431373 0.18431373 0.16862746 0.19215687 0.19215687 0.20784314 0.20392157 0.21568628 0.23137255 0.2627451 0.3019608 0.29803923 0.2901961 0.29803923 0.3254902 0.35686275 0.3764706
1.0 0.98039216 0.91764706 0.72156864 0.6039216 0.61960787 0.7529412 0.70980394 0.46666667 0.30588236 0.2901961 0.24705882 0.23137255 0.27450982 0.29411766 0.25490198 0.2627451 0.34117648 0.34901962 0.42745098 0.78431374 0.7607843 0.6313726 0.9607843 1.0 0.9647059 0.91764706 0.84705883 0.9372549 0.8980392 0.6666667 0.68235296
0.9490196 0.91764706 0.7647059 0.5372549 0.4 0.5058824 0.6509804 0.53333336 0.3254902 0.23137255 0.22352941 0.2509804 0.20392157 0.20392157 0.23137255 0.2509804 0.31764707 0.33333334 0.3882353 0.5411765 0.83137256 0.5921569 0.49411765 0.8 0.87058824 0.79607844 0.83137256 0.7176471 0.83137256 0.8117647 0.5686275 0.68235296
0.7882353 0.84313726 0.6666667 0.29803923 0.22352941 0.23137255 0.2784314 0.27450982 0.22745098 0.22352941 0.21568628 0.21960784 0.18431373 0.18039216 0.19215687 0.24313726 0.21960784 0.20392157 0.44313726 0.5568628 0.59607846 0.4117647 0.4117647 0.5647059 0.5294118 0.5803922 0.6627451 0.5686275 0.70980394 0.7529412 0.5411765 0.67058825
0.65882355 0.69411767 0.5921569 0.20392157 0.11764706 0.13333334 0.14509805 0.1882353 0.22745098 0.21176471 0.1764706 0.16862746 0.18039216 0.20392157 0.1764706 0.1764706 0.18431373 0.21176471 0.28235295 0.34901962 0.36078432 0.3372549 0.39607844 0.37254903 0.34509805 0.56078434 0.654902 0.54901963 0.6509804 0.7176471 0.61960787 0.5529412
0.5803922 0.54509807 0.32941177 0.11764706 0.14117648 0.12156863 0.20392157 0.29803923 0.29411766 0.23137255 0.23921569 0.21960784 0.19607843 0.22745098 0.23137255 0.22352941 0.23529412 0.23529412 0.27058825 0.29411766 0.2901961 0.27058825 0.36862746 0.34117648 0.32941177 0.4 0.5019608 0.5882353 0.7372549 0.6431373 0.54509807 0.4627451
0.5686275 0.34901962 0.19215687 0.29411766 0.44705883 0.24313726 0.22352941 0.32156864 0.2627451 0.24705882 0.37254903 0.41568628 0.40392157 0.4 0.39215687 0.3882353 0.35686275 0.34901962 0.33333334 0.3529412 0.36862746 0.33333334 0.3764706 0.4509804 0.48235294 0.42745098 0.45490196 0.5686275 0.67058825 0.6666667 0.5803922 0.5686275
0.63529414 0.2784314 0.19215687 0.4117647 0.654902 0.30588236 0.2 0.39215687 0.2509804 0.32941177 0.49803922 0.5058824 0.5176471 0.5058824 0.5019608 0.49803922 0.48235294 0.5058824 0.49411765 0.49411765 0.52156866 0.44705883 0.44313726 0.5294118 0.52156866 0.6039216 0.65882355 0.47843137 0.49019608 0.58431375 0.6117647 0.6627451
0.6431373 0.31764707 0.17254902 0.38431373 0.63529414 0.31764707 0.25490198 0.4 0.22352941 0.34901962 0.5254902 0.5058824 0.52156866 0.53333336 0.52156866 0.48235294 0.49411765 0.5137255 0.5176471 0.5019608 0.54901963 0.5294118 0.49019608 0.47843137 0.39215687 0.59607846 0.7372549 0.4862745 0.47843137 0.5764706 0.61960787 0.6901961
0.68235296 0.36078432 0.16078432 0.4392157 0.654902 0.31764707 0.2627451 0.34509805 0.23921569 0.34509805 0.5019608 0.5019608 0.5254902 0.5372549 0.5176471 0.49411765 0.5019608 0.49019608 0.5176471 0.5176471 0.5176471 0.5294118 0.49019608 0.41960785 0.34117648 0.6117647 0.69411767 0.39607844 0.39215687 0.5411765 0.5803922 0.6509804
0.45490196 0.24313726 0.13725491 0.38039216 0.5372549 0.2901961 0.29803923 0.29411766 0.25882354 0.3254902 0.47843137 0.4745098 0.46666667 0.5137255 0.5137255 0.47843137 0.47058824 0.4117647 0.45882353 0.5058824 0.50980395 0.5254902 0.46666667 0.34509805 0.34901962 0.58431375 0.5764706 0.37254903 0.40392157 0.5568628 0.61960787 0.6509804
0.23529412 0.18431373 0.14901961 0.27058825 0.41960785 0.32156864 0.3647059 0.30980393 0.21176471 0.23137255 0.3529412 0.36862746 0.32156864 0.34901962 0.3529412 0.32156864 0.3529412 0.3254902 0.34117648 0.41568628 0.41568628 0.44705883 0.3764706 0.26666668 0.3137255 0.45490196 0.4 0.42745098 0.5294118 0.654902 0.7019608 0.7176471
0.16470589 0.18431373 0.14509805 0.22745098 0.39607844 0.3137255 0.29803923 0.3137255 0.19215687 0.16862746 0.21568628 0.23921569 0.23137255 0.25490198 0.28627452 0.2509804 0.27450982 0.30588236 0.34117648 0.39607844 0.41568628 0.40784314 0.3529412 0.3372549 0.34117648 0.43529412 0.4509804 0.47058824 0.4509804 0.5686275 0.5647059 0.6392157
0.17254902 0.22352941 0.14901961 0.18039216 0.23921569 0.22352941 0.22745098 0.21568628 0.1254902 0.14901961 0.16078432 0.1764706 0.21176471 0.21960784 0.2784314 0.29803923 0.31764707 0.3529412 0.38431373 0.4 0.45490196 0.4117647 0.3372549 0.42352942 0.5372549 0.5254902 0.50980395 0.46666667 0.39607844 0.46666667 0.42745098 0.5411765
0.17254902 0.14901961 0.10980392 0.11372549 0.14509805 0.1254902 0.20392157 0.16078432 0.14901961 0.12941177 0.10980392 0.15294118 0.1882353 0.14509805 0.14901961 0.21568628 0.2627451 0.26666668 0.24705882 0.24705882 0.26666668 0.23137255 0.20784314 0.2509804 0.31764707 0.3019608 0.29411766 0.30980393 0.29803923 0.3372549 0.36862746 0.48235294
0.14117648 0.15294118 0.11372549 0.07450981 0.13333334 0.1254902 0.16862746 0.12156863 0.13725491 0.11764706 0.09411765 0.1254902 0.15294118 0.14509805 0.10980392 0.101960786 0.16078432 0.14901961 0.14901961 0.14509805 0.15686275 0.14901961 0.19607843 0.22745098 0.22352941 0.23137255 0.2784314 0.27058825 0.21176471 0.21568628 0.3372549 0.5058824
0.105882354 0.16078432 0.15294118 0.101960786 0.11372549 0.12941177 0.1254902 0.10980392 0.1254902 0.12941177 0.13725491 0.16862746 0.18039216 0.16078432 0.101960786 0.09803922 0.14509805 0.15294118 0.17254902 0.1764706 0.16078432 0.16862746 0.18431373 0.18039216 0.1764706 0.18431373 0.25490198 0.2509804 0.18039216 0.17254902 0.3137255 0.50980395
0.105882354 0.105882354 0.11764706 0.09019608 0.11764706 0.105882354 0.105882354 0.11764706 0.11372549 0.14117648 0.18431373 0.16470589 0.105882354 0.12941177 0.12941177 0.12156863 0.13333334 0.19215687 0.21568628 0.21568628 0.1764706 0.1764706 0.1764706 0.15686275 0.14901961 0.14509805 0.20784314 0.20392157 0.17254902 0.19607843 0.22352941 0.18039216
0.14509805 0.15294118 0.12941177 0.08235294 0.105882354 0.08627451 0.11372549 0.11764706 0.105882354 0.11764706 0.12941177 0.15294118 0.14901961 0.11372549 0.15686275 0.15294118 0.101960786 0.16862746 0.19215687 0.18431373 0.17254902 0.18039216 0.18039216 0.1882353 0.20392157 0.18431373 0.21176471 0.2 0.16862746 0.29803923 0.3137255 0.1254902
0.14901961 0.14509805 0.12941177 0.11372549 0.12156863 0.105882354 0.09411765 0.11372549 0.08627451 0.13725491 0.11764706 0.09803922 0.14509805 0.18431373 0.21176471 0.22352941 0.11372549 0.14901961 0.16862746 0.17254902 0.17254902 0.18039216 0.16470589 0.17254902 0.1764706 0.14901961 0.2 0.21568628 0.20784314 0.4509804 0.47843137 0.1882353
0.13725491 0.14901961 0.15294118 0.14901961 0.11764706 0.14117648 0.14117648 0.12156863 0.10980392 0.10980392 0.12941177 0.08235294 0.23529412 0.42352942 0.4117647 0.38039216 0.18431373 0.14509805 0.16078432 0.1882353 0.20392157 0.20784314 0.2 0.17254902 0.16862746 0.16078432 0.20392157 0.20392157 0.23529412 0.61960787 0.5686275 0.19215687
0.13725491 0.16470589 0.1764706 0.14117648 0.1254902 0.1254902 0.12941177 0.1254902 0.1254902 0.14901961 0.14509805 0.11372549 0.2901961 0.5764706 0.627451 0.47843137 0.21568628 0.19607843 0.19607843 0.18431373 0.18039216 0.18039216 0.16470589 0.17254902 0.18039216 0.15294118 0.2 0.19215687 0.21568628 0.6156863 0.54901963 0.17254902
0.14901961 0.15686275 0.14901961 0.14901961 0.15686275 0.13725491 0.12156863 0.12941177 0.14117648 0.18431373 0.12941177 0.101960786 0.25882354 0.6784314 0.7647059 0.53333336 0.21960784 0.19607843 0.20784314 0.19215687 0.19215687 0.1882353 0.1764706 0.18039216 0.1882353 0.16862746 0.2 0.20784314 0.15294118 0.30588236 0.30588236 0.23921569
0.14901961 0.14509805 0.12156863 0.15686275 0.1882353 0.16078432 0.14117648 0.14117648 0.14117648 0.16078432 0.12941177 0.12156863 0.28235295 0.5921569 0.6431373 0.5176471 0.1764706 0.13725491 0.22352941 0.2 0.1764706 0.1764706 0.17254902 0.18039216 0.19215687 0.18431373 0.2 0.19607843 0.19607843 0.16078432 0.23921569 0.42745098
0.12941177 0.13333334 0.13333334 0.13725491 0.15294118 0.2 0.18431373 0.14901961 0.15294118 0.17254902 0.14509805 0.11372549 0.19215687 0.34509805 0.36862746 0.29803923 0.15294118 0.1764706 0.22745098 0.21568628 0.21960784 0.22745098 0.23529412 0.25882354 0.28627452 0.29803923 0.29411766 0.30588236 0.43137255 0.47058824 0.49019608 0.40784314
0.1254902 0.13333334 0.13333334 0.13333334 0.11764706 0.16470589 0.19607843 0.15294118 0.16078432 0.16862746 0.16078432 0.09019608 0.12941177 0.16078432 0.18039216 0.19215687 0.20392157 0.2509804 0.27058825 0.32156864 0.39215687 0.41960785 0.44705883 0.4745098 0.49411765 0.5254902 0.5137255 0.29411766 0.43529412 0.5921569 0.58431375 0.42745098
0.13333334 0.1254902 0.12941177 0.11764706 0.10980392 0.105882354 0.13333334 0.14509805 0.15686275 0.13333334 0.16470589 0.19607843 0.2784314 0.3019608 0.3764706 0.42745098 0.4745098 0.4509804 0.34509805 0.4745098 0.57254905 0.5803922 0.5882353 0.59607846 0.5921569 0.5882353 0.5568628 0.39215687 0.49411765 0.5686275 0.5372549 0.34117648
0.14117648 0.1254902 0.11372549 0.105882354 0.11764706 0.11372549 0.10980392 0.14117648 0.16862746 0.15294118 0.13725491 0.25882354 0.48235294 0.54509807 0.5764706 0.5647059 0.56078434 0.46666667 0.3137255 0.4862745 0.5764706 0.57254905 0.5882353 0.5764706 0.5803922 0.5529412 0.5019608 0.46666667 0.43137255 0.35686275 0.27058825 0.19607843
0.14117648 0.13725491 0.13333334 0.11372549 0.1254902 0.14509805 0.14117648 0.14509805 0.16862746 0.13725491 0.12941177 0.21960784 0.45490196 0.5411765 0.5568628 0.54901963 0.54901963 0.53333336 0.5176471 0.5294118 0.5176471 0.5019608 0.45882353 0.39215687 0.3372549 0.27058825 0.20784314 0.17254902 0.14509805 0.1254902 0.13333334 0.17254902
0.15294118 0.14901961 0.15686275 0.13725491 0.13725491 0.13333334 0.13333334 0.13725491 0.16470589 0.12156863 0.1254902 0.16862746 0.36862746 0.47843137 0.49411765 0.4745098 0.44705883 0.41960785 0.38431373 0.32941177 0.27450982 0.21960784 0.16862746 0.14117648 0.11372549 0.09411765 0.101960786 0.11764706 0.11372549 0.15686275 0.17254902 0.1882353
0.15294118 0.13725491 0.13725491 0.13725491 0.12941177 0.12156863 0.11372549 0.12941177 0.15294118 0.13725491 0.12941177 0.11764706 0.17254902 0.22745098 0.23529412 0.21176471 0.18039216 0.14901961 0.12941177 0.11764706 0.105882354 0.09411765 0.09803922 0.10980392 0.11764706 0.12941177 0.1254902 0.12156863 0.16470589 0.2509804 0.21568628 0.17254902
0.14509805 0.13333334 0.13725491 0.16862746 0.14117648 0.13333334 0.12941177 0.12941177 0.16078432 0.18431373 0.1254902 0.10980392 0.105882354 0.101960786 0.101960786 0.105882354 0.11372549 0.101960786 0.10980392 0.105882354 0.10980392 0.11372549 0.1254902 0.105882354 0.11372549 0.15294118 0.13333334 0.13333334 0.1764706 0.22745098 0.22745098 0.21568628
0.14901961 0.15686275 0.15294118 0.14901961 0.12941177 0.13333334 0.13725491 0.14117648 0.16078432 0.16862746 0.12941177 0.12156863 0.11372549 0.11372549 0.10980392 0.12156863 0.11764706 0.10980392 0.13725491 0.12156863 0.1254902 0.1254902 0.14901961 0.12941177 0.13333334 0.15294118 0.14509805 0.14901961 0.15294118 0.17254902 0.19607843 0.21960784
30 13 1
30 13 0
3 15 0
3 13 0
29 16 1
28 24 1
11 16 0
0 1 2
20 5 1
30 16 0
