32, 32, 3, 10
1.0 1.0 1.0 1.0 1.0 0.99607843 0.99607843 1.0 1.0 1.0 1.0 0.99607843 0.99607843 1.0 1.0 1.0 1.0 1.0 0.99607843 0.99607843 0.99607843 0.99607843 0.99607843 0.99607843 0.99215686 0.9882353 0.9843137 0.9764706 0.9647059 0.9647059 0.98039216 0.98039216
1.0 1.0 1.0 1.0 1.0 0.99607843 0.99607843 1.0 1.0 1.0 1.0 1.0 1.0 1.0 1.0 1.0 1.0 1.0 1.0 1.0 1.0 0.99607843 0.99607843 0.99607843 0.99607843 0.99215686 0.9882353 0.98039216 0.972549 0.9764706 0.99215686 0.99215686
1.0 1.0 1.0 1.0 1.0 0.9607843 0.9882353 1.0 1.0 1.0 1.0 1.0 1.0 1.0 1.0 1.0 1.0 0.99607843 0.9882353 0.9843137 0.9843137 0.9843137 0.9882353 0.9843137 0.9882353 0.99215686 0.99607843 0.99607843 0.99607843 0.99607843 0.99607843 0.99607843
1.0 1.0 1.0 1.0 0.99607843 0.9529412 0.9843137 0.99607843 0.99607843 0.99215686 1.0 0.99607843 0.99607843 0.99215686 0.99607843 1.0 0.99607843 0.9843137 0.9647059 0.9529412 0.9529412 0.95686275 0.9607843 0.9607843 0.9647059 0.96862745 0.972549 0.9764706 0.9843137 0.99607843 0.99215686 0.99607843
1.0 1.0 1.0 0.99607843 0.99607843 0.9529412 0.9843137 0.99607843 0.9882353 0.972549 0.92941177 0.98039216 1.0 0.99607843 0.99215686 1.0 0.99215686 0.9372549 0.9254902 0.92941177 0.94509804 0.9254902 0.88235295 0.8901961 0.92156863 0.92941177 0.8901961 0.84705883 0.8980392 0.972549 0.9764706 0.9843137
1.0 1.0 1.0 0.99607843 0.9843137 0.95686275 0.9843137 0.99215686 0.9529412 0.6039216 0.42352942 0.6313726 0.81960785 0.9372549 0.9882353 1.0 0.9647059 0.79607844 0.827451 0.89411765 0.972549 0.8901961 0.7921569 0.8156863 0.8156863 0.84313726 0.76862746 0.7490196 0.8235294 0.8980392 0.9254902 0.9411765
1.0 1.0 1.0 1.0 0.9411765 0.80784315 0.95686275 0.9843137 0.7764706 0.32941177 0.40784314 0.41568628 0.6666667 0.78039217 0.8862745 0.94509804 0.89411765 0.6666667 0.6901961 0.89411765 0.9647059 0.827451 0.79607844 0.6784314 0.61960787 0.67058825 0.60784316 0.64705884 0.64705884 0.6784314 0.7254902 0.7254902
1.0 1.0 0.99607843 1.0 0.9490196 0.8117647 0.94509804 0.9490196 0.8156863 0.7764706 0.8 0.8156863 0.90588236 0.83137256 0.7647059 0.7490196 0.7921569 0.72156864 0.7019608 0.88235295 0.89411765 0.64705884 0.6627451 0.5058824 0.47843137 0.5764706 0.49411765 0.49411765 0.48235294 0.42745098 0.43529412 0.4745098
1.0 0.99607843 0.99607843 1.0 0.9607843 0.827451 0.95686275 0.89411765 0.89411765 0.75686276 0.8 0.9019608 0.91764706 0.8745098 0.7254902 0.69411767 0.7176471 0.7254902 0.7490196 0.8039216 0.7764706 0.62352943 0.60784316 0.42745098 0.45490196 0.5137255 0.4117647 0.41568628 0.40392157 0.36862746 0.38431373 0.4862745
1.0 1.0 0.99607843 0.99607843 0.95686275 0.8156863 0.92941177 0.89411765 0.8392157 0.65882355 0.7176471 0.7294118 0.70980394 0.63529414 0.64705884 0.6862745 0.7019608 0.7019608 0.654902 0.6509804 0.6901961 0.7137255 0.72156864 0.65882355 0.45882353 0.45490196 0.3372549 0.3137255 0.3529412 0.34117648 0.3529412 0.4509804
0.9882353 0.9490196 0.9647059 0.972549 0.9607843 0.9019608 0.85490197 0.56078434 0.47843137 0.47058824 0.4392157 0.40392157 0.36862746 0.4 0.45490196 0.5176471 0.6627451 0.69411767 0.53333336 0.4509804 0.6313726 0.67058825 0.6901961 0.72156864 0.4627451 0.40784314 0.30980393 0.26666668 0.31764707 0.3019608 0.30980393 0.34509805
0.8627451 0.72156864 0.77254903 0.92156863 0.9529412 0.8862745 0.7607843 0.4509804 0.38431373 0.3882353 0.4117647 0.38431373 0.38039216 0.46666667 0.3137255 0.24705882 0.6392157 0.6901961 0.56078434 0.5176471 0.60784316 0.5921569 0.6627451 0.6901961 0.43137255 0.34117648 0.27450982 0.23529412 0.3019608 0.30588236 0.32941177 0.36078432
0.70980394 0.61960787 0.7058824 0.92156863 0.9529412 0.85882354 0.6862745 0.54509807 0.5019608 0.4117647 0.41568628 0.38431373 0.37254903 0.42745098 0.24705882 0.22745098 0.6313726 0.6862745 0.5137255 0.52156866 0.6 0.58431375 0.6509804 0.6509804 0.4 0.27450982 0.22352941 0.20392157 0.24705882 0.29803923 0.32941177 0.32156864
0.7058824 0.53333336 0.62352943 0.8235294 0.9254902 0.83137256 0.627451 0.6 0.64705884 0.4509804 0.38039216 0.37254903 0.38039216 0.3254902 0.21960784 0.21176471 0.63529414 0.6901961 0.45490196 0.4509804 0.5882353 0.57254905 0.627451 0.64705884 0.3647059 0.22352941 0.18431373 0.16470589 0.19607843 0.25490198 0.2509804 0.24313726
0.6666667 0.49411765 0.5882353 0.7647059 0.9411765 0.85490197 0.59607846 0.5254902 0.5529412 0.4117647 0.33333334 0.29411766 0.3529412 0.29803923 0.29803923 0.1882353 0.6431373 0.6901961 0.64705884 0.64705884 0.63529414 0.6156863 0.6392157 0.6431373 0.34901962 0.19607843 0.1764706 0.16862746 0.19607843 0.21568628 0.2 0.19215687
0.65882355 0.5882353 0.60784316 0.58431375 0.74509805 0.68235296 0.57254905 0.46666667 0.5019608 0.44313726 0.41960785 0.43529412 0.4627451 0.3254902 0.26666668 0.19215687 0.6431373 0.6862745 0.7058824 0.7019608 0.6745098 0.6784314 0.6666667 0.64705884 0.34117648 0.16862746 0.16862746 0.16862746 0.1764706 0.16862746 0.18039216 0.16078432
0.42352942 0.42745098 0.41960785 0.42352942 0.4862745 0.83137256 0.91764706 0.89411765 0.8980392 0.9098039 0.9411765 0.9490196 0.7019608 0.5137255 0.50980395 0.53333336 0.5764706 0.5294118 0.52156866 0.52156866 0.52156866 0.50980395 0.5254902 0.52156866 0.42352942 0.20392157 0.16862746 0.14117648 0.1764706 0.1882353 0.1764706 0.16078432
0.41568628 0.42745098 0.41960785 0.39215687 0.62352943 0.9254902 0.95686275 0.95686275 0.9529412 0.9137255 0.9098039 0.7882353 0.64705884 0.6745098 0.7019608 0.72156864 0.6117647 0.5647059 0.54901963 0.5411765 0.5411765 0.5529412 0.58431375 0.59607846 0.5294118 0.2784314 0.21176471 0.1254902 0.27450982 0.30588236 0.29411766 0.2784314
0.4117647 0.45882353 0.45490196 0.3372549 0.49803922 0.54509807 0.44313726 0.45490196 0.46666667 0.5882353 0.63529414 0.67058825 0.6627451 0.6666667 0.6431373 0.64705884 0.627451 0.6156863 0.6117647 0.6117647 0.60784316 0.62352943 0.6039216 0.59607846 0.48235294 0.1882353 0.20784314 0.22352941 0.34901962 0.35686275 0.3647059 0.34901962
0.48235294 0.4745098 0.48235294 0.29803923 0.44313726 0.39607844 0.12156863 0.1254902 0.12941177 0.45882353 0.5764706 0.65882355 0.6627451 0.67058825 0.65882355 0.6509804 0.627451 0.6156863 0.6156863 0.62352943 0.62352943 0.6156863 0.47843137 0.47058824 0.4627451 0.25882354 0.29411766 0.49411765 0.45882353 0.34901962 0.4862745 0.49019608
0.2901961 0.15294118 0.30980393 0.44705883 0.5294118 0.43137255 0.2784314 0.3019608 0.32156864 0.5176471 0.5294118 0.59607846 0.6627451 0.6509804 0.61960787 0.62352943 0.60784316 0.6 0.6117647 0.6117647 0.50980395 0.38039216 0.50980395 0.53333336 0.5058824 0.41568628 0.5137255 0.58431375 0.5254902 0.4 0.54901963 0.5411765
0.12156863 0.078431375 0.2 0.49411765 0.6431373 0.43137255 0.09803922 0.08235294 0.08627451 0.52156866 0.62352943 0.64705884 0.43529412 0.41568628 0.5764706 0.5803922 0.58431375 0.5764706 0.59607846 0.60784316 0.3529412 0.17254902 0.5372549 0.54901963 0.5176471 0.4627451 0.5411765 0.54901963 0.4627451 0.32941177 0.4 0.36862746
0.101960786 0.17254902 0.37254903 0.42352942 0.42352942 0.28235295 0.20392157 0.21960784 0.19215687 0.4117647 0.5411765 0.48235294 0.11372549 0.15686275 0.5764706 0.58431375 0.58431375 0.5803922 0.6039216 0.62352943 0.30588236 0.19607843 0.4862745 0.49019608 0.4509804 0.44313726 0.4745098 0.45490196 0.3764706 0.34117648 0.35686275 0.3764706
0.09411765 0.2 0.35686275 0.34901962 0.18039216 0.09411765 0.21568628 0.29411766 0.08627451 0.08235294 0.09411765 0.06666667 0.05882353 0.09803922 0.5764706 0.6039216 0.59607846 0.6 0.5686275 0.4862745 0.21176471 0.28235295 0.40784314 0.39215687 0.38039216 0.34901962 0.46666667 0.63529414 0.50980395 0.40784314 0.5058824 0.6
0.1882353 0.2 0.3254902 0.39607844 0.3764706 0.27450982 0.09411765 0.12156863 0.047058824 0.047058824 0.05490196 0.09019608 0.17254902 0.1254902 0.5254902 0.4862745 0.44705883 0.36078432 0.23529412 0.101960786 0.08627451 0.3019608 0.29411766 0.29803923 0.33333334 0.33333334 0.49411765 0.7058824 0.64705884 0.6 0.6784314 0.6392157
0.078431375 0.101960786 0.40392157 0.4627451 0.4745098 0.3647059 0.019607844 0.019607844 0.09411765 0.105882354 0.07058824 0.12941177 0.2901961 0.2 0.23921569 0.08627451 0.10980392 0.06666667 0.02745098 0.019607844 0.043137256 0.14901961 0.14509805 0.23137255 0.3764706 0.4627451 0.6509804 0.6745098 0.654902 0.56078434 0.5647059 0.6117647
0.15686275 0.21960784 0.37254903 0.40784314 0.3882353 0.30980393 0.03137255 0.07058824 0.27450982 0.30980393 0.24313726 0.12156863 0.25490198 0.13725491 0.07058824 0.0 0.023529412 0.043137256 0.07058824 0.09803922 0.12156863 0.2 0.3137255 0.5019608 0.6784314 0.7137255 0.67058825 0.4117647 0.36862746 0.4509804 0.5254902 0.6392157
0.36862746 0.35686275 0.34509805 0.34509805 0.33333334 0.33333334 0.09019608 0.09411765 0.22352941 0.26666668 0.22352941 0.09411765 0.15686275 0.05882353 0.0627451 0.06666667 0.101960786 0.14901961 0.18431373 0.25882354 0.4 0.53333336 0.61960787 0.7529412 0.73333335 0.6509804 0.49411765 0.2509804 0.26666668 0.44313726 0.57254905 0.5254902
0.33333334 0.34509805 0.36078432 0.4 0.41960785 0.3764706 0.14901961 0.08235294 0.10980392 0.14117648 0.1254902 0.07450981 0.10980392 0.11372549 0.14509805 0.16862746 0.21960784 0.30980393 0.41568628 0.5803922 0.7176471 0.78039217 0.7137255 0.6901961 0.6392157 0.61960787 0.46666667 0.21176471 0.23921569 0.4117647 0.45490196 0.40392157
0.4 0.43137255 0.4509804 0.44705883 0.4117647 0.33333334 0.20392157 0.17254902 0.16470589 0.1764706 0.17254902 0.15686275 0.16862746 0.2 0.26666668 0.3764706 0.49019608 0.60784316 0.7137255 0.78039217 0.74509805 0.64705884 0.5686275 0.6627451 0.61960787 0.64705884 0.56078434 0.22352941 0.17254902 0.29411766 0.28235295 0.31764707
0.41568628 0.4117647 0.4 0.4 0.38431373 0.3647059 0.3019608 0.25490198 0.23529412 0.21960784 0.21568628 0.23921569 0.32941177 0.44705883 0.5647059 0.6666667 0.7411765 0.78039217 0.73333335 0.654902 0.6313726 0.62352943 0.5411765 0.6784314 0.6784314 0.6431373 0.49411765 0.21176471 0.16470589 0.22352941 0.29803923 0.34901962
0.36078432 0.4 0.43137255 0.45490196 0.43529412 0.38431373 0.30980393 0.27058825 0.2627451 0.2901961 0.36862746 0.47843137 0.6 0.69411767 0.77254903 0.79607844 0.7372549 0.63529414 0.5882353 0.64705884 0.654902 0.5568628 0.5254902 0.6627451 0.6 0.54901963 0.35686275 0.22745098 0.21960784 0.2509804 0.34509805 0.35686275
1.0 1.0 1.0 1.0 1.0 0.99607843 0.99607843 1.0 1.0 0.99607843 0.99607843 1.0 1.0 1.0 1.0 1.0 1.0 1.0 0.99607843 0.99607843 0.99607843 0.99607843 0.99607843 0.99607843 0.99215686 0.9882353 0.9843137 0.972549 0.9607843 0.9607843 0.9764706 0.972549
1.0 1.0 1.0 1.0 1.0 0.99607843 0.99607843 0.99607843 0.99607843 0.99607843 0.99607843 0.99607843 0.99607843 1.0 1.0 1.0 1.0 1.0 1.0 0.99607843 0.99607843 0.99215686 0.99607843 0.99607843 0.99607843 0.99215686 0.9882353 0.9764706 0.96862745 0.972549 0.9882353 0.9843137
1.0 1.0 1.0 1.0 1.0 0.9607843 0.9882353 0.99607843 0.99607843 0.99607843 0.99607843 0.99607843 0.99607843 1.0 1.0 0.99607843 0.99607843 0.9882353 0.9843137 0.98039216 0.98039216 0.98039216 0.98039216 0.9843137 0.9882353 0.99215686 0.99607843 0.99607843 0.99607843 0.99607843 0.99607843 0.99215686
1.0 1.0 1.0 1.0 0.99607843 0.9529412 0.9843137 0.9882353 0.99215686 0.99607843 1.0 0.99607843 0.99215686 0.99215686 0.99607843 0.99607843 0.9882353 0.9764706 0.95686275 0.9490196 0.9490196 0.9529412 0.95686275 0.95686275 0.9647059 0.96862745 0.972549 0.9764706 0.9843137 0.99607843 0.99215686 0.9882353
1.0 1.0 1.0 0.99607843 0.99607843 0.9529412 0.9843137 0.99215686 0.99215686 0.9882353 0.95686275 0.99607843 1.0 1.0 0.99215686 0.99215686 0.98039216 0.92156863 0.9137255 0.9254902 0.9411765 0.92156863 0.8784314 0.8901961 0.92156863 0.92941177 0.8901961 0.84705883 0.8980392 0.972549 0.9764706 0.98039216
1.0 1.0 1.0 0.99607843 0.9843137 0.95686275 0.9843137 0.99607843 0.96862745 0.6392157 0.47058824 0.6784314 0.8509804 0.94509804 0.9843137 0.99215686 0.9529412 0.78039217 0.8117647 0.8901961 0.972549 0.8901961 0.7921569 0.8156863 0.8156863 0.84313726 0.76862746 0.7490196 0.8235294 0.8980392 0.9254902 0.93333334
1.0 1.0 1.0 0.99607843 0.9411765 0.80784315 0.95686275 0.99215686 0.79607844 0.3647059 0.45490196 0.47058824 0.70980394 0.79607844 0.8784314 0.93333334 0.8784314 0.654902 0.68235296 0.89411765 0.96862745 0.8235294 0.79607844 0.68235296 0.6156863 0.67058825 0.6039216 0.64705884 0.64705884 0.6784314 0.7254902 0.7176471
1.0 1.0 0.99607843 0.99607843 0.9490196 0.81960785 0.9490196 0.9490196 0.8156863 0.73333335 0.7490196 0.8039216 0.9098039 0.8352941 0.7490196 0.7529412 0.76862746 0.72156864 0.72156864 0.89411765 0.8980392 0.6156863 0.65882355 0.50980395 0.4627451 0.5529412 0.47843137 0.49411765 0.48235294 0.41960785 0.42352942 0.46666667
1.0 0.99607843 0.99607843 0.99607843 0.9607843 0.827451 0.95686275 0.89411765 0.89411765 0.69411767 0.73333335 0.8784314 0.9137255 0.88235295 0.7176471 0.7058824 0.7019608 0.73333335 0.7529412 0.78431374 0.7764706 0.5921569 0.6039216 0.43137255 0.43529412 0.47843137 0.39215687 0.4117647 0.4 0.36078432 0.36862746 0.47058824
1.0 1.0 0.99607843 0.99607843 0.95686275 0.8117647 0.9254902 0.8980392 0.85490197 0.627451 0.6901961 0.7294118 0.72156864 0.654902 0.6509804 0.69803923 0.7058824 0.70980394 0.5921569 0.56078434 0.6745098 0.70980394 0.7176471 0.6627451 0.4392157 0.42745098 0.31764707 0.30588236 0.34509805 0.3254902 0.3372549 0.43137255
0.9843137 0.9411765 0.9607843 0.98039216 0.9607843 0.8980392 0.85490197 0.57254905 0.50980395 0.46666667 0.44705883 0.42745098 0.39215687 0.42352942 0.47058824 0.5294118 0.68235296 0.7019608 0.41960785 0.29803923 0.6 0.68235296 0.6901961 0.7254902 0.4509804 0.38431373 0.29803923 0.25882354 0.30980393 0.28627452 0.29411766 0.30980393
0.85882354 0.7137255 0.77254903 0.93333334 0.9490196 0.88235295 0.76862746 0.4745098 0.43529412 0.40392157 0.44705883 0.43137255 0.41568628 0.49411765 0.3372549 0.2627451 0.6666667 0.7019608 0.42352942 0.33333334 0.57254905 0.6039216 0.6627451 0.69411767 0.42352942 0.32156864 0.2627451 0.22745098 0.28627452 0.28627452 0.30588236 0.3254902
0.69803923 0.60784316 0.69803923 0.92941177 0.9411765 0.8509804 0.70980394 0.58431375 0.5647059 0.44313726 0.4627451 0.43529412 0.40784314 0.44705883 0.26666668 0.2509804 0.65882355 0.69411767 0.3882353 0.3529412 0.5647059 0.59607846 0.654902 0.6666667 0.39607844 0.25882354 0.21568628 0.19607843 0.23137255 0.27450982 0.3019608 0.28627452
0.6901961 0.52156866 0.6117647 0.8235294 0.90588236 0.827451 0.6745098 0.654902 0.7176471 0.48235294 0.42352942 0.42352942 0.40392157 0.34117648 0.23529412 0.23921569 0.64705884 0.6901961 0.36078432 0.3254902 0.5568628 0.5686275 0.6313726 0.6666667 0.3647059 0.20784314 0.18039216 0.15686275 0.18039216 0.23137255 0.21960784 0.21176471
0.654902 0.48235294 0.5764706 0.7529412 0.9137255 0.8509804 0.6509804 0.5882353 0.6313726 0.44313726 0.37254903 0.34509805 0.36862746 0.3019608 0.30980393 0.21568628 0.6431373 0.6862745 0.5882353 0.56078434 0.6156863 0.6 0.6431373 0.65882355 0.34509805 0.18431373 0.17254902 0.15686275 0.1764706 0.1882353 0.16862746 0.16470589
0.63529414 0.5647059 0.5921569 0.5803922 0.7411765 0.6862745 0.5921569 0.5058824 0.54509807 0.47058824 0.44705883 0.45882353 0.4745098 0.33333334 0.27450982 0.20784314 0.64705884 0.6901961 0.69411767 0.6784314 0.6784314 0.6901961 0.6784314 0.6666667 0.34509805 0.14901961 0.14509805 0.14901961 0.14509805 0.13333334 0.14509805 0.12941177
0.44313726 0.4392157 0.44705883 0.43137255 0.49019608 0.8352941 0.91764706 0.9098039 0.91764706 0.92941177 0.9607843 0.95686275 0.70980394 0.52156866 0.5176471 0.5411765 0.58431375 0.5411765 0.5294118 0.5176471 0.5372549 0.53333336 0.5294118 0.5254902 0.42352942 0.18431373 0.14509805 0.11372549 0.14509805 0.14901961 0.14117648 0.1254902
0.40784314 0.4117647 0.4117647 0.39607844 0.627451 0.92941177 0.95686275 0.9647059 0.9607843 0.91764706 0.9137255 0.79607844 0.654902 0.68235296 0.70980394 0.7294118 0.61960787 0.57254905 0.5568628 0.54509807 0.54901963 0.56078434 0.5647059 0.57254905 0.5137255 0.26666668 0.2 0.101960786 0.24705882 0.27450982 0.26666668 0.24705882
0.34901962 0.38431373 0.3882353 0.32941177 0.5019608 0.54509807 0.4392157 0.44705883 0.4627451 0.5882353 0.6313726 0.6784314 0.67058825 0.6745098 0.6509804 0.6509804 0.63529414 0.61960787 0.6156863 0.6156863 0.6117647 0.6156863 0.5686275 0.54901963 0.45882353 0.18039216 0.20392157 0.2 0.3254902 0.3372549 0.34117648 0.32156864
0.4627451 0.4509804 0.45490196 0.29411766 0.4509804 0.39607844 0.12156863 0.11372549 0.11764706 0.44705883 0.5647059 0.6627451 0.67058825 0.6784314 0.6666667 0.65882355 0.6313726 0.61960787 0.61960787 0.627451 0.627451 0.6039216 0.43529412 0.41568628 0.4392157 0.25490198 0.28627452 0.46666667 0.4392157 0.34509805 0.47058824 0.45882353
0.2901961 0.14509805 0.2901961 0.44705883 0.53333336 0.43137255 0.27450982 0.2901961 0.30980393 0.50980395 0.52156866 0.6 0.67058825 0.65882355 0.6313726 0.627451 0.60784316 0.6 0.6117647 0.6117647 0.5137255 0.36862746 0.47058824 0.49019608 0.49019608 0.4117647 0.48235294 0.5411765 0.50980395 0.40392157 0.5372549 0.5176471
0.078431375 0.02745098 0.12941177 0.4862745 0.64705884 0.43137255 0.09411765 0.078431375 0.08235294 0.52156866 0.62352943 0.6509804 0.4392157 0.42352942 0.58431375 0.58431375 0.58431375 0.5764706 0.59607846 0.6 0.3529412 0.17254902 0.5176471 0.5294118 0.52156866 0.4509804 0.4862745 0.49019608 0.44705883 0.3372549 0.3882353 0.35686275
0.09019608 0.16078432 0.3372549 0.41960785 0.42745098 0.28627452 0.20392157 0.21960784 0.19215687 0.4117647 0.54509807 0.4862745 0.11764706 0.16078432 0.58431375 0.58431375 0.58431375 0.5803922 0.6039216 0.6117647 0.30588236 0.20392157 0.4862745 0.49019608 0.46666667 0.43137255 0.39215687 0.3882353 0.36078432 0.34901962 0.34901962 0.37254903
0.11372549 0.21568628 0.35686275 0.34901962 0.18039216 0.09411765 0.21176471 0.29411766 0.08627451 0.08627451 0.09803922 0.0627451 0.05490196 0.09803922 0.5803922 0.6039216 0.59607846 0.59607846 0.5647059 0.48235294 0.21568628 0.28235295 0.40784314 0.39607844 0.38039216 0.36862746 0.3372549 0.5137255 0.4745098 0.4117647 0.5019608 0.5882353
0.2 0.20392157 0.3254902 0.39215687 0.37254903 0.27058825 0.08627451 0.12156863 0.047058824 0.050980393 0.05490196 0.08627451 0.16862746 0.1254902 0.52156866 0.4862745 0.44313726 0.35686275 0.23137255 0.105882354 0.08627451 0.3019608 0.29411766 0.29803923 0.31764707 0.36862746 0.36078432 0.5803922 0.60784316 0.6039216 0.6745098 0.627451
0.08627451 0.105882354 0.40392157 0.4627451 0.47058824 0.36078432 0.011764706 0.011764706 0.08235294 0.09803922 0.0627451 0.1254902 0.28627452 0.19607843 0.23529412 0.08235294 0.105882354 0.0627451 0.023529412 0.019607844 0.043137256 0.14901961 0.14509805 0.23137255 0.3529412 0.4862745 0.57254905 0.59607846 0.63529414 0.5686275 0.5568628 0.60784316
0.16862746 0.22352941 0.37254903 0.40392157 0.38431373 0.3019608 0.02745098 0.05490196 0.25490198 0.2901961 0.22352941 0.11764706 0.2509804 0.13333334 0.0627451 0.0 0.015686275 0.03529412 0.0627451 0.09411765 0.11764706 0.19607843 0.3137255 0.5019608 0.6431373 0.72156864 0.64705884 0.38431373 0.36862746 0.45882353 0.5176471 0.627451
0.38039216 0.36078432 0.34117648 0.34509805 0.32941177 0.3254902 0.08235294 0.07450981 0.2 0.24705882 0.20784314 0.08627451 0.14901961 0.047058824 0.05490196 0.05882353 0.09411765 0.14117648 0.1764706 0.25490198 0.39607844 0.53333336 0.61960787 0.7490196 0.7019608 0.64705884 0.50980395 0.25882354 0.27450982 0.4509804 0.56078434 0.48235294
0.34509805 0.3529412 0.36078432 0.39607844 0.41568628 0.36862746 0.14117648 0.06666667 0.09019608 0.1254902 0.10980392 0.07058824 0.105882354 0.10980392 0.13725491 0.16078432 0.21568628 0.3019608 0.40784314 0.57254905 0.70980394 0.77254903 0.7058824 0.6784314 0.61960787 0.61960787 0.49019608 0.23137255 0.2509804 0.41568628 0.4392157 0.34117648
0.4117647 0.43529412 0.4509804 0.44313726 0.40784314 0.32941177 0.19607843 0.16470589 0.15686275 0.16862746 0.16862746 0.15294118 0.16470589 0.19607843 0.2627451 0.37254903 0.4862745 0.6039216 0.70980394 0.76862746 0.73333335 0.63529414 0.5529412 0.6431373 0.61960787 0.64705884 0.5647059 0.23529412 0.1764706 0.2901961 0.27058825 0.25490198
0.42745098 0.41568628 0.4 0.39607844 0.38039216 0.36078432 0.29411766 0.25490198 0.23529412 0.21960784 0.21960784 0.23529412 0.3254902 0.44705883 0.5647059 0.6666667 0.7372549 0.7764706 0.73333335 0.64705884 0.61960787 0.6117647 0.5294118 0.64705884 0.69411767 0.64705884 0.47843137 0.21176471 0.15686275 0.21568628 0.28627452 0.3019608
0.36862746 0.4 0.42745098 0.4509804 0.43137255 0.38039216 0.3019608 0.27058825 0.2627451 0.28235295 0.35686275 0.46666667 0.5921569 0.6901961 0.7647059 0.7882353 0.73333335 0.6313726 0.58431375 0.6392157 0.6431373 0.54509807 0.50980395 0.64705884 0.60784316 0.5411765 0.32941177 0.21176471 0.2 0.22745098 0.31764707 0.31764707
1.0 1.0 1.0 0.99215686 0.99215686 0.9882353 0.9882353 1.0 1.0 1.0 1.0 1.0 1.0 1.0 1.0 1.0 1.0 1.0 0.99607843 0.99607843 0.99607843 0.99607843 0.99607843 1.0 1.0 0.99607843 0.99215686 0.9882353 0.98039216 0.98039216 0.99607843 0.9882353
1.0 1.0 1.0 0.99215686 0.99215686 0.9882353 0.9882353 1.0 1.0 1.0 1.0 1.0 1.0 1.0 1.0 1.0 1.0 1.0 1.0 1.0 1.0 1.0 1.0 1.0 1.0 1.0 0.99607843 0.99215686 0.9843137 0.99215686 1.0 0.99607843
1.0 1.0 1.0 0.99215686 0.99215686 0.9529412 0.98039216 0.99607843 1.0 1.0 1.0 1.0 1.0 1.0 1.0 1.0 1.0 0.99215686 0.9882353 0.99607843 0.99607843 0.99607843 1.0 0.99607843 0.99607843 1.0 1.0 1.0 1.0 1.0 1.0 1.0
1.0 1.0 1.0 0.99215686 0.9882353 0.94509804 0.9764706 0.99215686 0.99607843 0.99607843 1.0 0.99607843 0.99607843 0.99215686 0.99607843 0.99607843 0.99215686 0.98039216 0.9607843 0.972549 0.972549 0.9764706 0.98039216 0.96862745 0.972549 0.9764706 0.9764706 0.9843137 0.9882353 0.99607843 0.99607843 0.99607843
1.0 1.0 1.0 0.99215686 0.9882353 0.94509804 0.9764706 0.99215686 0.99215686 0.9843137 0.9490196 0.99215686 1.0 1.0 0.99215686 0.99607843 0.9843137 0.9254902 0.91764706 0.9411765 0.9607843 0.9411765 0.89411765 0.9019608 0.92941177 0.9372549 0.8980392 0.8509804 0.8980392 0.972549 0.9764706 0.9882353
1.0 1.0 1.0 0.9882353 0.9764706 0.9490196 0.9764706 0.99215686 0.9647059 0.627451 0.45490196 0.6627451 0.84313726 0.9411765 0.9882353 0.99607843 0.95686275 0.78431374 0.8156863 0.89411765 0.9764706 0.89411765 0.79607844 0.8235294 0.8235294 0.8509804 0.7764706 0.7490196 0.8235294 0.8980392 0.9254902 0.9411765
1.0 1.0 0.99607843 0.99215686 0.93333334 0.8 0.9529412 0.9882353 0.7882353 0.34901962 0.43529412 0.4509804 0.69411767 0.7882353 0.8784314 0.9372549 0.88235295 0.65882355 0.6862745 0.8901961 0.9607843 0.8156863 0.7882353 0.68235296 0.61960787 0.6745098 0.60784316 0.64705884 0.64705884 0.6745098 0.72156864 0.72156864
0.99215686 0.99215686 0.99215686 0.9843137 0.9411765 0.8156863 0.9529412 0.9411765 0.79607844 0.72156864 0.7372549 0.7882353 0.9137255 0.81960785 0.7490196 0.7490196 0.77254903 0.7137255 0.70980394 0.8980392 0.8980392 0.6156863 0.6392157 0.49411765 0.4509804 0.54509807 0.46666667 0.47843137 0.46666667 0.40392157 0.40392157 0.45490196
0.99607843 0.99215686 0.99215686 0.9882353 0.9529412 0.827451 0.95686275 0.8862745 0.8784314 0.6901961 0.72156864 0.8666667 0.92156863 0.85882354 0.7176471 0.69803923 0.69803923 0.72156864 0.7411765 0.7921569 0.7764706 0.5921569 0.5882353 0.40784314 0.41960785 0.47058824 0.3764706 0.39215687 0.38039216 0.33333334 0.34117648 0.44705883
1.0 1.0 0.99607843 0.99607843 0.9490196 0.8039216 0.9137255 0.8901961 0.84313726 0.62352943 0.68235296 0.7176471 0.7294118 0.627451 0.64705884 0.6901961 0.69411767 0.69803923 0.6039216 0.5803922 0.67058825 0.7058824 0.7137255 0.6431373 0.42352942 0.41568628 0.3019608 0.2901961 0.3254902 0.3019608 0.30588236 0.40392157
0.9882353 0.94509804 0.9647059 0.98039216 0.9490196 0.8784314 0.83137256 0.57254905 0.5058824 0.46666667 0.4392157 0.41568628 0.4 0.4 0.45882353 0.52156866 0.6666667 0.6901961 0.44705883 0.32941177 0.59607846 0.6784314 0.69803923 0.70980394 0.43529412 0.36862746 0.2784314 0.23921569 0.28627452 0.25882354 0.25882354 0.2784314
0.8509804 0.70980394 0.7647059 0.92156863 0.93333334 0.85490197 0.73333335 0.47058824 0.42745098 0.40784314 0.4392157 0.41960785 0.42352942 0.47058824 0.32156864 0.25490198 0.64705884 0.6901961 0.45882353 0.36862746 0.56078434 0.6039216 0.6784314 0.6784314 0.40392157 0.30588236 0.24705882 0.20392157 0.2627451 0.25490198 0.26666668 0.2901961
0.6862745 0.59607846 0.68235296 0.90588236 0.92156863 0.81960785 0.6627451 0.5647059 0.54509807 0.4392157 0.45490196 0.43137255 0.42352942 0.42745098 0.2509804 0.23921569 0.6392157 0.68235296 0.41960785 0.38431373 0.5568628 0.5921569 0.67058825 0.64705884 0.37254903 0.23921569 0.19607843 0.16862746 0.20392157 0.24313726 0.2627451 0.2509804
0.6666667 0.49803922 0.5882353 0.78431374 0.8745098 0.79607844 0.627451 0.61960787 0.6862745 0.4745098 0.41960785 0.42352942 0.42745098 0.32156864 0.21960784 0.22352941 0.63529414 0.68235296 0.38431373 0.34901962 0.54901963 0.5686275 0.6392157 0.6431373 0.34117648 0.19215687 0.16078432 0.12941177 0.14901961 0.19215687 0.18039216 0.1764706
0.6156863 0.44313726 0.5372549 0.7058824 0.8784314 0.81960785 0.60784316 0.54509807 0.5882353 0.42745098 0.3647059 0.34901962 0.4 0.2901961 0.29411766 0.2 0.63529414 0.6784314 0.6 0.5764706 0.6117647 0.6 0.6431373 0.63529414 0.3254902 0.16470589 0.14901961 0.12941177 0.14509805 0.15294118 0.12941177 0.13725491
0.60784316 0.53333336 0.56078434 0.54901963 0.7176471 0.6666667 0.5686275 0.4745098 0.52156866 0.45490196 0.4392157 0.4509804 0.4745098 0.32156864 0.27058825 0.2 0.6431373 0.6862745 0.69803923 0.69803923 0.6745098 0.68235296 0.6862745 0.654902 0.31764707 0.14509805 0.11764706 0.11372549 0.12941177 0.11764706 0.11372549 0.11372549
0.4117647 0.4117647 0.4117647 0.40784314 0.47058824 0.81960785 0.9098039 0.89411765 0.9019608 0.91764706 0.9490196 0.94509804 0.69803923 0.5137255 0.50980395 0.53333336 0.5764706 0.5294118 0.52156866 0.53333336 0.5294118 0.5137255 0.5411765 0.52156866 0.39607844 0.1882353 0.12156863 0.07450981 0.1254902 0.13725491 0.10980392 0.09019608
0.4 0.40392157 0.4 0.37254903 0.60784316 0.9137255 0.9490196 0.9529412 0.9490196 0.9098039 0.90588236 0.78431374 0.6431373 0.67058825 0.69803923 0.7176471 0.60784316 0.56078434 0.54901963 0.5411765 0.53333336 0.5411765 0.5647059 0.57254905 0.49411765 0.2784314 0.19215687 0.05882353 0.21568628 0.25490198 0.22745098 0.18431373
0.37254903 0.4117647 0.4117647 0.3137255 0.47843137 0.5294118 0.43529412 0.44705883 0.45882353 0.5803922 0.61960787 0.67058825 0.6627451 0.6627451 0.63529414 0.63529414 0.6156863 0.6039216 0.59607846 0.5921569 0.58431375 0.5921569 0.5568628 0.54509807 0.44313726 0.2 0.20392157 0.15294118 0.28627452 0.30980393 0.3019608 0.2509804
0.47843137 0.46666667 0.47058824 0.2784314 0.42745098 0.38431373 0.11372549 0.12156863 0.11764706 0.4392157 0.5568628 0.6627451 0.6627451 0.6627451 0.64705884 0.63529414 0.6117647 0.59607846 0.59607846 0.5921569 0.5921569 0.5764706 0.41568628 0.40784314 0.41960785 0.27450982 0.2901961 0.41960785 0.4 0.3137255 0.43137255 0.4117647
0.29803923 0.15686275 0.3019608 0.42745098 0.5137255 0.41960785 0.27058825 0.3019608 0.3137255 0.5019608 0.5058824 0.6 0.6666667 0.6431373 0.60784316 0.59607846 0.5803922 0.57254905 0.5803922 0.57254905 0.47843137 0.34509805 0.44705883 0.47843137 0.4627451 0.41960785 0.48235294 0.5019608 0.4745098 0.3764706 0.5137255 0.49803922
0.09019608 0.043137256 0.14901961 0.47058824 0.627451 0.41960785 0.09019608 0.09019608 0.08627451 0.50980395 0.6039216 0.65882355 0.44313726 0.4117647 0.5568628 0.54901963 0.54901963 0.5411765 0.56078434 0.56078434 0.32941177 0.15294118 0.4862745 0.5058824 0.48235294 0.44705883 0.47058824 0.45490196 0.41960785 0.3254902 0.38039216 0.34901962
0.08627451 0.15686275 0.3372549 0.4 0.40784314 0.27058825 0.19607843 0.23137255 0.2 0.4 0.5176471 0.49411765 0.12156863 0.14901961 0.5529412 0.54509807 0.54509807 0.5411765 0.5647059 0.57254905 0.28627452 0.18431373 0.4509804 0.45882353 0.41960785 0.41568628 0.3647059 0.3529412 0.34117648 0.34509805 0.34901962 0.3647059
0.105882354 0.20784314 0.34901962 0.33333334 0.16470589 0.08627451 0.21176471 0.30980393 0.101960786 0.08627451 0.08627451 0.06666667 0.050980393 0.078431375 0.5372549 0.5686275 0.5686275 0.5686275 0.5372549 0.45490196 0.2 0.2784314 0.40392157 0.38431373 0.3647059 0.3372549 0.3137255 0.49411765 0.46666667 0.39607844 0.4862745 0.5764706
0.19607843 0.2 0.3254902 0.38039216 0.36078432 0.26666668 0.09019608 0.13725491 0.0627451 0.05490196 0.05490196 0.08627451 0.16078432 0.101960786 0.4862745 0.4627451 0.42745098 0.34117648 0.21568628 0.09019608 0.08235294 0.3019608 0.29803923 0.29411766 0.31764707 0.33333334 0.34509805 0.5647059 0.60784316 0.5764706 0.6509804 0.6117647
0.08235294 0.105882354 0.4 0.44705883 0.45882353 0.35686275 0.015686275 0.019607844 0.09019608 0.09803922 0.05882353 0.11764706 0.27450982 0.18039216 0.21568628 0.07058824 0.09803922 0.050980393 0.015686275 0.015686275 0.039215688 0.14117648 0.13333334 0.21568628 0.34509805 0.45490196 0.5529412 0.5764706 0.6392157 0.54901963 0.53333336 0.5921569
0.16470589 0.22352941 0.36862746 0.3882353 0.37254903 0.3019608 0.02745098 0.05882353 0.25490198 0.28235295 0.21176471 0.10980392 0.24705882 0.13333334 0.06666667 0.0 0.015686275 0.039215688 0.06666667 0.09411765 0.10980392 0.18039216 0.2901961 0.4745098 0.6313726 0.69803923 0.62352943 0.36862746 0.3764706 0.44313726 0.49411765 0.60784316
0.3764706 0.35686275 0.34117648 0.32941177 0.31764707 0.32156864 0.08627451 0.078431375 0.2 0.23529412 0.19215687 0.078431375 0.14509805 0.05490196 0.0627451 0.0627451 0.09803922 0.14509805 0.18039216 0.2509804 0.38431373 0.5058824 0.5882353 0.7176471 0.6784314 0.62352943 0.48235294 0.24313726 0.2901961 0.42745098 0.5254902 0.45490196
0.34117648 0.34901962 0.36078432 0.38431373 0.40392157 0.36862746 0.14509805 0.07058824 0.09019608 0.11764706 0.09803922 0.05882353 0.101960786 0.105882354 0.13725491 0.16078432 0.21176471 0.29803923 0.40392157 0.5568628 0.6901961 0.74509805 0.67058825 0.6509804 0.5921569 0.58431375 0.46666667 0.21176471 0.2627451 0.38431373 0.3882353 0.3019608
0.40784314 0.43529412 0.44705883 0.43137255 0.39607844 0.3254902 0.2 0.1764706 0.16470589 0.16862746 0.16078432 0.14509805 0.15686275 0.18039216 0.24313726 0.36078432 0.4745098 0.5882353 0.69803923 0.7411765 0.7019608 0.6039216 0.5254902 0.627451 0.5882353 0.60784316 0.5411765 0.21568628 0.18039216 0.24705882 0.2 0.19215687
0.42352942 0.41568628 0.39607844 0.38039216 0.36862746 0.35686275 0.29803923 0.27450982 0.2509804 0.22745098 0.21960784 0.23529412 0.3137255 0.41960785 0.5254902 0.6431373 0.7176471 0.75686276 0.7137255 0.60784316 0.5803922 0.5803922 0.5058824 0.64705884 0.65882355 0.6 0.45490196 0.19215687 0.16078432 0.16078432 0.2 0.21568628
0.3647059 0.39607844 0.41960785 0.4392157 0.42352942 0.38039216 0.30980393 0.28235295 0.25882354 0.27450982 0.34901962 0.45882353 0.5764706 0.6627451 0.73333335 0.7607843 0.69803923 0.5921569 0.5529412 0.6039216 0.6117647 0.5176471 0.49019608 0.63529414 0.5764706 0.49803922 0.27450982 0.14901961 0.14901961 0.15686275 0.23137255 0.22352941
23 5 1
1 29 2
21 7 1
23 9 1
23 4 1
1 3 2
17 6 2
17 5 2
8 12 2
1 26 2
