32, 32, 3, 10
1.0 0.9882353 0.99215686 0.9882353 0.9882353 0.9882353 0.9882353 0.9882353 0.9882353 0.9882353 0.9882353 0.9882353 0.9882353 0.9882353 0.9764706 0.96862745 0.9843137 0.9882353 0.9882353 0.9882353 0.9882353 0.9882353 0.9882353 0.9882353 0.9882353 0.9882353 0.9882353 0.9882353 0.9882353 0.99215686 0.9882353 1.0
1.0 1.0 1.0 1.0 1.0 1.0 1.0 1.0 1.0 1.0 1.0 1.0 1.0 1.0 0.99607843 0.9764706 0.99215686 1.0 1.0 1.0 1.0 1.0 1.0 1.0 1.0 1.0 1.0 1.0 1.0 1.0 1.0 1.0
1.0 0.99607843 0.99607843 0.99607843 0.99607843 0.99607843 0.99607843 0.99607843 0.99607843 0.99607843 0.99607843 0.99607843 0.99607843 0.99607843 0.99607843 0.96862745 0.9647059 0.99607843 0.99607843 0.99607843 0.99607843 0.99607843 0.99607843 0.99607843 0.99607843 0.99607843 0.99607843 0.99607843 0.99607843 0.99607843 0.99607843 1.0
1.0 1.0 1.0 1.0 1.0 1.0 1.0 1.0 1.0 1.0 1.0 1.0 1.0 1.0 1.0 0.9764706 0.95686275 0.99215686 1.0 1.0 1.0 1.0 1.0 1.0 1.0 1.0 1.0 1.0 1.0 1.0 1.0 1.0
1.0 1.0 1.0 1.0 1.0 1.0 1.0 1.0 1.0 1.0 1.0 1.0 1.0 1.0 1.0 0.9843137 0.9647059 0.9882353 1.0 1.0 1.0 1.0 1.0 1.0 1.0 1.0 1.0 1.0 1.0 1.0 1.0 1.0
1.0 1.0 1.0 1.0 1.0 1.0 1.0 1.0 1.0 1.0 1.0 1.0 1.0 1.0 1.0 0.9843137 0.94509804 0.98039216 1.0 1.0 0.99607843 0.99607843 0.99607843 0.99607843 1.0 1.0 1.0 1.0 1.0 1.0 1.0 1.0
1.0 1.0 1.0 1.0 1.0 1.0 1.0 1.0 1.0 1.0 1.0 0.99607843 0.99607843 0.99607843 0.98039216 0.94509804 0.9019608 0.9529412 1.0 0.9843137 0.96862745 0.972549 0.98039216 0.9764706 0.96862745 0.98039216 0.99215686 0.99607843 1.0 1.0 1.0 1.0
1.0 1.0 1.0 1.0 1.0 1.0 1.0 1.0 1.0 1.0 1.0 0.99215686 0.98039216 0.95686275 0.92156863 0.8627451 0.76862746 0.8784314 1.0 0.9490196 0.8392157 0.79607844 0.79607844 0.8 0.827451 0.9098039 0.98039216 0.99607843 1.0 1.0 1.0 1.0
1.0 1.0 1.0 1.0 1.0 1.0 1.0 0.99607843 0.99607843 0.99215686 0.9843137 0.96862745 0.9372549 0.9019608 0.8862745 0.8117647 0.68235296 0.8352941 0.9882353 0.93333334 0.6784314 0.5568628 0.5647059 0.54509807 0.5019608 0.6666667 0.93333334 0.99607843 1.0 1.0 1.0 1.0
1.0 1.0 1.0 0.99607843 0.99607843 1.0 0.99607843 0.9882353 0.98039216 0.9607843 0.9411765 0.92156863 0.90588236 0.8980392 0.88235295 0.8352941 0.8 0.84705883 0.9529412 0.9372549 0.7529412 0.76862746 0.7764706 0.77254903 0.56078434 0.42352942 0.75686276 0.96862745 0.99607843 0.99607843 1.0 1.0
1.0 1.0 1.0 0.99607843 0.99215686 0.99215686 0.9843137 0.9607843 0.9372549 0.9254902 0.9137255 0.90588236 0.89411765 0.8862745 0.87058824 0.8627451 0.8352941 0.80784315 0.8862745 0.91764706 0.84705883 0.9607843 0.9764706 0.9843137 0.89411765 0.54901963 0.49019608 0.7647059 0.972549 0.9882353 0.99607843 1.0
1.0 0.99607843 1.0 0.99215686 0.98039216 0.95686275 0.93333334 0.9137255 0.90588236 0.9137255 0.9019608 0.8862745 0.8901961 0.8901961 0.8862745 0.84705883 0.78039217 0.7411765 0.87058824 0.9098039 0.8235294 0.94509804 0.9882353 0.9764706 0.98039216 0.7647059 0.34117648 0.4627451 0.89411765 0.99215686 0.99607843 1.0
0.99607843 0.99215686 0.98039216 0.95686275 0.92941177 0.9019608 0.90588236 0.9137255 0.9019608 0.8901961 0.8862745 0.8901961 0.8901961 0.87058824 0.83137256 0.7490196 0.7882353 0.8862745 0.9764706 0.91764706 0.81960785 0.90588236 0.93333334 0.93333334 0.8980392 0.58431375 0.3372549 0.28235295 0.6745098 0.9882353 0.99215686 1.0
0.93333334 0.9372549 0.9137255 0.9019608 0.89411765 0.8901961 0.9019608 0.9019608 0.8862745 0.89411765 0.9098039 0.88235295 0.827451 0.7764706 0.74509805 0.81960785 0.9647059 0.99215686 0.99215686 0.9254902 0.7882353 0.7294118 0.7607843 0.7607843 0.7294118 0.60784316 0.61960787 0.4862745 0.654902 0.9137255 0.9843137 1.0
0.8745098 0.85882354 0.8784314 0.8862745 0.8901961 0.8862745 0.88235295 0.8901961 0.8901961 0.8745098 0.8352941 0.6901961 0.654902 0.8 0.91764706 0.98039216 0.99215686 0.99215686 0.9843137 0.91764706 0.75686276 0.7176471 0.84705883 0.8509804 0.8392157 0.8392157 0.827451 0.7882353 0.7882353 0.8352941 0.9529412 1.0
0.8980392 0.84313726 0.8745098 0.87058824 0.8745098 0.88235295 0.87058824 0.85490197 0.7882353 0.8 0.8039216 0.6156863 0.4745098 0.5294118 0.8 0.9882353 0.9882353 0.99215686 0.9882353 0.9019608 0.8 0.79607844 0.8392157 0.8392157 0.83137256 0.8235294 0.8117647 0.8 0.7882353 0.78431374 0.9019608 1.0
0.9254902 0.83137256 0.8666667 0.8627451 0.8666667 0.8509804 0.8235294 0.81960785 0.7176471 0.8 0.9372549 0.9098039 0.6392157 0.20784314 0.47843137 0.94509804 0.99215686 0.99215686 0.99215686 0.89411765 0.827451 0.8392157 0.83137256 0.827451 0.8117647 0.80784315 0.8 0.78431374 0.7764706 0.74509805 0.79607844 0.98039216
0.9607843 0.8235294 0.827451 0.8039216 0.7019608 0.53333336 0.72156864 0.8039216 0.67058825 0.7607843 0.8901961 0.8862745 0.57254905 0.22745098 0.5254902 0.87058824 0.92156863 0.9490196 0.94509804 0.8784314 0.8235294 0.8352941 0.81960785 0.8117647 0.80784315 0.7921569 0.78431374 0.7764706 0.77254903 0.7294118 0.69411767 0.9411765
0.99607843 0.88235295 0.7294118 0.57254905 0.36862746 0.28627452 0.5176471 0.41960785 0.38431373 0.4392157 0.45882353 0.50980395 0.3372549 0.40392157 0.5764706 0.5686275 0.6313726 0.84705883 0.9137255 0.85490197 0.8235294 0.827451 0.8235294 0.83137256 0.8235294 0.8117647 0.7882353 0.7764706 0.77254903 0.6862745 0.5529412 0.7921569
1.0 0.9411765 0.80784315 0.56078434 0.45490196 0.54901963 0.6901961 0.6784314 0.70980394 0.7372549 0.7019608 0.67058825 0.59607846 0.5921569 0.6117647 0.4392157 0.16078432 0.49803922 0.84705883 0.8156863 0.85490197 0.8509804 0.8392157 0.7058824 0.60784316 0.6784314 0.78431374 0.8039216 0.79607844 0.5019608 0.08627451 0.39607844
1.0 0.9882353 0.89411765 0.6 0.5411765 0.36078432 0.36862746 0.49019608 0.627451 0.59607846 0.6313726 0.77254903 0.5882353 0.3254902 0.47843137 0.5254902 0.15686275 0.23921569 0.42352942 0.73333335 0.8392157 0.8235294 0.5647059 0.18431373 0.08235294 0.16470589 0.49803922 0.7764706 0.78431374 0.44313726 0.0 0.34509805
1.0 0.99215686 0.9372549 0.87058824 0.6 0.09019608 0.05882353 0.13725491 0.2509804 0.16862746 0.12941177 0.42352942 0.7019608 0.6901961 0.7019608 0.75686276 0.6392157 0.6156863 0.65882355 0.7882353 0.8509804 0.7411765 0.24705882 0.043137256 0.06666667 0.050980393 0.23921569 0.69411767 0.7882353 0.41568628 0.08235294 0.5921569
1.0 0.99607843 0.9843137 0.99215686 0.7411765 0.28627452 0.12941177 0.3019608 0.42352942 0.21960784 0.0627451 0.07450981 0.5568628 0.8627451 0.79607844 0.85882354 0.7882353 0.627451 0.54509807 0.5568628 0.64705884 0.5019608 0.09803922 0.17254902 0.30980393 0.19215687 0.16862746 0.6509804 0.78431374 0.34901962 0.27058825 0.87058824
1.0 0.99607843 0.99215686 0.9843137 0.9411765 0.7019608 0.25882354 0.4862745 0.60784316 0.36078432 0.09019608 0.14117648 0.64705884 0.92941177 0.91764706 0.9529412 0.9019608 0.7607843 0.6039216 0.4 0.39607844 0.22745098 0.05882353 0.33333334 0.5058824 0.38039216 0.23137255 0.7372549 0.8901961 0.62352943 0.6901961 0.9843137
1.0 0.99607843 0.99607843 0.99215686 1.0 0.85490197 0.3137255 0.5176471 0.64705884 0.3882353 0.20784314 0.6392157 0.9254902 0.98039216 0.9882353 0.99607843 0.99607843 0.99215686 0.95686275 0.84313726 0.78039217 0.45882353 0.1882353 0.33333334 0.5372549 0.44705883 0.27450982 0.81960785 1.0 0.94509804 0.96862745 1.0
1.0 0.99607843 0.99215686 0.99215686 0.99215686 0.92941177 0.41960785 0.3882353 0.5568628 0.2509804 0.44313726 0.9529412 0.9647059 0.9529412 0.9607843 0.96862745 0.9647059 0.95686275 0.95686275 0.972549 0.95686275 0.88235295 0.5058824 0.20784314 0.38431373 0.2784314 0.32941177 0.9098039 1.0 0.98039216 0.9882353 1.0
1.0 0.9529412 0.9019608 0.8666667 0.827451 0.827451 0.6117647 0.2509804 0.21176471 0.20784314 0.58431375 0.7411765 0.7254902 0.7254902 0.72156864 0.7294118 0.7294118 0.7294118 0.73333335 0.72156864 0.70980394 0.74509805 0.6313726 0.20392157 0.11764706 0.10980392 0.47058824 0.8352941 0.84313726 0.8666667 0.9137255 0.99215686
1.0 0.9411765 0.8666667 0.81960785 0.7921569 0.77254903 0.7372549 0.6039216 0.5294118 0.5921569 0.6901961 0.7137255 0.70980394 0.7058824 0.7058824 0.70980394 0.7058824 0.70980394 0.70980394 0.7137255 0.7176471 0.70980394 0.7019608 0.5921569 0.5058824 0.5529412 0.7137255 0.78431374 0.8 0.827451 0.8862745 0.9843137
1.0 0.9882353 0.98039216 0.9764706 0.9764706 0.96862745 0.95686275 0.95686275 0.95686275 0.9490196 0.94509804 0.9411765 0.9411765 0.94509804 0.94509804 0.9411765 0.9411765 0.94509804 0.94509804 0.94509804 0.94509804 0.94509804 0.9411765 0.9490196 0.95686275 0.9647059 0.96862745 0.96862745 0.972549 0.9764706 0.9843137 1.0
1.0 0.99607843 0.99607843 0.99607843 0.99607843 1.0 0.99607843 0.99215686 0.99215686 0.99215686 1.0 0.99607843 0.99607843 1.0 1.0 1.0 1.0 1.0 1.0 0.99607843 0.99607843 0.99607843 0.99607843 0.99215686 0.99215686 0.99607843 0.99607843 1.0 0.99607843 0.99607843 1.0 1.0
1.0 1.0 1.0 0.99607843 0.99607843 0.99607843 0.99607843 0.99607843 0.99607843 0.99607843 0.99607843 0.99607843 0.99607843 0.99607843 0.99607843 0.99607843 0.99607843 0.99607843 0.99607843 0.99607843 0.99607843 0.99607843 0.99607843 0.99607843 0.99215686 0.99215686 0.99607843 0.99607843 0.99607843 0.99607843 0.99607843 1.0
1.0 1.0 1.0 1.0 1.0 1.0 1.0 1.0 1.0 1.0 1.0 1.0 1.0 1.0 1.0 1.0 1.0 1.0 1.0 1.0 1.0 1.0 1.0 1.0 1.0 1.0 1.0 1.0 1.0 1.0 1.0 1.0
1.0 0.9882353 0.99215686 0.9882353 0.9882353 0.9882353 0.9882353 0.9882353 0.9882353 0.9882353 0.9882353 0.9882353 0.9882353 0.9882353 0.9764706 0.96862745 0.9843137 0.9882353 0.9882353 0.9882353 0.9882353 0.9882353 0.9882353 0.9882353 0.9882353 0.9882353 0.9882353 0.9882353 0.9882353 0.99215686 0.9882353 1.0
1.0 1.0 1.0 1.0 1.0 1.0 1.0 1.0 1.0 1.0 1.0 1.0 1.0 1.0 0.99607843 0.9764706 0.99215686 1.0 1.0 1.0 1.0 1.0 1.0 1.0 1.0 1.0 1.0 1.0 1.0 1.0 1.0 1.0
1.0 0.99607843 0.99607843 0.99607843 0.99607843 0.99607843 0.99607843 0.99607843 0.99607843 0.99607843 0.99607843 0.99607843 0.99607843 0.99607843 0.99607843 0.96862745 0.9647059 0.99607843 0.99607843 0.99607843 0.99607843 0.99607843 0.99607843 0.99607843 0.99607843 0.99607843 0.99607843 0.99607843 0.99607843 1.0 0.99607843 1.0
1.0 1.0 1.0 1.0 1.0 1.0 1.0 1.0 1.0 1.0 1.0 1.0 1.0 1.0 1.0 0.9764706 0.95686275 0.99215686 1.0 1.0 1.0 1.0 1.0 1.0 1.0 1.0 1.0 1.0 1.0 1.0 1.0 1.0
1.0 1.0 1.0 1.0 1.0 1.0 1.0 1.0 1.0 1.0 1.0 1.0 1.0 1.0 1.0 0.9843137 0.9647059 0.9882353 1.0 1.0 1.0 1.0 1.0 1.0 1.0 1.0 1.0 1.0 1.0 1.0 1.0 1.0
1.0 1.0 1.0 1.0 1.0 1.0 1.0 1.0 1.0 1.0 1.0 1.0 1.0 1.0 1.0 0.9843137 0.94509804 0.98039216 1.0 1.0 1.0 0.99607843 0.99607843 0.99607843 1.0 1.0 1.0 1.0 1.0 1.0 1.0 1.0
1.0 1.0 1.0 1.0 1.0 1.0 1.0 1.0 1.0 1.0 1.0 0.99607843 0.99607843 0.99607843 0.98039216 0.94509804 0.9019608 0.9529412 1.0 0.9882353 0.9764706 0.98039216 0.9882353 0.9843137 0.9764706 0.9843137 0.99607843 0.99607843 0.99607843 0.99607843 1.0 1.0
1.0 1.0 1.0 1.0 1.0 1.0 1.0 1.0 1.0 1.0 1.0 0.99215686 0.98039216 0.95686275 0.92156863 0.8627451 0.76862746 0.8784314 1.0 0.9529412 0.85490197 0.8117647 0.8117647 0.8156863 0.84313726 0.9254902 0.9882353 0.99607843 0.99607843 0.99607843 1.0 1.0
1.0 1.0 1.0 1.0 1.0 1.0 1.0 0.99607843 0.99607843 0.99215686 0.9843137 0.96862745 0.9372549 0.9019608 0.8862745 0.8117647 0.68235296 0.8352941 0.9882353 0.9411765 0.69411767 0.57254905 0.5803922 0.56078434 0.5176471 0.68235296 0.94509804 0.99607843 0.99607843 1.0 1.0 1.0
1.0 1.0 1.0 0.99607843 0.99607843 1.0 0.99607843 0.9882353 0.98039216 0.9607843 0.9411765 0.92156863 0.90588236 0.8980392 0.88235295 0.8352941 0.8 0.84705883 0.9529412 0.9411765 0.76862746 0.78431374 0.7921569 0.7882353 0.5764706 0.44705883 0.78039217 0.9764706 0.99607843 0.99607843 1.0 1.0
1.0 1.0 1.0 0.99607843 0.99215686 0.99215686 0.9843137 0.9607843 0.9372549 0.9254902 0.9137255 0.90588236 0.89411765 0.8862745 0.87058824 0.8627451 0.8352941 0.80784315 0.8862745 0.92156863 0.85882354 0.9764706 0.99215686 1.0 0.9137255 0.5803922 0.5176471 0.78431374 0.98039216 0.99215686 1.0 1.0
1.0 0.99607843 1.0 0.99215686 0.98039216 0.95686275 0.93333334 0.9137255 0.90588236 0.9137255 0.9019608 0.8862745 0.8901961 0.8901961 0.8862745 0.84705883 0.78039217 0.7411765 0.87058824 0.91764706 0.8352941 0.9607843 1.0 0.99215686 1.0 0.8 0.3764706 0.4862745 0.90588236 0.99607843 0.99607843 1.0
0.99607843 0.99215686 0.98039216 0.95686275 0.92941177 0.9019608 0.90588236 0.9137255 0.9019608 0.8901961 0.8862745 0.8901961 0.8901961 0.87058824 0.83137256 0.7490196 0.7882353 0.8862745 0.9764706 0.9254902 0.83137256 0.92156863 0.9490196 0.9490196 0.92156863 0.61960787 0.37254903 0.30588236 0.6901961 0.99607843 0.99607843 1.0
0.93333334 0.9372549 0.9137255 0.9019608 0.89411765 0.89411765 0.9019608 0.9019608 0.8862745 0.89411765 0.9098039 0.88235295 0.827451 0.7764706 0.74509805 0.81960785 0.9647059 0.99215686 0.9882353 0.92941177 0.8 0.74509805 0.7764706 0.7764706 0.74509805 0.627451 0.6392157 0.5058824 0.6666667 0.9254902 0.9843137 1.0
0.8784314 0.85882354 0.8784314 0.88235295 0.8901961 0.8862745 0.88235295 0.8901961 0.8901961 0.8745098 0.8352941 0.6901961 0.654902 0.8 0.91764706 0.98039216 0.99215686 0.99215686 0.9843137 0.92156863 0.77254903 0.73333335 0.8627451 0.8666667 0.85490197 0.8509804 0.8392157 0.8 0.8 0.84705883 0.9529412 1.0
0.8980392 0.84313726 0.8745098 0.8666667 0.8745098 0.88235295 0.87058824 0.85490197 0.7882353 0.8 0.8039216 0.6156863 0.4745098 0.5294118 0.8 0.9882353 0.9882353 0.99215686 0.9882353 0.90588236 0.8156863 0.8117647 0.85490197 0.85882354 0.84705883 0.8352941 0.8235294 0.8117647 0.8 0.7921569 0.9019608 1.0
0.92941177 0.83137256 0.8666667 0.8627451 0.8666667 0.8509804 0.8235294 0.81960785 0.7176471 0.8 0.9372549 0.9098039 0.6392157 0.20784314 0.4745098 0.9411765 0.99215686 0.9882353 0.99215686 0.8980392 0.8392157 0.85882354 0.84705883 0.84313726 0.827451 0.81960785 0.8117647 0.79607844 0.7882353 0.75686276 0.79607844 0.98039216
0.9607843 0.8235294 0.827451 0.8 0.69803923 0.53333336 0.72156864 0.8039216 0.67058825 0.7607843 0.8901961 0.8862745 0.57254905 0.22745098 0.5254902 0.8666667 0.91764706 0.94509804 0.9411765 0.8784314 0.8392157 0.8509804 0.8352941 0.827451 0.8235294 0.8039216 0.79607844 0.7882353 0.78431374 0.7411765 0.69803923 0.9411765
0.99607843 0.88235295 0.7294118 0.5686275 0.3647059 0.28627452 0.5176471 0.41960785 0.38431373 0.4392157 0.45882353 0.50980395 0.3372549 0.40392157 0.5764706 0.5647059 0.627451 0.84313726 0.90588236 0.85882354 0.8392157 0.84313726 0.8392157 0.84705883 0.8392157 0.8235294 0.8 0.7882353 0.78431374 0.69411767 0.5568628 0.7921569
1.0 0.9411765 0.80784315 0.5568628 0.45490196 0.54901963 0.6901961 0.6784314 0.70980394 0.7372549 0.7019608 0.67058825 0.6 0.59607846 0.60784316 0.43529412 0.15686275 0.49411765 0.84313726 0.81960785 0.87058824 0.87058824 0.85490197 0.7176471 0.62352943 0.6901961 0.79607844 0.8156863 0.80784315 0.50980395 0.08627451 0.39607844
1.0 0.9882353 0.89411765 0.6 0.5411765 0.36078432 0.3647059 0.4862745 0.62352943 0.59607846 0.6392157 0.78431374 0.6 0.3372549 0.48235294 0.52156866 0.15686275 0.23921569 0.42352942 0.7372549 0.85490197 0.8352941 0.5764706 0.19607843 0.09019608 0.17254902 0.50980395 0.7882353 0.79607844 0.45490196 0.0 0.34509805
1.0 0.99215686 0.9372549 0.87058824 0.6 0.09019608 0.05490196 0.13333334 0.24313726 0.16862746 0.14117648 0.43529412 0.7176471 0.70980394 0.7137255 0.75686276 0.6392157 0.6156863 0.65882355 0.79607844 0.8666667 0.75686276 0.25882354 0.050980393 0.07058824 0.05490196 0.24705882 0.7058824 0.8 0.43137255 0.08627451 0.5921569
1.0 0.99607843 0.9843137 0.99215686 0.7411765 0.28235295 0.12941177 0.29803923 0.41568628 0.22352941 0.07450981 0.08627451 0.57254905 0.88235295 0.80784315 0.85882354 0.7882353 0.627451 0.54509807 0.56078434 0.6627451 0.5176471 0.10980392 0.18039216 0.31764707 0.2 0.1764706 0.6627451 0.8 0.36078432 0.27058825 0.87058824
1.0 0.99607843 0.99215686 0.9843137 0.9411765 0.69803923 0.25490198 0.48235294 0.6 0.3647059 0.101960786 0.15294118 0.6627451 0.9490196 0.92941177 0.9529412 0.9019608 0.7607843 0.6039216 0.40784314 0.4117647 0.23921569 0.07058824 0.34509805 0.5137255 0.39215687 0.24313726 0.7529412 0.90588236 0.6392157 0.6901961 0.9843137
1.0 0.99607843 0.99607843 0.99215686 1.0 0.85490197 0.30980393 0.50980395 0.6392157 0.39215687 0.21568628 0.6509804 0.9372549 0.99215686 0.99607843 0.99607843 0.99607843 0.99215686 0.95686275 0.84705883 0.7921569 0.47058824 0.2 0.34509805 0.54509807 0.45882353 0.2901961 0.83137256 1.0 0.9607843 0.96862745 1.0
1.0 0.99607843 0.99215686 0.99215686 0.99215686 0.9254902 0.41568628 0.38039216 0.54901963 0.25490198 0.45490196 0.96862745 0.98039216 0.972549 0.96862745 0.96862745 0.9647059 0.95686275 0.95686275 0.9764706 0.972549 0.8980392 0.5176471 0.21568628 0.39607844 0.29411766 0.34117648 0.9254902 1.0 0.99215686 0.9882353 1.0
1.0 0.9529412 0.9019608 0.8666667 0.827451 0.827451 0.60784316 0.24313726 0.20784314 0.20784314 0.59607846 0.75686276 0.7372549 0.7372549 0.7294118 0.7294118 0.7294118 0.7294118 0.73333335 0.7254902 0.7254902 0.75686276 0.6431373 0.21176471 0.1254902 0.12156863 0.48235294 0.8509804 0.85882354 0.8784314 0.9137255 0.99215686
1.0 0.9411765 0.8666667 0.81960785 0.7921569 0.77254903 0.7372549 0.6039216 0.5294118 0.59607846 0.69411767 0.7176471 0.7137255 0.70980394 0.70980394 0.7058824 0.7058824 0.70980394 0.70980394 0.7137255 0.72156864 0.7137255 0.7058824 0.59607846 0.50980395 0.5568628 0.7176471 0.7882353 0.8039216 0.827451 0.8862745 0.9843137
1.0 0.9882353 0.98039216 0.9764706 0.9764706 0.96862745 0.95686275 0.95686275 0.95686275 0.9490196 0.94509804 0.9411765 0.9411765 0.94509804 0.94509804 0.9411765 0.9411765 0.94509804 0.94509804 0.94509804 0.94509804 0.94509804 0.9411765 0.9490196 0.95686275 0.9647059 0.96862745 0.96862745 0.972549 0.9764706 0.9843137 1.0
1.0 0.99607843 0.99607843 0.99607843 0.99607843 1.0 0.99607843 0.99215686 0.99215686 0.99215686 1.0 1.0 0.99607843 1.0 1.0 1.0 1.0 1.0 1.0 0.99607843 0.99607843 0.99607843 0.99607843 0.99215686 0.99215686 0.99607843 0.99607843 1.0 0.99607843 0.99607843 1.0 1.0
1.0 1.0 1.0 0.99607843 0.99607843 0.99607843 0.99607843 0.99607843 0.99607843 0.99607843 0.99607843 0.99607843 0.99607843 0.99607843 0.99607843 0.99607843 0.99607843 0.99607843 0.99607843 0.99607843 0.99607843 0.99607843 0.99607843 0.99607843 0.99215686 0.99215686 0.99607843 0.99607843 0.99607843 0.99607843 0.99607843 1.0
1.0 1.0 1.0 1.0 1.0 1.0 1.0 1.0 1.0 1.0 1.0 1.0 1.0 1.0 1.0 1.0 1.0 1.0 1.0 1.0 1.0 1.0 1.0 1.0 1.0 1.0 1.0 1.0 1.0 1.0 1.0 1.0
1.0 0.9882353 0.99215686 0.9882353 0.9882353 0.9882353 0.9882353 0.9882353 0.9882353 0.9882353 0.9882353 0.9882353 0.9882353 0.9882353 0.9764706 0.96862745 0.9843137 0.9882353 0.9882353 0.9882353 0.9882353 0.9882353 0.9882353 0.9882353 0.9882353 0.9882353 0.9882353 0.9882353 0.9882353 0.99215686 0.9882353 1.0
1.0 1.0 1.0 1.0 1.0 1.0 1.0 1.0 1.0 1.0 1.0 1.0 1.0 1.0 0.99607843 0.9764706 0.99215686 1.0 1.0 1.0 1.0 1.0 1.0 1.0 1.0 1.0 1.0 1.0 1.0 1.0 1.0 1.0
1.0 0.99607843 0.99607843 0.99607843 0.99607843 0.99607843 0.99607843 0.99607843 0.99607843 0.99607843 0.99607843 0.99607843 0.99607843 0.99607843 0.99607843 0.96862745 0.9647059 0.99607843 0.99607843 0.99607843 0.99607843 0.99607843 0.99607843 0.99607843 0.99607843 0.99607843 0.99607843 0.99607843 0.99607843 0.99607843 0.99607843 1.0
1.0 1.0 1.0 1.0 1.0 1.0 1.0 1.0 1.0 1.0 1.0 1.0 1.0 1.0 1.0 0.9764706 0.95686275 0.99215686 1.0 1.0 1.0 1.0 1.0 1.0 1.0 1.0 1.0 1.0 1.0 1.0 1.0 1.0
1.0 1.0 1.0 1.0 1.0 1.0 1.0 1.0 1.0 1.0 1.0 1.0 1.0 1.0 1.0 0.9843137 0.9647059 0.9882353 1.0 1.0 1.0 1.0 1.0 1.0 1.0 1.0 1.0 1.0 1.0 1.0 1.0 1.0
1.0 1.0 1.0 1.0 1.0 1.0 1.0 1.0 1.0 1.0 1.0 1.0 1.0 1.0 1.0 0.9843137 0.94509804 0.98039216 1.0 1.0 1.0 0.99607843 0.99607843 0.99607843 1.0 1.0 1.0 1.0 1.0 1.0 1.0 1.0
1.0 1.0 1.0 1.0 1.0 1.0 1.0 1.0 1.0 1.0 1.0 0.99607843 0.99607843 0.99607843 0.98039216 0.94509804 0.9019608 0.9529412 1.0 0.9882353 0.98039216 0.9882353 0.99215686 0.9882353 0.9843137 0.99215686 0.99607843 0.99215686 0.9882353 0.9882353 0.99607843 1.0
1.0 1.0 1.0 1.0 1.0 1.0 1.0 1.0 1.0 1.0 1.0 0.99215686 0.98039216 0.95686275 0.92156863 0.8627451 0.76862746 0.8784314 1.0 0.95686275 0.8666667 0.81960785 0.8235294 0.8235294 0.85490197 0.93333334 0.99215686 0.99607843 0.9843137 0.9843137 0.99607843 1.0
1.0 1.0 1.0 1.0 1.0 1.0 1.0 0.99607843 0.99607843 0.99215686 0.9843137 0.96862745 0.9372549 0.9019608 0.8862745 0.8117647 0.68235296 0.8352941 0.9882353 0.9411765 0.7019608 0.58431375 0.5921569 0.57254905 0.5294118 0.69803923 0.9529412 1.0 0.99215686 0.9882353 0.99607843 1.0
1.0 1.0 1.0 0.99607843 0.99607843 1.0 0.99607843 0.9882353 0.98039216 0.9607843 0.9411765 0.92156863 0.90588236 0.8980392 0.88235295 0.8352941 0.8 0.84705883 0.9529412 0.94509804 0.78039217 0.7921569 0.8 0.79607844 0.5921569 0.46666667 0.7921569 0.98039216 0.99607843 0.99215686 1.0 1.0
1.0 1.0 1.0 0.99607843 0.99215686 0.99215686 0.9843137 0.9607843 0.9372549 0.9254902 0.9137255 0.90588236 0.89411765 0.8862745 0.87058824 0.8627451 0.8352941 0.80784315 0.8862745 0.9254902 0.87058824 0.98039216 0.99607843 1.0 0.9254902 0.6 0.5411765 0.79607844 0.9843137 0.99215686 0.99607843 1.0
1.0 0.99607843 1.0 0.99215686 0.98039216 0.95686275 0.93333334 0.9137255 0.90588236 0.9137255 0.9019608 0.8862745 0.8901961 0.8901961 0.8862745 0.84705883 0.78039217 0.74509805 0.87058824 0.92156863 0.84705883 0.96862745 1.0 0.99607843 1.0 0.8235294 0.40392157 0.5019608 0.91764706 1.0 0.99607843 1.0
0.99607843 0.99215686 0.98039216 0.95686275 0.93333334 0.9019608 0.90588236 0.9137255 0.9019608 0.8901961 0.8862745 0.8901961 0.8901961 0.87058824 0.83137256 0.7490196 0.7882353 0.8862745 0.9764706 0.9254902 0.84313726 0.92941177 0.95686275 0.95686275 0.93333334 0.6509804 0.4 0.32941177 0.7058824 1.0 0.99607843 1.0
0.9254902 0.93333334 0.91764706 0.9098039 0.8980392 0.8901961 0.9019608 0.9019608 0.8862745 0.89411765 0.9098039 0.88235295 0.827451 0.7764706 0.7411765 0.8156863 0.9607843 0.9882353 0.9843137 0.92941177 0.8117647 0.75686276 0.7882353 0.7882353 0.7607843 0.65882355 0.6666667 0.5294118 0.69411767 0.9411765 0.9882353 1.0
0.8666667 0.85490197 0.88235295 0.8980392 0.89411765 0.8862745 0.88235295 0.8901961 0.8901961 0.8745098 0.8352941 0.6901961 0.654902 0.8 0.91764706 0.98039216 0.9882353 0.9882353 0.9843137 0.9254902 0.78431374 0.74509805 0.8745098 0.8784314 0.87058824 0.8745098 0.8666667 0.827451 0.83137256 0.8666667 0.95686275 1.0
0.8862745 0.84313726 0.8784314 0.88235295 0.88235295 0.88235295 0.87058824 0.85490197 0.7882353 0.8 0.8039216 0.6156863 0.4745098 0.5294118 0.8 0.9882353 0.9882353 0.99607843 0.9882353 0.9137255 0.827451 0.8235294 0.8666667 0.8666667 0.8627451 0.8627451 0.8509804 0.8392157 0.827451 0.8156863 0.90588236 1.0
0.91764706 0.827451 0.87058824 0.8784314 0.8745098 0.8509804 0.8235294 0.81960785 0.7176471 0.8 0.9372549 0.9098039 0.6392157 0.20784314 0.48235294 0.9490196 0.99607843 0.99607843 1.0 0.9098039 0.85490197 0.87058824 0.85882354 0.8509804 0.84313726 0.84313726 0.8392157 0.8235294 0.8156863 0.78039217 0.8 0.98039216
0.9490196 0.8235294 0.83137256 0.8156863 0.7058824 0.53333336 0.72156864 0.8039216 0.67058825 0.7607843 0.8901961 0.8862745 0.57254905 0.22745098 0.5372549 0.8862745 0.93333334 0.9607843 0.9607843 0.8980392 0.8509804 0.8627451 0.84705883 0.8392157 0.8392157 0.83137256 0.8235294 0.8156863 0.8117647 0.7647059 0.7019608 0.9411765
0.9843137 0.8784314 0.73333335 0.58431375 0.37254903 0.28627452 0.5176471 0.41960785 0.38431373 0.4392157 0.45882353 0.50980395 0.3372549 0.40392157 0.5882353 0.5921569 0.654902 0.87058824 0.93333334 0.8784314 0.8509804 0.85490197 0.8509804 0.85882354 0.85490197 0.8509804 0.827451 0.8156863 0.8117647 0.7176471 0.56078434 0.7882353
0.99215686 0.9372549 0.8156863 0.57254905 0.45882353 0.54901963 0.69411767 0.68235296 0.7137255 0.7411765 0.7058824 0.6745098 0.6 0.5921569 0.62352943 0.4627451 0.18431373 0.52156866 0.8627451 0.8392157 0.88235295 0.8784314 0.8666667 0.73333335 0.6392157 0.7176471 0.8235294 0.84313726 0.8352941 0.53333336 0.09019608 0.39607844
1.0 0.9882353 0.8980392 0.6039216 0.54901963 0.36862746 0.38431373 0.5137255 0.65882355 0.62352943 0.654902 0.79607844 0.6 0.33333334 0.48235294 0.53333336 0.16470589 0.24705882 0.43137255 0.7411765 0.85882354 0.8509804 0.6 0.22745098 0.1254902 0.21568628 0.54901963 0.8156863 0.8156863 0.47058824 0.0 0.34509805
1.0 0.99215686 0.9372549 0.87058824 0.60784316 0.101960786 0.078431375 0.16862746 0.29411766 0.20784314 0.16470589 0.4509804 0.72156864 0.7019608 0.7058824 0.75686276 0.6392157 0.6156863 0.65882355 0.79607844 0.87058824 0.77254903 0.28627452 0.09411765 0.11764706 0.101960786 0.28627452 0.7294118 0.8156863 0.43529412 0.08627451 0.5921569
1.0 0.99607843 0.9843137 0.99215686 0.74509805 0.29803923 0.15294118 0.33333334 0.4627451 0.25882354 0.09803922 0.09803922 0.57254905 0.8745098 0.8 0.85882354 0.7882353 0.627451 0.54509807 0.5647059 0.6666667 0.5294118 0.13725491 0.21960784 0.3647059 0.23921569 0.20784314 0.68235296 0.80784315 0.36078432 0.27058825 0.87058824
1.0 0.99607843 0.99215686 0.9843137 0.9411765 0.7137255 0.2784314 0.5176471 0.64705884 0.40392157 0.1254902 0.16470589 0.6666667 0.9411765 0.92156863 0.9529412 0.9019608 0.7607843 0.6039216 0.40784314 0.41568628 0.25490198 0.09803922 0.38431373 0.5568628 0.42352942 0.26666668 0.7647059 0.90588236 0.6313726 0.6901961 0.9843137
1.0 0.99607843 0.99607843 0.99215686 1.0 0.8627451 0.33333334 0.54901963 0.6862745 0.42745098 0.24313726 0.6627451 0.9411765 0.9882353 0.99215686 0.99607843 0.99607843 0.99215686 0.95686275 0.84705883 0.79607844 0.4862745 0.22352941 0.38431373 0.58431375 0.47843137 0.3019608 0.8352941 1.0 0.94509804 0.96862745 1.0
1.0 0.99607843 0.99215686 0.99607843 0.99607843 0.9372549 0.4392157 0.41960785 0.6 0.2901961 0.47843137 0.9764706 0.98039216 0.9647059 0.9607843 0.96862745 0.9647059 0.95686275 0.95686275 0.98039216 0.9764706 0.9098039 0.5411765 0.25882354 0.43529412 0.30980393 0.34901962 0.92156863 0.99607843 0.9764706 0.9843137 1.0
1.0 0.9529412 0.9019608 0.8666667 0.83137256 0.8392157 0.627451 0.2784314 0.24705882 0.24313726 0.6156863 0.76862746 0.7411765 0.73333335 0.7254902 0.7294118 0.7294118 0.7294118 0.73333335 0.7254902 0.7294118 0.76862746 0.6666667 0.2509804 0.16078432 0.13333334 0.4862745 0.8392157 0.8392157 0.85882354 0.9098039 0.99607843
1.0 0.9411765 0.8666667 0.81960785 0.7921569 0.7764706 0.74509805 0.6117647 0.5411765 0.6039216 0.7019608 0.72156864 0.7137255 0.7058824 0.7058824 0.70980394 0.7058824 0.70980394 0.70980394 0.7137255 0.72156864 0.7176471 0.7137255 0.6039216 0.5176471 0.56078434 0.7137255 0.78431374 0.79607844 0.81960785 0.88235295 0.9843137
1.0 0.9882353 0.98039216 0.9764706 0.9764706 0.96862745 0.95686275 0.95686275 0.95686275 0.9490196 0.94509804 0.9411765 0.9411765 0.94509804 0.94509804 0.9411765 0.9411765 0.94509804 0.94509804 0.94509804 0.94509804 0.94509804 0.9411765 0.9490196 0.9529412 0.9647059 0.96862745 0.96862745 0.972549 0.9764706 0.9843137 1.0
1.0 0.99607843 0.99607843 0.99607843 0.99607843 1.0 0.99607843 0.99215686 0.99215686 0.99215686 1.0 1.0 0.99607843 1.0 1.0 1.0 1.0 1.0 1.0 0.99607843 0.99607843 0.99607843 0.99607843 0.99607843 0.99215686 0.99607843 0.99607843 1.0 0.99607843 0.99607843 1.0 1.0
1.0 1.0 1.0 0.99607843 0.99607843 0.99607843 0.99607843 0.99607843 0.99607843 0.99607843 0.99607843 0.99607843 0.99607843 0.99607843 0.99607843 0.99607843 0.99607843 0.99607843 0.99607843 0.99607843 0.99607843 0.99607843 0.99607843 0.99607843 0.99215686 0.99215686 0.99607843 0.99607843 0.99607843 0.99607843 0.99607843 1.0
1.0 1.0 1.0 1.0 1.0 1.0 1.0 1.0 1.0 1.0 1.0 1.0 1.0 1.0 1.0 1.0 1.0 1.0 1.0 1.0 1.0 1.0 1.0 1.0 1.0 1.0 1.0 1.0 1.0 1.0 1.0 1.0
27 2 0
21 23 0
26 5 2
29 1 2
22 3 0
24 2 0
29 4 2
21 5 1
28 2 2
20 24 0
