32, 32, 3, 50
0.61960787 0.61960787 0.61960787 0.62352943 0.62352943 0.62352943 0.62352943 0.62352943 0.62352943 0.62352943 0.62352943 0.62352943 0.62352943 0.62352943 0.62352943 0.62352943 0.62352943 0.62352943 0.62352943 0.62352943 0.62352943 0.62352943 0.62352943 0.62352943 0.61960787 0.61960787 0.62352943 0.62352943 0.62352943 0.61960787 0.61960787 0.61960787
0.62352943 0.62352943 0.62352943 0.62352943 0.62352943 0.62352943 0.62352943 0.62352943 0.62352943 0.62352943 0.62352943 0.62352943 0.62352943 0.62352943 0.62352943 0.62352943 0.62352943 0.62352943 0.62352943 0.62352943 0.62352943 0.62352943 0.62352943 0.62352943 0.62352943 0.62352943 0.62352943 0.62352943 0.62352943 0.62352943 0.62352943 0.62352943
0.62352943 0.62352943 0.62352943 0.627451 0.627451 0.627451 0.627451 0.627451 0.627451 0.627451 0.627451 0.627451 0.627451 0.627451 0.627451 0.627451 0.627451 0.62352943 0.627451 0.627451 0.627451 0.627451 0.627451 0.627451 0.62352943 0.62352943 0.62352943 0.62352943 0.62352943 0.62352943 0.62352943 0.62352943
0.627451 0.627451 0.62352943 0.62352943 0.627451 0.627451 0.627451 0.627451 0.627451 0.627451 0.627451 0.627451 0.627451 0.627451 0.627451 0.6313726 0.627451 0.627451 0.627451 0.627451 0.627451 0.627451 0.627451 0.627451 0.627451 0.627451 0.627451 0.627451 0.627451 0.627451 0.627451 0.627451
0.627451 0.627451 0.627451 0.627451 0.627451 0.627451 0.627451 0.627451 0.627451 0.627451 0.6313726 0.6313726 0.6313726 0.6313726 0.6313726 0.6313726 0.6313726 0.627451 0.627451 0.627451 0.627451 0.627451 0.627451 0.627451 0.627451 0.627451 0.627451 0.627451 0.627451 0.627451 0.627451 0.627451
0.627451 0.627451 0.627451 0.627451 0.627451 0.6313726 0.6313726 0.6313726 0.6313726 0.6313726 0.6313726 0.6313726 0.6313726 0.6313726 0.6313726 0.6313726 0.6313726 0.6313726 0.627451 0.627451 0.627451 0.627451 0.627451 0.627451 0.627451 0.627451 0.627451 0.627451 0.627451 0.627451 0.627451 0.627451
0.627451 0.6313726 0.6313726 0.6313726 0.6313726 0.6313726 0.6313726 0.6313726 0.6313726 0.6313726 0.6313726 0.6313726 0.6313726 0.6313726 0.6313726 0.6313726 0.6313726 0.6313726 0.6313726 0.6313726 0.6313726 0.6313726 0.6313726 0.6313726 0.6313726 0.6313726 0.627451 0.627451 0.627451 0.627451 0.627451 0.627451
0.6392157 0.6392157 0.6392157 0.6392157 0.6392157 0.6392157 0.6392157 0.6313726 0.6313726 0.6313726 0.6313726 0.6313726 0.6313726 0.6313726 0.6313726 0.6313726 0.6313726 0.6313726 0.6313726 0.6313726 0.6313726 0.6313726 0.6313726 0.6313726 0.6313726 0.6313726 0.6313726 0.6313726 0.6313726 0.6313726 0.627451 0.627451
0.6392157 0.6392157 0.6392157 0.6392157 0.6392157 0.6392157 0.6392157 0.63529414 0.63529414 0.63529414 0.63529414 0.63529414 0.63529414 0.63529414 0.63529414 0.63529414 0.63529414 0.63529414 0.6313726 0.6313726 0.6313726 0.63529414 0.63529414 0.6313726 0.6313726 0.6313726 0.6313726 0.6313726 0.6313726 0.6313726 0.6313726 0.6313726
0.6392157 0.6431373 0.6431373 0.6431373 0.6431373 0.6431373 0.6431373 0.6431373 0.6431373 0.6431373 0.6392157 0.6431373 0.6431373 0.6431373 0.6431373 0.6431373 0.6431373 0.6431373 0.6392157 0.6392157 0.6392157 0.6431373 0.6431373 0.6392157 0.63529414 0.63529414 0.63529414 0.63529414 0.63529414 0.63529414 0.63529414 0.6313726
0.6392157 0.6431373 0.6431373 0.6431373 0.6431373 0.6431373 0.6431373 0.6431373 0.6431373 0.6431373 0.6431373 0.6392157 0.6509804 0.6431373 0.6431373 0.6431373 0.6431373 0.6431373 0.6431373 0.6431373 0.6431373 0.6431373 0.6431373 0.6392157 0.63529414 0.63529414 0.63529414 0.63529414 0.63529414 0.6431373 0.6431373 0.6392157
0.6431373 0.6431373 0.64705884 0.64705884 0.6431373 0.6431373 0.6431373 0.64705884 0.64705884 0.64705884 0.6431373 0.6039216 0.5568628 0.6627451 0.64705884 0.6392157 0.6392157 0.6431373 0.6392157 0.6392157 0.6509804 0.64705884 0.6431373 0.6431373 0.6431373 0.6431373 0.6431373 0.6431373 0.6431373 0.6431373 0.6431373 0.6392157
0.6431373 0.64705884 0.64705884 0.64705884 0.64705884 0.64705884 0.64705884 0.64705884 0.64705884 0.64705884 0.6627451 0.5568628 0.46666667 0.57254905 0.6392157 0.6745098 0.6745098 0.6745098 0.654902 0.65882355 0.5921569 0.31764707 0.59607846 0.6509804 0.64705884 0.64705884 0.64705884 0.64705884 0.64705884 0.6431373 0.6431373 0.6431373
0.64705884 0.64705884 0.64705884 0.64705884 0.64705884 0.64705884 0.64705884 0.64705884 0.64705884 0.64705884 0.6509804 0.5686275 0.68235296 0.7647059 0.68235296 0.42352942 0.35686275 0.4745098 0.61960787 0.6509804 0.3372549 0.101960786 0.5529412 0.6509804 0.64705884 0.64705884 0.64705884 0.64705884 0.64705884 0.64705884 0.64705884 0.64705884
0.64705884 0.64705884 0.64705884 0.64705884 0.64705884 0.6509804 0.6509804 0.6509804 0.6509804 0.654902 0.64705884 0.627451 0.4745098 0.45882353 0.36862746 0.105882354 0.078431375 0.13725491 0.22352941 0.10980392 0.23529412 0.46666667 0.627451 0.6509804 0.6509804 0.6509804 0.64705884 0.64705884 0.64705884 0.64705884 0.64705884 0.6509804
0.6509804 0.6509804 0.6509804 0.6509804 0.6509804 0.6509804 0.6509804 0.6509804 0.6509804 0.6509804 0.65882355 0.6117647 0.2901961 0.003921569 0.1254902 0.2 0.09411765 0.19215687 0.29411766 0.2627451 0.28627452 0.6117647 0.6627451 0.6509804 0.6509804 0.6509804 0.64705884 0.64705884 0.64705884 0.6509804 0.64705884 0.64705884
0.6509804 0.6509804 0.6509804 0.6509804 0.6509804 0.6509804 0.6509804 0.654902 0.6509804 0.6509804 0.6431373 0.6392157 0.68235296 0.5294118 0.6117647 0.69411767 0.5294118 0.60784316 0.67058825 0.69411767 0.6392157 0.65882355 0.64705884 0.6509804 0.6509804 0.6509804 0.6509804 0.6509804 0.6509804 0.6509804 0.6509804 0.64705884
0.6509804 0.6509804 0.6509804 0.6509804 0.6509804 0.654902 0.654902 0.6509804 0.654902 0.654902 0.654902 0.6509804 0.64705884 0.6862745 0.64705884 0.70980394 0.61960787 0.54509807 0.6509804 0.654902 0.6627451 0.6509804 0.654902 0.6509804 0.654902 0.654902 0.6509804 0.6509804 0.6509804 0.654902 0.6509804 0.6509804
0.6509804 0.654902 0.6509804 0.654902 0.654902 0.654902 0.654902 0.6509804 0.654902 0.654902 0.654902 0.654902 0.6627451 0.6509804 0.6627451 0.6509804 0.5568628 0.61960787 0.6509804 0.6509804 0.6509804 0.654902 0.654902 0.654902 0.654902 0.654902 0.654902 0.654902 0.654902 0.654902 0.654902 0.6509804
0.65882355 0.65882355 0.65882355 0.65882355 0.65882355 0.65882355 0.65882355 0.654902 0.65882355 0.65882355 0.654902 0.654902 0.6627451 0.65882355 0.654902 0.654902 0.6745098 0.7058824 0.62352943 0.65882355 0.6627451 0.65882355 0.65882355 0.65882355 0.65882355 0.65882355 0.65882355 0.65882355 0.65882355 0.65882355 0.65882355 0.65882355
0.65882355 0.65882355 0.65882355 0.65882355 0.65882355 0.65882355 0.65882355 0.65882355 0.65882355 0.65882355 0.65882355 0.65882355 0.65882355 0.65882355 0.65882355 0.65882355 0.65882355 0.654902 0.6627451 0.65882355 0.65882355 0.6627451 0.6627451 0.65882355 0.65882355 0.65882355 0.65882355 0.65882355 0.65882355 0.65882355 0.65882355 0.65882355
0.65882355 0.65882355 0.65882355 0.65882355 0.65882355 0.65882355 0.65882355 0.6627451 0.6627451 0.6627451 0.6627451 0.6627451 0.6627451 0.6627451 0.6627451 0.6627451 0.6627451 0.6627451 0.6627451 0.6627451 0.6627451 0.6627451 0.6627451 0.6627451 0.6627451 0.6627451 0.6627451 0.6627451 0.6627451 0.65882355 0.65882355 0.65882355
0.65882355 0.65882355 0.65882355 0.6627451 0.6627451 0.6627451 0.6627451 0.6627451 0.6627451 0.6627451 0.6627451 0.6627451 0.6627451 0.6627451 0.6627451 0.6627451 0.6627451 0.6627451 0.6627451 0.6627451 0.6627451 0.6627451 0.6627451 0.6627451 0.6627451 0.6627451 0.6627451 0.6627451 0.6627451 0.6627451 0.6627451 0.6627451
0.6627451 0.6627451 0.6627451 0.6627451 0.6627451 0.6627451 0.6627451 0.6627451 0.6627451 0.6627451 0.6627451 0.6627451 0.6627451 0.6627451 0.6627451 0.6627451 0.6627451 0.6627451 0.6627451 0.6627451 0.6627451 0.6627451 0.6627451 0.6627451 0.6627451 0.6627451 0.6627451 0.6627451 0.6627451 0.6627451 0.6627451 0.6627451
0.6627451 0.6627451 0.6627451 0.6627451 0.6627451 0.6627451 0.6627451 0.6627451 0.6627451 0.6627451 0.6666667 0.6666667 0.6666667 0.6666667 0.6666667 0.6666667 0.6666667 0.6666667 0.6666667 0.6666667 0.6666667 0.6666667 0.6666667 0.6627451 0.6627451 0.6627451 0.6627451 0.6627451 0.6627451 0.6627451 0.6627451 0.6627451
0.6627451 0.6627451 0.6627451 0.6627451 0.6627451 0.6627451 0.6627451 0.6666667 0.6666667 0.6666667 0.6666667 0.6666667 0.6666667 0.6666667 0.6666667 0.6666667 0.6666667 0.6666667 0.6666667 0.6666667 0.6666667 0.6666667 0.6666667 0.6666667 0.6627451 0.6627451 0.6627451 0.6627451 0.6627451 0.6666667 0.6666667 0.6627451
0.6627451 0.6627451 0.6627451 0.6627451 0.6666667 0.6666667 0.6666667 0.6666667 0.6666667 0.6666667 0.6666667 0.6666667 0.6666667 0.6666667 0.6666667 0.6666667 0.6666667 0.6666667 0.6666667 0.6666667 0.6666667 0.6666667 0.6666667 0.6666667 0.6666667 0.6666667 0.6666667 0.6666667 0.6666667 0.6666667 0.6666667 0.6666667
0.6666667 0.6666667 0.6666667 0.6666667 0.6666667 0.6666667 0.6666667 0.6666667 0.6666667 0.6666667 0.67058825 0.67058825 0.67058825 0.67058825 0.67058825 0.67058825 0.67058825 0.67058825 0.6666667 0.6666667 0.6666667 0.67058825 0.67058825 0.6666667 0.6666667 0.6666667 0.6666667 0.6666667 0.6666667 0.6666667 0.6666667 0.6666667
0.6666667 0.6666667 0.6666667 0.6666667 0.6666667 0.6666667 0.6666667 0.6666667 0.6666667 0.6666667 0.67058825 0.67058825 0.67058825 0.67058825 0.67058825 0.67058825 0.67058825 0.67058825 0.6666667 0.6666667 0.6666667 0.67058825 0.67058825 0.67058825 0.6666667 0.67058825 0.6666667 0.6666667 0.6666667 0.6666667 0.6666667 0.6666667
0.67058825 0.67058825 0.67058825 0.67058825 0.67058825 0.67058825 0.67058825 0.67058825 0.67058825 0.67058825 0.67058825 0.67058825 0.67058825 0.67058825 0.67058825 0.67058825 0.67058825 0.67058825 0.67058825 0.67058825 0.67058825 0.67058825 0.67058825 0.67058825 0.67058825 0.67058825 0.67058825 0.67058825 0.67058825 0.67058825 0.67058825 0.67058825
0.67058825 0.67058825 0.67058825 0.67058825 0.67058825 0.67058825 0.67058825 0.67058825 0.67058825 0.67058825 0.67058825 0.67058825 0.67058825 0.67058825 0.67058825 0.67058825 0.67058825 0.67058825 0.67058825 0.67058825 0.67058825 0.67058825 0.67058825 0.67058825 0.6745098 0.67058825 0.67058825 0.67058825 0.67058825 0.67058825 0.67058825 0.67058825
0.67058825 0.67058825 0.67058825 0.67058825 0.67058825 0.67058825 0.67058825 0.67058825 0.67058825 0.67058825 0.67058825 0.67058825 0.67058825 0.67058825 0.67058825 0.67058825 0.67058825 0.67058825 0.6745098 0.6745098 0.6745098 0.67058825 0.67058825 0.6745098 0.6745098 0.67058825 0.67058825 0.67058825 0.67058825 0.67058825 0.67058825 0.67058825
0.7647059 0.7647059 0.7647059 0.76862746 0.76862746 0.76862746 0.76862746 0.76862746 0.76862746 0.76862746 0.76862746 0.76862746 0.76862746 0.76862746 0.76862746 0.76862746 0.76862746 0.76862746 0.76862746 0.76862746 0.76862746 0.76862746 0.76862746 0.76862746 0.7647059 0.7647059 0.76862746 0.76862746 0.76862746 0.7647059 0.7647059 0.7647059
0.76862746 0.76862746 0.76862746 0.76862746 0.76862746 0.76862746 0.76862746 0.76862746 0.76862746 0.76862746 0.76862746 0.76862746 0.76862746 0.76862746 0.76862746 0.76862746 0.76862746 0.76862746 0.76862746 0.76862746 0.76862746 0.76862746 0.76862746 0.76862746 0.76862746 0.76862746 0.76862746 0.76862746 0.76862746 0.76862746 0.76862746 0.76862746
0.76862746 0.76862746 0.76862746 0.77254903 0.77254903 0.77254903 0.77254903 0.77254903 0.77254903 0.77254903 0.77254903 0.77254903 0.77254903 0.77254903 0.77254903 0.77254903 0.77254903 0.76862746 0.77254903 0.77254903 0.77254903 0.77254903 0.77254903 0.77254903 0.76862746 0.76862746 0.76862746 0.76862746 0.76862746 0.76862746 0.76862746 0.76862746
0.77254903 0.77254903 0.76862746 0.76862746 0.77254903 0.77254903 0.77254903 0.77254903 0.77254903 0.77254903 0.77254903 0.77254903 0.77254903 0.77254903 0.77254903 0.7764706 0.77254903 0.77254903 0.77254903 0.77254903 0.77254903 0.77254903 0.77254903 0.77254903 0.77254903 0.77254903 0.77254903 0.77254903 0.77254903 0.77254903 0.77254903 0.77254903
0.77254903 0.77254903 0.77254903 0.77254903 0.77254903 0.77254903 0.77254903 0.77254903 0.77254903 0.77254903 0.7764706 0.7764706 0.7764706 0.7764706 0.7764706 0.7764706 0.7764706 0.77254903 0.77254903 0.77254903 0.77254903 0.77254903 0.77254903 0.77254903 0.77254903 0.77254903 0.77254903 0.77254903 0.77254903 0.77254903 0.77254903 0.77254903
0.77254903 0.77254903 0.77254903 0.77254903 0.7764706 0.7764706 0.7764706 0.7764706 0.7764706 0.7764706 0.7764706 0.7764706 0.7764706 0.7764706 0.7764706 0.7764706 0.7764706 0.7764706 0.77254903 0.77254903 0.77254903 0.77254903 0.77254903 0.77254903 0.77254903 0.77254903 0.77254903 0.77254903 0.77254903 0.77254903 0.77254903 0.77254903
0.77254903 0.7764706 0.7764706 0.7764706 0.7764706 0.7764706 0.7764706 0.7764706 0.7764706 0.7764706 0.7764706 0.7764706 0.7764706 0.7764706 0.7764706 0.7764706 0.7764706 0.7764706 0.7764706 0.7764706 0.7764706 0.7764706 0.7764706 0.7764706 0.7764706 0.7764706 0.77254903 0.77254903 0.77254903 0.77254903 0.77254903 0.77254903
0.77254903 0.77254903 0.77254903 0.77254903 0.77254903 0.77254903 0.77254903 0.7764706 0.7764706 0.7764706 0.7764706 0.7764706 0.7764706 0.7764706 0.7764706 0.7764706 0.7764706 0.7764706 0.7764706 0.7764706 0.7764706 0.7764706 0.7764706 0.7764706 0.7764706 0.7764706 0.7764706 0.7764706 0.7764706 0.7764706 0.77254903 0.77254903
0.77254903 0.77254903 0.77254903 0.77254903 0.77254903 0.77254903 0.77254903 0.7764706 0.7764706 0.7764706 0.7764706 0.7764706 0.7764706 0.7764706 0.7764706 0.7764706 0.7764706 0.7764706 0.7764706 0.7764706 0.7764706 0.7764706 0.7764706 0.7764706 0.7764706 0.7764706 0.7764706 0.7764706 0.7764706 0.7764706 0.7764706 0.7764706
0.77254903 0.7764706 0.7764706 0.7764706 0.7764706 0.7764706 0.7764706 0.7764706 0.7764706 0.7764706 0.7764706 0.7764706 0.7764706 0.7764706 0.7764706 0.7764706 0.7764706 0.7764706 0.78039217 0.78039217 0.7764706 0.7764706 0.7764706 0.7764706 0.78039217 0.78039217 0.78039217 0.78039217 0.78039217 0.7764706 0.7764706 0.7764706
0.77254903 0.7764706 0.7764706 0.7764706 0.7764706 0.7764706 0.7764706 0.7764706 0.7764706 0.78039217 0.78039217 0.7764706 0.7921569 0.78039217 0.78039217 0.78039217 0.7764706 0.7764706 0.7764706 0.78039217 0.7764706 0.78039217 0.7764706 0.78039217 0.78039217 0.78039217 0.78039217 0.78039217 0.78039217 0.7764706 0.7764706 0.7764706
0.78039217 0.78039217 0.78431374 0.78431374 0.78039217 0.78039217 0.78039217 0.78431374 0.78431374 0.78039217 0.78431374 0.73333335 0.6901961 0.78431374 0.78039217 0.78039217 0.7764706 0.78039217 0.78039217 0.78431374 0.7882353 0.78039217 0.78431374 0.7764706 0.7764706 0.7764706 0.78039217 0.78039217 0.78039217 0.7764706 0.7764706 0.7764706
0.78039217 0.78431374 0.78431374 0.78431374 0.78431374 0.78431374 0.78431374 0.78431374 0.78431374 0.78431374 0.7882353 0.6784314 0.50980395 0.68235296 0.78431374 0.80784315 0.8156863 0.80784315 0.7921569 0.78039217 0.7176471 0.3647059 0.7137255 0.78431374 0.78039217 0.78039217 0.78039217 0.78039217 0.78039217 0.7764706 0.7764706 0.7764706
0.78431374 0.78431374 0.78431374 0.78431374 0.78431374 0.78431374 0.78431374 0.78431374 0.78431374 0.7882353 0.7921569 0.68235296 0.6784314 0.77254903 0.75686276 0.5137255 0.46666667 0.5686275 0.7254902 0.7921569 0.40784314 0.14509805 0.67058825 0.7882353 0.78431374 0.78431374 0.78431374 0.78431374 0.78431374 0.78431374 0.78431374 0.78039217
0.78431374 0.78431374 0.78431374 0.78431374 0.78431374 0.7882353 0.7882353 0.7882353 0.7882353 0.7882353 0.7921569 0.7490196 0.5372549 0.47058824 0.38039216 0.16862746 0.16862746 0.2 0.24313726 0.19607843 0.2784314 0.5019608 0.7411765 0.7882353 0.7882353 0.7882353 0.78431374 0.78431374 0.78431374 0.78431374 0.78431374 0.78431374
0.7882353 0.7882353 0.7882353 0.7882353 0.7882353 0.7882353 0.7882353 0.7882353 0.7882353 0.7882353 0.7882353 0.7176471 0.36078432 0.05490196 0.16078432 0.22745098 0.15686275 0.23921569 0.33333334 0.3254902 0.34901962 0.7176471 0.7882353 0.7882353 0.7882353 0.7882353 0.78431374 0.78431374 0.78431374 0.7882353 0.78431374 0.78431374
0.7882353 0.7882353 0.7882353 0.7882353 0.7882353 0.7882353 0.7882353 0.7921569 0.7882353 0.7882353 0.7882353 0.7882353 0.8117647 0.627451 0.65882355 0.7294118 0.5568628 0.7294118 0.8156863 0.84313726 0.78431374 0.8 0.7882353 0.7882353 0.7882353 0.7882353 0.7882353 0.7882353 0.7882353 0.7882353 0.7882353 0.78431374
0.7882353 0.7882353 0.7882353 0.78431374 0.7882353 0.7921569 0.7921569 0.7882353 0.7921569 0.7882353 0.7882353 0.7921569 0.7882353 0.8117647 0.78039217 0.7176471 0.6666667 0.6431373 0.7882353 0.78039217 0.79607844 0.7882353 0.7921569 0.7882353 0.7921569 0.7921569 0.7882353 0.7882353 0.7882353 0.7882353 0.7882353 0.7882353
0.7882353 0.7921569 0.7921569 0.7921569 0.7921569 0.7921569 0.7921569 0.7882353 0.7921569 0.7921569 0.7882353 0.7882353 0.7882353 0.7921569 0.7921569 0.78431374 0.6901961 0.63529414 0.74509805 0.7921569 0.7882353 0.7882353 0.7921569 0.7921569 0.7921569 0.7921569 0.7921569 0.7921569 0.7921569 0.7921569 0.7921569 0.7882353
0.7882353 0.7882353 0.7882353 0.7882353 0.7882353 0.7882353 0.7882353 0.7882353 0.7882353 0.7882353 0.7882353 0.7882353 0.7882353 0.7882353 0.7882353 0.7921569 0.8039216 0.7921569 0.7411765 0.7921569 0.7921569 0.7882353 0.7882353 0.7882353 0.7882353 0.7882353 0.7882353 0.7882353 0.7882353 0.7882353 0.7882353 0.7882353
0.7882353 0.7882353 0.7882353 0.7882353 0.7882353 0.7882353 0.7882353 0.7882353 0.7882353 0.7882353 0.7882353 0.7882353 0.7882353 0.7882353 0.7882353 0.7882353 0.7882353 0.7921569 0.8 0.79607844 0.7921569 0.7921569 0.7921569 0.7882353 0.7882353 0.7882353 0.7882353 0.7882353 0.7882353 0.7882353 0.7882353 0.7882353
0.7882353 0.7882353 0.7882353 0.7882353 0.7882353 0.7882353 0.7882353 0.7921569 0.7921569 0.7921569 0.7921569 0.7921569 0.7921569 0.7921569 0.7921569 0.7921569 0.7921569 0.7921569 0.7921569 0.7921569 0.7921569 0.7921569 0.7921569 0.7921569 0.7921569 0.7921569 0.7921569 0.7921569 0.7921569 0.7882353 0.7882353 0.7882353
0.7882353 0.7882353 0.7882353 0.7921569 0.7921569 0.7921569 0.7921569 0.7921569 0.7921569 0.7921569 0.7921569 0.7921569 0.7921569 0.7921569 0.7921569 0.79607844 0.79607844 0.79607844 0.7921569 0.7921569 0.7921569 0.7921569 0.7921569 0.7921569 0.7921569 0.7921569 0.7921569 0.7921569 0.7921569 0.7921569 0.7921569 0.7921569
0.7921569 0.7921569 0.7921569 0.7921569 0.7921569 0.7921569 0.7921569 0.7921569 0.7921569 0.7921569 0.7921569 0.7921569 0.7921569 0.7921569 0.7921569 0.7921569 0.7921569 0.7921569 0.7921569 0.7921569 0.7921569 0.7921569 0.7921569 0.7921569 0.7921569 0.7921569 0.7921569 0.7921569 0.7921569 0.7921569 0.7921569 0.7921569
0.7921569 0.7921569 0.7921569 0.7921569 0.7921569 0.7921569 0.7921569 0.7921569 0.7921569 0.7921569 0.79607844 0.79607844 0.79607844 0.79607844 0.79607844 0.79607844 0.79607844 0.79607844 0.79607844 0.79607844 0.79607844 0.79607844 0.79607844 0.7921569 0.7921569 0.7921569 0.7921569 0.7921569 0.7921569 0.7921569 0.7921569 0.7921569
0.7921569 0.7921569 0.79607844 0.79607844 0.7921569 0.7921569 0.7921569 0.79607844 0.79607844 0.79607844 0.79607844 0.79607844 0.79607844 0.79607844 0.79607844 0.79607844 0.8 0.8 0.79607844 0.79607844 0.79607844 0.8 0.8 0.79607844 0.7921569 0.7921569 0.7921569 0.7921569 0.7921569 0.79607844 0.79607844 0.7921569
0.7921569 0.7921569 0.79607844 0.79607844 0.79607844 0.79607844 0.79607844 0.79607844 0.79607844 0.79607844 0.79607844 0.79607844 0.79607844 0.79607844 0.79607844 0.8 0.8 0.8 0.79607844 0.79607844 0.79607844 0.8 0.8 0.8 0.8 0.8 0.79607844 0.79607844 0.79607844 0.79607844 0.79607844 0.79607844
0.79607844 0.79607844 0.8 0.8 0.8 0.8 0.8 0.8 0.8 0.8 0.8 0.8 0.8 0.8 0.8 0.8 0.8039216 0.8039216 0.8 0.8 0.8 0.8039216 0.8039216 0.8 0.8 0.8 0.8 0.8 0.8 0.8 0.8 0.79607844
0.8 0.8 0.8 0.8 0.8 0.8 0.8 0.8 0.8 0.8 0.8039216 0.8039216 0.8039216 0.8039216 0.8039216 0.8039216 0.8039216 0.8039216 0.8 0.8 0.8 0.8039216 0.8039216 0.8039216 0.8 0.8039216 0.8 0.8 0.8 0.8 0.8 0.8
0.8039216 0.8039216 0.8039216 0.8039216 0.8039216 0.8039216 0.8039216 0.8039216 0.8039216 0.8039216 0.8039216 0.8039216 0.8039216 0.8039216 0.8039216 0.8039216 0.8039216 0.8039216 0.8039216 0.8039216 0.8039216 0.8039216 0.8039216 0.8039216 0.8039216 0.8039216 0.8039216 0.8039216 0.8039216 0.8039216 0.8039216 0.8039216
0.8039216 0.8039216 0.8039216 0.8039216 0.8039216 0.8039216 0.8039216 0.8039216 0.8039216 0.8039216 0.8039216 0.8039216 0.8039216 0.8039216 0.8039216 0.8039216 0.8039216 0.8039216 0.8039216 0.8039216 0.8039216 0.8039216 0.8039216 0.8039216 0.80784315 0.8039216 0.8039216 0.8039216 0.8039216 0.8039216 0.8039216 0.8039216
0.8039216 0.8039216 0.8039216 0.8039216 0.8039216 0.8039216 0.8039216 0.8039216 0.8039216 0.8039216 0.8039216 0.8039216 0.8039216 0.8039216 0.8039216 0.8039216 0.8039216 0.8039216 0.80784315 0.80784315 0.80784315 0.8039216 0.8039216 0.80784315 0.80784315 0.8039216 0.8039216 0.8039216 0.8039216 0.8039216 0.8039216 0.8039216
0.9411765 0.9411765 0.9411765 0.94509804 0.94509804 0.94509804 0.94509804 0.94509804 0.94509804 0.94509804 0.94509804 0.94509804 0.94509804 0.94509804 0.94509804 0.94509804 0.94509804 0.94509804 0.94509804 0.94509804 0.94509804 0.94509804 0.94509804 0.94509804 0.9411765 0.9411765 0.94509804 0.94509804 0.94509804 0.9411765 0.9411765 0.9411765
0.94509804 0.94509804 0.94509804 0.94509804 0.94509804 0.94509804 0.94509804 0.94509804 0.94509804 0.94509804 0.94509804 0.94509804 0.94509804 0.94509804 0.94509804 0.94509804 0.94509804 0.94509804 0.94509804 0.94509804 0.94509804 0.94509804 0.94509804 0.94509804 0.94509804 0.94509804 0.94509804 0.94509804 0.94509804 0.94509804 0.94509804 0.94509804
0.94509804 0.94509804 0.94509804 0.9490196 0.9490196 0.9490196 0.9490196 0.9490196 0.9490196 0.9490196 0.9490196 0.9490196 0.9490196 0.9490196 0.9490196 0.9490196 0.9490196 0.94509804 0.9490196 0.9490196 0.9490196 0.9490196 0.9490196 0.9490196 0.94509804 0.94509804 0.94509804 0.94509804 0.94509804 0.94509804 0.94509804 0.94509804
0.9490196 0.9490196 0.9411765 0.9411765 0.94509804 0.94509804 0.94509804 0.94509804 0.94509804 0.94509804 0.94509804 0.94509804 0.94509804 0.94509804 0.94509804 0.9490196 0.9490196 0.94509804 0.94509804 0.94509804 0.94509804 0.94509804 0.94509804 0.94509804 0.94509804 0.94509804 0.9490196 0.9490196 0.9490196 0.9490196 0.9490196 0.9490196
0.9490196 0.9490196 0.94509804 0.94509804 0.94509804 0.94509804 0.94509804 0.94509804 0.94509804 0.94509804 0.9490196 0.9490196 0.9490196 0.9490196 0.9490196 0.9490196 0.9490196 0.94509804 0.94509804 0.94509804 0.94509804 0.94509804 0.94509804 0.94509804 0.94509804 0.94509804 0.9490196 0.9490196 0.9490196 0.9490196 0.9490196 0.9490196
0.9490196 0.9490196 0.94509804 0.94509804 0.9490196 0.9490196 0.9490196 0.9490196 0.9490196 0.9490196 0.9490196 0.9490196 0.9490196 0.9490196 0.9490196 0.9490196 0.9490196 0.9490196 0.94509804 0.94509804 0.94509804 0.94509804 0.94509804 0.94509804 0.94509804 0.94509804 0.9490196 0.9490196 0.9490196 0.9490196 0.9490196 0.9490196
0.9490196 0.9529412 0.9490196 0.9490196 0.9490196 0.9490196 0.9490196 0.9490196 0.9490196 0.9490196 0.9490196 0.9490196 0.9490196 0.9490196 0.9490196 0.9490196 0.9490196 0.9490196 0.9490196 0.9490196 0.9490196 0.9490196 0.9490196 0.9490196 0.9490196 0.9490196 0.9490196 0.9490196 0.9490196 0.9490196 0.9490196 0.9490196
0.9490196 0.9490196 0.9490196 0.9490196 0.9490196 0.9490196 0.9490196 0.9490196 0.9490196 0.9490196 0.9490196 0.9490196 0.9490196 0.9490196 0.9490196 0.9490196 0.9490196 0.9490196 0.9490196 0.9490196 0.9490196 0.9490196 0.9490196 0.9490196 0.9490196 0.9490196 0.9490196 0.9490196 0.9490196 0.9490196 0.94509804 0.94509804
0.9490196 0.9490196 0.9490196 0.9490196 0.9490196 0.9490196 0.9490196 0.9490196 0.9490196 0.9490196 0.9529412 0.9529412 0.9529412 0.9490196 0.9490196 0.9490196 0.9490196 0.9490196 0.9490196 0.9490196 0.9490196 0.9490196 0.9490196 0.9490196 0.9490196 0.9490196 0.9490196 0.9490196 0.9490196 0.9490196 0.9490196 0.9490196
0.9490196 0.9529412 0.9529412 0.9529412 0.9529412 0.9529412 0.9529412 0.9529412 0.9529412 0.9529412 0.9490196 0.9490196 0.9490196 0.9490196 0.9490196 0.9529412 0.9529412 0.9529412 0.9529412 0.9529412 0.9529412 0.9529412 0.9529412 0.9529412 0.9529412 0.9529412 0.9529412 0.9529412 0.9529412 0.9490196 0.9490196 0.9490196
0.9490196 0.9529412 0.9529412 0.9529412 0.9529412 0.9529412 0.9529412 0.9529412 0.9529412 0.9529412 0.94509804 0.9372549 0.9490196 0.94509804 0.94509804 0.9529412 0.9529412 0.9529412 0.9529412 0.9529412 0.9529412 0.95686275 0.9529412 0.9529412 0.9529412 0.9529412 0.9529412 0.9529412 0.9529412 0.9529412 0.9529412 0.9529412
0.94509804 0.9490196 0.9490196 0.9490196 0.9490196 0.94509804 0.94509804 0.9490196 0.9490196 0.9529412 0.9411765 0.8 0.78039217 0.9490196 0.94509804 0.9411765 0.95686275 0.94509804 0.9529412 0.94509804 0.9647059 0.92941177 0.9490196 0.9529412 0.9529412 0.9529412 0.95686275 0.95686275 0.95686275 0.9529412 0.9529412 0.9529412
0.94509804 0.94509804 0.9490196 0.9490196 0.9490196 0.9490196 0.9490196 0.9490196 0.9490196 0.9490196 0.95686275 0.7882353 0.6 0.78431374 0.9529412 0.9764706 0.9843137 0.9882353 0.972549 0.9647059 0.827451 0.42745098 0.85490197 0.9607843 0.95686275 0.95686275 0.95686275 0.95686275 0.95686275 0.9529412 0.9529412 0.9529412
0.9490196 0.9490196 0.9490196 0.9490196 0.9490196 0.9490196 0.9490196 0.9490196 0.9490196 0.9490196 0.9529412 0.81960785 0.67058825 0.70980394 0.827451 0.6 0.5254902 0.61960787 0.8352941 0.8980392 0.44313726 0.18039216 0.8117647 0.95686275 0.9490196 0.9490196 0.9490196 0.9490196 0.9490196 0.9490196 0.9490196 0.9529412
0.9490196 0.9490196 0.9490196 0.9490196 0.9490196 0.9529412 0.9529412 0.9529412 0.9529412 0.95686275 0.9607843 0.84705883 0.52156866 0.45882353 0.34117648 0.2 0.21568628 0.22745098 0.23529412 0.22745098 0.28627452 0.4745098 0.8666667 0.9529412 0.9529412 0.9529412 0.9490196 0.9490196 0.9490196 0.9490196 0.9490196 0.9529412
0.9529412 0.9529412 0.9529412 0.9529412 0.9529412 0.9529412 0.9529412 0.9490196 0.9490196 0.94509804 0.94509804 0.8352941 0.4117647 0.08235294 0.18431373 0.21960784 0.20392157 0.25490198 0.3529412 0.3529412 0.39215687 0.8039216 0.94509804 0.9529412 0.9529412 0.9529412 0.9490196 0.9490196 0.9490196 0.9529412 0.9490196 0.9529412
0.9529412 0.9529412 0.9529412 0.9529412 0.9529412 0.9529412 0.9529412 0.9490196 0.94509804 0.94509804 0.9529412 0.9529412 0.95686275 0.73333335 0.6784314 0.6666667 0.49411765 0.80784315 0.98039216 0.98039216 0.9098039 0.9647059 0.9529412 0.9490196 0.9529412 0.9529412 0.9529412 0.9529412 0.9529412 0.9529412 0.9529412 0.9490196
0.9529412 0.9529412 0.9529412 0.9490196 0.9529412 0.95686275 0.95686275 0.9490196 0.9490196 0.94509804 0.9411765 0.9529412 0.94509804 0.98039216 0.91764706 0.7411765 0.65882355 0.7137255 0.9490196 0.9607843 0.9607843 0.95686275 0.94509804 0.9490196 0.95686275 0.95686275 0.9529412 0.9529412 0.9529412 0.9529412 0.9529412 0.9529412
0.9529412 0.95686275 0.95686275 0.95686275 0.95686275 0.95686275 0.95686275 0.9490196 0.9490196 0.9490196 0.9529412 0.94509804 0.9529412 0.93333334 0.9647059 0.94509804 0.8039216 0.6431373 0.80784315 0.9490196 0.94509804 0.9607843 0.9490196 0.9607843 0.95686275 0.95686275 0.95686275 0.95686275 0.95686275 0.95686275 0.95686275 0.9490196
0.9490196 0.9529412 0.9490196 0.9529412 0.9529412 0.9529412 0.9529412 0.9490196 0.9490196 0.9490196 0.9529412 0.9529412 0.9529412 0.9529412 0.94509804 0.9490196 0.9607843 0.8862745 0.85490197 0.9490196 0.9529412 0.9529412 0.9490196 0.9529412 0.9529412 0.9529412 0.9529412 0.9529412 0.9529412 0.9529412 0.9529412 0.9490196
0.9490196 0.9490196 0.9490196 0.9490196 0.9490196 0.9490196 0.9490196 0.9490196 0.9490196 0.9490196 0.9490196 0.9490196 0.9490196 0.9490196 0.9490196 0.9490196 0.9529412 0.9607843 0.9647059 0.9529412 0.9490196 0.9529412 0.9529412 0.9490196 0.9490196 0.9490196 0.9490196 0.9490196 0.9490196 0.9490196 0.9490196 0.9490196
0.9490196 0.9490196 0.9490196 0.9490196 0.9490196 0.9490196 0.9490196 0.9529412 0.9529412 0.9529412 0.9529412 0.9529412 0.9529412 0.9529412 0.9529412 0.9529412 0.9490196 0.9490196 0.9490196 0.9529412 0.9529412 0.9529412 0.9529412 0.9529412 0.9529412 0.9529412 0.9529412 0.9529412 0.9529412 0.9490196 0.9490196 0.9490196
0.9490196 0.9490196 0.9490196 0.9529412 0.9529412 0.9529412 0.9529412 0.9529412 0.9529412 0.9529412 0.9529412 0.9529412 0.9529412 0.9529412 0.9529412 0.9490196 0.94509804 0.94509804 0.9529412 0.9529412 0.9529412 0.9529412 0.9529412 0.9529412 0.9529412 0.9529412 0.9529412 0.9529412 0.9529412 0.9529412 0.9529412 0.9529412
0.9529412 0.9529412 0.9529412 0.9529412 0.9529412 0.9529412 0.9529412 0.9529412 0.9529412 0.9529412 0.9529412 0.9529412 0.9529412 0.9529412 0.9529412 0.9529412 0.9490196 0.9490196 0.9529412 0.9529412 0.9529412 0.9529412 0.9529412 0.9529412 0.95686275 0.95686275 0.9529412 0.9529412 0.9529412 0.9529412 0.9529412 0.9529412
0.9529412 0.9529412 0.9529412 0.9529412 0.9529412 0.9529412 0.9529412 0.9529412 0.9529412 0.9529412 0.95686275 0.95686275 0.95686275 0.95686275 0.95686275 0.95686275 0.95686275 0.95686275 0.95686275 0.95686275 0.95686275 0.95686275 0.95686275 0.9529412 0.9529412 0.9529412 0.9529412 0.9529412 0.9529412 0.9529412 0.9529412 0.9529412
0.9529412 0.9529412 0.9490196 0.9490196 0.9529412 0.9529412 0.9529412 0.95686275 0.95686275 0.95686275 0.95686275 0.95686275 0.95686275 0.95686275 0.95686275 0.9529412 0.9529412 0.9529412 0.95686275 0.95686275 0.95686275 0.9529412 0.9529412 0.9529412 0.9529412 0.9529412 0.9529412 0.9529412 0.9529412 0.95686275 0.95686275 0.9529412
0.9529412 0.9490196 0.94509804 0.94509804 0.9529412 0.95686275 0.95686275 0.95686275 0.95686275 0.95686275 0.95686275 0.95686275 0.95686275 0.95686275 0.95686275 0.9529412 0.9490196 0.9490196 0.95686275 0.95686275 0.95686275 0.9490196 0.9490196 0.9490196 0.9490196 0.9490196 0.95686275 0.95686275 0.95686275 0.95686275 0.95686275 0.95686275
0.9490196 0.9490196 0.9490196 0.9490196 0.9490196 0.9529412 0.9529412 0.9529412 0.9529412 0.9529412 0.9529412 0.9529412 0.9529412 0.9529412 0.9529412 0.9529412 0.9529412 0.9529412 0.9529412 0.9529412 0.9529412 0.9529412 0.9529412 0.9490196 0.9490196 0.9490196 0.9529412 0.9529412 0.9529412 0.9529412 0.9529412 0.9529412
0.9490196 0.9490196 0.9490196 0.9490196 0.9490196 0.9490196 0.9490196 0.9490196 0.9490196 0.9490196 0.9529412 0.9529412 0.9529412 0.9529412 0.9529412 0.9529412 0.9529412 0.9529412 0.9490196 0.9490196 0.9490196 0.9529412 0.9529412 0.9529412 0.9490196 0.9529412 0.9490196 0.9490196 0.9490196 0.9490196 0.9490196 0.9490196
0.9529412 0.9529412 0.9529412 0.9529412 0.9529412 0.9529412 0.9529412 0.9529412 0.9529412 0.9529412 0.9529412 0.9529412 0.9529412 0.9529412 0.9529412 0.9529412 0.9529412 0.9529412 0.9529412 0.9529412 0.9529412 0.9529412 0.9529412 0.9529412 0.9529412 0.9529412 0.9529412 0.9529412 0.9529412 0.9529412 0.9529412 0.9529412
0.9529412 0.9529412 0.9529412 0.9529412 0.9529412 0.9529412 0.9529412 0.9529412 0.9529412 0.9529412 0.9529412 0.9529412 0.9529412 0.9529412 0.9529412 0.9529412 0.9529412 0.9529412 0.9529412 0.9529412 0.9529412 0.9529412 0.9529412 0.9529412 0.95686275 0.9529412 0.9529412 0.9529412 0.9529412 0.9529412 0.9529412 0.9529412
0.9529412 0.9529412 0.9529412 0.9529412 0.9529412 0.9529412 0.9529412 0.9529412 0.9529412 0.9529412 0.9529412 0.9529412 0.9529412 0.9529412 0.9529412 0.9529412 0.9529412 0.9529412 0.95686275 0.95686275 0.95686275 0.9529412 0.9529412 0.95686275 0.95686275 0.9529412 0.9529412 0.9529412 0.9529412 0.9529412 0.9529412 0.9529412
15 13 1
16 11 2
17 13 2
23 8 2
11 24 2
26 6 2
24 15 2
24 21 2
13 19 2
14 19 0
2 2 2
27 23 2
25 2 2
15 14 0
19 29 2
14 18 1
28 5 2
26 28 1
25 10 2
26 10 2
16 22 2
18 15 2
15 24 2
17 14 2
26 13 2
19 17 2
20 1 2
15 12 0
23 26 2
16 20 2
12 20 2
26 28 2
31 1 1
24 14 2
10 13 2
28 24 2
16 25 1
2 6 2
2 3 2
9 18 2
12 17 2
1 2 2
27 4 2
19 12 2
23 2 2
4 6 2
14 19 1
25 6 2
25 1 2
11 23 2
