32, 32, 3, 50
0.5647059 0.5568628 0.5568628 0.5568628 0.5568628 0.5568628 0.5568628 0.5568628 0.5568628 0.5568628 0.5568628 0.56078434 0.5686275 0.5686275 0.5568628 0.5568628 0.5568628 0.5568628 0.5568628 0.5568628 0.5568628 0.5568628 0.5568628 0.5568628 0.5568628 0.5568628 0.5568628 0.5568628 0.5568628 0.5568628 0.5568628 0.5568628
0.56078434 0.5529412 0.5529412 0.5529412 0.5529412 0.5529412 0.5529412 0.5529412 0.5529412 0.5529412 0.5529412 0.5568628 0.5647059 0.5647059 0.5568628 0.5529412 0.5529412 0.5529412 0.5529412 0.5529412 0.5529412 0.5529412 0.5529412 0.5529412 0.5529412 0.5529412 0.5529412 0.5529412 0.5529412 0.5529412 0.5529412 0.5529412
0.5647059 0.5568628 0.5568628 0.5568628 0.5568628 0.5568628 0.5568628 0.5568628 0.5568628 0.5568628 0.5568628 0.5568628 0.56078434 0.5568628 0.5529412 0.5529412 0.5529412 0.5529412 0.5529412 0.5529412 0.5529412 0.5529412 0.5529412 0.5529412 0.5529412 0.5529412 0.5529412 0.5529412 0.5529412 0.5529412 0.5529412 0.5529412
0.5647059 0.5568628 0.5568628 0.5568628 0.5568628 0.5568628 0.5568628 0.5568628 0.5568628 0.5568628 0.5568628 0.5568628 0.5568628 0.5568628 0.5529412 0.5529412 0.5529412 0.5529412 0.5529412 0.5529412 0.5529412 0.5529412 0.5529412 0.5529412 0.5529412 0.5529412 0.5529412 0.5529412 0.5529412 0.5529412 0.5529412 0.5529412
0.56078434 0.5529412 0.5568628 0.5568628 0.5568628 0.5568628 0.5568628 0.5568628 0.5568628 0.5568628 0.5568628 0.5568628 0.5568628 0.5568628 0.5529412 0.5529412 0.5529412 0.5529412 0.5529412 0.5529412 0.5529412 0.5529412 0.5529412 0.5529412 0.5529412 0.5529412 0.5529412 0.5529412 0.5529412 0.5529412 0.5529412 0.5529412
0.56078434 0.5529412 0.5529412 0.5568628 0.5568628 0.5529412 0.5529412 0.5568628 0.5568628 0.5568628 0.5568628 0.5568628 0.5529412 0.5529412 0.5529412 0.5529412 0.5529412 0.5529412 0.5529412 0.5529412 0.5529412 0.5529412 0.5529412 0.5529412 0.5529412 0.5529412 0.5529412 0.54901963 0.54901963 0.54901963 0.54901963 0.54901963
0.56078434 0.5529412 0.5529412 0.5568628 0.5568628 0.5411765 0.5372549 0.5568628 0.5568628 0.5568628 0.5568628 0.5568628 0.5529412 0.5529412 0.5529412 0.5529412 0.5529412 0.5529412 0.5529412 0.5529412 0.5529412 0.5529412 0.5529412 0.5529412 0.5529412 0.5529412 0.54901963 0.54901963 0.54901963 0.54901963 0.54901963 0.54901963
0.56078434 0.5529412 0.5529412 0.5529412 0.5568628 0.54901963 0.54509807 0.5529412 0.5568628 0.5568628 0.5568628 0.5568628 0.5529412 0.5529412 0.5529412 0.5529412 0.5529412 0.5529412 0.5529412 0.5529412 0.5529412 0.5529412 0.54901963 0.54901963 0.54901963 0.54901963 0.54901963 0.54901963 0.54901963 0.54901963 0.54901963 0.54901963
0.56078434 0.5529412 0.5529412 0.5529412 0.5529412 0.5529412 0.5529412 0.5529412 0.5529412 0.5529412 0.5529412 0.5529412 0.54901963 0.54901963 0.54901963 0.54901963 0.54901963 0.54901963 0.54901963 0.54901963 0.54901963 0.54901963 0.54901963 0.54901963 0.54901963 0.54901963 0.54901963 0.54901963 0.54901963 0.54901963 0.54901963 0.54509807
0.56078434 0.5529412 0.5529412 0.5529412 0.5529412 0.5529412 0.5529412 0.5529412 0.5529412 0.5529412 0.5529412 0.5529412 0.54509807 0.54509807 0.54901963 0.54901963 0.54901963 0.54901963 0.54901963 0.54901963 0.54901963 0.54901963 0.54901963 0.54901963 0.54901963 0.54901963 0.54901963 0.54901963 0.54901963 0.54901963 0.54901963 0.54509807
0.5568628 0.54901963 0.54901963 0.54901963 0.5529412 0.54901963 0.54901963 0.54901963 0.54901963 0.54901963 0.5529412 0.54901963 0.54509807 0.54509807 0.54901963 0.54901963 0.54901963 0.54901963 0.54509807 0.5411765 0.54509807 0.54901963 0.54509807 0.54509807 0.54509807 0.54509807 0.54509807 0.54509807 0.54509807 0.54509807 0.54509807 0.5372549
0.5568628 0.54901963 0.54901963 0.54901963 0.54901963 0.54901963 0.54901963 0.54901963 0.54901963 0.5411765 0.5372549 0.5529412 0.54901963 0.54509807 0.54509807 0.54901963 0.54509807 0.54509807 0.54901963 0.54509807 0.54509807 0.54901963 0.54509807 0.5411765 0.5411765 0.5411765 0.5411765 0.5411765 0.5411765 0.5411765 0.5411765 0.5411765
0.5568628 0.54901963 0.54901963 0.54901963 0.54901963 0.54901963 0.54901963 0.47843137 0.43137255 0.40784314 0.41960785 0.43137255 0.5019608 0.5568628 0.5529412 0.5529412 0.54901963 0.54509807 0.53333336 0.53333336 0.54901963 0.54901963 0.54509807 0.5411765 0.5411765 0.5411765 0.5411765 0.5411765 0.5411765 0.5411765 0.5411765 0.5411765
0.54901963 0.54509807 0.54509807 0.54901963 0.5529412 0.54901963 0.54901963 0.36862746 0.23921569 0.22745098 0.25490198 0.21960784 0.32156864 0.45490196 0.49411765 0.5137255 0.49411765 0.47058824 0.44313726 0.43529412 0.49411765 0.54901963 0.54509807 0.5411765 0.5411765 0.5411765 0.5411765 0.5411765 0.5411765 0.5411765 0.5411765 0.5372549
0.54901963 0.5411765 0.54509807 0.54509807 0.54901963 0.54901963 0.54509807 0.45490196 0.32941177 0.19215687 0.13725491 0.101960786 0.16078432 0.23529412 0.29803923 0.3137255 0.29803923 0.2901961 0.30588236 0.36078432 0.45490196 0.54509807 0.5411765 0.5411765 0.5411765 0.5411765 0.5411765 0.5411765 0.5411765 0.5411765 0.5411765 0.5372549
0.54901963 0.5372549 0.5411765 0.5411765 0.5411765 0.54509807 0.54901963 0.54509807 0.48235294 0.37254903 0.38039216 0.34901962 0.40392157 0.41568628 0.42745098 0.42745098 0.41568628 0.40392157 0.38431373 0.33333334 0.45882353 0.54901963 0.5411765 0.5411765 0.5411765 0.5411765 0.5411765 0.5411765 0.5411765 0.5411765 0.5411765 0.5372549
0.54901963 0.5372549 0.5411765 0.5411765 0.5411765 0.5411765 0.5411765 0.54509807 0.5058824 0.28627452 0.29411766 0.50980395 0.56078434 0.5529412 0.54901963 0.5529412 0.5568628 0.56078434 0.5411765 0.49019608 0.5294118 0.5411765 0.5411765 0.5411765 0.5411765 0.5294118 0.5372549 0.5411765 0.5411765 0.5411765 0.5411765 0.5372549
0.54509807 0.5372549 0.5372549 0.5372549 0.5372549 0.5372549 0.5372549 0.5372549 0.53333336 0.4117647 0.3647059 0.5254902 0.5372549 0.5372549 0.53333336 0.53333336 0.53333336 0.5372549 0.5372549 0.5411765 0.5372549 0.5372549 0.5372549 0.5372549 0.5372549 0.5294118 0.53333336 0.5372549 0.5372549 0.5372549 0.5372549 0.5372549
0.5411765 0.53333336 0.53333336 0.53333336 0.53333336 0.53333336 0.53333336 0.53333336 0.5411765 0.54901963 0.54901963 0.5372549 0.53333336 0.53333336 0.52156866 0.53333336 0.5372549 0.5372549 0.5372549 0.5372549 0.5372549 0.5372549 0.53333336 0.53333336 0.5372549 0.53333336 0.53333336 0.53333336 0.53333336 0.53333336 0.53333336 0.5372549
0.5411765 0.5372549 0.5372549 0.53333336 0.53333336 0.53333336 0.5372549 0.5372549 0.5372549 0.53333336 0.53333336 0.53333336 0.53333336 0.53333336 0.5294118 0.53333336 0.5372549 0.5372549 0.53333336 0.53333336 0.53333336 0.53333336 0.53333336 0.5254902 0.50980395 0.53333336 0.53333336 0.53333336 0.53333336 0.5294118 0.5294118 0.5294118
0.54509807 0.5372549 0.5372549 0.53333336 0.53333336 0.5372549 0.5372549 0.5372549 0.5372549 0.5372549 0.53333336 0.53333336 0.53333336 0.53333336 0.53333336 0.53333336 0.5372549 0.5372549 0.53333336 0.53333336 0.53333336 0.53333336 0.5294118 0.5254902 0.50980395 0.53333336 0.53333336 0.53333336 0.53333336 0.5294118 0.5294118 0.5294118
0.5411765 0.5372549 0.5372549 0.53333336 0.53333336 0.53333336 0.5372549 0.5372549 0.5372549 0.5372549 0.53333336 0.53333336 0.53333336 0.53333336 0.5372549 0.5372549 0.5372549 0.5411765 0.5372549 0.5372549 0.5372549 0.5372549 0.53333336 0.53333336 0.53333336 0.53333336 0.53333336 0.53333336 0.53333336 0.5294118 0.5294118 0.5294118
0.5372549 0.53333336 0.5372549 0.53333336 0.53333336 0.53333336 0.53333336 0.53333336 0.53333336 0.53333336 0.53333336 0.53333336 0.53333336 0.53333336 0.5411765 0.54509807 0.5411765 0.5411765 0.54509807 0.54509807 0.54509807 0.54509807 0.5372549 0.53333336 0.53333336 0.53333336 0.53333336 0.53333336 0.53333336 0.5294118 0.5294118 0.5294118
0.5411765 0.5372549 0.5372549 0.53333336 0.53333336 0.53333336 0.53333336 0.53333336 0.53333336 0.53333336 0.53333336 0.53333336 0.53333336 0.53333336 0.54509807 0.54509807 0.5411765 0.5294118 0.5372549 0.54509807 0.54509807 0.54509807 0.5372549 0.53333336 0.53333336 0.53333336 0.53333336 0.53333336 0.53333336 0.5294118 0.5294118 0.5294118
0.5411765 0.53333336 0.5372549 0.53333336 0.53333336 0.53333336 0.53333336 0.53333336 0.53333336 0.53333336 0.53333336 0.53333336 0.53333336 0.53333336 0.5411765 0.5411765 0.5372549 0.53333336 0.5372549 0.5411765 0.54509807 0.54509807 0.5372549 0.53333336 0.53333336 0.53333336 0.53333336 0.53333336 0.53333336 0.5294118 0.5294118 0.5294118
0.5411765 0.53333336 0.53333336 0.5372549 0.5372549 0.5372549 0.5372549 0.5372549 0.5372549 0.5372549 0.53333336 0.53333336 0.53333336 0.53333336 0.52156866 0.5254902 0.53333336 0.53333336 0.53333336 0.53333336 0.5411765 0.54509807 0.5372549 0.53333336 0.53333336 0.53333336 0.53333336 0.53333336 0.53333336 0.5294118 0.5294118 0.5294118
0.5411765 0.53333336 0.53333336 0.5372549 0.5372549 0.5372549 0.5372549 0.5372549 0.5372549 0.5372549 0.53333336 0.53333336 0.53333336 0.53333336 0.5176471 0.5254902 0.53333336 0.53333336 0.53333336 0.53333336 0.5411765 0.54509807 0.5372549 0.53333336 0.53333336 0.53333336 0.53333336 0.53333336 0.53333336 0.5294118 0.5294118 0.5294118
0.5411765 0.53333336 0.53333336 0.53333336 0.53333336 0.53333336 0.53333336 0.5372549 0.5372549 0.5372549 0.5372549 0.5372549 0.5372549 0.53333336 0.53333336 0.53333336 0.53333336 0.53333336 0.53333336 0.53333336 0.5372549 0.5411765 0.5372549 0.53333336 0.53333336 0.53333336 0.53333336 0.53333336 0.53333336 0.5294118 0.5294118 0.5294118
0.54509807 0.53333336 0.53333336 0.53333336 0.53333336 0.53333336 0.53333336 0.53333336 0.5372549 0.5372549 0.5372549 0.5372549 0.5372549 0.5372549 0.53333336 0.53333336 0.53333336 0.53333336 0.53333336 0.53333336 0.53333336 0.53333336 0.53333336 0.53333336 0.53333336 0.53333336 0.53333336 0.53333336 0.53333336 0.5294118 0.5294118 0.5294118
0.5411765 0.53333336 0.53333336 0.53333336 0.53333336 0.53333336 0.53333336 0.53333336 0.5372549 0.5372549 0.5372549 0.5372549 0.5372549 0.5372549 0.53333336 0.53333336 0.53333336 0.53333336 0.53333336 0.53333336 0.53333336 0.53333336 0.53333336 0.53333336 0.53333336 0.53333336 0.53333336 0.53333336 0.53333336 0.5294118 0.5294118 0.5294118
0.5411765 0.53333336 0.53333336 0.53333336 0.53333336 0.53333336 0.53333336 0.53333336 0.53333336 0.5372549 0.5411765 0.5411765 0.54509807 0.54509807 0.53333336 0.53333336 0.53333336 0.53333336 0.53333336 0.53333336 0.53333336 0.53333336 0.53333336 0.53333336 0.53333336 0.5294118 0.5294118 0.53333336 0.53333336 0.53333336 0.5294118 0.53333336
0.5411765 0.53333336 0.53333336 0.53333336 0.53333336 0.53333336 0.53333336 0.53333336 0.53333336 0.5372549 0.54509807 0.54509807 0.54509807 0.54509807 0.53333336 0.53333336 0.53333336 0.53333336 0.53333336 0.53333336 0.53333336 0.53333336 0.53333336 0.53333336 0.5294118 0.5254902 0.5294118 0.5372549 0.5372549 0.5411765 0.5372549 0.53333336
0.5921569 0.58431375 0.58431375 0.58431375 0.58431375 0.58431375 0.58431375 0.58431375 0.58431375 0.58431375 0.58431375 0.58431375 0.5803922 0.5803922 0.58431375 0.58431375 0.58431375 0.58431375 0.58431375 0.58431375 0.58431375 0.58431375 0.58431375 0.58431375 0.58431375 0.58431375 0.58431375 0.58431375 0.58431375 0.58431375 0.58431375 0.58431375
0.5882353 0.5803922 0.5803922 0.5803922 0.5803922 0.5803922 0.5803922 0.5803922 0.5803922 0.5803922 0.5803922 0.5803922 0.5764706 0.5803922 0.5803922 0.5803922 0.5803922 0.5803922 0.5803922 0.5803922 0.5803922 0.5803922 0.5803922 0.5803922 0.5803922 0.5803922 0.5803922 0.5803922 0.5803922 0.5803922 0.5803922 0.5803922
0.5921569 0.58431375 0.58431375 0.58431375 0.58431375 0.58431375 0.58431375 0.58431375 0.58431375 0.58431375 0.58431375 0.58431375 0.58431375 0.58431375 0.5803922 0.5803922 0.5803922 0.5803922 0.5803922 0.5803922 0.5803922 0.5803922 0.5803922 0.5803922 0.5803922 0.5803922 0.5803922 0.5803922 0.5803922 0.5803922 0.5803922 0.5803922
0.5921569 0.58431375 0.58431375 0.58431375 0.58431375 0.58431375 0.58431375 0.58431375 0.58431375 0.58431375 0.58431375 0.58431375 0.58431375 0.58431375 0.5803922 0.5803922 0.5803922 0.5803922 0.5803922 0.5803922 0.5803922 0.5803922 0.5803922 0.5803922 0.5803922 0.5803922 0.5803922 0.5803922 0.5803922 0.5803922 0.5803922 0.5803922
0.5882353 0.5803922 0.58431375 0.58431375 0.58431375 0.58431375 0.58431375 0.58431375 0.58431375 0.58431375 0.58431375 0.58431375 0.58431375 0.58431375 0.5803922 0.5803922 0.5803922 0.5803922 0.5803922 0.5803922 0.5803922 0.5803922 0.5803922 0.5803922 0.5803922 0.5803922 0.5803922 0.5803922 0.5803922 0.5803922 0.5803922 0.5803922
0.5882353 0.5803922 0.5803922 0.58431375 0.58431375 0.5803922 0.5803922 0.58431375 0.58431375 0.58431375 0.58431375 0.58431375 0.5803922 0.5803922 0.5803922 0.5803922 0.5803922 0.5803922 0.5803922 0.5803922 0.5803922 0.5803922 0.5803922 0.5803922 0.5803922 0.5803922 0.5803922 0.5764706 0.5764706 0.5764706 0.5764706 0.5764706
0.5882353 0.5803922 0.5803922 0.58431375 0.58431375 0.5686275 0.5647059 0.58431375 0.58431375 0.58431375 0.58431375 0.58431375 0.5803922 0.5803922 0.5803922 0.5803922 0.5803922 0.5803922 0.5803922 0.5803922 0.5803922 0.5803922 0.5803922 0.5803922 0.5803922 0.5803922 0.5764706 0.5764706 0.5764706 0.5764706 0.5764706 0.5764706
0.5882353 0.5803922 0.5803922 0.5803922 0.58431375 0.5764706 0.57254905 0.5803922 0.58431375 0.58431375 0.58431375 0.58431375 0.5803922 0.5803922 0.5803922 0.5803922 0.5803922 0.5803922 0.5803922 0.5803922 0.5803922 0.5803922 0.5764706 0.5764706 0.5764706 0.5764706 0.5764706 0.5764706 0.5764706 0.5764706 0.5764706 0.5764706
0.5882353 0.5803922 0.5803922 0.5803922 0.5803922 0.5803922 0.5803922 0.5803922 0.5803922 0.5803922 0.5803922 0.5803922 0.5764706 0.5764706 0.5764706 0.5764706 0.5764706 0.5764706 0.5764706 0.5764706 0.5764706 0.5764706 0.5764706 0.5764706 0.5764706 0.5764706 0.5764706 0.5764706 0.5764706 0.5764706 0.5764706 0.57254905
0.5882353 0.5803922 0.5803922 0.5803922 0.5803922 0.5803922 0.5803922 0.5803922 0.5803922 0.5803922 0.5803922 0.5803922 0.57254905 0.57254905 0.5764706 0.5764706 0.5764706 0.5764706 0.5764706 0.5764706 0.5764706 0.5764706 0.5764706 0.5764706 0.5764706 0.5764706 0.5764706 0.5764706 0.5764706 0.5764706 0.5764706 0.57254905
0.58431375 0.5764706 0.5764706 0.5764706 0.5803922 0.5764706 0.5764706 0.5764706 0.5764706 0.5764706 0.5803922 0.5764706 0.57254905 0.57254905 0.5764706 0.5764706 0.5764706 0.5764706 0.5764706 0.57254905 0.5764706 0.5764706 0.57254905 0.57254905 0.57254905 0.57254905 0.57254905 0.57254905 0.57254905 0.57254905 0.57254905 0.5647059
0.58431375 0.5764706 0.5764706 0.5764706 0.5764706 0.5764706 0.5764706 0.5764706 0.5764706 0.5686275 0.5647059 0.5803922 0.5764706 0.57254905 0.57254905 0.5764706 0.57254905 0.57254905 0.5764706 0.5764706 0.57254905 0.5764706 0.57254905 0.5686275 0.5686275 0.5686275 0.5686275 0.5686275 0.5686275 0.5686275 0.5686275 0.5686275
0.58431375 0.5764706 0.5764706 0.5764706 0.5764706 0.5764706 0.5764706 0.5058824 0.45882353 0.43529412 0.44705883 0.45882353 0.5294118 0.58431375 0.5803922 0.5803922 0.5764706 0.5686275 0.5529412 0.5529412 0.57254905 0.5764706 0.57254905 0.5686275 0.5686275 0.5686275 0.5686275 0.5686275 0.5686275 0.5686275 0.5686275 0.5686275
0.5764706 0.57254905 0.57254905 0.5764706 0.5803922 0.5764706 0.5764706 0.39215687 0.2509804 0.23529412 0.27058825 0.23529412 0.33333334 0.45882353 0.5019608 0.5254902 0.5019608 0.4509804 0.4117647 0.40784314 0.49019608 0.5764706 0.57254905 0.5686275 0.5686275 0.5686275 0.5686275 0.5686275 0.5686275 0.5686275 0.5686275 0.5647059
0.5764706 0.5686275 0.57254905 0.57254905 0.5764706 0.5764706 0.57254905 0.48235294 0.34901962 0.19215687 0.13725491 0.105882354 0.16078432 0.21568628 0.25882354 0.27450982 0.2627451 0.2627451 0.28235295 0.32156864 0.43529412 0.57254905 0.5686275 0.5686275 0.5686275 0.5686275 0.5686275 0.5686275 0.5686275 0.5686275 0.5686275 0.5647059
0.5764706 0.5647059 0.5686275 0.5686275 0.5686275 0.57254905 0.57254905 0.5803922 0.5137255 0.3882353 0.39607844 0.36862746 0.42352942 0.41960785 0.41960785 0.41960785 0.4117647 0.4117647 0.4 0.32156864 0.44705883 0.5764706 0.5647059 0.5686275 0.5686275 0.5686275 0.5686275 0.5686275 0.5686275 0.5686275 0.5686275 0.5647059
0.5764706 0.5647059 0.5686275 0.5686275 0.5686275 0.5686275 0.5686275 0.5764706 0.52156866 0.2784314 0.29803923 0.5411765 0.5921569 0.5803922 0.5803922 0.58431375 0.58431375 0.5882353 0.5686275 0.50980395 0.54509807 0.5686275 0.5647059 0.5686275 0.5686275 0.5568628 0.5647059 0.5686275 0.5686275 0.5686275 0.5686275 0.5647059
0.57254905 0.5647059 0.5647059 0.5647059 0.5647059 0.5647059 0.5647059 0.5647059 0.54901963 0.4117647 0.38039216 0.5529412 0.5647059 0.5647059 0.56078434 0.56078434 0.56078434 0.5647059 0.5647059 0.5686275 0.5686275 0.5647059 0.5647059 0.5647059 0.5647059 0.5568628 0.56078434 0.5647059 0.5647059 0.5647059 0.5647059 0.5647059
0.5686275 0.56078434 0.56078434 0.56078434 0.56078434 0.56078434 0.56078434 0.56078434 0.5686275 0.58431375 0.58431375 0.5647059 0.56078434 0.56078434 0.54901963 0.56078434 0.5647059 0.5647059 0.5647059 0.5647059 0.5647059 0.5647059 0.56078434 0.56078434 0.5647059 0.56078434 0.56078434 0.56078434 0.56078434 0.56078434 0.56078434 0.5647059
0.5686275 0.5647059 0.5647059 0.56078434 0.56078434 0.56078434 0.5647059 0.5647059 0.5647059 0.5647059 0.56078434 0.56078434 0.56078434 0.56078434 0.5568628 0.56078434 0.5647059 0.5647059 0.56078434 0.56078434 0.56078434 0.56078434 0.56078434 0.5529412 0.5372549 0.56078434 0.56078434 0.56078434 0.56078434 0.5568628 0.5568628 0.5568628
0.57254905 0.5647059 0.5647059 0.56078434 0.56078434 0.5647059 0.5647059 0.5647059 0.5647059 0.5647059 0.56078434 0.56078434 0.56078434 0.56078434 0.56078434 0.56078434 0.5647059 0.5647059 0.56078434 0.56078434 0.56078434 0.56078434 0.56078434 0.5529412 0.5372549 0.56078434 0.56078434 0.56078434 0.56078434 0.5568628 0.5568628 0.5568628
0.57254905 0.5647059 0.5647059 0.56078434 0.56078434 0.56078434 0.5647059 0.5647059 0.5647059 0.5647059 0.56078434 0.56078434 0.56078434 0.56078434 0.56078434 0.56078434 0.56078434 0.5647059 0.56078434 0.56078434 0.56078434 0.56078434 0.56078434 0.56078434 0.56078434 0.56078434 0.56078434 0.56078434 0.56078434 0.5568628 0.5568628 0.5568628
0.57254905 0.5647059 0.5647059 0.56078434 0.56078434 0.56078434 0.56078434 0.56078434 0.56078434 0.56078434 0.56078434 0.56078434 0.56078434 0.56078434 0.5568628 0.5568628 0.5568628 0.5568628 0.5568628 0.5568628 0.5568628 0.5568628 0.56078434 0.56078434 0.56078434 0.56078434 0.56078434 0.56078434 0.56078434 0.5568628 0.5568628 0.5568628
0.5764706 0.5647059 0.5647059 0.56078434 0.56078434 0.56078434 0.56078434 0.56078434 0.56078434 0.56078434 0.56078434 0.56078434 0.56078434 0.56078434 0.5568628 0.5568628 0.5529412 0.5411765 0.54901963 0.5568628 0.5568628 0.5568628 0.56078434 0.56078434 0.56078434 0.56078434 0.56078434 0.56078434 0.56078434 0.5568628 0.5568628 0.5568628
0.5764706 0.5647059 0.5647059 0.5647059 0.56078434 0.56078434 0.56078434 0.56078434 0.56078434 0.56078434 0.56078434 0.56078434 0.56078434 0.56078434 0.56078434 0.56078434 0.5568628 0.5529412 0.5568628 0.5568628 0.5568628 0.5568628 0.56078434 0.56078434 0.56078434 0.56078434 0.56078434 0.56078434 0.56078434 0.5568628 0.5568628 0.5568628
0.5764706 0.5686275 0.5686275 0.5647059 0.5647059 0.5647059 0.5647059 0.5647059 0.5647059 0.5647059 0.56078434 0.56078434 0.56078434 0.56078434 0.54901963 0.5529412 0.56078434 0.56078434 0.56078434 0.56078434 0.5568628 0.5568628 0.56078434 0.56078434 0.56078434 0.56078434 0.56078434 0.56078434 0.56078434 0.5568628 0.5568628 0.5568628
0.5764706 0.5686275 0.5686275 0.5647059 0.5647059 0.5647059 0.5647059 0.5647059 0.5647059 0.5647059 0.56078434 0.56078434 0.56078434 0.56078434 0.54509807 0.5529412 0.56078434 0.56078434 0.56078434 0.56078434 0.5568628 0.5568628 0.56078434 0.56078434 0.56078434 0.56078434 0.56078434 0.56078434 0.56078434 0.5568628 0.5568628 0.5568628
0.57254905 0.5647059 0.5647059 0.5647059 0.56078434 0.56078434 0.56078434 0.5647059 0.5647059 0.5647059 0.5647059 0.5647059 0.5647059 0.56078434 0.56078434 0.56078434 0.56078434 0.56078434 0.56078434 0.56078434 0.56078434 0.5568628 0.56078434 0.56078434 0.56078434 0.56078434 0.56078434 0.56078434 0.56078434 0.5568628 0.5568628 0.5568628
0.57254905 0.56078434 0.56078434 0.56078434 0.56078434 0.56078434 0.56078434 0.56078434 0.5647059 0.5647059 0.5647059 0.5647059 0.5647059 0.5647059 0.56078434 0.56078434 0.56078434 0.56078434 0.56078434 0.56078434 0.56078434 0.56078434 0.56078434 0.56078434 0.56078434 0.56078434 0.56078434 0.56078434 0.56078434 0.5568628 0.5568628 0.5568628
0.57254905 0.56078434 0.56078434 0.56078434 0.56078434 0.56078434 0.56078434 0.56078434 0.5647059 0.5647059 0.5647059 0.5647059 0.5647059 0.5647059 0.56078434 0.56078434 0.56078434 0.56078434 0.56078434 0.56078434 0.56078434 0.56078434 0.56078434 0.56078434 0.56078434 0.56078434 0.56078434 0.56078434 0.56078434 0.5568628 0.5568628 0.5568628
0.5686275 0.56078434 0.56078434 0.56078434 0.56078434 0.56078434 0.56078434 0.56078434 0.56078434 0.56078434 0.56078434 0.56078434 0.56078434 0.56078434 0.56078434 0.56078434 0.56078434 0.56078434 0.56078434 0.56078434 0.56078434 0.56078434 0.56078434 0.56078434 0.56078434 0.5568628 0.5568628 0.56078434 0.56078434 0.56078434 0.5568628 0.56078434
0.5686275 0.56078434 0.56078434 0.56078434 0.56078434 0.56078434 0.56078434 0.56078434 0.56078434 0.56078434 0.5568628 0.5568628 0.5568628 0.5568628 0.56078434 0.56078434 0.56078434 0.56078434 0.56078434 0.56078434 0.56078434 0.56078434 0.56078434 0.56078434 0.5568628 0.5529412 0.5568628 0.5647059 0.5647059 0.5686275 0.5647059 0.56078434
0.6156863 0.60784316 0.60784316 0.60784316 0.60784316 0.60784316 0.60784316 0.60784316 0.60784316 0.60784316 0.60784316 0.60784316 0.60784316 0.60784316 0.60784316 0.60784316 0.60784316 0.60784316 0.60784316 0.60784316 0.60784316 0.60784316 0.60784316 0.60784316 0.60784316 0.60784316 0.60784316 0.60784316 0.60784316 0.60784316 0.60784316 0.60784316
0.6117647 0.6039216 0.6039216 0.6039216 0.6039216 0.6039216 0.6039216 0.6039216 0.6039216 0.6039216 0.6039216 0.6039216 0.6039216 0.6039216 0.6039216 0.6039216 0.6039216 0.6039216 0.6039216 0.6039216 0.6039216 0.6039216 0.6039216 0.6039216 0.6039216 0.6039216 0.6039216 0.6039216 0.6039216 0.6039216 0.6039216 0.6039216
0.6156863 0.60784316 0.60784316 0.60784316 0.60784316 0.60784316 0.60784316 0.60784316 0.60784316 0.60784316 0.60784316 0.60784316 0.60784316 0.60784316 0.6039216 0.6039216 0.6039216 0.6039216 0.6039216 0.6039216 0.6039216 0.6039216 0.6039216 0.6039216 0.6039216 0.6039216 0.6039216 0.6039216 0.6039216 0.6039216 0.6039216 0.6039216
0.6156863 0.60784316 0.60784316 0.60784316 0.60784316 0.60784316 0.60784316 0.60784316 0.60784316 0.60784316 0.60784316 0.60784316 0.60784316 0.60784316 0.6039216 0.6039216 0.6039216 0.6039216 0.6039216 0.6039216 0.6039216 0.6039216 0.6039216 0.6039216 0.6039216 0.6039216 0.6039216 0.6039216 0.6039216 0.6039216 0.6039216 0.6039216
0.6117647 0.6039216 0.60784316 0.60784316 0.60784316 0.60784316 0.60784316 0.60784316 0.60784316 0.60784316 0.60784316 0.60784316 0.60784316 0.60784316 0.6039216 0.6039216 0.6039216 0.6039216 0.6039216 0.6039216 0.6039216 0.6039216 0.6039216 0.6039216 0.6039216 0.6039216 0.6039216 0.6039216 0.6039216 0.6039216 0.6039216 0.6039216
0.6117647 0.6039216 0.6039216 0.60784316 0.60784316 0.6039216 0.6039216 0.60784316 0.60784316 0.60784316 0.60784316 0.60784316 0.6039216 0.6039216 0.6039216 0.6039216 0.6039216 0.6039216 0.6039216 0.6039216 0.6039216 0.6039216 0.6039216 0.6039216 0.6039216 0.6039216 0.6039216 0.6 0.6 0.6 0.6 0.6
0.6117647 0.6039216 0.6039216 0.60784316 0.60784316 0.5921569 0.5882353 0.60784316 0.60784316 0.60784316 0.60784316 0.60784316 0.6039216 0.6039216 0.6039216 0.6039216 0.6039216 0.6039216 0.6039216 0.6039216 0.6039216 0.6039216 0.6039216 0.6039216 0.6039216 0.6039216 0.6 0.6 0.6 0.6 0.6 0.6
0.6117647 0.6039216 0.6039216 0.6039216 0.60784316 0.6 0.59607846 0.6039216 0.60784316 0.60784316 0.60784316 0.60784316 0.6039216 0.6039216 0.6039216 0.6039216 0.6039216 0.6039216 0.6039216 0.6039216 0.6039216 0.6039216 0.6 0.6 0.6 0.6 0.6 0.6 0.6 0.6 0.6 0.6
0.6117647 0.6039216 0.6039216 0.6039216 0.6039216 0.6039216 0.6039216 0.6039216 0.6039216 0.6039216 0.6039216 0.6039216 0.6 0.6 0.6 0.6 0.6 0.6 0.6 0.6 0.6 0.6 0.6 0.6 0.6 0.6 0.6 0.6 0.6 0.6 0.6 0.59607846
0.6117647 0.6039216 0.6039216 0.6039216 0.6039216 0.6039216 0.6039216 0.6039216 0.6039216 0.6039216 0.6039216 0.6039216 0.59607846 0.59607846 0.6 0.6 0.6 0.6 0.6 0.6 0.6 0.6 0.6 0.6 0.6 0.6 0.6 0.6 0.6 0.6 0.6 0.59607846
0.60784316 0.6 0.6 0.6 0.6039216 0.6 0.6 0.6 0.6 0.6 0.6039216 0.6 0.59607846 0.59607846 0.6 0.6 0.6 0.6 0.6039216 0.6 0.6 0.6 0.59607846 0.59607846 0.59607846 0.59607846 0.59607846 0.59607846 0.59607846 0.59607846 0.59607846 0.5882353
0.60784316 0.6 0.6 0.6 0.6 0.6 0.6 0.6 0.6 0.5921569 0.5882353 0.6039216 0.6 0.5921569 0.59607846 0.6 0.59607846 0.59607846 0.6039216 0.6039216 0.6 0.6 0.59607846 0.5921569 0.5921569 0.5921569 0.5921569 0.5921569 0.5921569 0.5921569 0.5921569 0.5921569
0.60784316 0.6 0.6 0.6 0.6 0.6 0.6 0.5294118 0.48235294 0.45882353 0.47058824 0.48235294 0.5529412 0.60784316 0.60784316 0.60784316 0.6039216 0.5921569 0.5686275 0.5647059 0.5921569 0.6 0.59607846 0.5921569 0.5921569 0.5921569 0.5921569 0.5921569 0.5921569 0.5921569 0.5921569 0.5921569
0.6 0.59607846 0.59607846 0.6 0.6039216 0.6 0.6 0.4117647 0.25882354 0.23529412 0.27450982 0.23921569 0.34117648 0.45882353 0.50980395 0.5372549 0.5058824 0.43529412 0.37254903 0.38039216 0.49019608 0.59607846 0.5921569 0.5921569 0.5921569 0.5921569 0.5921569 0.5921569 0.5921569 0.5921569 0.5921569 0.5882353
0.6 0.5921569 0.59607846 0.59607846 0.6 0.6 0.59607846 0.5019608 0.3529412 0.18431373 0.12156863 0.09019608 0.12941177 0.16862746 0.2 0.21568628 0.20784314 0.21960784 0.23921569 0.28235295 0.42352942 0.5921569 0.5882353 0.5921569 0.5921569 0.5921569 0.5921569 0.5921569 0.5921569 0.5921569 0.5921569 0.5882353
0.6 0.5882353 0.5921569 0.5921569 0.5921569 0.59607846 0.59607846 0.6 0.5254902 0.39215687 0.39607844 0.37254903 0.41568628 0.40392157 0.40392157 0.40392157 0.39607844 0.40784314 0.39607844 0.30588236 0.4392157 0.59607846 0.5882353 0.5921569 0.5921569 0.5921569 0.5921569 0.5921569 0.5921569 0.5921569 0.5921569 0.5882353
0.6 0.5882353 0.5921569 0.5921569 0.5921569 0.5921569 0.5921569 0.6039216 0.54509807 0.27058825 0.28627452 0.5647059 0.61960787 0.6039216 0.60784316 0.6117647 0.6117647 0.6117647 0.5882353 0.5254902 0.56078434 0.5882353 0.5882353 0.5921569 0.5921569 0.5803922 0.5882353 0.5921569 0.5921569 0.5921569 0.5921569 0.5882353
0.59607846 0.5882353 0.5882353 0.5882353 0.5882353 0.5882353 0.5882353 0.5921569 0.5803922 0.41568628 0.36862746 0.5764706 0.5882353 0.5882353 0.58431375 0.58431375 0.58431375 0.5882353 0.5882353 0.5921569 0.5921569 0.5882353 0.5882353 0.5882353 0.5882353 0.5803922 0.58431375 0.5882353 0.5882353 0.5882353 0.5882353 0.5882353
0.5921569 0.58431375 0.58431375 0.58431375 0.58431375 0.58431375 0.58431375 0.5882353 0.6 0.60784316 0.5921569 0.58431375 0.5882353 0.58431375 0.57254905 0.58431375 0.5882353 0.5882353 0.5882353 0.5882353 0.5882353 0.5882353 0.58431375 0.58431375 0.5882353 0.58431375 0.58431375 0.58431375 0.58431375 0.58431375 0.58431375 0.5882353
0.5921569 0.58431375 0.5882353 0.58431375 0.58431375 0.58431375 0.5882353 0.5882353 0.5882353 0.5882353 0.58431375 0.58431375 0.58431375 0.58431375 0.5803922 0.58431375 0.5882353 0.5882353 0.58431375 0.58431375 0.58431375 0.58431375 0.58431375 0.5764706 0.56078434 0.58431375 0.58431375 0.58431375 0.58431375 0.5803922 0.5803922 0.5803922
0.59607846 0.5882353 0.5882353 0.58431375 0.58431375 0.5882353 0.5882353 0.5882353 0.5882353 0.5882353 0.58431375 0.58431375 0.58431375 0.58431375 0.58431375 0.58431375 0.5882353 0.5882353 0.58431375 0.58431375 0.58431375 0.58431375 0.58431375 0.5764706 0.56078434 0.58431375 0.58431375 0.58431375 0.58431375 0.5803922 0.5803922 0.5803922
0.59607846 0.5882353 0.5882353 0.58431375 0.58431375 0.58431375 0.5882353 0.5882353 0.5882353 0.5882353 0.58431375 0.58431375 0.58431375 0.58431375 0.58431375 0.58431375 0.5882353 0.5882353 0.58431375 0.58431375 0.58431375 0.58431375 0.58431375 0.58431375 0.58431375 0.58431375 0.58431375 0.58431375 0.58431375 0.5803922 0.5803922 0.5803922
0.6 0.5882353 0.5882353 0.58431375 0.58431375 0.58431375 0.58431375 0.58431375 0.58431375 0.58431375 0.58431375 0.58431375 0.58431375 0.58431375 0.58431375 0.58431375 0.58431375 0.58431375 0.58431375 0.58431375 0.58431375 0.58431375 0.58431375 0.58431375 0.58431375 0.58431375 0.58431375 0.58431375 0.58431375 0.5803922 0.5803922 0.5803922
0.6039216 0.5882353 0.5882353 0.58431375 0.58431375 0.58431375 0.58431375 0.58431375 0.58431375 0.58431375 0.58431375 0.58431375 0.58431375 0.58431375 0.58431375 0.58431375 0.5803922 0.5686275 0.5764706 0.58431375 0.58431375 0.58431375 0.58431375 0.58431375 0.58431375 0.58431375 0.58431375 0.58431375 0.58431375 0.5803922 0.5803922 0.5803922
0.6039216 0.5882353 0.5882353 0.5882353 0.58431375 0.58431375 0.58431375 0.58431375 0.58431375 0.58431375 0.58431375 0.58431375 0.58431375 0.58431375 0.58431375 0.58431375 0.58431375 0.5764706 0.5803922 0.58431375 0.58431375 0.58431375 0.58431375 0.58431375 0.58431375 0.58431375 0.58431375 0.58431375 0.58431375 0.5803922 0.5803922 0.5803922
0.59607846 0.5882353 0.5882353 0.5882353 0.5882353 0.5882353 0.5882353 0.5882353 0.5882353 0.5882353 0.58431375 0.58431375 0.58431375 0.58431375 0.57254905 0.5764706 0.58431375 0.58431375 0.58431375 0.58431375 0.58431375 0.58431375 0.58431375 0.58431375 0.58431375 0.58431375 0.58431375 0.58431375 0.58431375 0.5803922 0.5803922 0.5803922
0.59607846 0.5882353 0.5882353 0.5882353 0.5882353 0.5882353 0.5882353 0.5882353 0.5882353 0.5882353 0.58431375 0.58431375 0.58431375 0.58431375 0.5686275 0.5764706 0.58431375 0.58431375 0.58431375 0.58431375 0.58431375 0.58431375 0.58431375 0.58431375 0.58431375 0.58431375 0.58431375 0.58431375 0.58431375 0.5803922 0.5803922 0.5803922
0.59607846 0.58431375 0.58431375 0.58431375 0.58431375 0.58431375 0.58431375 0.5882353 0.5882353 0.5882353 0.5882353 0.5882353 0.5882353 0.58431375 0.58431375 0.58431375 0.58431375 0.58431375 0.58431375 0.58431375 0.58431375 0.58431375 0.58431375 0.58431375 0.58431375 0.58431375 0.58431375 0.58431375 0.58431375 0.5803922 0.5803922 0.5803922
0.59607846 0.58431375 0.58431375 0.58431375 0.58431375 0.58431375 0.58431375 0.58431375 0.5882353 0.5882353 0.5882353 0.5882353 0.5882353 0.5882353 0.58431375 0.58431375 0.58431375 0.58431375 0.58431375 0.58431375 0.58431375 0.58431375 0.58431375 0.58431375 0.58431375 0.58431375 0.58431375 0.58431375 0.58431375 0.5803922 0.5803922 0.5803922
0.59607846 0.58431375 0.58431375 0.58431375 0.58431375 0.58431375 0.58431375 0.58431375 0.5882353 0.5882353 0.5882353 0.5882353 0.5882353 0.5882353 0.58431375 0.58431375 0.58431375 0.58431375 0.58431375 0.58431375 0.58431375 0.58431375 0.58431375 0.58431375 0.58431375 0.58431375 0.58431375 0.58431375 0.58431375 0.5803922 0.5803922 0.5803922
0.5921569 0.58431375 0.58431375 0.58431375 0.58431375 0.58431375 0.58431375 0.58431375 0.58431375 0.58431375 0.58431375 0.58431375 0.5882353 0.5882353 0.58431375 0.58431375 0.58431375 0.58431375 0.58431375 0.58431375 0.58431375 0.58431375 0.58431375 0.58431375 0.58431375 0.5803922 0.5803922 0.58431375 0.58431375 0.58431375 0.5803922 0.58431375
0.5921569 0.58431375 0.58431375 0.58431375 0.58431375 0.58431375 0.58431375 0.58431375 0.58431375 0.58431375 0.58431375 0.58431375 0.58431375 0.58431375 0.58431375 0.58431375 0.58431375 0.58431375 0.58431375 0.58431375 0.58431375 0.58431375 0.58431375 0.58431375 0.5803922 0.5764706 0.5803922 0.5882353 0.5882353 0.5921569 0.5882353 0.58431375
14 11 0
14 11 1
14 9 0
14 9 1
14 17 1
24 2 2
13 9 1
14 15 1
18 16 2
13 9 0
14 16 1
25 10 2
14 14 0
11 23 2
23 8 2
14 10 2
20 30 2
28 24 2
16 13 2
10 18 2
14 18 1
11 24 2
14 13 0
20 11 2
10 25 2
16 17 2
25 22 2
24 30 2
9 10 2
16 10 0
10 19 2
18 1 2
26 14 2
19 24 2
21 29 2
28 6 2
18 15 2
23 18 2
23 23 2
18 17 2
14 10 1
9 25 2
13 10 0
23 9 2
3 6 2
1 2 2
26 10 2
11 11 2
13 2 1
23 30 2
