32, 32, 3, 50
0.003921569 0.003921569 0.003921569 0.003921569 0.003921569 0.003921569 0.003921569 0.003921569 0.003921569 0.003921569 0.003921569 0.003921569 0.007843138 0.007843138 0.007843138 0.007843138 0.003921569 0.003921569 0.003921569 0.0 0.003921569 0.003921569 0.003921569 0.0 0.0 0.003921569 0.003921569 0.003921569 0.007843138 0.003921569 0.003921569 0.003921569
0.003921569 0.003921569 0.003921569 0.003921569 0.003921569 0.003921569 0.003921569 0.003921569 0.003921569 0.003921569 0.0 0.003921569 0.015686275 0.011764706 0.003921569 0.0 0.011764706 0.015686275 0.003921569 0.0 0.0 0.0 0.0 0.0 0.003921569 0.0 0.0 0.0 0.003921569 0.003921569 0.003921569 0.003921569
0.003921569 0.003921569 0.003921569 0.003921569 0.003921569 0.003921569 0.003921569 0.003921569 0.003921569 0.003921569 0.003921569 0.003921569 0.007843138 0.007843138 0.003921569 0.007843138 0.023529412 0.05490196 0.09803922 0.13725491 0.13725491 0.1254902 0.101960786 0.07450981 0.05490196 0.039215688 0.019607844 0.007843138 0.003921569 0.015686275 0.011764706 0.003921569
0.0 0.003921569 0.007843138 0.003921569 0.0 0.003921569 0.007843138 0.007843138 0.0 0.0 0.0 0.0 0.011764706 0.023529412 0.043137256 0.09803922 0.11764706 0.11764706 0.1882353 0.27058825 0.31764707 0.36078432 0.34901962 0.3254902 0.30980393 0.23137255 0.09803922 0.05882353 0.03529412 0.015686275 0.015686275 0.011764706
0.0 0.0 0.007843138 0.003921569 0.0 0.003921569 0.003921569 0.007843138 0.011764706 0.015686275 0.019607844 0.043137256 0.08627451 0.10980392 0.14509805 0.1882353 0.16470589 0.24705882 0.23137255 0.21960784 0.21960784 0.22352941 0.14117648 0.14509805 0.21568628 0.20392157 0.11372549 0.07450981 0.11764706 0.07450981 0.019607844 0.011764706
0.0 0.0 0.003921569 0.003921569 0.007843138 0.007843138 0.011764706 0.03529412 0.07058824 0.08235294 0.101960786 0.12941177 0.1764706 0.2627451 0.2509804 0.21568628 0.30588236 0.28235295 0.25490198 0.22745098 0.06666667 0.019607844 0.011764706 0.0627451 0.09411765 0.2 0.1764706 0.015686275 0.043137256 0.07058824 0.015686275 0.003921569
0.003921569 0.007843138 0.015686275 0.015686275 0.019607844 0.043137256 0.05882353 0.078431375 0.10980392 0.1254902 0.12941177 0.12941177 0.12941177 0.2784314 0.2901961 0.26666668 0.2509804 0.11764706 0.17254902 0.10980392 0.0 0.003921569 0.0 0.0 0.078431375 0.11764706 0.043137256 0.011764706 0.015686275 0.14901961 0.09803922 0.003921569
0.003921569 0.003921569 0.007843138 0.011764706 0.015686275 0.043137256 0.078431375 0.09411765 0.11372549 0.14117648 0.14901961 0.14117648 0.20784314 0.3372549 0.33333334 0.26666668 0.16470589 0.09803922 0.2 0.11764706 0.023529412 0.007843138 0.007843138 0.0 0.12156863 0.101960786 0.003921569 0.007843138 0.05490196 0.21176471 0.11372549 0.0
0.0 0.007843138 0.015686275 0.03137255 0.05490196 0.09411765 0.14117648 0.18431373 0.23137255 0.3137255 0.3647059 0.40784314 0.53333336 0.6 0.5372549 0.4509804 0.3764706 0.24705882 0.1254902 0.050980393 0.05882353 0.0 0.003921569 0.0 0.14901961 0.1764706 0.25882354 0.17254902 0.08235294 0.12156863 0.05882353 0.0
0.003921569 0.019607844 0.050980393 0.101960786 0.18431373 0.28235295 0.37254903 0.43529412 0.53333336 0.61960787 0.6745098 0.67058825 0.62352943 0.6 0.6039216 0.6 0.60784316 0.5803922 0.4745098 0.34509805 0.22745098 0.101960786 0.03137255 0.007843138 0.2 0.28627452 0.34901962 0.21960784 0.05490196 0.019607844 0.015686275 0.015686275
0.06666667 0.14901961 0.23921569 0.3254902 0.39607844 0.4509804 0.47843137 0.54509807 0.69411767 0.7019608 0.6784314 0.7019608 0.6901961 0.6627451 0.6745098 0.68235296 0.6745098 0.6313726 0.60784316 0.62352943 0.5803922 0.48235294 0.3882353 0.27450982 0.26666668 0.17254902 0.10980392 0.078431375 0.03137255 0.007843138 0.015686275 0.015686275
0.2 0.23137255 0.23921569 0.24313726 0.30588236 0.45882353 0.6117647 0.73333335 0.7529412 0.65882355 0.64705884 0.7607843 0.76862746 0.7647059 0.8039216 0.7647059 0.7411765 0.6313726 0.5764706 0.54901963 0.4862745 0.46666667 0.4745098 0.40392157 0.25490198 0.18431373 0.08235294 0.1764706 0.06666667 0.023529412 0.050980393 0.007843138
0.09019608 0.14117648 0.19215687 0.2509804 0.38039216 0.627451 0.83137256 0.8117647 0.70980394 0.6509804 0.654902 0.74509805 0.7647059 0.78431374 0.7607843 0.68235296 0.58431375 0.5254902 0.47843137 0.45882353 0.4627451 0.4392157 0.39215687 0.2901961 0.1882353 0.09019608 0.10980392 0.2627451 0.039215688 0.023529412 0.043137256 0.0
0.1254902 0.1764706 0.22352941 0.28627452 0.42352942 0.69411767 0.8666667 0.81960785 0.73333335 0.69803923 0.6784314 0.7254902 0.8235294 0.78039217 0.6627451 0.5686275 0.5058824 0.47058824 0.47058824 0.4627451 0.43529412 0.40392157 0.3882353 0.30588236 0.09411765 0.11764706 0.3019608 0.25490198 0.015686275 0.078431375 0.078431375 0.003921569
0.17254902 0.2 0.23921569 0.2784314 0.40784314 0.6862745 0.87058824 0.85882354 0.78039217 0.72156864 0.67058825 0.6627451 0.69803923 0.69803923 0.60784316 0.49019608 0.46666667 0.49411765 0.47843137 0.43529412 0.39215687 0.39607844 0.52156866 0.3372549 0.03529412 0.13333334 0.33333334 0.23921569 0.007843138 0.09803922 0.09019608 0.0
0.16862746 0.20392157 0.24313726 0.26666668 0.43137255 0.7411765 0.75686276 0.8392157 0.8352941 0.73333335 0.64705884 0.62352943 0.6039216 0.54901963 0.4392157 0.49411765 0.5137255 0.49019608 0.43529412 0.39215687 0.3647059 0.40392157 0.41960785 0.101960786 0.015686275 0.03137255 0.22745098 0.19215687 0.003921569 0.043137256 0.03137255 0.007843138
0.16470589 0.20392157 0.2509804 0.27058825 0.42745098 0.7607843 0.45882353 0.29411766 0.5411765 0.72156864 0.69411767 0.61960787 0.5803922 0.49803922 0.5372549 0.62352943 0.5686275 0.44313726 0.39215687 0.3647059 0.33333334 0.4 0.25490198 0.02745098 0.02745098 0.011764706 0.08235294 0.043137256 0.003921569 0.003921569 0.003921569 0.007843138
0.16862746 0.21176471 0.25882354 0.26666668 0.36862746 0.67058825 0.6039216 0.3137255 0.15294118 0.27058825 0.4862745 0.5882353 0.4627451 0.40392157 0.53333336 0.3882353 0.41960785 0.29411766 0.3019608 0.28627452 0.28627452 0.38431373 0.1882353 0.14509805 0.03137255 0.0627451 0.0627451 0.003921569 0.0 0.003921569 0.003921569 0.003921569
0.18039216 0.2 0.24313726 0.2627451 0.3882353 0.5882353 0.6627451 0.72156864 0.52156866 0.29803923 0.1254902 0.23529412 0.28627452 0.3254902 0.56078434 0.23529412 0.5019608 0.27450982 0.21176471 0.28235295 0.34117648 0.32941177 0.2 0.22745098 0.09803922 0.101960786 0.019607844 0.0 0.003921569 0.003921569 0.003921569 0.003921569
0.16078432 0.1764706 0.20392157 0.25882354 0.5529412 0.59607846 0.23137255 0.40784314 0.6901961 0.62352943 0.45490196 0.34901962 0.2627451 0.1764706 0.22352941 0.101960786 0.40392157 0.17254902 0.13333334 0.2901961 0.34117648 0.2627451 0.1882353 0.30980393 0.15294118 0.06666667 0.003921569 0.0 0.003921569 0.003921569 0.003921569 0.003921569
0.14117648 0.17254902 0.19215687 0.21960784 0.5372549 0.4862745 0.15294118 0.0 0.1882353 0.38431373 0.5294118 0.53333336 0.4509804 0.43529412 0.3764706 0.31764707 0.2901961 0.24705882 0.26666668 0.28627452 0.29411766 0.21960784 0.12156863 0.29411766 0.105882354 0.0 0.003921569 0.003921569 0.003921569 0.003921569 0.003921569 0.003921569
0.12156863 0.13725491 0.14901961 0.14901961 0.38039216 0.5686275 0.39215687 0.2627451 0.2 0.16078432 0.24705882 0.34509805 0.29411766 0.33333334 0.3372549 0.36862746 0.39215687 0.43137255 0.36862746 0.3019608 0.25490198 0.19215687 0.24705882 0.30588236 0.0627451 0.0 0.003921569 0.003921569 0.003921569 0.003921569 0.003921569 0.003921569
0.09411765 0.11372549 0.10980392 0.105882354 0.1254902 0.5372549 0.5294118 0.32941177 0.39607844 0.28235295 0.16862746 0.22352941 0.19215687 0.18431373 0.2627451 0.45490196 0.27450982 0.3647059 0.30980393 0.2784314 0.23921569 0.15294118 0.31764707 0.29803923 0.03529412 0.0 0.003921569 0.003921569 0.003921569 0.003921569 0.003921569 0.003921569
0.06666667 0.09019608 0.09019608 0.101960786 0.08235294 0.1882353 0.56078434 0.5686275 0.41568628 0.39215687 0.33333334 0.29411766 0.19215687 0.17254902 0.22352941 0.30980393 0.19215687 0.27058825 0.22352941 0.21176471 0.2 0.10980392 0.35686275 0.24705882 0.007843138 0.003921569 0.003921569 0.003921569 0.003921569 0.003921569 0.003921569 0.003921569
0.050980393 0.07450981 0.08627451 0.105882354 0.10980392 0.043137256 0.16470589 0.5803922 0.61960787 0.44313726 0.34117648 0.29803923 0.1882353 0.105882354 0.19215687 0.28627452 0.22745098 0.17254902 0.17254902 0.19215687 0.15294118 0.05882353 0.31764707 0.1254902 0.0 0.007843138 0.003921569 0.003921569 0.003921569 0.003921569 0.003921569 0.003921569
0.043137256 0.05882353 0.06666667 0.078431375 0.08235294 0.08235294 0.03137255 0.101960786 0.44313726 0.67058825 0.5294118 0.3529412 0.23137255 0.11764706 0.18039216 0.36862746 0.3254902 0.26666668 0.2627451 0.1882353 0.13725491 0.019607844 0.07058824 0.015686275 0.003921569 0.003921569 0.003921569 0.003921569 0.003921569 0.003921569 0.003921569 0.003921569
0.02745098 0.03529412 0.03137255 0.050980393 0.07058824 0.07450981 0.0627451 0.03137255 0.019607844 0.21960784 0.44313726 0.4627451 0.3647059 0.30588236 0.3019608 0.3529412 0.3647059 0.35686275 0.21568628 0.19607843 0.11372549 0.003921569 0.0 0.003921569 0.007843138 0.003921569 0.003921569 0.003921569 0.003921569 0.003921569 0.003921569 0.003921569
0.019607844 0.015686275 0.019607844 0.039215688 0.047058824 0.039215688 0.047058824 0.047058824 0.03529412 0.0 0.019607844 0.15686275 0.2784314 0.34509805 0.37254903 0.3764706 0.34509805 0.23529412 0.14117648 0.07450981 0.03137255 0.003921569 0.007843138 0.003921569 0.003921569 0.003921569 0.003921569 0.003921569 0.003921569 0.003921569 0.003921569 0.003921569
0.015686275 0.011764706 0.011764706 0.019607844 0.019607844 0.015686275 0.019607844 0.019607844 0.019607844 0.019607844 0.011764706 0.0 0.007843138 0.0627451 0.15294118 0.24705882 0.24705882 0.15294118 0.043137256 0.0 0.011764706 0.003921569 0.003921569 0.003921569 0.003921569 0.003921569 0.003921569 0.003921569 0.003921569 0.003921569 0.003921569 0.003921569
0.011764706 0.007843138 0.011764706 0.007843138 0.007843138 0.011764706 0.007843138 0.003921569 0.015686275 0.015686275 0.02745098 0.019607844 0.003921569 0.0 0.0 0.011764706 0.05882353 0.03137255 0.0 0.007843138 0.007843138 0.003921569 0.003921569 0.003921569 0.003921569 0.003921569 0.003921569 0.003921569 0.003921569 0.003921569 0.003921569 0.003921569
0.003921569 0.003921569 0.003921569 0.003921569 0.007843138 0.003921569 0.0 0.003921569 0.003921569 0.011764706 0.011764706 0.003921569 0.011764706 0.019607844 0.011764706 0.003921569 0.0 0.0 0.003921569 0.003921569 0.003921569 0.003921569 0.003921569 0.003921569 0.003921569 0.003921569 0.003921569 0.003921569 0.003921569 0.003921569 0.003921569 0.003921569
0.003921569 0.007843138 0.007843138 0.003921569 0.003921569 0.0 0.003921569 0.011764706 0.019607844 0.011764706 0.0 0.007843138 0.015686275 0.011764706 0.0 0.003921569 0.007843138 0.007843138 0.007843138 0.003921569 0.003921569 0.003921569 0.003921569 0.003921569 0.003921569 0.003921569 0.003921569 0.003921569 0.003921569 0.003921569 0.003921569 0.003921569
0.003921569 0.003921569 0.003921569 0.003921569 0.003921569 0.003921569 0.003921569 0.003921569 0.003921569 0.003921569 0.003921569 0.003921569 0.003921569 0.0 0.003921569 0.003921569 0.007843138 0.007843138 0.011764706 0.011764706 0.011764706 0.011764706 0.011764706 0.011764706 0.011764706 0.003921569 0.003921569 0.0 0.0 0.003921569 0.003921569 0.003921569
0.003921569 0.003921569 0.003921569 0.003921569 0.003921569 0.003921569 0.003921569 0.003921569 0.003921569 0.003921569 0.003921569 0.0 0.0 0.003921569 0.007843138 0.007843138 0.003921569 0.0 0.0 0.0 0.0 0.0 0.0 0.0 0.007843138 0.015686275 0.015686275 0.011764706 0.003921569 0.003921569 0.003921569 0.003921569
0.003921569 0.003921569 0.003921569 0.003921569 0.003921569 0.003921569 0.003921569 0.003921569 0.003921569 0.003921569 0.0 0.0 0.0 0.007843138 0.015686275 0.02745098 0.03529412 0.07058824 0.12941177 0.19215687 0.19607843 0.1764706 0.15686275 0.12941177 0.10980392 0.09803922 0.07058824 0.050980393 0.03137255 0.015686275 0.003921569 0.0
0.003921569 0.003921569 0.003921569 0.003921569 0.007843138 0.007843138 0.003921569 0.007843138 0.019607844 0.02745098 0.03529412 0.047058824 0.0627451 0.09019608 0.12156863 0.16862746 0.18431373 0.20392157 0.29803923 0.39215687 0.43137255 0.47058824 0.45882353 0.44313726 0.42745098 0.33333334 0.15294118 0.08627451 0.07058824 0.039215688 0.015686275 0.003921569
0.007843138 0.007843138 0.011764706 0.015686275 0.02745098 0.03529412 0.043137256 0.050980393 0.06666667 0.078431375 0.105882354 0.13725491 0.17254902 0.21568628 0.25882354 0.2784314 0.23921569 0.3372549 0.34117648 0.32156864 0.29803923 0.28627452 0.21568628 0.22352941 0.30588236 0.29803923 0.16078432 0.09411765 0.15294118 0.11764706 0.039215688 0.007843138
0.015686275 0.023529412 0.03137255 0.039215688 0.0627451 0.08627451 0.10980392 0.14117648 0.15294118 0.1764706 0.20784314 0.23921569 0.27058825 0.35686275 0.34901962 0.30980393 0.4 0.37254903 0.34509805 0.29803923 0.101960786 0.03529412 0.03529412 0.09411765 0.12941177 0.26666668 0.21960784 0.039215688 0.078431375 0.1254902 0.043137256 0.007843138
0.023529412 0.043137256 0.0627451 0.08627451 0.11764706 0.14901961 0.1764706 0.19215687 0.21568628 0.23137255 0.23137255 0.23137255 0.23529412 0.3647059 0.36862746 0.3647059 0.35686275 0.21176471 0.23921569 0.14509805 0.003921569 0.007843138 0.011764706 0.011764706 0.09411765 0.13725491 0.043137256 0.015686275 0.039215688 0.21176471 0.14509805 0.011764706
0.03137255 0.050980393 0.07450981 0.105882354 0.1254902 0.15294118 0.18431373 0.20392157 0.21960784 0.22745098 0.23137255 0.23529412 0.31764707 0.42745098 0.41568628 0.3647059 0.27450982 0.19607843 0.27058825 0.14509805 0.023529412 0.007843138 0.007843138 0.0 0.13725491 0.105882354 0.0 0.003921569 0.07058824 0.27450982 0.1764706 0.015686275
0.047058824 0.07450981 0.105882354 0.13333334 0.16078432 0.2 0.24705882 0.2901961 0.3254902 0.3882353 0.4392157 0.5058824 0.6392157 0.7058824 0.6431373 0.5568628 0.48235294 0.3529412 0.21568628 0.09411765 0.078431375 0.0 0.0 0.007843138 0.16862746 0.20784314 0.28627452 0.19607843 0.105882354 0.17254902 0.101960786 0.007843138
0.06666667 0.09803922 0.14509805 0.20784314 0.2901961 0.3882353 0.47843137 0.5372549 0.61960787 0.69803923 0.7529412 0.75686276 0.72156864 0.7058824 0.70980394 0.7058824 0.7058824 0.6784314 0.57254905 0.41568628 0.27058825 0.11764706 0.043137256 0.023529412 0.23137255 0.37254903 0.41960785 0.24705882 0.06666667 0.03529412 0.023529412 0.007843138
0.14901961 0.24313726 0.34117648 0.42745098 0.5019608 0.56078434 0.59607846 0.64705884 0.76862746 0.7882353 0.7647059 0.7764706 0.77254903 0.74509805 0.75686276 0.7647059 0.7490196 0.7176471 0.7137255 0.7254902 0.6745098 0.5568628 0.43529412 0.32156864 0.33333334 0.28627452 0.19215687 0.11372549 0.039215688 0.015686275 0.015686275 0.003921569
0.3019608 0.3372549 0.34509805 0.3529412 0.4117647 0.56078434 0.7137255 0.8156863 0.81960785 0.74509805 0.7294118 0.81960785 0.8235294 0.827451 0.8666667 0.827451 0.8117647 0.7176471 0.6862745 0.6666667 0.60784316 0.5921569 0.5686275 0.5019608 0.35686275 0.2627451 0.13333334 0.20392157 0.06666667 0.03529412 0.07450981 0.003921569
0.19607843 0.24705882 0.29803923 0.3647059 0.47843137 0.7019608 0.8745098 0.84705883 0.78039217 0.73333335 0.7372549 0.80784315 0.8039216 0.8392157 0.8392157 0.76862746 0.6784314 0.6313726 0.58431375 0.5686275 0.56078434 0.5411765 0.5058824 0.39607844 0.27450982 0.11372549 0.13725491 0.2901961 0.03137255 0.047058824 0.09019608 0.007843138
0.23137255 0.28235295 0.32941177 0.39607844 0.5176471 0.7647059 0.9098039 0.8509804 0.8 0.78039217 0.7607843 0.7921569 0.85882354 0.8352941 0.7490196 0.68235296 0.61960787 0.57254905 0.5764706 0.5686275 0.5372549 0.5019608 0.49803922 0.39215687 0.14509805 0.14117648 0.34901962 0.29803923 0.019607844 0.09803922 0.105882354 0.003921569
0.2784314 0.30588236 0.34509805 0.39215687 0.5058824 0.7607843 0.91764706 0.8901961 0.8352941 0.80784315 0.7607843 0.7372549 0.75686276 0.76862746 0.7019608 0.6039216 0.5803922 0.6 0.58431375 0.5411765 0.49803922 0.5058824 0.62352943 0.39607844 0.05490196 0.15686275 0.3764706 0.28627452 0.015686275 0.10980392 0.101960786 0.0
0.27450982 0.30980393 0.34901962 0.38039216 0.53333336 0.8156863 0.8039216 0.87058824 0.8862745 0.8117647 0.7372549 0.7137255 0.70980394 0.6509804 0.53333336 0.58431375 0.6156863 0.59607846 0.5411765 0.49803922 0.4745098 0.5176471 0.50980395 0.12941177 0.015686275 0.050980393 0.25490198 0.21960784 0.0 0.039215688 0.039215688 0.0
0.27058825 0.30980393 0.35686275 0.38431373 0.5254902 0.83137256 0.5254902 0.36078432 0.60784316 0.78431374 0.77254903 0.7137255 0.69803923 0.6117647 0.6313726 0.7019608 0.65882355 0.54509807 0.49019608 0.47058824 0.4392157 0.5019608 0.30980393 0.03137255 0.015686275 0.019607844 0.09019608 0.047058824 0.0 0.003921569 0.003921569 0.003921569
0.27450982 0.31764707 0.3647059 0.36862746 0.45882353 0.74509805 0.68235296 0.4 0.23529412 0.32941177 0.5411765 0.6627451 0.5411765 0.49019608 0.62352943 0.4745098 0.50980395 0.37254903 0.39215687 0.3882353 0.39215687 0.47058824 0.23529412 0.16470589 0.03137255 0.0627451 0.06666667 0.007843138 0.0 0.003921569 0.003921569 0.003921569
0.2901961 0.30588236 0.34901962 0.3529412 0.46666667 0.6745098 0.74509805 0.8 0.60784316 0.38039216 0.17254902 0.27450982 0.34117648 0.3882353 0.63529414 0.30588236 0.5647059 0.32941177 0.28627452 0.37254903 0.4392157 0.41568628 0.27058825 0.27058825 0.1254902 0.105882354 0.023529412 0.007843138 0.003921569 0.0 0.003921569 0.003921569
0.26666668 0.2784314 0.30980393 0.34509805 0.6392157 0.69411767 0.30980393 0.45882353 0.7529412 0.70980394 0.5372549 0.40784314 0.32156864 0.22745098 0.2784314 0.12941177 0.43137255 0.20392157 0.19215687 0.37254903 0.42352942 0.34509805 0.27058825 0.36862746 0.21176471 0.08627451 0.011764706 0.007843138 0.003921569 0.003921569 0.003921569 0.003921569
0.24705882 0.2784314 0.29803923 0.3254902 0.6392157 0.5764706 0.22352941 0.03529412 0.21960784 0.4509804 0.62352943 0.63529414 0.53333336 0.50980395 0.45490196 0.39215687 0.35686275 0.32156864 0.3529412 0.38039216 0.36862746 0.29411766 0.21960784 0.36078432 0.14901961 0.011764706 0.007843138 0.003921569 0.003921569 0.003921569 0.003921569 0.003921569
0.23137255 0.24313726 0.25490198 0.2627451 0.4862745 0.65882355 0.46666667 0.31764707 0.2509804 0.22745098 0.33333334 0.44705883 0.38431373 0.41960785 0.43529412 0.47843137 0.49803922 0.5372549 0.4745098 0.40784314 0.32941177 0.24705882 0.34901962 0.37254903 0.078431375 0.0 0.003921569 0.003921569 0.003921569 0.003921569 0.003921569 0.003921569
0.2 0.21960784 0.21568628 0.21568628 0.22745098 0.6313726 0.6 0.39607844 0.4862745 0.3647059 0.24705882 0.3019608 0.2784314 0.27450982 0.3647059 0.5647059 0.38431373 0.47058824 0.41568628 0.3882353 0.31764707 0.19215687 0.40784314 0.36078432 0.047058824 0.0 0.003921569 0.003921569 0.003921569 0.003921569 0.003921569 0.003921569
0.1764706 0.19607843 0.19607843 0.21176471 0.18431373 0.27450982 0.6313726 0.64705884 0.5137255 0.4862745 0.42745098 0.3882353 0.28235295 0.25882354 0.32156864 0.41568628 0.29803923 0.3764706 0.32941177 0.32156864 0.27450982 0.14901961 0.4392157 0.3019608 0.019607844 0.003921569 0.003921569 0.003921569 0.003921569 0.003921569 0.003921569 0.003921569
0.16078432 0.18039216 0.1882353 0.20784314 0.21568628 0.12941177 0.23137255 0.64705884 0.69803923 0.5294118 0.44313726 0.40784314 0.2784314 0.1764706 0.27450982 0.3882353 0.33333334 0.2784314 0.2784314 0.29411766 0.21960784 0.078431375 0.35686275 0.15294118 0.0 0.003921569 0.003921569 0.003921569 0.003921569 0.003921569 0.003921569 0.003921569
0.15294118 0.16470589 0.16862746 0.18039216 0.18431373 0.18039216 0.09803922 0.13725491 0.47843137 0.7254902 0.60784316 0.45490196 0.34509805 0.21176471 0.26666668 0.47843137 0.43529412 0.36862746 0.3647059 0.29803923 0.20784314 0.015686275 0.06666667 0.015686275 0.003921569 0.003921569 0.003921569 0.003921569 0.003921569 0.003921569 0.003921569 0.003921569
0.12156863 0.13333334 0.13725491 0.15294118 0.1764706 0.18039216 0.14509805 0.06666667 0.015686275 0.24313726 0.49411765 0.53333336 0.4862745 0.43137255 0.4117647 0.46666667 0.46666667 0.4509804 0.3137255 0.3019608 0.18039216 0.003921569 0.0 0.007843138 0.011764706 0.003921569 0.003921569 0.003921569 0.003921569 0.003921569 0.003921569 0.003921569
0.09803922 0.10980392 0.12941177 0.13725491 0.15294118 0.15686275 0.15686275 0.11372549 0.05882353 0.003921569 0.039215688 0.18039216 0.3372549 0.43137255 0.47058824 0.46666667 0.4392157 0.3254902 0.21176471 0.1254902 0.05490196 0.003921569 0.007843138 0.003921569 0.003921569 0.003921569 0.003921569 0.003921569 0.003921569 0.003921569 0.003921569 0.003921569
0.08627451 0.101960786 0.11372549 0.11372549 0.11764706 0.13333334 0.13333334 0.10980392 0.07450981 0.0627451 0.03137255 0.0 0.007843138 0.09019608 0.21176471 0.3019608 0.31764707 0.22352941 0.07058824 0.0 0.0 0.003921569 0.003921569 0.003921569 0.0 0.003921569 0.003921569 0.003921569 0.003921569 0.003921569 0.003921569 0.003921569
0.07450981 0.07450981 0.08235294 0.08627451 0.09411765 0.09411765 0.08627451 0.07450981 0.06666667 0.05882353 0.0627451 0.047058824 0.015686275 0.0 0.0 0.011764706 0.0627451 0.03529412 0.0 0.003921569 0.003921569 0.003921569 0.003921569 0.003921569 0.003921569 0.003921569 0.003921569 0.003921569 0.003921569 0.003921569 0.003921569 0.003921569
0.050980393 0.05882353 0.06666667 0.07450981 0.08235294 0.0627451 0.05882353 0.05490196 0.05882353 0.06666667 0.05490196 0.043137256 0.03137255 0.02745098 0.015686275 0.003921569 0.0 0.0 0.003921569 0.003921569 0.003921569 0.003921569 0.003921569 0.003921569 0.003921569 0.003921569 0.003921569 0.003921569 0.003921569 0.003921569 0.003921569 0.003921569
0.03529412 0.047058824 0.05490196 0.05490196 0.05490196 0.039215688 0.03529412 0.047058824 0.06666667 0.05882353 0.043137256 0.039215688 0.039215688 0.03137255 0.011764706 0.011764706 0.007843138 0.003921569 0.003921569 0.003921569 0.003921569 0.003921569 0.003921569 0.003921569 0.003921569 0.003921569 0.003921569 0.003921569 0.003921569 0.003921569 0.003921569 0.003921569
0.003921569 0.003921569 0.003921569 0.003921569 0.003921569 0.003921569 0.003921569 0.003921569 0.003921569 0.003921569 0.003921569 0.007843138 0.015686275 0.015686275 0.007843138 0.007843138 0.007843138 0.007843138 0.007843138 0.007843138 0.007843138 0.003921569 0.003921569 0.003921569 0.003921569 0.011764706 0.015686275 0.019607844 0.019607844 0.007843138 0.0 0.0
0.003921569 0.003921569 0.003921569 0.003921569 0.003921569 0.003921569 0.003921569 0.003921569 0.003921569 0.003921569 0.003921569 0.003921569 0.003921569 0.003921569 0.0 0.0 0.0 0.0 0.003921569 0.011764706 0.015686275 0.011764706 0.011764706 0.015686275 0.019607844 0.019607844 0.023529412 0.02745098 0.023529412 0.011764706 0.003921569 0.003921569
0.003921569 0.003921569 0.003921569 0.003921569 0.003921569 0.003921569 0.003921569 0.003921569 0.0 0.0 0.0 0.0 0.015686275 0.039215688 0.06666667 0.09411765 0.12941177 0.18431373 0.2627451 0.3372549 0.35686275 0.3529412 0.32941177 0.3019608 0.28235295 0.24705882 0.2 0.15686275 0.11764706 0.08627451 0.05882353 0.02745098
0.007843138 0.0 0.011764706 0.015686275 0.011764706 0.023529412 0.03529412 0.039215688 0.043137256 0.07450981 0.11372549 0.15294118 0.21176471 0.28235295 0.34509805 0.40392157 0.41960785 0.44313726 0.5529412 0.6509804 0.69411767 0.7372549 0.7372549 0.7254902 0.7019608 0.5882353 0.4117647 0.2784314 0.19607843 0.15686275 0.105882354 0.050980393
0.007843138 0.007843138 0.039215688 0.06666667 0.09411765 0.13333334 0.16862746 0.20392157 0.2509804 0.28235295 0.33333334 0.3882353 0.43137255 0.4862745 0.53333336 0.5372549 0.49411765 0.6039216 0.60784316 0.5686275 0.52156866 0.49803922 0.4509804 0.49803922 0.58431375 0.5372549 0.3882353 0.27450982 0.37254903 0.3137255 0.14117648 0.050980393
0.03137255 0.05882353 0.10980392 0.17254902 0.23137255 0.28235295 0.3372549 0.39215687 0.43529412 0.45490196 0.4862745 0.5176471 0.5529412 0.6313726 0.6039216 0.5529412 0.64705884 0.6392157 0.6 0.49803922 0.23137255 0.105882354 0.12156863 0.23529412 0.32941177 0.4862745 0.35686275 0.09019608 0.22352941 0.34901962 0.18431373 0.05490196
0.08627451 0.14117648 0.22352941 0.30588236 0.36078432 0.4 0.43529412 0.4509804 0.4745098 0.49411765 0.5019608 0.5058824 0.50980395 0.62352943 0.61960787 0.6313726 0.61960787 0.47843137 0.49019608 0.29803923 0.05490196 0.007843138 0.0 0.023529412 0.1764706 0.26666668 0.11372549 0.003921569 0.07058824 0.41960785 0.32941177 0.05490196
0.12156863 0.19215687 0.28235295 0.36078432 0.39215687 0.41960785 0.44705883 0.46666667 0.4862745 0.49803922 0.5176471 0.53333336 0.5764706 0.67058825 0.6666667 0.63529414 0.54901963 0.4745098 0.5254902 0.3019608 0.078431375 0.03137255 0.02745098 0.02745098 0.21960784 0.16078432 0.03137255 0.03529412 0.15686275 0.50980395 0.37254903 0.06666667
0.16078432 0.24705882 0.32941177 0.3882353 0.43137255 0.47058824 0.5176471 0.5647059 0.6 0.63529414 0.69411767 0.77254903 0.8901961 0.95686275 0.8901961 0.8117647 0.7529412 0.6392157 0.48235294 0.29411766 0.17254902 0.015686275 0.015686275 0.02745098 0.2784314 0.32941177 0.40784314 0.3254902 0.23921569 0.34901962 0.23529412 0.050980393
0.25490198 0.3254902 0.41568628 0.48235294 0.56078434 0.64705884 0.73333335 0.7764706 0.8392157 0.9098039 0.9647059 0.972549 0.972549 0.972549 0.972549 0.972549 0.9647059 0.94509804 0.8392157 0.6431373 0.42745098 0.21176471 0.07058824 0.047058824 0.3882353 0.5686275 0.64705884 0.45882353 0.16862746 0.08235294 0.05882353 0.015686275
0.39607844 0.5058824 0.627451 0.7137255 0.7764706 0.8156863 0.827451 0.85882354 0.9607843 0.9882353 0.9647059 0.9490196 0.9529412 0.9490196 0.9529412 0.95686275 0.94509804 0.9607843 0.99215686 0.9843137 0.90588236 0.8 0.64705884 0.49019608 0.5686275 0.5058824 0.39215687 0.24705882 0.0627451 0.023529412 0.043137256 0.023529412
0.5647059 0.6039216 0.62352943 0.627451 0.6784314 0.8039216 0.9137255 0.9843137 1.0 0.96862745 0.9411765 0.9647059 0.9490196 0.9490196 0.98039216 0.9529412 0.9764706 0.95686275 0.9647059 0.9372549 0.8627451 0.87058824 0.8901961 0.76862746 0.59607846 0.49803922 0.3019608 0.2901961 0.101960786 0.09019608 0.14901961 0.050980393
0.47058824 0.5137255 0.5686275 0.62352943 0.74509805 0.90588236 0.99607843 0.9882353 0.96862745 0.98039216 0.9607843 0.94509804 0.93333334 0.9490196 0.9490196 0.94509804 0.9372549 0.8980392 0.85490197 0.8392157 0.8352941 0.80784315 0.78431374 0.6901961 0.4862745 0.2627451 0.27058825 0.4117647 0.078431375 0.10980392 0.16470589 0.023529412
0.5058824 0.5529412 0.6 0.6666667 0.8039216 0.95686275 1.0 0.9647059 0.96862745 0.99607843 0.9843137 0.96862745 0.9843137 0.9529412 0.9098039 0.92156863 0.8901961 0.84705883 0.84705883 0.8352941 0.8156863 0.76862746 0.7529412 0.64705884 0.30588236 0.29411766 0.54509807 0.44705883 0.0627451 0.19215687 0.20784314 0.02745098
0.5529412 0.57254905 0.6156863 0.654902 0.7764706 0.9411765 0.99607843 0.98039216 0.972549 0.99215686 0.99215686 0.9764706 0.9529412 0.9529412 0.9254902 0.88235295 0.85490197 0.87058824 0.85490197 0.8117647 0.7764706 0.76862746 0.84705883 0.59607846 0.13333334 0.25882354 0.6 0.41960785 0.043137256 0.20392157 0.1882353 0.015686275
0.54901963 0.5803922 0.61960787 0.627451 0.75686276 0.9529412 0.9019608 0.95686275 0.99607843 0.9764706 0.9764706 0.99215686 0.972549 0.91764706 0.8156863 0.87058824 0.8862745 0.8627451 0.8117647 0.76862746 0.7529412 0.7764706 0.7176471 0.27450982 0.03529412 0.07058824 0.42745098 0.31764707 0.007843138 0.09019608 0.06666667 0.0
0.54509807 0.5803922 0.627451 0.64705884 0.7372549 0.95686275 0.69803923 0.57254905 0.7607843 0.9137255 0.9490196 0.96862745 0.972549 0.8627451 0.8509804 0.91764706 0.85882354 0.7764706 0.7647059 0.7529412 0.70980394 0.7529412 0.49803922 0.101960786 0.019607844 0.02745098 0.16470589 0.105882354 0.0 0.007843138 0.003921569 0.003921569
0.54901963 0.58431375 0.63529414 0.654902 0.7058824 0.9137255 0.84705883 0.627451 0.4627451 0.4862745 0.69411767 0.87058824 0.8235294 0.7411765 0.79607844 0.62352943 0.6784314 0.5803922 0.6392157 0.6509804 0.6509804 0.70980394 0.4117647 0.2627451 0.09019608 0.14901961 0.11372549 0.015686275 0.007843138 0.007843138 0.003921569 0.003921569
0.56078434 0.5764706 0.61960787 0.6392157 0.7372549 0.8862745 0.89411765 0.9490196 0.81960785 0.58431375 0.36078432 0.4627451 0.54509807 0.5686275 0.7921569 0.5019608 0.7490196 0.5058824 0.49019608 0.6156863 0.7058824 0.6313726 0.4392157 0.46666667 0.27058825 0.24705882 0.07058824 0.0 0.015686275 0.019607844 0.003921569 0.003921569
0.5411765 0.54901963 0.5803922 0.6039216 0.88235295 0.90588236 0.49803922 0.58431375 0.8745098 0.9137255 0.78039217 0.6509804 0.53333336 0.4 0.42352942 0.28235295 0.54901963 0.3137255 0.3529412 0.62352943 0.7294118 0.54901963 0.43137255 0.654902 0.40784314 0.16862746 0.03529412 0.007843138 0.007843138 0.007843138 0.003921569 0.003921569
0.52156866 0.54509807 0.5686275 0.5529412 0.85490197 0.8352941 0.43137255 0.16470589 0.36862746 0.6627451 0.8784314 0.89411765 0.8039216 0.75686276 0.6666667 0.58431375 0.54901963 0.5176471 0.57254905 0.6509804 0.6745098 0.4745098 0.40392157 0.6392157 0.25490198 0.02745098 0.011764706 0.011764706 0.003921569 0.003921569 0.003921569 0.003921569
0.5019608 0.5137255 0.5254902 0.50980395 0.7137255 0.8901961 0.68235296 0.5176471 0.46666667 0.4745098 0.5921569 0.69411767 0.62352943 0.67058825 0.69411767 0.74509805 0.77254903 0.8117647 0.7490196 0.68235296 0.6039216 0.4 0.56078434 0.6039216 0.105882354 0.0 0.003921569 0.003921569 0.003921569 0.003921569 0.003921569 0.003921569
0.4745098 0.49019608 0.4862745 0.49803922 0.47843137 0.8117647 0.8156863 0.6627451 0.7490196 0.6431373 0.5176471 0.54901963 0.5019608 0.5019608 0.6 0.7921569 0.6392157 0.73333335 0.68235296 0.65882355 0.5647059 0.32156864 0.63529414 0.54509807 0.05490196 0.0 0.003921569 0.003921569 0.003921569 0.003921569 0.003921569 0.003921569
0.44705883 0.46666667 0.46666667 0.49411765 0.44705883 0.47843137 0.8117647 0.84705883 0.7647059 0.75686276 0.6901961 0.6313726 0.5176471 0.50980395 0.5803922 0.67058825 0.5647059 0.64705884 0.59607846 0.59607846 0.49411765 0.2509804 0.6862745 0.44705883 0.011764706 0.007843138 0.003921569 0.003921569 0.003921569 0.003921569 0.003921569 0.003921569
0.4392157 0.45490196 0.4627451 0.47843137 0.4862745 0.3764706 0.40392157 0.7607843 0.87058824 0.77254903 0.7019608 0.6431373 0.53333336 0.40392157 0.49803922 0.6627451 0.61960787 0.54901963 0.54509807 0.5686275 0.42745098 0.16470589 0.5254902 0.23529412 0.0 0.007843138 0.003921569 0.003921569 0.003921569 0.003921569 0.003921569 0.003921569
0.42745098 0.43529412 0.4392157 0.4392157 0.45882353 0.45882353 0.32156864 0.28235295 0.5921569 0.8901961 0.8235294 0.6901961 0.59607846 0.41960785 0.45490196 0.72156864 0.70980394 0.6431373 0.63529414 0.5686275 0.40784314 0.07450981 0.101960786 0.03137255 0.003921569 0.003921569 0.003921569 0.003921569 0.003921569 0.003921569 0.003921569 0.003921569
0.3764706 0.39215687 0.40392157 0.41568628 0.44313726 0.4627451 0.41568628 0.28627452 0.12941177 0.30980393 0.61960787 0.7647059 0.7529412 0.7176471 0.7019608 0.7176471 0.73333335 0.73333335 0.57254905 0.5411765 0.3372549 0.019607844 0.003921569 0.0 0.0 0.003921569 0.003921569 0.003921569 0.003921569 0.003921569 0.003921569 0.003921569
0.3254902 0.3529412 0.38431373 0.40392157 0.41960785 0.41960785 0.41960785 0.35686275 0.20784314 0.06666667 0.101960786 0.3137255 0.5254902 0.67058825 0.7529412 0.76862746 0.7372549 0.5921569 0.40784314 0.2509804 0.11764706 0.003921569 0.003921569 0.003921569 0.003921569 0.003921569 0.003921569 0.003921569 0.003921569 0.003921569 0.003921569 0.003921569
0.2901961 0.3254902 0.36078432 0.3882353 0.3882353 0.36862746 0.35686275 0.3254902 0.2627451 0.20392157 0.105882354 0.02745098 0.03137255 0.12941177 0.30980393 0.5137255 0.56078434 0.41568628 0.1764706 0.019607844 0.0 0.007843138 0.007843138 0.011764706 0.015686275 0.007843138 0.003921569 0.003921569 0.003921569 0.003921569 0.003921569 0.003921569
0.23921569 0.27058825 0.30980393 0.34117648 0.34117648 0.30980393 0.27450982 0.23921569 0.23529412 0.23137255 0.19607843 0.1254902 0.050980393 0.023529412 0.015686275 0.039215688 0.101960786 0.07058824 0.019607844 0.007843138 0.003921569 0.003921569 0.003921569 0.003921569 0.007843138 0.003921569 0.003921569 0.003921569 0.003921569 0.003921569 0.003921569 0.003921569
0.19607843 0.21960784 0.2509804 0.26666668 0.2627451 0.22745098 0.19607843 0.19215687 0.22745098 0.22745098 0.1882353 0.14117648 0.1254902 0.105882354 0.05882353 0.019607844 0.007843138 0.015686275 0.015686275 0.003921569 0.0 0.003921569 0.003921569 0.003921569 0.003921569 0.003921569 0.003921569 0.003921569 0.003921569 0.003921569 0.003921569 0.003921569
0.15294118 0.17254902 0.19215687 0.19215687 0.18039216 0.15294118 0.13725491 0.16862746 0.22745098 0.18431373 0.14117648 0.13333334 0.14117648 0.11372549 0.0627451 0.039215688 0.02745098 0.02745098 0.019607844 0.003921569 0.0 0.003921569 0.003921569 0.003921569 0.003921569 0.003921569 0.003921569 0.003921569 0.003921569 0.003921569 0.003921569 0.003921569
29 15 1
20 7 1
28 11 1
25 23 1
20 4 2
29 16 0
25 7 1
20 7 0
10 30 1
29 16 1
26 8 0
29 15 0
16 14 2
8 18 0
25 6 1
25 23 2
16 11 2
16 5 2
25 6 0
25 7 0
2 28 1
26 7 1
28 11 0
10 29 1
25 22 1
16 16 2
28 19 0
18 7 1
2 27 1
27 10 1
27 9 1
29 13 1
28 19 1
20 6 0
2 28 0
11 18 2
25 24 1
22 25 2
15 10 2
27 9 0
8 5 0
12 16 2
23 5 1
9 12 2
14 15 2
20 6 1
24 7 2
18 15 0
22 5 2
8 12 2
