32, 32, 3, 50
0.99607843 0.9843137 0.99215686 0.9882353 0.98039216 0.9882353 0.9882353 0.99607843 1.0 1.0 1.0 0.99607843 1.0 1.0 1.0 1.0 1.0 1.0 1.0 1.0 1.0 1.0 1.0 1.0 1.0 1.0 1.0 1.0 1.0 1.0 1.0 1.0
0.9764706 0.9647059 0.96862745 0.96862745 0.9607843 0.96862745 0.96862745 0.972549 0.9764706 0.9764706 0.9843137 0.9843137 0.9882353 0.9843137 0.99215686 0.99607843 0.99607843 0.99607843 0.99607843 0.99607843 0.99607843 0.99607843 0.99607843 0.99607843 0.99607843 0.99607843 0.99607843 0.9882353 0.9882353 0.9882353 0.9843137 1.0
0.9647059 0.9529412 0.9607843 0.9647059 0.9607843 0.96862745 0.96862745 0.972549 0.9764706 0.9764706 0.9882353 0.9882353 0.9882353 0.9843137 0.99215686 0.99607843 0.99607843 0.99607843 0.99607843 0.99607843 0.99607843 0.99607843 0.99607843 0.99607843 0.99607843 0.99607843 0.99607843 0.9882353 0.9882353 0.9882353 0.9843137 1.0
0.95686275 0.94509804 0.9490196 0.95686275 0.95686275 0.9607843 0.9647059 0.96862745 0.972549 0.972549 0.98039216 0.98039216 0.9843137 0.9882353 0.99215686 0.99215686 0.99215686 0.9882353 0.9882353 0.9882353 0.9882353 0.9882353 0.9882353 0.9882353 0.9882353 0.9882353 0.99215686 0.9882353 0.9882353 0.9882353 0.9882353 1.0
0.9490196 0.9372549 0.94509804 0.95686275 0.95686275 0.95686275 0.9607843 0.9647059 0.972549 0.9764706 0.98039216 0.9764706 0.9843137 0.9882353 0.9882353 0.9882353 0.9882353 0.9843137 0.9843137 0.9843137 0.9843137 0.9843137 0.9843137 0.9882353 0.9882353 0.9882353 0.9882353 0.9882353 0.9882353 0.9882353 0.9843137 1.0
0.94509804 0.9372549 0.94509804 0.9529412 0.9490196 0.95686275 0.9647059 0.96862745 0.9647059 0.9647059 0.972549 0.9764706 0.98039216 0.9843137 0.98039216 0.98039216 0.98039216 0.9764706 0.972549 0.972549 0.9882353 1.0 0.99607843 0.9843137 0.9843137 0.9843137 0.9882353 0.9882353 0.9882353 0.9882353 0.9843137 0.99607843
0.94509804 0.9372549 0.9411765 0.94509804 0.94509804 0.9529412 0.9647059 0.9647059 0.9647059 0.9607843 0.96862745 0.972549 0.9764706 0.9764706 0.98039216 0.98039216 0.98039216 0.972549 0.9843137 0.98039216 0.9254902 0.87058824 0.8901961 0.96862745 0.99215686 0.9843137 0.99215686 0.9882353 0.9882353 0.9882353 0.9882353 0.99607843
0.9372549 0.93333334 0.9411765 0.94509804 0.94509804 0.9490196 0.95686275 0.9607843 0.9607843 0.9607843 0.9647059 0.9647059 0.9764706 0.98039216 0.96862745 0.9607843 0.972549 0.99607843 0.8666667 0.5882353 0.3647059 0.25882354 0.33333334 0.5411765 0.85882354 0.9882353 0.972549 0.98039216 0.98039216 0.9764706 0.9764706 0.9882353
0.93333334 0.92941177 0.9411765 0.9411765 0.9372549 0.9411765 0.9529412 0.95686275 0.9607843 0.9607843 0.9607843 0.9607843 0.96862745 0.96862745 0.9647059 0.9607843 0.92156863 0.81960785 0.41568628 0.105882354 0.06666667 0.101960786 0.09803922 0.06666667 0.43137255 0.9254902 0.972549 0.96862745 0.96862745 0.96862745 0.9647059 0.9843137
0.92941177 0.9254902 0.93333334 0.9254902 0.91764706 0.9254902 0.9411765 0.94509804 0.9529412 0.9529412 0.95686275 0.95686275 0.9490196 0.94509804 0.8862745 0.6666667 0.5058824 0.3137255 0.23529412 0.2627451 0.28627452 0.3882353 0.27058825 0.043137256 0.11372549 0.5882353 0.98039216 0.9607843 0.9607843 0.9647059 0.9647059 0.98039216
0.9254902 0.92156863 0.93333334 0.9254902 0.9137255 0.92156863 0.92941177 0.92941177 0.93333334 0.9411765 0.9411765 0.9372549 0.9529412 0.8156863 0.41960785 0.22745098 0.21960784 0.16470589 0.15294118 0.29411766 0.45882353 0.62352943 0.6039216 0.13333334 0.47058824 0.8392157 0.9607843 0.9647059 0.9647059 0.9647059 0.9647059 0.98039216
0.92941177 0.91764706 0.9254902 0.92156863 0.91764706 0.92156863 0.92156863 0.92156863 0.91764706 0.92156863 0.9098039 0.9372549 0.84705883 0.39607844 0.20784314 0.23921569 0.28235295 0.25882354 0.14901961 0.08627451 0.27058825 0.5137255 0.6 0.3137255 0.8352941 1.0 0.96862745 0.96862745 0.96862745 0.9647059 0.9647059 0.9843137
0.9411765 0.92156863 0.92156863 0.92156863 0.91764706 0.91764706 0.91764706 0.9137255 0.90588236 0.9019608 0.9254902 0.7529412 0.40784314 0.2509804 0.2 0.25882354 0.25490198 0.23921569 0.3137255 0.2901961 0.32941177 0.37254903 0.41960785 0.5137255 0.9372549 0.972549 0.96862745 0.9647059 0.9647059 0.9647059 0.9607843 0.9843137
0.94509804 0.92941177 0.92941177 0.9254902 0.91764706 0.91764706 0.9137255 0.90588236 0.90588236 0.93333334 0.75686276 0.3254902 0.22352941 0.20392157 0.17254902 0.22745098 0.24313726 0.27058825 0.41568628 0.3647059 0.41568628 0.3764706 0.3764706 0.7607843 0.972549 0.9647059 0.9647059 0.9607843 0.95686275 0.9607843 0.95686275 0.9764706
0.94509804 0.92941177 0.93333334 0.92941177 0.92156863 0.92156863 0.91764706 0.92156863 0.92941177 0.7294118 0.3372549 0.3019608 0.32941177 0.21960784 0.19607843 0.20392157 0.18431373 0.14509805 0.16862746 0.4117647 0.53333336 0.5019608 0.7411765 0.9529412 0.9647059 0.9647059 0.9607843 0.95686275 0.9529412 0.95686275 0.9529412 0.972549
0.9411765 0.92941177 0.93333334 0.92941177 0.92156863 0.92156863 0.92156863 0.89411765 0.6627451 0.2509804 0.25882354 0.29411766 0.19215687 0.1254902 0.23137255 0.2509804 0.33333334 0.41568628 0.49803922 0.5411765 0.49411765 0.6862745 0.972549 0.9647059 0.9647059 0.9647059 0.95686275 0.9490196 0.9490196 0.9490196 0.9490196 0.96862745
0.9372549 0.92941177 0.93333334 0.93333334 0.92941177 0.9372549 0.84705883 0.5294118 0.3137255 0.15686275 0.17254902 0.20784314 0.22745098 0.25490198 0.40784314 0.48235294 0.48235294 0.47058824 0.47058824 0.43529412 0.5529412 0.8980392 0.972549 0.9607843 0.9647059 0.9607843 0.9529412 0.9490196 0.9490196 0.9490196 0.94509804 0.9647059
0.9411765 0.92941177 0.93333334 0.93333334 0.9372549 0.9411765 0.8862745 0.7607843 0.7176471 0.29411766 0.16470589 0.29803923 0.5137255 0.4509804 0.3882353 0.39607844 0.38039216 0.36078432 0.36078432 0.5294118 0.84705883 0.9764706 0.9607843 0.9607843 0.9647059 0.9607843 0.95686275 0.9529412 0.9529412 0.9490196 0.94509804 0.9647059
0.9411765 0.93333334 0.93333334 0.9372549 0.9411765 0.9411765 0.93333334 0.96862745 0.8392157 0.32941177 0.18039216 0.22745098 0.39607844 0.34509805 0.2509804 0.25882354 0.2784314 0.2627451 0.38039216 0.8235294 0.972549 0.9607843 0.9607843 0.9607843 0.9647059 0.9647059 0.9607843 0.95686275 0.95686275 0.9529412 0.9490196 0.9607843
0.9411765 0.92941177 0.93333334 0.93333334 0.93333334 0.92941177 0.93333334 0.8901961 0.54901963 0.2509804 0.3372549 0.6313726 0.85490197 0.83137256 0.5176471 0.2 0.11372549 0.25882354 0.30980393 0.5411765 0.9137255 0.96862745 0.95686275 0.95686275 0.95686275 0.95686275 0.95686275 0.9529412 0.9490196 0.94509804 0.9372549 0.94509804
0.9411765 0.93333334 0.93333334 0.92941177 0.92156863 0.92941177 0.9019608 0.5058824 0.2 0.38431373 0.8352941 0.9490196 0.94509804 0.8392157 0.39607844 0.21960784 0.05882353 0.12156863 0.23137255 0.31764707 0.7490196 0.9882353 0.9529412 0.9490196 0.9490196 0.9490196 0.94509804 0.9372549 0.92941177 0.9254902 0.92156863 0.93333334
0.9411765 0.9254902 0.92941177 0.92941177 0.92941177 0.9137255 0.5058824 0.23137255 0.36862746 0.81960785 0.9372549 0.90588236 0.92941177 0.7411765 0.25882354 0.3882353 0.07450981 0.019607844 0.27450982 0.43529412 0.54509807 0.92941177 0.9411765 0.93333334 0.9372549 0.9372549 0.93333334 0.92156863 0.9137255 0.9098039 0.9098039 0.91764706
0.9372549 0.92156863 0.92156863 0.93333334 0.89411765 0.48235294 0.20392157 0.3254902 0.7372549 0.9411765 0.91764706 0.9098039 0.92156863 0.654902 0.13333334 0.4117647 0.12941177 0.003921569 0.15294118 0.49411765 0.6901961 0.8980392 0.92941177 0.9254902 0.92156863 0.92156863 0.9137255 0.90588236 0.9019608 0.9019608 0.89411765 0.90588236
0.9254902 0.9137255 0.9254902 0.85882354 0.4627451 0.1764706 0.20392157 0.6156863 0.92156863 0.9137255 0.91764706 0.9098039 0.9137255 0.60784316 0.06666667 0.36078432 0.17254902 0.015686275 0.0627451 0.36078432 0.7254902 0.9137255 0.9137255 0.9098039 0.9098039 0.9098039 0.8980392 0.8901961 0.89411765 0.89411765 0.8862745 0.9019608
0.89411765 0.8901961 0.90588236 0.7882353 0.48235294 0.30588236 0.43137255 0.85882354 0.9098039 0.8980392 0.89411765 0.88235295 0.8862745 0.5803922 0.047058824 0.31764707 0.2627451 0.02745098 0.043137256 0.2784314 0.64705884 0.8901961 0.8862745 0.8901961 0.8901961 0.89411765 0.8901961 0.8862745 0.8862745 0.8901961 0.8862745 0.9019608
0.8627451 0.85490197 0.85490197 0.85882354 0.85490197 0.7411765 0.8 0.8784314 0.8666667 0.8627451 0.8627451 0.8666667 0.87058824 0.48235294 0.02745098 0.23529412 0.34117648 0.03137255 0.007843138 0.1882353 0.5176471 0.827451 0.87058824 0.8666667 0.87058824 0.8745098 0.8784314 0.8745098 0.87058824 0.87058824 0.87058824 0.8901961
0.84313726 0.827451 0.83137256 0.8352941 0.8392157 0.85882354 0.85490197 0.84705883 0.8392157 0.8392157 0.84313726 0.85490197 0.8392157 0.3764706 0.023529412 0.15294118 0.38039216 0.05490196 0.05882353 0.15294118 0.45882353 0.73333335 0.8627451 0.85490197 0.85882354 0.8627451 0.87058824 0.8666667 0.8627451 0.8627451 0.85882354 0.87058824
0.8352941 0.8235294 0.8235294 0.8235294 0.81960785 0.8235294 0.8235294 0.827451 0.827451 0.8235294 0.83137256 0.8392157 0.8117647 0.32156864 0.02745098 0.105882354 0.36862746 0.16470589 0.24313726 0.14901961 0.42745098 0.62352943 0.84705883 0.8509804 0.8509804 0.8627451 0.8745098 0.87058824 0.8627451 0.8666667 0.8627451 0.8666667
0.8352941 0.81960785 0.8235294 0.81960785 0.8117647 0.8156863 0.81960785 0.8235294 0.8235294 0.81960785 0.8235294 0.8352941 0.7921569 0.3137255 0.03529412 0.07450981 0.31764707 0.2627451 0.101960786 0.007843138 0.13333334 0.4745098 0.76862746 0.827451 0.8392157 0.85490197 0.8666667 0.8666667 0.8666667 0.8627451 0.85882354 0.8627451
0.8235294 0.8117647 0.8156863 0.8156863 0.8156863 0.81960785 0.81960785 0.81960785 0.81960785 0.81960785 0.8235294 0.8352941 0.75686276 0.24313726 0.05490196 0.06666667 0.19607843 0.22352941 0.043137256 0.023529412 0.0 0.13725491 0.6313726 0.8039216 0.8117647 0.8392157 0.84313726 0.8352941 0.83137256 0.827451 0.83137256 0.85882354
0.79607844 0.7882353 0.7882353 0.7921569 0.79607844 0.79607844 0.79607844 0.8 0.8039216 0.8039216 0.80784315 0.8235294 0.72156864 0.18431373 0.05490196 0.05882353 0.10980392 0.14117648 0.023529412 0.019607844 0.003921569 0.015686275 0.49019608 0.7882353 0.7882353 0.8156863 0.81960785 0.8117647 0.8 0.79607844 0.80784315 0.8392157
0.76862746 0.7490196 0.7490196 0.7529412 0.75686276 0.75686276 0.75686276 0.7607843 0.76862746 0.77254903 0.7764706 0.8 0.6862745 0.14901961 0.05490196 0.0627451 0.09803922 0.11372549 0.007843138 0.043137256 0.047058824 0.011764706 0.41960785 0.78039217 0.78039217 0.7921569 0.8 0.7921569 0.78039217 0.78039217 0.7921569 0.8156863
0.9647059 0.9529412 0.9607843 0.9647059 0.9764706 0.9843137 0.9843137 0.99215686 1.0 1.0 0.99607843 0.99607843 1.0 1.0 1.0 1.0 1.0 1.0 1.0 1.0 1.0 1.0 1.0 1.0 1.0 1.0 1.0 1.0 1.0 1.0 1.0 1.0
0.94509804 0.93333334 0.9372549 0.94509804 0.95686275 0.9647059 0.9647059 0.96862745 0.9764706 0.9764706 0.9843137 0.9843137 0.9882353 0.9843137 0.99215686 0.99607843 0.99607843 0.99607843 0.99607843 0.99607843 0.99607843 0.99607843 0.99607843 0.99607843 0.99607843 0.99607843 0.99607843 0.9882353 0.9882353 0.9882353 0.9843137 1.0
0.93333334 0.92156863 0.92941177 0.9411765 0.95686275 0.9647059 0.9647059 0.96862745 0.9764706 0.9764706 0.9882353 0.9882353 0.9882353 0.9843137 0.99215686 0.99607843 0.99607843 0.99607843 0.99607843 0.99607843 0.99607843 0.99607843 0.99607843 0.99607843 0.99607843 0.99607843 0.99607843 0.9882353 0.9882353 0.9882353 0.9843137 1.0
0.9372549 0.92156863 0.92941177 0.94509804 0.9529412 0.95686275 0.9607843 0.9647059 0.96862745 0.972549 0.98039216 0.98039216 0.9843137 0.9882353 0.99215686 0.99215686 0.99215686 0.9882353 0.9882353 0.9882353 0.99215686 0.99215686 0.99215686 0.99215686 0.9882353 0.9882353 0.99215686 0.9882353 0.9882353 0.9882353 0.9882353 1.0
0.93333334 0.92156863 0.92941177 0.94509804 0.9529412 0.9529412 0.95686275 0.9607843 0.96862745 0.9764706 0.98039216 0.9764706 0.9843137 0.9882353 0.9882353 0.9882353 0.9882353 0.9843137 0.9843137 0.9843137 0.9882353 0.99215686 0.9882353 0.9882353 0.9882353 0.9882353 0.9882353 0.9882353 0.9882353 0.9882353 0.9843137 1.0
0.92941177 0.92156863 0.92941177 0.9411765 0.94509804 0.9529412 0.9607843 0.9647059 0.9647059 0.9647059 0.972549 0.9764706 0.98039216 0.9843137 0.98039216 0.98039216 0.98039216 0.9764706 0.972549 0.972549 0.9882353 1.0 0.99607843 0.9843137 0.9843137 0.9843137 0.9882353 0.9882353 0.9882353 0.9882353 0.9843137 0.99607843
0.92941177 0.92156863 0.9254902 0.93333334 0.9411765 0.9490196 0.9607843 0.9607843 0.9607843 0.9607843 0.96862745 0.972549 0.9764706 0.98039216 0.9764706 0.98039216 0.9764706 0.9764706 0.9843137 0.98039216 0.92156863 0.8666667 0.8862745 0.96862745 0.99215686 0.9843137 0.99215686 0.9882353 0.9882353 0.9882353 0.9882353 0.99607843
0.9137255 0.9098039 0.91764706 0.92941177 0.9372549 0.94509804 0.9529412 0.9529412 0.9607843 0.9607843 0.9607843 0.9647059 0.96862745 0.972549 0.9764706 0.972549 0.9764706 0.98039216 0.84705883 0.5764706 0.36078432 0.25490198 0.3254902 0.5372549 0.85490197 0.9843137 0.972549 0.9764706 0.9764706 0.9764706 0.972549 0.9843137
0.8980392 0.89411765 0.90588236 0.91764706 0.92941177 0.93333334 0.94509804 0.9490196 0.95686275 0.95686275 0.95686275 0.95686275 0.9647059 0.9647059 0.98039216 0.96862745 0.89411765 0.7607843 0.35686275 0.06666667 0.039215688 0.08627451 0.08235294 0.0627451 0.43137255 0.9137255 0.9647059 0.9647059 0.9647059 0.9647059 0.9607843 0.98039216
0.89411765 0.8901961 0.8980392 0.9019608 0.9098039 0.91764706 0.93333334 0.9372549 0.94509804 0.9490196 0.9490196 0.9529412 0.95686275 0.972549 0.88235295 0.6156863 0.40784314 0.21568628 0.15686275 0.2 0.23529412 0.34901962 0.2509804 0.043137256 0.11764706 0.5803922 0.972549 0.95686275 0.95686275 0.9607843 0.9607843 0.9764706
0.8901961 0.8862745 0.89411765 0.9019608 0.90588236 0.9137255 0.92156863 0.92156863 0.9254902 0.92941177 0.93333334 0.92941177 0.9490196 0.8 0.36078432 0.12941177 0.12156863 0.08235294 0.08235294 0.23921569 0.41960785 0.5921569 0.58431375 0.13333334 0.47843137 0.83137256 0.9529412 0.9607843 0.9607843 0.9607843 0.9607843 0.9764706
0.89411765 0.88235295 0.8901961 0.8980392 0.9098039 0.9137255 0.9137255 0.9137255 0.9098039 0.9098039 0.8980392 0.93333334 0.8235294 0.31764707 0.101960786 0.13333334 0.20392157 0.19215687 0.09019608 0.050980393 0.25490198 0.5019608 0.5803922 0.30980393 0.8392157 1.0 0.9607843 0.9647059 0.9647059 0.9607843 0.9607843 0.98039216
0.90588236 0.8862745 0.8862745 0.8901961 0.8980392 0.8980392 0.8980392 0.89411765 0.8901961 0.8862745 0.90588236 0.7372549 0.36862746 0.17254902 0.101960786 0.15294118 0.13725491 0.13725491 0.23921569 0.24313726 0.3019608 0.35686275 0.40392157 0.5019608 0.92941177 0.96862745 0.96862745 0.9607843 0.9607843 0.9607843 0.95686275 0.98039216
0.9098039 0.89411765 0.89411765 0.89411765 0.8980392 0.8980392 0.89411765 0.8862745 0.8784314 0.8901961 0.68235296 0.22352941 0.11372549 0.10980392 0.07058824 0.11764706 0.12941177 0.18431373 0.36078432 0.32156864 0.38039216 0.3529412 0.3647059 0.7529412 0.96862745 0.9607843 0.9607843 0.95686275 0.9529412 0.95686275 0.9529412 0.972549
0.9098039 0.89411765 0.8980392 0.8980392 0.9019608 0.9019608 0.8980392 0.9019608 0.9019608 0.6784314 0.24313726 0.16862746 0.19607843 0.12941177 0.10980392 0.12156863 0.10980392 0.09803922 0.13725491 0.3764706 0.49803922 0.4745098 0.73333335 0.9490196 0.9607843 0.9607843 0.95686275 0.9529412 0.9490196 0.9529412 0.9490196 0.96862745
0.90588236 0.89411765 0.8980392 0.8980392 0.9019608 0.8980392 0.9019608 0.8745098 0.6509804 0.22352941 0.19607843 0.20784314 0.101960786 0.05882353 0.17254902 0.20392157 0.3019608 0.39215687 0.46666667 0.50980395 0.45882353 0.6627451 0.972549 0.9607843 0.9607843 0.9607843 0.9529412 0.94509804 0.94509804 0.94509804 0.94509804 0.9647059
0.9019608 0.89411765 0.8980392 0.8980392 0.89411765 0.9019608 0.8117647 0.49803922 0.2901961 0.12941177 0.1254902 0.14509805 0.16862746 0.20784314 0.33333334 0.4117647 0.4392157 0.42745098 0.42352942 0.3882353 0.50980395 0.87058824 0.96862745 0.95686275 0.9607843 0.95686275 0.9490196 0.94509804 0.94509804 0.94509804 0.9411765 0.9607843
0.90588236 0.89411765 0.8980392 0.8980392 0.9019608 0.90588236 0.8509804 0.7254902 0.68235296 0.25490198 0.11764706 0.24313726 0.45882353 0.4 0.30980393 0.3137255 0.32156864 0.30588236 0.3137255 0.49411765 0.8235294 0.9647059 0.95686275 0.95686275 0.9607843 0.95686275 0.9490196 0.9490196 0.9490196 0.94509804 0.9411765 0.9607843
0.90588236 0.8980392 0.8980392 0.9019608 0.90588236 0.90588236 0.8980392 0.93333334 0.7882353 0.27450982 0.13333334 0.18039216 0.3529412 0.29411766 0.2 0.21176471 0.22745098 0.2 0.32156864 0.7882353 0.9607843 0.95686275 0.95686275 0.95686275 0.9607843 0.9607843 0.95686275 0.9490196 0.9490196 0.94509804 0.9411765 0.9529412
0.90588236 0.8980392 0.8980392 0.8980392 0.8980392 0.89411765 0.8980392 0.85490197 0.4862745 0.18431373 0.28627452 0.59607846 0.8235294 0.8039216 0.5176471 0.20392157 0.09019608 0.17254902 0.21176471 0.4745098 0.88235295 0.95686275 0.9529412 0.9529412 0.9529412 0.9529412 0.9529412 0.94509804 0.9411765 0.9372549 0.92941177 0.9372549
0.9019608 0.89411765 0.8980392 0.89411765 0.8862745 0.89411765 0.87058824 0.47058824 0.14901961 0.33333334 0.79607844 0.9254902 0.92941177 0.8352941 0.40784314 0.23529412 0.07450981 0.08235294 0.17254902 0.27058825 0.7019608 0.9529412 0.92941177 0.92941177 0.92941177 0.92941177 0.92941177 0.92156863 0.9137255 0.9098039 0.90588236 0.92156863
0.9019608 0.8901961 0.89411765 0.8901961 0.89411765 0.8784314 0.47058824 0.19607843 0.32941177 0.7764706 0.9098039 0.8862745 0.9137255 0.7372549 0.2627451 0.40392157 0.09803922 0.03137255 0.2784314 0.4392157 0.5294118 0.8901961 0.90588236 0.9019608 0.9019608 0.90588236 0.90588236 0.9019608 0.89411765 0.8901961 0.8901961 0.8980392
0.9019608 0.8862745 0.8862745 0.8980392 0.85882354 0.44705883 0.16862746 0.2901961 0.6901961 0.89411765 0.88235295 0.8862745 0.90588236 0.64705884 0.14117648 0.42745098 0.15294118 0.019607844 0.18431373 0.54901963 0.7058824 0.87058824 0.8901961 0.8862745 0.8862745 0.8862745 0.8862745 0.8862745 0.88235295 0.8784314 0.8745098 0.88235295
0.88235295 0.8745098 0.8862745 0.8235294 0.42745098 0.14117648 0.16862746 0.5803922 0.8745098 0.8627451 0.8784314 0.88235295 0.89411765 0.6 0.07450981 0.3764706 0.19215687 0.023529412 0.105882354 0.44313726 0.7490196 0.8745098 0.87058824 0.87058824 0.87058824 0.87058824 0.8666667 0.8666667 0.87058824 0.87058824 0.8627451 0.8784314
0.84705883 0.84313726 0.85882354 0.74509805 0.44313726 0.26666668 0.39215687 0.8156863 0.8666667 0.85490197 0.8627451 0.85882354 0.8666667 0.5764706 0.05882353 0.3372549 0.28627452 0.043137256 0.09411765 0.3647059 0.6784314 0.85882354 0.85490197 0.85882354 0.8627451 0.8666667 0.8666667 0.8627451 0.8666667 0.8666667 0.8627451 0.8745098
0.8156863 0.80784315 0.80784315 0.8117647 0.80784315 0.69411767 0.7529412 0.83137256 0.8352941 0.8392157 0.8352941 0.8392157 0.8509804 0.48235294 0.043137256 0.25882354 0.37254903 0.05882353 0.05882353 0.26666668 0.5686275 0.83137256 0.85882354 0.85490197 0.85882354 0.8666667 0.8627451 0.85490197 0.8509804 0.8509804 0.8509804 0.85882354
0.7921569 0.78039217 0.78039217 0.7882353 0.7921569 0.8117647 0.80784315 0.8 0.8039216 0.8117647 0.8156863 0.827451 0.81960785 0.3764706 0.043137256 0.1764706 0.40784314 0.09019608 0.11372549 0.22352941 0.50980395 0.7490196 0.8509804 0.84313726 0.84705883 0.8509804 0.85490197 0.84705883 0.84313726 0.84313726 0.8392157 0.84705883
0.78431374 0.77254903 0.77254903 0.77254903 0.77254903 0.7764706 0.7764706 0.78039217 0.7882353 0.79607844 0.8 0.80784315 0.7882353 0.32156864 0.047058824 0.1254902 0.39215687 0.21176471 0.30588236 0.20784314 0.49019608 0.65882355 0.83137256 0.8352941 0.8392157 0.8509804 0.85882354 0.8509804 0.84313726 0.84705883 0.84313726 0.85490197
0.78431374 0.76862746 0.77254903 0.76862746 0.7647059 0.76862746 0.77254903 0.7764706 0.78039217 0.78431374 0.7882353 0.79607844 0.7647059 0.3137255 0.05490196 0.09803922 0.34117648 0.31764707 0.16078432 0.047058824 0.18039216 0.5137255 0.7607843 0.8156863 0.8235294 0.8392157 0.84705883 0.84705883 0.84705883 0.84705883 0.84705883 0.85882354
0.77254903 0.7647059 0.76862746 0.76862746 0.76862746 0.76862746 0.77254903 0.77254903 0.76862746 0.77254903 0.7764706 0.78431374 0.72156864 0.23921569 0.05490196 0.08235294 0.23137255 0.2784314 0.08627451 0.043137256 0.019607844 0.17254902 0.6509804 0.80784315 0.79607844 0.8117647 0.8156863 0.8156863 0.8156863 0.8235294 0.83137256 0.85490197
0.7490196 0.7411765 0.74509805 0.74509805 0.7490196 0.7529412 0.7529412 0.7529412 0.75686276 0.7607843 0.7647059 0.7764706 0.69411767 0.18431373 0.050980393 0.07450981 0.14509805 0.1882353 0.0627451 0.043137256 0.02745098 0.03529412 0.5176471 0.79607844 0.77254903 0.78431374 0.7882353 0.7882353 0.78431374 0.7921569 0.80784315 0.83137256
0.7294118 0.7137255 0.7137255 0.7176471 0.72156864 0.72156864 0.72156864 0.7254902 0.73333335 0.7372549 0.74509805 0.7647059 0.6666667 0.15294118 0.050980393 0.07450981 0.12941177 0.14509805 0.03529412 0.07450981 0.0627451 0.019607844 0.44313726 0.7882353 0.7647059 0.7607843 0.7647059 0.7647059 0.7647059 0.7764706 0.7882353 0.80784315
1.0 0.99607843 1.0 1.0 1.0 1.0 1.0 1.0 1.0 1.0 1.0 0.99607843 1.0 1.0 1.0 1.0 1.0 1.0 1.0 1.0 1.0 1.0 1.0 1.0 1.0 1.0 1.0 1.0 1.0 1.0 1.0 1.0
0.9882353 0.9764706 0.98039216 0.9843137 0.98039216 0.9882353 0.9882353 0.99215686 0.9843137 0.9764706 0.9843137 0.9843137 0.9882353 0.9843137 0.99215686 0.99607843 0.99607843 0.99607843 0.99607843 0.99607843 0.99607843 0.99607843 0.99607843 0.99607843 0.99607843 0.99607843 0.99607843 0.9882353 0.9882353 0.9882353 0.9843137 1.0
0.9764706 0.9647059 0.972549 0.98039216 0.98039216 0.9882353 0.9882353 0.99215686 0.98039216 0.9764706 0.9882353 0.9882353 0.9882353 0.9843137 0.99215686 0.99607843 0.99607843 0.99607843 0.99607843 0.99607843 0.99607843 0.99607843 0.99607843 0.99607843 0.99607843 0.99607843 0.99607843 0.9882353 0.9882353 0.9882353 0.9843137 1.0
0.9843137 0.972549 0.9764706 0.9843137 0.9843137 0.9843137 0.9882353 0.99215686 0.98039216 0.9764706 0.9843137 0.9843137 0.9882353 0.9882353 0.99215686 0.99215686 0.99215686 0.99215686 0.9882353 0.98039216 0.972549 0.96862745 0.96862745 0.9764706 0.9843137 0.99215686 0.99215686 0.9882353 0.9882353 0.9882353 0.9882353 1.0
0.99215686 0.9764706 0.9843137 0.99215686 0.9843137 0.9843137 0.9882353 0.99215686 0.9843137 0.98039216 0.9882353 0.9843137 0.9882353 0.9882353 0.9882353 0.9882353 0.9882353 0.99215686 0.9843137 0.9764706 0.96862745 0.9647059 0.9647059 0.972549 0.9843137 0.99215686 0.99215686 0.9882353 0.9882353 0.9882353 0.9843137 1.0
0.9843137 0.9764706 0.9843137 0.9882353 0.98039216 0.9843137 0.99215686 0.99215686 0.98039216 0.972549 0.98039216 0.9843137 0.9882353 0.9843137 0.98039216 0.98039216 0.98039216 0.9764706 0.972549 0.972549 0.9882353 1.0 0.99215686 0.9843137 0.9843137 0.9843137 0.9882353 0.9882353 0.9882353 0.9882353 0.9843137 0.99607843
0.9843137 0.9764706 0.98039216 0.98039216 0.972549 0.98039216 0.99215686 0.9882353 0.9764706 0.96862745 0.9764706 0.98039216 0.9843137 0.9764706 0.9764706 0.98039216 0.9764706 0.96862745 0.9843137 0.9882353 0.9411765 0.8901961 0.90588236 0.98039216 0.99607843 0.98039216 0.9882353 0.9882353 0.9882353 0.9882353 0.9882353 0.99607843
0.98039216 0.972549 0.9843137 0.9843137 0.9764706 0.9843137 0.99215686 0.99215686 0.9764706 0.96862745 0.972549 0.972549 0.9764706 0.9764706 0.972549 0.972549 0.98039216 0.9882353 0.85490197 0.5921569 0.38431373 0.28235295 0.36078432 0.5803922 0.8862745 0.99215686 0.9764706 0.9882353 0.9882353 0.9882353 0.9843137 0.99607843
0.98039216 0.9764706 0.9882353 0.9882353 0.98039216 0.9843137 0.99607843 0.99607843 0.9843137 0.9764706 0.9764706 0.9764706 0.9843137 0.9843137 0.9882353 0.972549 0.90588236 0.78431374 0.3882353 0.105882354 0.09019608 0.13333334 0.1254902 0.14117648 0.49803922 0.9411765 0.98039216 0.9882353 0.9882353 0.9882353 0.9843137 1.0
0.9764706 0.972549 0.98039216 0.972549 0.9607843 0.96862745 0.9843137 0.9882353 0.9843137 0.9843137 0.9843137 0.9882353 0.99215686 1.0 0.90588236 0.6313726 0.41960785 0.23529412 0.19607843 0.26666668 0.32941177 0.44313726 0.3137255 0.11372549 0.1764706 0.6039216 0.9882353 0.98039216 0.98039216 0.9843137 0.9843137 1.0
0.972549 0.96862745 0.98039216 0.96862745 0.95686275 0.9647059 0.972549 0.972549 0.98039216 0.9882353 0.9882353 0.9843137 0.99607843 0.8392157 0.4 0.16078432 0.14117648 0.101960786 0.12156863 0.29411766 0.49411765 0.68235296 0.6745098 0.2 0.5137255 0.84705883 0.96862745 0.9843137 0.9843137 0.9843137 0.9843137 1.0
0.9764706 0.9647059 0.972549 0.96862745 0.9647059 0.96862745 0.96862745 0.96862745 0.9764706 0.9843137 0.96862745 1.0 0.8745098 0.34901962 0.14509805 0.18431373 0.24313726 0.23137255 0.12941177 0.078431375 0.28235295 0.5568628 0.68235296 0.3764706 0.8666667 1.0 0.9843137 0.9882353 0.9882353 0.9843137 0.9843137 1.0
0.9882353 0.96862745 0.96862745 0.972549 0.972549 0.972549 0.972549 0.972549 0.98039216 0.9764706 0.98039216 0.79607844 0.40392157 0.18039216 0.1254902 0.19215687 0.1882353 0.21176471 0.29803923 0.27058825 0.34117648 0.41960785 0.4862745 0.56078434 0.9607843 0.9843137 0.9843137 0.9843137 0.9843137 0.9843137 0.98039216 1.0
0.99607843 0.9764706 0.9764706 0.9764706 0.9764706 0.9764706 0.972549 0.96862745 0.98039216 0.9882353 0.7529412 0.2627451 0.12941177 0.10980392 0.08235294 0.14117648 0.16470589 0.22745098 0.4 0.36862746 0.45490196 0.4392157 0.42745098 0.7921569 0.99607843 0.98039216 0.98039216 0.98039216 0.9764706 0.98039216 0.9764706 0.99607843
0.99215686 0.9764706 0.98039216 0.98039216 0.98039216 0.98039216 0.9764706 0.98039216 0.98039216 0.7490196 0.28627452 0.18431373 0.2 0.13725491 0.12941177 0.14901961 0.14117648 0.1254902 0.18039216 0.4509804 0.5882353 0.54901963 0.7647059 0.9764706 0.9843137 0.98039216 0.98039216 0.9764706 0.972549 0.9764706 0.972549 0.99215686
0.9882353 0.9764706 0.98039216 0.98039216 0.98039216 0.9764706 0.9764706 0.9490196 0.6862745 0.24313726 0.21176471 0.21176471 0.11372549 0.09411765 0.21568628 0.25490198 0.34901962 0.4392157 0.5411765 0.6 0.5372549 0.7058824 0.9843137 0.98039216 0.98039216 0.9843137 0.9764706 0.96862745 0.96862745 0.96862745 0.96862745 0.9882353
0.9843137 0.9764706 0.98039216 0.98039216 0.9764706 0.9843137 0.8901961 0.57254905 0.34117648 0.16078432 0.15686275 0.17254902 0.2 0.25882354 0.42352942 0.5137255 0.5254902 0.5137255 0.50980395 0.46666667 0.5686275 0.90588236 0.9882353 0.98039216 0.9843137 0.98039216 0.972549 0.96862745 0.96862745 0.96862745 0.9647059 0.9843137
0.9882353 0.9764706 0.98039216 0.98039216 0.9843137 0.9843137 0.9254902 0.8 0.74509805 0.30980393 0.16470589 0.28627452 0.49803922 0.4509804 0.39607844 0.4117647 0.4 0.38039216 0.38431373 0.54901963 0.8666667 0.99607843 0.98039216 0.98039216 0.9843137 0.98039216 0.98039216 0.9843137 0.98039216 0.9764706 0.972549 0.99215686
0.9882353 0.98039216 0.98039216 0.9843137 0.9882353 0.9882353 0.98039216 1.0 0.8627451 0.34509805 0.19215687 0.22745098 0.39607844 0.3529412 0.27450982 0.28235295 0.2784314 0.24705882 0.3764706 0.8392157 1.0 0.9882353 0.98039216 0.98039216 0.9843137 0.9843137 0.99215686 0.99607843 0.99215686 0.99215686 0.9843137 1.0
0.9882353 0.9764706 0.98039216 0.98039216 0.98039216 0.9764706 0.98039216 0.93333334 0.57254905 0.26666668 0.3529412 0.6509804 0.8784314 0.88235295 0.6 0.27058825 0.13333334 0.21568628 0.25882354 0.5254902 0.92941177 0.99215686 0.9764706 0.9764706 0.9764706 0.98039216 0.99215686 0.99607843 0.99215686 0.9882353 0.98039216 0.99215686
0.99215686 0.9843137 0.9843137 0.98039216 0.96862745 0.9764706 0.9490196 0.54901963 0.22745098 0.40392157 0.85882354 0.98039216 0.9882353 0.9019608 0.48235294 0.31764707 0.10980392 0.105882354 0.21960784 0.3254902 0.7607843 0.99607843 0.972549 0.96862745 0.96862745 0.972549 0.9882353 0.99215686 0.9843137 0.98039216 0.9764706 0.99215686
0.98039216 0.96862745 0.972549 0.972549 0.9764706 0.9607843 0.5529412 0.2784314 0.40392157 0.84313726 0.9764706 0.9529412 0.9843137 0.79607844 0.3137255 0.4862745 0.13333334 0.047058824 0.33333334 0.5137255 0.60784316 0.95686275 0.972549 0.9647059 0.96862745 0.96862745 0.9843137 0.9882353 0.98039216 0.9764706 0.9764706 0.9843137
0.9764706 0.9607843 0.9607843 0.972549 0.9372549 0.5294118 0.2509804 0.37254903 0.78039217 0.9843137 0.972549 0.972549 0.99607843 0.7176471 0.18039216 0.49803922 0.19607843 0.047058824 0.23921569 0.6313726 0.80784315 0.9647059 0.9764706 0.96862745 0.96862745 0.96862745 0.9764706 0.98039216 0.9764706 0.9764706 0.96862745 0.98039216
0.9843137 0.9764706 0.9882353 0.9137255 0.5058824 0.21960784 0.2509804 0.6627451 0.98039216 0.9764706 0.9882353 0.9882353 1.0 0.6784314 0.09803922 0.43137255 0.24313726 0.047058824 0.14117648 0.50980395 0.85490197 0.99215686 0.972549 0.972549 0.972549 0.972549 0.972549 0.972549 0.9764706 0.972549 0.96862745 0.9843137
0.9843137 0.9764706 0.99215686 0.8666667 0.5529412 0.3764706 0.5019608 0.92941177 0.9843137 0.972549 0.9764706 0.96862745 0.9843137 0.6627451 0.09019608 0.39607844 0.33333334 0.043137256 0.10980392 0.41960785 0.76862746 0.972549 0.972549 0.972549 0.972549 0.972549 0.9764706 0.9764706 0.98039216 0.98039216 0.9764706 0.9843137
0.96862745 0.95686275 0.95686275 0.9607843 0.9607843 0.84705883 0.9098039 0.9843137 0.9607843 0.9490196 0.9490196 0.9529412 0.96862745 0.57254905 0.08235294 0.3254902 0.41960785 0.07058824 0.09019608 0.34117648 0.6666667 0.9411765 0.98039216 0.96862745 0.9647059 0.9607843 0.96862745 0.972549 0.96862745 0.96862745 0.96862745 0.9843137
0.95686275 0.9411765 0.9411765 0.94509804 0.9490196 0.96862745 0.9647059 0.95686275 0.94509804 0.9411765 0.9490196 0.9607843 0.9529412 0.45882353 0.0627451 0.23529412 0.47843137 0.14901961 0.1882353 0.31764707 0.63529414 0.8862745 0.98039216 0.96862745 0.9607843 0.95686275 0.96862745 0.9647059 0.9607843 0.9607843 0.9607843 0.9843137
0.95686275 0.9411765 0.94509804 0.9372549 0.92941177 0.93333334 0.93333334 0.9372549 0.94509804 0.94509804 0.9529412 0.9607843 0.9372549 0.4 0.047058824 0.1764706 0.49019608 0.3137255 0.40392157 0.30588236 0.60784316 0.8039216 0.9764706 0.96862745 0.9647059 0.96862745 0.972549 0.96862745 0.9607843 0.9647059 0.9647059 0.9843137
0.9647059 0.9490196 0.9490196 0.9411765 0.92156863 0.92941177 0.93333334 0.9372549 0.94509804 0.9490196 0.9529412 0.9607843 0.92156863 0.39607844 0.047058824 0.13333334 0.44313726 0.42745098 0.24705882 0.11764706 0.27058825 0.6431373 0.9098039 0.9607843 0.9607843 0.9647059 0.96862745 0.96862745 0.96862745 0.96862745 0.9647059 0.972549
0.95686275 0.9411765 0.9490196 0.94509804 0.9372549 0.9372549 0.9411765 0.9411765 0.9411765 0.9411765 0.94509804 0.95686275 0.8784314 0.32941177 0.0627451 0.078431375 0.28627452 0.36862746 0.13725491 0.0627451 0.05882353 0.25490198 0.7882353 0.9647059 0.95686275 0.95686275 0.95686275 0.9529412 0.9529412 0.95686275 0.9647059 0.9882353
0.9372549 0.9254902 0.92941177 0.92941177 0.9254902 0.9254902 0.92941177 0.92941177 0.93333334 0.9372549 0.9372549 0.9529412 0.84705883 0.26666668 0.07450981 0.08235294 0.1882353 0.24313726 0.08627451 0.043137256 0.03529412 0.09019608 0.6392157 0.9529412 0.9411765 0.94509804 0.9411765 0.9372549 0.92941177 0.9372549 0.9490196 0.9764706
0.92941177 0.9098039 0.9098039 0.9098039 0.90588236 0.90588236 0.90588236 0.9098039 0.91764706 0.92156863 0.92941177 0.9490196 0.81960785 0.22352941 0.08235294 0.09803922 0.16862746 0.18431373 0.05882353 0.078431375 0.07058824 0.050980393 0.54901963 0.9372549 0.9372549 0.92941177 0.92941177 0.9254902 0.92156863 0.92941177 0.9411765 0.9647059
30 23 2
29 11 2
30 23 0
24 2 2
23 20 2
29 23 2
30 19 0
28 12 2
28 14 1
22 1 2
24 1 2
31 21 1
25 21 2
22 2 1
20 2 2
30 12 2
6 24 1
30 13 1
30 23 1
20 1 2
11 26 1
31 21 0
26 6 2
20 4 1
10 26 2
25 7 2
28 14 0
16 1 2
30 11 1
23 21 2
25 6 2
11 26 2
28 25 2
18 2 2
6 24 2
10 13 1
19 0 2
21 23 0
13 31 2
28 8 2
19 1 2
21 9 2
30 19 2
14 18 1
30 31 2
2 28 0
20 13 2
29 19 1
15 1 2
31 21 2
