32, 32, 3, 50
0.49411765 0.50980395 0.53333336 0.5019608 0.4862745 0.48235294 0.44313726 0.5019608 0.53333336 0.57254905 0.58431375 0.59607846 0.5294118 0.4627451 0.4862745 0.5137255 0.49411765 0.4862745 0.4745098 0.46666667 0.5647059 0.5058824 0.45490196 0.5137255 0.4509804 0.44705883 0.45490196 0.42352942 0.48235294 0.40392157 0.4745098 0.5294118
0.5803922 0.53333336 0.5137255 0.52156866 0.57254905 0.47843137 0.50980395 0.54901963 0.54509807 0.5254902 0.5568628 0.57254905 0.5764706 0.50980395 0.5137255 0.5019608 0.49411765 0.45882353 0.54509807 0.5529412 0.5019608 0.49019608 0.47843137 0.5058824 0.54901963 0.50980395 0.44705883 0.45490196 0.5764706 0.5254902 0.5529412 0.5019608
0.5921569 0.6 0.5647059 0.50980395 0.5058824 0.4745098 0.5372549 0.60784316 0.65882355 0.53333336 0.4745098 0.5019608 0.53333336 0.4392157 0.44705883 0.41960785 0.41568628 0.4627451 0.49411765 0.4862745 0.43137255 0.4862745 0.50980395 0.5254902 0.53333336 0.5058824 0.44313726 0.49411765 0.54901963 0.5254902 0.49803922 0.49411765
0.5568628 0.5921569 0.53333336 0.59607846 0.4862745 0.50980395 0.6039216 0.5411765 0.5764706 0.5372549 0.48235294 0.4745098 0.48235294 0.4 0.19215687 0.21568628 0.41960785 0.5686275 0.4745098 0.44313726 0.5254902 0.44705883 0.5019608 0.49411765 0.45882353 0.5058824 0.49411765 0.5058824 0.5254902 0.4509804 0.42745098 0.5254902
0.5686275 0.5372549 0.5647059 0.6117647 0.5137255 0.5254902 0.6 0.6039216 0.54901963 0.56078434 0.5137255 0.4627451 0.49411765 0.35686275 0.12156863 0.13333334 0.35686275 0.54901963 0.4862745 0.5019608 0.56078434 0.42352942 0.5058824 0.53333336 0.5058824 0.50980395 0.47058824 0.4509804 0.5176471 0.41960785 0.45490196 0.5058824
0.5647059 0.5372549 0.5254902 0.56078434 0.4627451 0.4627451 0.5019608 0.5294118 0.4862745 0.5137255 0.5372549 0.5137255 0.5176471 0.29803923 0.11372549 0.12156863 0.2901961 0.4509804 0.5137255 0.4862745 0.5058824 0.50980395 0.49019608 0.5019608 0.50980395 0.5019608 0.45882353 0.49803922 0.47843137 0.41568628 0.49803922 0.5137255
0.4509804 0.4627451 0.46666667 0.5019608 0.47843137 0.41960785 0.43529412 0.41960785 0.4117647 0.42745098 0.5686275 0.5058824 0.5254902 0.34117648 0.12941177 0.16862746 0.37254903 0.5176471 0.52156866 0.4627451 0.49411765 0.5254902 0.49411765 0.43137255 0.43529412 0.5176471 0.49411765 0.49019608 0.5294118 0.5254902 0.46666667 0.4627451
0.4392157 0.44313726 0.47843137 0.48235294 0.43529412 0.40392157 0.42352942 0.4509804 0.49411765 0.4745098 0.4862745 0.42352942 0.5137255 0.37254903 0.1882353 0.4627451 0.6666667 0.57254905 0.50980395 0.4627451 0.5294118 0.5254902 0.49019608 0.50980395 0.5254902 0.5058824 0.4745098 0.48235294 0.47058824 0.4627451 0.4627451 0.42352942
0.4392157 0.45490196 0.5019608 0.4392157 0.42745098 0.40784314 0.42745098 0.39215687 0.44313726 0.48235294 0.45882353 0.3647059 0.4392157 0.37254903 0.40392157 0.6117647 0.6117647 0.5294118 0.47843137 0.4117647 0.5411765 0.53333336 0.4627451 0.5254902 0.5254902 0.40392157 0.41960785 0.47843137 0.43137255 0.30980393 0.38039216 0.37254903
0.5019608 0.5568628 0.45882353 0.43529412 0.42745098 0.40392157 0.43137255 0.40392157 0.44705883 0.45490196 0.5411765 0.47843137 0.41960785 0.45882353 0.6 0.62352943 0.5803922 0.52156866 0.4117647 0.34117648 0.41568628 0.43529412 0.42352942 0.47843137 0.4862745 0.38431373 0.37254903 0.45882353 0.4 0.3137255 0.28627452 0.29411766
0.4509804 0.42352942 0.40392157 0.46666667 0.44313726 0.42352942 0.43137255 0.42352942 0.45490196 0.4627451 0.5176471 0.5019608 0.41568628 0.52156866 0.6039216 0.65882355 0.6509804 0.58431375 0.44313726 0.36862746 0.34901962 0.4509804 0.4392157 0.41568628 0.42745098 0.43137255 0.3647059 0.3529412 0.35686275 0.3529412 0.35686275 0.32156864
0.3882353 0.4117647 0.48235294 0.4745098 0.48235294 0.4509804 0.47843137 0.42352942 0.38039216 0.3882353 0.45490196 0.5137255 0.4745098 0.5254902 0.5803922 0.654902 0.6509804 0.68235296 0.5647059 0.42745098 0.45882353 0.4745098 0.40392157 0.32156864 0.3372549 0.43137255 0.43137255 0.34117648 0.34117648 0.42352942 0.3882353 0.30980393
0.41960785 0.3882353 0.4392157 0.44313726 0.42745098 0.41568628 0.45490196 0.35686275 0.36078432 0.3764706 0.3882353 0.5019608 0.5568628 0.56078434 0.5764706 0.62352943 0.64705884 0.7176471 0.6392157 0.42745098 0.42745098 0.42352942 0.44705883 0.38039216 0.3882353 0.39215687 0.37254903 0.37254903 0.3764706 0.45882353 0.38431373 0.3137255
0.38039216 0.40784314 0.44313726 0.4 0.44705883 0.40392157 0.43529412 0.34509805 0.38039216 0.38039216 0.29803923 0.47058824 0.54901963 0.58431375 0.6039216 0.627451 0.654902 0.7019608 0.6862745 0.4627451 0.3882353 0.3647059 0.45882353 0.45490196 0.41960785 0.41960785 0.36862746 0.38431373 0.39215687 0.4117647 0.41568628 0.3764706
0.40392157 0.4117647 0.34901962 0.38431373 0.43137255 0.42352942 0.46666667 0.41960785 0.4117647 0.37254903 0.34117648 0.5176471 0.4862745 0.5411765 0.61960787 0.6666667 0.67058825 0.70980394 0.69803923 0.52156866 0.44705883 0.39215687 0.4392157 0.47058824 0.44705883 0.45882353 0.39607844 0.38039216 0.36078432 0.36078432 0.34509805 0.24705882
0.37254903 0.39215687 0.40392157 0.4117647 0.32941177 0.39607844 0.4117647 0.34901962 0.34509805 0.3137255 0.41568628 0.53333336 0.47058824 0.52156866 0.6313726 0.6666667 0.63529414 0.6392157 0.67058825 0.5058824 0.43137255 0.41568628 0.44705883 0.5019608 0.41960785 0.40784314 0.41568628 0.41568628 0.41960785 0.33333334 0.29411766 0.30980393
0.4 0.40392157 0.4117647 0.34117648 0.34509805 0.39607844 0.40392157 0.31764707 0.29411766 0.30980393 0.5058824 0.6392157 0.6039216 0.5647059 0.6156863 0.6039216 0.5411765 0.5568628 0.5568628 0.41960785 0.43137255 0.42352942 0.45882353 0.49019608 0.41568628 0.38431373 0.40784314 0.40392157 0.38039216 0.31764707 0.34117648 0.3647059
0.45882353 0.4 0.35686275 0.28235295 0.31764707 0.37254903 0.3254902 0.28627452 0.28235295 0.31764707 0.4117647 0.54901963 0.69411767 0.67058825 0.6117647 0.48235294 0.43529412 0.49411765 0.4862745 0.45490196 0.43137255 0.40784314 0.50980395 0.50980395 0.49803922 0.44705883 0.4509804 0.3882353 0.3647059 0.38039216 0.42745098 0.43529412
0.47843137 0.47058824 0.42352942 0.34901962 0.40392157 0.35686275 0.30588236 0.3882353 0.36078432 0.25882354 0.16078432 0.19607843 0.26666668 0.34509805 0.4627451 0.44313726 0.49803922 0.49803922 0.39607844 0.4862745 0.40392157 0.45490196 0.5764706 0.56078434 0.54901963 0.48235294 0.4509804 0.42745098 0.39607844 0.4392157 0.4627451 0.41960785
0.5058824 0.50980395 0.53333336 0.48235294 0.4627451 0.40392157 0.3882353 0.34509805 0.36862746 0.34117648 0.1254902 0.11372549 0.1254902 0.11764706 0.31764707 0.4509804 0.57254905 0.5176471 0.4392157 0.5529412 0.5372549 0.5058824 0.5529412 0.50980395 0.49411765 0.4509804 0.41568628 0.43137255 0.3882353 0.3529412 0.39607844 0.38431373
0.5019608 0.47843137 0.49411765 0.5019608 0.5058824 0.4509804 0.36078432 0.33333334 0.41568628 0.40392157 0.2 0.16862746 0.16078432 0.16862746 0.43137255 0.44705883 0.5294118 0.47058824 0.5294118 0.62352943 0.5019608 0.44705883 0.44313726 0.3764706 0.43137255 0.44313726 0.39215687 0.4862745 0.47058824 0.39607844 0.34117648 0.3372549
0.45490196 0.45882353 0.5176471 0.45882353 0.45882353 0.44705883 0.3647059 0.36078432 0.43137255 0.39607844 0.32156864 0.22745098 0.2 0.28627452 0.34117648 0.27058825 0.39607844 0.4745098 0.49019608 0.49019608 0.4862745 0.5058824 0.3882353 0.3764706 0.45882353 0.46666667 0.43137255 0.42745098 0.5058824 0.5254902 0.40392157 0.3529412
0.40392157 0.4 0.4392157 0.41568628 0.45490196 0.46666667 0.4117647 0.3764706 0.47058824 0.40392157 0.3882353 0.42745098 0.38039216 0.39607844 0.29411766 0.34901962 0.4392157 0.4392157 0.4509804 0.47058824 0.52156866 0.49019608 0.40784314 0.49019608 0.39607844 0.38431373 0.34509805 0.35686275 0.43137255 0.50980395 0.4117647 0.3647059
0.4117647 0.3882353 0.43529412 0.4392157 0.41960785 0.4392157 0.46666667 0.46666667 0.4627451 0.4392157 0.4392157 0.5019608 0.52156866 0.45490196 0.43529412 0.45882353 0.49803922 0.45490196 0.4627451 0.47058824 0.4117647 0.44313726 0.44313726 0.4 0.34509805 0.36078432 0.40784314 0.40392157 0.41568628 0.41960785 0.4 0.4117647
0.39607844 0.3764706 0.4117647 0.41960785 0.36862746 0.3882353 0.4392157 0.44705883 0.3764706 0.43529412 0.43529412 0.42745098 0.4392157 0.43529412 0.4745098 0.45490196 0.4745098 0.41960785 0.41960785 0.46666667 0.4509804 0.45882353 0.42352942 0.43137255 0.4 0.40784314 0.45490196 0.45490196 0.41568628 0.3647059 0.3882353 0.36078432
0.3764706 0.35686275 0.3882353 0.42745098 0.42352942 0.42352942 0.4509804 0.39215687 0.3019608 0.4 0.42352942 0.38431373 0.36862746 0.3764706 0.40784314 0.41568628 0.4117647 0.39607844 0.4392157 0.49803922 0.4509804 0.43529412 0.47058824 0.52156866 0.4392157 0.41960785 0.44313726 0.38431373 0.3882353 0.45490196 0.41960785 0.39607844
0.32156864 0.3372549 0.39215687 0.4 0.41960785 0.41960785 0.39215687 0.35686275 0.37254903 0.4 0.40784314 0.39215687 0.42352942 0.42352942 0.41960785 0.40392157 0.35686275 0.42352942 0.49019608 0.50980395 0.52156866 0.4745098 0.4627451 0.47058824 0.45882353 0.4117647 0.42352942 0.41960785 0.3647059 0.41568628 0.3647059 0.3647059
0.33333334 0.34509805 0.33333334 0.33333334 0.3764706 0.35686275 0.3882353 0.36078432 0.41960785 0.47058824 0.39215687 0.35686275 0.38431373 0.44705883 0.41960785 0.37254903 0.35686275 0.40392157 0.39607844 0.3764706 0.4117647 0.40784314 0.42352942 0.45490196 0.3764706 0.3764706 0.38431373 0.36078432 0.3764706 0.34509805 0.34509805 0.3764706
0.34901962 0.35686275 0.35686275 0.41568628 0.33333334 0.30980393 0.38431373 0.34117648 0.3372549 0.4117647 0.39215687 0.37254903 0.37254903 0.30980393 0.34509805 0.36078432 0.32156864 0.30980393 0.29411766 0.29411766 0.3254902 0.3137255 0.4117647 0.39607844 0.28235295 0.30980393 0.36078432 0.3019608 0.3882353 0.38431373 0.3372549 0.34509805
0.34117648 0.29803923 0.26666668 0.34117648 0.32156864 0.3647059 0.38431373 0.30588236 0.3137255 0.33333334 0.32156864 0.34117648 0.34509805 0.25490198 0.27058825 0.29411766 0.22745098 0.27450982 0.28627452 0.3019608 0.3254902 0.34117648 0.44705883 0.36078432 0.31764707 0.3764706 0.3882353 0.3529412 0.3882353 0.38431373 0.3137255 0.3019608
0.27450982 0.21960784 0.23529412 0.2901961 0.25882354 0.35686275 0.36078432 0.34117648 0.3254902 0.34901962 0.31764707 0.34117648 0.3647059 0.36862746 0.4 0.2901961 0.18039216 0.2627451 0.3372549 0.3764706 0.29803923 0.38431373 0.5137255 0.39607844 0.3882353 0.40392157 0.38431373 0.3529412 0.33333334 0.3764706 0.35686275 0.30588236
0.2784314 0.23529412 0.2627451 0.2784314 0.27450982 0.36862746 0.29803923 0.27450982 0.31764707 0.3137255 0.31764707 0.34117648 0.3764706 0.44705883 0.40392157 0.31764707 0.29803923 0.34509805 0.30980393 0.42745098 0.40392157 0.35686275 0.40392157 0.3764706 0.40392157 0.43137255 0.40784314 0.39215687 0.38431373 0.38039216 0.39215687 0.40392157
0.5529412 0.57254905 0.59607846 0.5372549 0.5254902 0.54509807 0.5058824 0.54901963 0.5647059 0.59607846 0.6117647 0.6392157 0.57254905 0.53333336 0.5529412 0.5647059 0.5568628 0.54509807 0.5372549 0.53333336 0.63529414 0.5647059 0.5294118 0.5647059 0.49411765 0.50980395 0.5372549 0.5176471 0.5803922 0.4745098 0.5058824 0.5803922
0.6117647 0.5803922 0.5803922 0.54901963 0.5921569 0.5529412 0.54901963 0.5647059 0.59607846 0.5647059 0.5529412 0.6 0.6117647 0.5647059 0.5647059 0.54509807 0.56078434 0.5137255 0.5647059 0.5764706 0.56078434 0.5137255 0.5254902 0.54509807 0.5764706 0.5647059 0.5137255 0.5137255 0.63529414 0.5803922 0.5882353 0.5568628
0.6392157 0.6509804 0.6117647 0.54509807 0.54509807 0.54509807 0.57254905 0.63529414 0.7176471 0.58431375 0.5176471 0.5647059 0.5882353 0.4745098 0.4627451 0.4117647 0.3529412 0.47843137 0.53333336 0.5254902 0.49019608 0.5372549 0.5686275 0.5647059 0.5803922 0.5647059 0.49411765 0.5372549 0.627451 0.6 0.5372549 0.5176471
0.5882353 0.6313726 0.6039216 0.62352943 0.52156866 0.5686275 0.62352943 0.5764706 0.6431373 0.59607846 0.54901963 0.5568628 0.5647059 0.42745098 0.2 0.18039216 0.20392157 0.5019608 0.5372549 0.5019608 0.5647059 0.5294118 0.5529412 0.53333336 0.5137255 0.5647059 0.56078434 0.5764706 0.5882353 0.5294118 0.49803922 0.5568628
0.6 0.5764706 0.627451 0.61960787 0.5372549 0.57254905 0.6156863 0.6117647 0.5921569 0.6 0.5529412 0.52156866 0.57254905 0.3882353 0.12156863 0.12941177 0.20784314 0.4862745 0.5529412 0.5411765 0.59607846 0.5176471 0.5686275 0.5921569 0.56078434 0.58431375 0.5411765 0.5294118 0.5764706 0.50980395 0.5529412 0.5764706
0.6 0.5764706 0.5686275 0.58431375 0.48235294 0.48235294 0.5294118 0.5529412 0.52156866 0.5411765 0.5647059 0.5372549 0.5411765 0.30588236 0.10980392 0.11764706 0.2784314 0.44705883 0.5372549 0.5176471 0.54509807 0.5686275 0.54901963 0.5647059 0.5647059 0.57254905 0.49803922 0.5411765 0.54509807 0.5019608 0.5921569 0.5803922
0.4745098 0.4862745 0.49411765 0.54509807 0.50980395 0.44313726 0.4509804 0.43529412 0.42745098 0.43137255 0.5411765 0.4862745 0.5254902 0.34117648 0.12156863 0.18039216 0.4 0.5176471 0.5176471 0.4745098 0.5176471 0.53333336 0.5137255 0.4745098 0.4862745 0.5647059 0.5176471 0.5254902 0.5686275 0.5921569 0.5137255 0.49803922
0.45882353 0.4627451 0.50980395 0.49803922 0.44705883 0.41960785 0.4392157 0.4627451 0.5137255 0.48235294 0.44313726 0.38431373 0.5137255 0.36862746 0.15686275 0.39607844 0.5921569 0.5294118 0.5137255 0.44705883 0.56078434 0.52156866 0.5058824 0.54901963 0.57254905 0.5411765 0.4862745 0.5137255 0.49803922 0.5019608 0.49411765 0.44705883
0.46666667 0.49411765 0.53333336 0.4509804 0.4392157 0.4117647 0.43529412 0.4 0.4627451 0.49803922 0.44705883 0.3529412 0.44313726 0.32941177 0.27450982 0.3882353 0.34509805 0.35686275 0.43137255 0.38431373 0.5529412 0.5254902 0.47843137 0.5372549 0.5372549 0.41960785 0.43137255 0.49803922 0.44705883 0.3254902 0.38431373 0.3764706
0.52156866 0.5803922 0.47058824 0.4509804 0.43137255 0.40784314 0.44313726 0.40392157 0.44705883 0.45882353 0.5568628 0.47843137 0.4117647 0.35686275 0.39215687 0.39607844 0.34509805 0.3254902 0.35686275 0.33333334 0.39607844 0.4117647 0.42745098 0.49019608 0.49803922 0.40392157 0.4 0.4862745 0.42352942 0.3137255 0.2784314 0.3137255
0.4627451 0.42745098 0.41568628 0.49803922 0.44705883 0.43137255 0.4392157 0.4 0.43137255 0.46666667 0.53333336 0.48235294 0.32941177 0.36078432 0.4 0.45490196 0.4509804 0.37254903 0.38431373 0.38431373 0.31764707 0.4392157 0.4627451 0.45882353 0.47058824 0.46666667 0.39215687 0.4 0.3764706 0.3529412 0.3647059 0.34901962
0.41568628 0.42745098 0.50980395 0.50980395 0.5019608 0.4509804 0.4627451 0.37254903 0.34117648 0.3882353 0.42745098 0.41568628 0.33333334 0.3529412 0.39607844 0.4509804 0.40392157 0.44705883 0.45490196 0.41960785 0.4 0.42745098 0.39607844 0.3529412 0.38039216 0.44705883 0.4392157 0.3764706 0.34901962 0.41568628 0.39607844 0.3372549
0.45882353 0.41568628 0.49019608 0.47843137 0.43529412 0.42352942 0.43529412 0.3137255 0.3254902 0.34509805 0.3019608 0.3529412 0.39215687 0.34509805 0.3529412 0.39607844 0.39607844 0.47843137 0.4627451 0.36078432 0.37254903 0.3764706 0.41960785 0.36862746 0.38431373 0.3647059 0.3529412 0.38431373 0.3647059 0.47843137 0.40392157 0.34117648
0.40392157 0.43137255 0.4862745 0.43529412 0.4509804 0.42745098 0.44313726 0.33333334 0.3764706 0.37254903 0.22352941 0.31764707 0.36862746 0.36078432 0.34901962 0.38431373 0.42745098 0.4862745 0.5019608 0.3882353 0.3647059 0.34509805 0.41960785 0.42352942 0.40784314 0.39215687 0.3529412 0.3882353 0.36862746 0.41568628 0.43137255 0.40392157
0.43529412 0.42745098 0.3647059 0.4 0.45882353 0.4627451 0.47843137 0.42352942 0.43137255 0.38039216 0.2509804 0.34509805 0.2901961 0.30588236 0.35686275 0.43137255 0.47058824 0.52156866 0.56078434 0.4392157 0.4509804 0.4117647 0.42745098 0.4509804 0.44313726 0.44705883 0.41960785 0.39215687 0.37254903 0.39215687 0.38039216 0.27450982
0.44313726 0.44313726 0.4392157 0.44313726 0.39215687 0.46666667 0.44705883 0.3764706 0.4 0.3254902 0.2901961 0.3372549 0.24313726 0.26666668 0.3647059 0.42745098 0.44313726 0.45490196 0.5764706 0.4117647 0.44705883 0.45490196 0.4509804 0.47843137 0.41960785 0.4117647 0.4392157 0.43137255 0.44313726 0.38039216 0.3372549 0.34509805
0.47843137 0.45490196 0.46666667 0.4117647 0.42745098 0.48235294 0.47058824 0.3764706 0.37254903 0.32156864 0.38431373 0.49803922 0.42352942 0.3137255 0.3372549 0.3529412 0.34901962 0.37254903 0.46666667 0.35686275 0.4745098 0.4862745 0.48235294 0.47843137 0.4 0.38431373 0.3882353 0.39215687 0.4 0.32941177 0.3529412 0.36862746
0.5058824 0.43137255 0.42352942 0.3764706 0.40784314 0.4509804 0.4 0.3529412 0.36862746 0.34117648 0.36862746 0.48235294 0.6117647 0.48235294 0.34901962 0.2509804 0.23921569 0.3137255 0.36862746 0.4117647 0.47843137 0.45882353 0.53333336 0.5019608 0.46666667 0.44705883 0.4509804 0.3882353 0.36078432 0.34901962 0.4 0.41568628
0.5137255 0.49411765 0.44313726 0.40392157 0.47058824 0.43137255 0.4117647 0.46666667 0.41568628 0.2627451 0.14509805 0.16862746 0.23529412 0.25882354 0.27058825 0.23529412 0.32156864 0.38039216 0.32156864 0.43529412 0.4 0.43137255 0.56078434 0.54509807 0.5176471 0.5058824 0.5176471 0.46666667 0.40784314 0.39607844 0.41568628 0.4
0.52156866 0.53333336 0.5529412 0.50980395 0.48235294 0.4627451 0.47843137 0.43137255 0.44705883 0.38039216 0.1254902 0.11372549 0.11372549 0.105882354 0.20784314 0.2901961 0.4392157 0.44705883 0.4117647 0.49803922 0.5137255 0.4862745 0.5411765 0.49019608 0.4745098 0.5058824 0.49019608 0.49411765 0.43529412 0.38431373 0.41960785 0.42352942
0.5019608 0.48235294 0.5294118 0.5411765 0.5411765 0.5254902 0.44705883 0.41960785 0.49803922 0.47058824 0.22745098 0.16862746 0.16078432 0.15686275 0.32156864 0.3137255 0.41568628 0.40392157 0.5019608 0.59607846 0.5137255 0.47843137 0.4627451 0.38431373 0.4509804 0.5176471 0.44313726 0.52156866 0.5137255 0.46666667 0.41568628 0.4
0.5294118 0.5411765 0.5921569 0.5254902 0.5372549 0.5372549 0.44705883 0.44313726 0.49411765 0.4745098 0.37254903 0.23921569 0.23137255 0.2784314 0.29411766 0.23529412 0.34901962 0.4627451 0.5254902 0.53333336 0.50980395 0.5411765 0.41960785 0.4117647 0.5137255 0.5372549 0.49803922 0.49019608 0.56078434 0.56078434 0.45882353 0.42352942
0.50980395 0.5137255 0.53333336 0.49411765 0.5254902 0.5254902 0.47058824 0.4509804 0.5294118 0.47058824 0.4509804 0.46666667 0.39215687 0.3882353 0.29803923 0.38431373 0.4745098 0.47843137 0.49803922 0.5137255 0.54509807 0.52156866 0.41568628 0.5176471 0.4627451 0.44313726 0.42352942 0.43137255 0.49803922 0.5529412 0.48235294 0.46666667
0.5137255 0.49411765 0.5294118 0.52156866 0.49803922 0.5058824 0.49803922 0.5254902 0.5411765 0.5137255 0.5294118 0.5568628 0.54901963 0.5019608 0.48235294 0.52156866 0.56078434 0.5137255 0.5254902 0.53333336 0.45882353 0.49803922 0.46666667 0.42745098 0.3882353 0.42352942 0.4745098 0.46666667 0.48235294 0.4862745 0.4627451 0.45490196
0.5019608 0.4862745 0.5058824 0.5058824 0.4627451 0.47843137 0.5019608 0.50980395 0.4627451 0.5294118 0.53333336 0.5176471 0.53333336 0.53333336 0.5529412 0.5176471 0.5372549 0.4862745 0.49803922 0.53333336 0.5254902 0.5372549 0.48235294 0.45882353 0.45490196 0.47843137 0.5176471 0.52156866 0.5019608 0.42352942 0.43529412 0.39215687
0.47843137 0.47843137 0.4862745 0.49803922 0.4862745 0.49411765 0.5411765 0.47058824 0.3647059 0.48235294 0.50980395 0.48235294 0.48235294 0.4862745 0.49019608 0.47843137 0.4745098 0.4627451 0.50980395 0.5686275 0.5254902 0.49803922 0.54509807 0.6 0.5058824 0.47843137 0.5294118 0.47058824 0.45882353 0.5137255 0.48235294 0.47058824
0.42352942 0.4509804 0.50980395 0.49411765 0.49019608 0.4862745 0.47843137 0.44705883 0.45490196 0.49803922 0.5019608 0.49411765 0.5058824 0.5019608 0.49411765 0.4745098 0.42745098 0.49019608 0.54901963 0.5803922 0.58431375 0.5294118 0.5294118 0.5411765 0.5058824 0.4627451 0.52156866 0.49803922 0.40392157 0.47843137 0.44313726 0.43529412
0.4509804 0.45490196 0.44705883 0.4509804 0.48235294 0.47058824 0.47843137 0.43529412 0.5137255 0.5568628 0.49019608 0.46666667 0.47843137 0.5411765 0.5137255 0.4627451 0.4509804 0.49411765 0.4745098 0.47843137 0.5137255 0.5019608 0.4862745 0.50980395 0.4509804 0.44705883 0.47058824 0.44313726 0.44313726 0.41960785 0.44313726 0.47843137
0.44705883 0.45490196 0.4627451 0.5254902 0.4509804 0.42745098 0.4862745 0.43529412 0.43529412 0.5019608 0.48235294 0.47843137 0.48235294 0.4117647 0.43529412 0.45882353 0.41960785 0.4117647 0.4 0.40784314 0.44313726 0.43137255 0.49803922 0.46666667 0.38431373 0.40784314 0.45882353 0.40392157 0.48235294 0.45882353 0.43137255 0.44705883
0.43529412 0.4 0.36078432 0.4392157 0.41568628 0.4509804 0.48235294 0.40784314 0.40392157 0.43137255 0.4117647 0.44705883 0.4509804 0.33333334 0.33333334 0.3764706 0.30980393 0.36862746 0.3647059 0.38039216 0.41960785 0.41960785 0.5254902 0.4509804 0.41960785 0.4745098 0.49019608 0.44313726 0.45882353 0.4509804 0.40784314 0.40392157
0.37254903 0.30588236 0.3137255 0.38431373 0.36078432 0.47058824 0.4627451 0.43137255 0.40784314 0.41568628 0.3764706 0.40784314 0.44705883 0.42745098 0.4509804 0.34509805 0.23921569 0.34901962 0.3764706 0.4392157 0.37254903 0.44313726 0.5803922 0.4862745 0.4862745 0.49019608 0.46666667 0.44705883 0.40392157 0.43137255 0.43137255 0.40392157
0.3882353 0.30980393 0.34117648 0.39215687 0.39215687 0.4862745 0.39607844 0.36078432 0.39607844 0.38431373 0.36078432 0.3647059 0.43529412 0.5058824 0.4745098 0.3882353 0.34509805 0.42745098 0.3882353 0.48235294 0.4509804 0.4392157 0.49019608 0.46666667 0.5137255 0.5294118 0.48235294 0.49019608 0.48235294 0.4627451 0.4392157 0.44313726
0.49803922 0.50980395 0.53333336 0.47058824 0.48235294 0.49803922 0.4117647 0.47843137 0.5019608 0.5411765 0.5803922 0.60784316 0.4745098 0.42352942 0.52156866 0.5058824 0.5137255 0.4627451 0.44313726 0.48235294 0.6627451 0.5529412 0.49019608 0.5176471 0.44313726 0.5137255 0.49803922 0.44313726 0.54901963 0.39607844 0.45490196 0.5411765
0.5529412 0.54509807 0.5647059 0.49803922 0.5372549 0.49411765 0.49411765 0.5372549 0.5647059 0.5254902 0.50980395 0.5686275 0.61960787 0.5568628 0.53333336 0.5019608 0.5529412 0.47843137 0.54901963 0.5647059 0.5529412 0.49019608 0.49411765 0.5019608 0.54901963 0.5882353 0.4862745 0.41960785 0.6117647 0.56078434 0.6117647 0.5647059
0.6156863 0.6509804 0.58431375 0.48235294 0.48235294 0.5019608 0.56078434 0.62352943 0.75686276 0.5568628 0.47843137 0.5529412 0.5921569 0.4745098 0.46666667 0.47843137 0.38039216 0.44705883 0.47058824 0.48235294 0.48235294 0.5176471 0.5372549 0.56078434 0.5764706 0.5294118 0.43529412 0.44705883 0.58431375 0.62352943 0.5137255 0.46666667
0.57254905 0.60784316 0.5529412 0.5411765 0.4745098 0.5647059 0.6 0.52156866 0.6666667 0.58431375 0.5137255 0.53333336 0.5372549 0.40392157 0.22745098 0.23137255 0.21176471 0.49411765 0.46666667 0.43137255 0.5254902 0.4862745 0.4862745 0.48235294 0.45490196 0.5372549 0.5137255 0.5176471 0.54901963 0.4862745 0.44313726 0.48235294
0.59607846 0.52156866 0.5882353 0.56078434 0.4862745 0.54901963 0.58431375 0.62352943 0.627451 0.6117647 0.5529412 0.49803922 0.52156866 0.3372549 0.13725491 0.14117648 0.2 0.44705883 0.48235294 0.49019608 0.5294118 0.44313726 0.49803922 0.53333336 0.53333336 0.54901963 0.48235294 0.49803922 0.58431375 0.42745098 0.52156866 0.54509807
0.57254905 0.5529412 0.57254905 0.58431375 0.43137255 0.44705883 0.5411765 0.5764706 0.5176471 0.5411765 0.6039216 0.5686275 0.52156866 0.27450982 0.13333334 0.14901961 0.28627452 0.4 0.5176471 0.5019608 0.5137255 0.5137255 0.53333336 0.5764706 0.54901963 0.56078434 0.46666667 0.5254902 0.5176471 0.4509804 0.52156866 0.49411765
0.4509804 0.5019608 0.52156866 0.5568628 0.49803922 0.40784314 0.42352942 0.39215687 0.38039216 0.4117647 0.6156863 0.5411765 0.5647059 0.3529412 0.13725491 0.22745098 0.45490196 0.53333336 0.5568628 0.47843137 0.5019608 0.53333336 0.52156866 0.4745098 0.4509804 0.57254905 0.5058824 0.49019608 0.58431375 0.6039216 0.4392157 0.41960785
0.43529412 0.45490196 0.53333336 0.50980395 0.4627451 0.3882353 0.42352942 0.4392157 0.49019608 0.48235294 0.4862745 0.4117647 0.5529412 0.3529412 0.16862746 0.4392157 0.6313726 0.57254905 0.54509807 0.44313726 0.5568628 0.53333336 0.49803922 0.5411765 0.58431375 0.53333336 0.46666667 0.5058824 0.5254902 0.5254902 0.5058824 0.43137255
0.4392157 0.4862745 0.5372549 0.41568628 0.44313726 0.40784314 0.39607844 0.36862746 0.44313726 0.4627451 0.44313726 0.35686275 0.39215687 0.2784314 0.28235295 0.38039216 0.3254902 0.34117648 0.43137255 0.38039216 0.54509807 0.5372549 0.4509804 0.54509807 0.5647059 0.3882353 0.3764706 0.5058824 0.43529412 0.3019608 0.39607844 0.35686275
0.5568628 0.6627451 0.45490196 0.43137255 0.44313726 0.43529412 0.43529412 0.4 0.4392157 0.41960785 0.60784316 0.49411765 0.34901962 0.3647059 0.40784314 0.37254903 0.30980393 0.30980393 0.3529412 0.32941177 0.39215687 0.41960785 0.41568628 0.5058824 0.5176471 0.38431373 0.33333334 0.4745098 0.40392157 0.3137255 0.27450982 0.3019608
0.47843137 0.4745098 0.43529412 0.5058824 0.46666667 0.4509804 0.45490196 0.40392157 0.4392157 0.44313726 0.57254905 0.50980395 0.3372549 0.3764706 0.40392157 0.4627451 0.43529412 0.36078432 0.36862746 0.38431373 0.3529412 0.47058824 0.4627451 0.42352942 0.42352942 0.40784314 0.34509805 0.3647059 0.37254903 0.34509805 0.3647059 0.31764707
0.39215687 0.43137255 0.5411765 0.5254902 0.5254902 0.41960785 0.4745098 0.38039216 0.32941177 0.34117648 0.4117647 0.47058824 0.4 0.40784314 0.44313726 0.49019608 0.39607844 0.42745098 0.43529412 0.40392157 0.44705883 0.5058824 0.41568628 0.3019608 0.33333334 0.43137255 0.43137255 0.3529412 0.36078432 0.4745098 0.40392157 0.29803923
0.45882353 0.39607844 0.47843137 0.4862745 0.45490196 0.37254903 0.41568628 0.3254902 0.31764707 0.34117648 0.31764707 0.43137255 0.4862745 0.43529412 0.42352942 0.42352942 0.39215687 0.49411765 0.47843137 0.36078432 0.41568628 0.43137255 0.45490196 0.36078432 0.3647059 0.3764706 0.34117648 0.3882353 0.3882353 0.5058824 0.36078432 0.29803923
0.41568628 0.42745098 0.47843137 0.40784314 0.44705883 0.40784314 0.43529412 0.32941177 0.3882353 0.3882353 0.2509804 0.37254903 0.44313726 0.43137255 0.44705883 0.4627451 0.46666667 0.5411765 0.5568628 0.3882353 0.39607844 0.35686275 0.44705883 0.44313726 0.41960785 0.42352942 0.36862746 0.38039216 0.39215687 0.41568628 0.38431373 0.34509805
0.44313726 0.44313726 0.37254903 0.39607844 0.44313726 0.44705883 0.49019608 0.42352942 0.42352942 0.36078432 0.28235295 0.4 0.32941177 0.34117648 0.4392157 0.5411765 0.5372549 0.6 0.6509804 0.43137255 0.47058824 0.4117647 0.43137255 0.47843137 0.45882353 0.47058824 0.40392157 0.38039216 0.38039216 0.3882353 0.36078432 0.25490198
0.40784314 0.44705883 0.4745098 0.46666667 0.34901962 0.40784314 0.4392157 0.36862746 0.3647059 0.29411766 0.3254902 0.36862746 0.23137255 0.27058825 0.44705883 0.5176471 0.49019608 0.5254902 0.6784314 0.40784314 0.44705883 0.44705883 0.4745098 0.5254902 0.40784314 0.4 0.41960785 0.4392157 0.4392157 0.34117648 0.29803923 0.31764707
0.45490196 0.44313726 0.45490196 0.38431373 0.39215687 0.45882353 0.4627451 0.3372549 0.32156864 0.30980393 0.4509804 0.5764706 0.4627451 0.31764707 0.40784314 0.40392157 0.36078432 0.40392157 0.54509807 0.3372549 0.43529412 0.44313726 0.47843137 0.5019608 0.4 0.37254903 0.39215687 0.41568628 0.4 0.3019608 0.32941177 0.35686275
0.5176471 0.40784314 0.36078432 0.30588236 0.3529412 0.41568628 0.3529412 0.30588236 0.30588236 0.34117648 0.44313726 0.5882353 0.7490196 0.5411765 0.38039216 0.2509804 0.23529412 0.32941177 0.40392157 0.40784314 0.44313726 0.4 0.50980395 0.5176471 0.49803922 0.4509804 0.4745098 0.40784314 0.3647059 0.37254903 0.41960785 0.42745098
0.5137255 0.4862745 0.43137255 0.36078432 0.41568628 0.3764706 0.36862746 0.44705883 0.3882353 0.27450982 0.17254902 0.19215687 0.26666668 0.29411766 0.27450982 0.21568628 0.3254902 0.4117647 0.34509805 0.4509804 0.3882353 0.45882353 0.6313726 0.6039216 0.5764706 0.5411765 0.52156866 0.4862745 0.4117647 0.42745098 0.46666667 0.4117647
0.52156866 0.5254902 0.5568628 0.50980395 0.47843137 0.41960785 0.44705883 0.39215687 0.4117647 0.3882353 0.14117648 0.12156863 0.12156863 0.10980392 0.20392157 0.27450982 0.47058824 0.49803922 0.42745098 0.56078434 0.56078434 0.5294118 0.5921569 0.53333336 0.52156866 0.52156866 0.44313726 0.44313726 0.39607844 0.36078432 0.43529412 0.44313726
0.5019608 0.47058824 0.5176471 0.5372549 0.5411765 0.49411765 0.40784314 0.34901962 0.43137255 0.43529412 0.21960784 0.1764706 0.16862746 0.16470589 0.3372549 0.31764707 0.44705883 0.42745098 0.5411765 0.6666667 0.5372549 0.43529412 0.41960785 0.36078432 0.44313726 0.4745098 0.39607844 0.5019608 0.49411765 0.45490196 0.39215687 0.3764706
0.50980395 0.47843137 0.5529412 0.47058824 0.50980395 0.50980395 0.4 0.38039216 0.42745098 0.40784314 0.34117648 0.23921569 0.2 0.2627451 0.29411766 0.22352941 0.34509805 0.4627451 0.52156866 0.5411765 0.50980395 0.47843137 0.3647059 0.3764706 0.4509804 0.47843137 0.45882353 0.45490196 0.52156866 0.5254902 0.41960785 0.38431373
0.45882353 0.44313726 0.47058824 0.43529412 0.48235294 0.4862745 0.4392157 0.42745098 0.5058824 0.44313726 0.40784314 0.4392157 0.38039216 0.38431373 0.28235295 0.33333334 0.42352942 0.46666667 0.49019608 0.5058824 0.54901963 0.49411765 0.42745098 0.50980395 0.39607844 0.40784314 0.3647059 0.36862746 0.44705883 0.5058824 0.4117647 0.40784314
0.46666667 0.43137255 0.47843137 0.46666667 0.44705883 0.43529412 0.46666667 0.49803922 0.5019608 0.46666667 0.44705883 0.5254902 0.54901963 0.46666667 0.4509804 0.4627451 0.4627451 0.4745098 0.4862745 0.49803922 0.43529412 0.46666667 0.45882353 0.4117647 0.34509805 0.4 0.44705883 0.40784314 0.41568628 0.43137255 0.39607844 0.41568628
0.44313726 0.40784314 0.42745098 0.42352942 0.3764706 0.38431373 0.43529412 0.44313726 0.38431373 0.45490196 0.44313726 0.4392157 0.45882353 0.47058824 0.5019608 0.45490196 0.45882353 0.43137255 0.43529412 0.4862745 0.49411765 0.47843137 0.43137255 0.44313726 0.41568628 0.44313726 0.49411765 0.48235294 0.4117647 0.34901962 0.38039216 0.34901962
0.40392157 0.3882353 0.40392157 0.4117647 0.4 0.40784314 0.45882353 0.39607844 0.2901961 0.40784314 0.4392157 0.39607844 0.38039216 0.40784314 0.42745098 0.39607844 0.4 0.40784314 0.47058824 0.5176471 0.4627451 0.42352942 0.5058824 0.57254905 0.4627451 0.43529412 0.4745098 0.39607844 0.3882353 0.45882353 0.41960785 0.41568628
0.35686275 0.3647059 0.4509804 0.44705883 0.44313726 0.40784314 0.39215687 0.35686275 0.38039216 0.4117647 0.40784314 0.3882353 0.41568628 0.43137255 0.43137255 0.41568628 0.34901962 0.4392157 0.5058824 0.53333336 0.5529412 0.47843137 0.4509804 0.4627451 0.45882353 0.40784314 0.46666667 0.4509804 0.3529412 0.43137255 0.38431373 0.38039216
0.39607844 0.3882353 0.34509805 0.38431373 0.4392157 0.3882353 0.41568628 0.35686275 0.42745098 0.48235294 0.40392157 0.37254903 0.39607844 0.45490196 0.43529412 0.3882353 0.3647059 0.42745098 0.41960785 0.41568628 0.4392157 0.42745098 0.4 0.43137255 0.36862746 0.38431373 0.41568628 0.37254903 0.35686275 0.32941177 0.36078432 0.42745098
0.40392157 0.43137255 0.36078432 0.45882353 0.3764706 0.34117648 0.40784314 0.36078432 0.3529412 0.42352942 0.40392157 0.40392157 0.40392157 0.32156864 0.36862746 0.39215687 0.35686275 0.34117648 0.32941177 0.3372549 0.3372549 0.34509805 0.3882353 0.3882353 0.30588236 0.32941177 0.39215687 0.32156864 0.39607844 0.38431373 0.34901962 0.36862746
0.3764706 0.37254903 0.31764707 0.36862746 0.31764707 0.3764706 0.4117647 0.35686275 0.3372549 0.34509805 0.3254902 0.36862746 0.37254903 0.27450982 0.27450982 0.30588236 0.27058825 0.3137255 0.29411766 0.30588236 0.34509805 0.34509805 0.43137255 0.36078432 0.32941177 0.3882353 0.39607844 0.34117648 0.36862746 0.38039216 0.29803923 0.30980393
0.3137255 0.26666668 0.2784314 0.30588236 0.2784314 0.3764706 0.39607844 0.37254903 0.34901962 0.34509805 0.30588236 0.3372549 0.3647059 0.36862746 0.39215687 0.2901961 0.2 0.2901961 0.3254902 0.3764706 0.3137255 0.39607844 0.53333336 0.39607844 0.38431373 0.39215687 0.36078432 0.34509805 0.32156864 0.34509805 0.3254902 0.30980393
0.34901962 0.2784314 0.28627452 0.33333334 0.30980393 0.3882353 0.33333334 0.30588236 0.34117648 0.32941177 0.31764707 0.29803923 0.36862746 0.4745098 0.4117647 0.32941177 0.29411766 0.37254903 0.3529412 0.44705883 0.38431373 0.36862746 0.41960785 0.38039216 0.43529412 0.4392157 0.38039216 0.4 0.38431373 0.36862746 0.38431373 0.36078432
30 1 0
30 1 2
4 14 1
6 14 2
7 14 1
30 2 2
30 16 1
4 16 2
27 2 0
30 16 2
5 15 0
30 28 0
4 16 1
4 15 1
30 4 2
9 29 0
5 15 2
30 28 2
29 30 0
30 4 0
7 14 2
29 16 0
30 20 0
29 16 1
30 2 0
5 15 1
20 13 1
30 1 1
9 29 2
25 1 0
30 20 1
25 23 1
10 28 0
20 10 1
27 29 0
15 30 0
30 10 2
30 27 0
29 16 2
30 3 2
28 5 0
29 22 1
2 15 0
30 0 0
31 7 0
30 15 2
4 13 2
6 13 1
30 20 2
9 30 2
