32, 32, 3, 50
0.72156864 0.76862746 0.73333335 0.7137255 0.7764706 0.80784315 0.8392157 0.84313726 0.827451 0.827451 0.8235294 0.9019608 0.85490197 0.5254902 0.59607846 0.57254905 0.54901963 0.5294118 0.5254902 0.5176471 0.5254902 0.5294118 0.5176471 0.47843137 0.47058824 0.47843137 0.47058824 0.47843137 0.46666667 0.36078432 0.4392157 0.59607846
0.7372549 0.7647059 0.7372549 0.70980394 0.76862746 0.8039216 0.84705883 0.84313726 0.83137256 0.8392157 0.8235294 0.8901961 0.8666667 0.54509807 0.6 0.5764706 0.5372549 0.52156866 0.52156866 0.5254902 0.5372549 0.5137255 0.49803922 0.49411765 0.5019608 0.5176471 0.5254902 0.49803922 0.49019608 0.40784314 0.42352942 0.5176471
0.7490196 0.7764706 0.75686276 0.7176471 0.76862746 0.7882353 0.8392157 0.827451 0.8235294 0.8392157 0.85490197 0.87058824 0.8627451 0.5647059 0.5686275 0.5647059 0.5411765 0.52156866 0.53333336 0.5294118 0.53333336 0.49803922 0.50980395 0.5372549 0.53333336 0.5058824 0.5411765 0.5254902 0.50980395 0.4117647 0.38039216 0.4
0.7607843 0.77254903 0.74509805 0.7137255 0.7411765 0.7921569 0.84313726 0.85490197 0.8509804 0.87058824 0.8666667 0.85882354 0.8666667 0.5764706 0.5294118 0.5647059 0.54901963 0.5137255 0.5254902 0.5254902 0.52156866 0.5019608 0.5294118 0.56078434 0.54901963 0.5058824 0.52156866 0.53333336 0.52156866 0.41960785 0.40784314 0.46666667
0.75686276 0.7882353 0.74509805 0.7019608 0.7137255 0.78039217 0.81960785 0.7647059 0.6862745 0.6509804 0.627451 0.6392157 0.6627451 0.5294118 0.5254902 0.54901963 0.5372549 0.5176471 0.5058824 0.5019608 0.49411765 0.50980395 0.53333336 0.56078434 0.5019608 0.46666667 0.49411765 0.53333336 0.56078434 0.47058824 0.49803922 0.5529412
0.7490196 0.7882353 0.76862746 0.72156864 0.6627451 0.62352943 0.5411765 0.4117647 0.30980393 0.28235295 0.31764707 0.39215687 0.40392157 0.46666667 0.49803922 0.4862745 0.49019608 0.5137255 0.49019608 0.47058824 0.4627451 0.5294118 0.5254902 0.50980395 0.39215687 0.42352942 0.49019608 0.5372549 0.5921569 0.52156866 0.5411765 0.52156866
0.7411765 0.76862746 0.78431374 0.6784314 0.50980395 0.40392157 0.28627452 0.22352941 0.21568628 0.28627452 0.41960785 0.49411765 0.4745098 0.48235294 0.4862745 0.41568628 0.39215687 0.4745098 0.40784314 0.4 0.39607844 0.4745098 0.4509804 0.40784314 0.35686275 0.43137255 0.47058824 0.5176471 0.58431375 0.5647059 0.52156866 0.5294118
0.7607843 0.74509805 0.73333335 0.5254902 0.35686275 0.26666668 0.20784314 0.2 0.28627452 0.3764706 0.47058824 0.57254905 0.5686275 0.5137255 0.50980395 0.48235294 0.39215687 0.42745098 0.3647059 0.3529412 0.3254902 0.30588236 0.34117648 0.35686275 0.3019608 0.4117647 0.4745098 0.5176471 0.58431375 0.627451 0.5921569 0.5411765
0.7411765 0.6627451 0.53333336 0.39607844 0.30588236 0.24313726 0.2 0.20784314 0.2901961 0.30980393 0.3529412 0.48235294 0.5686275 0.5568628 0.54509807 0.5529412 0.49019608 0.43529412 0.4392157 0.36862746 0.3529412 0.32156864 0.3882353 0.29803923 0.21568628 0.35686275 0.50980395 0.5686275 0.5921569 0.64705884 0.65882355 0.59607846
0.7058824 0.54901963 0.3764706 0.33333334 0.3137255 0.26666668 0.22352941 0.22352941 0.26666668 0.2901961 0.3529412 0.43137255 0.52156866 0.5647059 0.57254905 0.56078434 0.5019608 0.3764706 0.41960785 0.28627452 0.41568628 0.49411765 0.4509804 0.23921569 0.20392157 0.3019608 0.53333336 0.62352943 0.6 0.63529414 0.67058825 0.64705884
0.65882355 0.45882353 0.34901962 0.37254903 0.34509805 0.26666668 0.23137255 0.22352941 0.25882354 0.32156864 0.3882353 0.4862745 0.5372549 0.54901963 0.58431375 0.5764706 0.4627451 0.3764706 0.35686275 0.24705882 0.38431373 0.49803922 0.4862745 0.34117648 0.2784314 0.30980393 0.42352942 0.49803922 0.5921569 0.64705884 0.67058825 0.6666667
0.58431375 0.39607844 0.36078432 0.41568628 0.38431373 0.27450982 0.23529412 0.23529412 0.27058825 0.33333334 0.36862746 0.4509804 0.5254902 0.5137255 0.5411765 0.54901963 0.42745098 0.3529412 0.3137255 0.25882354 0.36078432 0.36862746 0.41960785 0.39215687 0.2627451 0.16470589 0.15686275 0.1764706 0.5294118 0.6901961 0.6666667 0.6901961
0.5372549 0.36862746 0.34901962 0.40392157 0.37254903 0.28235295 0.25490198 0.2784314 0.2784314 0.3019608 0.34509805 0.3882353 0.44705883 0.46666667 0.44705883 0.43529412 0.2901961 0.12941177 0.09411765 0.14117648 0.24705882 0.27058825 0.3137255 0.23529412 0.09803922 0.007843138 0.019607844 0.13725491 0.5764706 0.68235296 0.65882355 0.7058824
0.5254902 0.34509805 0.30980393 0.41960785 0.3882353 0.30980393 0.28235295 0.3019608 0.2784314 0.2901961 0.34901962 0.38431373 0.3764706 0.40784314 0.38431373 0.3647059 0.1764706 0.023529412 0.0 0.019607844 0.078431375 0.10980392 0.12156863 0.06666667 0.050980393 0.011764706 0.011764706 0.3137255 0.7058824 0.6901961 0.6392157 0.6901961
0.52156866 0.34117648 0.28627452 0.41568628 0.41960785 0.34901962 0.30588236 0.30980393 0.28627452 0.29803923 0.35686275 0.39215687 0.36078432 0.38039216 0.36862746 0.3764706 0.23921569 0.0627451 0.015686275 0.019607844 0.015686275 0.11372549 0.22745098 0.03137255 0.007843138 0.011764706 0.0627451 0.44705883 0.73333335 0.7372549 0.654902 0.6627451
0.46666667 0.34901962 0.25490198 0.4 0.44705883 0.38039216 0.32941177 0.32156864 0.28235295 0.29411766 0.35686275 0.39607844 0.3647059 0.36078432 0.3647059 0.3882353 0.34117648 0.12156863 0.050980393 0.023529412 0.003921569 0.26666668 0.47843137 0.18039216 0.019607844 0.03529412 0.2 0.5529412 0.70980394 0.74509805 0.68235296 0.65882355
0.42745098 0.3647059 0.24313726 0.37254903 0.5019608 0.41568628 0.36078432 0.31764707 0.29803923 0.31764707 0.3647059 0.39215687 0.3529412 0.34901962 0.36862746 0.40784314 0.47058824 0.28627452 0.13725491 0.078431375 0.1882353 0.44313726 0.49019608 0.5372549 0.3019608 0.27450982 0.4117647 0.60784316 0.7176471 0.7294118 0.72156864 0.6862745
0.39215687 0.41960785 0.3137255 0.3647059 0.49019608 0.4117647 0.3882353 0.33333334 0.36078432 0.34117648 0.35686275 0.3882353 0.34901962 0.34901962 0.3529412 0.43137255 0.52156866 0.40784314 0.28235295 0.24313726 0.38039216 0.5058824 0.42745098 0.54509807 0.42352942 0.4117647 0.45490196 0.627451 0.75686276 0.72156864 0.7490196 0.7137255
0.3764706 0.42745098 0.3764706 0.38039216 0.4627451 0.42745098 0.40784314 0.34117648 0.3529412 0.3254902 0.34901962 0.39215687 0.3529412 0.33333334 0.34509805 0.47843137 0.5568628 0.43137255 0.30588236 0.31764707 0.32941177 0.40784314 0.4627451 0.44705883 0.38431373 0.40392157 0.43529412 0.6156863 0.78039217 0.7294118 0.73333335 0.7372549
0.39215687 0.4 0.3764706 0.36078432 0.42745098 0.45490196 0.41960785 0.3529412 0.3372549 0.31764707 0.34509805 0.38039216 0.3647059 0.34901962 0.40392157 0.5764706 0.58431375 0.4509804 0.2901961 0.29411766 0.36078432 0.32156864 0.44313726 0.4392157 0.4627451 0.44705883 0.4627451 0.627451 0.7882353 0.7490196 0.7176471 0.7647059
0.38039216 0.39607844 0.38039216 0.38039216 0.43137255 0.4509804 0.4117647 0.35686275 0.35686275 0.32941177 0.3254902 0.34901962 0.35686275 0.36862746 0.49803922 0.6039216 0.5529412 0.44313726 0.2901961 0.27058825 0.40392157 0.40392157 0.43137255 0.48235294 0.5137255 0.45490196 0.46666667 0.63529414 0.8 0.78039217 0.7137255 0.74509805
0.3254902 0.36862746 0.40392157 0.45490196 0.49411765 0.4745098 0.42745098 0.36078432 0.34117648 0.32941177 0.3137255 0.32156864 0.3529412 0.36862746 0.49803922 0.5529412 0.5568628 0.47058824 0.30980393 0.26666668 0.34509805 0.42745098 0.49803922 0.4745098 0.44313726 0.4627451 0.4862745 0.6627451 0.75686276 0.7882353 0.73333335 0.7254902
0.31764707 0.30588236 0.39215687 0.49019608 0.5294118 0.5294118 0.47843137 0.3647059 0.3254902 0.33333334 0.3137255 0.32156864 0.3882353 0.38039216 0.4862745 0.5254902 0.5647059 0.5137255 0.3647059 0.29803923 0.33333334 0.40392157 0.4745098 0.48235294 0.4392157 0.49411765 0.5137255 0.7058824 0.7529412 0.77254903 0.7490196 0.70980394
0.40392157 0.36078432 0.3372549 0.38039216 0.49019608 0.5686275 0.5019608 0.4117647 0.35686275 0.34117648 0.3254902 0.35686275 0.4392157 0.42745098 0.56078434 0.50980395 0.5294118 0.5372549 0.41568628 0.32156864 0.31764707 0.39215687 0.45882353 0.48235294 0.4392157 0.47058824 0.5176471 0.654902 0.78039217 0.7529412 0.7607843 0.69411767
0.42745098 0.5411765 0.47058824 0.2901961 0.38039216 0.5019608 0.49803922 0.4745098 0.43529412 0.40784314 0.38039216 0.41568628 0.44705883 0.4627451 0.53333336 0.43529412 0.43529412 0.5176471 0.4509804 0.35686275 0.32156864 0.3529412 0.42352942 0.46666667 0.4392157 0.46666667 0.5764706 0.56078434 0.7490196 0.7529412 0.7607843 0.7137255
0.39607844 0.5686275 0.65882355 0.32156864 0.28627452 0.35686275 0.48235294 0.5411765 0.52156866 0.5058824 0.43529412 0.4745098 0.47058824 0.5019608 0.43529412 0.33333334 0.3647059 0.41960785 0.41960785 0.3882353 0.34509805 0.34901962 0.3764706 0.45882353 0.49019608 0.5568628 0.7294118 0.5803922 0.654902 0.78039217 0.7411765 0.7294118
0.37254903 0.52156866 0.7647059 0.57254905 0.39607844 0.36078432 0.44313726 0.5294118 0.5568628 0.5803922 0.5647059 0.5882353 0.54509807 0.54509807 0.44313726 0.32941177 0.39607844 0.4117647 0.48235294 0.45490196 0.38039216 0.38431373 0.36862746 0.4745098 0.53333336 0.654902 0.91764706 0.7372549 0.56078434 0.74509805 0.7372549 0.73333335
0.3529412 0.49803922 0.8156863 0.83137256 0.75686276 0.6509804 0.5921569 0.5882353 0.69803923 0.7882353 0.8 0.78431374 0.7176471 0.6039216 0.50980395 0.36862746 0.44313726 0.4745098 0.5529412 0.53333336 0.42352942 0.40784314 0.41568628 0.4745098 0.4392157 0.72156864 0.9882353 0.9019608 0.58431375 0.6509804 0.70980394 0.7294118
0.33333334 0.47843137 0.8509804 0.88235295 0.9019608 0.8352941 0.7647059 0.7607843 0.8627451 0.92941177 0.9372549 0.90588236 0.88235295 0.7764706 0.6431373 0.4862745 0.4627451 0.45490196 0.49019608 0.5294118 0.49019608 0.4392157 0.49803922 0.44705883 0.38039216 0.7764706 0.9254902 0.94509804 0.7019608 0.5647059 0.6666667 0.70980394
0.3019608 0.45490196 0.84313726 0.8745098 0.9098039 0.91764706 0.9019608 0.8901961 0.9372549 0.92156863 0.92156863 0.91764706 0.93333334 0.9647059 0.8627451 0.654902 0.56078434 0.47058824 0.39607844 0.4745098 0.5686275 0.5294118 0.54509807 0.3647059 0.52156866 0.85882354 0.9411765 0.95686275 0.7764706 0.52156866 0.6392157 0.67058825
0.25882354 0.43137255 0.84313726 0.88235295 0.90588236 0.9372549 0.9254902 0.89411765 0.9254902 0.92156863 0.92156863 0.91764706 0.9254902 0.9372549 0.93333334 0.8509804 0.7019608 0.58431375 0.4862745 0.45490196 0.6313726 0.654902 0.48235294 0.38039216 0.73333335 0.89411765 0.9019608 0.972549 0.8392157 0.6 0.5803922 0.6431373
0.20392157 0.40392157 0.827451 0.8666667 0.90588236 0.91764706 0.89411765 0.87058824 0.90588236 0.91764706 0.92156863 0.9254902 0.93333334 0.9019608 0.88235295 0.8980392 0.8509804 0.74509805 0.69411767 0.6392157 0.73333335 0.78039217 0.5921569 0.61960787 0.8745098 0.87058824 0.81960785 0.9098039 0.8980392 0.7176471 0.5254902 0.627451
0.7058824 0.7411765 0.7058824 0.6745098 0.7411765 0.7882353 0.827451 0.8392157 0.81960785 0.80784315 0.8039216 0.90588236 0.83137256 0.4627451 0.52156866 0.48235294 0.44705883 0.43529412 0.43137255 0.42745098 0.43137255 0.42352942 0.40784314 0.36078432 0.3372549 0.38039216 0.3529412 0.34509805 0.3529412 0.3137255 0.49019608 0.67058825
0.72156864 0.7411765 0.70980394 0.6666667 0.73333335 0.78039217 0.8352941 0.827451 0.81960785 0.81960785 0.8039216 0.8862745 0.84705883 0.49019608 0.5294118 0.4862745 0.44313726 0.42745098 0.43137255 0.43137255 0.43529412 0.4117647 0.39607844 0.38039216 0.3529412 0.3882353 0.39215687 0.3647059 0.36862746 0.34901962 0.4627451 0.5882353
0.7411765 0.7490196 0.72156864 0.6745098 0.7294118 0.7647059 0.8235294 0.80784315 0.8039216 0.8156863 0.8352941 0.87058824 0.8509804 0.5254902 0.5058824 0.47843137 0.4509804 0.43529412 0.44705883 0.43529412 0.42745098 0.39215687 0.4 0.42745098 0.39215687 0.3764706 0.4117647 0.4 0.3764706 0.34117648 0.41568628 0.4627451
0.75686276 0.74509805 0.70980394 0.67058825 0.69803923 0.7647059 0.8235294 0.827451 0.8235294 0.84705883 0.84705883 0.8509804 0.85882354 0.54509807 0.46666667 0.48235294 0.4627451 0.43137255 0.44313726 0.43529412 0.41568628 0.38039216 0.4 0.43137255 0.4392157 0.42745098 0.41568628 0.4117647 0.38431373 0.3372549 0.43529412 0.5254902
0.7607843 0.7607843 0.70980394 0.65882355 0.6666667 0.74509805 0.7921569 0.7254902 0.654902 0.6313726 0.60784316 0.627451 0.6509804 0.5058824 0.46666667 0.47058824 0.45490196 0.4392157 0.42352942 0.41960785 0.39215687 0.38039216 0.38039216 0.4117647 0.42745098 0.44705883 0.40392157 0.4117647 0.41568628 0.38039216 0.52156866 0.60784316
0.7529412 0.76862746 0.7372549 0.6745098 0.61960787 0.5921569 0.5176471 0.38039216 0.28235295 0.26666668 0.30588236 0.38039216 0.40784314 0.4745098 0.4862745 0.44705883 0.4392157 0.44313726 0.40784314 0.39607844 0.34901962 0.37254903 0.35686275 0.37254903 0.3372549 0.43529412 0.39607844 0.4 0.43529412 0.42352942 0.5686275 0.57254905
0.74509805 0.7529412 0.75686276 0.6431373 0.4745098 0.36862746 0.25490198 0.18431373 0.18431373 0.27058825 0.40784314 0.48235294 0.48235294 0.50980395 0.5019608 0.42352942 0.39215687 0.44705883 0.36862746 0.35686275 0.3137255 0.35686275 0.32941177 0.3254902 0.34509805 0.4745098 0.38039216 0.3764706 0.43529412 0.44705883 0.49019608 0.5411765
0.75686276 0.7294118 0.7058824 0.5019608 0.32941177 0.22745098 0.16470589 0.15294118 0.24705882 0.34901962 0.4509804 0.5568628 0.57254905 0.5372549 0.5254902 0.5019608 0.41960785 0.44705883 0.38039216 0.3529412 0.30980393 0.2901961 0.32156864 0.34509805 0.33333334 0.45490196 0.38431373 0.3647059 0.43529412 0.4862745 0.4745098 0.4745098
0.73333335 0.64705884 0.50980395 0.38431373 0.28627452 0.20392157 0.14901961 0.16470589 0.25490198 0.28235295 0.32941177 0.4627451 0.5686275 0.5686275 0.5568628 0.5568628 0.5019608 0.45882353 0.4745098 0.4 0.39607844 0.3882353 0.45490196 0.33333334 0.24705882 0.38431373 0.41568628 0.38431373 0.42352942 0.5019608 0.50980395 0.4745098
0.69803923 0.53333336 0.35686275 0.32156864 0.29411766 0.23529412 0.18039216 0.1882353 0.23529412 0.2627451 0.3254902 0.4117647 0.5176471 0.57254905 0.5764706 0.54901963 0.49803922 0.3882353 0.44705883 0.3254902 0.48235294 0.59607846 0.5568628 0.2901961 0.21960784 0.32156864 0.45882353 0.45490196 0.43529412 0.49019608 0.5372549 0.50980395
0.64705884 0.44705883 0.32941177 0.35686275 0.32941177 0.24313726 0.2 0.19215687 0.22352941 0.28235295 0.34901962 0.4627451 0.53333336 0.5568628 0.5882353 0.57254905 0.47058824 0.39215687 0.38431373 0.2901961 0.4509804 0.6 0.6 0.40784314 0.3019608 0.36078432 0.4117647 0.41568628 0.46666667 0.49019608 0.5294118 0.5294118
0.5764706 0.39215687 0.35686275 0.40784314 0.36862746 0.24705882 0.20392157 0.19607843 0.22745098 0.28627452 0.32156864 0.42352942 0.52156866 0.5176471 0.5372549 0.54509807 0.4392157 0.38431373 0.35686275 0.3137255 0.43137255 0.4509804 0.5019608 0.4745098 0.32156864 0.22745098 0.1764706 0.16470589 0.43529412 0.5411765 0.5294118 0.5529412
0.5294118 0.36862746 0.34901962 0.39607844 0.35686275 0.25490198 0.21568628 0.23137255 0.23137255 0.25490198 0.29803923 0.3529412 0.42745098 0.45882353 0.42745098 0.41568628 0.29411766 0.15686275 0.13333334 0.19607843 0.31764707 0.3372549 0.36078432 0.31764707 0.17254902 0.043137256 0.03529412 0.14117648 0.48235294 0.54509807 0.52156866 0.5647059
0.5058824 0.33333334 0.29803923 0.4117647 0.37254903 0.28235295 0.24313726 0.2509804 0.23137255 0.24313726 0.3019608 0.33333334 0.3372549 0.3764706 0.34901962 0.3372549 0.18039216 0.043137256 0.011764706 0.043137256 0.13333334 0.17254902 0.18039216 0.12156863 0.09019608 0.03137255 0.019607844 0.2901961 0.58431375 0.53333336 0.4862745 0.5411765
0.49803922 0.32156864 0.25490198 0.4 0.40392157 0.31764707 0.26666668 0.27058825 0.24313726 0.24705882 0.3019608 0.32941177 0.3019608 0.32941177 0.31764707 0.34901962 0.24705882 0.078431375 0.011764706 0.02745098 0.05490196 0.1764706 0.3019608 0.07058824 0.023529412 0.019607844 0.07058824 0.39607844 0.5882353 0.5686275 0.4862745 0.5019608
0.45490196 0.33333334 0.21176471 0.38039216 0.43137255 0.34901962 0.2901961 0.28627452 0.24313726 0.24313726 0.29803923 0.32941177 0.2901961 0.29411766 0.30980393 0.3529412 0.3529412 0.14901961 0.05490196 0.03137255 0.043137256 0.34509805 0.5647059 0.23137255 0.03529412 0.043137256 0.21568628 0.4862745 0.5529412 0.57254905 0.50980395 0.4862745
0.42352942 0.35686275 0.20392157 0.3529412 0.4862745 0.38431373 0.3254902 0.2901961 0.2627451 0.2627451 0.29803923 0.3254902 0.27450982 0.2784314 0.3137255 0.3647059 0.48235294 0.33333334 0.16470589 0.10980392 0.2509804 0.53333336 0.58431375 0.6156863 0.34117648 0.2901961 0.4392157 0.5294118 0.54901963 0.5647059 0.5529412 0.50980395
0.40392157 0.41960785 0.28235295 0.3372549 0.45882353 0.3764706 0.34901962 0.30588236 0.32941177 0.29411766 0.29411766 0.3254902 0.27450982 0.28235295 0.3019608 0.4 0.5372549 0.45490196 0.32156864 0.2901961 0.4392157 0.5764706 0.5176471 0.6313726 0.47058824 0.44313726 0.48235294 0.54509807 0.59607846 0.5647059 0.5882353 0.5372549
0.3882353 0.42745098 0.34509805 0.33333334 0.41568628 0.38039216 0.36862746 0.3137255 0.3254902 0.28627452 0.3019608 0.3254902 0.27450982 0.27058825 0.3019608 0.46666667 0.5764706 0.4627451 0.3372549 0.37254903 0.37254903 0.45490196 0.54509807 0.52156866 0.41960785 0.4509804 0.45882353 0.53333336 0.627451 0.58431375 0.57254905 0.5647059
0.4 0.39215687 0.34901962 0.31764707 0.38039216 0.40784314 0.38039216 0.3254902 0.3137255 0.2784314 0.29803923 0.31764707 0.28627452 0.28235295 0.3647059 0.57254905 0.60784316 0.48235294 0.31764707 0.3372549 0.42352942 0.39607844 0.52156866 0.50980395 0.5019608 0.49803922 0.4862745 0.5411765 0.6392157 0.6039216 0.56078434 0.59607846
0.38039216 0.38039216 0.3529412 0.34509805 0.39215687 0.4117647 0.3764706 0.32941177 0.32941177 0.29411766 0.2784314 0.29411766 0.28235295 0.3019608 0.4627451 0.60784316 0.5803922 0.47843137 0.31764707 0.29803923 0.48235294 0.5058824 0.50980395 0.54509807 0.56078434 0.50980395 0.4862745 0.54901963 0.64705884 0.6392157 0.5647059 0.5803922
0.3254902 0.34901962 0.38039216 0.43137255 0.4627451 0.44313726 0.4 0.33333334 0.3137255 0.29411766 0.27058825 0.27450982 0.28235295 0.3019608 0.46666667 0.5686275 0.5882353 0.5019608 0.33333334 0.2901961 0.42352942 0.53333336 0.57254905 0.5294118 0.49019608 0.5176471 0.49411765 0.5686275 0.6039216 0.64705884 0.5882353 0.57254905
0.31764707 0.28235295 0.3764706 0.4745098 0.50980395 0.5058824 0.45490196 0.3372549 0.29411766 0.29411766 0.27058825 0.2784314 0.3137255 0.30980393 0.4627451 0.5568628 0.60784316 0.54901963 0.38431373 0.32156864 0.39215687 0.49019608 0.5568628 0.5372549 0.47843137 0.5411765 0.5058824 0.6 0.6 0.63529414 0.60784316 0.5568628
0.4 0.32941177 0.3137255 0.36078432 0.47058824 0.5529412 0.4862745 0.39607844 0.33333334 0.30588236 0.2784314 0.31764707 0.37254903 0.3647059 0.5372549 0.5294118 0.5647059 0.5686275 0.43529412 0.34117648 0.3529412 0.44705883 0.5254902 0.5294118 0.47843137 0.5058824 0.49411765 0.54901963 0.6313726 0.6156863 0.62352943 0.54901963
0.41960785 0.48235294 0.41960785 0.2627451 0.36078432 0.49019608 0.49019608 0.4627451 0.41960785 0.37254903 0.32156864 0.3647059 0.39215687 0.4117647 0.50980395 0.41960785 0.43137255 0.5294118 0.4745098 0.3647059 0.32941177 0.36862746 0.44313726 0.49019608 0.4745098 0.47843137 0.5254902 0.45882353 0.6156863 0.6156863 0.627451 0.57254905
0.38431373 0.48235294 0.5764706 0.3019608 0.28627452 0.34509805 0.45490196 0.5137255 0.4862745 0.45490196 0.38039216 0.39607844 0.3882353 0.4509804 0.41960785 0.31764707 0.35686275 0.43137255 0.4392157 0.3882353 0.34117648 0.34509805 0.3647059 0.4509804 0.4862745 0.5254902 0.654902 0.47843137 0.5294118 0.64705884 0.6156863 0.6039216
0.35686275 0.41568628 0.64705884 0.53333336 0.38039216 0.34117648 0.43137255 0.52156866 0.5137255 0.5058824 0.47843137 0.47843137 0.4392157 0.4862745 0.42745098 0.30980393 0.38431373 0.40784314 0.49019608 0.4509804 0.3647059 0.36078432 0.34117648 0.4627451 0.50980395 0.6039216 0.84705883 0.6431373 0.44705883 0.61960787 0.61960787 0.61960787
0.34117648 0.3882353 0.6745098 0.7294118 0.69803923 0.63529414 0.6117647 0.60784316 0.67058825 0.69803923 0.6745098 0.6666667 0.6156863 0.5372549 0.4862745 0.34509805 0.41960785 0.4627451 0.54509807 0.5176471 0.40392157 0.3764706 0.38431373 0.47843137 0.41960785 0.6784314 0.9372549 0.8235294 0.47843137 0.53333336 0.6 0.62352943
0.33333334 0.38431373 0.7019608 0.75686276 0.827451 0.8039216 0.7647059 0.7607843 0.8156863 0.8352941 0.8235294 0.8156863 0.8 0.7137255 0.60784316 0.45490196 0.43529412 0.43137255 0.47058824 0.49803922 0.45882353 0.41568628 0.47843137 0.45490196 0.34117648 0.7137255 0.87058824 0.8745098 0.6039216 0.4509804 0.56078434 0.6
0.3137255 0.37254903 0.7058824 0.77254903 0.8352941 0.85882354 0.8509804 0.83137256 0.8509804 0.827451 0.8627451 0.8666667 0.87058824 0.90588236 0.8235294 0.627451 0.53333336 0.44705883 0.3764706 0.44705883 0.5411765 0.5137255 0.5372549 0.3529412 0.4392157 0.7490196 0.8509804 0.8862745 0.6862745 0.4117647 0.53333336 0.56078434
0.26666668 0.3529412 0.70980394 0.7764706 0.8352941 0.8627451 0.8509804 0.79607844 0.8235294 0.8117647 0.8509804 0.87058824 0.8784314 0.8627451 0.88235295 0.83137256 0.67058825 0.5803922 0.48235294 0.4627451 0.627451 0.6392157 0.4745098 0.35686275 0.64705884 0.7490196 0.76862746 0.89411765 0.7529412 0.46666667 0.47843137 0.5411765
0.20392157 0.3254902 0.69803923 0.7529412 0.8392157 0.84313726 0.81960785 0.76862746 0.80784315 0.80784315 0.8392157 0.8627451 0.8784314 0.8235294 0.8352941 0.8784314 0.80784315 0.7372549 0.6862745 0.6313726 0.7137255 0.75686276 0.5764706 0.58431375 0.8117647 0.73333335 0.6431373 0.81960785 0.80784315 0.56078434 0.4 0.5176471
0.5803922 0.6431373 0.59607846 0.5686275 0.64705884 0.69803923 0.74509805 0.7647059 0.7372549 0.7254902 0.7372549 0.85882354 0.7647059 0.34509805 0.36078432 0.32156864 0.3019608 0.2784314 0.24705882 0.23921569 0.24705882 0.24313726 0.22745098 0.19215687 0.18431373 0.19607843 0.1764706 0.18039216 0.16862746 0.24313726 0.5176471 0.72156864
0.60784316 0.6431373 0.59607846 0.56078434 0.63529414 0.6784314 0.73333335 0.7490196 0.73333335 0.73333335 0.7372549 0.8509804 0.7921569 0.38039216 0.36862746 0.32156864 0.28235295 0.2509804 0.23529412 0.22745098 0.23921569 0.21960784 0.21176471 0.21176471 0.18039216 0.20392157 0.20784314 0.1882353 0.18431373 0.25882354 0.48235294 0.6313726
0.63529414 0.6666667 0.6039216 0.5568628 0.62352943 0.654902 0.7137255 0.7176471 0.70980394 0.7254902 0.76862746 0.8117647 0.78039217 0.40392157 0.3372549 0.30980393 0.2784314 0.24313726 0.24705882 0.23137255 0.23137255 0.2 0.21568628 0.22352941 0.18431373 0.19215687 0.20784314 0.20392157 0.19607843 0.22352941 0.41568628 0.48235294
0.6627451 0.67058825 0.58431375 0.5294118 0.57254905 0.6509804 0.72156864 0.7294118 0.72156864 0.75686276 0.78039217 0.78431374 0.7882353 0.44705883 0.3254902 0.32941177 0.29411766 0.24313726 0.25490198 0.25490198 0.23529412 0.19607843 0.21176471 0.21568628 0.24705882 0.30588236 0.22745098 0.20784314 0.20392157 0.19215687 0.42352942 0.5411765
0.67058825 0.6901961 0.5764706 0.49803922 0.53333336 0.63529414 0.7019608 0.6313726 0.54509807 0.5372549 0.54509807 0.5764706 0.6156863 0.45882353 0.38431373 0.34509805 0.29411766 0.25882354 0.2509804 0.2627451 0.23137255 0.2 0.19215687 0.21176471 0.29411766 0.41960785 0.27058825 0.21176471 0.23137255 0.21568628 0.5019608 0.6509804
0.64705884 0.6666667 0.6117647 0.52156866 0.49411765 0.5019608 0.43529412 0.2784314 0.17254902 0.1764706 0.25882354 0.3647059 0.40392157 0.4745098 0.47843137 0.38431373 0.32156864 0.31764707 0.2627451 0.25490198 0.21568628 0.2 0.15686275 0.20392157 0.30980393 0.4627451 0.29803923 0.21176471 0.24705882 0.24705882 0.54901963 0.6313726
0.6313726 0.6313726 0.6431373 0.5176471 0.3764706 0.29803923 0.18431373 0.10980392 0.10980392 0.21176471 0.3882353 0.49019608 0.49411765 0.5294118 0.5372549 0.42352942 0.34509805 0.40784314 0.29411766 0.2509804 0.20392157 0.2 0.1764706 0.23137255 0.3647059 0.5254902 0.29803923 0.20784314 0.2509804 0.2509804 0.40784314 0.5372549
0.64705884 0.61960787 0.6117647 0.41568628 0.25882354 0.16470589 0.09803922 0.10980392 0.20784314 0.3137255 0.43529412 0.5647059 0.59607846 0.5686275 0.57254905 0.54509807 0.43529412 0.47843137 0.39215687 0.32156864 0.25882354 0.20784314 0.29411766 0.34901962 0.34901962 0.5372549 0.3137255 0.1882353 0.25882354 0.2784314 0.29803923 0.37254903
0.627451 0.5529412 0.4392157 0.32941177 0.23137255 0.14509805 0.08627451 0.105882354 0.2 0.22745098 0.27450982 0.45490196 0.59607846 0.6156863 0.60784316 0.6156863 0.54509807 0.5254902 0.5294118 0.44313726 0.44705883 0.43137255 0.5686275 0.41568628 0.2509804 0.45882353 0.3372549 0.18431373 0.23137255 0.29803923 0.29803923 0.31764707
0.59607846 0.4509804 0.30588236 0.28235295 0.24313726 0.16862746 0.10980392 0.09803922 0.14901961 0.18039216 0.23921569 0.3764706 0.5372549 0.6156863 0.61960787 0.5882353 0.5294118 0.44705883 0.5019608 0.39215687 0.60784316 0.7372549 0.74509805 0.40392157 0.24313726 0.36862746 0.39215687 0.27058825 0.23529412 0.30980393 0.33333334 0.33333334
0.54901963 0.37254903 0.2901961 0.32156864 0.2627451 0.16470589 0.1254902 0.09411765 0.13725491 0.21176471 0.27450982 0.4117647 0.5372549 0.5921569 0.61960787 0.6039216 0.49019608 0.4392157 0.41960785 0.31764707 0.5803922 0.7647059 0.7607843 0.5254902 0.3764706 0.39607844 0.3882353 0.3019608 0.28235295 0.32156864 0.32941177 0.3254902
0.49019608 0.33333334 0.32941177 0.36862746 0.3019608 0.16862746 0.13333334 0.105882354 0.13725491 0.21568628 0.25882354 0.3647059 0.49411765 0.5176471 0.5294118 0.54509807 0.44705883 0.4117647 0.3764706 0.3254902 0.5176471 0.5647059 0.6039216 0.5686275 0.39607844 0.24313726 0.1764706 0.1254902 0.2901961 0.3647059 0.33333334 0.3529412
0.45490196 0.32156864 0.3254902 0.3647059 0.29411766 0.18039216 0.14901961 0.15294118 0.12941177 0.16078432 0.22745098 0.28627452 0.37254903 0.4117647 0.37254903 0.3764706 0.28235295 0.16470589 0.14509805 0.21568628 0.36078432 0.39607844 0.42352942 0.3764706 0.19607843 0.03529412 0.02745098 0.11764706 0.3529412 0.36078432 0.34509805 0.38039216
0.42352942 0.27450982 0.25882354 0.36862746 0.3137255 0.21176471 0.1764706 0.18039216 0.14509805 0.14509805 0.21176471 0.25490198 0.26666668 0.3137255 0.28235295 0.29411766 0.16470589 0.043137256 0.011764706 0.043137256 0.15294118 0.21568628 0.22745098 0.15686275 0.09803922 0.019607844 0.011764706 0.23921569 0.42745098 0.34117648 0.30980393 0.34901962
0.4117647 0.25882354 0.20392157 0.3529412 0.34509805 0.25490198 0.19607843 0.19607843 0.16078432 0.15686275 0.20392157 0.23529412 0.21568628 0.24705882 0.23921569 0.29803923 0.22745098 0.078431375 0.007843138 0.011764706 0.0627451 0.21568628 0.34901962 0.09803922 0.02745098 0.015686275 0.0627451 0.3137255 0.40784314 0.37254903 0.30980393 0.30980393
0.36862746 0.27058825 0.15294118 0.3254902 0.38039216 0.2901961 0.21568628 0.20392157 0.16078432 0.16078432 0.20392157 0.23137255 0.19215687 0.19607843 0.22745098 0.30980393 0.34509805 0.15294118 0.039215688 0.007843138 0.047058824 0.39607844 0.63529414 0.27450982 0.05490196 0.05882353 0.21960784 0.3882353 0.35686275 0.37254903 0.32156864 0.3019608
0.34901962 0.30588236 0.14117648 0.29411766 0.4392157 0.33333334 0.24705882 0.18431373 0.1764706 0.19215687 0.21568628 0.23137255 0.1764706 0.18039216 0.23529412 0.33333334 0.49411765 0.34509805 0.13725491 0.078431375 0.27058825 0.6156863 0.69803923 0.6901961 0.3882353 0.32941177 0.45882353 0.44313726 0.36078432 0.35686275 0.35686275 0.3372549
0.32156864 0.36078432 0.20784314 0.27058825 0.4117647 0.31764707 0.2627451 0.19607843 0.23921569 0.22352941 0.21568628 0.23529412 0.1764706 0.18039216 0.23137255 0.38039216 0.5647059 0.49019608 0.31764707 0.28627452 0.47058824 0.654902 0.627451 0.7137255 0.5254902 0.49803922 0.50980395 0.4627451 0.40784314 0.3529412 0.3882353 0.36862746
0.29803923 0.35686275 0.25490198 0.2627451 0.36078432 0.3137255 0.2784314 0.21960784 0.23921569 0.20784314 0.21960784 0.23529412 0.1882353 0.16862746 0.24313726 0.46666667 0.62352943 0.5254902 0.36862746 0.40392157 0.41568628 0.5137255 0.61960787 0.5882353 0.4745098 0.5137255 0.4862745 0.44705883 0.43529412 0.36862746 0.37254903 0.39215687
0.31764707 0.32941177 0.27058825 0.24705882 0.3254902 0.34901962 0.29803923 0.23921569 0.22745098 0.2 0.21568628 0.23137255 0.2 0.18431373 0.31764707 0.5921569 0.6666667 0.54901963 0.3372549 0.36862746 0.49411765 0.49019608 0.60784316 0.5921569 0.5803922 0.58431375 0.52156866 0.44705883 0.44313726 0.39215687 0.36078432 0.41568628
0.3019608 0.32156864 0.28627452 0.28235295 0.34901962 0.36862746 0.3137255 0.2509804 0.24705882 0.21568628 0.2 0.20784314 0.19607843 0.21176471 0.43137255 0.64705884 0.6509804 0.5411765 0.3254902 0.32156864 0.5686275 0.627451 0.6156863 0.6509804 0.6627451 0.60784316 0.5176471 0.43529412 0.44313726 0.43137255 0.3647059 0.4
0.24313726 0.2784314 0.30980393 0.36862746 0.42352942 0.4117647 0.3529412 0.2627451 0.23921569 0.21960784 0.2 0.19607843 0.19607843 0.21176471 0.45490196 0.6156863 0.6627451 0.5686275 0.34509805 0.3019608 0.49803922 0.64705884 0.6862745 0.6392157 0.5921569 0.60784316 0.5058824 0.43137255 0.39607844 0.44313726 0.3882353 0.3882353
0.22745098 0.20784314 0.3019608 0.41568628 0.47843137 0.4862745 0.42352942 0.27058825 0.22352941 0.22745098 0.20392157 0.20392157 0.22745098 0.22352941 0.45882353 0.6 0.68235296 0.61960787 0.40392157 0.32941177 0.43137255 0.5764706 0.67058825 0.63529414 0.5647059 0.6117647 0.4862745 0.44313726 0.38431373 0.43137255 0.4117647 0.3764706
0.29411766 0.21176471 0.21176471 0.29803923 0.44313726 0.54509807 0.45882353 0.34509805 0.26666668 0.23137255 0.21568628 0.24705882 0.2901961 0.28627452 0.5411765 0.5647059 0.62352943 0.6392157 0.47058824 0.34509805 0.36078432 0.49411765 0.627451 0.6117647 0.54509807 0.5529412 0.4392157 0.3764706 0.42352942 0.41960785 0.43529412 0.36862746
0.30588236 0.27058825 0.24705882 0.19607843 0.3137255 0.4627451 0.45882353 0.4509804 0.36862746 0.2901961 0.25882354 0.29411766 0.31764707 0.3647059 0.5019608 0.42745098 0.4509804 0.5647059 0.50980395 0.3647059 0.32156864 0.3882353 0.5058824 0.5411765 0.52156866 0.49411765 0.43137255 0.2901961 0.43529412 0.43137255 0.4509804 0.39607844
0.2901961 0.25882354 0.3372549 0.21176471 0.2 0.27450982 0.43137255 0.4862745 0.4627451 0.4117647 0.2901961 0.30980393 0.31764707 0.40392157 0.4 0.29411766 0.33333334 0.42745098 0.44705883 0.3882353 0.3254902 0.32941177 0.37254903 0.48235294 0.52156866 0.5058824 0.5254902 0.3137255 0.36078432 0.46666667 0.4392157 0.43529412
0.28235295 0.21568628 0.32156864 0.32156864 0.25882354 0.29411766 0.4 0.49411765 0.48235294 0.42745098 0.3372549 0.33333334 0.32941177 0.43529412 0.43137255 0.2901961 0.3529412 0.39607844 0.4862745 0.44705883 0.3372549 0.30980393 0.29803923 0.4627451 0.5176471 0.5176471 0.6627451 0.47843137 0.28235295 0.44313726 0.4509804 0.47058824
0.27058825 0.20784314 0.29803923 0.42352942 0.49411765 0.5372549 0.5803922 0.6039216 0.56078434 0.49411765 0.4745098 0.44313726 0.43529412 0.46666667 0.5019608 0.34509805 0.40784314 0.4627451 0.5529412 0.50980395 0.3647059 0.3137255 0.32156864 0.44705883 0.39215687 0.52156866 0.7058824 0.64705884 0.3137255 0.36862746 0.4509804 0.4862745
0.24313726 0.21176471 0.32941177 0.43529412 0.53333336 0.5882353 0.6784314 0.6862745 0.61960787 0.5686275 0.5882353 0.56078434 0.5803922 0.5921569 0.57254905 0.4392157 0.41960785 0.41960785 0.4627451 0.48235294 0.41960785 0.36078432 0.43137255 0.40784314 0.29411766 0.52156866 0.627451 0.6862745 0.43529412 0.30588236 0.44313726 0.47843137
0.21176471 0.20392157 0.34509805 0.4392157 0.54509807 0.60784316 0.63529414 0.59607846 0.59607846 0.57254905 0.6156863 0.63529414 0.654902 0.72156864 0.6862745 0.54901963 0.49019608 0.4117647 0.3372549 0.42352942 0.5137255 0.4862745 0.5137255 0.3019608 0.38039216 0.54509807 0.6117647 0.6901961 0.5058824 0.27058825 0.43529412 0.44313726
0.18039216 0.1882353 0.35686275 0.44313726 0.5764706 0.6156863 0.58431375 0.5058824 0.5372549 0.5372549 0.6156863 0.6745098 0.67058825 0.6627451 0.6901961 0.6745098 0.6156863 0.5647059 0.47058824 0.45490196 0.6509804 0.6431373 0.45882353 0.29411766 0.5254902 0.52156866 0.5137255 0.6901961 0.5529412 0.30588236 0.3529412 0.42352942
0.14117648 0.17254902 0.3647059 0.43137255 0.5803922 0.5921569 0.5568628 0.4862745 0.5137255 0.52156866 0.6117647 0.6901961 0.69411767 0.6392157 0.654902 0.7137255 0.7176471 0.6862745 0.6627451 0.58431375 0.6666667 0.69803923 0.5254902 0.50980395 0.67058825 0.5019608 0.39215687 0.62352943 0.6156863 0.39607844 0.25490198 0.4
14 17 2
31 2 0
28 2 0
7 27 2
30 2 0
27 1 2
14 18 2
14 24 1
27 2 0
14 24 2
14 19 2
14 20 2
31 1 2
10 24 1
14 17 1
12 25 2
7 6 2
14 23 2
15 20 1
5 2 0
31 0 1
14 18 0
5 9 1
6 27 2
31 0 2
29 25 0
6 7 2
27 9 0
30 13 0
28 2 1
10 6 1
6 7 1
13 26 0
14 12 2
9 3 2
7 6 1
8 27 2
26 29 0
1 27 2
15 24 1
27 2 2
29 26 1
31 11 0
30 26 1
12 5 1
3 12 0
30 20 2
3 12 1
14 16 1
30 1 2
