32, 32, 3, 50
0.3019608 0.28235295 0.29803923 0.28235295 0.30980393 0.29411766 0.22352941 0.24313726 0.36862746 0.41960785 0.4 0.4 0.37254903 0.3254902 0.23529412 0.22745098 0.2509804 0.2627451 0.23137255 0.19215687 0.22352941 0.24313726 0.25882354 0.23137255 0.23529412 0.25882354 0.30588236 0.30588236 0.24313726 0.23137255 0.21960784 0.21960784
0.2901961 0.2784314 0.3137255 0.26666668 0.2509804 0.23921569 0.20392157 0.24705882 0.52156866 0.65882355 0.61960787 0.5058824 0.27450982 0.19607843 0.23137255 0.21568628 0.21568628 0.19215687 0.18039216 0.18039216 0.19215687 0.18431373 0.19215687 0.2 0.23921569 0.23921569 0.27058825 0.29411766 0.20392157 0.20392157 0.22352941 0.21176471
0.3137255 0.32941177 0.2901961 0.2784314 0.24313726 0.24705882 0.3019608 0.37254903 0.6156863 0.7137255 0.7137255 0.6431373 0.46666667 0.24705882 0.20392157 0.23529412 0.20784314 0.16862746 0.21176471 0.24313726 0.19215687 0.16862746 0.17254902 0.17254902 0.22745098 0.22745098 0.22352941 0.2784314 0.21568628 0.19607843 0.19607843 0.23921569
0.3529412 0.38039216 0.34117648 0.32941177 0.33333334 0.3372549 0.34117648 0.42352942 0.6627451 0.74509805 0.77254903 0.7372549 0.63529414 0.41960785 0.21568628 0.23529412 0.1882353 0.1882353 0.22352941 0.23921569 0.1764706 0.16470589 0.18431373 0.24705882 0.26666668 0.25490198 0.25490198 0.24705882 0.16862746 0.14117648 0.12941177 0.14117648
0.32156864 0.39607844 0.38431373 0.3254902 0.33333334 0.27058825 0.2627451 0.48235294 0.72156864 0.74509805 0.78431374 0.7647059 0.7058824 0.54901963 0.3019608 0.21176471 0.16862746 0.16862746 0.1764706 0.2 0.19607843 0.2 0.21568628 0.23529412 0.20784314 0.1882353 0.23921569 0.29803923 0.39607844 0.44313726 0.39215687 0.14117648
0.28235295 0.28627452 0.36078432 0.34509805 0.34509805 0.29803923 0.30588236 0.5372549 0.7607843 0.69411767 0.76862746 0.79607844 0.7411765 0.5647059 0.42745098 0.23529412 0.16862746 0.16078432 0.15294118 0.19215687 0.21960784 0.20784314 0.17254902 0.12941177 0.078431375 0.15294118 0.42352942 0.6313726 0.7176471 0.7176471 0.6666667 0.2784314
0.3372549 0.28627452 0.4 0.4392157 0.36078432 0.2901961 0.23529412 0.47843137 0.77254903 0.6862745 0.73333335 0.7764706 0.7137255 0.5137255 0.3882353 0.35686275 0.21176471 0.18039216 0.16470589 0.17254902 0.15686275 0.13725491 0.11764706 0.11764706 0.2627451 0.5176471 0.6862745 0.7490196 0.76862746 0.7372549 0.61960787 0.21960784
0.3647059 0.28235295 0.27058825 0.34901962 0.3647059 0.32941177 0.23529412 0.38039216 0.6901961 0.6509804 0.65882355 0.68235296 0.6313726 0.47843137 0.39215687 0.32941177 0.27450982 0.23529412 0.21176471 0.1882353 0.1764706 0.19607843 0.2509804 0.37254903 0.5137255 0.6901961 0.7647059 0.80784315 0.76862746 0.70980394 0.53333336 0.105882354
0.3137255 0.29803923 0.27058825 0.20784314 0.29411766 0.32156864 0.21960784 0.38039216 0.6156863 0.5372549 0.50980395 0.59607846 0.6431373 0.57254905 0.4627451 0.30980393 0.24313726 0.30588236 0.21960784 0.23529412 0.23137255 0.28627452 0.39215687 0.39607844 0.53333336 0.7490196 0.79607844 0.8235294 0.75686276 0.7058824 0.41568628 0.039215688
0.3254902 0.28627452 0.28235295 0.26666668 0.2901961 0.26666668 0.25490198 0.32941177 0.39607844 0.43529412 0.62352943 0.69411767 0.6313726 0.5764706 0.5058824 0.42745098 0.2901961 0.34117648 0.29411766 0.28627452 0.31764707 0.27058825 0.3647059 0.40392157 0.6156863 0.78039217 0.79607844 0.7647059 0.77254903 0.6862745 0.19215687 0.0
0.27058825 0.2627451 0.26666668 0.28235295 0.29411766 0.24705882 0.28627452 0.29803923 0.30588236 0.5372549 0.5686275 0.5568628 0.57254905 0.6 0.5294118 0.4862745 0.49411765 0.47058824 0.39607844 0.44705883 0.44313726 0.44705883 0.4627451 0.5921569 0.6666667 0.627451 0.70980394 0.7019608 0.7294118 0.45882353 0.02745098 0.003921569
0.2901961 0.27058825 0.24313726 0.22745098 0.26666668 0.20392157 0.2627451 0.40392157 0.4627451 0.5058824 0.48235294 0.5411765 0.54901963 0.54901963 0.36078432 0.5921569 0.5764706 0.5137255 0.49803922 0.5411765 0.5647059 0.5882353 0.59607846 0.6392157 0.7529412 0.6509804 0.5529412 0.6509804 0.63529414 0.19607843 0.0 0.019607844
0.23137255 0.23137255 0.24313726 0.1764706 0.23137255 0.22352941 0.34901962 0.4745098 0.54901963 0.4862745 0.5882353 0.6 0.54509807 0.56078434 0.38039216 0.69803923 0.54901963 0.48235294 0.49019608 0.5921569 0.52156866 0.4862745 0.63529414 0.5921569 0.61960787 0.7294118 0.5882353 0.5019608 0.47058824 0.11372549 0.0 0.050980393
0.29803923 0.35686275 0.2784314 0.23137255 0.24313726 0.21176471 0.40784314 0.5176471 0.49411765 0.45882353 0.58431375 0.4745098 0.45882353 0.6313726 0.6392157 0.6627451 0.5882353 0.5137255 0.54901963 0.6745098 0.41568628 0.45490196 0.5568628 0.5529412 0.5254902 0.5647059 0.54901963 0.33333334 0.20392157 0.02745098 0.007843138 0.07058824
0.36862746 0.3529412 0.2784314 0.27450982 0.23137255 0.2 0.44705883 0.40784314 0.34901962 0.62352943 0.61960787 0.54901963 0.5372549 0.47843137 0.7529412 0.7137255 0.5764706 0.5764706 0.6313726 0.69803923 0.54509807 0.5686275 0.47058824 0.5568628 0.5568628 0.49803922 0.47843137 0.31764707 0.2 0.019607844 0.015686275 0.03529412
0.34117648 0.2784314 0.22352941 0.20784314 0.21176471 0.21960784 0.30588236 0.34901962 0.48235294 0.6784314 0.627451 0.62352943 0.7058824 0.54901963 0.63529414 0.7254902 0.5372549 0.54509807 0.7176471 0.79607844 0.5686275 0.45882353 0.41568628 0.5882353 0.5686275 0.5019608 0.5176471 0.44313726 0.27058825 0.019607844 0.015686275 0.015686275
0.32941177 0.29411766 0.25882354 0.24705882 0.28627452 0.25882354 0.39607844 0.5647059 0.53333336 0.52156866 0.54901963 0.53333336 0.6 0.43137255 0.60784316 0.654902 0.49019608 0.5568628 0.7647059 0.61960787 0.5686275 0.60784316 0.59607846 0.54509807 0.5137255 0.48235294 0.54509807 0.5058824 0.28235295 0.03529412 0.015686275 0.007843138
0.2901961 0.30588236 0.3019608 0.25490198 0.25490198 0.27450982 0.40784314 0.49019608 0.49019608 0.54509807 0.54509807 0.5294118 0.61960787 0.3529412 0.45882353 0.60784316 0.54509807 0.61960787 0.6039216 0.36862746 0.6509804 0.7019608 0.6117647 0.6862745 0.6117647 0.34117648 0.44705883 0.5019608 0.18039216 0.043137256 0.03137255 0.007843138
0.25882354 0.19607843 0.21960784 0.19607843 0.1764706 0.26666668 0.34509805 0.3764706 0.4392157 0.5372549 0.5529412 0.5254902 0.54509807 0.29803923 0.3529412 0.6784314 0.6901961 0.5568628 0.34117648 0.39215687 0.5686275 0.5137255 0.5411765 0.5921569 0.5764706 0.4392157 0.34901962 0.44313726 0.10980392 0.011764706 0.019607844 0.007843138
0.30588236 0.27058825 0.2 0.16078432 0.19215687 0.3254902 0.42745098 0.5137255 0.52156866 0.59607846 0.59607846 0.5764706 0.5882353 0.37254903 0.3529412 0.6666667 0.64705884 0.38431373 0.20392157 0.52156866 0.6156863 0.52156866 0.5568628 0.5372549 0.5882353 0.58431375 0.4117647 0.25882354 0.05490196 0.015686275 0.015686275 0.011764706
0.31764707 0.20784314 0.14509805 0.1882353 0.23137255 0.36078432 0.47058824 0.5254902 0.5176471 0.6117647 0.6431373 0.56078434 0.63529414 0.5058824 0.3254902 0.50980395 0.43137255 0.23137255 0.4 0.54901963 0.5372549 0.54901963 0.56078434 0.53333336 0.5372549 0.5254902 0.47058824 0.18039216 0.03137255 0.023529412 0.019607844 0.011764706
0.28627452 0.16470589 0.14117648 0.16470589 0.22745098 0.3372549 0.5176471 0.5647059 0.5882353 0.6392157 0.69803923 0.5411765 0.56078434 0.73333335 0.45490196 0.40392157 0.40784314 0.45882353 0.5803922 0.60784316 0.63529414 0.6666667 0.6313726 0.5254902 0.42745098 0.4 0.3254902 0.14509805 0.09019608 0.0627451 0.03529412 0.023529412
0.20784314 0.19607843 0.13333334 0.19607843 0.16470589 0.24313726 0.57254905 0.64705884 0.6431373 0.6627451 0.6901961 0.627451 0.63529414 0.8352941 0.6313726 0.34117648 0.7411765 0.827451 0.5568628 0.4862745 0.5686275 0.7058824 0.59607846 0.58431375 0.54509807 0.4745098 0.25490198 0.11372549 0.07058824 0.0627451 0.07058824 0.043137256
0.18039216 0.18431373 0.2 0.19607843 0.13333334 0.29803923 0.49803922 0.60784316 0.5686275 0.65882355 0.72156864 0.69411767 0.6509804 0.58431375 0.41960785 0.41568628 0.75686276 0.76862746 0.6117647 0.6666667 0.69411767 0.5529412 0.43137255 0.5058824 0.47058824 0.33333334 0.25490198 0.16470589 0.043137256 0.06666667 0.08235294 0.05882353
0.20392157 0.20784314 0.2509804 0.2901961 0.2784314 0.23921569 0.41960785 0.58431375 0.58431375 0.53333336 0.65882355 0.6745098 0.70980394 0.59607846 0.39607844 0.34117648 0.4509804 0.69411767 0.73333335 0.75686276 0.6862745 0.45882353 0.5058824 0.4627451 0.34509805 0.30980393 0.2627451 0.1254902 0.07450981 0.13333334 0.105882354 0.09019608
0.23921569 0.24705882 0.26666668 0.23529412 0.17254902 0.19215687 0.35686275 0.5137255 0.5803922 0.5294118 0.6 0.6431373 0.6666667 0.7411765 0.7411765 0.70980394 0.627451 0.59607846 0.5647059 0.57254905 0.5176471 0.43529412 0.4627451 0.4 0.3764706 0.3529412 0.21568628 0.14509805 0.22352941 0.14509805 0.09411765 0.11764706
0.21176471 0.18039216 0.2627451 0.21176471 0.1764706 0.23137255 0.2784314 0.44705883 0.5411765 0.5647059 0.5647059 0.61960787 0.63529414 0.6392157 0.6 0.5921569 0.57254905 0.47058824 0.4117647 0.39215687 0.40392157 0.39215687 0.34901962 0.39607844 0.39607844 0.37254903 0.21568628 0.27450982 0.3372549 0.12941177 0.09019608 0.10980392
0.23137255 0.22745098 0.23921569 0.23137255 0.22352941 0.18039216 0.20392157 0.35686275 0.48235294 0.54901963 0.5686275 0.5529412 0.5568628 0.5294118 0.4745098 0.49019608 0.47843137 0.46666667 0.38039216 0.3529412 0.3882353 0.4117647 0.42352942 0.40784314 0.32941177 0.2901961 0.2784314 0.39607844 0.31764707 0.14117648 0.15686275 0.13333334
0.25882354 0.23921569 0.14901961 0.19607843 0.1882353 0.10980392 0.21568628 0.3529412 0.44705883 0.4 0.4392157 0.49411765 0.45882353 0.38039216 0.3647059 0.34509805 0.30588236 0.38039216 0.3647059 0.4392157 0.4392157 0.4117647 0.4117647 0.4117647 0.3372549 0.1764706 0.2627451 0.41960785 0.27450982 0.24705882 0.25490198 0.13333334
0.25490198 0.24705882 0.20392157 0.21960784 0.20784314 0.22745098 0.2784314 0.25490198 0.42352942 0.45490196 0.30980393 0.3764706 0.49803922 0.47058824 0.42745098 0.4 0.4 0.39215687 0.39215687 0.4117647 0.3764706 0.39215687 0.4117647 0.31764707 0.25490198 0.17254902 0.23137255 0.2901961 0.23921569 0.32941177 0.21960784 0.10980392
0.27450982 0.3019608 0.23529412 0.3137255 0.40784314 0.4117647 0.32156864 0.21568628 0.28235295 0.44313726 0.43529412 0.32156864 0.32941177 0.36862746 0.35686275 0.36078432 0.3254902 0.26666668 0.22352941 0.27058825 0.3647059 0.39607844 0.32941177 0.23137255 0.19607843 0.21960784 0.18431373 0.15686275 0.2627451 0.3019608 0.15294118 0.1254902
0.1882353 0.22352941 0.21960784 0.3254902 0.39607844 0.32156864 0.2627451 0.21960784 0.16862746 0.22352941 0.40784314 0.49019608 0.31764707 0.24705882 0.24313726 0.2509804 0.2901961 0.29803923 0.30980393 0.35686275 0.34117648 0.2627451 0.2509804 0.21568628 0.1882353 0.19607843 0.1882353 0.23529412 0.31764707 0.2 0.09411765 0.13725491
0.44705883 0.43529412 0.43137255 0.4509804 0.47058824 0.42352942 0.34509805 0.35686275 0.4627451 0.48235294 0.46666667 0.47843137 0.4862745 0.43529412 0.34509805 0.3529412 0.35686275 0.33333334 0.32941177 0.3019608 0.34901962 0.37254903 0.4117647 0.38431373 0.38039216 0.3764706 0.36862746 0.34117648 0.27450982 0.2509804 0.22745098 0.22745098
0.41960785 0.3647059 0.4 0.41960785 0.41568628 0.36078432 0.27058825 0.3137255 0.54901963 0.6509804 0.60784316 0.5254902 0.41568628 0.3529412 0.34901962 0.3254902 0.28627452 0.27058825 0.28235295 0.2901961 0.31764707 0.3019608 0.31764707 0.3137255 0.36862746 0.36078432 0.34117648 0.33333334 0.22352941 0.21568628 0.23529412 0.22745098
0.39607844 0.38431373 0.37254903 0.38039216 0.33333334 0.32156864 0.36862746 0.41960785 0.62352943 0.72156864 0.7137255 0.627451 0.49803922 0.34117648 0.3019608 0.30588236 0.30588236 0.3019608 0.33333334 0.32156864 0.27450982 0.27450982 0.2901961 0.25490198 0.34509805 0.33333334 0.26666668 0.3019608 0.23137255 0.21568628 0.21568628 0.2627451
0.46666667 0.46666667 0.40784314 0.39215687 0.3764706 0.38431373 0.40784314 0.4509804 0.6745098 0.7764706 0.8039216 0.74509805 0.6117647 0.43137255 0.3019608 0.30980393 0.29411766 0.3019608 0.3372549 0.30980393 0.25882354 0.2627451 0.27058825 0.30980393 0.35686275 0.3137255 0.2784314 0.27058825 0.19607843 0.16470589 0.14509805 0.15686275
0.41568628 0.4509804 0.39607844 0.32941177 0.3372549 0.30980393 0.34117648 0.50980395 0.73333335 0.7882353 0.8235294 0.78431374 0.7019608 0.5372549 0.3764706 0.34901962 0.2901961 0.24313726 0.25490198 0.2901961 0.2901961 0.27450982 0.2627451 0.2627451 0.23529412 0.21568628 0.25490198 0.30980393 0.40784314 0.4509804 0.4 0.15294118
0.34509805 0.33333334 0.36862746 0.32941177 0.36862746 0.3647059 0.3529412 0.54901963 0.7490196 0.69803923 0.79607844 0.8235294 0.7529412 0.5529412 0.42745098 0.34901962 0.25490198 0.1882353 0.25490198 0.30588236 0.2784314 0.23921569 0.2 0.14509805 0.09411765 0.16470589 0.40784314 0.61960787 0.7176471 0.7294118 0.6745098 0.28627452
0.36862746 0.32156864 0.45490196 0.48235294 0.38431373 0.3254902 0.2784314 0.5019608 0.7607843 0.6784314 0.74509805 0.8039216 0.7254902 0.50980395 0.38431373 0.3764706 0.24705882 0.22352941 0.23921569 0.22745098 0.18431373 0.16078432 0.14509805 0.14117648 0.26666668 0.50980395 0.67058825 0.7529412 0.79607844 0.76862746 0.6313726 0.23137255
0.37254903 0.3019608 0.2901961 0.33333334 0.32941177 0.3372549 0.3254902 0.43137255 0.65882355 0.63529414 0.65882355 0.69411767 0.63529414 0.48235294 0.4 0.3254902 0.2784314 0.2627451 0.23529412 0.21176471 0.2 0.21176471 0.25882354 0.3764706 0.49803922 0.6784314 0.77254903 0.8352941 0.8156863 0.7529412 0.5568628 0.11372549
0.3529412 0.3647059 0.3137255 0.24705882 0.34901962 0.4117647 0.3529412 0.44313726 0.5686275 0.5019608 0.5019608 0.59607846 0.6431373 0.5764706 0.47058824 0.3137255 0.24313726 0.31764707 0.23921569 0.25882354 0.24313726 0.28627452 0.38431373 0.38431373 0.5254902 0.75686276 0.81960785 0.8509804 0.78039217 0.7254902 0.42352942 0.043137256
0.38039216 0.34509805 0.36078432 0.3372549 0.4 0.36862746 0.32941177 0.3764706 0.38431373 0.41960785 0.627451 0.7058824 0.63529414 0.5803922 0.5176471 0.44313726 0.3019608 0.3529412 0.30980393 0.29803923 0.32156864 0.27058825 0.36078432 0.39215687 0.60784316 0.7921569 0.8156863 0.76862746 0.7647059 0.68235296 0.19607843 0.0
0.32156864 0.30980393 0.35686275 0.38431373 0.39215687 0.34117648 0.34509805 0.31764707 0.3137255 0.54509807 0.5803922 0.5686275 0.58431375 0.61960787 0.5411765 0.49803922 0.5137255 0.48235294 0.40784314 0.4627451 0.45490196 0.45490196 0.46666667 0.5921569 0.6627451 0.6156863 0.69411767 0.6901961 0.7058824 0.44705883 0.03137255 0.003921569
0.38431373 0.3764706 0.3529412 0.32156864 0.32156864 0.27450982 0.33333334 0.41568628 0.47058824 0.5176471 0.49411765 0.5529412 0.5647059 0.56078434 0.36862746 0.6039216 0.5921569 0.5254902 0.50980395 0.5568628 0.57254905 0.6 0.60784316 0.64705884 0.7607843 0.6392157 0.52156866 0.5803922 0.5686275 0.18431373 0.0 0.019607844
0.32941177 0.3529412 0.34509805 0.2509804 0.30980393 0.3254902 0.40392157 0.47843137 0.5529412 0.49411765 0.59607846 0.6117647 0.5568628 0.57254905 0.38431373 0.70980394 0.56078434 0.49019608 0.5019608 0.6039216 0.5294118 0.49803922 0.6509804 0.6 0.627451 0.7411765 0.57254905 0.44705883 0.44313726 0.11372549 0.003921569 0.05882353
0.40392157 0.4392157 0.38431373 0.3372549 0.35686275 0.3254902 0.4509804 0.52156866 0.49803922 0.45882353 0.57254905 0.47843137 0.47843137 0.6392157 0.6509804 0.6784314 0.6 0.5254902 0.56078434 0.6901961 0.42745098 0.4627451 0.5647059 0.5568628 0.53333336 0.5764706 0.5529412 0.32941177 0.20392157 0.02745098 0.011764706 0.078431375
0.43137255 0.41960785 0.38039216 0.38431373 0.3372549 0.28627452 0.4745098 0.41568628 0.36078432 0.62352943 0.6117647 0.59607846 0.63529414 0.53333336 0.7647059 0.72156864 0.5921569 0.58431375 0.6392157 0.7058824 0.5529412 0.5764706 0.47843137 0.56078434 0.5647059 0.50980395 0.49019608 0.3254902 0.20392157 0.023529412 0.015686275 0.039215688
0.36862746 0.32941177 0.3137255 0.30980393 0.3372549 0.3372549 0.34509805 0.35686275 0.49411765 0.68235296 0.63529414 0.6901961 0.84313726 0.6431373 0.6509804 0.7294118 0.54509807 0.54901963 0.7294118 0.8 0.58431375 0.49411765 0.42352942 0.5882353 0.57254905 0.50980395 0.5254902 0.44705883 0.2784314 0.02745098 0.015686275 0.015686275
0.34509805 0.29803923 0.28627452 0.29411766 0.34509805 0.32156864 0.43137255 0.5803922 0.54901963 0.5254902 0.54901963 0.5529412 0.6666667 0.47058824 0.6039216 0.65882355 0.49803922 0.5568628 0.76862746 0.6431373 0.6666667 0.7294118 0.6392157 0.53333336 0.50980395 0.49019608 0.54901963 0.50980395 0.29803923 0.047058824 0.019607844 0.007843138
0.31764707 0.34901962 0.36078432 0.3137255 0.30980393 0.34509805 0.44313726 0.5058824 0.5176471 0.5568628 0.5372549 0.52156866 0.59607846 0.3254902 0.45490196 0.6039216 0.5411765 0.6156863 0.59607846 0.3882353 0.75686276 0.80784315 0.654902 0.6862745 0.61960787 0.35686275 0.45882353 0.50980395 0.19607843 0.050980393 0.03529412 0.007843138
0.30980393 0.23921569 0.23137255 0.21960784 0.24705882 0.33333334 0.36862746 0.3882353 0.46666667 0.5568628 0.5568628 0.5294118 0.53333336 0.2901961 0.3372549 0.6313726 0.64705884 0.5411765 0.32941177 0.36078432 0.57254905 0.5294118 0.5411765 0.5921569 0.5803922 0.4509804 0.35686275 0.45490196 0.1254902 0.015686275 0.023529412 0.015686275
0.45882353 0.40784314 0.24313726 0.21176471 0.27058825 0.36078432 0.44705883 0.5411765 0.5529412 0.627451 0.6156863 0.5882353 0.5803922 0.3647059 0.33333334 0.5803922 0.5568628 0.34901962 0.2 0.49411765 0.5921569 0.5019608 0.5568628 0.54509807 0.60784316 0.61960787 0.43529412 0.27058825 0.07058824 0.019607844 0.023529412 0.023529412
0.49019608 0.38431373 0.25882354 0.2901961 0.29411766 0.4117647 0.5019608 0.54509807 0.54509807 0.6509804 0.6666667 0.5686275 0.61960787 0.47058824 0.30980393 0.45882353 0.3882353 0.20392157 0.3764706 0.53333336 0.5372549 0.54509807 0.5686275 0.5411765 0.6 0.63529414 0.53333336 0.20784314 0.047058824 0.02745098 0.023529412 0.019607844
0.44313726 0.3019608 0.23921569 0.2784314 0.31764707 0.40784314 0.5529412 0.58431375 0.6156863 0.6784314 0.72156864 0.5372549 0.54509807 0.7176471 0.43529412 0.3529412 0.38431373 0.42745098 0.56078434 0.6039216 0.6392157 0.6784314 0.6431373 0.5647059 0.5294118 0.45882353 0.34117648 0.16470589 0.11372549 0.078431375 0.047058824 0.03137255
0.34509805 0.35686275 0.21176471 0.25490198 0.2627451 0.3372549 0.61960787 0.6862745 0.6901961 0.70980394 0.7254902 0.6392157 0.6313726 0.8509804 0.6392157 0.33333334 0.73333335 0.80784315 0.5372549 0.47843137 0.5764706 0.7490196 0.6745098 0.65882355 0.60784316 0.4745098 0.27450982 0.13333334 0.08627451 0.08235294 0.08235294 0.050980393
0.29411766 0.31764707 0.27450982 0.29411766 0.2627451 0.38431373 0.5411765 0.63529414 0.6117647 0.7058824 0.76862746 0.7411765 0.6784314 0.60784316 0.43137255 0.43529412 0.7764706 0.7607843 0.6 0.65882355 0.7176471 0.6627451 0.5686275 0.56078434 0.49019608 0.34901962 0.27058825 0.18431373 0.05882353 0.07450981 0.08627451 0.06666667
0.3137255 0.31764707 0.32941177 0.39607844 0.37254903 0.3254902 0.4509804 0.6156863 0.61960787 0.57254905 0.7058824 0.72156864 0.75686276 0.627451 0.39215687 0.33333334 0.47058824 0.7176471 0.75686276 0.7882353 0.74509805 0.60784316 0.59607846 0.48235294 0.35686275 0.3137255 0.27450982 0.14509805 0.09019608 0.14509805 0.10980392 0.09411765
0.4 0.3882353 0.30588236 0.30588236 0.27058825 0.27058825 0.3764706 0.54901963 0.6117647 0.54901963 0.627451 0.6784314 0.7058824 0.78039217 0.77254903 0.7372549 0.65882355 0.627451 0.5921569 0.60784316 0.5764706 0.5137255 0.5019608 0.41960785 0.39215687 0.36078432 0.22352941 0.15686275 0.22745098 0.14901961 0.09803922 0.12156863
0.38039216 0.29411766 0.29803923 0.26666668 0.30588236 0.30980393 0.30980393 0.49019608 0.57254905 0.5803922 0.5803922 0.64705884 0.6666667 0.6627451 0.61960787 0.6117647 0.5882353 0.48235294 0.41960785 0.44313726 0.45490196 0.42352942 0.39607844 0.40784314 0.40784314 0.39215687 0.23137255 0.2784314 0.3372549 0.13333334 0.09411765 0.11764706
0.4117647 0.3137255 0.29803923 0.28235295 0.3137255 0.2784314 0.25490198 0.38431373 0.50980395 0.5803922 0.5803922 0.57254905 0.5803922 0.5411765 0.48235294 0.49411765 0.47843137 0.4627451 0.41568628 0.39607844 0.40784314 0.43137255 0.47058824 0.42745098 0.34117648 0.30588236 0.2901961 0.4 0.31764707 0.14509805 0.15686275 0.13725491
0.42352942 0.32156864 0.21568628 0.27450982 0.25882354 0.19215687 0.28627452 0.40784314 0.4745098 0.41960785 0.45882353 0.5137255 0.47058824 0.3882353 0.37254903 0.3529412 0.30980393 0.39215687 0.41568628 0.44705883 0.44313726 0.43529412 0.46666667 0.43529412 0.35686275 0.1882353 0.26666668 0.42745098 0.27450982 0.23921569 0.25490198 0.14117648
0.36078432 0.32941177 0.3019608 0.3254902 0.2784314 0.2901961 0.3372549 0.30980393 0.44313726 0.4627451 0.31764707 0.39607844 0.5176471 0.47843137 0.43529412 0.4 0.4117647 0.45490196 0.42352942 0.41960785 0.38431373 0.40784314 0.45490196 0.34901962 0.27450982 0.18431373 0.23529412 0.29803923 0.24313726 0.32156864 0.22352941 0.12941177
0.34901962 0.34901962 0.36078432 0.39215687 0.42352942 0.42352942 0.34117648 0.23529412 0.3137255 0.48235294 0.4392157 0.32941177 0.34509805 0.38039216 0.35686275 0.3647059 0.38039216 0.3137255 0.23137255 0.2784314 0.37254903 0.40784314 0.36078432 0.2627451 0.20392157 0.22745098 0.1882353 0.16078432 0.26666668 0.3019608 0.15294118 0.15294118
0.28627452 0.2784314 0.33333334 0.3882353 0.40392157 0.35686275 0.28235295 0.22745098 0.19607843 0.29803923 0.44705883 0.49411765 0.31764707 0.24705882 0.23921569 0.28627452 0.33333334 0.29803923 0.30980393 0.3647059 0.34901962 0.26666668 0.27450982 0.2509804 0.19607843 0.20392157 0.20392157 0.25490198 0.32941177 0.20784314 0.105882354 0.17254902
0.12941177 0.09803922 0.13333334 0.1254902 0.15294118 0.14901961 0.05882353 0.0627451 0.21960784 0.32156864 0.24705882 0.1764706 0.18039216 0.16078432 0.101960786 0.10980392 0.12941177 0.13333334 0.1254902 0.11372549 0.13333334 0.14901961 0.18039216 0.14901961 0.16078432 0.2 0.23921569 0.24705882 0.20392157 0.18039216 0.16470589 0.15686275
0.13333334 0.12156863 0.15294118 0.12156863 0.09803922 0.08235294 0.039215688 0.11372549 0.46666667 0.63529414 0.53333336 0.35686275 0.14117648 0.07450981 0.10980392 0.09803922 0.105882354 0.08235294 0.0627451 0.078431375 0.08627451 0.09019608 0.10980392 0.1254902 0.18431373 0.19215687 0.21176471 0.22352941 0.16078432 0.17254902 0.1764706 0.15294118
0.14901961 0.16862746 0.1254902 0.11372549 0.09019608 0.08627451 0.1254902 0.24313726 0.5882353 0.7254902 0.69411767 0.5764706 0.36078432 0.11372549 0.08235294 0.1254902 0.105882354 0.078431375 0.09803922 0.1254902 0.078431375 0.07450981 0.08627451 0.10980392 0.18431373 0.17254902 0.15686275 0.21960784 0.1882353 0.2 0.19607843 0.23137255
0.17254902 0.20784314 0.17254902 0.14509805 0.14901961 0.16470589 0.15686275 0.3019608 0.69411767 0.83137256 0.8235294 0.7294118 0.5568628 0.2901961 0.09803922 0.13725491 0.08235294 0.0627451 0.09803922 0.09803922 0.05882353 0.0627451 0.105882354 0.19215687 0.2509804 0.22745098 0.23137255 0.2509804 0.1882353 0.16470589 0.14901961 0.15686275
0.1254902 0.18431373 0.17254902 0.13725491 0.14901961 0.11764706 0.101960786 0.3882353 0.76862746 0.85490197 0.8784314 0.8039216 0.6862745 0.46666667 0.2 0.10980392 0.05490196 0.047058824 0.05882353 0.078431375 0.101960786 0.15686275 0.21960784 0.23529412 0.22745098 0.21176471 0.2509804 0.28235295 0.3647059 0.4117647 0.36862746 0.14509805
0.10980392 0.10980392 0.15294118 0.16862746 0.19215687 0.15294118 0.13725491 0.43529412 0.7529412 0.7411765 0.8745098 0.85490197 0.75686276 0.5137255 0.34901962 0.14901961 0.0627451 0.039215688 0.043137256 0.11372549 0.20392157 0.23921569 0.20784314 0.15294118 0.101960786 0.15686275 0.36862746 0.5568628 0.6666667 0.6901961 0.627451 0.26666668
0.14509805 0.1254902 0.23529412 0.25490198 0.18039216 0.13725491 0.09803922 0.3882353 0.7764706 0.7176471 0.8 0.85882354 0.7607843 0.5019608 0.34901962 0.29803923 0.16470589 0.13725491 0.13725491 0.1882353 0.18039216 0.16470589 0.14509805 0.13333334 0.24705882 0.47058824 0.62352943 0.7254902 0.8039216 0.78431374 0.61960787 0.21568628
0.14509805 0.09411765 0.11372549 0.14901961 0.13333334 0.12941177 0.08627451 0.25882354 0.62352943 0.654902 0.7019608 0.74509805 0.67058825 0.46666667 0.36078432 0.27058825 0.24705882 0.2627451 0.24705882 0.22745098 0.21176471 0.21176471 0.2509804 0.34509805 0.45490196 0.6509804 0.7764706 0.85882354 0.87058824 0.8117647 0.5529412 0.101960786
0.105882354 0.09411765 0.105882354 0.09411765 0.13725491 0.13333334 0.05882353 0.2784314 0.5176471 0.4745098 0.50980395 0.6039216 0.6392157 0.54901963 0.43529412 0.2784314 0.22352941 0.30588236 0.22352941 0.24313726 0.23529412 0.24705882 0.34117648 0.3372549 0.49019608 0.7647059 0.85882354 0.9019608 0.81960785 0.7372549 0.41568628 0.03137255
0.13333334 0.08627451 0.08627451 0.08627451 0.12156863 0.11764706 0.105882354 0.24705882 0.34509805 0.38431373 0.62352943 0.7019608 0.62352943 0.5647059 0.49411765 0.41960785 0.28235295 0.32941177 0.27450982 0.2784314 0.3019608 0.22745098 0.30588236 0.3372549 0.5921569 0.81960785 0.84705883 0.8 0.79607844 0.6784314 0.1764706 0.0
0.101960786 0.09803922 0.105882354 0.11372549 0.12156863 0.09411765 0.14117648 0.23529412 0.28627452 0.5137255 0.5686275 0.5568628 0.5686275 0.6039216 0.52156866 0.47843137 0.49803922 0.4627451 0.38039216 0.4392157 0.42352942 0.42352942 0.42745098 0.54901963 0.6509804 0.61960787 0.7058824 0.70980394 0.7137255 0.42745098 0.03137255 0.003921569
0.16078432 0.15686275 0.105882354 0.09019608 0.09411765 0.0627451 0.19607843 0.3764706 0.43529412 0.4862745 0.46666667 0.5294118 0.54901963 0.5529412 0.3529412 0.59607846 0.5921569 0.50980395 0.49019608 0.54509807 0.54509807 0.57254905 0.5686275 0.60784316 0.73333335 0.62352943 0.5019608 0.5294118 0.48235294 0.15294118 0.0 0.011764706
0.09803922 0.09803922 0.09019608 0.0627451 0.09803922 0.11372549 0.3254902 0.45882353 0.5137255 0.45882353 0.57254905 0.5921569 0.5411765 0.5647059 0.37254903 0.7058824 0.5529412 0.47058824 0.48235294 0.6 0.5058824 0.47058824 0.6117647 0.5647059 0.6 0.7176471 0.5294118 0.38431373 0.38039216 0.101960786 0.0 0.039215688
0.11764706 0.18431373 0.12941177 0.105882354 0.105882354 0.105882354 0.38431373 0.50980395 0.47843137 0.42352942 0.5411765 0.44705883 0.45490196 0.627451 0.6431373 0.6784314 0.5803922 0.49803922 0.5372549 0.68235296 0.40392157 0.43529412 0.5411765 0.52156866 0.49019608 0.5372549 0.52156866 0.28627452 0.1764706 0.02745098 0.003921569 0.05490196
0.1882353 0.1764706 0.09803922 0.105882354 0.101960786 0.11764706 0.44313726 0.41568628 0.34901962 0.59607846 0.5686275 0.54901963 0.5647059 0.47843137 0.76862746 0.7254902 0.57254905 0.56078434 0.61960787 0.68235296 0.5176471 0.5529412 0.44705883 0.52156866 0.5176471 0.45882353 0.43529412 0.27058825 0.1764706 0.019607844 0.011764706 0.02745098
0.15294118 0.105882354 0.07058824 0.07058824 0.08627451 0.13725491 0.3019608 0.3529412 0.47843137 0.654902 0.6039216 0.64705884 0.8 0.6 0.6431373 0.7254902 0.5372549 0.53333336 0.69803923 0.7764706 0.5372549 0.43529412 0.3764706 0.5411765 0.5176471 0.4509804 0.45882353 0.38039216 0.24313726 0.019607844 0.011764706 0.011764706
0.13725491 0.09019608 0.09803922 0.11764706 0.15686275 0.15294118 0.3882353 0.5921569 0.5411765 0.4862745 0.5137255 0.5058824 0.627451 0.44705883 0.59607846 0.6431373 0.47843137 0.5294118 0.7372549 0.6117647 0.5686275 0.6313726 0.56078434 0.4509804 0.45490196 0.44313726 0.5019608 0.4627451 0.25882354 0.03529412 0.019607844 0.003921569
0.09803922 0.13725491 0.16470589 0.11372549 0.09803922 0.15294118 0.39607844 0.52156866 0.5176471 0.5372549 0.49411765 0.46666667 0.50980395 0.27450982 0.42745098 0.5686275 0.5019608 0.5568628 0.54509807 0.3764706 0.69411767 0.74509805 0.5921569 0.61960787 0.5686275 0.3137255 0.41568628 0.4627451 0.16862746 0.03529412 0.03137255 0.003921569
0.11372549 0.09803922 0.11372549 0.0627451 0.043137256 0.14117648 0.32156864 0.39215687 0.47843137 0.56078434 0.5294118 0.49803922 0.47843137 0.2627451 0.2901961 0.5372549 0.5411765 0.44705883 0.26666668 0.28235295 0.49803922 0.47058824 0.49019608 0.5372549 0.52156866 0.4117647 0.32156864 0.4117647 0.101960786 0.003921569 0.011764706 0.003921569
0.1882353 0.15294118 0.08235294 0.047058824 0.05882353 0.21568628 0.43137255 0.5529412 0.5647059 0.6509804 0.62352943 0.56078434 0.53333336 0.32941177 0.27058825 0.4509804 0.39607844 0.24313726 0.15686275 0.4117647 0.50980395 0.4392157 0.49019608 0.47843137 0.54901963 0.5411765 0.37254903 0.23921569 0.05490196 0.011764706 0.011764706 0.011764706
0.1764706 0.11764706 0.039215688 0.05490196 0.101960786 0.29411766 0.49803922 0.57254905 0.5686275 0.6862745 0.6745098 0.5411765 0.5764706 0.41568628 0.29803923 0.38431373 0.3019608 0.14509805 0.31764707 0.4627451 0.48235294 0.4862745 0.5019608 0.5058824 0.50980395 0.45490196 0.41960785 0.17254902 0.039215688 0.015686275 0.015686275 0.007843138
0.15294118 0.050980393 0.03529412 0.05882353 0.12156863 0.3019608 0.5647059 0.60784316 0.6431373 0.72156864 0.7294118 0.5019608 0.49803922 0.6627451 0.40784314 0.3254902 0.34901962 0.35686275 0.4745098 0.5372549 0.58431375 0.6392157 0.6 0.49803922 0.3647059 0.34509805 0.3019608 0.14901961 0.105882354 0.0627451 0.02745098 0.015686275
0.09019608 0.07450981 0.043137256 0.0627451 0.03529412 0.21176471 0.63529414 0.7058824 0.72156864 0.76862746 0.7529412 0.61960787 0.6117647 0.84313726 0.6392157 0.32156864 0.70980394 0.74509805 0.46666667 0.42352942 0.49803922 0.70980394 0.5882353 0.5411765 0.5058824 0.4627451 0.24705882 0.11372549 0.078431375 0.06666667 0.05882353 0.03137255
0.06666667 0.08627451 0.07450981 0.0627451 0.06666667 0.28235295 0.54901963 0.67058825 0.6313726 0.7529412 0.8235294 0.78039217 0.70980394 0.627451 0.45882353 0.45882353 0.7764706 0.7294118 0.5372549 0.60784316 0.6862745 0.5411765 0.36862746 0.48235294 0.4745098 0.33333334 0.2509804 0.16862746 0.043137256 0.050980393 0.05882353 0.043137256
0.09411765 0.09411765 0.08627451 0.15294118 0.23529412 0.23137255 0.4627451 0.6627451 0.64705884 0.6 0.75686276 0.78039217 0.827451 0.68235296 0.4392157 0.36862746 0.4862745 0.7254902 0.7411765 0.8 0.74509805 0.40392157 0.45882353 0.47058824 0.34117648 0.29411766 0.25490198 0.13333334 0.07058824 0.11372549 0.08235294 0.06666667
0.10980392 0.101960786 0.09803922 0.14509805 0.13333334 0.17254902 0.37254903 0.5803922 0.65882355 0.57254905 0.67058825 0.7294118 0.7647059 0.8509804 0.8235294 0.76862746 0.6862745 0.64705884 0.60784316 0.61960787 0.52156866 0.4117647 0.4745098 0.4 0.36862746 0.34117648 0.20392157 0.13333334 0.20392157 0.12156863 0.0627451 0.09019608
0.08235294 0.047058824 0.11764706 0.11372549 0.14117648 0.18431373 0.2509804 0.5058824 0.6156863 0.6156863 0.6156863 0.69411767 0.70980394 0.69803923 0.64705884 0.63529414 0.59607846 0.4627451 0.39607844 0.3647059 0.38431373 0.39607844 0.3254902 0.38039216 0.3764706 0.38431373 0.20784314 0.24705882 0.3019608 0.101960786 0.06666667 0.09019608
0.09803922 0.07450981 0.101960786 0.12156863 0.16470589 0.13725491 0.20784314 0.38431373 0.53333336 0.627451 0.6117647 0.6039216 0.61960787 0.5686275 0.49019608 0.5019608 0.4745098 0.44313726 0.34901962 0.30980393 0.38431373 0.4 0.39607844 0.39607844 0.30980393 0.29411766 0.27058825 0.36862746 0.28627452 0.10980392 0.12156863 0.11372549
0.105882354 0.078431375 0.039215688 0.10980392 0.11372549 0.05882353 0.21960784 0.34509805 0.4627451 0.44705883 0.4862745 0.54509807 0.49411765 0.39607844 0.36862746 0.3372549 0.2901961 0.34901962 0.30588236 0.40392157 0.42352942 0.41568628 0.4 0.40392157 0.3372549 0.16862746 0.24313726 0.39215687 0.23921569 0.1882353 0.20392157 0.11372549
0.101960786 0.09411765 0.078431375 0.11764706 0.11764706 0.1764706 0.2627451 0.25882354 0.42352942 0.45882353 0.31764707 0.42352942 0.5372549 0.48235294 0.41960785 0.3764706 0.38039216 0.35686275 0.3647059 0.39607844 0.35686275 0.3882353 0.4 0.30588236 0.27058825 0.16862746 0.21176471 0.27058825 0.2 0.26666668 0.1882353 0.09411765
0.101960786 0.1254902 0.11764706 0.21960784 0.3254902 0.36078432 0.28627452 0.20784314 0.2901961 0.4392157 0.43137255 0.32941177 0.3647059 0.3882353 0.34901962 0.36078432 0.29803923 0.24705882 0.20784314 0.24705882 0.34901962 0.4 0.31764707 0.20784314 0.19215687 0.21176471 0.17254902 0.14509805 0.22745098 0.25882354 0.13725491 0.10980392
0.047058824 0.08235294 0.11764706 0.24705882 0.3372549 0.27450982 0.23137255 0.19215687 0.16470589 0.20784314 0.4117647 0.49803922 0.30980393 0.23137255 0.21568628 0.21568628 0.2509804 0.27058825 0.2784314 0.33333334 0.3372549 0.2627451 0.2509804 0.20784314 0.1764706 0.18431373 0.16862746 0.19215687 0.2784314 0.18431373 0.08627451 0.11764706
4 6 2
1 6 2
9 31 0
28 2 2
2 3 2
2 6 2
26 30 2
1 5 2
12 30 0
24 10 2
8 31 1
9 31 2
2 5 2
15 29 0
9 5 2
26 1 2
17 29 2
10 30 0
21 13 2
16 29 1
20 27 0
20 29 2
21 4 2
21 1 2
24 12 1
23 10 2
2 26 2
21 3 2
2 25 2
20 30 2
12 30 1
2 4 2
1 13 0
1 6 0
28 2 0
29 7 0
12 25 1
20 3 2
1 6 1
15 29 2
22 9 2
1 7 2
2 2 2
18 20 1
1 13 2
14 2 2
15 29 1
5 11 2
9 2 0
23 2 2
