32, 32, 3, 50
0.2784314 0.28627452 0.2509804 0.2627451 0.2901961 0.35686275 0.34117648 0.42352942 0.42352942 0.3254902 0.37254903 0.43137255 0.42352942 0.5372549 0.5137255 0.5568628 0.5372549 0.49803922 0.47058824 0.3764706 0.4 0.4 0.4 0.39607844 0.3647059 0.30980393 0.27450982 0.1882353 0.078431375 0.015686275 0.0 0.003921569
0.31764707 0.2901961 0.28627452 0.3254902 0.30980393 0.34117648 0.32941177 0.44705883 0.4862745 0.38431373 0.3529412 0.43529412 0.41568628 0.4117647 0.54901963 0.5921569 0.5019608 0.47843137 0.44705883 0.4627451 0.43137255 0.38431373 0.3647059 0.34901962 0.36862746 0.33333334 0.3254902 0.23921569 0.09411765 0.02745098 0.0 0.003921569
0.3254902 0.25882354 0.27450982 0.3137255 0.29411766 0.3019608 0.32156864 0.44705883 0.52156866 0.44313726 0.3254902 0.4392157 0.40784314 0.39215687 0.43529412 0.5294118 0.5137255 0.5294118 0.47058824 0.50980395 0.39215687 0.37254903 0.37254903 0.38431373 0.42352942 0.3882353 0.3764706 0.32156864 0.12941177 0.03529412 0.003921569 0.003921569
0.29411766 0.27058825 0.26666668 0.30588236 0.34901962 0.35686275 0.37254903 0.46666667 0.50980395 0.42745098 0.34117648 0.40392157 0.49411765 0.4 0.42352942 0.47843137 0.5568628 0.57254905 0.5137255 0.5647059 0.5411765 0.4627451 0.40392157 0.4117647 0.42745098 0.42745098 0.41568628 0.39215687 0.18431373 0.050980393 0.007843138 0.003921569
0.3647059 0.33333334 0.3137255 0.3764706 0.41568628 0.45490196 0.45490196 0.5176471 0.5176471 0.39215687 0.38039216 0.40784314 0.72156864 0.5882353 0.45490196 0.4862745 0.49019608 0.54901963 0.5529412 0.59607846 0.7607843 0.59607846 0.47843137 0.42745098 0.4117647 0.43529412 0.43529412 0.41568628 0.21960784 0.0627451 0.011764706 0.003921569
0.39215687 0.34901962 0.36862746 0.40784314 0.44313726 0.48235294 0.47843137 0.5529412 0.57254905 0.4392157 0.39215687 0.41960785 0.70980394 0.84313726 0.6509804 0.5411765 0.46666667 0.58431375 0.6627451 0.61960787 0.67058825 0.5411765 0.5686275 0.50980395 0.41960785 0.39215687 0.41960785 0.40784314 0.25490198 0.09019608 0.019607844 0.003921569
0.3764706 0.34901962 0.4 0.38431373 0.39607844 0.39215687 0.45490196 0.5529412 0.58431375 0.4745098 0.3882353 0.4627451 0.6666667 0.85882354 0.8352941 0.68235296 0.6431373 0.6431373 0.6509804 0.5686275 0.49411765 0.49803922 0.57254905 0.5294118 0.47843137 0.45882353 0.5294118 0.5019608 0.3529412 0.14509805 0.039215688 0.003921569
0.28627452 0.30588236 0.33333334 0.3137255 0.3372549 0.31764707 0.37254903 0.5058824 0.54901963 0.44313726 0.32941177 0.4 0.6431373 0.8235294 0.8627451 0.8392157 0.78039217 0.6509804 0.6039216 0.5254902 0.4392157 0.5176471 0.63529414 0.6313726 0.5568628 0.5803922 0.60784316 0.5254902 0.37254903 0.16470589 0.050980393 0.007843138
0.25490198 0.25882354 0.2901961 0.32156864 0.29411766 0.42745098 0.4627451 0.52156866 0.5529412 0.4117647 0.30588236 0.34117648 0.5686275 0.85882354 0.83137256 0.78431374 0.7921569 0.62352943 0.52156866 0.47058824 0.47058824 0.54901963 0.6509804 0.61960787 0.57254905 0.4862745 0.49411765 0.49019608 0.34509805 0.16078432 0.05882353 0.011764706
0.34901962 0.3647059 0.4392157 0.4509804 0.35686275 0.5176471 0.53333336 0.45490196 0.47058824 0.3764706 0.30980393 0.32941177 0.6313726 0.9019608 0.79607844 0.654902 0.7647059 0.54509807 0.3764706 0.44705883 0.4862745 0.58431375 0.6745098 0.57254905 0.39607844 0.32941177 0.34117648 0.3764706 0.35686275 0.1764706 0.07058824 0.015686275
0.3254902 0.3764706 0.47843137 0.44705883 0.40784314 0.4509804 0.49803922 0.36862746 0.4 0.44313726 0.33333334 0.52156866 0.77254903 0.8980392 0.9019608 0.85882354 0.7764706 0.4745098 0.50980395 0.54509807 0.50980395 0.654902 0.5921569 0.44705883 0.5019608 0.50980395 0.5058824 0.4 0.31764707 0.18039216 0.07058824 0.011764706
0.28627452 0.38039216 0.42352942 0.3372549 0.34509805 0.39215687 0.44313726 0.32941177 0.40392157 0.49019608 0.4392157 0.75686276 0.8392157 0.88235295 0.9529412 0.972549 0.72156864 0.42745098 0.6 0.6431373 0.5529412 0.59607846 0.40392157 0.42745098 0.5058824 0.5921569 0.5921569 0.5411765 0.4117647 0.15686275 0.05882353 0.011764706
0.32941177 0.4 0.4 0.30588236 0.3372549 0.3764706 0.38431373 0.32941177 0.40784314 0.5372549 0.64705884 0.87058824 0.8392157 0.9372549 0.9411765 0.92941177 0.7647059 0.5529412 0.6509804 0.6784314 0.5647059 0.4509804 0.4117647 0.4117647 0.47058824 0.5882353 0.65882355 0.5921569 0.4392157 0.28627452 0.101960786 0.019607844
0.4627451 0.5568628 0.50980395 0.4117647 0.42745098 0.42352942 0.42352942 0.43529412 0.44705883 0.5294118 0.8117647 0.8745098 0.84705883 0.98039216 0.9411765 0.84313726 0.7529412 0.6313726 0.65882355 0.6431373 0.4745098 0.43137255 0.50980395 0.50980395 0.45490196 0.5921569 0.68235296 0.72156864 0.5411765 0.3372549 0.12156863 0.02745098
0.49411765 0.56078434 0.56078434 0.4627451 0.44313726 0.45882353 0.46666667 0.5647059 0.45490196 0.57254905 0.85882354 0.88235295 0.9098039 0.9882353 0.9372549 0.8352941 0.7490196 0.6627451 0.62352943 0.5921569 0.45490196 0.5176471 0.6117647 0.63529414 0.6431373 0.68235296 0.69411767 0.7019608 0.58431375 0.3372549 0.12941177 0.02745098
0.4509804 0.5686275 0.57254905 0.47058824 0.4745098 0.42352942 0.38039216 0.48235294 0.41568628 0.654902 0.85490197 0.9137255 0.9529412 0.98039216 0.89411765 0.7764706 0.7137255 0.654902 0.62352943 0.5921569 0.52156866 0.5882353 0.6627451 0.72156864 0.7529412 0.7411765 0.6666667 0.64705884 0.5529412 0.3529412 0.13333334 0.02745098
0.4117647 0.54509807 0.57254905 0.5294118 0.49411765 0.42745098 0.36078432 0.34901962 0.4392157 0.69411767 0.84705883 0.94509804 0.9764706 0.94509804 0.83137256 0.72156864 0.6666667 0.6509804 0.6392157 0.5882353 0.5803922 0.6627451 0.7176471 0.7529412 0.7764706 0.7176471 0.627451 0.64705884 0.53333336 0.34117648 0.13333334 0.023529412
0.37254903 0.4627451 0.5764706 0.43137255 0.39215687 0.4745098 0.4392157 0.28235295 0.4117647 0.7294118 0.89411765 0.9607843 0.9843137 0.8980392 0.7529412 0.69803923 0.6745098 0.6431373 0.6117647 0.57254905 0.68235296 0.75686276 0.75686276 0.7647059 0.7490196 0.65882355 0.5921569 0.5764706 0.44313726 0.28235295 0.10980392 0.019607844
0.35686275 0.40392157 0.45490196 0.3254902 0.44705883 0.53333336 0.47058824 0.24313726 0.3647059 0.78039217 0.9372549 0.9372549 0.95686275 0.8627451 0.7607843 0.69803923 0.6627451 0.61960787 0.5921569 0.6784314 0.7764706 0.7882353 0.7607843 0.69803923 0.6 0.41960785 0.36862746 0.3137255 0.24705882 0.16078432 0.0627451 0.007843138
0.34509805 0.38039216 0.2784314 0.31764707 0.52156866 0.52156866 0.34117648 0.23529412 0.47058824 0.8392157 0.9490196 0.9411765 0.9372549 0.84705883 0.8039216 0.68235296 0.61960787 0.54901963 0.5921569 0.8156863 0.78431374 0.7411765 0.5411765 0.36078432 0.2901961 0.25882354 0.23529412 0.21568628 0.1764706 0.11764706 0.039215688 0.003921569
0.32941177 0.38431373 0.27450982 0.22745098 0.36078432 0.4509804 0.24313726 0.27450982 0.6156863 0.84313726 0.9372549 0.92156863 0.9254902 0.8666667 0.77254903 0.61960787 0.5568628 0.5137255 0.6392157 0.75686276 0.5568628 0.39215687 0.2901961 0.23921569 0.20392157 0.25490198 0.24313726 0.24705882 0.17254902 0.09803922 0.03529412 0.003921569
0.34117648 0.3647059 0.3019608 0.1882353 0.19215687 0.23137255 0.16862746 0.23137255 0.6431373 0.8117647 0.9254902 0.8235294 0.8352941 0.8039216 0.64705884 0.5568628 0.5647059 0.5882353 0.5176471 0.40784314 0.42745098 0.36078432 0.26666668 0.25490198 0.23921569 0.24705882 0.23137255 0.22352941 0.14117648 0.06666667 0.023529412 0.003921569
0.3529412 0.34901962 0.28627452 0.1882353 0.13725491 0.105882354 0.08235294 0.15294118 0.627451 0.8156863 0.8627451 0.89411765 0.7372549 0.61960787 0.59607846 0.5529412 0.6313726 0.654902 0.43137255 0.47058824 0.40392157 0.2509804 0.22352941 0.23921569 0.24313726 0.23137255 0.20784314 0.2 0.14117648 0.08235294 0.023529412 0.003921569
0.3647059 0.33333334 0.27450982 0.13725491 0.08235294 0.06666667 0.043137256 0.14117648 0.627451 0.77254903 0.7294118 0.7882353 0.75686276 0.64705884 0.5921569 0.5372549 0.6431373 0.7764706 0.42745098 0.31764707 0.25490198 0.21568628 0.21568628 0.23137255 0.24313726 0.23529412 0.21568628 0.2 0.15294118 0.06666667 0.015686275 0.003921569
0.5568628 0.39215687 0.2784314 0.101960786 0.050980393 0.050980393 0.039215688 0.16470589 0.6862745 0.68235296 0.49803922 0.654902 0.60784316 0.44313726 0.4745098 0.39607844 0.5529412 0.87058824 0.54901963 0.39215687 0.3647059 0.3254902 0.3019608 0.27058825 0.25490198 0.23137255 0.22745098 0.20784314 0.13725491 0.05882353 0.015686275 0.003921569
0.72156864 0.5686275 0.42352942 0.24705882 0.15294118 0.13333334 0.09411765 0.23921569 0.7294118 0.50980395 0.22745098 0.7254902 0.79607844 0.49019608 0.50980395 0.47058824 0.6627451 0.92941177 0.77254903 0.5254902 0.38039216 0.4 0.34509805 0.29803923 0.26666668 0.25490198 0.25490198 0.21176471 0.13333334 0.050980393 0.007843138 0.003921569
0.6666667 0.6901961 0.6313726 0.56078434 0.52156866 0.4862745 0.43529412 0.5176471 0.73333335 0.58431375 0.4627451 0.78039217 0.8235294 0.6156863 0.6862745 0.7607843 0.7372549 0.7137255 0.5764706 0.4 0.35686275 0.34509805 0.32156864 0.3372549 0.32941177 0.3254902 0.2901961 0.23137255 0.13725491 0.043137256 0.007843138 0.003921569
0.73333335 0.7607843 0.7490196 0.76862746 0.7882353 0.76862746 0.7529412 0.74509805 0.7372549 0.75686276 0.7058824 0.75686276 0.7529412 0.6392157 0.6117647 0.57254905 0.49803922 0.42352942 0.37254903 0.40392157 0.42745098 0.46666667 0.49411765 0.49803922 0.5254902 0.5176471 0.42745098 0.32156864 0.16862746 0.043137256 0.003921569 0.003921569
0.7882353 0.78431374 0.7921569 0.7607843 0.75686276 0.74509805 0.7490196 0.70980394 0.72156864 0.79607844 0.70980394 0.64705884 0.7372549 0.627451 0.47843137 0.38431373 0.44313726 0.43529412 0.5058824 0.56078434 0.5686275 0.62352943 0.62352943 0.6313726 0.627451 0.63529414 0.53333336 0.33333334 0.15294118 0.03137255 0.003921569 0.003921569
0.70980394 0.68235296 0.69803923 0.6666667 0.69411767 0.7490196 0.75686276 0.7294118 0.7490196 0.7490196 0.6431373 0.61960787 0.7647059 0.54901963 0.39215687 0.49803922 0.68235296 0.6627451 0.6666667 0.5882353 0.6627451 0.68235296 0.654902 0.67058825 0.627451 0.62352943 0.44705883 0.21960784 0.105882354 0.023529412 0.003921569 0.003921569
0.61960787 0.6313726 0.69803923 0.70980394 0.6784314 0.6627451 0.627451 0.6156863 0.64705884 0.6784314 0.6313726 0.62352943 0.81960785 0.57254905 0.5647059 0.7647059 0.7882353 0.72156864 0.6745098 0.67058825 0.77254903 0.73333335 0.74509805 0.70980394 0.6509804 0.5647059 0.38039216 0.19607843 0.08235294 0.015686275 0.003921569 0.003921569
0.6392157 0.627451 0.5764706 0.5882353 0.52156866 0.4509804 0.54509807 0.6117647 0.7058824 0.8039216 0.7882353 0.7176471 0.7294118 0.69411767 0.74509805 0.7529412 0.7294118 0.69411767 0.6862745 0.7647059 0.7294118 0.70980394 0.7019608 0.6313726 0.6039216 0.5372549 0.4 0.19215687 0.0627451 0.011764706 0.003921569 0.003921569
0.21960784 0.22745098 0.19607843 0.21176471 0.23921569 0.29803923 0.27450982 0.34509805 0.34117648 0.2509804 0.28627452 0.32156864 0.31764707 0.45882353 0.41568628 0.4 0.36862746 0.34901962 0.34509805 0.2901961 0.3137255 0.31764707 0.32156864 0.31764707 0.29803923 0.25490198 0.20784314 0.13333334 0.05490196 0.011764706 0.0 0.003921569
0.26666668 0.24313726 0.23529412 0.27450982 0.25490198 0.27450982 0.25882354 0.35686275 0.39215687 0.30980393 0.26666668 0.32941177 0.30980393 0.3254902 0.4392157 0.43137255 0.32941177 0.3254902 0.32156864 0.36078432 0.34901962 0.30588236 0.28235295 0.26666668 0.3019608 0.27450982 0.2509804 0.18039216 0.06666667 0.023529412 0.0 0.003921569
0.28235295 0.21568628 0.22745098 0.2627451 0.23137255 0.23137255 0.24705882 0.34901962 0.41568628 0.36078432 0.23921569 0.34117648 0.3137255 0.30588236 0.3254902 0.3764706 0.35686275 0.38431373 0.34509805 0.40392157 0.31764707 0.29803923 0.28235295 0.29411766 0.3529412 0.3254902 0.3019608 0.25882354 0.09803922 0.03529412 0.003921569 0.003921569
0.24313726 0.21568628 0.21176471 0.24705882 0.28235295 0.28235295 0.2901961 0.36078432 0.3882353 0.33333334 0.25490198 0.3137255 0.41960785 0.32156864 0.31764707 0.34509805 0.41960785 0.44313726 0.4 0.4627451 0.4745098 0.39215687 0.3019608 0.3137255 0.3529412 0.35686275 0.33333334 0.32156864 0.14901961 0.047058824 0.007843138 0.003921569
0.29803923 0.26666668 0.24705882 0.30980393 0.34509805 0.3764706 0.36862746 0.4 0.38431373 0.29411766 0.29411766 0.32941177 0.6745098 0.5254902 0.36862746 0.38039216 0.38039216 0.44705883 0.45882353 0.5019608 0.7058824 0.5294118 0.3647059 0.3254902 0.3372549 0.35686275 0.34509805 0.3372549 0.1764706 0.05882353 0.015686275 0.003921569
0.30980393 0.27058825 0.2901961 0.3372549 0.36862746 0.4 0.3882353 0.43137255 0.43137255 0.33333334 0.30588236 0.34117648 0.6745098 0.7921569 0.5803922 0.4627451 0.38039216 0.5058824 0.5882353 0.5411765 0.62352943 0.4745098 0.44705883 0.4 0.34117648 0.3137255 0.3254902 0.3254902 0.20784314 0.08627451 0.019607844 0.003921569
0.2901961 0.25882354 0.3019608 0.30588236 0.3254902 0.3019608 0.34901962 0.41960785 0.43529412 0.36862746 0.29411766 0.37254903 0.61960787 0.8235294 0.7882353 0.62352943 0.5647059 0.57254905 0.58431375 0.49803922 0.44705883 0.41960785 0.44313726 0.41568628 0.39607844 0.36862746 0.4392157 0.42352942 0.29803923 0.12156863 0.023529412 0.003921569
0.20392157 0.21176471 0.22745098 0.23529412 0.26666668 0.22352941 0.25490198 0.35686275 0.4 0.33333334 0.23137255 0.29803923 0.5882353 0.8 0.8392157 0.7882353 0.7058824 0.58431375 0.54509807 0.45490196 0.38039216 0.42745098 0.49411765 0.5137255 0.47058824 0.4862745 0.52156866 0.44705883 0.30588236 0.1254902 0.02745098 0.0
0.1764706 0.16470589 0.18431373 0.23137255 0.20392157 0.31764707 0.32941177 0.3764706 0.4117647 0.30588236 0.21176471 0.24313726 0.5137255 0.8352941 0.8156863 0.74509805 0.7254902 0.56078434 0.46666667 0.39607844 0.39607844 0.4392157 0.49803922 0.49019608 0.4745098 0.39215687 0.40392157 0.4117647 0.27450982 0.11372549 0.03137255 0.003921569
0.26666668 0.27058825 0.33333334 0.34901962 0.24705882 0.39215687 0.39215687 0.30980393 0.34117648 0.27058825 0.21960784 0.24313726 0.57254905 0.8784314 0.7882353 0.62352943 0.70980394 0.49411765 0.32941177 0.3764706 0.39607844 0.45882353 0.52156866 0.43529412 0.28627452 0.22745098 0.24705882 0.29411766 0.28235295 0.13333334 0.039215688 0.007843138
0.24313726 0.28235295 0.37254903 0.3372549 0.28627452 0.3254902 0.36862746 0.23529412 0.2784314 0.33333334 0.24313726 0.44705883 0.7058824 0.8745098 0.89411765 0.8352941 0.73333335 0.43529412 0.46666667 0.4745098 0.40784314 0.52156866 0.44705883 0.3137255 0.3882353 0.4 0.40392157 0.30588236 0.24313726 0.13333334 0.043137256 0.003921569
0.20392157 0.28235295 0.31764707 0.22352941 0.22745098 0.27450982 0.3254902 0.21176471 0.28235295 0.3764706 0.34901962 0.6901961 0.76862746 0.85490197 0.9490196 0.9607843 0.6901961 0.4 0.5568628 0.5686275 0.44313726 0.46666667 0.28235295 0.3137255 0.39215687 0.47843137 0.4862745 0.44313726 0.32941177 0.10980392 0.02745098 0.003921569
0.24705882 0.30588236 0.29411766 0.19607843 0.22745098 0.27058825 0.28627452 0.23137255 0.29411766 0.41568628 0.56078434 0.80784315 0.7607843 0.90588236 0.9411765 0.92156863 0.7372549 0.5294118 0.60784316 0.59607846 0.44705883 0.33333334 0.30980393 0.31764707 0.3647059 0.4745098 0.54901963 0.49019608 0.35686275 0.23921569 0.07450981 0.011764706
0.3764706 0.45882353 0.40392157 0.3019608 0.31764707 0.3254902 0.32941177 0.3372549 0.32941177 0.41568628 0.7294118 0.8117647 0.76862746 0.9411765 0.9254902 0.827451 0.72156864 0.6 0.6156863 0.56078434 0.35686275 0.3137255 0.40784314 0.41960785 0.35686275 0.47843137 0.57254905 0.61960787 0.45490196 0.28627452 0.08627451 0.015686275
0.4 0.45490196 0.4509804 0.34901962 0.32941177 0.34901962 0.36078432 0.44705883 0.32941177 0.47843137 0.79607844 0.81960785 0.8352941 0.93333334 0.89411765 0.7921569 0.7019608 0.62352943 0.57254905 0.5058824 0.34117648 0.3882353 0.48235294 0.5254902 0.54509807 0.5764706 0.5921569 0.59607846 0.49019608 0.2784314 0.09019608 0.011764706
0.3529412 0.4627451 0.45882353 0.3529412 0.35686275 0.30980393 0.27058825 0.35686275 0.2901961 0.5764706 0.79607844 0.85490197 0.89411765 0.92156863 0.827451 0.70980394 0.6666667 0.61960787 0.5764706 0.50980395 0.40784314 0.45490196 0.52156866 0.60784316 0.65882355 0.6431373 0.57254905 0.54901963 0.4627451 0.29411766 0.09019608 0.007843138
0.32156864 0.44313726 0.4627451 0.41568628 0.38431373 0.31764707 0.2509804 0.23137255 0.3254902 0.62352943 0.8 0.8980392 0.9372549 0.8901961 0.7529412 0.63529414 0.61960787 0.62352943 0.59607846 0.5137255 0.4745098 0.5372549 0.58431375 0.64705884 0.6901961 0.63529414 0.5411765 0.56078434 0.45490196 0.28627452 0.09803922 0.011764706
0.2901961 0.36862746 0.47058824 0.32156864 0.28235295 0.3647059 0.33333334 0.16862746 0.30980393 0.67058825 0.85490197 0.9254902 0.95686275 0.8509804 0.6784314 0.60784316 0.62352943 0.6117647 0.57254905 0.49803922 0.58431375 0.6392157 0.63529414 0.67058825 0.6745098 0.58431375 0.5176471 0.5019608 0.37254903 0.23529412 0.08235294 0.007843138
0.2784314 0.31764707 0.35686275 0.21960784 0.3372549 0.42352942 0.3647059 0.13725491 0.27450982 0.73333335 0.9098039 0.9137255 0.9372549 0.827451 0.69803923 0.62352943 0.60784316 0.5803922 0.5411765 0.5921569 0.68235296 0.6862745 0.6509804 0.6117647 0.53333336 0.35686275 0.30588236 0.24705882 0.18431373 0.12156863 0.039215688 0.007843138
0.27450982 0.3019608 0.1882353 0.21176471 0.4117647 0.4117647 0.23529412 0.12941177 0.39215687 0.8039216 0.9372549 0.92941177 0.92156863 0.827451 0.77254903 0.6392157 0.5647059 0.49803922 0.5254902 0.7176471 0.6901961 0.6509804 0.44705883 0.2901961 0.23921569 0.20392157 0.18039216 0.16470589 0.1254902 0.08235294 0.023529412 0.003921569
0.2627451 0.30980393 0.1882353 0.12156863 0.2509804 0.34117648 0.13333334 0.17254902 0.5411765 0.8117647 0.9254902 0.9098039 0.90588236 0.8509804 0.7607843 0.59607846 0.49803922 0.44705883 0.56078434 0.6431373 0.4627451 0.30980393 0.20392157 0.1764706 0.16078432 0.20784314 0.2 0.20392157 0.12941177 0.06666667 0.019607844 0.003921569
0.27058825 0.29803923 0.22745098 0.101960786 0.105882354 0.14509805 0.08235294 0.14117648 0.57254905 0.7882353 0.9019608 0.76862746 0.7882353 0.75686276 0.5882353 0.49019608 0.5019608 0.52156866 0.43137255 0.29411766 0.31764707 0.2627451 0.18431373 0.2 0.19215687 0.2 0.19215687 0.1882353 0.11372549 0.05882353 0.019607844 0.003921569
0.28235295 0.28235295 0.21568628 0.11764706 0.07058824 0.039215688 0.019607844 0.08235294 0.5686275 0.79607844 0.83137256 0.8235294 0.67058825 0.54901963 0.50980395 0.4627451 0.5764706 0.59607846 0.34509805 0.3647059 0.29411766 0.15294118 0.14901961 0.1882353 0.2 0.1882353 0.17254902 0.17254902 0.12941177 0.08235294 0.023529412 0.003921569
0.29411766 0.2627451 0.2 0.07450981 0.02745098 0.011764706 0.0 0.08235294 0.57254905 0.7529412 0.69803923 0.7254902 0.69411767 0.57254905 0.5019608 0.44705883 0.5921569 0.7254902 0.3529412 0.22745098 0.16470589 0.14117648 0.15686275 0.1882353 0.20784314 0.2 0.19215687 0.1882353 0.14901961 0.06666667 0.015686275 0.003921569
0.4862745 0.32156864 0.20392157 0.043137256 0.007843138 0.007843138 0.0 0.11372549 0.6313726 0.64705884 0.45882353 0.59607846 0.5372549 0.36078432 0.3764706 0.29803923 0.49803922 0.827451 0.4862745 0.3137255 0.2901961 0.2627451 0.2509804 0.23529412 0.22352941 0.20392157 0.20784314 0.19607843 0.13725491 0.05882353 0.015686275 0.003921569
0.64705884 0.49803922 0.34901962 0.1882353 0.10980392 0.09019608 0.047058824 0.1882353 0.6666667 0.45490196 0.17254902 0.6627451 0.72156864 0.40392157 0.40784314 0.3647059 0.6 0.88235295 0.7058824 0.4509804 0.3137255 0.34509805 0.29803923 0.2509804 0.22745098 0.21960784 0.22745098 0.19607843 0.1254902 0.050980393 0.007843138 0.003921569
0.5882353 0.6156863 0.5529412 0.49411765 0.46666667 0.43137255 0.38039216 0.45490196 0.654902 0.5019608 0.38431373 0.70980394 0.74509805 0.52156866 0.5803922 0.6509804 0.65882355 0.654902 0.5058824 0.32941177 0.29411766 0.2901961 0.2627451 0.2784314 0.27058825 0.27058825 0.24313726 0.19607843 0.11372549 0.039215688 0.007843138 0.003921569
0.654902 0.6862745 0.67058825 0.69803923 0.72156864 0.69803923 0.6862745 0.67058825 0.6392157 0.6509804 0.6039216 0.6745098 0.67058825 0.54509807 0.5058824 0.4627451 0.40784314 0.34117648 0.2901961 0.32941177 0.35686275 0.4 0.42352942 0.41960785 0.4509804 0.44705883 0.3647059 0.27058825 0.12941177 0.039215688 0.003921569 0.003921569
0.7058824 0.7058824 0.7137255 0.68235296 0.68235296 0.67058825 0.67058825 0.62352943 0.6117647 0.6745098 0.5921569 0.54509807 0.654902 0.5411765 0.38431373 0.28627452 0.3529412 0.34117648 0.4117647 0.4745098 0.49411765 0.54509807 0.54509807 0.54509807 0.5411765 0.5568628 0.47058824 0.28627452 0.1254902 0.03137255 0.003921569 0.003921569
0.627451 0.6 0.6156863 0.58431375 0.6156863 0.6745098 0.6784314 0.6392157 0.6392157 0.6313726 0.5176471 0.5019608 0.6862745 0.4745098 0.3137255 0.41960785 0.59607846 0.5647059 0.5686275 0.49411765 0.5803922 0.6 0.57254905 0.5882353 0.5411765 0.54901963 0.39215687 0.1882353 0.09411765 0.023529412 0.003921569 0.003921569
0.5372549 0.54901963 0.6156863 0.627451 0.6 0.5882353 0.5529412 0.5254902 0.5529412 0.5764706 0.5176471 0.5137255 0.7411765 0.49803922 0.49019608 0.6901961 0.69803923 0.627451 0.5764706 0.57254905 0.68235296 0.6509804 0.65882355 0.627451 0.5686275 0.49019608 0.32941177 0.17254902 0.07450981 0.015686275 0.003921569 0.003921569
0.5568628 0.54901963 0.49411765 0.5019608 0.4392157 0.36862746 0.4627451 0.5294118 0.63529414 0.7254902 0.69803923 0.627451 0.6509804 0.61960787 0.67058825 0.6745098 0.63529414 0.6039216 0.6 0.6666667 0.6392157 0.627451 0.61960787 0.54901963 0.52156866 0.45882353 0.34901962 0.16470589 0.05490196 0.011764706 0.003921569 0.003921569
0.1764706 0.18431373 0.15294118 0.1764706 0.21176471 0.2627451 0.23529412 0.28627452 0.2784314 0.21568628 0.25490198 0.28627452 0.3137255 0.48235294 0.42745098 0.3647059 0.3019608 0.30588236 0.32941177 0.2509804 0.27450982 0.2901961 0.29803923 0.29803923 0.26666668 0.20392157 0.16470589 0.11372549 0.05490196 0.015686275 0.0 0.003921569
0.23137255 0.20392157 0.2 0.24313726 0.22352941 0.23529412 0.21176471 0.29803923 0.3254902 0.26666668 0.23137255 0.28235295 0.2784314 0.3254902 0.4392157 0.40392157 0.26666668 0.27450982 0.2901961 0.3254902 0.30980393 0.26666668 0.24313726 0.22745098 0.2627451 0.22745098 0.20784314 0.16078432 0.07058824 0.02745098 0.0 0.003921569
0.24313726 0.18039216 0.19215687 0.23137255 0.19607843 0.1882353 0.2 0.28627452 0.3529412 0.3137255 0.2 0.28627452 0.2627451 0.28235295 0.31764707 0.35686275 0.3019608 0.32941177 0.30980393 0.37254903 0.28627452 0.25490198 0.22745098 0.24313726 0.30588236 0.2784314 0.25882354 0.23921569 0.101960786 0.03529412 0.003921569 0.003921569
0.2 0.1764706 0.17254902 0.21176471 0.24313726 0.23529412 0.23529412 0.29411766 0.32156864 0.28627452 0.20392157 0.25490198 0.36862746 0.2901961 0.29803923 0.3254902 0.3764706 0.39215687 0.3647059 0.44705883 0.4627451 0.35686275 0.24313726 0.25882354 0.30980393 0.3137255 0.2901961 0.3019608 0.15294118 0.047058824 0.007843138 0.003921569
0.24705882 0.21568628 0.19607843 0.26666668 0.3019608 0.3254902 0.3137255 0.33333334 0.31764707 0.24313726 0.23921569 0.27058825 0.6431373 0.5019608 0.34117648 0.35686275 0.3529412 0.40392157 0.42745098 0.5058824 0.72156864 0.5058824 0.30980393 0.27450982 0.29803923 0.3137255 0.30588236 0.32156864 0.18431373 0.05882353 0.011764706 0.003921569
0.24705882 0.20784314 0.22745098 0.28627452 0.32156864 0.34509805 0.32941177 0.36078432 0.3647059 0.28235295 0.24705882 0.28627452 0.67058825 0.78039217 0.54901963 0.43137255 0.3647059 0.47843137 0.5647059 0.5647059 0.6627451 0.47058824 0.40392157 0.36078432 0.30980393 0.27450982 0.2901961 0.3137255 0.21568628 0.08627451 0.019607844 0.003921569
0.23529412 0.20392157 0.2509804 0.25490198 0.27450982 0.24705882 0.2901961 0.34509805 0.3647059 0.32156864 0.24705882 0.3254902 0.61960787 0.80784315 0.7647059 0.6117647 0.5529412 0.56078434 0.5882353 0.5254902 0.47058824 0.41568628 0.41568628 0.38431373 0.3647059 0.34117648 0.41960785 0.41568628 0.3019608 0.11764706 0.019607844 0.0
0.16078432 0.16862746 0.19215687 0.1882353 0.21176471 0.16862746 0.2 0.28627452 0.32156864 0.28627452 0.1882353 0.25490198 0.57254905 0.7647059 0.8156863 0.8 0.69411767 0.5764706 0.56078434 0.47058824 0.3764706 0.41960785 0.48235294 0.48235294 0.43529412 0.46666667 0.50980395 0.44313726 0.30980393 0.11764706 0.019607844 0.0
0.13333334 0.1254902 0.14901961 0.1882353 0.15686275 0.26666668 0.2784314 0.3019608 0.32156864 0.24313726 0.15686275 0.19215687 0.4745098 0.78039217 0.7764706 0.74509805 0.7058824 0.54509807 0.47058824 0.39607844 0.38039216 0.42745098 0.49411765 0.4627451 0.4392157 0.37254903 0.39215687 0.40392157 0.27450982 0.10980392 0.023529412 0.0
0.22352941 0.23137255 0.29803923 0.30980393 0.20392157 0.34901962 0.34509805 0.23529412 0.24313726 0.19215687 0.14901961 0.18039216 0.50980395 0.8039216 0.7372549 0.6117647 0.68235296 0.4745098 0.3254902 0.3647059 0.37254903 0.44313726 0.5137255 0.4117647 0.25882354 0.20784314 0.23137255 0.28627452 0.2784314 0.1254902 0.03137255 0.003921569
0.2 0.24313726 0.34117648 0.3019608 0.24705882 0.28627452 0.31764707 0.16470589 0.18431373 0.24705882 0.17254902 0.3882353 0.6313726 0.7882353 0.8352941 0.8235294 0.7137255 0.41960785 0.45882353 0.45490196 0.3764706 0.49411765 0.42745098 0.28627452 0.35686275 0.3764706 0.38431373 0.29411766 0.23529412 0.1254902 0.039215688 0.0
0.16078432 0.24313726 0.28235295 0.1882353 0.1882353 0.22745098 0.27058825 0.14901961 0.20784314 0.29803923 0.29411766 0.6431373 0.6901961 0.76862746 0.89411765 0.9529412 0.6862745 0.4 0.5686275 0.56078434 0.40784314 0.42745098 0.24705882 0.28235295 0.3647059 0.44705883 0.4627451 0.42745098 0.31764707 0.101960786 0.023529412 0.003921569
0.20392157 0.26666668 0.2627451 0.16470589 0.18431373 0.21960784 0.22352941 0.16862746 0.23529412 0.3529412 0.5176471 0.78431374 0.69411767 0.8235294 0.89411765 0.92941177 0.7529412 0.5529412 0.63529414 0.6039216 0.4117647 0.2784314 0.2627451 0.28235295 0.33333334 0.44313726 0.5254902 0.4745098 0.34117648 0.23137255 0.06666667 0.011764706
0.32941177 0.41960785 0.3647059 0.27450982 0.28627452 0.2784314 0.27450982 0.28235295 0.28627452 0.36862746 0.69803923 0.7921569 0.70980394 0.8666667 0.8784314 0.8235294 0.7372549 0.62352943 0.63529414 0.56078434 0.3137255 0.2509804 0.3529412 0.37254903 0.31764707 0.44313726 0.54509807 0.6 0.4392157 0.2784314 0.08235294 0.011764706
0.3529412 0.4117647 0.40784314 0.32941177 0.32156864 0.32941177 0.32941177 0.4 0.28627452 0.4509804 0.77254903 0.79607844 0.7882353 0.85882354 0.8117647 0.73333335 0.6784314 0.6156863 0.5647059 0.48235294 0.2784314 0.31764707 0.42352942 0.47058824 0.5019608 0.54901963 0.5647059 0.5686275 0.47058824 0.27450982 0.08627451 0.011764706
0.30588236 0.41960785 0.41568628 0.33333334 0.34509805 0.28627452 0.23529412 0.30980393 0.24705882 0.54901963 0.7764706 0.827451 0.85490197 0.84313726 0.7294118 0.62352943 0.62352943 0.6039216 0.56078434 0.47843137 0.3529412 0.39607844 0.4745098 0.5647059 0.61960787 0.61960787 0.54509807 0.5254902 0.4392157 0.2901961 0.09019608 0.007843138
0.27058825 0.39607844 0.41960785 0.38431373 0.34901962 0.27450982 0.2 0.17254902 0.2784314 0.6 0.78039217 0.8745098 0.89411765 0.8117647 0.654902 0.54509807 0.5803922 0.6156863 0.5921569 0.49019608 0.43137255 0.49411765 0.5529412 0.61960787 0.65882355 0.60784316 0.5176471 0.53333336 0.43137255 0.28235295 0.09019608 0.007843138
0.23921569 0.32156864 0.42745098 0.28235295 0.24313726 0.30980393 0.26666668 0.105882354 0.26666668 0.6509804 0.8392157 0.9019608 0.91764706 0.77254903 0.5803922 0.52156866 0.5882353 0.60784316 0.5647059 0.4745098 0.54509807 0.60784316 0.6156863 0.6509804 0.64705884 0.56078434 0.49019608 0.4745098 0.3529412 0.22745098 0.07450981 0.007843138
0.22745098 0.26666668 0.30980393 0.1764706 0.2901961 0.36862746 0.29411766 0.07058824 0.23921569 0.7137255 0.8980392 0.89411765 0.8980392 0.75686276 0.61960787 0.56078434 0.5764706 0.5647059 0.5294118 0.56078434 0.63529414 0.6509804 0.627451 0.5882353 0.50980395 0.33333334 0.28235295 0.22352941 0.16470589 0.11372549 0.03137255 0.003921569
0.21960784 0.24705882 0.13725491 0.17254902 0.36862746 0.36078432 0.17254902 0.07450981 0.35686275 0.78431374 0.9254902 0.9098039 0.8784314 0.7647059 0.7176471 0.60784316 0.5294118 0.46666667 0.49803922 0.6745098 0.63529414 0.6 0.40784314 0.25490198 0.20784314 0.18431373 0.16078432 0.14117648 0.105882354 0.07058824 0.015686275 0.0
0.20392157 0.25490198 0.13725491 0.08627451 0.21960784 0.3019608 0.09019608 0.12156863 0.5058824 0.79607844 0.91764706 0.8862745 0.85882354 0.79607844 0.7254902 0.5882353 0.4627451 0.40392157 0.52156866 0.5882353 0.4 0.25490198 0.15686275 0.12941177 0.1254902 0.1882353 0.18039216 0.18431373 0.11372549 0.05490196 0.011764706 0.0
0.21176471 0.23529412 0.1764706 0.078431375 0.08627451 0.1254902 0.05882353 0.11372549 0.5568628 0.7921569 0.8901961 0.73333335 0.73333335 0.70980394 0.56078434 0.47843137 0.4627451 0.47058824 0.37254903 0.22352941 0.2627451 0.22745098 0.15294118 0.16862746 0.16470589 0.1764706 0.1764706 0.1764706 0.101960786 0.050980393 0.015686275 0.003921569
0.22745098 0.21568628 0.16862746 0.101960786 0.06666667 0.03529412 0.011764706 0.078431375 0.5686275 0.8117647 0.8235294 0.78431374 0.6156863 0.5019608 0.47843137 0.4392157 0.5411765 0.5529412 0.29411766 0.30980393 0.25490198 0.12941177 0.1254902 0.16862746 0.1764706 0.16078432 0.15686275 0.16078432 0.11764706 0.08235294 0.023529412 0.003921569
0.24705882 0.20784314 0.16470589 0.06666667 0.03137255 0.015686275 0.0 0.08235294 0.5764706 0.77254903 0.69803923 0.6862745 0.6313726 0.52156866 0.46666667 0.42352942 0.57254905 0.7019608 0.3254902 0.2 0.13333334 0.10980392 0.1254902 0.16470589 0.18039216 0.17254902 0.16862746 0.16862746 0.13333334 0.06666667 0.015686275 0.003921569
0.44705883 0.27450982 0.18039216 0.047058824 0.019607844 0.019607844 0.007843138 0.11764706 0.63529414 0.6745098 0.4627451 0.5529412 0.4745098 0.30980393 0.34117648 0.27058825 0.4862745 0.81960785 0.47843137 0.30980393 0.26666668 0.22745098 0.21960784 0.20784314 0.19607843 0.17254902 0.18039216 0.1764706 0.12156863 0.05882353 0.015686275 0.003921569
0.62352943 0.4627451 0.33333334 0.19607843 0.12156863 0.09803922 0.05882353 0.18431373 0.65882355 0.4745098 0.16862746 0.6117647 0.654902 0.34901962 0.3647059 0.3372549 0.5803922 0.87058824 0.69803923 0.4509804 0.2901961 0.30588236 0.2627451 0.22745098 0.2 0.1882353 0.20392157 0.18039216 0.11372549 0.047058824 0.007843138 0.003921569
0.5764706 0.59607846 0.5529412 0.5019608 0.46666667 0.43529412 0.38431373 0.4392157 0.6313726 0.50980395 0.3647059 0.6392157 0.67058825 0.4627451 0.53333336 0.6156863 0.61960787 0.61960787 0.47843137 0.3137255 0.2627451 0.2509804 0.23137255 0.25882354 0.2509804 0.24705882 0.22745098 0.1882353 0.105882354 0.039215688 0.007843138 0.003921569
0.6509804 0.67058825 0.6784314 0.7019608 0.7137255 0.69411767 0.6784314 0.6431373 0.6039216 0.64705884 0.5686275 0.5882353 0.5921569 0.48235294 0.45490196 0.41960785 0.34901962 0.28235295 0.24705882 0.29411766 0.32156864 0.3647059 0.39607844 0.40784314 0.43529412 0.43137255 0.3529412 0.26666668 0.12941177 0.039215688 0.003921569 0.003921569
0.69803923 0.6901961 0.70980394 0.6745098 0.65882355 0.6431373 0.6509804 0.5921569 0.57254905 0.6509804 0.54509807 0.46666667 0.5803922 0.48235294 0.32941177 0.23529412 0.29803923 0.2901961 0.37254903 0.44705883 0.46666667 0.5176471 0.52156866 0.53333336 0.5254902 0.5372549 0.45882353 0.28627452 0.1254902 0.03137255 0.003921569 0.003921569
0.6156863 0.58431375 0.6039216 0.57254905 0.58431375 0.627451 0.64705884 0.6156863 0.6039216 0.59607846 0.47058824 0.44313726 0.627451 0.41568628 0.25490198 0.3647059 0.56078434 0.5372549 0.54509807 0.49019608 0.5686275 0.5803922 0.5529412 0.5686275 0.5176471 0.52156866 0.3764706 0.18039216 0.09411765 0.023529412 0.003921569 0.003921569
0.5254902 0.5372549 0.6 0.6117647 0.5647059 0.5372549 0.5176471 0.50980395 0.5294118 0.54509807 0.48235294 0.47058824 0.6862745 0.44313726 0.43529412 0.6392157 0.6666667 0.6039216 0.56078434 0.5686275 0.67058825 0.6313726 0.6392157 0.60784316 0.54509807 0.4627451 0.30980393 0.16470589 0.07450981 0.015686275 0.003921569 0.003921569
0.54901963 0.5411765 0.49019608 0.49411765 0.40784314 0.32156864 0.43137255 0.5176471 0.6156863 0.7058824 0.67058825 0.5921569 0.6039216 0.57254905 0.62352943 0.627451 0.6 0.5803922 0.5882353 0.65882355 0.62352943 0.60784316 0.6 0.5294118 0.49803922 0.43529412 0.32941177 0.15686275 0.05490196 0.011764706 0.003921569 0.003921569
1 27 2
24 17 0
20 6 1
29 30 2
24 17 2
13 13 0
2 6 2
30 12 0
30 30 2
25 12 2
5 28 2
25 11 2
18 10 0
19 12 0
25 8 1
1 26 2
13 13 1
1 29 2
2 5 2
1 2 2
19 19 0
18 12 0
25 6 1
7 30 1
11 15 1
2 6 1
16 12 0
20 24 2
26 8 0
25 12 0
2 30 1
20 24 1
16 14 0
29 29 2
1 6 2
19 3 2
19 11 0
28 30 2
20 29 2
3 10 1
17 15 0
1 27 0
19 10 0
28 9 2
18 11 0
26 12 0
30 29 1
26 30 2
24 17 1
11 23 2
