32, 32, 3, 50
0.34117648 0.3882353 0.35686275 0.3764706 0.3764706 0.36862746 0.3882353 0.34509805 0.3254902 0.38039216 0.61960787 0.7019608 0.5764706 0.42352942 0.4 0.42745098 0.50980395 0.53333336 0.56078434 0.6 0.5921569 0.58431375 0.58431375 0.6392157 0.6901961 0.6901961 0.6313726 0.58431375 0.57254905 0.5764706 0.58431375 0.60784316
0.25882354 0.3019608 0.3647059 0.40784314 0.37254903 0.3764706 0.37254903 0.29803923 0.33333334 0.39215687 0.654902 0.75686276 0.7019608 0.56078434 0.4627451 0.44313726 0.4745098 0.4745098 0.5176471 0.60784316 0.60784316 0.5764706 0.5882353 0.6745098 0.74509805 0.69411767 0.63529414 0.6117647 0.6039216 0.5882353 0.58431375 0.6
0.25490198 0.24313726 0.32941177 0.39215687 0.3372549 0.4 0.40392157 0.32156864 0.35686275 0.4 0.6666667 0.79607844 0.78039217 0.68235296 0.5686275 0.49411765 0.43529412 0.4 0.49803922 0.5764706 0.5686275 0.5647059 0.63529414 0.7490196 0.8039216 0.7058824 0.654902 0.627451 0.6156863 0.6 0.5921569 0.6
0.28627452 0.2784314 0.3137255 0.34901962 0.34901962 0.42352942 0.41568628 0.3764706 0.39607844 0.40784314 0.68235296 0.8039216 0.83137256 0.7411765 0.64705884 0.5019608 0.3529412 0.34509805 0.42352942 0.4627451 0.50980395 0.6156863 0.7019608 0.81960785 0.83137256 0.7294118 0.68235296 0.6431373 0.627451 0.6117647 0.6039216 0.6
0.3019608 0.3019608 0.30980393 0.32156864 0.35686275 0.42745098 0.4117647 0.4 0.4 0.42352942 0.69411767 0.81960785 0.8509804 0.76862746 0.64705884 0.5176471 0.2784314 0.2509804 0.2784314 0.30588236 0.4509804 0.6431373 0.7254902 0.84705883 0.85490197 0.7490196 0.69411767 0.654902 0.6313726 0.61960787 0.60784316 0.59607846
0.2784314 0.32156864 0.3372549 0.35686275 0.32941177 0.43137255 0.41568628 0.35686275 0.38431373 0.3764706 0.6784314 0.8352941 0.80784315 0.75686276 0.6156863 0.56078434 0.39607844 0.28627452 0.28627452 0.33333334 0.47843137 0.6392157 0.7372549 0.80784315 0.8235294 0.7372549 0.7019608 0.6862745 0.64705884 0.6392157 0.62352943 0.61960787
0.2901961 0.34509805 0.3372549 0.3529412 0.30588236 0.4 0.43137255 0.34117648 0.34901962 0.3372549 0.61960787 0.75686276 0.68235296 0.69411767 0.6509804 0.58431375 0.5294118 0.4117647 0.34509805 0.45882353 0.5372549 0.654902 0.75686276 0.7529412 0.72156864 0.69803923 0.7019608 0.69411767 0.67058825 0.64705884 0.627451 0.61960787
0.3372549 0.3254902 0.32156864 0.3137255 0.32156864 0.36078432 0.43137255 0.3647059 0.29803923 0.34117648 0.5803922 0.6627451 0.654902 0.72156864 0.7058824 0.6313726 0.6117647 0.5254902 0.42352942 0.5019608 0.5882353 0.6666667 0.77254903 0.8117647 0.69411767 0.69803923 0.6862745 0.6627451 0.6666667 0.6313726 0.61960787 0.60784316
0.2784314 0.2784314 0.3254902 0.3254902 0.3529412 0.34901962 0.3764706 0.36862746 0.30588236 0.3254902 0.5254902 0.654902 0.7294118 0.7529412 0.6784314 0.6313726 0.61960787 0.54509807 0.5176471 0.5254902 0.6039216 0.6509804 0.7137255 0.78039217 0.72156864 0.654902 0.6313726 0.654902 0.65882355 0.6392157 0.62352943 0.6039216
0.24313726 0.25490198 0.31764707 0.29803923 0.30588236 0.3137255 0.34901962 0.32156864 0.28627452 0.3254902 0.4 0.60784316 0.69803923 0.6784314 0.6509804 0.6392157 0.63529414 0.5921569 0.5568628 0.5882353 0.6431373 0.654902 0.68235296 0.7254902 0.7137255 0.6 0.6313726 0.6745098 0.68235296 0.6509804 0.6117647 0.58431375
0.22745098 0.27058825 0.32156864 0.3137255 0.3137255 0.32156864 0.37254903 0.30588236 0.25882354 0.29411766 0.36078432 0.5647059 0.65882355 0.6627451 0.6431373 0.64705884 0.6509804 0.6392157 0.58431375 0.6156863 0.6627451 0.68235296 0.69803923 0.7019608 0.7058824 0.6313726 0.6784314 0.69803923 0.6784314 0.6509804 0.61960787 0.5921569
0.28235295 0.30980393 0.34509805 0.36078432 0.35686275 0.34901962 0.34901962 0.3019608 0.3019608 0.31764707 0.3764706 0.58431375 0.6666667 0.68235296 0.6666667 0.6745098 0.654902 0.65882355 0.59607846 0.62352943 0.6666667 0.69411767 0.72156864 0.7176471 0.7019608 0.6509804 0.68235296 0.6745098 0.65882355 0.654902 0.6313726 0.6156863
0.28235295 0.31764707 0.3529412 0.38431373 0.38039216 0.33333334 0.32156864 0.34901962 0.39607844 0.38039216 0.4117647 0.5882353 0.65882355 0.6862745 0.7176471 0.72156864 0.6784314 0.69803923 0.6 0.63529414 0.7058824 0.7137255 0.7607843 0.7176471 0.6509804 0.6313726 0.67058825 0.65882355 0.6392157 0.6431373 0.63529414 0.627451
0.3019608 0.33333334 0.36078432 0.38039216 0.3647059 0.3529412 0.36862746 0.43529412 0.43529412 0.39215687 0.4509804 0.54901963 0.5764706 0.67058825 0.7254902 0.7529412 0.78039217 0.74509805 0.6509804 0.6784314 0.7764706 0.77254903 0.7294118 0.7294118 0.59607846 0.58431375 0.6313726 0.64705884 0.61960787 0.627451 0.6313726 0.62352943
0.35686275 0.3882353 0.40392157 0.39607844 0.3764706 0.39607844 0.40784314 0.45882353 0.44313726 0.4117647 0.49019608 0.48235294 0.5411765 0.72156864 0.7529412 0.7137255 0.7372549 0.7647059 0.70980394 0.7372549 0.7764706 0.7137255 0.7294118 0.76862746 0.64705884 0.5686275 0.61960787 0.6392157 0.6156863 0.6156863 0.61960787 0.6117647
0.36862746 0.42745098 0.41960785 0.4 0.40392157 0.4117647 0.4509804 0.48235294 0.44313726 0.43137255 0.5254902 0.5764706 0.67058825 0.72156864 0.76862746 0.77254903 0.6627451 0.7411765 0.7411765 0.7607843 0.7411765 0.7411765 0.7882353 0.7607843 0.7176471 0.6117647 0.63529414 0.6392157 0.61960787 0.60784316 0.6 0.6039216
0.40392157 0.44313726 0.37254903 0.38039216 0.42352942 0.44705883 0.47843137 0.4862745 0.46666667 0.49411765 0.5372549 0.58431375 0.69803923 0.7254902 0.7411765 0.7921569 0.75686276 0.6862745 0.7529412 0.7607843 0.6862745 0.75686276 0.7764706 0.74509805 0.6784314 0.6431373 0.6509804 0.654902 0.63529414 0.6156863 0.6039216 0.6117647
0.45490196 0.4117647 0.39215687 0.38431373 0.43529412 0.46666667 0.47058824 0.5058824 0.49019608 0.5176471 0.5568628 0.5568628 0.62352943 0.6745098 0.72156864 0.7647059 0.7411765 0.6627451 0.7490196 0.77254903 0.6627451 0.75686276 0.78039217 0.72156864 0.63529414 0.6392157 0.6627451 0.6745098 0.65882355 0.6392157 0.63529414 0.61960787
0.43529412 0.38431373 0.42745098 0.4117647 0.4392157 0.4745098 0.49019608 0.5372549 0.50980395 0.53333336 0.58431375 0.56078434 0.60784316 0.69411767 0.73333335 0.78039217 0.8039216 0.69803923 0.67058825 0.72156864 0.7058824 0.8156863 0.8 0.6784314 0.5921569 0.627451 0.6509804 0.654902 0.64705884 0.64705884 0.6431373 0.6313726
0.39215687 0.42745098 0.4392157 0.40784314 0.47058824 0.48235294 0.5176471 0.5568628 0.54509807 0.5686275 0.6 0.5803922 0.6039216 0.6862745 0.7372549 0.7882353 0.83137256 0.7647059 0.6156863 0.63529414 0.7607843 0.84313726 0.79607844 0.6313726 0.5372549 0.5803922 0.6431373 0.65882355 0.6509804 0.65882355 0.654902 0.6509804
0.4 0.4745098 0.40784314 0.41568628 0.47843137 0.4509804 0.5176471 0.56078434 0.5647059 0.5686275 0.6 0.6117647 0.60784316 0.654902 0.7019608 0.76862746 0.8117647 0.85490197 0.6862745 0.6431373 0.85490197 0.8392157 0.77254903 0.60784316 0.5411765 0.5686275 0.6313726 0.6509804 0.6509804 0.65882355 0.64705884 0.6627451
0.44313726 0.47058824 0.4509804 0.45490196 0.44313726 0.4627451 0.52156866 0.5764706 0.57254905 0.56078434 0.6039216 0.62352943 0.6156863 0.63529414 0.654902 0.69803923 0.78039217 0.87058824 0.7921569 0.75686276 0.8666667 0.8039216 0.7254902 0.5529412 0.5137255 0.56078434 0.61960787 0.63529414 0.6392157 0.6666667 0.65882355 0.6627451
0.49411765 0.4862745 0.5176471 0.49019608 0.44313726 0.49411765 0.50980395 0.5647059 0.57254905 0.5882353 0.6117647 0.627451 0.63529414 0.627451 0.62352943 0.6431373 0.6862745 0.74509805 0.79607844 0.78039217 0.74509805 0.7372549 0.6431373 0.5294118 0.4862745 0.49411765 0.58431375 0.5803922 0.60784316 0.6627451 0.6666667 0.64705884
0.5294118 0.5411765 0.5019608 0.5019608 0.49019608 0.5019608 0.48235294 0.5529412 0.58431375 0.59607846 0.6117647 0.627451 0.6392157 0.627451 0.6313726 0.6156863 0.6039216 0.6431373 0.69803923 0.69803923 0.6901961 0.70980394 0.5686275 0.49411765 0.5058824 0.4509804 0.4862745 0.49411765 0.5529412 0.6 0.62352943 0.64705884
0.49411765 0.5254902 0.48235294 0.50980395 0.49019608 0.5058824 0.48235294 0.5568628 0.59607846 0.5921569 0.6156863 0.6156863 0.61960787 0.6313726 0.63529414 0.5921569 0.5411765 0.5882353 0.6509804 0.6784314 0.7137255 0.70980394 0.5686275 0.46666667 0.52156866 0.42352942 0.40392157 0.4627451 0.5294118 0.5529412 0.57254905 0.5921569
0.49411765 0.47843137 0.49019608 0.5529412 0.49411765 0.4862745 0.5137255 0.5372549 0.6039216 0.6156863 0.62352943 0.6313726 0.6039216 0.6039216 0.62352943 0.63529414 0.56078434 0.57254905 0.63529414 0.6666667 0.69803923 0.7176471 0.54509807 0.44313726 0.49411765 0.46666667 0.42352942 0.49019608 0.56078434 0.5764706 0.5921569 0.5529412
0.49019608 0.4627451 0.5137255 0.57254905 0.5019608 0.4745098 0.5176471 0.5294118 0.59607846 0.6039216 0.6039216 0.64705884 0.6431373 0.6039216 0.60784316 0.6392157 0.627451 0.6117647 0.6509804 0.6862745 0.70980394 0.7294118 0.5529412 0.45490196 0.44313726 0.4392157 0.4745098 0.5294118 0.5568628 0.5803922 0.6039216 0.58431375
0.47058824 0.4745098 0.5294118 0.5568628 0.49019608 0.4862745 0.52156866 0.5294118 0.58431375 0.6117647 0.6039216 0.627451 0.654902 0.6117647 0.56078434 0.59607846 0.6313726 0.62352943 0.6392157 0.69411767 0.69803923 0.7411765 0.64705884 0.5254902 0.45882353 0.46666667 0.54509807 0.60784316 0.627451 0.62352943 0.5764706 0.5803922
0.5019608 0.5372549 0.54901963 0.5372549 0.4745098 0.49803922 0.5254902 0.5529412 0.6 0.63529414 0.6392157 0.63529414 0.6666667 0.67058825 0.5647059 0.5254902 0.5686275 0.59607846 0.6 0.5686275 0.6039216 0.7607843 0.68235296 0.5254902 0.54901963 0.6039216 0.6117647 0.6313726 0.654902 0.6509804 0.5921569 0.5764706
0.53333336 0.54901963 0.53333336 0.52156866 0.4745098 0.4745098 0.50980395 0.5568628 0.60784316 0.6431373 0.65882355 0.64705884 0.6666667 0.69803923 0.65882355 0.57254905 0.52156866 0.49803922 0.5137255 0.5294118 0.6392157 0.77254903 0.68235296 0.56078434 0.627451 0.65882355 0.6117647 0.62352943 0.6509804 0.6509804 0.6117647 0.5686275
0.5372549 0.50980395 0.50980395 0.52156866 0.47058824 0.44313726 0.5019608 0.5411765 0.5921569 0.6431373 0.6627451 0.6745098 0.6627451 0.69411767 0.7058824 0.69411767 0.6666667 0.627451 0.627451 0.6666667 0.7411765 0.76862746 0.6509804 0.5882353 0.62352943 0.65882355 0.6313726 0.64705884 0.654902 0.654902 0.61960787 0.5882353
0.49019608 0.45882353 0.49411765 0.54901963 0.4509804 0.40784314 0.49019608 0.5411765 0.5764706 0.6 0.63529414 0.6627451 0.6627451 0.68235296 0.6901961 0.69411767 0.72156864 0.7411765 0.7137255 0.69411767 0.7254902 0.69803923 0.6039216 0.59607846 0.5647059 0.58431375 0.6117647 0.6431373 0.654902 0.6509804 0.6156863 0.59607846
0.3529412 0.38431373 0.34901962 0.36862746 0.37254903 0.36078432 0.3647059 0.32156864 0.32156864 0.39607844 0.60784316 0.65882355 0.5176471 0.37254903 0.3764706 0.43529412 0.5176471 0.5176471 0.5372549 0.5882353 0.6039216 0.60784316 0.5921569 0.6156863 0.63529414 0.61960787 0.6 0.58431375 0.57254905 0.5764706 0.5803922 0.59607846
0.2901961 0.33333334 0.3882353 0.42352942 0.39607844 0.40784314 0.38431373 0.29411766 0.3372549 0.40392157 0.6156863 0.6901961 0.6313726 0.49803922 0.42352942 0.4 0.4117647 0.40784314 0.45490196 0.5647059 0.5921569 0.5803922 0.5803922 0.6392157 0.6862745 0.61960787 0.6 0.6117647 0.6039216 0.5882353 0.5803922 0.5882353
0.3137255 0.30980393 0.3882353 0.43529412 0.3882353 0.46666667 0.44313726 0.3372549 0.3764706 0.41568628 0.6039216 0.70980394 0.7019608 0.6156863 0.50980395 0.42745098 0.3529412 0.3254902 0.44313726 0.54509807 0.54901963 0.54509807 0.6039216 0.69803923 0.73333335 0.6313726 0.62352943 0.627451 0.6156863 0.6 0.5921569 0.5921569
0.3647059 0.36862746 0.39607844 0.40392157 0.40784314 0.49803922 0.4627451 0.40784314 0.43137255 0.42745098 0.6039216 0.7019608 0.7490196 0.6745098 0.58431375 0.4392157 0.29803923 0.30980393 0.40784314 0.4627451 0.5058824 0.5803922 0.64705884 0.7529412 0.75686276 0.6509804 0.6509804 0.6431373 0.627451 0.60784316 0.6 0.59607846
0.38431373 0.4117647 0.40392157 0.3764706 0.40392157 0.48235294 0.45490196 0.43529412 0.44705883 0.45882353 0.6156863 0.7176471 0.78039217 0.7137255 0.5882353 0.47058824 0.2509804 0.24705882 0.28627452 0.30980393 0.4392157 0.5803922 0.654902 0.76862746 0.77254903 0.67058825 0.6627451 0.65882355 0.6313726 0.6156863 0.6039216 0.5921569
0.3647059 0.43137255 0.43137255 0.40784314 0.36078432 0.47058824 0.44705883 0.39215687 0.44313726 0.42745098 0.6039216 0.7372549 0.74509805 0.7137255 0.5686275 0.52156866 0.3764706 0.28627452 0.28627452 0.31764707 0.43529412 0.5686275 0.65882355 0.7254902 0.7372549 0.65882355 0.67058825 0.6901961 0.64705884 0.63529414 0.61960787 0.6156863
0.37254903 0.43529412 0.4117647 0.39607844 0.3529412 0.46666667 0.49411765 0.40392157 0.42745098 0.40392157 0.54901963 0.6431373 0.6 0.6392157 0.6156863 0.56078434 0.5137255 0.4 0.33333334 0.4392157 0.50980395 0.6117647 0.69411767 0.6666667 0.627451 0.60784316 0.6745098 0.7058824 0.6745098 0.64705884 0.61960787 0.6156863
0.41568628 0.4 0.38431373 0.3647059 0.38431373 0.44705883 0.5137255 0.44313726 0.38431373 0.40392157 0.5176471 0.5568628 0.5647059 0.6627451 0.6784314 0.61960787 0.6 0.50980395 0.40784314 0.4862745 0.5764706 0.64705884 0.7254902 0.73333335 0.60784316 0.62352943 0.6666667 0.6745098 0.6745098 0.6313726 0.60784316 0.6039216
0.34117648 0.34509805 0.39215687 0.3882353 0.42352942 0.43137255 0.45882353 0.44705883 0.3764706 0.37254903 0.49411765 0.5882353 0.6627451 0.7019608 0.64705884 0.6156863 0.6039216 0.5254902 0.49411765 0.5058824 0.58431375 0.627451 0.6745098 0.7254902 0.67058825 0.62352943 0.627451 0.6666667 0.6627451 0.63529414 0.6117647 0.59607846
0.28627452 0.30980393 0.38431373 0.36862746 0.3764706 0.38431373 0.42352942 0.3882353 0.3372549 0.3529412 0.39607844 0.5764706 0.6509804 0.63529414 0.61960787 0.61960787 0.6156863 0.5686275 0.5372549 0.5686275 0.61960787 0.627451 0.6431373 0.68235296 0.69411767 0.60784316 0.6431373 0.6862745 0.6862745 0.64705884 0.6 0.5764706
0.25490198 0.30588236 0.37254903 0.36862746 0.36862746 0.3764706 0.42745098 0.3529412 0.28627452 0.30588236 0.36078432 0.54901963 0.62352943 0.62352943 0.6156863 0.62352943 0.61960787 0.6156863 0.5568628 0.5921569 0.63529414 0.65882355 0.6627451 0.67058825 0.69803923 0.654902 0.7019608 0.7058824 0.68235296 0.64705884 0.60784316 0.5764706
0.30588236 0.33333334 0.37254903 0.3882353 0.3882353 0.38431373 0.38039216 0.3254902 0.30980393 0.3137255 0.37254903 0.5686275 0.6313726 0.6431373 0.6431373 0.6509804 0.61960787 0.627451 0.5647059 0.5921569 0.63529414 0.6745098 0.69411767 0.6862745 0.6901961 0.6666667 0.69803923 0.6862745 0.6627451 0.64705884 0.61960787 0.59607846
0.3019608 0.3254902 0.36078432 0.38431373 0.38431373 0.34901962 0.32941177 0.3529412 0.3882353 0.3647059 0.39215687 0.5568628 0.6156863 0.64705884 0.69803923 0.69411767 0.6392157 0.6627451 0.5686275 0.6 0.6745098 0.69803923 0.73333335 0.68235296 0.6313726 0.6313726 0.6784314 0.6666667 0.6431373 0.6392157 0.62352943 0.60784316
0.30980393 0.33333334 0.35686275 0.36862746 0.36078432 0.3529412 0.3647059 0.42352942 0.41960785 0.36862746 0.41960785 0.50980395 0.53333336 0.63529414 0.7019608 0.7176471 0.7372549 0.7176471 0.6313726 0.64705884 0.7411765 0.7490196 0.7019608 0.69803923 0.5803922 0.5803922 0.6392157 0.654902 0.627451 0.6313726 0.6313726 0.6117647
0.3529412 0.38431373 0.4 0.39215687 0.37254903 0.39215687 0.4 0.44313726 0.42352942 0.38431373 0.45490196 0.44313726 0.5058824 0.6862745 0.72156864 0.67058825 0.6901961 0.7411765 0.6901961 0.7058824 0.73333335 0.68235296 0.7019608 0.74509805 0.6392157 0.5686275 0.6313726 0.6509804 0.627451 0.62352943 0.6313726 0.60784316
0.3647059 0.42352942 0.41568628 0.39607844 0.4 0.4117647 0.44313726 0.46666667 0.41960785 0.40392157 0.4862745 0.5372549 0.63529414 0.6862745 0.73333335 0.7294118 0.6156863 0.7058824 0.7137255 0.72156864 0.69803923 0.7058824 0.7607843 0.7372549 0.7058824 0.6117647 0.6431373 0.6509804 0.6313726 0.61960787 0.6117647 0.6039216
0.3882353 0.43137255 0.36078432 0.36862746 0.4117647 0.44313726 0.47058824 0.47058824 0.44313726 0.46666667 0.5019608 0.54901963 0.6627451 0.6901961 0.70980394 0.7490196 0.70980394 0.6431373 0.70980394 0.70980394 0.6313726 0.72156864 0.74509805 0.72156864 0.6666667 0.6392157 0.6509804 0.654902 0.6392157 0.6156863 0.60784316 0.6039216
0.4392157 0.39215687 0.37254903 0.3647059 0.42352942 0.46666667 0.4627451 0.49019608 0.46666667 0.49019608 0.5254902 0.52156866 0.5882353 0.6392157 0.6862745 0.7254902 0.69411767 0.6039216 0.6862745 0.7058824 0.59607846 0.7176471 0.7490196 0.69803923 0.627451 0.6392157 0.65882355 0.6666667 0.6509804 0.63529414 0.6313726 0.60784316
0.41568628 0.3647059 0.40784314 0.3882353 0.42352942 0.47058824 0.4862745 0.52156866 0.49019608 0.5058824 0.54901963 0.5254902 0.57254905 0.654902 0.69411767 0.7411765 0.7607843 0.6313726 0.5882353 0.6392157 0.6313726 0.7764706 0.77254903 0.6627451 0.5882353 0.627451 0.64705884 0.64705884 0.6392157 0.63529414 0.6313726 0.61960787
0.3647059 0.4 0.4117647 0.38039216 0.4509804 0.47843137 0.5137255 0.5411765 0.52156866 0.5372549 0.5686275 0.54509807 0.5686275 0.64705884 0.7019608 0.7529412 0.78431374 0.69411767 0.52156866 0.5411765 0.68235296 0.8 0.76862746 0.6156863 0.5372549 0.58431375 0.63529414 0.6431373 0.63529414 0.6392157 0.63529414 0.6392157
0.36862746 0.44313726 0.3764706 0.38039216 0.45882353 0.44705883 0.50980395 0.54509807 0.5411765 0.5411765 0.5647059 0.57254905 0.57254905 0.62352943 0.67058825 0.7411765 0.77254903 0.79607844 0.6117647 0.57254905 0.7921569 0.79607844 0.7490196 0.6 0.54509807 0.5647059 0.62352943 0.6392157 0.63529414 0.6392157 0.61960787 0.6392157
0.40392157 0.43137255 0.41568628 0.41568628 0.41960785 0.45882353 0.5137255 0.5568628 0.54901963 0.5254902 0.56078434 0.58431375 0.58431375 0.6117647 0.6392157 0.6745098 0.7411765 0.83137256 0.7490196 0.7137255 0.81960785 0.7607843 0.7058824 0.56078434 0.5176471 0.54509807 0.6117647 0.6313726 0.627451 0.6431373 0.62352943 0.61960787
0.45490196 0.44705883 0.47843137 0.4509804 0.41568628 0.49411765 0.5019608 0.54901963 0.54901963 0.5529412 0.5686275 0.5882353 0.6039216 0.6039216 0.6039216 0.61960787 0.6509804 0.70980394 0.7607843 0.74509805 0.7058824 0.70980394 0.6392157 0.54509807 0.49803922 0.49019608 0.5764706 0.57254905 0.5921569 0.6392157 0.63529414 0.60784316
0.49019608 0.5019608 0.4627451 0.4627451 0.4627451 0.49803922 0.4745098 0.5372549 0.56078434 0.5647059 0.5764706 0.5921569 0.6039216 0.6 0.60784316 0.5882353 0.5686275 0.60784316 0.6627451 0.6627451 0.654902 0.69411767 0.5764706 0.5137255 0.5254902 0.45882353 0.47843137 0.48235294 0.53333336 0.5764706 0.6 0.61960787
0.45490196 0.4862745 0.44313726 0.47058824 0.46666667 0.5019608 0.47058824 0.5411765 0.57254905 0.56078434 0.58431375 0.58431375 0.5882353 0.6 0.6039216 0.56078434 0.5058824 0.5529412 0.6156863 0.6392157 0.68235296 0.7019608 0.57254905 0.47843137 0.53333336 0.43529412 0.39215687 0.4392157 0.50980395 0.53333336 0.5529412 0.57254905
0.45490196 0.4392157 0.45490196 0.5137255 0.47058824 0.48235294 0.5058824 0.52156866 0.5803922 0.58431375 0.6 0.60784316 0.5764706 0.5686275 0.5882353 0.6 0.5254902 0.5372549 0.6 0.627451 0.6627451 0.7019608 0.53333336 0.43529412 0.49019608 0.46666667 0.40784314 0.4627451 0.5372549 0.56078434 0.58431375 0.54509807
0.4509804 0.42352942 0.4745098 0.5294118 0.47843137 0.47058824 0.5058824 0.50980395 0.5686275 0.57254905 0.58431375 0.627451 0.6156863 0.5647059 0.5686275 0.6 0.5921569 0.5764706 0.6156863 0.6509804 0.6745098 0.7019608 0.52156866 0.42352942 0.41960785 0.42745098 0.44705883 0.49411765 0.53333336 0.5686275 0.6 0.5803922
0.43137255 0.43529412 0.49019608 0.5176471 0.4627451 0.47843137 0.5137255 0.5058824 0.5568628 0.5803922 0.5803922 0.6039216 0.62352943 0.5764706 0.52156866 0.5529412 0.5921569 0.58431375 0.6039216 0.654902 0.65882355 0.7019608 0.60784316 0.4862745 0.42745098 0.44313726 0.52156866 0.58431375 0.6117647 0.6156863 0.5803922 0.5764706
0.4627451 0.49803922 0.50980395 0.49803922 0.44705883 0.48235294 0.50980395 0.5294118 0.5686275 0.6 0.6039216 0.6 0.6313726 0.63529414 0.5254902 0.48235294 0.5294118 0.5568628 0.5568628 0.5254902 0.56078434 0.7176471 0.6431373 0.49411765 0.52156866 0.58431375 0.6039216 0.6313726 0.65882355 0.65882355 0.6 0.5803922
0.49411765 0.50980395 0.49411765 0.48235294 0.44313726 0.45882353 0.49019608 0.53333336 0.57254905 0.60784316 0.61960787 0.60784316 0.627451 0.65882355 0.61960787 0.5294118 0.47843137 0.45490196 0.47058824 0.4862745 0.59607846 0.73333335 0.6509804 0.5372549 0.60784316 0.6431373 0.6117647 0.63529414 0.65882355 0.6627451 0.62352943 0.57254905
0.49803922 0.47058824 0.47058824 0.48235294 0.4392157 0.42745098 0.4862745 0.5137255 0.5568628 0.6039216 0.62352943 0.63529414 0.62352943 0.654902 0.6666667 0.6509804 0.62352943 0.58431375 0.58431375 0.62352943 0.7019608 0.7411765 0.6313726 0.5686275 0.60784316 0.6431373 0.627451 0.64705884 0.6627451 0.65882355 0.627451 0.5921569
0.4509804 0.41960785 0.45490196 0.50980395 0.42352942 0.39215687 0.4745098 0.5137255 0.54509807 0.5647059 0.59607846 0.627451 0.62352943 0.6431373 0.6509804 0.6509804 0.6784314 0.69803923 0.67058825 0.6509804 0.6901961 0.6862745 0.6 0.5882353 0.54901963 0.56078434 0.6 0.63529414 0.6509804 0.64705884 0.6117647 0.5921569
0.1764706 0.23137255 0.19607843 0.19607843 0.1882353 0.19215687 0.21960784 0.1764706 0.14509805 0.20784314 0.5058824 0.59607846 0.4509804 0.27058825 0.23137255 0.23137255 0.29411766 0.33333334 0.38431373 0.4392157 0.44313726 0.4392157 0.45882353 0.5372549 0.5921569 0.5882353 0.52156866 0.47843137 0.47058824 0.4862745 0.49803922 0.52156866
0.10980392 0.15686275 0.19607843 0.21176471 0.1764706 0.2 0.19607843 0.1254902 0.15686275 0.22745098 0.54509807 0.65882355 0.5803922 0.40784314 0.28627452 0.23529412 0.2509804 0.27058825 0.33333334 0.43137255 0.44313726 0.44705883 0.48235294 0.58431375 0.65882355 0.59607846 0.5254902 0.5019608 0.5019608 0.49411765 0.49803922 0.5137255
0.11764706 0.101960786 0.16470589 0.19607843 0.14509805 0.22745098 0.22352941 0.14117648 0.18039216 0.24313726 0.56078434 0.7058824 0.6745098 0.54509807 0.4 0.30980393 0.25490198 0.23921569 0.3529412 0.42745098 0.42352942 0.4509804 0.54901963 0.6745098 0.7254902 0.61960787 0.54901963 0.52156866 0.5137255 0.5058824 0.5058824 0.5137255
0.14509805 0.12941177 0.14117648 0.15294118 0.15686275 0.2509804 0.22352941 0.18039216 0.21176471 0.24705882 0.57254905 0.7176471 0.7411765 0.6313726 0.5058824 0.36078432 0.24313726 0.25882354 0.34901962 0.38039216 0.41568628 0.5254902 0.62352943 0.7490196 0.75686276 0.63529414 0.5764706 0.5372549 0.5254902 0.5176471 0.5176471 0.5137255
0.13725491 0.13725491 0.12941177 0.12156863 0.16470589 0.24313726 0.20392157 0.18039216 0.19607843 0.2509804 0.5803922 0.73333335 0.78039217 0.69411767 0.54509807 0.43137255 0.23137255 0.23137255 0.27058825 0.28235295 0.40392157 0.56078434 0.6509804 0.7764706 0.77254903 0.6509804 0.58431375 0.54901963 0.5294118 0.5254902 0.52156866 0.5058824
0.09803922 0.14117648 0.15294118 0.16470589 0.14117648 0.24313726 0.2 0.1254902 0.16862746 0.1882353 0.54901963 0.7490196 0.7529412 0.7058824 0.54901963 0.5058824 0.38039216 0.3019608 0.3137255 0.34117648 0.44705883 0.56078434 0.65882355 0.7294118 0.7294118 0.627451 0.5882353 0.5803922 0.54509807 0.5411765 0.5372549 0.52156866
0.11764706 0.15686275 0.14901961 0.18039216 0.14117648 0.23137255 0.25882354 0.15294118 0.12156863 0.09803922 0.4627451 0.64705884 0.5921569 0.627451 0.59607846 0.5372549 0.50980395 0.4117647 0.35686275 0.4509804 0.5019608 0.59607846 0.6901961 0.67058825 0.6117647 0.5686275 0.5803922 0.58431375 0.56078434 0.5372549 0.5176471 0.50980395
0.16862746 0.13333334 0.12941177 0.15686275 0.17254902 0.19607843 0.27450982 0.19215687 0.07450981 0.09411765 0.42745098 0.54509807 0.54509807 0.6392157 0.6509804 0.5882353 0.5764706 0.50980395 0.4117647 0.4745098 0.54901963 0.61960787 0.7137255 0.73333335 0.5882353 0.5764706 0.5686275 0.5529412 0.5529412 0.5137255 0.49019608 0.49019608
0.09411765 0.078431375 0.13725491 0.16862746 0.2 0.17254902 0.18431373 0.16862746 0.105882354 0.14901961 0.41568628 0.56078434 0.63529414 0.68235296 0.627451 0.5921569 0.58431375 0.52156866 0.49411765 0.49411765 0.5647059 0.6039216 0.6627451 0.7176471 0.6392157 0.5568628 0.5294118 0.5529412 0.54901963 0.5254902 0.5019608 0.49019608
0.05882353 0.07058824 0.14901961 0.16078432 0.16470589 0.14117648 0.14117648 0.11372549 0.1254902 0.21960784 0.3372549 0.5411765 0.627451 0.61960787 0.6039216 0.6 0.59607846 0.5529412 0.52156866 0.5529412 0.6 0.60784316 0.6313726 0.67058825 0.6509804 0.5294118 0.5411765 0.5764706 0.5764706 0.5411765 0.49411765 0.4745098
0.08235294 0.12941177 0.2 0.20784314 0.20784314 0.18039216 0.19607843 0.12941177 0.14509805 0.24705882 0.31764707 0.5137255 0.6039216 0.6117647 0.6039216 0.60784316 0.6039216 0.5882353 0.53333336 0.5686275 0.61960787 0.6392157 0.6509804 0.654902 0.6509804 0.57254905 0.59607846 0.6 0.5803922 0.54509807 0.5058824 0.47843137
0.20784314 0.23921569 0.28235295 0.30588236 0.29411766 0.25882354 0.23529412 0.19215687 0.23529412 0.29411766 0.34117648 0.53333336 0.6156863 0.63529414 0.6313726 0.6392157 0.6 0.59607846 0.5294118 0.5686275 0.61960787 0.6509804 0.6784314 0.67058825 0.6431373 0.5882353 0.6 0.58431375 0.5647059 0.54901963 0.5254902 0.5058824
0.26666668 0.30588236 0.34509805 0.37254903 0.3529412 0.29411766 0.27450982 0.30588236 0.3647059 0.35686275 0.36862746 0.53333336 0.6039216 0.6392157 0.6862745 0.6862745 0.61960787 0.627451 0.5254902 0.57254905 0.65882355 0.6745098 0.7176471 0.6666667 0.5882353 0.5568628 0.58431375 0.5686275 0.54901963 0.54509807 0.53333336 0.52156866
0.3019608 0.3372549 0.3647059 0.3764706 0.3529412 0.32941177 0.34901962 0.40784314 0.40392157 0.3529412 0.40784314 0.49803922 0.52156866 0.6156863 0.6745098 0.6862745 0.7058824 0.6784314 0.59607846 0.61960787 0.70980394 0.7019608 0.67058825 0.6745098 0.5294118 0.49411765 0.53333336 0.5529412 0.5254902 0.5254902 0.5294118 0.5176471
0.34509805 0.38039216 0.39215687 0.38431373 0.36078432 0.3764706 0.38431373 0.42352942 0.39607844 0.35686275 0.44313726 0.43529412 0.4862745 0.65882355 0.68235296 0.62352943 0.64705884 0.7058824 0.6666667 0.6745098 0.6862745 0.61960787 0.6627451 0.7137255 0.58431375 0.47058824 0.5137255 0.5372549 0.5137255 0.5137255 0.5176471 0.50980395
0.35686275 0.41568628 0.40784314 0.3882353 0.3882353 0.39607844 0.42352942 0.44313726 0.39215687 0.37254903 0.4745098 0.5254902 0.6117647 0.65882355 0.69803923 0.6862745 0.5686275 0.6745098 0.68235296 0.68235296 0.64705884 0.654902 0.7294118 0.7137255 0.654902 0.5137255 0.53333336 0.54509807 0.52156866 0.50980395 0.5019608 0.5019608
0.38039216 0.41960785 0.34901962 0.35686275 0.4 0.42745098 0.4509804 0.44705883 0.41960785 0.43529412 0.48235294 0.5294118 0.6392157 0.6627451 0.6784314 0.7137255 0.67058825 0.60784316 0.67058825 0.6666667 0.58431375 0.6862745 0.7294118 0.69803923 0.6117647 0.54901963 0.54901963 0.5529412 0.5372549 0.5137255 0.5019608 0.50980395
0.42352942 0.3764706 0.36078432 0.34901962 0.40784314 0.4509804 0.44313726 0.46666667 0.44313726 0.45882353 0.49803922 0.49411765 0.5647059 0.61960787 0.6666667 0.7019608 0.6627451 0.5686275 0.6392157 0.6509804 0.54901963 0.6901961 0.7294118 0.65882355 0.56078434 0.5411765 0.56078434 0.5764706 0.56078434 0.5411765 0.5411765 0.52156866
0.39607844 0.34509805 0.3882353 0.37254903 0.40784314 0.45490196 0.46666667 0.5019608 0.4627451 0.47058824 0.5176471 0.49411765 0.54509807 0.6392157 0.68235296 0.7254902 0.7294118 0.58431375 0.53333336 0.5803922 0.58431375 0.7529412 0.7411765 0.6 0.49803922 0.5137255 0.54509807 0.5647059 0.5529412 0.5529412 0.54901963 0.5372549
0.34509805 0.38039216 0.39215687 0.36078432 0.43529412 0.46666667 0.49411765 0.5176471 0.49803922 0.5058824 0.5294118 0.50980395 0.5411765 0.6313726 0.69411767 0.7411765 0.7607843 0.6431373 0.4627451 0.48235294 0.63529414 0.77254903 0.7254902 0.53333336 0.42352942 0.45490196 0.5294118 0.56078434 0.5529412 0.56078434 0.5568628 0.5568628
0.3529412 0.42745098 0.36078432 0.3647059 0.44313726 0.43137255 0.49411765 0.5294118 0.52156866 0.5176471 0.5254902 0.5372549 0.54509807 0.6039216 0.654902 0.72156864 0.7411765 0.7529412 0.5647059 0.5254902 0.7607843 0.78039217 0.7019608 0.50980395 0.42745098 0.44313726 0.5176471 0.54509807 0.54509807 0.5568628 0.54509807 0.56078434
0.39607844 0.42352942 0.40392157 0.40784314 0.40784314 0.44313726 0.49803922 0.54509807 0.5372549 0.5137255 0.53333336 0.54509807 0.54901963 0.5803922 0.60784316 0.6392157 0.70980394 0.8 0.72156864 0.6901961 0.8117647 0.7607843 0.6627451 0.46666667 0.4 0.4392157 0.5058824 0.52156866 0.5294118 0.5568628 0.5529412 0.5529412
0.44705883 0.4392157 0.47058824 0.44313726 0.40784314 0.47843137 0.4862745 0.5372549 0.5372549 0.54509807 0.5411765 0.5529412 0.5686275 0.5647059 0.5647059 0.5803922 0.6156863 0.68235296 0.7411765 0.7294118 0.7019608 0.69411767 0.5764706 0.42745098 0.3647059 0.37254903 0.46666667 0.46666667 0.49411765 0.5529412 0.56078434 0.5372549
0.48235294 0.49411765 0.45490196 0.45490196 0.45490196 0.48235294 0.45882353 0.5254902 0.54901963 0.5568628 0.5529412 0.56078434 0.57254905 0.56078434 0.5647059 0.54509807 0.5372549 0.5803922 0.6431373 0.64705884 0.64705884 0.6666667 0.4862745 0.36862746 0.3647059 0.3254902 0.36862746 0.38039216 0.4392157 0.49019608 0.5137255 0.5372549
0.44705883 0.47843137 0.43529412 0.4627451 0.45490196 0.4862745 0.45882353 0.5294118 0.56078434 0.5529412 0.5647059 0.56078434 0.5568628 0.56078434 0.5568628 0.5176471 0.4745098 0.5254902 0.5921569 0.627451 0.67058825 0.6627451 0.47058824 0.3137255 0.35686275 0.2901961 0.2901961 0.3529412 0.41960785 0.44313726 0.45882353 0.47843137
0.44705883 0.43137255 0.44705883 0.5058824 0.45882353 0.46666667 0.49019608 0.50980395 0.5686275 0.5764706 0.58431375 0.58431375 0.54509807 0.5294118 0.5372549 0.5568628 0.49019608 0.50980395 0.5764706 0.6156863 0.654902 0.6666667 0.43137255 0.26666668 0.30980393 0.32941177 0.3137255 0.38431373 0.4509804 0.4627451 0.47843137 0.4392157
0.44313726 0.41568628 0.46666667 0.52156866 0.46666667 0.45490196 0.49411765 0.49803922 0.56078434 0.5647059 0.57254905 0.6117647 0.58431375 0.5254902 0.5176471 0.5529412 0.56078434 0.54901963 0.5921569 0.63529414 0.67058825 0.6784314 0.42745098 0.2627451 0.24705882 0.3019608 0.36862746 0.42352942 0.44705883 0.47058824 0.4862745 0.46666667
0.42352942 0.42745098 0.48235294 0.50980395 0.45490196 0.46666667 0.5019608 0.49411765 0.54509807 0.5686275 0.57254905 0.5921569 0.6 0.5411765 0.47843137 0.5176471 0.5647059 0.56078434 0.58431375 0.6392157 0.654902 0.6901961 0.5372549 0.3529412 0.28627452 0.3372549 0.4392157 0.5058824 0.52156866 0.50980395 0.4627451 0.45882353
0.45490196 0.49019608 0.5019608 0.49019608 0.4392157 0.47843137 0.5019608 0.5176471 0.5529412 0.58431375 0.5921569 0.5921569 0.61960787 0.61960787 0.50980395 0.46666667 0.50980395 0.5372549 0.5411765 0.50980395 0.5529412 0.7137255 0.6039216 0.41568628 0.42352942 0.49411765 0.5137255 0.5372549 0.5568628 0.54509807 0.48235294 0.45882353
0.4862745 0.5019608 0.4862745 0.4745098 0.4392157 0.45490196 0.48235294 0.52156866 0.5568628 0.5882353 0.60784316 0.6 0.61960787 0.6509804 0.6117647 0.5176471 0.4627451 0.4392157 0.45490196 0.47058824 0.58431375 0.72156864 0.6117647 0.46666667 0.5176471 0.5529412 0.52156866 0.5372549 0.5568628 0.54901963 0.5019608 0.45490196
0.49019608 0.4627451 0.4627451 0.4745098 0.43529412 0.42352942 0.47843137 0.5019608 0.5411765 0.5882353 0.6117647 0.627451 0.6156863 0.64705884 0.65882355 0.6392157 0.60784316 0.5686275 0.5686275 0.60784316 0.68235296 0.7137255 0.5764706 0.4862745 0.50980395 0.54901963 0.5372549 0.5568628 0.56078434 0.5529412 0.50980395 0.4745098
0.44313726 0.41568628 0.44705883 0.5019608 0.41568628 0.3882353 0.46666667 0.5019608 0.5294118 0.54901963 0.5882353 0.61960787 0.6156863 0.63529414 0.6431373 0.6392157 0.6627451 0.68235296 0.654902 0.63529414 0.67058825 0.6392157 0.5254902 0.49019608 0.44705883 0.47058824 0.5176471 0.5529412 0.56078434 0.5529412 0.50980395 0.4862745
19 22 1
19 22 0
13 16 0
2 3 2
17 16 0
20 17 0
15 14 0
14 20 0
17 13 0
20 21 0
28 21 0
2 4 2
9 5 2
20 16 2
20 22 0
16 15 0
2 24 1
29 21 1
17 21 0
28 21 2
1 7 2
4 16 1
2 24 0
1 8 2
17 14 0
22 22 1
20 21 1
21 21 0
15 17 0
18 22 0
18 16 0
17 15 0
9 3 2
1 5 2
3 24 0
21 17 2
2 12 0
15 15 0
16 16 0
20 16 0
16 24 0
17 12 0
14 23 0
16 22 0
19 21 0
18 14 0
3 3 0
15 15 2
9 8 2
26 15 0
