32, 32, 3, 50
0.92156863 0.90588236 0.9098039 0.9019608 0.8627451 0.8627451 0.8862745 0.84705883 0.83137256 0.8352941 0.8627451 0.8666667 0.8235294 0.79607844 0.7490196 0.7490196 0.89411765 0.89411765 0.9019608 1.0 0.95686275 0.90588236 0.84705883 0.7411765 0.70980394 0.68235296 0.63529414 0.63529414 0.67058825 0.6745098 0.6666667 0.69803923
0.9098039 0.89411765 0.8901961 0.89411765 0.8392157 0.7019608 0.80784315 0.8392157 0.85490197 0.8745098 0.8 0.7529412 0.8117647 0.73333335 0.67058825 0.654902 0.85490197 0.88235295 0.8784314 0.9647059 0.85882354 0.8 0.7764706 0.68235296 0.627451 0.5803922 0.56078434 0.54901963 0.57254905 0.6313726 0.6509804 0.6666667
0.9019608 0.8862745 0.88235295 0.8784314 0.8666667 0.6431373 0.58431375 0.6901961 0.7411765 0.7490196 0.5372549 0.5647059 0.72156864 0.6156863 0.45882353 0.31764707 0.67058825 0.90588236 0.8901961 0.827451 0.75686276 0.69803923 0.67058825 0.57254905 0.49411765 0.45882353 0.49803922 0.49019608 0.48235294 0.50980395 0.5921569 0.6431373
0.8980392 0.8784314 0.87058824 0.8666667 0.8901961 0.627451 0.40784314 0.28235295 0.26666668 0.34117648 0.39607844 0.5568628 0.47843137 0.30980393 0.21960784 0.2509804 0.50980395 0.8039216 0.8901961 0.8352941 0.7019608 0.59607846 0.5137255 0.45490196 0.45882353 0.45490196 0.42352942 0.42745098 0.44705883 0.47058824 0.5137255 0.58431375
0.89411765 0.8784314 0.8745098 0.8666667 0.8627451 0.5294118 0.3647059 0.29803923 0.24705882 0.25882354 0.29411766 0.32156864 0.19607843 0.1882353 0.29803923 0.4392157 0.48235294 0.6 0.77254903 0.8745098 0.7764706 0.5529412 0.47058824 0.47058824 0.47058824 0.47843137 0.45490196 0.41960785 0.42352942 0.4627451 0.47843137 0.5372549
0.8862745 0.8745098 0.8745098 0.8784314 0.8235294 0.4627451 0.3882353 0.39215687 0.3254902 0.29411766 0.25882354 0.22745098 0.22352941 0.3764706 0.49803922 0.5058824 0.50980395 0.59607846 0.6901961 0.78039217 0.85490197 0.78039217 0.62352943 0.53333336 0.49019608 0.47843137 0.47843137 0.47058824 0.4627451 0.43529412 0.40784314 0.42352942
0.88235295 0.8627451 0.8627451 0.827451 0.77254903 0.5176471 0.35686275 0.3764706 0.29803923 0.26666668 0.28627452 0.27450982 0.2627451 0.3529412 0.36078432 0.37254903 0.43529412 0.5019608 0.6313726 0.7254902 0.7882353 0.85490197 0.8117647 0.7372549 0.654902 0.58431375 0.5411765 0.52156866 0.49411765 0.46666667 0.43529412 0.4392157
0.88235295 0.84313726 0.76862746 0.6901961 0.6862745 0.654902 0.4862745 0.3764706 0.27450982 0.28627452 0.25490198 0.16470589 0.16470589 0.21960784 0.24313726 0.2509804 0.23921569 0.22352941 0.34117648 0.5529412 0.6862745 0.7921569 0.80784315 0.8156863 0.79607844 0.75686276 0.7019608 0.64705884 0.61960787 0.58431375 0.5686275 0.59607846
0.7921569 0.7019608 0.6156863 0.4862745 0.34509805 0.4745098 0.5411765 0.46666667 0.32156864 0.27450982 0.20392157 0.1254902 0.13725491 0.2 0.22745098 0.21960784 0.21960784 0.21568628 0.19607843 0.23137255 0.4392157 0.69803923 0.79607844 0.8039216 0.8 0.77254903 0.74509805 0.73333335 0.7254902 0.7019608 0.68235296 0.68235296
0.6392157 0.53333336 0.34901962 0.1882353 0.1254902 0.34901962 0.41960785 0.31764707 0.21176471 0.16470589 0.14901961 0.14117648 0.13725491 0.18431373 0.23137255 0.23137255 0.23529412 0.23921569 0.22352941 0.18039216 0.21568628 0.39215687 0.64705884 0.7921569 0.827451 0.8117647 0.7764706 0.76862746 0.7490196 0.7294118 0.72156864 0.7294118
0.4 0.22745098 0.15686275 0.16470589 0.25882354 0.46666667 0.41960785 0.25882354 0.19607843 0.14901961 0.12941177 0.13333334 0.16078432 0.18431373 0.21960784 0.25882354 0.25882354 0.25490198 0.23529412 0.19607843 0.1882353 0.2 0.30588236 0.5176471 0.72156864 0.8117647 0.83137256 0.83137256 0.827451 0.81960785 0.81960785 0.78039217
0.1882353 0.16862746 0.24313726 0.3764706 0.4745098 0.4117647 0.36862746 0.26666668 0.1882353 0.13725491 0.1254902 0.12941177 0.19607843 0.21960784 0.23137255 0.2627451 0.2784314 0.2509804 0.24313726 0.21176471 0.16470589 0.16078432 0.14117648 0.1882353 0.3764706 0.5568628 0.65882355 0.7176471 0.74509805 0.7529412 0.7647059 0.72156864
0.21568628 0.32941177 0.45490196 0.4862745 0.4509804 0.30588236 0.23921569 0.22745098 0.1882353 0.14509805 0.10980392 0.11764706 0.19215687 0.23137255 0.21960784 0.23529412 0.26666668 0.24313726 0.23137255 0.21176471 0.1764706 0.1764706 0.14117648 0.11764706 0.12941177 0.19215687 0.3019608 0.40392157 0.43137255 0.43137255 0.4392157 0.40784314
0.41960785 0.4627451 0.43137255 0.42745098 0.45882353 0.39215687 0.23137255 0.19607843 0.16862746 0.15294118 0.10980392 0.12156863 0.18039216 0.22745098 0.24705882 0.19607843 0.21960784 0.21176471 0.19215687 0.20784314 0.22352941 0.21568628 0.20392157 0.16078432 0.10980392 0.10980392 0.13725491 0.14509805 0.14509805 0.14117648 0.16470589 0.24313726
0.47843137 0.38431373 0.34901962 0.3254902 0.3254902 0.31764707 0.21960784 0.15686275 0.1764706 0.15686275 0.105882354 0.15686275 0.22745098 0.27450982 0.30980393 0.26666668 0.23921569 0.18431373 0.18039216 0.1764706 0.19215687 0.23529412 0.23529412 0.19215687 0.13725491 0.12941177 0.11372549 0.06666667 0.08627451 0.13725491 0.21960784 0.3137255
0.4745098 0.33333334 0.28627452 0.27450982 0.27058825 0.23137255 0.19607843 0.16862746 0.15294118 0.13333334 0.12156863 0.17254902 0.2509804 0.33333334 0.3647059 0.34117648 0.35686275 0.34117648 0.28627452 0.25882354 0.21960784 0.23137255 0.21568628 0.16862746 0.13725491 0.12941177 0.13333334 0.13333334 0.16470589 0.23137255 0.2901961 0.30588236
0.54509807 0.49411765 0.46666667 0.49411765 0.49411765 0.46666667 0.43529412 0.40392157 0.3647059 0.32156864 0.33333334 0.34901962 0.36078432 0.38431373 0.41568628 0.44313726 0.5137255 0.53333336 0.4745098 0.39607844 0.28627452 0.23921569 0.21176471 0.14901961 0.16078432 0.13725491 0.14901961 0.16470589 0.16862746 0.23137255 0.27450982 0.2901961
0.5686275 0.58431375 0.60784316 0.62352943 0.60784316 0.6117647 0.6039216 0.5882353 0.5882353 0.57254905 0.5686275 0.5411765 0.5176471 0.49411765 0.4509804 0.44705883 0.5176471 0.5529412 0.5372549 0.4509804 0.4 0.30980393 0.18431373 0.18039216 0.14901961 0.14509805 0.15686275 0.16470589 0.15686275 0.22745098 0.25490198 0.27450982
0.5921569 0.6039216 0.6156863 0.627451 0.62352943 0.627451 0.61960787 0.6117647 0.6 0.6039216 0.6039216 0.5803922 0.5764706 0.5647059 0.5294118 0.4745098 0.43137255 0.41568628 0.44705883 0.45882353 0.42745098 0.34117648 0.28627452 0.17254902 0.15294118 0.16470589 0.15686275 0.18431373 0.16862746 0.2 0.24705882 0.2784314
0.6313726 0.627451 0.63529414 0.63529414 0.62352943 0.61960787 0.6313726 0.63529414 0.6313726 0.627451 0.61960787 0.60784316 0.6039216 0.6 0.57254905 0.53333336 0.47843137 0.40784314 0.34117648 0.2784314 0.29411766 0.3529412 0.3019608 0.20784314 0.2 0.15686275 0.14901961 0.18431373 0.19607843 0.1882353 0.23137255 0.2627451
0.64705884 0.64705884 0.6509804 0.64705884 0.63529414 0.6392157 0.64705884 0.6509804 0.6431373 0.6392157 0.63529414 0.627451 0.61960787 0.61960787 0.60784316 0.58431375 0.54901963 0.44313726 0.2784314 0.2509804 0.25490198 0.22352941 0.23137255 0.23921569 0.19215687 0.1764706 0.14117648 0.16470589 0.19215687 0.22352941 0.27450982 0.24313726
0.64705884 0.6509804 0.654902 0.65882355 0.6509804 0.654902 0.6627451 0.65882355 0.6509804 0.6509804 0.6392157 0.63529414 0.6392157 0.63529414 0.62352943 0.6156863 0.5803922 0.49803922 0.37254903 0.3137255 0.25882354 0.18039216 0.22745098 0.22352941 0.23137255 0.1764706 0.13333334 0.17254902 0.2 0.21960784 0.3647059 0.32156864
0.654902 0.64705884 0.65882355 0.65882355 0.6509804 0.65882355 0.65882355 0.65882355 0.654902 0.6509804 0.6431373 0.6431373 0.64705884 0.63529414 0.62352943 0.6156863 0.5921569 0.54901963 0.43137255 0.3529412 0.3019608 0.22352941 0.2901961 0.2627451 0.16470589 0.13725491 0.13725491 0.16862746 0.18039216 0.1764706 0.38431373 0.42745098
0.65882355 0.65882355 0.65882355 0.65882355 0.6627451 0.6627451 0.65882355 0.65882355 0.654902 0.64705884 0.64705884 0.64705884 0.6431373 0.6392157 0.627451 0.6117647 0.59607846 0.5803922 0.49411765 0.4 0.34509805 0.32941177 0.39607844 0.34117648 0.2509804 0.20784314 0.14509805 0.14117648 0.1882353 0.2 0.3882353 0.46666667
0.6627451 0.65882355 0.6627451 0.6666667 0.65882355 0.6509804 0.64705884 0.654902 0.6509804 0.64705884 0.65882355 0.64705884 0.6392157 0.6431373 0.63529414 0.6117647 0.60784316 0.5921569 0.45490196 0.34509805 0.28627452 0.3647059 0.47058824 0.42352942 0.34117648 0.1882353 0.1254902 0.16078432 0.14509805 0.18039216 0.39607844 0.4862745
0.6627451 0.64705884 0.65882355 0.67058825 0.65882355 0.6509804 0.6431373 0.64705884 0.654902 0.6627451 0.65882355 0.64705884 0.6431373 0.6392157 0.63529414 0.62352943 0.6117647 0.5176471 0.33333334 0.23921569 0.27058825 0.42352942 0.50980395 0.48235294 0.42352942 0.32941177 0.23921569 0.19215687 0.18039216 0.18431373 0.3882353 0.49803922
0.6627451 0.65882355 0.6666667 0.67058825 0.6627451 0.654902 0.6431373 0.64705884 0.6627451 0.6627451 0.654902 0.654902 0.6509804 0.627451 0.61960787 0.62352943 0.54901963 0.34509805 0.19607843 0.24313726 0.39607844 0.5176471 0.5372549 0.5294118 0.49411765 0.44313726 0.34901962 0.22352941 0.16862746 0.13725491 0.36078432 0.49803922
0.6666667 0.6627451 0.6666667 0.6666667 0.65882355 0.6509804 0.6509804 0.654902 0.65882355 0.654902 0.6509804 0.64705884 0.6392157 0.6313726 0.62352943 0.54901963 0.34117648 0.2 0.24313726 0.40392157 0.5058824 0.5568628 0.5647059 0.56078434 0.5411765 0.5137255 0.41960785 0.2509804 0.12156863 0.078431375 0.3372549 0.49019608
0.6666667 0.65882355 0.65882355 0.6627451 0.654902 0.654902 0.6509804 0.6431373 0.6509804 0.6509804 0.64705884 0.6392157 0.6313726 0.6313726 0.59607846 0.3529412 0.16862746 0.25882354 0.41568628 0.5254902 0.5647059 0.57254905 0.5686275 0.5686275 0.5568628 0.54901963 0.45490196 0.2627451 0.105882354 0.12156863 0.36078432 0.47843137
0.65882355 0.6509804 0.654902 0.6509804 0.6431373 0.6431373 0.61960787 0.6156863 0.6313726 0.6156863 0.6156863 0.62352943 0.627451 0.61960787 0.5803922 0.3647059 0.27450982 0.39607844 0.50980395 0.5764706 0.5882353 0.58431375 0.5803922 0.5647059 0.54901963 0.5529412 0.49019608 0.3019608 0.18039216 0.24313726 0.3882353 0.47843137
0.65882355 0.6509804 0.654902 0.6509804 0.6313726 0.59607846 0.5803922 0.58431375 0.58431375 0.56078434 0.5529412 0.5647059 0.57254905 0.5803922 0.6 0.5529412 0.5176471 0.5372549 0.5568628 0.5803922 0.5882353 0.58431375 0.58431375 0.5764706 0.5568628 0.54901963 0.49019608 0.32156864 0.27058825 0.34509805 0.43529412 0.49019608
0.654902 0.6392157 0.6431373 0.6313726 0.59607846 0.5686275 0.5568628 0.54901963 0.5568628 0.5372549 0.5411765 0.5568628 0.52156866 0.53333336 0.6 0.6117647 0.6039216 0.59607846 0.59607846 0.59607846 0.58431375 0.5882353 0.5882353 0.5764706 0.57254905 0.56078434 0.48235294 0.34117648 0.2627451 0.39607844 0.46666667 0.5058824
0.9254902 0.9098039 0.9137255 0.9019608 0.85490197 0.8666667 0.9019608 0.8666667 0.8509804 0.84313726 0.85490197 0.8666667 0.8392157 0.8235294 0.7921569 0.74509805 0.78039217 0.6039216 0.31764707 0.27450982 0.25882354 0.2 0.16862746 0.14901961 0.101960786 0.07450981 0.07450981 0.07450981 0.078431375 0.08235294 0.10980392 0.13333334
0.9137255 0.8980392 0.89411765 0.89411765 0.83137256 0.68235296 0.79607844 0.84705883 0.8666667 0.8666667 0.77254903 0.7529412 0.84705883 0.78431374 0.70980394 0.6313726 0.7176471 0.6666667 0.3882353 0.20784314 0.19215687 0.12941177 0.09019608 0.09411765 0.08235294 0.078431375 0.16078432 0.19215687 0.09803922 0.06666667 0.08627451 0.09803922
0.90588236 0.8901961 0.8862745 0.8784314 0.84705883 0.6 0.54509807 0.6862745 0.7490196 0.72156864 0.4862745 0.5529412 0.76862746 0.6509804 0.45882353 0.25882354 0.5254902 0.7058824 0.5176471 0.21568628 0.1254902 0.09019608 0.05882353 0.06666667 0.08627451 0.15294118 0.34509805 0.40784314 0.2627451 0.11764706 0.07450981 0.078431375
0.9019608 0.88235295 0.8745098 0.8627451 0.8627451 0.5686275 0.35686275 0.27450982 0.2784314 0.30980393 0.33333334 0.5372549 0.5137255 0.29803923 0.17254902 0.15686275 0.36078432 0.5764706 0.6117647 0.4509804 0.14901961 0.11372549 0.1882353 0.23921569 0.28235295 0.33333334 0.3882353 0.43137255 0.42352942 0.33333334 0.21568628 0.12941177
0.89411765 0.8784314 0.87058824 0.8627451 0.85490197 0.49411765 0.3254902 0.2784314 0.23137255 0.22745098 0.2509804 0.2901961 0.1764706 0.14901961 0.23529412 0.34509805 0.3647059 0.40784314 0.5137255 0.5803922 0.4509804 0.3137255 0.3254902 0.38431373 0.41960785 0.43529412 0.42352942 0.40784314 0.43529412 0.4627451 0.43529412 0.35686275
0.88235295 0.87058824 0.87058824 0.8784314 0.8235294 0.4392157 0.34509805 0.3529412 0.28627452 0.25490198 0.21568628 0.18039216 0.1764706 0.33333334 0.4392157 0.42745098 0.42352942 0.48235294 0.48235294 0.45490196 0.5176471 0.5137255 0.44313726 0.42352942 0.4509804 0.48235294 0.4862745 0.46666667 0.47058824 0.4627451 0.45490196 0.4862745
0.8784314 0.87058824 0.8784314 0.84705883 0.7764706 0.49411765 0.30588236 0.32156864 0.24705882 0.21960784 0.23921569 0.22352941 0.21960784 0.32156864 0.32156864 0.32156864 0.37254903 0.4627451 0.5176471 0.40392157 0.3372549 0.40784314 0.46666667 0.47843137 0.48235294 0.49803922 0.5019608 0.49803922 0.49411765 0.49411765 0.4862745 0.49411765
0.9019608 0.88235295 0.81960785 0.74509805 0.7137255 0.6431373 0.44313726 0.32156864 0.21960784 0.23921569 0.21960784 0.14117648 0.14901961 0.20392157 0.22745098 0.23137255 0.21568628 0.21960784 0.29803923 0.34117648 0.28235295 0.25882354 0.28627452 0.34117648 0.39215687 0.43137255 0.45882353 0.4745098 0.47843137 0.48235294 0.49803922 0.5294118
0.8509804 0.77254903 0.7019608 0.57254905 0.4 0.49019608 0.52156866 0.43137255 0.28235295 0.24313726 0.1882353 0.12941177 0.15294118 0.2 0.22352941 0.21960784 0.21960784 0.2 0.16862746 0.16078432 0.18039216 0.21568628 0.22352941 0.22352941 0.23921569 0.2784314 0.3019608 0.3137255 0.33333334 0.3529412 0.36862746 0.3764706
0.7254902 0.6039216 0.4117647 0.23137255 0.14509805 0.3529412 0.41568628 0.30980393 0.2 0.15294118 0.14509805 0.14509805 0.14509805 0.18039216 0.22352941 0.22745098 0.23137255 0.21960784 0.20392157 0.17254902 0.10980392 0.1254902 0.1882353 0.21176471 0.2 0.22745098 0.24313726 0.23137255 0.21960784 0.21960784 0.22745098 0.21176471
0.47058824 0.27058825 0.1764706 0.16470589 0.2509804 0.4627451 0.41960785 0.2627451 0.19607843 0.14509805 0.1254902 0.12941177 0.15686275 0.1764706 0.21176471 0.2509804 0.2509804 0.23921569 0.22352941 0.2 0.15686275 0.09803922 0.09019608 0.14117648 0.1764706 0.19215687 0.20784314 0.22745098 0.21568628 0.19607843 0.18431373 0.20392157
0.21960784 0.1764706 0.22745098 0.36078432 0.47058824 0.40784314 0.36862746 0.26666668 0.1882353 0.13333334 0.12156863 0.1254902 0.19215687 0.21568628 0.22745098 0.25490198 0.27450982 0.23921569 0.23529412 0.22745098 0.16862746 0.13725491 0.12156863 0.07450981 0.08235294 0.1254902 0.15686275 0.17254902 0.18431373 0.16078432 0.14901961 0.17254902
0.21960784 0.31764707 0.43137255 0.4627451 0.44705883 0.30588236 0.23921569 0.22745098 0.18431373 0.14117648 0.105882354 0.11372549 0.1882353 0.22745098 0.21568628 0.23137255 0.2627451 0.24313726 0.23921569 0.22352941 0.18431373 0.1764706 0.16470589 0.12156863 0.07450981 0.07058824 0.101960786 0.11764706 0.1254902 0.105882354 0.09019608 0.07058824
0.41568628 0.45490196 0.41960785 0.41568628 0.45882353 0.39215687 0.23137255 0.19215687 0.16470589 0.14901961 0.105882354 0.11764706 0.1764706 0.22352941 0.23921569 0.19215687 0.21568628 0.22352941 0.20784314 0.20784314 0.21176471 0.19215687 0.18039216 0.15686275 0.11372549 0.078431375 0.06666667 0.07058824 0.06666667 0.0627451 0.08627451 0.14509805
0.4627451 0.36862746 0.33333334 0.3137255 0.3254902 0.3137255 0.21568628 0.15294118 0.17254902 0.15294118 0.101960786 0.15294118 0.22352941 0.25882354 0.29411766 0.2509804 0.22352941 0.18431373 0.1882353 0.18039216 0.19215687 0.22352941 0.22352941 0.18431373 0.12941177 0.101960786 0.07450981 0.047058824 0.0627451 0.11372549 0.2 0.24313726
0.45882353 0.32156864 0.27058825 0.26666668 0.26666668 0.22745098 0.19607843 0.16470589 0.14901961 0.12941177 0.11764706 0.17254902 0.2509804 0.31764707 0.34117648 0.30980393 0.3137255 0.3019608 0.25490198 0.24313726 0.21960784 0.23921569 0.21960784 0.16862746 0.12941177 0.11372549 0.10980392 0.101960786 0.12941177 0.19215687 0.25490198 0.26666668
0.53333336 0.4862745 0.45490196 0.49019608 0.49411765 0.46666667 0.43529412 0.40392157 0.3647059 0.32156864 0.33333334 0.34901962 0.3647059 0.3764706 0.39215687 0.4 0.44313726 0.45882353 0.40784314 0.3372549 0.25882354 0.24313726 0.21960784 0.14901961 0.15294118 0.1254902 0.1254902 0.13333334 0.14117648 0.20784314 0.25490198 0.27450982
0.5686275 0.58431375 0.6117647 0.627451 0.60784316 0.6117647 0.6039216 0.5882353 0.58431375 0.57254905 0.5686275 0.54509807 0.5176471 0.47843137 0.42352942 0.40392157 0.45882353 0.49019608 0.46666667 0.3647059 0.34509805 0.30588236 0.19215687 0.18039216 0.14509805 0.13333334 0.13333334 0.13333334 0.13333334 0.21568628 0.25882354 0.27450982
0.6 0.60784316 0.62352943 0.627451 0.61960787 0.62352943 0.6156863 0.60784316 0.59607846 0.6 0.6 0.5764706 0.5686275 0.5411765 0.5019608 0.4509804 0.40784314 0.39607844 0.40392157 0.38039216 0.3647059 0.3254902 0.2901961 0.17254902 0.14509805 0.15294118 0.13333334 0.15294118 0.14901961 0.19607843 0.2627451 0.28235295
0.6313726 0.627451 0.63529414 0.63529414 0.61960787 0.61960787 0.627451 0.63529414 0.627451 0.62352943 0.61960787 0.6039216 0.6039216 0.5921569 0.5647059 0.53333336 0.48235294 0.40784314 0.3254902 0.2509804 0.27058825 0.34509805 0.3019608 0.20392157 0.19607843 0.15294118 0.13333334 0.15686275 0.1764706 0.1764706 0.23137255 0.2627451
0.64705884 0.64705884 0.64705884 0.64705884 0.63529414 0.6392157 0.64705884 0.6509804 0.6431373 0.6392157 0.63529414 0.627451 0.61960787 0.62352943 0.6117647 0.5882353 0.5529412 0.44313726 0.27450982 0.2509804 0.25490198 0.21960784 0.22352941 0.23529412 0.1882353 0.17254902 0.13333334 0.14901961 0.1764706 0.20784314 0.25490198 0.23921569
0.64705884 0.6509804 0.654902 0.65882355 0.6509804 0.654902 0.6627451 0.65882355 0.6509804 0.6509804 0.6392157 0.63529414 0.6392157 0.6392157 0.627451 0.61960787 0.5882353 0.49411765 0.36078432 0.30588236 0.2509804 0.16862746 0.22352941 0.21960784 0.22745098 0.17254902 0.12941177 0.16470589 0.18431373 0.2 0.34117648 0.30980393
0.654902 0.64705884 0.65882355 0.65882355 0.6509804 0.65882355 0.65882355 0.65882355 0.654902 0.6509804 0.6431373 0.6431373 0.64705884 0.6392157 0.627451 0.61960787 0.6 0.5411765 0.40784314 0.33333334 0.2784314 0.19607843 0.2784314 0.2627451 0.16078432 0.13333334 0.13333334 0.17254902 0.17254902 0.15294118 0.34901962 0.40784314
0.65882355 0.65882355 0.65882355 0.65882355 0.6627451 0.6627451 0.65882355 0.65882355 0.654902 0.64705884 0.64705884 0.64705884 0.6431373 0.6392157 0.6313726 0.6156863 0.6039216 0.5686275 0.46666667 0.37254903 0.31764707 0.29803923 0.38431373 0.3372549 0.24705882 0.20392157 0.14509805 0.14509805 0.18431373 0.17254902 0.34901962 0.4392157
0.6627451 0.65882355 0.6627451 0.6666667 0.65882355 0.654902 0.65882355 0.6666667 0.654902 0.64705884 0.65882355 0.64705884 0.6392157 0.6431373 0.6313726 0.6117647 0.60784316 0.5882353 0.4392157 0.3254902 0.25882354 0.33333334 0.45882353 0.42745098 0.34117648 0.1882353 0.1254902 0.15686275 0.14901961 0.17254902 0.36862746 0.45882353
0.6627451 0.64705884 0.65882355 0.6666667 0.654902 0.654902 0.65882355 0.6666667 0.6627451 0.6627451 0.65882355 0.64705884 0.6431373 0.63529414 0.627451 0.61960787 0.6117647 0.5137255 0.32156864 0.21960784 0.24313726 0.39215687 0.5019608 0.4862745 0.42745098 0.33333334 0.23921569 0.18039216 0.18431373 0.1882353 0.37254903 0.4745098
0.6627451 0.65882355 0.67058825 0.6666667 0.65882355 0.65882355 0.65882355 0.6666667 0.67058825 0.65882355 0.654902 0.654902 0.6509804 0.627451 0.6156863 0.62352943 0.54901963 0.33333334 0.17254902 0.21960784 0.37254903 0.49803922 0.53333336 0.53333336 0.49803922 0.4509804 0.34901962 0.21568628 0.17254902 0.13725491 0.34117648 0.4745098
0.6666667 0.6627451 0.6666667 0.6627451 0.654902 0.654902 0.6666667 0.6745098 0.67058825 0.654902 0.6509804 0.64705884 0.6392157 0.627451 0.61960787 0.54509807 0.34509805 0.18431373 0.21568628 0.38039216 0.49019608 0.54509807 0.56078434 0.5647059 0.54509807 0.5176471 0.41568628 0.24313726 0.1254902 0.08235294 0.32156864 0.46666667
0.6666667 0.65882355 0.65882355 0.65882355 0.6509804 0.65882355 0.6666667 0.6666667 0.6627451 0.6509804 0.64705884 0.6392157 0.6313726 0.627451 0.5921569 0.3529412 0.16862746 0.24313726 0.38431373 0.5019608 0.54901963 0.56078434 0.5686275 0.57254905 0.56078434 0.5529412 0.45490196 0.25490198 0.10980392 0.1254902 0.34117648 0.4509804
0.6627451 0.654902 0.65882355 0.654902 0.6509804 0.6509804 0.63529414 0.6313726 0.6392157 0.61960787 0.61960787 0.627451 0.6313726 0.627451 0.58431375 0.3647059 0.27058825 0.3882353 0.49803922 0.5686275 0.58431375 0.5803922 0.5803922 0.5686275 0.54901963 0.5529412 0.49019608 0.29803923 0.16862746 0.23137255 0.38039216 0.4627451
0.6627451 0.654902 0.65882355 0.65882355 0.6431373 0.60784316 0.5921569 0.59607846 0.5921569 0.56078434 0.5568628 0.5686275 0.5764706 0.59607846 0.6117647 0.5568628 0.50980395 0.53333336 0.56078434 0.58431375 0.5921569 0.5882353 0.58431375 0.5764706 0.5568628 0.54901963 0.49019608 0.31764707 0.24705882 0.32156864 0.43137255 0.48235294
0.65882355 0.6431373 0.64705884 0.63529414 0.60784316 0.5803922 0.5686275 0.56078434 0.5647059 0.5411765 0.54509807 0.56078434 0.5254902 0.54509807 0.60784316 0.6117647 0.59607846 0.5921569 0.6 0.6 0.5882353 0.5921569 0.5882353 0.5764706 0.57254905 0.56078434 0.4862745 0.33333334 0.23921569 0.36862746 0.45882353 0.49803922
0.94509804 0.92941177 0.93333334 0.9254902 0.8862745 0.8745098 0.90588236 0.8862745 0.88235295 0.8627451 0.8627451 0.8784314 0.8627451 0.8627451 0.83137256 0.7921569 0.827451 0.63529414 0.3764706 0.36862746 0.32156864 0.2784314 0.24313726 0.19607843 0.16862746 0.14901961 0.13725491 0.13333334 0.14509805 0.13725491 0.14117648 0.1882353
0.93333334 0.91764706 0.9137255 0.9137255 0.83137256 0.65882355 0.78431374 0.8784314 0.91764706 0.8901961 0.7647059 0.74509805 0.8666667 0.84313726 0.7764706 0.68235296 0.7529412 0.6745098 0.44705883 0.32941177 0.26666668 0.20784314 0.17254902 0.14509805 0.13725491 0.13725491 0.19607843 0.21568628 0.14901961 0.12941177 0.13333334 0.15686275
0.9254902 0.9098039 0.90588236 0.9019608 0.8509804 0.56078434 0.5137255 0.7019608 0.7882353 0.7254902 0.4627451 0.54509807 0.8039216 0.7137255 0.52156866 0.30588236 0.5411765 0.7176471 0.5803922 0.3137255 0.20392157 0.16078432 0.13333334 0.11372549 0.12941177 0.1882353 0.34901962 0.39215687 0.27450982 0.16078432 0.13725491 0.14901961
0.92156863 0.9019608 0.89411765 0.8980392 0.8901961 0.5294118 0.29803923 0.25882354 0.28235295 0.28235295 0.29411766 0.5411765 0.5686275 0.34117648 0.21176471 0.19215687 0.36862746 0.6039216 0.65882355 0.49411765 0.22352941 0.16470589 0.19215687 0.22745098 0.28627452 0.34509805 0.39607844 0.4392157 0.41960785 0.3372549 0.24705882 0.18431373
0.9137255 0.9019608 0.9019608 0.9019608 0.8784314 0.45882353 0.26666668 0.24313726 0.20784314 0.19215687 0.21960784 0.28235295 0.1882353 0.16470589 0.2509804 0.35686275 0.36078432 0.41568628 0.53333336 0.6117647 0.49411765 0.3372549 0.32156864 0.36862746 0.4117647 0.43529412 0.43529412 0.43137255 0.44705883 0.4745098 0.45882353 0.39607844
0.9019608 0.8901961 0.8901961 0.9019608 0.8352941 0.4 0.28235295 0.3019608 0.23137255 0.19607843 0.1764706 0.16078432 0.16862746 0.3372549 0.44705883 0.43137255 0.41960785 0.4745098 0.49411765 0.5019608 0.5568628 0.5254902 0.44313726 0.41568628 0.4392157 0.4745098 0.4862745 0.47058824 0.4745098 0.47058824 0.4627451 0.5019608
0.90588236 0.8862745 0.8862745 0.85882354 0.7921569 0.4509804 0.23529412 0.25882354 0.16470589 0.12941177 0.18431373 0.20392157 0.21960784 0.3254902 0.3254902 0.3254902 0.38039216 0.4627451 0.5294118 0.4509804 0.38431373 0.43137255 0.47843137 0.4862745 0.4862745 0.49803922 0.50980395 0.5176471 0.5137255 0.5176471 0.5058824 0.5294118
0.92941177 0.9137255 0.8509804 0.78431374 0.7490196 0.6156863 0.3764706 0.2627451 0.14901961 0.16470589 0.16862746 0.11372549 0.13725491 0.19607843 0.22352941 0.23529412 0.22745098 0.23921569 0.31764707 0.37254903 0.3254902 0.30980393 0.33333334 0.38431373 0.42352942 0.44705883 0.4745098 0.52156866 0.5254902 0.5254902 0.5372549 0.5568628
0.88235295 0.8235294 0.77254903 0.654902 0.45882353 0.48235294 0.4745098 0.38039216 0.24313726 0.20392157 0.15294118 0.09803922 0.12156863 0.18431373 0.21960784 0.22745098 0.23921569 0.23529412 0.19607843 0.16470589 0.20392157 0.28235295 0.2901961 0.2784314 0.27450982 0.2784314 0.2901961 0.32156864 0.34117648 0.36078432 0.36862746 0.36862746
0.79607844 0.65882355 0.4509804 0.26666668 0.16862746 0.34509805 0.3764706 0.25490198 0.16862746 0.13725491 0.1254902 0.12156863 0.1254902 0.18039216 0.23137255 0.23529412 0.24313726 0.23921569 0.21568628 0.15686275 0.10980392 0.15686275 0.23137255 0.2627451 0.25490198 0.24313726 0.23529412 0.24705882 0.23529412 0.23137255 0.23921569 0.23529412
0.5254902 0.30588236 0.1882353 0.16862746 0.24705882 0.44313726 0.38431373 0.20784314 0.16470589 0.12941177 0.10980392 0.11372549 0.14509805 0.18039216 0.21568628 0.25490198 0.25490198 0.24313726 0.21960784 0.18039216 0.14117648 0.09803922 0.09803922 0.1764706 0.23921569 0.2509804 0.25882354 0.27058825 0.2627451 0.24705882 0.23921569 0.25882354
0.22352941 0.18431373 0.23921569 0.3647059 0.45882353 0.3882353 0.33333334 0.22352941 0.16078432 0.11764706 0.105882354 0.10980392 0.1764706 0.20784314 0.21960784 0.24705882 0.26666668 0.23529412 0.22745098 0.20784314 0.15294118 0.12941177 0.11764706 0.08627451 0.11372549 0.17254902 0.20392157 0.20784314 0.22352941 0.21176471 0.20784314 0.23921569
0.20784314 0.30588236 0.42352942 0.4509804 0.41960785 0.2784314 0.20784314 0.19215687 0.16470589 0.1254902 0.09019608 0.09803922 0.17254902 0.21176471 0.2 0.21568628 0.24705882 0.22745098 0.22352941 0.21176471 0.18039216 0.18431373 0.16470589 0.11764706 0.06666667 0.06666667 0.105882354 0.12156863 0.13725491 0.1254902 0.11372549 0.105882354
0.41568628 0.44313726 0.39607844 0.3882353 0.42745098 0.36078432 0.20392157 0.17254902 0.14509805 0.13333334 0.09019608 0.101960786 0.16078432 0.2 0.21960784 0.1764706 0.2 0.2 0.1882353 0.20784314 0.22745098 0.21960784 0.18431373 0.14117648 0.09803922 0.078431375 0.078431375 0.07058824 0.06666667 0.0627451 0.08627451 0.13725491
0.44313726 0.34117648 0.29803923 0.2784314 0.3019608 0.29411766 0.19607843 0.14117648 0.16470589 0.14509805 0.09019608 0.13333334 0.19607843 0.21960784 0.2627451 0.23529412 0.21960784 0.16862746 0.16862746 0.18431373 0.20784314 0.24313726 0.22352941 0.17254902 0.11372549 0.09019608 0.07450981 0.050980393 0.07058824 0.1254902 0.21176471 0.2509804
0.41960785 0.28235295 0.23529412 0.23137255 0.23921569 0.2 0.16470589 0.13725491 0.12941177 0.11372549 0.09411765 0.13725491 0.20784314 0.2627451 0.28627452 0.2627451 0.27450982 0.24705882 0.19607843 0.20392157 0.2 0.23921569 0.21568628 0.16078432 0.10980392 0.08627451 0.09019608 0.09803922 0.13725491 0.20784314 0.2784314 0.28235295
0.5058824 0.45882353 0.42745098 0.45490196 0.44705883 0.41960785 0.3882353 0.35686275 0.32941177 0.2901961 0.2901961 0.29803923 0.30588236 0.31764707 0.32941177 0.31764707 0.3529412 0.3529412 0.29411766 0.24313726 0.2 0.22352941 0.21176471 0.14117648 0.13333334 0.09803922 0.105882354 0.12156863 0.13725491 0.22352941 0.28235295 0.30588236
0.54901963 0.56078434 0.5882353 0.59607846 0.5686275 0.57254905 0.56078434 0.54901963 0.5568628 0.54509807 0.5294118 0.49411765 0.46666667 0.4392157 0.3764706 0.33333334 0.36862746 0.3882353 0.35686275 0.2627451 0.2784314 0.28235295 0.18431373 0.17254902 0.1254902 0.105882354 0.10980392 0.10980392 0.1254902 0.23137255 0.2901961 0.31764707
0.5803922 0.5882353 0.6039216 0.60784316 0.6 0.6039216 0.59607846 0.5882353 0.58431375 0.5921569 0.58431375 0.54901963 0.5411765 0.5254902 0.47843137 0.41568628 0.36078432 0.34117648 0.34117648 0.3019608 0.30588236 0.30980393 0.28627452 0.16470589 0.1254902 0.12941177 0.105882354 0.11764706 0.13333334 0.20784314 0.29411766 0.3254902
0.627451 0.62352943 0.6313726 0.6313726 0.61960787 0.6156863 0.627451 0.6313726 0.62352943 0.61960787 0.6117647 0.59607846 0.5882353 0.5764706 0.54901963 0.5137255 0.45882353 0.3882353 0.29803923 0.2 0.22352941 0.32941177 0.29411766 0.19607843 0.18431373 0.13725491 0.11372549 0.12941177 0.16078432 0.17254902 0.23529412 0.29803923
0.64705884 0.64705884 0.6509804 0.64705884 0.63529414 0.6392157 0.64705884 0.6509804 0.6392157 0.6313726 0.627451 0.62352943 0.6117647 0.6039216 0.5921569 0.5686275 0.53333336 0.42745098 0.2509804 0.20784314 0.21568628 0.20392157 0.21960784 0.22745098 0.18039216 0.16470589 0.1254902 0.13333334 0.16078432 0.19215687 0.24313726 0.25882354
0.64705884 0.6509804 0.654902 0.65882355 0.6509804 0.654902 0.6627451 0.65882355 0.64705884 0.6431373 0.6313726 0.627451 0.627451 0.61960787 0.60784316 0.6 0.5647059 0.47843137 0.3372549 0.2627451 0.21176471 0.15294118 0.21568628 0.21176471 0.21960784 0.16470589 0.12156863 0.15686275 0.1764706 0.18431373 0.31764707 0.31764707
0.654902 0.64705884 0.65882355 0.65882355 0.6509804 0.65882355 0.65882355 0.65882355 0.6509804 0.6431373 0.63529414 0.63529414 0.63529414 0.61960787 0.60784316 0.6 0.5764706 0.5294118 0.3882353 0.29411766 0.24313726 0.1882353 0.27450982 0.2509804 0.15294118 0.1254902 0.12941177 0.17254902 0.16470589 0.13333334 0.32156864 0.39215687
0.65882355 0.65882355 0.65882355 0.65882355 0.6627451 0.6627451 0.65882355 0.65882355 0.6509804 0.6392157 0.6392157 0.6392157 0.6313726 0.62352943 0.6117647 0.59607846 0.5803922 0.5568628 0.44705883 0.33333334 0.28235295 0.28627452 0.38039216 0.32941177 0.23921569 0.19607843 0.14509805 0.15686275 0.18039216 0.15294118 0.3137255 0.41568628
0.6627451 0.65882355 0.6627451 0.6666667 0.65882355 0.654902 0.654902 0.6627451 0.6509804 0.64705884 0.654902 0.64705884 0.63529414 0.6313726 0.61960787 0.5921569 0.58431375 0.5647059 0.41568628 0.28627452 0.21568628 0.29803923 0.4392157 0.4117647 0.3254902 0.17254902 0.11764706 0.16470589 0.15294118 0.15686275 0.3254902 0.43137255
0.6627451 0.64705884 0.65882355 0.67058825 0.654902 0.654902 0.6509804 0.6627451 0.6627451 0.6627451 0.65882355 0.64705884 0.6392157 0.6313726 0.61960787 0.6 0.5803922 0.49019608 0.3019608 0.18431373 0.19215687 0.33333334 0.46666667 0.47058824 0.40784314 0.3137255 0.22352941 0.18431373 0.1882353 0.17254902 0.3254902 0.44313726
0.6627451 0.65882355 0.6666667 0.6666667 0.65882355 0.65882355 0.654902 0.6627451 0.6666667 0.65882355 0.654902 0.654902 0.6509804 0.61960787 0.6039216 0.6 0.5176471 0.3137255 0.16078432 0.1882353 0.31764707 0.43137255 0.49803922 0.5137255 0.47843137 0.42745098 0.33333334 0.21568628 0.1764706 0.1254902 0.29411766 0.44313726
0.6666667 0.6627451 0.6666667 0.6666667 0.654902 0.654902 0.6627451 0.6666667 0.6666667 0.654902 0.6509804 0.64705884 0.6392157 0.61960787 0.60784316 0.5254902 0.3137255 0.15294118 0.1764706 0.3372549 0.44313726 0.5019608 0.5372549 0.54509807 0.5254902 0.49803922 0.4 0.24313726 0.12941177 0.06666667 0.27450982 0.43529412
0.6666667 0.65882355 0.65882355 0.65882355 0.654902 0.65882355 0.6627451 0.65882355 0.65882355 0.6509804 0.64705884 0.6392157 0.6313726 0.61960787 0.5803922 0.32941177 0.13725491 0.1882353 0.30588236 0.44705883 0.5254902 0.56078434 0.5568628 0.5529412 0.5411765 0.53333336 0.4392157 0.25490198 0.11372549 0.10980392 0.29411766 0.41960785
0.6666667 0.65882355 0.6627451 0.6627451 0.6627451 0.6627451 0.64705884 0.6431373 0.64705884 0.62352943 0.62352943 0.6313726 0.63529414 0.6156863 0.5686275 0.34117648 0.23921569 0.34509805 0.44705883 0.53333336 0.5647059 0.5764706 0.57254905 0.5568628 0.5372549 0.5411765 0.47843137 0.28627452 0.14117648 0.18431373 0.32156864 0.42745098
0.67058825 0.6627451 0.6666667 0.67058825 0.6627451 0.627451 0.6117647 0.6156863 0.6039216 0.57254905 0.5647059 0.5764706 0.58431375 0.58431375 0.5921569 0.53333336 0.47843137 0.50980395 0.5411765 0.5686275 0.57254905 0.5686275 0.57254905 0.5686275 0.54901963 0.5411765 0.47843137 0.29411766 0.20392157 0.25882354 0.37254903 0.4509804
0.6666667 0.6509804 0.654902 0.64705884 0.627451 0.6 0.5882353 0.5803922 0.5764706 0.54901963 0.5529412 0.5686275 0.53333336 0.54509807 0.6 0.59607846 0.57254905 0.5686275 0.5803922 0.5764706 0.5686275 0.57254905 0.5803922 0.5686275 0.5647059 0.5529412 0.4745098 0.30980393 0.19607843 0.31764707 0.41960785 0.47843137
4 3 2
12 24 2
10 3 2
2 22 1
10 3 1
4 3 0
3 3 2
10 3 0
5 20 0
12 23 2
4 19 0
4 4 1
8 25 0
7 1 2
5 4 0
3 4 2
2 8 1
4 20 0
5 3 0
3 21 2
4 3 1
1 8 0
27 29 2
9 4 0
3 4 0
4 11 1
3 9 1
14 7 1
12 24 1
2 8 0
11 24 2
3 9 2
12 28 1
11 24 1
8 25 2
4 13 1
2 23 1
1 8 2
9 24 0
12 23 1
5 3 2
14 11 2
4 4 2
12 27 1
14 9 1
9 8 2
11 23 2
14 9 2
3 3 0
9 8 1
