32, 32, 3, 50
0.12941177 0.22352941 0.24313726 0.2 0.16078432 0.13333334 0.11764706 0.14901961 0.19215687 0.12941177 0.12941177 0.1764706 0.11372549 0.10980392 0.12156863 0.11764706 0.13333334 0.20392157 0.21568628 0.14901961 0.1882353 0.26666668 0.20784314 0.18431373 0.24705882 0.22745098 0.2509804 0.24705882 0.23529412 0.24705882 0.28235295 0.27450982
0.19607843 0.3137255 0.36078432 0.3019608 0.23529412 0.19215687 0.14509805 0.15686275 0.15294118 0.16862746 0.2627451 0.2784314 0.23921569 0.21960784 0.12941177 0.11764706 0.11764706 0.21960784 0.32156864 0.2627451 0.2784314 0.3137255 0.22745098 0.21176471 0.21176471 0.1764706 0.1764706 0.14901961 0.15294118 0.21568628 0.2627451 0.27058825
0.20392157 0.24705882 0.2784314 0.38039216 0.2901961 0.22745098 0.19607843 0.14117648 0.16078432 0.2627451 0.28627452 0.28235295 0.28235295 0.23529412 0.13333334 0.1764706 0.15686275 0.17254902 0.28235295 0.3254902 0.29411766 0.2901961 0.23137255 0.19607843 0.23529412 0.24313726 0.2 0.17254902 0.18431373 0.21176471 0.23137255 0.23137255
0.15686275 0.2 0.23921569 0.41568628 0.39607844 0.29411766 0.28235295 0.23529412 0.22745098 0.23137255 0.26666668 0.3137255 0.28235295 0.18039216 0.13333334 0.20784314 0.2 0.13725491 0.2 0.23921569 0.1882353 0.24313726 0.20392157 0.1882353 0.2627451 0.22745098 0.14509805 0.1764706 0.24705882 0.2627451 0.2509804 0.22745098
0.13725491 0.15686275 0.19215687 0.42745098 0.5686275 0.4 0.3137255 0.26666668 0.1882353 0.21960784 0.38039216 0.36862746 0.34117648 0.29803923 0.1882353 0.1764706 0.16862746 0.11764706 0.12156863 0.13725491 0.12941177 0.14901961 0.13725491 0.18039216 0.18039216 0.12941177 0.09411765 0.14117648 0.25490198 0.2901961 0.27058825 0.22745098
0.11764706 0.13333334 0.14901961 0.39215687 0.6509804 0.43529412 0.24705882 0.19607843 0.14509805 0.28235295 0.48235294 0.29803923 0.30980393 0.4117647 0.28627452 0.20784314 0.17254902 0.13725491 0.12156863 0.14117648 0.12941177 0.16078432 0.21176471 0.21176471 0.15294118 0.16470589 0.12941177 0.11372549 0.19607843 0.24313726 0.23921569 0.24313726
0.08627451 0.11372549 0.1254902 0.32941177 0.56078434 0.34901962 0.20392157 0.21176471 0.23921569 0.4117647 0.36078432 0.15686275 0.16470589 0.25490198 0.19607843 0.18039216 0.18039216 0.18431373 0.17254902 0.19607843 0.24313726 0.23921569 0.3019608 0.25882354 0.21568628 0.27058825 0.20392157 0.11372549 0.14509805 0.19215687 0.19215687 0.24313726
0.101960786 0.18039216 0.25490198 0.32156864 0.4745098 0.35686275 0.25490198 0.3882353 0.41960785 0.34117648 0.16862746 0.09019608 0.09803922 0.1254902 0.11764706 0.13725491 0.1882353 0.25490198 0.23921569 0.23529412 0.29411766 0.29803923 0.32941177 0.32156864 0.27058825 0.3019608 0.24705882 0.18039216 0.15294118 0.13333334 0.13725491 0.23921569
0.16470589 0.19607843 0.34901962 0.33333334 0.43529412 0.37254903 0.27058825 0.32941177 0.40784314 0.29411766 0.09411765 0.08627451 0.09411765 0.105882354 0.10980392 0.15294118 0.22352941 0.2784314 0.23921569 0.16470589 0.19607843 0.30588236 0.32941177 0.28235295 0.22352941 0.28235295 0.2901961 0.27058825 0.25882354 0.22745098 0.21960784 0.28235295
0.1254902 0.16862746 0.4 0.50980395 0.5058824 0.4 0.2901961 0.37254903 0.5058824 0.3647059 0.105882354 0.101960786 0.09803922 0.09411765 0.14901961 0.21176471 0.25490198 0.2784314 0.2901961 0.14509805 0.09803922 0.17254902 0.24705882 0.28627452 0.25490198 0.27058825 0.24705882 0.23529412 0.27450982 0.34901962 0.45490196 0.47058824
0.09019608 0.12156863 0.25490198 0.41568628 0.45882353 0.5137255 0.5254902 0.6039216 0.5137255 0.22352941 0.09411765 0.09019608 0.101960786 0.09803922 0.16862746 0.20392157 0.14901961 0.21960784 0.2509804 0.14509805 0.11372549 0.13725491 0.2901961 0.32941177 0.34117648 0.28627452 0.23529412 0.27058825 0.34117648 0.42745098 0.4862745 0.5019608
0.105882354 0.09803922 0.09803922 0.14509805 0.37254903 0.6117647 0.6313726 0.48235294 0.24705882 0.12156863 0.105882354 0.09803922 0.09803922 0.09019608 0.10980392 0.10980392 0.101960786 0.20392157 0.25490198 0.15686275 0.15294118 0.20784314 0.29803923 0.29411766 0.2784314 0.3372549 0.30980393 0.30980393 0.3764706 0.41568628 0.4627451 0.5058824
0.101960786 0.09803922 0.09803922 0.11764706 0.3372549 0.57254905 0.6156863 0.6 0.39215687 0.16078432 0.1254902 0.101960786 0.09803922 0.105882354 0.11764706 0.09803922 0.14509805 0.27058825 0.2901961 0.16470589 0.15686275 0.16862746 0.21176471 0.20784314 0.18431373 0.25490198 0.25882354 0.27058825 0.36862746 0.43529412 0.5058824 0.54509807
0.11764706 0.09803922 0.09803922 0.105882354 0.2 0.39215687 0.60784316 0.7490196 0.6627451 0.3254902 0.11764706 0.12156863 0.14117648 0.12941177 0.1254902 0.12156863 0.14509805 0.21176471 0.32156864 0.2784314 0.21568628 0.24313726 0.26666668 0.27450982 0.2627451 0.31764707 0.34117648 0.36078432 0.44313726 0.50980395 0.53333336 0.5254902
0.10980392 0.09411765 0.105882354 0.09803922 0.10980392 0.24705882 0.58431375 0.7882353 0.7607843 0.58431375 0.3647059 0.3529412 0.39607844 0.38431373 0.36078432 0.3764706 0.40784314 0.44313726 0.49411765 0.52156866 0.5411765 0.5647059 0.58431375 0.62352943 0.5764706 0.56078434 0.53333336 0.49411765 0.5058824 0.54509807 0.54509807 0.5058824
0.08627451 0.09019608 0.101960786 0.09803922 0.101960786 0.20784314 0.5019608 0.72156864 0.78431374 0.73333335 0.65882355 0.64705884 0.6666667 0.68235296 0.6784314 0.7019608 0.7176471 0.7254902 0.7294118 0.7372549 0.7019608 0.6745098 0.6901961 0.7607843 0.75686276 0.7254902 0.654902 0.5647059 0.50980395 0.5176471 0.5568628 0.5529412
0.09019608 0.09803922 0.09019608 0.08627451 0.09019608 0.15294118 0.29803923 0.5019608 0.7176471 0.7647059 0.6862745 0.67058825 0.6745098 0.7019608 0.70980394 0.72156864 0.7176471 0.7058824 0.7137255 0.7372549 0.7058824 0.654902 0.62352943 0.69411767 0.7176471 0.69411767 0.6509804 0.5921569 0.49803922 0.49411765 0.5568628 0.6117647
0.09803922 0.09411765 0.09019608 0.08235294 0.09019608 0.13725491 0.2 0.3137255 0.50980395 0.6901961 0.68235296 0.6627451 0.67058825 0.6745098 0.67058825 0.67058825 0.6666667 0.6745098 0.67058825 0.6784314 0.72156864 0.6431373 0.5882353 0.67058825 0.6862745 0.65882355 0.6117647 0.5568628 0.47843137 0.4745098 0.5058824 0.5568628
0.09411765 0.09411765 0.11372549 0.10980392 0.11764706 0.14901961 0.16862746 0.23921569 0.34509805 0.4862745 0.6117647 0.68235296 0.7176471 0.654902 0.6117647 0.6392157 0.6666667 0.6901961 0.6901961 0.69803923 0.72156864 0.64705884 0.5372549 0.6784314 0.7254902 0.69411767 0.6431373 0.54509807 0.49019608 0.45882353 0.41960785 0.44313726
0.1882353 0.19215687 0.18431373 0.1882353 0.1764706 0.16862746 0.16470589 0.21176471 0.32156864 0.3647059 0.4509804 0.5568628 0.64705884 0.627451 0.49019608 0.46666667 0.5372549 0.59607846 0.6 0.6156863 0.6117647 0.56078434 0.42745098 0.5372549 0.69803923 0.7294118 0.69803923 0.5764706 0.49019608 0.4509804 0.37254903 0.32941177
0.32156864 0.33333334 0.3137255 0.26666668 0.19215687 0.16862746 0.16078432 0.21176471 0.3529412 0.41960785 0.37254903 0.3764706 0.44313726 0.52156866 0.4745098 0.38431373 0.39215687 0.40392157 0.40392157 0.42352942 0.4392157 0.43529412 0.36862746 0.36862746 0.5176471 0.7058824 0.7529412 0.6156863 0.47058824 0.42352942 0.39215687 0.34117648
0.30980393 0.34509805 0.34901962 0.3137255 0.21176471 0.16470589 0.16470589 0.26666668 0.3882353 0.43137255 0.43529412 0.42745098 0.39607844 0.5294118 0.5254902 0.41960785 0.38431373 0.39607844 0.41568628 0.39215687 0.38431373 0.39607844 0.38431373 0.4 0.40784314 0.5294118 0.7058824 0.7019608 0.5058824 0.35686275 0.3764706 0.34117648
0.2627451 0.30588236 0.35686275 0.3647059 0.31764707 0.24313726 0.22745098 0.33333334 0.41568628 0.49803922 0.5764706 0.5803922 0.45882353 0.5137255 0.5882353 0.50980395 0.5137255 0.6 0.64705884 0.61960787 0.627451 0.61960787 0.5803922 0.5882353 0.5529412 0.49411765 0.5568628 0.6745098 0.654902 0.44313726 0.34117648 0.25490198
0.27450982 0.3372549 0.41960785 0.47843137 0.47058824 0.41960785 0.39607844 0.4627451 0.54901963 0.6 0.6627451 0.63529414 0.54509807 0.5137255 0.6039216 0.5882353 0.59607846 0.61960787 0.654902 0.6784314 0.6862745 0.69803923 0.6745098 0.6862745 0.7019608 0.654902 0.56078434 0.5686275 0.6627451 0.5764706 0.4627451 0.3647059
0.46666667 0.52156866 0.5529412 0.6117647 0.60784316 0.5803922 0.5803922 0.60784316 0.64705884 0.6156863 0.6117647 0.61960787 0.6039216 0.5647059 0.6039216 0.63529414 0.6313726 0.627451 0.6313726 0.6627451 0.6862745 0.6862745 0.64705884 0.6627451 0.68235296 0.64705884 0.5686275 0.47843137 0.5686275 0.62352943 0.58431375 0.5137255
0.69411767 0.68235296 0.63529414 0.62352943 0.6313726 0.6509804 0.64705884 0.64705884 0.6509804 0.627451 0.61960787 0.62352943 0.6627451 0.627451 0.60784316 0.6666667 0.6509804 0.6509804 0.67058825 0.68235296 0.69411767 0.6745098 0.6313726 0.627451 0.62352943 0.6156863 0.5882353 0.5019608 0.5568628 0.6156863 0.5803922 0.5568628
0.6313726 0.5921569 0.5176471 0.54509807 0.58431375 0.62352943 0.6392157 0.61960787 0.60784316 0.6156863 0.6156863 0.62352943 0.654902 0.6313726 0.60784316 0.6627451 0.64705884 0.6392157 0.67058825 0.68235296 0.6784314 0.65882355 0.627451 0.59607846 0.57254905 0.58431375 0.6 0.54509807 0.58431375 0.60784316 0.5647059 0.54901963
0.47843137 0.43529412 0.42352942 0.5019608 0.5372549 0.5568628 0.5568628 0.5058824 0.4862745 0.5137255 0.5294118 0.5254902 0.5372549 0.50980395 0.54509807 0.6117647 0.58431375 0.57254905 0.58431375 0.6156863 0.6313726 0.654902 0.6117647 0.58431375 0.5764706 0.58431375 0.5764706 0.5411765 0.57254905 0.58431375 0.5647059 0.5686275
0.25882354 0.27450982 0.30588236 0.3372549 0.3529412 0.35686275 0.3254902 0.2784314 0.25882354 0.2784314 0.29803923 0.27450982 0.2901961 0.27450982 0.39215687 0.4509804 0.33333334 0.30980393 0.3137255 0.3529412 0.4 0.54901963 0.57254905 0.5686275 0.5686275 0.5882353 0.54901963 0.4862745 0.5372549 0.58431375 0.5764706 0.5803922
0.16470589 0.20392157 0.21960784 0.22745098 0.23529412 0.21960784 0.1764706 0.14901961 0.14117648 0.14117648 0.14117648 0.1254902 0.12156863 0.12941177 0.23137255 0.27450982 0.19607843 0.2 0.21176471 0.21960784 0.24313726 0.33333334 0.39607844 0.43529412 0.42745098 0.46666667 0.43529412 0.34901962 0.4627451 0.5647059 0.5686275 0.56078434
0.34117648 0.3647059 0.39607844 0.4117647 0.42352942 0.4117647 0.3764706 0.3529412 0.32941177 0.3019608 0.24705882 0.20392157 0.1764706 0.1882353 0.2 0.29411766 0.38039216 0.41568628 0.4392157 0.46666667 0.4745098 0.42745098 0.4392157 0.45882353 0.42352942 0.37254903 0.29803923 0.28235295 0.43529412 0.5254902 0.5254902 0.5176471
0.44313726 0.47058824 0.50980395 0.5294118 0.5294118 0.50980395 0.5137255 0.5176471 0.50980395 0.5176471 0.5254902 0.45882353 0.41568628 0.41960785 0.40784314 0.46666667 0.5372549 0.5529412 0.5686275 0.5803922 0.60784316 0.59607846 0.5647059 0.54509807 0.5372549 0.49803922 0.44313726 0.43137255 0.4509804 0.47058824 0.49803922 0.5254902
0.21568628 0.30588236 0.35686275 0.36078432 0.32156864 0.27450982 0.25490198 0.2784314 0.32941177 0.2901961 0.28235295 0.29411766 0.21176471 0.20784314 0.23137255 0.25882354 0.28627452 0.35686275 0.37254903 0.30588236 0.34509805 0.43529412 0.3882353 0.34117648 0.3764706 0.3529412 0.39607844 0.40784314 0.40392157 0.42352942 0.46666667 0.44705883
0.34901962 0.42745098 0.45490196 0.45490196 0.4392157 0.3882353 0.29411766 0.2784314 0.28235295 0.3372549 0.43529412 0.35686275 0.26666668 0.26666668 0.23529412 0.2627451 0.25490198 0.3529412 0.47058824 0.41960785 0.43137255 0.4745098 0.4 0.3647059 0.3372549 0.29411766 0.3137255 0.3019608 0.30588236 0.37254903 0.44705883 0.4627451
0.38039216 0.3882353 0.35686275 0.4509804 0.44705883 0.40392157 0.32156864 0.24705882 0.28627452 0.44313726 0.45882353 0.3254902 0.27450982 0.27058825 0.2509804 0.3254902 0.28235295 0.2901961 0.42745098 0.4862745 0.44313726 0.4509804 0.39215687 0.34117648 0.3647059 0.3764706 0.3372549 0.31764707 0.3372549 0.37254903 0.41568628 0.41960785
0.29411766 0.34117648 0.34901962 0.4627451 0.48235294 0.45490196 0.42745098 0.3647059 0.36862746 0.40784314 0.4117647 0.36862746 0.32156864 0.2509804 0.24313726 0.34509805 0.32156864 0.2509804 0.3372549 0.39607844 0.3372549 0.40392157 0.34901962 0.3254902 0.4 0.37254903 0.2784314 0.3137255 0.4 0.43137255 0.43137255 0.40392157
0.24313726 0.28627452 0.30980393 0.45882353 0.5647059 0.49803922 0.4745098 0.42352942 0.32941177 0.3372549 0.44313726 0.45490196 0.45490196 0.4 0.2901961 0.29803923 0.28627452 0.23529412 0.26666668 0.28235295 0.25882354 0.2901961 0.27058825 0.3019608 0.30588236 0.2627451 0.22745098 0.27450982 0.4 0.45490196 0.44313726 0.39607844
0.21568628 0.25882354 0.25490198 0.4117647 0.6039216 0.47058824 0.3647059 0.32941177 0.26666668 0.3372549 0.47843137 0.39215687 0.44705883 0.5254902 0.4 0.34117648 0.3019608 0.27058825 0.27450982 0.2784314 0.24705882 0.2901961 0.3372549 0.32941177 0.27450982 0.3019608 0.2627451 0.23921569 0.34901962 0.40784314 0.3882353 0.37254903
0.18039216 0.20392157 0.2 0.34117648 0.52156866 0.3764706 0.29803923 0.3137255 0.30588236 0.41960785 0.35686275 0.23137255 0.29411766 0.3764706 0.30588236 0.3019608 0.30588236 0.31764707 0.3254902 0.34117648 0.3647059 0.37254903 0.43137255 0.38431373 0.34509805 0.4117647 0.32941177 0.22745098 0.2901961 0.35686275 0.3254902 0.34901962
0.20784314 0.23921569 0.28235295 0.3019608 0.42745098 0.36862746 0.30980393 0.42352942 0.4392157 0.37254903 0.20784314 0.15294118 0.19215687 0.21176471 0.1882353 0.22352941 0.29411766 0.38431373 0.39607844 0.3882353 0.42745098 0.43137255 0.46666667 0.45490196 0.40784314 0.44313726 0.38431373 0.30588236 0.27450982 0.2627451 0.25490198 0.34509805
0.30588236 0.25882354 0.34509805 0.29803923 0.39215687 0.36862746 0.2784314 0.32156864 0.42352942 0.35686275 0.15294118 0.14509805 0.15294118 0.15294118 0.16470589 0.23529412 0.3372549 0.41960785 0.4 0.30588236 0.30588236 0.43137255 0.47058824 0.41960785 0.36078432 0.42352942 0.4392157 0.42352942 0.38431373 0.31764707 0.29411766 0.36862746
0.25882354 0.24705882 0.41960785 0.49411765 0.4745098 0.38039216 0.26666668 0.38431373 0.5568628 0.40392157 0.15294118 0.15294118 0.15294118 0.15294118 0.21568628 0.31764707 0.39607844 0.4392157 0.4509804 0.27450982 0.19607843 0.28627452 0.38039216 0.41960785 0.39215687 0.4117647 0.39607844 0.39215687 0.40784314 0.42745098 0.5019608 0.5254902
0.13333334 0.1764706 0.30588236 0.43137255 0.4117647 0.42352942 0.45490196 0.5921569 0.54509807 0.25882354 0.13725491 0.14901961 0.1764706 0.17254902 0.2509804 0.30980393 0.27450982 0.36078432 0.38431373 0.25882354 0.21568628 0.24313726 0.40784314 0.4627451 0.4745098 0.42352942 0.37254903 0.40392157 0.4627451 0.50980395 0.5411765 0.56078434
0.11764706 0.1254902 0.13333334 0.16078432 0.32156864 0.50980395 0.54901963 0.44705883 0.25490198 0.16078432 0.16078432 0.16078432 0.16470589 0.15686275 0.18039216 0.20392157 0.21568628 0.31764707 0.35686275 0.24705882 0.23137255 0.3019608 0.40784314 0.41568628 0.40784314 0.46666667 0.43529412 0.43529412 0.48235294 0.49019608 0.5137255 0.5529412
0.12941177 0.1254902 0.11372549 0.12941177 0.31764707 0.52156866 0.5568628 0.54509807 0.38431373 0.20392157 0.19607843 0.16862746 0.15294118 0.15686275 0.1764706 0.18039216 0.24705882 0.38039216 0.3882353 0.2509804 0.23529412 0.2509804 0.30588236 0.30980393 0.2901961 0.3647059 0.36862746 0.3764706 0.46666667 0.49803922 0.54509807 0.5764706
0.15686275 0.1254902 0.10980392 0.12156863 0.20784314 0.39215687 0.58431375 0.7019608 0.63529414 0.34509805 0.18039216 0.18431373 0.19215687 0.1764706 0.1764706 0.18039216 0.21568628 0.2901961 0.39215687 0.34117648 0.27058825 0.28627452 0.3137255 0.3254902 0.32156864 0.39215687 0.41960785 0.44313726 0.5176471 0.5529412 0.57254905 0.5764706
0.14509805 0.12156863 0.13333334 0.12941177 0.12941177 0.25882354 0.5882353 0.77254903 0.7294118 0.54901963 0.3529412 0.3372549 0.36862746 0.3529412 0.32941177 0.34509805 0.38039216 0.40392157 0.4509804 0.47843137 0.49019608 0.49411765 0.5176471 0.57254905 0.5372549 0.5411765 0.5372549 0.5254902 0.5529412 0.5803922 0.5882353 0.57254905
0.14117648 0.14509805 0.15294118 0.14509805 0.14509805 0.2509804 0.5294118 0.7254902 0.7607843 0.6862745 0.5882353 0.5568628 0.5529412 0.5647059 0.57254905 0.59607846 0.6117647 0.6117647 0.6156863 0.61960787 0.5803922 0.54509807 0.5686275 0.6627451 0.65882355 0.6313726 0.6039216 0.56078434 0.54509807 0.5686275 0.6039216 0.6
0.16862746 0.16470589 0.14901961 0.14117648 0.15686275 0.23137255 0.3529412 0.52156866 0.7058824 0.7254902 0.6 0.5686275 0.5647059 0.58431375 0.5921569 0.6039216 0.6 0.5921569 0.59607846 0.61960787 0.5921569 0.53333336 0.50980395 0.5882353 0.60784316 0.58431375 0.5764706 0.5647059 0.5294118 0.56078434 0.6156863 0.63529414
0.1882353 0.16862746 0.16078432 0.14901961 0.16470589 0.23921569 0.30588236 0.3764706 0.5294118 0.6784314 0.6117647 0.54509807 0.54901963 0.5529412 0.5294118 0.5254902 0.52156866 0.5529412 0.5411765 0.54509807 0.6156863 0.5294118 0.46666667 0.54509807 0.5686275 0.54901963 0.52156866 0.52156866 0.52156866 0.56078434 0.5882353 0.6039216
0.20392157 0.19215687 0.21176471 0.19607843 0.20392157 0.26666668 0.32156864 0.3647059 0.41568628 0.5176471 0.5764706 0.5764706 0.59607846 0.54509807 0.5058824 0.5254902 0.5411765 0.5803922 0.5647059 0.57254905 0.627451 0.54901963 0.43529412 0.56078434 0.6039216 0.5803922 0.54901963 0.5254902 0.5529412 0.5647059 0.5411765 0.5372549
0.30980393 0.29411766 0.29411766 0.28627452 0.27450982 0.29803923 0.33333334 0.3764706 0.43529412 0.42352942 0.4509804 0.48235294 0.5411765 0.5372549 0.43137255 0.41960785 0.47058824 0.5254902 0.5254902 0.5411765 0.5529412 0.5137255 0.3882353 0.4627451 0.5803922 0.60784316 0.60784316 0.57254905 0.5568628 0.56078434 0.50980395 0.45882353
0.43529412 0.43137255 0.42352942 0.38431373 0.30980393 0.29803923 0.3137255 0.36862746 0.4745098 0.49803922 0.42352942 0.34117648 0.35686275 0.42352942 0.41568628 0.38039216 0.3882353 0.39607844 0.40784314 0.43137255 0.4509804 0.47058824 0.41960785 0.36078432 0.43137255 0.58431375 0.65882355 0.6117647 0.54901963 0.54901963 0.52156866 0.4627451
0.4509804 0.47058824 0.46666667 0.44313726 0.34901962 0.29411766 0.2901961 0.39607844 0.49803922 0.5294118 0.5254902 0.44705883 0.34901962 0.41568628 0.45882353 0.4392157 0.43529412 0.4392157 0.4627451 0.45490196 0.45882353 0.49019608 0.4745098 0.44705883 0.38431373 0.43529412 0.5921569 0.6392157 0.5568628 0.49803922 0.5176471 0.47843137
0.41568628 0.43529412 0.4509804 0.4509804 0.42745098 0.36862746 0.34509805 0.4392157 0.5019608 0.5647059 0.6 0.58431375 0.44313726 0.41960785 0.49411765 0.5019608 0.5372549 0.6039216 0.6431373 0.61960787 0.6313726 0.6313726 0.6117647 0.6117647 0.54509807 0.4509804 0.4627451 0.54901963 0.5882353 0.5019608 0.4627451 0.41568628
0.40784314 0.43529412 0.47058824 0.50980395 0.5058824 0.47843137 0.45490196 0.5019608 0.5686275 0.6 0.6392157 0.62352943 0.54901963 0.43137255 0.5019608 0.5686275 0.6117647 0.6156863 0.6392157 0.6509804 0.6509804 0.6627451 0.6627451 0.6745098 0.6745098 0.6392157 0.5254902 0.46666667 0.5529412 0.5686275 0.5294118 0.47843137
0.5137255 0.54901963 0.5568628 0.59607846 0.5803922 0.5647059 0.57254905 0.58431375 0.6117647 0.5921569 0.59607846 0.60784316 0.6 0.49411765 0.5058824 0.60784316 0.6392157 0.6313726 0.63529414 0.64705884 0.6627451 0.6666667 0.63529414 0.6392157 0.64705884 0.63529414 0.5686275 0.42352942 0.48235294 0.6 0.60784316 0.56078434
0.64705884 0.6509804 0.6156863 0.59607846 0.5921569 0.60784316 0.60784316 0.6 0.6117647 0.61960787 0.61960787 0.6117647 0.6431373 0.57254905 0.5058824 0.6117647 0.6313726 0.6313726 0.65882355 0.654902 0.6627451 0.65882355 0.627451 0.61960787 0.6117647 0.60784316 0.58431375 0.44705883 0.4745098 0.58431375 0.5882353 0.5764706
0.60784316 0.58431375 0.5294118 0.54901963 0.5764706 0.60784316 0.6117647 0.6 0.6 0.61960787 0.62352943 0.62352943 0.6431373 0.6039216 0.5294118 0.6039216 0.627451 0.61960787 0.6509804 0.6509804 0.6392157 0.6431373 0.627451 0.60784316 0.58431375 0.58431375 0.5921569 0.49019608 0.5137255 0.5882353 0.57254905 0.5647059
0.5137255 0.48235294 0.4745098 0.5372549 0.56078434 0.5764706 0.5686275 0.5372549 0.53333336 0.5529412 0.57254905 0.56078434 0.5647059 0.52156866 0.49411765 0.5568628 0.5803922 0.5803922 0.5921569 0.6117647 0.6156863 0.6313726 0.6156863 0.6117647 0.6 0.58431375 0.57254905 0.49411765 0.52156866 0.5803922 0.5764706 0.5686275
0.34117648 0.35686275 0.38431373 0.40784314 0.41960785 0.41960785 0.39215687 0.36078432 0.34509805 0.35686275 0.38431373 0.35686275 0.3647059 0.3372549 0.3647059 0.41568628 0.38431373 0.3764706 0.3764706 0.40392157 0.43137255 0.5411765 0.57254905 0.5921569 0.5882353 0.6 0.54901963 0.4509804 0.50980395 0.5921569 0.5882353 0.5803922
0.2627451 0.29411766 0.3137255 0.32156864 0.32941177 0.31764707 0.2784314 0.25882354 0.24705882 0.24313726 0.24705882 0.23137255 0.23529412 0.22352941 0.24313726 0.27450982 0.28235295 0.30588236 0.30588236 0.30588236 0.30980393 0.37254903 0.43137255 0.4627451 0.45882353 0.50980395 0.45882353 0.32941177 0.45490196 0.5803922 0.5882353 0.5764706
0.42352942 0.44313726 0.4627451 0.47843137 0.4862745 0.47843137 0.45882353 0.44313726 0.41568628 0.3882353 0.3254902 0.29411766 0.28627452 0.28627452 0.24313726 0.32156864 0.4392157 0.48235294 0.49803922 0.50980395 0.5137255 0.48235294 0.49411765 0.5019608 0.46666667 0.42745098 0.34117648 0.29411766 0.4509804 0.5568628 0.5568628 0.54509807
0.5019608 0.5176471 0.5529412 0.5764706 0.57254905 0.5568628 0.5529412 0.5568628 0.54509807 0.54901963 0.5529412 0.5137255 0.49019608 0.49411765 0.46666667 0.49803922 0.5647059 0.59607846 0.60784316 0.60784316 0.627451 0.6156863 0.59607846 0.5803922 0.5647059 0.5254902 0.49019608 0.4745098 0.49411765 0.5137255 0.5411765 0.5568628
0.16078432 0.22745098 0.2627451 0.25882354 0.21960784 0.18039216 0.15686275 0.1882353 0.24705882 0.21176471 0.20784314 0.22352941 0.14901961 0.14117648 0.16470589 0.18431373 0.20784314 0.27058825 0.27450982 0.19607843 0.22745098 0.28235295 0.23529412 0.20784314 0.26666668 0.23529412 0.22745098 0.20392157 0.20392157 0.21176471 0.26666668 0.27058825
0.24705882 0.32156864 0.34117648 0.3137255 0.2784314 0.23137255 0.18039216 0.2 0.20784314 0.22745098 0.29803923 0.25882354 0.19215687 0.20784314 0.16078432 0.16470589 0.17254902 0.2627451 0.32156864 0.24705882 0.2901961 0.30588236 0.22745098 0.21176471 0.21568628 0.20784314 0.20784314 0.14901961 0.15294118 0.22745098 0.25490198 0.27450982
0.25490198 0.27058825 0.24313726 0.30980393 0.27058825 0.23529412 0.21960784 0.1764706 0.18431373 0.27450982 0.2784314 0.2 0.1882353 0.21568628 0.16862746 0.20784314 0.1882353 0.2 0.25882354 0.2901961 0.2901961 0.2901961 0.24705882 0.20392157 0.22352941 0.24313726 0.21960784 0.17254902 0.18431373 0.23529412 0.24313726 0.23921569
0.18431373 0.21568628 0.21960784 0.32156864 0.31764707 0.28235295 0.29411766 0.25490198 0.23529412 0.22352941 0.23921569 0.24313726 0.21568628 0.19607843 0.16862746 0.22745098 0.23137255 0.1764706 0.21176471 0.23921569 0.19607843 0.25490198 0.23921569 0.20392157 0.2509804 0.22352941 0.16862746 0.19607843 0.23921569 0.24313726 0.2627451 0.24313726
0.15294118 0.17254902 0.1882353 0.33333334 0.4392157 0.3529412 0.32156864 0.28627452 0.20392157 0.1882353 0.30588236 0.33333334 0.3254902 0.30980393 0.20784314 0.2 0.20392157 0.15686275 0.16078432 0.16470589 0.15294118 0.18431373 0.18039216 0.21176471 0.2 0.15294118 0.13725491 0.1764706 0.24313726 0.22745098 0.23529412 0.22352941
0.14509805 0.16470589 0.15686275 0.32156864 0.52156866 0.3764706 0.2509804 0.22352941 0.16470589 0.22352941 0.3764706 0.28627452 0.30980393 0.40392157 0.28627452 0.22745098 0.19215687 0.14509805 0.14901961 0.18431373 0.17254902 0.19215687 0.23921569 0.23921569 0.1764706 0.18039216 0.16470589 0.16470589 0.21960784 0.22745098 0.21960784 0.21176471
0.12156863 0.14117648 0.12941177 0.2627451 0.4509804 0.30588236 0.2 0.21568628 0.21960784 0.3254902 0.2901961 0.15294118 0.1882353 0.2784314 0.21568628 0.19215687 0.18039216 0.16862746 0.17254902 0.21960784 0.25882354 0.23921569 0.30980393 0.27058825 0.22352941 0.27058825 0.22352941 0.16078432 0.18039216 0.21568628 0.19607843 0.21176471
0.12941177 0.18039216 0.22745098 0.23529412 0.35686275 0.3019608 0.21568628 0.32941177 0.3529412 0.28627452 0.16470589 0.11372549 0.13725491 0.15686275 0.13333334 0.14901961 0.19607843 0.23529412 0.21176471 0.20784314 0.2627451 0.27450982 0.30980393 0.30980393 0.27058825 0.3019608 0.24313726 0.17254902 0.16078432 0.14901961 0.1254902 0.2
0.2 0.19607843 0.30980393 0.24705882 0.31764707 0.29803923 0.20392157 0.24313726 0.3529412 0.3019608 0.1254902 0.11764706 0.1254902 0.12156863 0.11764706 0.16470589 0.23921569 0.27450982 0.23921569 0.16862746 0.19215687 0.3019608 0.29803923 0.25490198 0.21960784 0.27450982 0.27058825 0.24313726 0.22745098 0.1882353 0.17254902 0.22745098
0.17254902 0.2 0.39607844 0.45490196 0.40392157 0.30980393 0.21960784 0.3254902 0.5137255 0.39215687 0.12156863 0.12156863 0.12156863 0.11764706 0.16078432 0.22352941 0.2627451 0.2784314 0.3019608 0.18431373 0.14117648 0.2 0.23137255 0.26666668 0.24705882 0.2509804 0.24313726 0.24313726 0.2509804 0.2627451 0.31764707 0.32941177
0.10980392 0.14901961 0.2784314 0.4117647 0.37254903 0.37254903 0.42352942 0.5647059 0.5294118 0.25490198 0.11372549 0.11764706 0.14117648 0.13333334 0.1882353 0.21960784 0.18039216 0.24313726 0.26666668 0.17254902 0.14901961 0.16078432 0.2784314 0.30980393 0.3254902 0.2627451 0.22745098 0.25882354 0.28627452 0.3137255 0.32941177 0.3529412
0.105882354 0.105882354 0.105882354 0.13725491 0.28627452 0.47058824 0.5254902 0.42352942 0.23137255 0.13725491 0.13333334 0.12941177 0.13333334 0.11372549 0.12156863 0.12941177 0.13333334 0.21176471 0.24705882 0.16078432 0.16078432 0.20392157 0.27058825 0.2627451 0.25490198 0.29411766 0.2784314 0.27450982 0.30588236 0.29803923 0.2901961 0.32941177
0.10980392 0.105882354 0.09411765 0.12156863 0.29803923 0.5019608 0.54509807 0.5254902 0.34901962 0.15686275 0.16078432 0.13333334 0.12156863 0.11372549 0.12156863 0.12156863 0.16470589 0.25882354 0.27058825 0.15686275 0.15686275 0.16078432 0.1882353 0.19607843 0.17254902 0.21176471 0.22745098 0.23137255 0.28235295 0.29411766 0.31764707 0.3529412
0.13333334 0.105882354 0.101960786 0.12156863 0.20392157 0.3764706 0.5686275 0.68235296 0.6 0.29411766 0.14117648 0.13725491 0.14509805 0.1254902 0.12156863 0.12941177 0.14901961 0.2 0.29411766 0.25490198 0.20392157 0.21568628 0.23137255 0.24313726 0.21960784 0.23137255 0.2509804 0.25490198 0.29803923 0.3372549 0.34901962 0.35686275
0.1254902 0.101960786 0.10980392 0.10980392 0.10980392 0.22352941 0.5529412 0.74509805 0.69411767 0.5137255 0.3254902 0.28627452 0.31764707 0.3137255 0.28627452 0.30588236 0.3372549 0.3647059 0.4 0.42745098 0.44705883 0.43529412 0.45882353 0.5176471 0.47843137 0.44313726 0.41960785 0.35686275 0.3254902 0.34509805 0.36078432 0.34509805
0.11372549 0.11764706 0.12156863 0.11764706 0.11764706 0.20392157 0.47843137 0.68235296 0.7294118 0.6666667 0.57254905 0.5176471 0.5176471 0.5372549 0.5294118 0.5529412 0.5647059 0.57254905 0.5764706 0.58431375 0.53333336 0.47843137 0.5137255 0.62352943 0.63529414 0.6 0.5647059 0.47843137 0.34901962 0.31764707 0.35686275 0.3764706
0.12941177 0.12941177 0.11372549 0.11372549 0.12156863 0.16470589 0.2784314 0.4627451 0.67058825 0.70980394 0.5803922 0.52156866 0.5137255 0.5411765 0.5411765 0.54509807 0.54509807 0.5411765 0.56078434 0.58431375 0.54509807 0.49019608 0.46666667 0.54901963 0.5764706 0.54901963 0.5568628 0.5294118 0.38039216 0.32156864 0.35686275 0.4117647
0.12941177 0.12156863 0.11372549 0.10980392 0.10980392 0.14509805 0.1882353 0.27450982 0.46666667 0.654902 0.5882353 0.49803922 0.48235294 0.48235294 0.45490196 0.43529412 0.44705883 0.49803922 0.49411765 0.49803922 0.5686275 0.5019608 0.43529412 0.5019608 0.52156866 0.49411765 0.4862745 0.4745098 0.36862746 0.32156864 0.3254902 0.36078432
0.11764706 0.12156863 0.13725491 0.1254902 0.1254902 0.14901961 0.16078432 0.21176471 0.3137255 0.47058824 0.54509807 0.52156866 0.5176471 0.4745098 0.43137255 0.43137255 0.45490196 0.50980395 0.5058824 0.50980395 0.5686275 0.49803922 0.38039216 0.49803922 0.5372549 0.5058824 0.47843137 0.41960785 0.34901962 0.31764707 0.29803923 0.30980393
0.18039216 0.18039216 0.18039216 0.18039216 0.17254902 0.16862746 0.16862746 0.2 0.28235295 0.3254902 0.3882353 0.39607844 0.4392157 0.44705883 0.3529412 0.34509805 0.3882353 0.44313726 0.45882353 0.4745098 0.47058824 0.42352942 0.28627452 0.3647059 0.48235294 0.5019608 0.5137255 0.43137255 0.32941177 0.3137255 0.28627452 0.24313726
0.2509804 0.2509804 0.2627451 0.23921569 0.18431373 0.16862746 0.1764706 0.2 0.28235295 0.33333334 0.2901961 0.20784314 0.21568628 0.2901961 0.30980393 0.28627452 0.2901961 0.28627452 0.30588236 0.3254902 0.32156864 0.3254902 0.25490198 0.20784314 0.2901961 0.4509804 0.56078434 0.47843137 0.32941177 0.29411766 0.2784314 0.21960784
0.23137255 0.23529412 0.2509804 0.25882354 0.2 0.15686275 0.16078432 0.21568628 0.28235295 0.32156864 0.31764707 0.2784314 0.19215687 0.2627451 0.3254902 0.2901961 0.25882354 0.26666668 0.28627452 0.27058825 0.26666668 0.27450982 0.23921569 0.22745098 0.2 0.2784314 0.4627451 0.5019608 0.36078432 0.2509804 0.25490198 0.21568628
0.2 0.20392157 0.23137255 0.2627451 0.25490198 0.19607843 0.16470589 0.22745098 0.26666668 0.34117648 0.4117647 0.4117647 0.27058825 0.2509804 0.32941177 0.30588236 0.31764707 0.40392157 0.45490196 0.42745098 0.4392157 0.42352942 0.3764706 0.3882353 0.34509805 0.25882354 0.28235295 0.3764706 0.40784314 0.28235295 0.21960784 0.16862746
0.20784314 0.22745098 0.2627451 0.31764707 0.3254902 0.2784314 0.2509804 0.29803923 0.35686275 0.39215687 0.44705883 0.4117647 0.33333334 0.23921569 0.30980393 0.3529412 0.36862746 0.39607844 0.43529412 0.4509804 0.4509804 0.45882353 0.43529412 0.4509804 0.4627451 0.41568628 0.3137255 0.2784314 0.3647059 0.34901962 0.2901961 0.23529412
0.34117648 0.3764706 0.37254903 0.4117647 0.4 0.3647059 0.37254903 0.39607844 0.41960785 0.3882353 0.37254903 0.37254903 0.37254903 0.29803923 0.30980393 0.3882353 0.40784314 0.40392157 0.4117647 0.43529412 0.45490196 0.44705883 0.39607844 0.4117647 0.43137255 0.40784314 0.3529412 0.23921569 0.2784314 0.36078432 0.35686275 0.30980393
0.49411765 0.5019608 0.45882353 0.41960785 0.40784314 0.41568628 0.41568628 0.40784314 0.40392157 0.39607844 0.39215687 0.39215687 0.4392157 0.38039216 0.3019608 0.39607844 0.42745098 0.41568628 0.4392157 0.45490196 0.46666667 0.4392157 0.38039216 0.38431373 0.39607844 0.40392157 0.3882353 0.27058825 0.2784314 0.34901962 0.34117648 0.31764707
0.44705883 0.42745098 0.36078432 0.36078432 0.38039216 0.40784314 0.41568628 0.39607844 0.38039216 0.39607844 0.40784314 0.40784314 0.43137255 0.39215687 0.30588236 0.38039216 0.41568628 0.4 0.43529412 0.4509804 0.4509804 0.43529412 0.38431373 0.35686275 0.35686275 0.3764706 0.4 0.31764707 0.32156864 0.3647059 0.3372549 0.32156864
0.33333334 0.30980393 0.29803923 0.34117648 0.36078432 0.36862746 0.36862746 0.32941177 0.30588236 0.33333334 0.36078432 0.34509805 0.34117648 0.29803923 0.25882354 0.33333334 0.37254903 0.3647059 0.38039216 0.4117647 0.41960785 0.43137255 0.37254903 0.34901962 0.34901962 0.3529412 0.3529412 0.3019608 0.32156864 0.36078432 0.34901962 0.34509805
0.19215687 0.21176471 0.23921569 0.24705882 0.25882354 0.25882354 0.23921569 0.20784314 0.1882353 0.2 0.22745098 0.19607843 0.20392157 0.16862746 0.18431373 0.24705882 0.23921569 0.23137255 0.22745098 0.2509804 0.26666668 0.34901962 0.35686275 0.36078432 0.3529412 0.34901962 0.32156864 0.27058825 0.3137255 0.37254903 0.36862746 0.36078432
0.16862746 0.18431373 0.19215687 0.20392157 0.21176471 0.2 0.17254902 0.15686275 0.14509805 0.14509805 0.14901961 0.13333334 0.13725491 0.12941177 0.14117648 0.16470589 0.16470589 0.19215687 0.2 0.20392157 0.20392157 0.23921569 0.27450982 0.2901961 0.2627451 0.28627452 0.28235295 0.21176471 0.2784314 0.36078432 0.3647059 0.34901962
0.28627452 0.28627452 0.3019608 0.32156864 0.33333334 0.32156864 0.29803923 0.2784314 0.25490198 0.23529412 0.20784314 0.18039216 0.16470589 0.1764706 0.15294118 0.19607843 0.27450982 0.30588236 0.3254902 0.36078432 0.37254903 0.32941177 0.32156864 0.3137255 0.26666668 0.22352941 0.1882353 0.17254902 0.25882354 0.31764707 0.32156864 0.30588236
0.3254902 0.34117648 0.36862746 0.38039216 0.38039216 0.36078432 0.3529412 0.34901962 0.34117648 0.34901962 0.38039216 0.3372549 0.3019608 0.3137255 0.30980393 0.32156864 0.35686275 0.38039216 0.39215687 0.40392157 0.42352942 0.4117647 0.38431373 0.36862746 0.34901962 0.30980393 0.29411766 0.27450982 0.25490198 0.2627451 0.29411766 0.31764707
1 27 2
29 2 0
29 1 2
1 26 2
1 26 0
28 1 2
29 2 2
1 25 2
8 14 1
10 16 2
29 3 2
28 0 2
24 24 1
23 24 0
28 1 0
1 28 2
30 27 0
8 12 2
30 11 2
18 1 0
4 25 2
4 24 2
13 7 2
8 14 2
9 28 0
3 16 0
23 24 1
2 3 2
0 29 2
26 13 0
11 14 2
28 0 0
4 24 0
17 0 0
11 15 2
29 21 2
1 3 2
30 27 2
12 24 0
29 14 2
30 25 2
21 24 2
9 28 2
17 1 0
9 6 2
17 2 0
3 26 0
2 6 2
12 9 1
12 25 2
