32, 32, 3, 50
0.47843137 0.43529412 0.31764707 0.38039216 0.41568628 0.41568628 0.42352942 0.3372549 0.34117648 0.44705883 0.5137255 0.53333336 0.4509804 0.4117647 0.4627451 0.59607846 0.53333336 0.43137255 0.4 0.3764706 0.4392157 0.49803922 0.5294118 0.6431373 0.57254905 0.43137255 0.34901962 0.3137255 0.40784314 0.43529412 0.4509804 0.5019608
0.46666667 0.3882353 0.32156864 0.33333334 0.3882353 0.4627451 0.45490196 0.30588236 0.3137255 0.35686275 0.45882353 0.5019608 0.45882353 0.5372549 0.5921569 0.7019608 0.67058825 0.5529412 0.4509804 0.44705883 0.5058824 0.5803922 0.5764706 0.62352943 0.5647059 0.4745098 0.39607844 0.34509805 0.42352942 0.4745098 0.4627451 0.49019608
0.627451 0.5058824 0.41568628 0.34117648 0.30980393 0.38039216 0.41568628 0.31764707 0.30980393 0.30980393 0.34901962 0.5529412 0.6666667 0.72156864 0.654902 0.53333336 0.5372549 0.5176471 0.48235294 0.54509807 0.49803922 0.47843137 0.45490196 0.56078434 0.5882353 0.4745098 0.44313726 0.43137255 0.3882353 0.39607844 0.34901962 0.3529412
0.88235295 0.89411765 0.8156863 0.7058824 0.54509807 0.42352942 0.3254902 0.3882353 0.42352942 0.44313726 0.3882353 0.48235294 0.7019608 0.83137256 0.7019608 0.38431373 0.28627452 0.3882353 0.4509804 0.4392157 0.43137255 0.40784314 0.35686275 0.5019608 0.5647059 0.3647059 0.3254902 0.45490196 0.41568628 0.4 0.3137255 0.25882354
0.9137255 0.9411765 0.9607843 0.8627451 0.68235296 0.50980395 0.3764706 0.27450982 0.29411766 0.38431373 0.42352942 0.39215687 0.48235294 0.6392157 0.5372549 0.3372549 0.33333334 0.43529412 0.44313726 0.34117648 0.38039216 0.46666667 0.41568628 0.43529412 0.4509804 0.3019608 0.23921569 0.4117647 0.47843137 0.53333336 0.39607844 0.29411766
0.93333334 0.93333334 0.93333334 0.6666667 0.54509807 0.52156866 0.41960785 0.3137255 0.2627451 0.2509804 0.28627452 0.37254903 0.3764706 0.4 0.3882353 0.39215687 0.44705883 0.46666667 0.45882353 0.36078432 0.33333334 0.38039216 0.22745098 0.24313726 0.31764707 0.30588236 0.31764707 0.40784314 0.4117647 0.4627451 0.3882353 0.31764707
0.9254902 0.9254902 0.9254902 0.85490197 0.8156863 0.6431373 0.45490196 0.39607844 0.34117648 0.29411766 0.30980393 0.36078432 0.38039216 0.44313726 0.44705883 0.40784314 0.37254903 0.4392157 0.45882353 0.4117647 0.3764706 0.37254903 0.25490198 0.16470589 0.16862746 0.33333334 0.3882353 0.47843137 0.46666667 0.34901962 0.33333334 0.3137255
0.9254902 0.8980392 0.9019608 0.9843137 0.83137256 0.45490196 0.33333334 0.2901961 0.3529412 0.37254903 0.41960785 0.42745098 0.41568628 0.42745098 0.40392157 0.3529412 0.36862746 0.44313726 0.49019608 0.41568628 0.36862746 0.39607844 0.39215687 0.32941177 0.2784314 0.43137255 0.3019608 0.36078432 0.56078434 0.4117647 0.34901962 0.35686275
0.93333334 0.8901961 0.9254902 0.98039216 0.7058824 0.22352941 0.12941177 0.23921569 0.3882353 0.41568628 0.40784314 0.4117647 0.3764706 0.3764706 0.3764706 0.3764706 0.40784314 0.41568628 0.3529412 0.21960784 0.26666668 0.32156864 0.3019608 0.2901961 0.29803923 0.34901962 0.3019608 0.30588236 0.48235294 0.59607846 0.6 0.49019608
0.92941177 0.91764706 0.93333334 0.98039216 0.67058825 0.21568628 0.19215687 0.3137255 0.4 0.4 0.39215687 0.4 0.40784314 0.40392157 0.40392157 0.40392157 0.40392157 0.34509805 0.1882353 0.08627451 0.10980392 0.16078432 0.23137255 0.23921569 0.16470589 0.23921569 0.44313726 0.45490196 0.5137255 0.68235296 0.6509804 0.4509804
0.9254902 0.9019608 0.9372549 0.8509804 0.5058824 0.3254902 0.32156864 0.3647059 0.34901962 0.40784314 0.40392157 0.41960785 0.42745098 0.39215687 0.37254903 0.3647059 0.3137255 0.19215687 0.09411765 0.06666667 0.05882353 0.0627451 0.14509805 0.23137255 0.18431373 0.34117648 0.7764706 0.76862746 0.8117647 0.8352941 0.61960787 0.32941177
0.9254902 0.89411765 0.9019608 0.5803922 0.3254902 0.30980393 0.25490198 0.28627452 0.1882353 0.35686275 0.40392157 0.38431373 0.36078432 0.27058825 0.27450982 0.23529412 0.15294118 0.08627451 0.07058824 0.0627451 0.07058824 0.18431373 0.25490198 0.27058825 0.21568628 0.43529412 0.85882354 0.96862745 0.972549 0.9098039 0.7921569 0.39607844
0.9411765 0.93333334 0.72156864 0.4117647 0.37254903 0.30588236 0.2 0.22352941 0.12156863 0.20392157 0.24705882 0.25490198 0.2509804 0.19215687 0.19215687 0.14117648 0.09019608 0.08235294 0.078431375 0.07450981 0.19215687 0.38431373 0.3137255 0.3647059 0.3882353 0.39215687 0.49019608 0.7607843 0.8980392 0.8352941 0.84705883 0.46666667
0.9607843 0.9647059 0.54901963 0.2784314 0.2509804 0.21568628 0.19607843 0.17254902 0.11764706 0.16470589 0.19607843 0.18431373 0.15686275 0.15294118 0.14509805 0.08627451 0.06666667 0.07058824 0.07450981 0.15686275 0.32156864 0.3372549 0.3372549 0.4392157 0.39215687 0.25882354 0.25882354 0.47843137 0.74509805 0.84313726 0.827451 0.42745098
0.98039216 0.98039216 0.5803922 0.24313726 0.28235295 0.24313726 0.16470589 0.1254902 0.10980392 0.14901961 0.22745098 0.19215687 0.14117648 0.10980392 0.09803922 0.05490196 0.050980393 0.050980393 0.10980392 0.30588236 0.32941177 0.28627452 0.38039216 0.29411766 0.24313726 0.16078432 0.23529412 0.36078432 0.4509804 0.6666667 0.6901961 0.3529412
0.9764706 0.9529412 0.78431374 0.29411766 0.21176471 0.19215687 0.101960786 0.08235294 0.09803922 0.09019608 0.19215687 0.24705882 0.18039216 0.10980392 0.09411765 0.050980393 0.05490196 0.043137256 0.21568628 0.3882353 0.27450982 0.38431373 0.2509804 0.17254902 0.19215687 0.16078432 0.26666668 0.33333334 0.42352942 0.59607846 0.54901963 0.35686275
0.9607843 0.8901961 0.85490197 0.54901963 0.27058825 0.16078432 0.101960786 0.08627451 0.09019608 0.078431375 0.11372549 0.21176471 0.18039216 0.105882354 0.07450981 0.050980393 0.07058824 0.047058824 0.29803923 0.42352942 0.30588236 0.3019608 0.14117648 0.16470589 0.16078432 0.1764706 0.2509804 0.3764706 0.69803923 0.95686275 0.7882353 0.49803922
0.9411765 0.89411765 0.8901961 0.7882353 0.60784316 0.47058824 0.32156864 0.21960784 0.14117648 0.10980392 0.08235294 0.09019608 0.101960786 0.105882354 0.07450981 0.0627451 0.09803922 0.078431375 0.3137255 0.44705883 0.29411766 0.16470589 0.13333334 0.14901961 0.1882353 0.16470589 0.2901961 0.3137255 0.72156864 0.99607843 0.9607843 0.6862745
0.9647059 0.9254902 0.91764706 0.84313726 0.7254902 0.64705884 0.4745098 0.3529412 0.2509804 0.1882353 0.12156863 0.09803922 0.16470589 0.26666668 0.23529412 0.13333334 0.14509805 0.12156863 0.23529412 0.36078432 0.21176471 0.13725491 0.16078432 0.1764706 0.13725491 0.18039216 0.30588236 0.24705882 0.69803923 0.90588236 0.90588236 0.7372549
0.9882353 0.94509804 0.93333334 0.8784314 0.7607843 0.69411767 0.5372549 0.3764706 0.3019608 0.23137255 0.22352941 0.3019608 0.44705883 0.4392157 0.32156864 0.23137255 0.2 0.20392157 0.1764706 0.30980393 0.2784314 0.29411766 0.24313726 0.08235294 0.078431375 0.27450982 0.27450982 0.2901961 0.6862745 0.81960785 0.8392157 0.64705884
0.9843137 0.95686275 0.98039216 0.93333334 0.78431374 0.6392157 0.6392157 0.5294118 0.3529412 0.37254903 0.4117647 0.42745098 0.44313726 0.34509805 0.28235295 0.2627451 0.3372549 0.38039216 0.22352941 0.25490198 0.31764707 0.3019608 0.14509805 0.15686275 0.31764707 0.3254902 0.22352941 0.3529412 0.6431373 0.74509805 0.7137255 0.4745098
0.98039216 0.9647059 0.972549 0.9843137 0.8784314 0.59607846 0.5137255 0.4745098 0.41568628 0.39215687 0.31764707 0.2509804 0.16862746 0.15686275 0.21176471 0.23137255 0.4117647 0.45490196 0.28235295 0.14509805 0.13725491 0.20392157 0.3019608 0.38039216 0.36078432 0.21568628 0.2 0.36078432 0.5254902 0.5882353 0.5294118 0.39215687
0.96862745 0.9647059 0.9843137 0.99215686 0.9607843 0.827451 0.6666667 0.40392157 0.32156864 0.20784314 0.13333334 0.11764706 0.09411765 0.09803922 0.1254902 0.2509804 0.5921569 0.54509807 0.37254903 0.21960784 0.18039216 0.39215687 0.39607844 0.2901961 0.3764706 0.43529412 0.31764707 0.36078432 0.44705883 0.50980395 0.4745098 0.41960785
0.96862745 0.9764706 0.9843137 0.98039216 0.98039216 0.91764706 0.69803923 0.4862745 0.34509805 0.18431373 0.1254902 0.11372549 0.101960786 0.105882354 0.16078432 0.4862745 0.8784314 0.6509804 0.5058824 0.3882353 0.38431373 0.4862745 0.34509805 0.42745098 0.77254903 0.84313726 0.63529414 0.38431373 0.4 0.43529412 0.42352942 0.42745098
0.972549 0.99215686 0.972549 0.95686275 0.972549 0.7882353 0.63529414 0.7411765 0.62352943 0.3647059 0.21176471 0.18431373 0.22352941 0.28235295 0.4745098 0.8509804 0.95686275 0.76862746 0.6431373 0.45882353 0.5176471 0.38431373 0.4392157 0.62352943 0.7764706 0.827451 0.7607843 0.41568628 0.3529412 0.3647059 0.39215687 0.39607844
0.91764706 0.9647059 0.9647059 0.94509804 0.94509804 0.7529412 0.70980394 0.8509804 0.69411767 0.5647059 0.47058824 0.44313726 0.54509807 0.65882355 0.78039217 0.8666667 0.9019608 0.8352941 0.5372549 0.5019608 0.60784316 0.33333334 0.5411765 0.6431373 0.67058825 0.7019608 0.6745098 0.40392157 0.32156864 0.38431373 0.44313726 0.45490196
0.84313726 0.90588236 0.9019608 0.8862745 0.92156863 0.87058824 0.7607843 0.7921569 0.6313726 0.6 0.62352943 0.6627451 0.7647059 0.76862746 0.7882353 0.77254903 0.80784315 0.7607843 0.46666667 0.45882353 0.5137255 0.3882353 0.5647059 0.6784314 0.6392157 0.5019608 0.5137255 0.39215687 0.3019608 0.3882353 0.50980395 0.49803922
0.8392157 0.8666667 0.84313726 0.84705883 0.8627451 0.8156863 0.72156864 0.6784314 0.56078434 0.57254905 0.58431375 0.6313726 0.6901961 0.6627451 0.69411767 0.7019608 0.6862745 0.59607846 0.35686275 0.37254903 0.3882353 0.34509805 0.40392157 0.5019608 0.5058824 0.43529412 0.42745098 0.38039216 0.30588236 0.30980393 0.44313726 0.43529412
0.84313726 0.7882353 0.75686276 0.78039217 0.7490196 0.6784314 0.62352943 0.54509807 0.47058824 0.49803922 0.43137255 0.45882353 0.47058824 0.45882353 0.49019608 0.50980395 0.48235294 0.40392157 0.3529412 0.4117647 0.38431373 0.34509805 0.43529412 0.4627451 0.54509807 0.56078434 0.44705883 0.36078432 0.33333334 0.27450982 0.3647059 0.42745098
0.8235294 0.7294118 0.6784314 0.68235296 0.627451 0.56078434 0.49803922 0.4117647 0.36862746 0.36078432 0.3372549 0.33333334 0.3137255 0.3764706 0.3647059 0.35686275 0.45490196 0.39215687 0.5294118 0.4745098 0.41960785 0.4392157 0.64705884 0.6313726 0.6627451 0.6 0.43529412 0.34117648 0.30588236 0.34901962 0.46666667 0.5058824
0.77254903 0.7019608 0.654902 0.6039216 0.5254902 0.4509804 0.36862746 0.31764707 0.2901961 0.32941177 0.39607844 0.29411766 0.29411766 0.50980395 0.42352942 0.40784314 0.5254902 0.42352942 0.5176471 0.40784314 0.41568628 0.4392157 0.7254902 0.78039217 0.7607843 0.7294118 0.53333336 0.3529412 0.2509804 0.34509805 0.4627451 0.4392157
0.64705884 0.6039216 0.5803922 0.5176471 0.41960785 0.3254902 0.3647059 0.36862746 0.2627451 0.35686275 0.46666667 0.35686275 0.4 0.5803922 0.5137255 0.5176471 0.42745098 0.40392157 0.42745098 0.38039216 0.45882353 0.5647059 0.81960785 0.7647059 0.79607844 0.8235294 0.6784314 0.44705883 0.27058825 0.30588236 0.3647059 0.3372549
0.5647059 0.49411765 0.38431373 0.4745098 0.50980395 0.49803922 0.49411765 0.39607844 0.39607844 0.52156866 0.60784316 0.64705884 0.5568628 0.49411765 0.5411765 0.69411767 0.6313726 0.49803922 0.44313726 0.4392157 0.5254902 0.5882353 0.6156863 0.73333335 0.654902 0.49019608 0.40784314 0.38039216 0.4862745 0.5294118 0.54509807 0.58431375
0.5254902 0.43529412 0.36862746 0.41568628 0.48235294 0.54509807 0.5372549 0.3764706 0.36862746 0.43137255 0.5568628 0.61960787 0.58431375 0.6392157 0.68235296 0.80784315 0.77254903 0.627451 0.5176471 0.5176471 0.5882353 0.65882355 0.654902 0.70980394 0.6509804 0.53333336 0.4509804 0.4117647 0.49019608 0.5529412 0.5411765 0.5568628
0.654902 0.5372549 0.44313726 0.3882353 0.3764706 0.44313726 0.48235294 0.3764706 0.36862746 0.38431373 0.44313726 0.6666667 0.8039216 0.8392157 0.7529412 0.6392157 0.627451 0.59607846 0.5647059 0.62352943 0.57254905 0.5411765 0.52156866 0.6392157 0.6745098 0.53333336 0.49411765 0.4862745 0.44313726 0.4509804 0.40392157 0.40784314
0.8784314 0.9098039 0.8235294 0.70980394 0.5529412 0.4392157 0.34901962 0.42352942 0.47843137 0.5176471 0.47843137 0.5921569 0.8352941 0.9411765 0.7882353 0.47058824 0.36862746 0.47058824 0.54509807 0.5254902 0.49411765 0.45882353 0.41568628 0.5803922 0.654902 0.42745098 0.3764706 0.5019608 0.45490196 0.43137255 0.34901962 0.3019608
0.8901961 0.94509804 0.9529412 0.8235294 0.627451 0.46666667 0.34509805 0.27450982 0.34901962 0.45882353 0.5137255 0.5019608 0.60784316 0.7372549 0.6039216 0.40392157 0.4 0.52156866 0.54901963 0.42745098 0.43529412 0.5058824 0.4627451 0.50980395 0.5411765 0.36862746 0.28627452 0.4509804 0.5058824 0.54509807 0.4117647 0.32941177
0.89411765 0.90588236 0.90588236 0.6039216 0.4627451 0.45490196 0.3647059 0.27058825 0.26666668 0.27450982 0.3372549 0.44705883 0.4627451 0.4745098 0.4509804 0.4627451 0.5294118 0.56078434 0.5568628 0.4392157 0.38431373 0.42745098 0.28235295 0.30980393 0.38431373 0.34901962 0.3647059 0.4627451 0.4509804 0.4745098 0.40392157 0.3529412
0.8784314 0.87058824 0.8901961 0.8 0.7607843 0.6156863 0.42745098 0.36078432 0.31764707 0.29411766 0.34509805 0.41568628 0.44313726 0.50980395 0.5294118 0.5019608 0.4862745 0.5529412 0.54509807 0.47843137 0.42745098 0.43137255 0.3254902 0.22352941 0.2 0.34901962 0.4392157 0.5529412 0.52156866 0.3764706 0.3647059 0.3647059
0.88235295 0.84313726 0.87058824 0.9607843 0.83137256 0.49411765 0.38431373 0.34117648 0.41960785 0.4509804 0.5137255 0.5294118 0.49803922 0.50980395 0.5019608 0.4627451 0.48235294 0.54901963 0.57254905 0.47843137 0.41960785 0.45490196 0.4627451 0.3882353 0.30588236 0.45490196 0.34901962 0.43137255 0.61960787 0.45490196 0.4 0.41568628
0.89411765 0.84313726 0.8980392 0.9607843 0.7176471 0.28627452 0.21176471 0.33333334 0.5058824 0.53333336 0.5254902 0.5254902 0.47843137 0.47843137 0.4862745 0.4862745 0.50980395 0.5058824 0.43137255 0.28235295 0.31764707 0.3764706 0.3764706 0.34509805 0.3254902 0.3764706 0.3372549 0.34509805 0.52156866 0.6392157 0.65882355 0.54901963
0.8980392 0.8745098 0.9137255 0.9647059 0.67058825 0.26666668 0.2627451 0.39215687 0.5019608 0.5019608 0.4862745 0.49019608 0.5137255 0.5137255 0.5058824 0.5019608 0.49019608 0.41568628 0.25882354 0.14901961 0.16470589 0.21568628 0.3019608 0.29411766 0.19215687 0.2509804 0.44705883 0.4509804 0.5137255 0.7019608 0.68235296 0.49019608
0.9019608 0.8666667 0.9254902 0.85490197 0.5294118 0.3882353 0.39215687 0.43529412 0.4392157 0.5019608 0.49803922 0.5137255 0.53333336 0.49019608 0.4627451 0.44313726 0.38039216 0.25490198 0.15686275 0.12941177 0.11372549 0.11764706 0.21176471 0.28235295 0.20784314 0.3372549 0.7372549 0.7137255 0.77254903 0.80784315 0.6039216 0.34117648
0.90588236 0.8666667 0.8980392 0.62352943 0.4117647 0.41568628 0.34901962 0.36862746 0.28235295 0.45882353 0.5137255 0.5019608 0.45882353 0.35686275 0.34509805 0.2901961 0.2 0.13725491 0.12941177 0.12156863 0.12941177 0.24313726 0.3254902 0.3254902 0.23921569 0.41960785 0.8 0.88235295 0.8901961 0.83137256 0.73333335 0.38431373
0.90588236 0.9137255 0.7529412 0.5058824 0.49803922 0.42352942 0.26666668 0.2627451 0.1882353 0.27058825 0.31764707 0.32941177 0.31764707 0.25490198 0.2509804 0.19607843 0.14117648 0.12941177 0.13333334 0.13333334 0.25882354 0.4627451 0.39607844 0.43529412 0.44705883 0.43137255 0.50980395 0.7176471 0.7647059 0.6784314 0.7294118 0.44705883
0.9254902 0.9372549 0.57254905 0.34901962 0.34901962 0.30588236 0.23921569 0.19607843 0.1764706 0.21960784 0.23921569 0.21960784 0.21176471 0.21176471 0.20392157 0.14509805 0.1254902 0.1254902 0.14117648 0.23137255 0.40392157 0.42745098 0.41960785 0.50980395 0.45490196 0.31764707 0.3254902 0.48235294 0.62352943 0.62352943 0.627451 0.38039216
0.9647059 0.9490196 0.5529412 0.2627451 0.34509805 0.3137255 0.23137255 0.1882353 0.18431373 0.20784314 0.26666668 0.21960784 0.19215687 0.17254902 0.15294118 0.11372549 0.10980392 0.11764706 0.19215687 0.4 0.42745098 0.37254903 0.45882353 0.3647059 0.3019608 0.21568628 0.30980393 0.39607844 0.38039216 0.46666667 0.47843137 0.30588236
0.972549 0.91764706 0.7176471 0.28235295 0.2627451 0.2627451 0.19215687 0.18039216 0.16862746 0.14901961 0.23921569 0.28235295 0.23529412 0.16862746 0.15294118 0.10980392 0.11372549 0.10980392 0.3019608 0.49803922 0.38039216 0.4627451 0.3254902 0.23921569 0.24705882 0.21568628 0.34901962 0.39215687 0.39607844 0.49019608 0.43137255 0.34509805
0.9529412 0.85490197 0.7647059 0.5019608 0.2784314 0.1764706 0.15294118 0.15686275 0.14509805 0.12941177 0.16470589 0.26666668 0.23921569 0.16862746 0.13333334 0.10980392 0.11764706 0.09803922 0.3764706 0.5294118 0.40784314 0.37254903 0.20784314 0.21960784 0.20784314 0.23529412 0.34117648 0.4392157 0.67058825 0.91764706 0.74509805 0.49803922
0.92156863 0.85882354 0.8 0.69411767 0.5176471 0.38039216 0.2627451 0.21176471 0.16862746 0.15294118 0.14901961 0.16862746 0.16862746 0.16862746 0.13333334 0.12156863 0.13333334 0.105882354 0.3764706 0.5372549 0.3882353 0.23529412 0.19215687 0.2 0.23921569 0.22745098 0.38039216 0.3647059 0.6745098 0.9019608 0.84705883 0.6392157
0.9490196 0.8901961 0.84313726 0.7372549 0.5803922 0.4745098 0.32156864 0.25882354 0.21176471 0.19607843 0.16862746 0.17254902 0.25490198 0.35686275 0.30980393 0.1882353 0.14901961 0.12156863 0.28235295 0.43137255 0.2784314 0.19607843 0.23137255 0.24313726 0.19215687 0.26666668 0.39607844 0.26666668 0.5882353 0.7058824 0.70980394 0.6509804
0.98039216 0.9137255 0.8784314 0.7921569 0.61960787 0.5058824 0.36862746 0.25882354 0.22352941 0.21176471 0.2509804 0.3529412 0.54509807 0.54901963 0.39607844 0.25882354 0.15686275 0.16078432 0.2 0.36078432 0.3254902 0.34509805 0.3254902 0.16862746 0.14117648 0.3529412 0.3372549 0.2509804 0.49803922 0.57254905 0.6509804 0.5647059
0.972549 0.9254902 0.93333334 0.85882354 0.6627451 0.49019608 0.5176471 0.45490196 0.3254902 0.39215687 0.4627451 0.4862745 0.5176471 0.41568628 0.31764707 0.24705882 0.23529412 0.2784314 0.2 0.2784314 0.35686275 0.3529412 0.22352941 0.23137255 0.36862746 0.3529412 0.22352941 0.25882354 0.41960785 0.5137255 0.5647059 0.4117647
0.9647059 0.9372549 0.93333334 0.9254902 0.7921569 0.49803922 0.4392157 0.4392157 0.42352942 0.4392157 0.38431373 0.31764707 0.23529412 0.21960784 0.24313726 0.20784314 0.2784314 0.3019608 0.21568628 0.14509805 0.1764706 0.25490198 0.34901962 0.42352942 0.38431373 0.21568628 0.1764706 0.27450982 0.3529412 0.41568628 0.42745098 0.3529412
0.9490196 0.93333334 0.9490196 0.9529412 0.9098039 0.7647059 0.6117647 0.3647059 0.30980393 0.23529412 0.18039216 0.16862746 0.16470589 0.16078432 0.14901961 0.22352941 0.45882353 0.38431373 0.28627452 0.20784314 0.21568628 0.41960785 0.4 0.28235295 0.3647059 0.41960785 0.29411766 0.31764707 0.37254903 0.42352942 0.42352942 0.40784314
0.94509804 0.9529412 0.9607843 0.9647059 0.9607843 0.8745098 0.6313726 0.39607844 0.25490198 0.14901961 0.13333334 0.13725491 0.12941177 0.12156863 0.14117648 0.4117647 0.75686276 0.52156866 0.42745098 0.38431373 0.41960785 0.4862745 0.29803923 0.36078432 0.7137255 0.7764706 0.5803922 0.35686275 0.40392157 0.42352942 0.41960785 0.44313726
0.9372549 0.9607843 0.94509804 0.9529412 0.972549 0.7529412 0.5529412 0.60784316 0.4745098 0.27058825 0.16862746 0.16078432 0.18431373 0.22352941 0.38039216 0.7058824 0.8352941 0.68235296 0.5882353 0.46666667 0.54509807 0.36078432 0.35686275 0.5137255 0.6745098 0.6901961 0.64705884 0.36862746 0.3764706 0.3882353 0.4117647 0.42352942
0.8156863 0.8666667 0.9019608 0.9254902 0.92156863 0.6784314 0.59607846 0.7176471 0.5568628 0.43529412 0.34509805 0.32156864 0.43529412 0.5411765 0.64705884 0.70980394 0.75686276 0.7607843 0.53333336 0.50980395 0.5921569 0.28235295 0.42745098 0.49803922 0.5254902 0.5411765 0.5529412 0.3529412 0.3372549 0.40784314 0.45882353 0.46666667
0.7137255 0.78039217 0.8117647 0.8392157 0.85490197 0.7529412 0.6156863 0.6431373 0.48235294 0.44313726 0.45490196 0.48235294 0.5764706 0.57254905 0.58431375 0.5568628 0.6 0.6313726 0.42352942 0.40784314 0.43137255 0.29803923 0.41568628 0.5019608 0.46666667 0.36078432 0.41960785 0.36078432 0.32941177 0.41568628 0.52156866 0.5058824
0.7137255 0.7490196 0.7372549 0.75686276 0.7411765 0.65882355 0.5529412 0.5137255 0.39215687 0.39607844 0.40392157 0.4392157 0.46666667 0.42352942 0.44313726 0.44705883 0.44705883 0.43137255 0.2627451 0.26666668 0.27058825 0.2509804 0.27058825 0.34117648 0.34901962 0.3372549 0.3764706 0.3764706 0.3529412 0.34901962 0.4627451 0.44705883
0.72156864 0.67058825 0.6392157 0.6509804 0.5921569 0.5019608 0.44705883 0.38431373 0.30980393 0.3372549 0.27058825 0.29803923 0.30588236 0.28235295 0.30588236 0.31764707 0.30588236 0.28627452 0.28627452 0.3372549 0.3019608 0.3019608 0.38431373 0.3882353 0.4627451 0.5176471 0.43529412 0.38431373 0.38431373 0.32156864 0.39607844 0.44705883
0.70980394 0.6156863 0.54509807 0.53333336 0.47058824 0.39607844 0.34901962 0.29411766 0.25882354 0.25882354 0.24313726 0.2509804 0.25882354 0.3254902 0.30588236 0.29411766 0.3882353 0.3529412 0.52156866 0.45882353 0.4 0.45490196 0.6745098 0.6431373 0.6509804 0.5921569 0.4392157 0.37254903 0.3529412 0.39607844 0.5058824 0.5294118
0.65882355 0.5921569 0.5019608 0.4509804 0.3882353 0.30980393 0.2627451 0.24705882 0.24705882 0.29411766 0.3764706 0.2901961 0.3254902 0.54509807 0.45490196 0.43137255 0.5294118 0.42352942 0.5372549 0.41960785 0.41960785 0.4627451 0.77254903 0.81960785 0.77254903 0.7372549 0.54509807 0.3764706 0.28627452 0.3882353 0.5058824 0.46666667
0.5294118 0.4862745 0.4392157 0.38039216 0.32156864 0.25882354 0.32156864 0.34509805 0.25882354 0.3647059 0.49411765 0.39215687 0.44705883 0.63529414 0.5686275 0.56078434 0.4392157 0.40784314 0.44705883 0.4 0.46666667 0.5803922 0.8509804 0.7921569 0.8117647 0.8392157 0.68235296 0.4509804 0.29803923 0.34117648 0.39607844 0.36862746
0.5254902 0.46666667 0.3529412 0.4392157 0.47843137 0.47058824 0.47058824 0.3764706 0.38431373 0.49019608 0.5568628 0.5764706 0.47843137 0.42352942 0.4862745 0.6431373 0.5686275 0.43529412 0.3882353 0.3764706 0.47058824 0.5568628 0.5686275 0.6745098 0.5921569 0.43137255 0.35686275 0.34117648 0.45490196 0.47843137 0.48235294 0.5254902
0.49803922 0.4117647 0.34509805 0.3882353 0.45882353 0.5254902 0.5176471 0.35686275 0.3529412 0.4 0.5137255 0.56078434 0.5137255 0.57254905 0.627451 0.7529412 0.7019608 0.5529412 0.44705883 0.44705883 0.5254902 0.6156863 0.6156863 0.65882355 0.5882353 0.48235294 0.40784314 0.37254903 0.45490196 0.5019608 0.48235294 0.5058824
0.6392157 0.5176471 0.42352942 0.36862746 0.3529412 0.41960785 0.45882353 0.35686275 0.34901962 0.36078432 0.4117647 0.627451 0.74509805 0.78039217 0.69803923 0.58431375 0.5686275 0.53333336 0.5019608 0.56078434 0.50980395 0.49411765 0.49411765 0.6039216 0.6156863 0.49019608 0.45882353 0.44705883 0.40392157 0.40784314 0.3529412 0.35686275
0.87058824 0.8980392 0.8117647 0.6901961 0.5254902 0.40784314 0.3137255 0.3882353 0.45490196 0.49411765 0.45882353 0.57254905 0.7921569 0.8980392 0.74509805 0.42352942 0.32156864 0.43137255 0.5019608 0.4862745 0.44313726 0.4 0.39607844 0.5568628 0.6 0.39215687 0.34509805 0.4627451 0.4117647 0.3882353 0.30588236 0.25882354
0.8901961 0.93333334 0.94509804 0.8039216 0.5921569 0.42745098 0.3019608 0.23137255 0.32156864 0.4392157 0.5019608 0.49411765 0.58431375 0.70980394 0.57254905 0.36078432 0.37254903 0.5058824 0.5254902 0.41568628 0.4 0.44313726 0.45490196 0.49803922 0.49019608 0.3372549 0.25882354 0.41568628 0.45882353 0.50980395 0.3764706 0.28627452
0.89411765 0.9019608 0.90588236 0.6 0.4509804 0.42352942 0.3137255 0.22352941 0.23137255 0.25882354 0.34117648 0.4627451 0.45882353 0.4627451 0.43529412 0.43529412 0.50980395 0.54901963 0.54509807 0.43529412 0.36078432 0.37254903 0.2627451 0.2901961 0.34117648 0.31764707 0.33333334 0.41568628 0.4 0.44705883 0.3764706 0.3137255
0.8784314 0.8745098 0.8862745 0.8156863 0.77254903 0.59607846 0.38431373 0.30980393 0.2784314 0.27450982 0.3529412 0.4392157 0.4509804 0.5058824 0.52156866 0.49019608 0.4627451 0.5254902 0.5254902 0.46666667 0.40784314 0.39215687 0.28627452 0.1882353 0.17254902 0.31764707 0.39215687 0.49803922 0.4745098 0.35686275 0.34901962 0.3254902
0.8784314 0.84313726 0.8627451 0.9647059 0.8352941 0.47843137 0.35686275 0.30980393 0.3882353 0.43137255 0.5058824 0.5294118 0.49803922 0.5019608 0.49019608 0.44705883 0.45882353 0.52156866 0.5529412 0.46666667 0.40392157 0.42745098 0.42745098 0.35686275 0.28235295 0.41960785 0.3019608 0.3764706 0.5686275 0.42352942 0.3764706 0.3764706
0.8901961 0.84313726 0.8901961 0.9607843 0.7176471 0.28235295 0.21568628 0.34117648 0.5019608 0.5254902 0.5176471 0.5137255 0.46666667 0.46666667 0.47058824 0.47058824 0.49019608 0.48235294 0.41568628 0.27058825 0.30588236 0.35686275 0.34901962 0.3254902 0.30980393 0.34117648 0.2901961 0.3019608 0.47843137 0.6039216 0.62352943 0.50980395
0.8901961 0.87058824 0.9019608 0.9647059 0.68235296 0.2784314 0.28627452 0.42352942 0.5176471 0.50980395 0.4862745 0.48235294 0.5019608 0.49803922 0.49411765 0.49019608 0.4745098 0.4 0.24313726 0.13725491 0.15294118 0.2 0.2784314 0.2784314 0.18039216 0.22352941 0.41568628 0.42352942 0.48235294 0.6666667 0.64705884 0.45490196
0.8901961 0.85882354 0.9098039 0.85490197 0.5411765 0.39607844 0.4117647 0.45490196 0.44313726 0.49803922 0.49411765 0.5058824 0.52156866 0.47843137 0.45490196 0.4392157 0.37254903 0.24313726 0.14509805 0.11764706 0.105882354 0.11372549 0.20392157 0.2784314 0.20784314 0.3137255 0.7176471 0.7019608 0.75686276 0.78431374 0.5803922 0.31764707
0.89411765 0.85882354 0.88235295 0.6156863 0.40392157 0.4 0.34117648 0.35686275 0.2627451 0.44313726 0.5019608 0.49411765 0.4509804 0.34901962 0.34117648 0.29411766 0.2 0.1254902 0.11764706 0.10980392 0.12156863 0.23921569 0.32156864 0.3254902 0.24313726 0.40392157 0.7921569 0.8862745 0.8862745 0.8156863 0.7176471 0.36862746
0.9019608 0.9098039 0.7372549 0.49411765 0.4862745 0.39607844 0.23529412 0.23137255 0.16078432 0.25882354 0.31764707 0.3372549 0.30980393 0.23921569 0.23921569 0.18431373 0.13333334 0.12941177 0.1254902 0.12156863 0.2509804 0.4745098 0.4 0.4392157 0.4392157 0.4 0.49803922 0.72156864 0.7607843 0.654902 0.72156864 0.43137255
0.92941177 0.9411765 0.5568628 0.34901962 0.36078432 0.29411766 0.22352941 0.1764706 0.16078432 0.21176471 0.23921569 0.22352941 0.2 0.19215687 0.18431373 0.1254902 0.11372549 0.12156863 0.12941177 0.21176471 0.39607844 0.4392157 0.42745098 0.5137255 0.44705883 0.28627452 0.30980393 0.48235294 0.6117647 0.6117647 0.6392157 0.3647059
0.95686275 0.9490196 0.54509807 0.2784314 0.37254903 0.3254902 0.22352941 0.18039216 0.18039216 0.2 0.2509804 0.20392157 0.17254902 0.15294118 0.13333334 0.09411765 0.09411765 0.101960786 0.1764706 0.38039216 0.41960785 0.38039216 0.4627451 0.36078432 0.2901961 0.19215687 0.29803923 0.3882353 0.3529412 0.45882353 0.49019608 0.28235295
0.9607843 0.90588236 0.7058824 0.2901961 0.2784314 0.2627451 0.1764706 0.16078432 0.16470589 0.13725491 0.21176471 0.2509804 0.21176471 0.14901961 0.12941177 0.09019608 0.09019608 0.08627451 0.28627452 0.48235294 0.37254903 0.46666667 0.32156864 0.23137255 0.23137255 0.19215687 0.34117648 0.3882353 0.36078432 0.45882353 0.4117647 0.29803923
0.9411765 0.8392157 0.74509805 0.4862745 0.25882354 0.15294118 0.11372549 0.12156863 0.12941177 0.10980392 0.13333334 0.23137255 0.21568628 0.14901961 0.11372549 0.09019608 0.09019608 0.07058824 0.36078432 0.5176471 0.40784314 0.37254903 0.2 0.20784314 0.1882353 0.21568628 0.3372549 0.4392157 0.64705884 0.8784314 0.7019608 0.43529412
0.9137255 0.8352941 0.77254903 0.65882355 0.48235294 0.34901962 0.22352941 0.16862746 0.13333334 0.12156863 0.12156863 0.14117648 0.14509805 0.14901961 0.11764706 0.101960786 0.105882354 0.078431375 0.3647059 0.5372549 0.39215687 0.23137255 0.18431373 0.18431373 0.21568628 0.21176471 0.38431373 0.37254903 0.65882355 0.8862745 0.827451 0.58431375
0.9411765 0.87058824 0.8156863 0.69803923 0.54509807 0.4509804 0.29411766 0.21960784 0.1764706 0.17254902 0.14901961 0.15294118 0.23921569 0.34509805 0.29411766 0.16078432 0.11372549 0.09019608 0.26666668 0.43137255 0.28627452 0.2 0.22352941 0.21960784 0.16862746 0.25490198 0.39607844 0.26666668 0.5882353 0.72156864 0.7137255 0.6117647
0.9764706 0.9019608 0.8627451 0.7607843 0.5921569 0.49411765 0.3529412 0.22352941 0.19215687 0.20392157 0.24705882 0.34509805 0.5411765 0.5529412 0.39607844 0.23529412 0.12156863 0.12941177 0.18039216 0.34509805 0.3254902 0.3529412 0.3137255 0.13725491 0.11372549 0.3529412 0.33333334 0.23921569 0.5058824 0.5921569 0.654902 0.5294118
0.9647059 0.9137255 0.92156863 0.8352941 0.6392157 0.4745098 0.49411765 0.41960785 0.29411766 0.38431373 0.4627451 0.47843137 0.50980395 0.41960785 0.32156864 0.23137255 0.21960784 0.2627451 0.1764706 0.25882354 0.34509805 0.34509805 0.2 0.19607843 0.34117648 0.3647059 0.22352941 0.24313726 0.40784314 0.5176471 0.56078434 0.3764706
0.9529412 0.9254902 0.9254902 0.90588236 0.76862746 0.47843137 0.4117647 0.40392157 0.39215687 0.43137255 0.38039216 0.3019608 0.21176471 0.21176471 0.23921569 0.1882353 0.2784314 0.29411766 0.18431373 0.10980392 0.14901961 0.22745098 0.32156864 0.39215687 0.36078432 0.21568628 0.16470589 0.23529412 0.30980393 0.39607844 0.4117647 0.3137255
0.92941177 0.9254902 0.9490196 0.9411765 0.8862745 0.7490196 0.5921569 0.34117648 0.28627452 0.22745098 0.16862746 0.13725491 0.11764706 0.13333334 0.13725491 0.20392157 0.4627451 0.3764706 0.23529412 0.15294118 0.17254902 0.3764706 0.36862746 0.25882354 0.34901962 0.40392157 0.2627451 0.26666668 0.30980393 0.3882353 0.39607844 0.3647059
0.92156863 0.94509804 0.9647059 0.9529412 0.9411765 0.8627451 0.627451 0.39215687 0.2509804 0.14509805 0.10980392 0.08627451 0.07450981 0.09019608 0.13333334 0.40392157 0.7607843 0.49411765 0.34509805 0.30588236 0.36078432 0.43529412 0.26666668 0.34901962 0.7058824 0.7490196 0.54509807 0.32156864 0.35686275 0.38431373 0.38039216 0.4
0.91764706 0.9529412 0.9529412 0.94509804 0.9529412 0.74509805 0.56078434 0.62352943 0.4745098 0.26666668 0.14117648 0.101960786 0.13725491 0.20784314 0.3882353 0.72156864 0.84313726 0.6392157 0.49411765 0.37254903 0.4745098 0.30588236 0.32941177 0.5137255 0.6745098 0.6666667 0.627451 0.3529412 0.35686275 0.36078432 0.36862746 0.3764706
0.8117647 0.8666667 0.89411765 0.9019608 0.9019608 0.6745098 0.6039216 0.7254902 0.5529412 0.43137255 0.3372549 0.30588236 0.41568628 0.53333336 0.654902 0.7254902 0.7529412 0.72156864 0.46666667 0.41960785 0.50980395 0.23529412 0.40784314 0.5019608 0.5254902 0.5176471 0.52156866 0.3254902 0.30588236 0.3764706 0.41568628 0.4117647
0.7176471 0.78431374 0.8039216 0.8156863 0.8392157 0.7529412 0.627451 0.6509804 0.47843137 0.4392157 0.45490196 0.4862745 0.5764706 0.57254905 0.5921569 0.5686275 0.59607846 0.6039216 0.37254903 0.33333334 0.35686275 0.25490198 0.4 0.49803922 0.4627451 0.3254902 0.3764706 0.31764707 0.28627452 0.38039216 0.47843137 0.44313726
0.7176471 0.7490196 0.73333335 0.74509805 0.7372549 0.6666667 0.5686275 0.5176471 0.38431373 0.39215687 0.39607844 0.4392157 0.46666667 0.41960785 0.44313726 0.4392157 0.43529412 0.4 0.20784314 0.20392157 0.20784314 0.20392157 0.23529412 0.3137255 0.31764707 0.28627452 0.32156864 0.3254902 0.30588236 0.3019608 0.41960785 0.3882353
0.72156864 0.67058825 0.6392157 0.6509804 0.5921569 0.50980395 0.45490196 0.38431373 0.3019608 0.3254902 0.2627451 0.28627452 0.28627452 0.2627451 0.27450982 0.27450982 0.26666668 0.23137255 0.21176471 0.26666668 0.24313726 0.24313726 0.32156864 0.32156864 0.39215687 0.44313726 0.36862746 0.3254902 0.33333334 0.27058825 0.34509805 0.39215687
0.7058824 0.6117647 0.54901963 0.53333336 0.47058824 0.4 0.34509805 0.2784314 0.24705882 0.24313726 0.22745098 0.23137255 0.23137255 0.2901961 0.25490198 0.22745098 0.3254902 0.2784314 0.43137255 0.39215687 0.3529412 0.39607844 0.59607846 0.5529412 0.5568628 0.5058824 0.3647059 0.30980393 0.3019608 0.34509805 0.4509804 0.48235294
0.654902 0.5882353 0.5137255 0.4509804 0.37254903 0.29803923 0.23529412 0.21960784 0.23137255 0.2784314 0.34901962 0.2627451 0.30980393 0.52156866 0.40392157 0.3647059 0.46666667 0.3529412 0.4509804 0.3647059 0.39607844 0.42352942 0.7058824 0.7294118 0.68235296 0.6509804 0.46666667 0.31764707 0.23921569 0.3372549 0.4509804 0.41960785
0.5176471 0.48235294 0.44705883 0.38039216 0.3019608 0.23137255 0.2784314 0.29803923 0.23137255 0.33333334 0.45490196 0.35686275 0.42745098 0.60784316 0.5137255 0.49019608 0.38431373 0.35686275 0.3882353 0.35686275 0.4392157 0.53333336 0.7882353 0.7137255 0.7254902 0.74509805 0.59607846 0.3882353 0.25490198 0.2901961 0.3372549 0.31764707
23 16 0
11 24 0
11 27 2
24 16 0
12 28 2
4 2 2
21 3 2
23 16 2
30 22 2
23 14 1
11 24 1
14 14 2
18 16 2
10 18 2
6 2 0
12 16 2
10 26 1
26 2 2
23 24 2
13 18 2
14 29 0
4 2 1
15 16 2
25 2 2
22 3 2
11 24 2
16 15 2
14 13 2
16 2 2
14 12 2
7 26 2
25 7 0
13 1 2
14 15 2
31 25 2
4 2 0
25 4 2
11 16 2
8 6 1
27 3 1
31 8 1
27 5 0
24 1 2
26 2 0
6 4 1
10 21 1
15 17 2
11 15 0
16 14 2
12 30 2
