32, 32, 3, 50
0.74509805 0.84705883 0.9137255 0.8784314 0.9019608 0.92941177 0.8980392 0.8784314 0.89411765 0.8666667 0.92156863 0.9490196 0.9529412 0.92156863 0.9137255 0.9098039 0.90588236 0.85882354 0.827451 0.8784314 0.92156863 0.91764706 0.9098039 0.92156863 0.94509804 0.9254902 0.9254902 0.95686275 0.94509804 0.92941177 0.92156863 0.92156863
0.76862746 0.8627451 0.9137255 0.8627451 0.8745098 0.8980392 0.8980392 0.9019608 0.9019608 0.8745098 0.91764706 0.9411765 0.9490196 0.94509804 0.9372549 0.9098039 0.8980392 0.87058824 0.83137256 0.8666667 0.9019608 0.9372549 0.9098039 0.92156863 0.93333334 0.89411765 0.91764706 0.93333334 0.9372549 0.9254902 0.92941177 0.9137255
0.79607844 0.8352941 0.84705883 0.8392157 0.8627451 0.8784314 0.8901961 0.9019608 0.8666667 0.85882354 0.8784314 0.9098039 0.91764706 0.93333334 0.9647059 0.9137255 0.8666667 0.8745098 0.85882354 0.87058824 0.87058824 0.88235295 0.85882354 0.87058824 0.8901961 0.87058824 0.8980392 0.9098039 0.9098039 0.9019608 0.92156863 0.8901961
0.79607844 0.827451 0.85490197 0.8509804 0.87058824 0.88235295 0.9019608 0.89411765 0.84705883 0.85882354 0.8901961 0.8980392 0.8980392 0.9411765 0.98039216 0.94509804 0.88235295 0.8745098 0.8745098 0.9098039 0.8901961 0.7764706 0.70980394 0.7607843 0.8784314 0.87058824 0.89411765 0.92156863 0.8901961 0.8352941 0.8784314 0.8901961
0.79607844 0.8039216 0.8352941 0.8352941 0.84313726 0.84313726 0.8784314 0.8627451 0.85882354 0.8666667 0.89411765 0.8862745 0.88235295 0.9529412 0.9764706 0.9372549 0.8784314 0.85490197 0.84313726 0.84705883 0.8 0.6156863 0.64705884 0.6745098 0.7490196 0.8392157 0.9098039 0.9254902 0.88235295 0.8 0.8235294 0.8745098
0.7921569 0.77254903 0.78431374 0.79607844 0.81960785 0.84313726 0.8627451 0.84705883 0.85882354 0.8627451 0.8666667 0.8235294 0.8039216 0.8901961 0.9098039 0.88235295 0.8509804 0.8352941 0.80784315 0.7529412 0.6784314 0.56078434 0.6431373 0.6117647 0.5568628 0.7058824 0.8901961 0.9019608 0.8627451 0.8117647 0.8 0.8392157
0.78431374 0.76862746 0.7882353 0.83137256 0.84313726 0.8666667 0.8666667 0.8392157 0.81960785 0.8509804 0.8352941 0.6901961 0.64705884 0.70980394 0.7058824 0.7176471 0.78431374 0.7764706 0.7019608 0.68235296 0.6666667 0.627451 0.6313726 0.5764706 0.6039216 0.6313726 0.8392157 0.8745098 0.84313726 0.8235294 0.8039216 0.7882353
0.76862746 0.7764706 0.7882353 0.84313726 0.8745098 0.88235295 0.89411765 0.8509804 0.8 0.8156863 0.7411765 0.6431373 0.6431373 0.62352943 0.5921569 0.5764706 0.69803923 0.69803923 0.5882353 0.6117647 0.58431375 0.6431373 0.6313726 0.56078434 0.6156863 0.58431375 0.8156863 0.84705883 0.8235294 0.8 0.80784315 0.7764706
0.76862746 0.79607844 0.79607844 0.827451 0.8784314 0.8627451 0.8745098 0.8666667 0.79607844 0.7176471 0.69803923 0.7607843 0.7176471 0.6901961 0.62352943 0.5764706 0.65882355 0.6431373 0.5529412 0.5686275 0.5294118 0.58431375 0.5764706 0.56078434 0.5686275 0.6156863 0.81960785 0.8117647 0.80784315 0.77254903 0.7921569 0.76862746
0.7764706 0.78039217 0.7921569 0.8352941 0.8980392 0.8745098 0.81960785 0.8509804 0.7607843 0.6784314 0.7490196 0.7176471 0.6666667 0.67058825 0.6 0.6 0.6745098 0.5803922 0.5019608 0.54509807 0.5686275 0.43529412 0.4509804 0.5529412 0.58431375 0.75686276 0.8392157 0.78431374 0.79607844 0.7764706 0.7647059 0.74509805
0.75686276 0.7490196 0.7921569 0.8156863 0.88235295 0.88235295 0.8039216 0.75686276 0.7176471 0.70980394 0.627451 0.5254902 0.5921569 0.5803922 0.57254905 0.62352943 0.64705884 0.63529414 0.5647059 0.53333336 0.5921569 0.4392157 0.47843137 0.5294118 0.6862745 0.84705883 0.84313726 0.78431374 0.79607844 0.80784315 0.77254903 0.72156864
0.7254902 0.75686276 0.8156863 0.8156863 0.84705883 0.84705883 0.7882353 0.68235296 0.6666667 0.5686275 0.39215687 0.4392157 0.58431375 0.5294118 0.5372549 0.57254905 0.5411765 0.62352943 0.6431373 0.49019608 0.47058824 0.5176471 0.5529412 0.5647059 0.7019608 0.77254903 0.83137256 0.78431374 0.76862746 0.8156863 0.7764706 0.72156864
0.7019608 0.78039217 0.83137256 0.81960785 0.84705883 0.81960785 0.7490196 0.5921569 0.48235294 0.36078432 0.3137255 0.49803922 0.56078434 0.50980395 0.47058824 0.42352942 0.40784314 0.40784314 0.49019608 0.43137255 0.40784314 0.5137255 0.5882353 0.61960787 0.60784316 0.65882355 0.79607844 0.77254903 0.73333335 0.7411765 0.73333335 0.7137255
0.6901961 0.78039217 0.81960785 0.8 0.85882354 0.8352941 0.75686276 0.5764706 0.36862746 0.32941177 0.43137255 0.5058824 0.49803922 0.53333336 0.4745098 0.4117647 0.37254903 0.35686275 0.40784314 0.40784314 0.38431373 0.59607846 0.5647059 0.56078434 0.6901961 0.6627451 0.7019608 0.7137255 0.72156864 0.6901961 0.7137255 0.7058824
0.6901961 0.77254903 0.79607844 0.76862746 0.8352941 0.8784314 0.83137256 0.70980394 0.5647059 0.49019608 0.47058824 0.4392157 0.41960785 0.54901963 0.5686275 0.43137255 0.40784314 0.3647059 0.3647059 0.39215687 0.49411765 0.61960787 0.49019608 0.4117647 0.6627451 0.6901961 0.64705884 0.6901961 0.7137255 0.6862745 0.69411767 0.68235296
0.6745098 0.7529412 0.7647059 0.7294118 0.7921569 0.8862745 0.8745098 0.7411765 0.7294118 0.6745098 0.40784314 0.42352942 0.39607844 0.34901962 0.39215687 0.3764706 0.38431373 0.33333334 0.32941177 0.46666667 0.5294118 0.54509807 0.54509807 0.54901963 0.63529414 0.65882355 0.69803923 0.7490196 0.7019608 0.6901961 0.69411767 0.654902
0.6784314 0.7411765 0.7647059 0.73333335 0.7764706 0.8509804 0.85882354 0.72156864 0.6039216 0.5882353 0.4392157 0.47058824 0.5176471 0.40784314 0.3372549 0.39607844 0.39607844 0.42745098 0.57254905 0.59607846 0.5019608 0.5019608 0.5764706 0.61960787 0.67058825 0.6627451 0.6901961 0.7254902 0.6862745 0.69803923 0.7019608 0.67058825
0.68235296 0.73333335 0.7647059 0.7294118 0.78431374 0.8666667 0.8627451 0.79607844 0.63529414 0.49411765 0.5019608 0.5254902 0.6 0.61960787 0.4862745 0.42352942 0.5372549 0.6784314 0.6862745 0.5882353 0.5019608 0.5254902 0.5686275 0.59607846 0.6392157 0.6431373 0.65882355 0.69803923 0.7058824 0.6784314 0.68235296 0.6745098
0.6901961 0.70980394 0.7411765 0.73333335 0.77254903 0.827451 0.8627451 0.8117647 0.6509804 0.5647059 0.54509807 0.5254902 0.5372549 0.6313726 0.6117647 0.45490196 0.47058824 0.50980395 0.47843137 0.53333336 0.5294118 0.5254902 0.54901963 0.5529412 0.58431375 0.6313726 0.65882355 0.69411767 0.7058824 0.68235296 0.6901961 0.6901961
0.70980394 0.69803923 0.74509805 0.7647059 0.7607843 0.7882353 0.80784315 0.73333335 0.5529412 0.59607846 0.6117647 0.5529412 0.49803922 0.5411765 0.6431373 0.49019608 0.3019608 0.34901962 0.4 0.50980395 0.53333336 0.53333336 0.54509807 0.5294118 0.5686275 0.6039216 0.6431373 0.6784314 0.6862745 0.67058825 0.6745098 0.6901961
0.7490196 0.7294118 0.7490196 0.7764706 0.75686276 0.7607843 0.75686276 0.6156863 0.47843137 0.56078434 0.6509804 0.654902 0.63529414 0.54509807 0.6039216 0.5686275 0.3254902 0.32941177 0.37254903 0.43529412 0.5294118 0.5254902 0.5254902 0.53333336 0.5568628 0.6117647 0.65882355 0.6745098 0.6627451 0.6745098 0.6901961 0.6784314
0.75686276 0.7647059 0.76862746 0.7764706 0.77254903 0.73333335 0.7411765 0.58431375 0.43529412 0.49803922 0.5803922 0.63529414 0.69411767 0.6431373 0.6156863 0.61960787 0.38431373 0.36078432 0.38431373 0.3882353 0.53333336 0.49019608 0.5137255 0.5568628 0.5882353 0.63529414 0.6627451 0.64705884 0.64705884 0.6862745 0.67058825 0.6392157
0.7529412 0.77254903 0.79607844 0.78039217 0.7647059 0.7294118 0.76862746 0.64705884 0.45490196 0.44705883 0.45490196 0.5254902 0.6 0.64705884 0.6156863 0.6156863 0.41960785 0.39607844 0.43529412 0.3882353 0.5058824 0.45882353 0.5019608 0.56078434 0.58431375 0.62352943 0.63529414 0.6313726 0.6313726 0.67058825 0.6392157 0.627451
0.75686276 0.78431374 0.8352941 0.827451 0.78039217 0.7372549 0.78431374 0.7254902 0.49019608 0.44313726 0.41960785 0.43137255 0.49411765 0.5647059 0.52156866 0.5411765 0.43137255 0.42745098 0.45882353 0.38431373 0.40392157 0.4392157 0.4745098 0.57254905 0.58431375 0.627451 0.61960787 0.63529414 0.63529414 0.6509804 0.6392157 0.6313726
0.78039217 0.77254903 0.77254903 0.8039216 0.7529412 0.72156864 0.75686276 0.7882353 0.6431373 0.48235294 0.42745098 0.45882353 0.40784314 0.4117647 0.41960785 0.46666667 0.45490196 0.45882353 0.4509804 0.39215687 0.3529412 0.3764706 0.40392157 0.5294118 0.58431375 0.61960787 0.6117647 0.62352943 0.64705884 0.6431373 0.654902 0.6509804
0.77254903 0.76862746 0.7019608 0.74509805 0.7372549 0.7019608 0.7294118 0.7921569 0.7882353 0.64705884 0.45882353 0.5411765 0.49019608 0.4 0.41960785 0.48235294 0.54509807 0.52156866 0.4862745 0.40392157 0.35686275 0.3254902 0.34509805 0.4509804 0.5529412 0.60784316 0.62352943 0.6156863 0.62352943 0.63529414 0.654902 0.6509804
0.7490196 0.8 0.7607843 0.7411765 0.7372549 0.6745098 0.7254902 0.7882353 0.8 0.7607843 0.5568628 0.5254902 0.61960787 0.5647059 0.53333336 0.5294118 0.6509804 0.57254905 0.57254905 0.49019608 0.4 0.3254902 0.34117648 0.4509804 0.5058824 0.5294118 0.6156863 0.6313726 0.60784316 0.6313726 0.6431373 0.62352943
0.73333335 0.8156863 0.8039216 0.7411765 0.7137255 0.69411767 0.69803923 0.7647059 0.76862746 0.7647059 0.6666667 0.5372549 0.58431375 0.62352943 0.6862745 0.6392157 0.6431373 0.6156863 0.654902 0.5921569 0.49411765 0.4392157 0.40784314 0.4627451 0.5137255 0.52156866 0.63529414 0.65882355 0.60784316 0.6156863 0.63529414 0.5921569
0.7294118 0.79607844 0.8235294 0.7764706 0.7058824 0.72156864 0.67058825 0.7372549 0.7764706 0.7607843 0.74509805 0.6117647 0.5568628 0.57254905 0.7294118 0.7137255 0.60784316 0.6666667 0.7019608 0.65882355 0.5803922 0.54901963 0.5372549 0.5019608 0.50980395 0.5921569 0.68235296 0.6509804 0.5803922 0.59607846 0.62352943 0.58431375
0.74509805 0.8156863 0.83137256 0.8117647 0.7372549 0.7254902 0.6627451 0.7294118 0.7921569 0.7529412 0.75686276 0.65882355 0.56078434 0.57254905 0.6666667 0.56078434 0.5137255 0.6156863 0.69803923 0.6784314 0.59607846 0.5882353 0.57254905 0.5686275 0.5647059 0.6039216 0.63529414 0.654902 0.6117647 0.5764706 0.6 0.59607846
0.75686276 0.827451 0.827451 0.8235294 0.7490196 0.69411767 0.6784314 0.7176471 0.77254903 0.74509805 0.7176471 0.6627451 0.5647059 0.5372549 0.6745098 0.6745098 0.6156863 0.60784316 0.5686275 0.654902 0.5411765 0.4745098 0.5254902 0.53333336 0.5019608 0.5686275 0.50980395 0.54509807 0.5568628 0.49803922 0.5411765 0.5411765
0.7529412 0.80784315 0.8117647 0.79607844 0.7411765 0.7372549 0.7176471 0.7294118 0.7490196 0.7411765 0.69803923 0.67058825 0.63529414 0.64705884 0.7372549 0.80784315 0.7411765 0.6509804 0.56078434 0.6745098 0.5411765 0.3529412 0.41568628 0.45882353 0.3764706 0.47058824 0.53333336 0.47843137 0.44705883 0.4117647 0.3882353 0.37254903
0.69411767 0.78039217 0.8509804 0.827451 0.8352941 0.8627451 0.8352941 0.80784315 0.81960785 0.8 0.8352941 0.8509804 0.8745098 0.8666667 0.87058824 0.8745098 0.88235295 0.84705883 0.8156863 0.8392157 0.8862745 0.9019608 0.89411765 0.9019608 0.9098039 0.8862745 0.8862745 0.92156863 0.9137255 0.90588236 0.8980392 0.8980392
0.7137255 0.7921569 0.8509804 0.8117647 0.80784315 0.827451 0.83137256 0.8352941 0.83137256 0.80784315 0.8392157 0.85490197 0.87058824 0.88235295 0.8745098 0.85490197 0.85490197 0.8392157 0.8039216 0.8117647 0.84705883 0.8901961 0.87058824 0.8784314 0.8901961 0.8509804 0.8745098 0.89411765 0.90588236 0.9019608 0.9019608 0.8862745
0.7411765 0.7647059 0.7882353 0.7921569 0.79607844 0.80784315 0.8235294 0.8352941 0.8 0.7921569 0.8117647 0.83137256 0.8392157 0.85882354 0.8862745 0.8392157 0.8039216 0.8235294 0.8117647 0.8117647 0.8117647 0.8235294 0.8039216 0.8156863 0.8392157 0.8235294 0.85490197 0.8666667 0.8745098 0.8784314 0.89411765 0.8627451
0.7411765 0.7529412 0.79607844 0.8039216 0.8039216 0.8117647 0.8352941 0.827451 0.78039217 0.79607844 0.8352941 0.8392157 0.81960785 0.8509804 0.8980392 0.8666667 0.8156863 0.81960785 0.8235294 0.8509804 0.8352941 0.7176471 0.654902 0.70980394 0.81960785 0.8156863 0.84313726 0.87058824 0.8509804 0.8117647 0.8509804 0.8627451
0.7372549 0.73333335 0.7764706 0.7921569 0.7764706 0.77254903 0.8156863 0.8 0.79607844 0.80784315 0.84705883 0.8392157 0.8039216 0.84313726 0.8901961 0.8666667 0.81960785 0.8039216 0.8 0.8 0.7490196 0.5647059 0.6039216 0.627451 0.68235296 0.77254903 0.8509804 0.87058824 0.8392157 0.7764706 0.79607844 0.84313726
0.73333335 0.7019608 0.7254902 0.7529412 0.7529412 0.77254903 0.8 0.78431374 0.79607844 0.8039216 0.827451 0.78039217 0.7176471 0.7647059 0.83137256 0.8235294 0.8 0.8 0.7764706 0.70980394 0.627451 0.5137255 0.6039216 0.5686275 0.48235294 0.63529414 0.827451 0.84313726 0.81960785 0.7921569 0.77254903 0.8039216
0.7294118 0.69803923 0.7254902 0.78431374 0.78039217 0.79607844 0.79607844 0.7764706 0.7607843 0.7921569 0.7921569 0.6509804 0.5764706 0.60784316 0.6313726 0.6509804 0.7176471 0.7294118 0.6666667 0.64705884 0.6117647 0.5647059 0.58431375 0.5294118 0.5137255 0.5411765 0.7647059 0.8117647 0.79607844 0.79607844 0.7764706 0.75686276
0.7176471 0.7019608 0.72156864 0.7921569 0.8156863 0.80784315 0.81960785 0.7921569 0.75686276 0.7764706 0.69411767 0.58431375 0.57254905 0.54901963 0.5137255 0.49019608 0.60784316 0.62352943 0.5411765 0.57254905 0.5137255 0.54509807 0.5529412 0.49019608 0.5019608 0.47843137 0.73333335 0.78039217 0.7764706 0.77254903 0.78431374 0.7490196
0.72156864 0.72156864 0.7294118 0.7764706 0.8156863 0.79607844 0.8117647 0.81960785 0.7764706 0.7294118 0.654902 0.64705884 0.58431375 0.58431375 0.5529412 0.49803922 0.5764706 0.57254905 0.5019608 0.5019608 0.42745098 0.45490196 0.4627451 0.4627451 0.4509804 0.5176471 0.7529412 0.7647059 0.77254903 0.74509805 0.7647059 0.74509805
0.7294118 0.7137255 0.7294118 0.78431374 0.83137256 0.8117647 0.7764706 0.81960785 0.74509805 0.68235296 0.6666667 0.5372549 0.49019608 0.56078434 0.54901963 0.5411765 0.6 0.5176471 0.44313726 0.43529412 0.42745098 0.2784314 0.29803923 0.41568628 0.4745098 0.6745098 0.78431374 0.7490196 0.7764706 0.7529412 0.7372549 0.72156864
0.7137255 0.68235296 0.73333335 0.7647059 0.81960785 0.83137256 0.77254903 0.72156864 0.6666667 0.6156863 0.45490196 0.30980393 0.44705883 0.53333336 0.53333336 0.5568628 0.56078434 0.5568628 0.4862745 0.3764706 0.4117647 0.25490198 0.28235295 0.34509805 0.5686275 0.7607843 0.7921569 0.7607843 0.78039217 0.78039217 0.74509805 0.69803923
0.6784314 0.6901961 0.7529412 0.7607843 0.78431374 0.80784315 0.7607843 0.62352943 0.54901963 0.34901962 0.14901961 0.24313726 0.5019608 0.5372549 0.49411765 0.47843137 0.41568628 0.5058824 0.52156866 0.29411766 0.26666668 0.31764707 0.32941177 0.34509805 0.5529412 0.6666667 0.7647059 0.75686276 0.7529412 0.7882353 0.7490196 0.7019608
0.654902 0.70980394 0.7647059 0.7647059 0.7921569 0.78431374 0.7137255 0.49019608 0.2901961 0.08627451 0.08235294 0.36078432 0.5058824 0.4862745 0.3882353 0.28627452 0.23137255 0.23529412 0.3137255 0.20784314 0.19607843 0.3137255 0.35686275 0.37254903 0.41960785 0.52156866 0.7058824 0.7254902 0.7058824 0.7137255 0.7058824 0.69411767
0.6392157 0.70980394 0.7490196 0.74509805 0.8039216 0.8 0.70980394 0.44705883 0.13725491 0.08235294 0.25882354 0.41960785 0.41960785 0.42352942 0.34117648 0.23529412 0.15294118 0.13333334 0.1882353 0.17254902 0.17254902 0.40392157 0.3372549 0.30588236 0.4745098 0.49411765 0.5921569 0.6509804 0.6862745 0.6627451 0.6862745 0.6901961
0.6392157 0.7137255 0.7372549 0.7137255 0.7764706 0.83137256 0.78039217 0.6117647 0.41960785 0.34509805 0.35686275 0.34117648 0.29411766 0.39215687 0.3882353 0.21176471 0.14901961 0.101960786 0.11764706 0.1882353 0.3137255 0.44705883 0.3254902 0.23529412 0.4745098 0.5372549 0.54901963 0.63529414 0.6784314 0.65882355 0.6745098 0.67058825
0.61960787 0.7019608 0.7137255 0.6784314 0.7294118 0.827451 0.8235294 0.67058825 0.6431373 0.5921569 0.3137255 0.30588236 0.25490198 0.19215687 0.19607843 0.14117648 0.12156863 0.07058824 0.101960786 0.3019608 0.3764706 0.39607844 0.42745098 0.44313726 0.49803922 0.54901963 0.62352943 0.69803923 0.6627451 0.6627451 0.6745098 0.6509804
0.627451 0.6901961 0.7137255 0.68235296 0.7176471 0.7921569 0.80784315 0.654902 0.5137255 0.5058824 0.34901962 0.35686275 0.39607844 0.26666668 0.14901961 0.1764706 0.15686275 0.19607843 0.3764706 0.45490196 0.36862746 0.38039216 0.47843137 0.5411765 0.5882353 0.5921569 0.6313726 0.67058825 0.6392157 0.6666667 0.6784314 0.65882355
0.6313726 0.6862745 0.7176471 0.68235296 0.72156864 0.8117647 0.8117647 0.7254902 0.5411765 0.4117647 0.41568628 0.42352942 0.49411765 0.5019608 0.3137255 0.21176471 0.31764707 0.47058824 0.5176471 0.47058824 0.39215687 0.41960785 0.4862745 0.54509807 0.6039216 0.60784316 0.6117647 0.6392157 0.64705884 0.6392157 0.654902 0.654902
0.6431373 0.6627451 0.69411767 0.6862745 0.70980394 0.77254903 0.8156863 0.7411765 0.5568628 0.48235294 0.4627451 0.4392157 0.4509804 0.5411765 0.45490196 0.25490198 0.25882354 0.3019608 0.30980393 0.42745098 0.42745098 0.42352942 0.47843137 0.5137255 0.57254905 0.60784316 0.6156863 0.6313726 0.6431373 0.6392157 0.654902 0.6627451
0.6627451 0.6509804 0.69803923 0.7176471 0.7019608 0.7372549 0.7647059 0.6627451 0.45490196 0.5137255 0.5372549 0.47843137 0.4392157 0.47843137 0.5176471 0.3137255 0.09803922 0.13725491 0.21960784 0.40392157 0.42745098 0.42745098 0.46666667 0.4862745 0.5411765 0.5647059 0.58431375 0.60784316 0.61960787 0.62352943 0.63529414 0.654902
0.7058824 0.68235296 0.7058824 0.7294118 0.69411767 0.70980394 0.7176471 0.54509807 0.3764706 0.47058824 0.5764706 0.5921569 0.5882353 0.5058824 0.5137255 0.41960785 0.12941177 0.105882354 0.17254902 0.31764707 0.4117647 0.40784314 0.4392157 0.4745098 0.49803922 0.5411765 0.58431375 0.6 0.59607846 0.627451 0.64705884 0.6392157
0.7137255 0.72156864 0.7254902 0.7294118 0.70980394 0.6784314 0.69411767 0.50980395 0.3372549 0.4117647 0.50980395 0.5764706 0.65882355 0.61960787 0.56078434 0.5058824 0.20392157 0.14901961 0.1764706 0.24705882 0.39607844 0.36078432 0.42745098 0.5019608 0.5137255 0.5568628 0.58431375 0.5764706 0.5882353 0.6392157 0.627451 0.6
0.7058824 0.7294118 0.7490196 0.7294118 0.7019608 0.6627451 0.7019608 0.56078434 0.35686275 0.34901962 0.36862746 0.45490196 0.54509807 0.60784316 0.5686275 0.5254902 0.27058825 0.21568628 0.2509804 0.21176471 0.32941177 0.30588236 0.41568628 0.5176471 0.5294118 0.5568628 0.5686275 0.5686275 0.5764706 0.627451 0.6039216 0.59607846
0.7137255 0.7372549 0.7882353 0.7764706 0.7176471 0.67058825 0.7137255 0.6431373 0.39215687 0.31764707 0.28627452 0.3019608 0.3647059 0.44313726 0.43137255 0.42745098 0.28627452 0.2784314 0.3137255 0.20784314 0.20784314 0.2627451 0.3529412 0.49803922 0.5294118 0.5647059 0.56078434 0.5803922 0.5882353 0.6117647 0.60784316 0.6039216
0.7372549 0.7254902 0.7254902 0.75686276 0.69411767 0.6627451 0.69411767 0.70980394 0.54901963 0.34509805 0.26666668 0.28627452 0.21568628 0.21960784 0.26666668 0.31764707 0.3019608 0.34117648 0.3529412 0.23137255 0.15686275 0.1764706 0.23137255 0.40392157 0.50980395 0.5568628 0.5529412 0.57254905 0.6039216 0.6039216 0.62352943 0.61960787
0.7294118 0.7254902 0.654902 0.69803923 0.68235296 0.64705884 0.67058825 0.72156864 0.7058824 0.54901963 0.34117648 0.39607844 0.3137255 0.20784314 0.23921569 0.30588236 0.39607844 0.42745098 0.42352942 0.26666668 0.1764706 0.12156863 0.14901961 0.29411766 0.46666667 0.5411765 0.5647059 0.5686275 0.5882353 0.59607846 0.62352943 0.62352943
0.7058824 0.75686276 0.7176471 0.6901961 0.6901961 0.62352943 0.67058825 0.72156864 0.7294118 0.72156864 0.5058824 0.44313726 0.5019608 0.42745098 0.36862746 0.3647059 0.5137255 0.49019608 0.52156866 0.38431373 0.24705882 0.14901961 0.16862746 0.30980393 0.4117647 0.45490196 0.5529412 0.5921569 0.5803922 0.59607846 0.6117647 0.6
0.6901961 0.77254903 0.75686276 0.69411767 0.67058825 0.654902 0.6509804 0.7058824 0.7058824 0.7490196 0.6509804 0.49803922 0.5176471 0.5372549 0.57254905 0.5137255 0.5254902 0.53333336 0.6 0.5176471 0.3882353 0.31764707 0.29411766 0.36078432 0.41568628 0.4392157 0.5764706 0.62352943 0.58431375 0.5803922 0.6039216 0.5686275
0.6862745 0.7529412 0.7764706 0.7294118 0.6666667 0.6862745 0.62352943 0.6784314 0.7176471 0.7294118 0.7176471 0.5686275 0.49803922 0.5058824 0.6627451 0.627451 0.5058824 0.5764706 0.63529414 0.6039216 0.5137255 0.4745098 0.48235294 0.4509804 0.41960785 0.5058824 0.61960787 0.62352943 0.56078434 0.56078434 0.5921569 0.56078434
0.7137255 0.78431374 0.79607844 0.77254903 0.69803923 0.6862745 0.62352943 0.68235296 0.7411765 0.7058824 0.72156864 0.62352943 0.5137255 0.50980395 0.6039216 0.48235294 0.42745098 0.5294118 0.62352943 0.64705884 0.5686275 0.54901963 0.5372549 0.5294118 0.5019608 0.54509807 0.5882353 0.61960787 0.58431375 0.54509807 0.5686275 0.56078434
0.7294118 0.8039216 0.8 0.7921569 0.70980394 0.654902 0.6392157 0.6784314 0.7294118 0.69411767 0.6784314 0.6392157 0.5294118 0.47843137 0.6 0.5882353 0.5372549 0.5294118 0.49803922 0.63529414 0.5294118 0.4509804 0.49019608 0.49411765 0.4627451 0.5294118 0.47058824 0.5058824 0.52156866 0.46666667 0.50980395 0.49803922
0.7254902 0.78431374 0.78431374 0.7647059 0.7058824 0.69803923 0.6784314 0.6901961 0.7058824 0.6901961 0.6627451 0.64705884 0.6039216 0.5882353 0.6627451 0.7254902 0.6666667 0.5803922 0.49019608 0.65882355 0.5294118 0.33333334 0.38039216 0.41960785 0.34117648 0.43529412 0.49803922 0.43529412 0.40784314 0.38039216 0.3529412 0.32941177
0.5764706 0.64705884 0.75686276 0.7882353 0.7764706 0.7647059 0.7254902 0.72156864 0.7607843 0.70980394 0.69803923 0.69803923 0.7647059 0.8117647 0.7882353 0.7764706 0.78431374 0.74509805 0.7176471 0.74509805 0.7647059 0.75686276 0.78039217 0.81960785 0.8235294 0.8 0.79607844 0.81960785 0.8156863 0.81960785 0.8039216 0.8039216
0.6039216 0.65882355 0.7529412 0.7647059 0.7490196 0.7294118 0.7176471 0.7372549 0.7607843 0.7176471 0.69803923 0.68235296 0.7176471 0.76862746 0.7607843 0.73333335 0.73333335 0.7137255 0.6745098 0.69411767 0.7294118 0.78431374 0.80784315 0.8392157 0.8156863 0.7607843 0.7764706 0.78039217 0.7921569 0.8117647 0.8156863 0.8039216
0.6392157 0.63529414 0.68235296 0.73333335 0.7372549 0.7137255 0.7058824 0.72156864 0.70980394 0.69803923 0.67058825 0.64705884 0.6509804 0.69411767 0.7490196 0.7058824 0.6666667 0.68235296 0.6627451 0.6431373 0.65882355 0.7176471 0.7490196 0.78431374 0.77254903 0.7372549 0.7490196 0.7372549 0.7490196 0.78039217 0.8156863 0.7921569
0.64705884 0.627451 0.68235296 0.7372549 0.74509805 0.7176471 0.70980394 0.7019608 0.67058825 0.69411767 0.69411767 0.654902 0.61960787 0.6627451 0.7411765 0.7176471 0.65882355 0.6627451 0.6509804 0.6431373 0.654902 0.6039216 0.5882353 0.65882355 0.75686276 0.7294118 0.7294118 0.7294118 0.7058824 0.7019608 0.7764706 0.80784315
0.6509804 0.6039216 0.654902 0.7137255 0.7176471 0.6784314 0.68235296 0.65882355 0.67058825 0.6901961 0.70980394 0.67058825 0.6156863 0.6627451 0.73333335 0.7137255 0.65882355 0.6431373 0.627451 0.6156863 0.6117647 0.49411765 0.5647059 0.5882353 0.62352943 0.6901961 0.73333335 0.7176471 0.6784314 0.654902 0.73333335 0.8039216
0.65882355 0.5764706 0.6 0.6666667 0.69411767 0.68235296 0.6627451 0.63529414 0.654902 0.67058825 0.6901961 0.63529414 0.56078434 0.60784316 0.68235296 0.6745098 0.64705884 0.6392157 0.62352943 0.60784316 0.5882353 0.5294118 0.63529414 0.57254905 0.43529412 0.5529412 0.7019608 0.6784314 0.64705884 0.6627451 0.70980394 0.77254903
0.6666667 0.58431375 0.60784316 0.6862745 0.69411767 0.69411767 0.6666667 0.6313726 0.6117647 0.654902 0.67058825 0.5411765 0.4509804 0.4745098 0.5176471 0.5294118 0.58431375 0.6039216 0.57254905 0.61960787 0.6392157 0.61960787 0.6313726 0.54901963 0.4862745 0.47058824 0.6392157 0.64705884 0.6156863 0.64705884 0.6901961 0.7058824
0.67058825 0.6117647 0.6117647 0.6784314 0.6901961 0.69411767 0.7176471 0.67058825 0.6117647 0.6392157 0.5882353 0.5058824 0.48235294 0.4509804 0.4627451 0.41568628 0.5058824 0.5568628 0.52156866 0.5803922 0.53333336 0.56078434 0.54509807 0.46666667 0.4862745 0.4117647 0.6039216 0.61960787 0.59607846 0.58431375 0.64705884 0.6666667
0.6666667 0.62352943 0.60784316 0.64705884 0.68235296 0.6862745 0.7294118 0.7254902 0.65882355 0.60784316 0.54901963 0.56078434 0.52156866 0.54509807 0.54901963 0.4627451 0.50980395 0.5372549 0.50980395 0.5019608 0.41568628 0.43529412 0.41568628 0.4 0.4 0.41960785 0.6 0.6 0.59607846 0.54901963 0.6156863 0.64705884
0.654902 0.5921569 0.5882353 0.6431373 0.7019608 0.7137255 0.70980394 0.7529412 0.6666667 0.6 0.5647059 0.43529412 0.44313726 0.5764706 0.5764706 0.53333336 0.5686275 0.5058824 0.45490196 0.41568628 0.3882353 0.22352941 0.21960784 0.32156864 0.3647059 0.5254902 0.60784316 0.58431375 0.6039216 0.56078434 0.5921569 0.6156863
0.627451 0.5529412 0.5803922 0.6156863 0.69803923 0.74509805 0.7176471 0.6745098 0.61960787 0.5882353 0.38431373 0.21176471 0.40784314 0.5686275 0.57254905 0.57254905 0.5568628 0.5568628 0.49019608 0.33333334 0.34509805 0.16862746 0.18039216 0.22745098 0.42352942 0.58431375 0.6 0.5921569 0.6156863 0.5921569 0.5921569 0.58431375
0.6039216 0.5686275 0.60784316 0.62352943 0.68235296 0.73333335 0.7058824 0.57254905 0.5019608 0.34901962 0.12156863 0.1764706 0.46666667 0.56078434 0.52156866 0.49019608 0.41568628 0.49411765 0.49803922 0.23921569 0.1882353 0.21568628 0.21176471 0.21960784 0.4117647 0.49411765 0.5764706 0.5882353 0.5921569 0.6039216 0.59607846 0.5764706
0.59607846 0.60784316 0.6392157 0.6431373 0.70980394 0.7176471 0.6509804 0.41960785 0.22352941 0.078431375 0.07450981 0.33333334 0.49803922 0.5058824 0.3882353 0.28627452 0.21960784 0.2 0.25490198 0.14509805 0.10980392 0.20392157 0.23137255 0.25490198 0.3137255 0.38039216 0.5372549 0.5647059 0.54509807 0.53333336 0.5529412 0.56078434
0.6 0.627451 0.64705884 0.6431373 0.7372549 0.74509805 0.6431373 0.36078432 0.05882353 0.03529412 0.23529412 0.41960785 0.44313726 0.44313726 0.3254902 0.21568628 0.1254902 0.07450981 0.10980392 0.11372549 0.09411765 0.28235295 0.21568628 0.21568628 0.40392157 0.38431373 0.43529412 0.49411765 0.5294118 0.48235294 0.53333336 0.54901963
0.60784316 0.6666667 0.68235296 0.6509804 0.7019608 0.76862746 0.7254902 0.50980395 0.27058825 0.21176471 0.27058825 0.3137255 0.29411766 0.39215687 0.3882353 0.2 0.11764706 0.05490196 0.078431375 0.16470589 0.21568628 0.27450982 0.16862746 0.14117648 0.40392157 0.41568628 0.38431373 0.47843137 0.53333336 0.49411765 0.5137255 0.50980395
0.5882353 0.6666667 0.6784314 0.63529414 0.64705884 0.7607843 0.77254903 0.5647059 0.4627451 0.41960785 0.2 0.2509804 0.23137255 0.17254902 0.16862746 0.08235294 0.039215688 0.003921569 0.07058824 0.2901961 0.27058825 0.20392157 0.2509804 0.3254902 0.40392157 0.40392157 0.44313726 0.53333336 0.52156866 0.5058824 0.50980395 0.4745098
0.5921569 0.6509804 0.6784314 0.63529414 0.627451 0.72156864 0.74509805 0.54901963 0.3529412 0.3529412 0.24705882 0.30980393 0.37254903 0.23137255 0.047058824 0.03529412 0.019607844 0.0627451 0.2627451 0.43137255 0.2784314 0.20392157 0.31764707 0.42352942 0.46666667 0.43137255 0.44313726 0.49411765 0.4745098 0.49411765 0.5058824 0.48235294
0.58431375 0.6392157 0.6745098 0.627451 0.6313726 0.7294118 0.7411765 0.62352943 0.40392157 0.2784314 0.33333334 0.3882353 0.47843137 0.45490196 0.17254902 0.039215688 0.14117648 0.29411766 0.3882353 0.4392157 0.30588236 0.27058825 0.34509805 0.42745098 0.4627451 0.43529412 0.41960785 0.44313726 0.45490196 0.45490196 0.47058824 0.4745098
0.5882353 0.60784316 0.6392157 0.62352943 0.61960787 0.6784314 0.7254902 0.6392157 0.44313726 0.3764706 0.4 0.41568628 0.43137255 0.49803922 0.35686275 0.12941177 0.12156863 0.16862746 0.20784314 0.3764706 0.3372549 0.28627452 0.34509805 0.3882353 0.40784314 0.42745098 0.41960785 0.4117647 0.41568628 0.43529412 0.45882353 0.47843137
0.6 0.5882353 0.63529414 0.6509804 0.60784316 0.627451 0.65882355 0.5647059 0.36078432 0.43529412 0.49411765 0.4627451 0.41568628 0.4392157 0.47843137 0.25882354 0.019607844 0.043137256 0.13333334 0.32941177 0.3254902 0.29411766 0.3372549 0.34901962 0.36862746 0.38431373 0.39215687 0.37254903 0.3647059 0.4 0.42745098 0.46666667
0.63529414 0.6156863 0.6392157 0.65882355 0.6 0.59607846 0.6 0.44313726 0.29803923 0.41568628 0.54509807 0.58431375 0.5647059 0.47058824 0.5019608 0.38431373 0.050980393 0.007843138 0.07058824 0.21568628 0.29411766 0.27058825 0.29803923 0.3254902 0.3254902 0.37254903 0.39607844 0.34901962 0.3137255 0.3882353 0.43137255 0.4509804
0.6392157 0.6509804 0.65882355 0.6627451 0.6156863 0.56078434 0.56078434 0.39607844 0.2509804 0.3372549 0.45882353 0.5529412 0.6313726 0.5882353 0.5529412 0.4627451 0.105882354 0.019607844 0.043137256 0.13333334 0.28627452 0.23921569 0.28627452 0.34117648 0.3529412 0.4 0.40784314 0.33333334 0.30980393 0.40392157 0.41960785 0.42352942
0.627451 0.65882355 0.6901961 0.6745098 0.6156863 0.5411765 0.5529412 0.42352942 0.24313726 0.23137255 0.26666668 0.3882353 0.50980395 0.5882353 0.5568628 0.4745098 0.15294118 0.0627451 0.09803922 0.101960786 0.25490198 0.23137255 0.28627452 0.3529412 0.38039216 0.42352942 0.41568628 0.36078432 0.3372549 0.4117647 0.41568628 0.44313726
0.6313726 0.67058825 0.73333335 0.7254902 0.63529414 0.54901963 0.5647059 0.49803922 0.27058825 0.2 0.18039216 0.22745098 0.32156864 0.41568628 0.38039216 0.33333334 0.14117648 0.10980392 0.14901961 0.09803922 0.13725491 0.19607843 0.24705882 0.34901962 0.39215687 0.44313726 0.42352942 0.39607844 0.36862746 0.40392157 0.42745098 0.45490196
0.654902 0.65882355 0.67058825 0.7058824 0.6156863 0.5411765 0.54901963 0.57254905 0.43529412 0.24705882 0.1764706 0.20784314 0.15294118 0.16078432 0.15686275 0.16470589 0.1254902 0.16078432 0.18431373 0.10980392 0.07058824 0.105882354 0.14117648 0.28235295 0.3764706 0.43529412 0.41960785 0.39607844 0.39215687 0.4 0.4392157 0.47058824
0.64705884 0.65882355 0.6 0.64705884 0.60784316 0.53333336 0.5294118 0.58431375 0.59607846 0.4509804 0.23921569 0.29803923 0.22352941 0.11372549 0.09411765 0.1254902 0.2 0.23529412 0.2509804 0.13333334 0.06666667 0.03137255 0.06666667 0.19607843 0.3372549 0.41960785 0.4392157 0.40784314 0.3882353 0.39607844 0.43529412 0.4627451
0.62352943 0.6901961 0.65882355 0.6431373 0.61960787 0.5137255 0.53333336 0.5921569 0.62352943 0.6117647 0.39215687 0.33333334 0.39215687 0.3137255 0.23921569 0.2 0.32156864 0.29803923 0.3372549 0.23137255 0.10980392 0.03137255 0.07450981 0.21568628 0.28235295 0.3372549 0.4392157 0.44313726 0.4 0.39607844 0.42352942 0.42745098
0.60784316 0.7019608 0.7019608 0.64705884 0.6 0.5529412 0.52156866 0.5803922 0.6039216 0.63529414 0.53333336 0.3882353 0.4117647 0.4392157 0.49411765 0.4 0.36078432 0.34117648 0.40784314 0.34509805 0.21960784 0.16078432 0.18039216 0.2627451 0.28627452 0.3254902 0.47058824 0.49019608 0.4117647 0.38431373 0.4117647 0.38431373
0.6039216 0.68235296 0.72156864 0.68235296 0.6 0.5882353 0.49803922 0.56078434 0.6156863 0.61960787 0.6117647 0.47843137 0.41568628 0.4392157 0.6313726 0.56078434 0.36862746 0.39215687 0.44313726 0.42352942 0.32156864 0.2901961 0.34901962 0.34117648 0.2901961 0.39215687 0.5176471 0.49803922 0.4 0.37254903 0.40392157 0.3764706
0.6313726 0.69803923 0.72156864 0.7137255 0.62352943 0.5882353 0.5137255 0.57254905 0.6431373 0.6 0.62352943 0.5411765 0.43137255 0.42352942 0.5294118 0.4117647 0.29803923 0.36078432 0.47843137 0.5058824 0.40784314 0.38431373 0.40784314 0.42352942 0.3764706 0.42745098 0.48235294 0.50980395 0.45490196 0.38431373 0.40392157 0.39215687
0.6509804 0.7058824 0.7137255 0.7254902 0.62352943 0.5529412 0.5411765 0.5803922 0.627451 0.5882353 0.5882353 0.56078434 0.44313726 0.3647059 0.47058824 0.49803922 0.40784314 0.37254903 0.39215687 0.5372549 0.4 0.30980393 0.3647059 0.3882353 0.3372549 0.40784314 0.3647059 0.40784314 0.4117647 0.32941177 0.35686275 0.34509805
0.6509804 0.6901961 0.7058824 0.7019608 0.61960787 0.59607846 0.5803922 0.5921569 0.60784316 0.58431375 0.57254905 0.5686275 0.5137255 0.47058824 0.5294118 0.6313726 0.5372549 0.41960785 0.39215687 0.57254905 0.4117647 0.19215687 0.25490198 0.30588236 0.21176471 0.3137255 0.3882353 0.34117648 0.30588236 0.24313726 0.20392157 0.1764706
2 29 0
11 10 2
5 26 1
5 26 0
18 15 2
12 10 2
12 10 1
18 16 2
3 30 0
25 8 0
29 2 1
15 13 2
17 16 2
29 3 1
15 17 1
9 21 2
17 17 0
2 29 1
5 25 0
17 15 2
2 9 0
28 10 2
27 9 0
28 2 2
6 29 0
2 28 0
5 26 2
17 14 2
26 9 1
11 23 2
3 29 0
14 15 2
24 7 0
9 7 2
6 10 1
14 18 2
12 10 0
16 14 0
16 2 2
9 22 2
30 3 0
4 25 1
26 7 0
29 8 2
25 14 1
21 17 1
22 2 2
12 20 2
6 10 0
27 2 1
