32, 32, 3, 50
0.972549 0.99607843 0.99607843 0.99215686 0.99215686 0.99215686 0.99215686 0.99215686 0.99215686 0.99607843 0.99607843 0.99215686 0.99215686 0.99607843 0.99607843 0.99607843 0.9843137 0.98039216 0.90588236 0.53333336 0.42352942 0.627451 0.8784314 0.9764706 0.9843137 0.9882353 0.99215686 0.99215686 0.9882353 0.9843137 0.9843137 0.9843137
0.9607843 0.98039216 0.98039216 0.98039216 0.98039216 0.98039216 0.98039216 0.98039216 0.98039216 0.95686275 0.93333334 0.9843137 0.99215686 0.9843137 0.9843137 0.9843137 0.972549 0.96862745 0.8862745 0.49019608 0.3137255 0.4509804 0.78039217 0.9529412 0.96862745 0.972549 0.972549 0.972549 0.972549 0.972549 0.972549 0.972549
0.9607843 0.9843137 0.9843137 0.9843137 0.9843137 0.9843137 0.9843137 0.98039216 0.98039216 0.85490197 0.64705884 0.7019608 0.8666667 0.94509804 0.94509804 0.9137255 0.8627451 0.8117647 0.8784314 0.7176471 0.4117647 0.3882353 0.6784314 0.9137255 0.972549 0.972549 0.972549 0.972549 0.972549 0.972549 0.972549 0.972549
0.9607843 0.9843137 0.9843137 0.9843137 0.9843137 0.9843137 0.9843137 0.98039216 0.98039216 0.91764706 0.67058825 0.4 0.5647059 0.8156863 0.8156863 0.8 0.79607844 0.7921569 0.77254903 0.7529412 0.5058824 0.42352942 0.5529412 0.8156863 0.9647059 0.96862745 0.96862745 0.96862745 0.96862745 0.96862745 0.96862745 0.96862745
0.9647059 0.9843137 0.9843137 0.9843137 0.9843137 0.9843137 0.9843137 0.98039216 0.9764706 0.98039216 0.93333334 0.80784315 0.7294118 0.6431373 0.6039216 0.7764706 0.7764706 0.7372549 0.7254902 0.6862745 0.5803922 0.47843137 0.5568628 0.8117647 0.9607843 0.9647059 0.9647059 0.9647059 0.9647059 0.9647059 0.9647059 0.9647059
0.95686275 0.9882353 0.9882353 0.9843137 0.9843137 0.98039216 0.98039216 0.9843137 0.9647059 0.8980392 0.7882353 0.6745098 0.4862745 0.33333334 0.46666667 0.61960787 0.6313726 0.6117647 0.59607846 0.64705884 0.65882355 0.59607846 0.62352943 0.8039216 0.9372549 0.95686275 0.95686275 0.95686275 0.95686275 0.95686275 0.95686275 0.95686275
0.9137255 0.9411765 0.95686275 0.9647059 0.972549 0.9764706 0.9764706 0.92941177 0.8235294 0.6862745 0.5882353 0.5921569 0.59607846 0.654902 0.70980394 0.64705884 0.5411765 0.5058824 0.49803922 0.52156866 0.61960787 0.6745098 0.654902 0.6509804 0.7882353 0.93333334 0.9607843 0.95686275 0.9529412 0.9529412 0.9529412 0.9529412
0.8666667 0.9019608 0.90588236 0.92156863 0.93333334 0.94509804 0.8862745 0.7411765 0.6156863 0.6039216 0.68235296 0.7490196 0.7137255 0.6039216 0.43529412 0.2901961 0.30980393 0.3764706 0.43529412 0.40392157 0.4627451 0.5921569 0.6392157 0.5529412 0.60784316 0.827451 0.9529412 0.95686275 0.95686275 0.9529412 0.9529412 0.9529412
0.8392157 0.85490197 0.84705883 0.85490197 0.8784314 0.9019608 0.85490197 0.68235296 0.6313726 0.74509805 0.7607843 0.6666667 0.5647059 0.47843137 0.31764707 0.24313726 0.23921569 0.30588236 0.3882353 0.43137255 0.43137255 0.54509807 0.6313726 0.6 0.5882353 0.7411765 0.91764706 0.9529412 0.95686275 0.95686275 0.95686275 0.95686275
0.85490197 0.8784314 0.8745098 0.85882354 0.85490197 0.85490197 0.8509804 0.8235294 0.79607844 0.7529412 0.6431373 0.5764706 0.6 0.6 0.53333336 0.49411765 0.47058824 0.48235294 0.5176471 0.52156866 0.5176471 0.58431375 0.6431373 0.61960787 0.6117647 0.7254902 0.8862745 0.95686275 0.9607843 0.9647059 0.9647059 0.9647059
0.8352941 0.8666667 0.8784314 0.8627451 0.8666667 0.8666667 0.8509804 0.8156863 0.7529412 0.67058825 0.627451 0.6313726 0.6313726 0.58431375 0.5529412 0.5647059 0.5568628 0.5058824 0.4745098 0.47843137 0.48235294 0.54509807 0.60784316 0.57254905 0.5294118 0.64705884 0.85490197 0.95686275 0.9529412 0.9607843 0.9647059 0.9647059
0.83137256 0.8627451 0.85882354 0.8509804 0.85490197 0.84705883 0.80784315 0.7529412 0.7019608 0.6666667 0.6431373 0.60784316 0.5254902 0.41960785 0.39215687 0.36078432 0.34901962 0.39215687 0.44313726 0.4862745 0.49803922 0.5411765 0.59607846 0.54901963 0.43137255 0.49411765 0.7647059 0.94509804 0.9529412 0.9607843 0.9647059 0.9647059
0.81960785 0.84313726 0.8627451 0.8392157 0.8039216 0.76862746 0.70980394 0.6431373 0.6156863 0.61960787 0.5803922 0.49019608 0.43529412 0.3882353 0.29803923 0.20392157 0.2901961 0.3647059 0.47058824 0.49411765 0.49803922 0.52156866 0.5411765 0.5137255 0.4117647 0.40784314 0.64705884 0.9019608 0.9607843 0.9647059 0.9647059 0.9647059
0.7882353 0.84313726 0.8392157 0.827451 0.7882353 0.7019608 0.6627451 0.6392157 0.5686275 0.5176471 0.5254902 0.5058824 0.5137255 0.49019608 0.4117647 0.23529412 0.21176471 0.27450982 0.41960785 0.45882353 0.45882353 0.44313726 0.4 0.44313726 0.45882353 0.4509804 0.59607846 0.83137256 0.9372549 0.9490196 0.9647059 0.9882353
0.7019608 0.70980394 0.7254902 0.5803922 0.41568628 0.24313726 0.22352941 0.3764706 0.49019608 0.5176471 0.5411765 0.5137255 0.41960785 0.3019608 0.25490198 0.16862746 0.13333334 0.17254902 0.32156864 0.3647059 0.3254902 0.2901961 0.27058825 0.38431373 0.49019608 0.5254902 0.6313726 0.80784315 0.92156863 0.90588236 0.8745098 0.8509804
0.6745098 0.54901963 0.5764706 0.40784314 0.25882354 0.21960784 0.2627451 0.3529412 0.45490196 0.48235294 0.38431373 0.28627452 0.28627452 0.29411766 0.28627452 0.26666668 0.23529412 0.1882353 0.37254903 0.23529412 0.15294118 0.19215687 0.22745098 0.3529412 0.4745098 0.54901963 0.67058825 0.8039216 0.8901961 0.8862745 0.8235294 0.6862745
0.6431373 0.5686275 0.6 0.5372549 0.43529412 0.38431373 0.3647059 0.41960785 0.4862745 0.45882353 0.41568628 0.47843137 0.5764706 0.65882355 0.5764706 0.3372549 0.2784314 0.1882353 0.40392157 0.34117648 0.19607843 0.21568628 0.23529412 0.3372549 0.44705883 0.5176471 0.64705884 0.7921569 0.87058824 0.92156863 0.91764706 0.90588236
0.58431375 0.4745098 0.3882353 0.32941177 0.26666668 0.29803923 0.34509805 0.36862746 0.4117647 0.5411765 0.77254903 0.91764706 0.89411765 0.8156863 0.5686275 0.30588236 0.26666668 0.16862746 0.32941177 0.40392157 0.2627451 0.25490198 0.2901961 0.3254902 0.3764706 0.4509804 0.5921569 0.7529412 0.85882354 0.9411765 0.9529412 0.972549
0.6666667 0.7294118 0.62352943 0.38039216 0.28235295 0.3019608 0.32941177 0.35686275 0.47843137 0.7019608 0.88235295 0.9411765 0.8862745 0.8117647 0.654902 0.4862745 0.3764706 0.19215687 0.29411766 0.41568628 0.31764707 0.25490198 0.30588236 0.30588236 0.30980393 0.39215687 0.52156866 0.7058824 0.85490197 0.9372549 0.94509804 0.9529412
0.67058825 0.74509805 0.7921569 0.654902 0.654902 0.73333335 0.8 0.8235294 0.81960785 0.79607844 0.8235294 0.91764706 0.8392157 0.7490196 0.6392157 0.49803922 0.38431373 0.27450982 0.27450982 0.38431373 0.3372549 0.2627451 0.3019608 0.29803923 0.28627452 0.36078432 0.5019608 0.6901961 0.8627451 0.93333334 0.9411765 0.9529412
0.5137255 0.5372549 0.67058825 0.6039216 0.6039216 0.6901961 0.80784315 0.8666667 0.83137256 0.78039217 0.827451 0.90588236 0.8156863 0.7137255 0.6901961 0.5372549 0.28235295 0.25490198 0.21176471 0.3254902 0.32156864 0.27450982 0.28627452 0.28235295 0.2784314 0.34117648 0.48235294 0.6862745 0.8627451 0.93333334 0.9490196 0.9647059
0.45490196 0.48235294 0.67058825 0.6745098 0.6666667 0.7176471 0.8117647 0.84705883 0.8156863 0.8039216 0.8509804 0.9137255 0.8352941 0.7411765 0.8 0.5764706 0.3529412 0.2509804 0.19215687 0.2901961 0.31764707 0.23921569 0.2509804 0.27058825 0.26666668 0.32156864 0.44705883 0.63529414 0.84705883 0.9372549 0.9490196 0.95686275
0.54509807 0.50980395 0.6745098 0.64705884 0.6862745 0.7529412 0.8392157 0.8745098 0.8352941 0.8039216 0.84313726 0.92156863 0.8745098 0.81960785 0.83137256 0.57254905 0.2509804 0.24313726 0.3137255 0.32156864 0.33333334 0.23137255 0.25490198 0.2784314 0.25490198 0.29803923 0.40784314 0.56078434 0.7764706 0.91764706 0.94509804 0.9372549
0.47058824 0.3529412 0.57254905 0.52156866 0.5686275 0.68235296 0.77254903 0.74509805 0.6509804 0.6117647 0.6862745 0.8352941 0.83137256 0.8352941 0.80784315 0.58431375 0.2 0.27450982 0.3647059 0.36078432 0.3254902 0.23921569 0.2509804 0.28235295 0.2627451 0.28235295 0.3764706 0.5058824 0.68235296 0.8392157 0.91764706 0.9098039
0.3882353 0.29411766 0.5058824 0.42745098 0.39215687 0.42745098 0.56078434 0.5294118 0.40392157 0.49019608 0.6784314 0.78039217 0.8117647 0.8 0.7372549 0.5372549 0.29411766 0.39607844 0.3137255 0.27450982 0.24705882 0.23137255 0.24705882 0.2784314 0.25490198 0.2627451 0.3529412 0.47058824 0.6392157 0.78039217 0.8352941 0.92156863
0.37254903 0.33333334 0.5411765 0.5254902 0.45490196 0.45882353 0.5921569 0.5686275 0.4745098 0.57254905 0.7372549 0.81960785 0.8 0.76862746 0.68235296 0.4392157 0.33333334 0.49019608 0.3137255 0.21176471 0.20392157 0.21960784 0.24705882 0.28627452 0.27058825 0.25882354 0.3529412 0.49803922 0.6392157 0.7529412 0.78431374 0.8509804
0.34901962 0.36862746 0.5647059 0.54509807 0.50980395 0.5411765 0.67058825 0.6627451 0.6 0.6901961 0.78431374 0.7882353 0.76862746 0.7490196 0.6666667 0.48235294 0.5019608 0.52156866 0.34509805 0.23921569 0.21568628 0.20784314 0.22352941 0.2784314 0.30980393 0.32156864 0.4 0.53333336 0.6392157 0.70980394 0.7490196 0.78039217
0.33333334 0.40392157 0.44313726 0.47058824 0.5019608 0.5019608 0.5882353 0.6039216 0.61960787 0.7490196 0.7764706 0.7372549 0.7294118 0.72156864 0.7176471 0.67058825 0.61960787 0.5254902 0.35686275 0.29411766 0.3019608 0.2627451 0.25490198 0.30588236 0.3529412 0.4 0.48235294 0.54901963 0.59607846 0.6509804 0.7058824 0.72156864
0.24705882 0.28235295 0.34117648 0.43529412 0.44313726 0.4627451 0.5294118 0.50980395 0.56078434 0.7137255 0.7176471 0.69803923 0.7058824 0.7176471 0.6627451 0.6156863 0.57254905 0.5294118 0.42352942 0.39215687 0.40784314 0.38431373 0.3529412 0.3882353 0.44705883 0.47843137 0.5058824 0.5176471 0.53333336 0.5529412 0.6313726 0.6627451
0.26666668 0.21960784 0.4 0.5882353 0.62352943 0.6 0.6 0.57254905 0.6039216 0.6862745 0.6745098 0.6666667 0.6862745 0.6313726 0.5568628 0.5254902 0.44313726 0.4627451 0.49019608 0.46666667 0.43137255 0.3372549 0.31764707 0.4 0.45490196 0.4509804 0.4392157 0.44705883 0.45490196 0.44705883 0.50980395 0.5411765
0.23529412 0.1764706 0.39215687 0.47843137 0.4117647 0.34509805 0.4117647 0.4862745 0.5568628 0.627451 0.6117647 0.61960787 0.5921569 0.43137255 0.39215687 0.3882353 0.3647059 0.43137255 0.45490196 0.38431373 0.3647059 0.30980393 0.26666668 0.3137255 0.39607844 0.43529412 0.4 0.34901962 0.34117648 0.35686275 0.42745098 0.5294118
0.21568628 0.16470589 0.36078432 0.4627451 0.36078432 0.30980393 0.46666667 0.5686275 0.5647059 0.5529412 0.5254902 0.56078434 0.5294118 0.3764706 0.3137255 0.30980393 0.3372549 0.35686275 0.34117648 0.28235295 0.31764707 0.36862746 0.3764706 0.3372549 0.32941177 0.35686275 0.3529412 0.3137255 0.2901961 0.3019608 0.4392157 0.5921569
0.9490196 0.972549 0.972549 0.96862745 0.96862745 0.96862745 0.96862745 0.96862745 0.96862745 0.96862745 0.972549 0.96862745 0.96862745 0.972549 0.972549 0.972549 0.972549 0.9764706 0.9019608 0.53333336 0.42745098 0.627451 0.8745098 0.96862745 0.972549 0.96862745 0.96862745 0.96862745 0.9647059 0.9607843 0.9607843 0.9607843
0.9372549 0.95686275 0.95686275 0.95686275 0.9607843 0.9607843 0.9607843 0.95686275 0.9607843 0.93333334 0.9137255 0.9607843 0.96862745 0.9607843 0.9607843 0.9607843 0.95686275 0.9529412 0.8745098 0.47843137 0.31764707 0.45882353 0.78431374 0.94509804 0.9490196 0.9490196 0.9490196 0.9490196 0.9490196 0.9490196 0.9490196 0.9490196
0.9411765 0.9607843 0.9607843 0.9607843 0.9607843 0.9607843 0.9607843 0.9607843 0.9647059 0.84313726 0.63529414 0.68235296 0.84705883 0.9254902 0.9254902 0.89411765 0.84313726 0.79607844 0.8627451 0.7058824 0.41568628 0.40392157 0.6862745 0.90588236 0.9529412 0.9490196 0.9490196 0.9490196 0.9490196 0.9490196 0.9490196 0.9490196
0.9411765 0.9607843 0.9607843 0.9607843 0.9607843 0.9607843 0.9607843 0.9607843 0.9607843 0.9019608 0.654902 0.38431373 0.5529412 0.80784315 0.80784315 0.7921569 0.7921569 0.7882353 0.7647059 0.7490196 0.5176471 0.44313726 0.5647059 0.8117647 0.94509804 0.94509804 0.94509804 0.94509804 0.94509804 0.94509804 0.94509804 0.94509804
0.9411765 0.9607843 0.9607843 0.9607843 0.9607843 0.9607843 0.9607843 0.9607843 0.95686275 0.95686275 0.91764706 0.79607844 0.7372549 0.6509804 0.6156863 0.7882353 0.7921569 0.7490196 0.7411765 0.69803923 0.6 0.5019608 0.5686275 0.80784315 0.9411765 0.9411765 0.9411765 0.9411765 0.9411765 0.9411765 0.9411765 0.9411765
0.92941177 0.9607843 0.9607843 0.95686275 0.9607843 0.9607843 0.9607843 0.9607843 0.9490196 0.8901961 0.7882353 0.6862745 0.50980395 0.35686275 0.49019608 0.64705884 0.65882355 0.6392157 0.62352943 0.6745098 0.68235296 0.6156863 0.63529414 0.8039216 0.9254902 0.9372549 0.93333334 0.93333334 0.93333334 0.93333334 0.92941177 0.92941177
0.88235295 0.9098039 0.9254902 0.9372549 0.9490196 0.9529412 0.9529412 0.9098039 0.8156863 0.6901961 0.60784316 0.6156863 0.6117647 0.6666667 0.72156864 0.6627451 0.5647059 0.5294118 0.5254902 0.54509807 0.6392157 0.6901961 0.67058825 0.6666667 0.7882353 0.9137255 0.93333334 0.93333334 0.92941177 0.9254902 0.9254902 0.9254902
0.84313726 0.87058824 0.8784314 0.89411765 0.9098039 0.92156863 0.8666667 0.73333335 0.62352943 0.61960787 0.69803923 0.77254903 0.7411765 0.6313726 0.45490196 0.30980393 0.33333334 0.40784314 0.46666667 0.43529412 0.49411765 0.61960787 0.6627451 0.57254905 0.61960787 0.81960785 0.9372549 0.9372549 0.92941177 0.9254902 0.9254902 0.9254902
0.8117647 0.83137256 0.8235294 0.83137256 0.8509804 0.8784314 0.827451 0.67058825 0.63529414 0.7607843 0.78431374 0.69803923 0.59607846 0.50980395 0.34509805 0.26666668 0.2784314 0.34509805 0.43137255 0.4745098 0.4745098 0.5921569 0.6666667 0.62352943 0.60784316 0.7490196 0.9098039 0.93333334 0.93333334 0.93333334 0.93333334 0.93333334
0.83137256 0.85490197 0.84705883 0.83137256 0.827451 0.83137256 0.83137256 0.80784315 0.7921569 0.7647059 0.6784314 0.61960787 0.63529414 0.6313726 0.5686275 0.5254902 0.50980395 0.5254902 0.56078434 0.56078434 0.56078434 0.627451 0.6784314 0.64705884 0.63529414 0.7372549 0.88235295 0.9372549 0.9411765 0.9411765 0.9411765 0.9411765
0.8156863 0.84705883 0.85490197 0.8392157 0.84313726 0.8509804 0.84705883 0.8235294 0.7647059 0.6901961 0.64705884 0.654902 0.6627451 0.61960787 0.58431375 0.59607846 0.5882353 0.5372549 0.5058824 0.50980395 0.5137255 0.5803922 0.6392157 0.6039216 0.5647059 0.67058825 0.8509804 0.9372549 0.9411765 0.9411765 0.9411765 0.9411765
0.8117647 0.8392157 0.8392157 0.827451 0.83137256 0.8352941 0.80784315 0.7607843 0.7176471 0.6862745 0.6627451 0.6313726 0.5568628 0.44705883 0.41568628 0.38039216 0.37254903 0.42352942 0.4745098 0.52156866 0.53333336 0.5764706 0.627451 0.5803922 0.46666667 0.5176471 0.7607843 0.9254902 0.9411765 0.9411765 0.9411765 0.9411765
0.79607844 0.81960785 0.8392157 0.8235294 0.8 0.7764706 0.7294118 0.6666667 0.6392157 0.6392157 0.6 0.50980395 0.45882353 0.40392157 0.30980393 0.21176471 0.30980393 0.39215687 0.5019608 0.5294118 0.53333336 0.5529412 0.57254905 0.54509807 0.4392157 0.43137255 0.654902 0.89411765 0.9411765 0.94509804 0.9411765 0.9411765
0.7882353 0.84313726 0.8352941 0.8235294 0.7921569 0.7137255 0.68235296 0.6627451 0.5882353 0.5372549 0.54509807 0.5254902 0.5372549 0.50980395 0.42745098 0.24313726 0.22745098 0.29411766 0.44705883 0.49019608 0.49411765 0.4745098 0.43137255 0.47058824 0.49019608 0.47058824 0.6039216 0.827451 0.91764706 0.9254902 0.9411765 0.9647059
0.7137255 0.72156864 0.7372549 0.59607846 0.43529412 0.25882354 0.24313726 0.39215687 0.50980395 0.5372549 0.5647059 0.53333336 0.43529412 0.31764707 0.26666668 0.1764706 0.14117648 0.18431373 0.3372549 0.38039216 0.34901962 0.3137255 0.29411766 0.4117647 0.5176471 0.54509807 0.6313726 0.78431374 0.8862745 0.87058824 0.84705883 0.83137256
0.654902 0.54901963 0.5921569 0.43137255 0.2784314 0.23921569 0.28235295 0.37254903 0.4745098 0.5019608 0.4 0.29803923 0.29803923 0.30588236 0.29411766 0.27450982 0.24313726 0.2 0.3882353 0.24705882 0.16862746 0.20784314 0.24705882 0.38039216 0.5019608 0.5647059 0.67058825 0.78431374 0.85490197 0.84705883 0.7921569 0.6666667
0.63529414 0.57254905 0.6156863 0.5686275 0.46666667 0.40784314 0.3764706 0.4392157 0.5176471 0.47843137 0.41568628 0.46666667 0.5647059 0.65882355 0.58431375 0.34509805 0.28627452 0.19607843 0.41960785 0.3529412 0.20392157 0.22745098 0.25882354 0.37254903 0.49019608 0.5529412 0.6627451 0.7882353 0.8509804 0.8901961 0.8862745 0.8745098
0.6117647 0.49803922 0.40392157 0.34117648 0.2784314 0.3137255 0.36862746 0.39607844 0.42745098 0.5411765 0.7490196 0.8862745 0.8745098 0.8039216 0.57254905 0.31764707 0.2784314 0.1764706 0.34901962 0.42352942 0.27450982 0.27058825 0.3137255 0.3647059 0.42352942 0.49411765 0.6117647 0.7529412 0.8392157 0.9137255 0.91764706 0.9372549
0.68235296 0.7294118 0.6156863 0.3764706 0.28627452 0.3019608 0.32941177 0.3529412 0.47058824 0.6862745 0.8627451 0.9098039 0.8627451 0.79607844 0.654902 0.49019608 0.40392157 0.22352941 0.31764707 0.43529412 0.3372549 0.27450982 0.32941177 0.33333334 0.34117648 0.42352942 0.54901963 0.7137255 0.8352941 0.9098039 0.91764706 0.9254902
0.67058825 0.7372549 0.7764706 0.654902 0.65882355 0.7254902 0.7764706 0.8 0.8039216 0.78431374 0.80784315 0.8980392 0.8235294 0.7490196 0.6509804 0.5176471 0.42352942 0.3137255 0.29803923 0.40392157 0.35686275 0.2901961 0.3254902 0.32156864 0.30980393 0.3882353 0.53333336 0.7019608 0.8392157 0.9098039 0.91764706 0.93333334
0.5568628 0.57254905 0.6862745 0.627451 0.627451 0.7019608 0.8039216 0.8509804 0.8156863 0.76862746 0.8117647 0.8862745 0.8039216 0.7137255 0.69803923 0.5568628 0.30588236 0.27450982 0.22352941 0.34117648 0.3372549 0.2901961 0.29803923 0.29803923 0.29803923 0.37254903 0.5176471 0.7019608 0.84313726 0.90588236 0.91764706 0.93333334
0.5137255 0.5411765 0.69411767 0.7019608 0.69411767 0.7294118 0.8039216 0.827451 0.79607844 0.7882353 0.8352941 0.89411765 0.81960785 0.7294118 0.8 0.5882353 0.36862746 0.25882354 0.2 0.30588236 0.32941177 0.24705882 0.25882354 0.2784314 0.28627452 0.35686275 0.4862745 0.654902 0.827451 0.9019608 0.9137255 0.92156863
0.5686275 0.5294118 0.6901961 0.6666667 0.7058824 0.75686276 0.827451 0.85882354 0.827451 0.8 0.83137256 0.9019608 0.85882354 0.80784315 0.8235294 0.5764706 0.2627451 0.2509804 0.3254902 0.33333334 0.34509805 0.24705882 0.27058825 0.29411766 0.27058825 0.32156864 0.43529412 0.5803922 0.7764706 0.8980392 0.92156863 0.90588236
0.49411765 0.3647059 0.5882353 0.56078434 0.6156863 0.7058824 0.7764706 0.7529412 0.67058825 0.6313726 0.69411767 0.8352941 0.8352941 0.8352941 0.8117647 0.5921569 0.20784314 0.28627452 0.38039216 0.3764706 0.34509805 0.25882354 0.27058825 0.3019608 0.2784314 0.29411766 0.39215687 0.52156866 0.6901961 0.83137256 0.8980392 0.88235295
0.42352942 0.3137255 0.5058824 0.47058824 0.45882353 0.48235294 0.5882353 0.5647059 0.4627451 0.5372549 0.69803923 0.78431374 0.81960785 0.8117647 0.7607843 0.5647059 0.30980393 0.4117647 0.32941177 0.28627452 0.2627451 0.24705882 0.26666668 0.29411766 0.27058825 0.27450982 0.3647059 0.4862745 0.6509804 0.7764706 0.81960785 0.8901961
0.4 0.36078432 0.5411765 0.53333336 0.4862745 0.49019608 0.6039216 0.5803922 0.5019608 0.6 0.7490196 0.8235294 0.8039216 0.78039217 0.7058824 0.47058824 0.3529412 0.50980395 0.3254902 0.21960784 0.21176471 0.23137255 0.25882354 0.29803923 0.28627452 0.2784314 0.3764706 0.5254902 0.6627451 0.7607843 0.78431374 0.8392157
0.37254903 0.3882353 0.5686275 0.5529412 0.53333336 0.5686275 0.6784314 0.6627451 0.60784316 0.69803923 0.7921569 0.8 0.7764706 0.7607843 0.6862745 0.50980395 0.5176471 0.54509807 0.35686275 0.2509804 0.22745098 0.21568628 0.23529412 0.2901961 0.33333334 0.36078432 0.44705883 0.5803922 0.6784314 0.7372549 0.76862746 0.7882353
0.35686275 0.41960785 0.4509804 0.48235294 0.5294118 0.5372549 0.6039216 0.6039216 0.627451 0.7529412 0.78431374 0.75686276 0.7411765 0.73333335 0.7294118 0.6862745 0.6392157 0.54509807 0.37254903 0.30588236 0.3137255 0.27450982 0.26666668 0.31764707 0.37254903 0.4392157 0.52156866 0.5921569 0.63529414 0.6901961 0.73333335 0.7372549
0.27450982 0.3019608 0.35686275 0.44705883 0.45882353 0.47843137 0.5294118 0.5019608 0.5647059 0.72156864 0.7294118 0.7176471 0.7176471 0.7294118 0.6784314 0.63529414 0.59607846 0.54901963 0.44705883 0.4117647 0.42745098 0.40392157 0.37254903 0.40784314 0.47058824 0.5058824 0.53333336 0.54901963 0.5647059 0.58431375 0.65882355 0.6784314
0.29803923 0.24705882 0.40784314 0.5921569 0.61960787 0.58431375 0.5803922 0.57254905 0.61960787 0.69803923 0.68235296 0.6784314 0.69803923 0.64705884 0.58431375 0.5568628 0.46666667 0.4862745 0.5176471 0.49019608 0.45490196 0.36078432 0.34509805 0.42745098 0.49019608 0.4862745 0.4745098 0.47843137 0.4862745 0.4745098 0.53333336 0.5529412
0.28235295 0.21568628 0.40784314 0.5058824 0.45882353 0.39607844 0.4509804 0.5058824 0.57254905 0.6431373 0.62352943 0.6313726 0.6039216 0.44705883 0.41960785 0.41960785 0.3882353 0.4509804 0.47843137 0.4 0.38431373 0.33333334 0.2901961 0.3372549 0.42745098 0.46666667 0.43137255 0.3764706 0.37254903 0.39607844 0.46666667 0.56078434
0.2509804 0.19607843 0.37254903 0.4745098 0.3882353 0.34509805 0.4862745 0.57254905 0.57254905 0.5647059 0.54509807 0.58431375 0.54509807 0.3882353 0.3254902 0.32156864 0.3529412 0.3764706 0.35686275 0.29803923 0.3372549 0.39215687 0.4 0.3647059 0.35686275 0.3882353 0.38039216 0.34117648 0.3137255 0.33333334 0.48235294 0.63529414
0.95686275 0.98039216 0.98039216 0.9764706 0.9764706 0.9764706 0.9764706 0.9764706 0.9764706 0.98039216 0.98039216 0.9764706 0.9764706 0.9764706 0.98039216 0.9764706 0.98039216 0.96862745 0.8784314 0.49019608 0.36078432 0.5803922 0.85882354 0.972549 0.9764706 0.9764706 0.9764706 0.9764706 0.972549 0.96862745 0.96862745 0.96862745
0.94509804 0.9647059 0.9647059 0.9647059 0.9647059 0.96862745 0.96862745 0.96862745 0.9647059 0.93333334 0.9137255 0.972549 0.98039216 0.96862745 0.972549 0.96862745 0.9607843 0.9490196 0.85490197 0.44313726 0.27450982 0.41568628 0.75686276 0.9490196 0.96862745 0.9607843 0.95686275 0.95686275 0.95686275 0.9607843 0.9647059 0.9647059
0.9490196 0.96862745 0.96862745 0.96862745 0.96862745 0.96862745 0.96862745 0.96862745 0.9607843 0.8117647 0.5921569 0.654902 0.8352941 0.9137255 0.9137255 0.88235295 0.80784315 0.7529412 0.8235294 0.67058825 0.38039216 0.35686275 0.64705884 0.8980392 0.96862745 0.9607843 0.95686275 0.95686275 0.95686275 0.9647059 0.9647059 0.9647059
0.94509804 0.96862745 0.96862745 0.96862745 0.96862745 0.96862745 0.96862745 0.972549 0.972549 0.89411765 0.62352943 0.34117648 0.5058824 0.74509805 0.7372549 0.7372549 0.72156864 0.7137255 0.69803923 0.6862745 0.45490196 0.37254903 0.50980395 0.7921569 0.95686275 0.9607843 0.95686275 0.95686275 0.9607843 0.9607843 0.9607843 0.9607843
0.9490196 0.96862745 0.96862745 0.96862745 0.96862745 0.96862745 0.96862745 0.96862745 0.9647059 0.95686275 0.8901961 0.7529412 0.6784314 0.5921569 0.5568628 0.7254902 0.7176471 0.6745098 0.6627451 0.62352943 0.5254902 0.42352942 0.50980395 0.7921569 0.95686275 0.95686275 0.95686275 0.95686275 0.95686275 0.95686275 0.95686275 0.95686275
0.92941177 0.9647059 0.972549 0.972549 0.96862745 0.95686275 0.9647059 0.972549 0.9529412 0.8627451 0.7372549 0.627451 0.4509804 0.30588236 0.43529412 0.57254905 0.5803922 0.5647059 0.54901963 0.6 0.6156863 0.54509807 0.5764706 0.78431374 0.9372549 0.9529412 0.9490196 0.9490196 0.9490196 0.95686275 0.9529412 0.9529412
0.8666667 0.9019608 0.9254902 0.9490196 0.95686275 0.95686275 0.9607843 0.9098039 0.78431374 0.627451 0.5254902 0.54901963 0.56078434 0.6156863 0.6666667 0.6039216 0.5058824 0.47058824 0.46666667 0.49019608 0.5921569 0.6431373 0.61960787 0.60784316 0.75686276 0.92156863 0.9490196 0.9490196 0.9490196 0.9529412 0.95686275 0.95686275
0.80784315 0.84705883 0.8627451 0.8745098 0.89411765 0.90588236 0.8352941 0.68235296 0.5568628 0.5411765 0.62352943 0.7058824 0.6627451 0.56078434 0.4117647 0.28627452 0.30588236 0.37254903 0.42352942 0.3882353 0.42745098 0.5529412 0.6 0.5019608 0.56078434 0.80784315 0.9490196 0.95686275 0.9529412 0.9490196 0.9529412 0.9529412
0.77254903 0.78039217 0.76862746 0.78431374 0.8117647 0.8352941 0.78039217 0.62352943 0.58431375 0.7019608 0.7137255 0.6156863 0.49803922 0.42352942 0.28627452 0.22745098 0.23137255 0.29411766 0.37254903 0.41568628 0.4 0.5058824 0.58431375 0.54509807 0.5411765 0.7137255 0.91764706 0.9607843 0.95686275 0.9490196 0.9490196 0.9490196
0.79607844 0.81960785 0.8156863 0.8 0.79607844 0.7921569 0.78431374 0.7647059 0.74509805 0.7058824 0.5921569 0.5137255 0.53333336 0.5294118 0.47058824 0.43529412 0.4117647 0.42745098 0.4745098 0.4862745 0.47843137 0.53333336 0.5882353 0.5647059 0.56078434 0.69803923 0.88235295 0.9607843 0.9647059 0.95686275 0.95686275 0.95686275
0.7921569 0.827451 0.8352941 0.8156863 0.8117647 0.81960785 0.80784315 0.77254903 0.69803923 0.60784316 0.5568628 0.5529412 0.5568628 0.5137255 0.4862745 0.5019608 0.49803922 0.4509804 0.41568628 0.41568628 0.4117647 0.4745098 0.5411765 0.50980395 0.47843137 0.6117647 0.8392157 0.9607843 0.9647059 0.95686275 0.95686275 0.95686275
0.78431374 0.80784315 0.80784315 0.79607844 0.8 0.8 0.76862746 0.70980394 0.64705884 0.6039216 0.57254905 0.5294118 0.4509804 0.3647059 0.35686275 0.3372549 0.32156864 0.3529412 0.38039216 0.40784314 0.41568628 0.46666667 0.5294118 0.49019608 0.38431373 0.4627451 0.7490196 0.94509804 0.9607843 0.95686275 0.95686275 0.95686275
0.7607843 0.78431374 0.8039216 0.78431374 0.7490196 0.7137255 0.6509804 0.5803922 0.54901963 0.54901963 0.50980395 0.41960785 0.3647059 0.34509805 0.28627452 0.2 0.26666668 0.3254902 0.4117647 0.41960785 0.42352942 0.4509804 0.48235294 0.4627451 0.36862746 0.3764706 0.62352943 0.8901961 0.9529412 0.9607843 0.95686275 0.95686275
0.74509805 0.8 0.79607844 0.7764706 0.7372549 0.6509804 0.6117647 0.58431375 0.5019608 0.44705883 0.4509804 0.43137255 0.44313726 0.41960785 0.3647059 0.22745098 0.2 0.24705882 0.3764706 0.4 0.39215687 0.38039216 0.34117648 0.39215687 0.4117647 0.4 0.5529412 0.8039216 0.9098039 0.93333334 0.9529412 0.98039216
0.63529414 0.64705884 0.6666667 0.54509807 0.40392157 0.24313726 0.22352941 0.3529412 0.44313726 0.44705883 0.46666667 0.44705883 0.3647059 0.25882354 0.23529412 0.18039216 0.14117648 0.16470589 0.29803923 0.3254902 0.28627452 0.25882354 0.24705882 0.34509805 0.43529412 0.45882353 0.5647059 0.74509805 0.85882354 0.84313726 0.81960785 0.8156863
0.5686275 0.43529412 0.49019608 0.3764706 0.25490198 0.22352941 0.25490198 0.32156864 0.40392157 0.41960785 0.3254902 0.24705882 0.2509804 0.26666668 0.26666668 0.25882354 0.23921569 0.16470589 0.33333334 0.21960784 0.15686275 0.2 0.22352941 0.31764707 0.41568628 0.47843137 0.5921569 0.7176471 0.8039216 0.8156863 0.7490196 0.6313726
0.5372549 0.47058824 0.52156866 0.48235294 0.39215687 0.34509805 0.3254902 0.3764706 0.4392157 0.40784314 0.3647059 0.42745098 0.52156866 0.59607846 0.5137255 0.29411766 0.26666668 0.17254902 0.34509805 0.30980393 0.19607843 0.21568628 0.22352941 0.30588236 0.4 0.4627451 0.58431375 0.72156864 0.8039216 0.8745098 0.8784314 0.8745098
0.5294118 0.42745098 0.34509805 0.29411766 0.23529412 0.26666668 0.3137255 0.33333334 0.36862746 0.49411765 0.72156864 0.8627451 0.84313726 0.74509805 0.5019608 0.26666668 0.2509804 0.17254902 0.2784314 0.34117648 0.23529412 0.24313726 0.27058825 0.29803923 0.3372549 0.4 0.53333336 0.6901961 0.8 0.8980392 0.9254902 0.9529412
0.6313726 0.68235296 0.5764706 0.34901962 0.2627451 0.27450982 0.29411766 0.32156864 0.43137255 0.6392157 0.827451 0.9019608 0.827451 0.7294118 0.57254905 0.41960785 0.34117648 0.18039216 0.25882354 0.34901962 0.2784314 0.23529412 0.2901961 0.28627452 0.28627452 0.3529412 0.47058824 0.6431373 0.79607844 0.8980392 0.92156863 0.9372549
0.5921569 0.65882355 0.69803923 0.5764706 0.5921569 0.6784314 0.74509805 0.7764706 0.7607843 0.7176471 0.75686276 0.88235295 0.7921569 0.6784314 0.5647059 0.4392157 0.35686275 0.26666668 0.25882354 0.34117648 0.3019608 0.24313726 0.28627452 0.28235295 0.26666668 0.32941177 0.4509804 0.6313726 0.8039216 0.8980392 0.91764706 0.9411765
0.43529412 0.45882353 0.6 0.5529412 0.5647059 0.6509804 0.7647059 0.8235294 0.78039217 0.72156864 0.7764706 0.8745098 0.77254903 0.6666667 0.6392157 0.48235294 0.25490198 0.24705882 0.2 0.29411766 0.2901961 0.25490198 0.2784314 0.27058825 0.2627451 0.31764707 0.44313726 0.627451 0.8 0.8901961 0.91764706 0.9490196
0.35686275 0.39215687 0.5921569 0.62352943 0.627451 0.6745098 0.7647059 0.79607844 0.75686276 0.7411765 0.8 0.8745098 0.78431374 0.69803923 0.7647059 0.5176471 0.31764707 0.23529412 0.18039216 0.25882354 0.28235295 0.22352941 0.24705882 0.25882354 0.2509804 0.30588236 0.4117647 0.57254905 0.78431374 0.9019608 0.9254902 0.92941177
0.39215687 0.39215687 0.57254905 0.54509807 0.6039216 0.69411767 0.7921569 0.83137256 0.78039217 0.73333335 0.7764706 0.8784314 0.83137256 0.78431374 0.7921569 0.5137255 0.22352941 0.21960784 0.28627452 0.28627452 0.30588236 0.22352941 0.2509804 0.27058825 0.24313726 0.27450982 0.3647059 0.5058824 0.7254902 0.8784314 0.90588236 0.8901961
0.30588236 0.2509804 0.48235294 0.42352942 0.49411765 0.627451 0.7137255 0.6784314 0.5686275 0.52156866 0.60784316 0.78431374 0.8 0.8117647 0.78431374 0.53333336 0.18039216 0.2509804 0.32156864 0.32156864 0.30980393 0.23529412 0.24705882 0.2784314 0.25490198 0.25490198 0.32941177 0.45490196 0.6392157 0.8039216 0.8745098 0.8509804
0.24313726 0.19607843 0.4117647 0.3529412 0.3372549 0.37254903 0.48235294 0.44313726 0.32941177 0.42745098 0.627451 0.7490196 0.7882353 0.78039217 0.7137255 0.49411765 0.27058825 0.34901962 0.27450982 0.24705882 0.23137255 0.22352941 0.23921569 0.2627451 0.23921569 0.23529412 0.30588236 0.41960785 0.59607846 0.7411765 0.79607844 0.8784314
0.23529412 0.21568628 0.40784314 0.3882353 0.33333334 0.34901962 0.48235294 0.47058824 0.39215687 0.50980395 0.6901961 0.7921569 0.7607843 0.7294118 0.6509804 0.40784314 0.30980393 0.41960785 0.2784314 0.20784314 0.19607843 0.20784314 0.22745098 0.25882354 0.24313726 0.23529412 0.3137255 0.45490196 0.6 0.70980394 0.7411765 0.8117647
0.23137255 0.24313726 0.40784314 0.38431373 0.36862746 0.41568628 0.5372549 0.5254902 0.4862745 0.627451 0.7529412 0.7490196 0.7137255 0.69803923 0.627451 0.4509804 0.45882353 0.44705883 0.30588236 0.23137255 0.20392157 0.19607843 0.20784314 0.25490198 0.29411766 0.30980393 0.37254903 0.49803922 0.60784316 0.67058825 0.70980394 0.7372549
0.22352941 0.2901961 0.30588236 0.32156864 0.36078432 0.37254903 0.4509804 0.45490196 0.50980395 0.7019608 0.7607843 0.70980394 0.68235296 0.67058825 0.654902 0.6 0.5411765 0.45882353 0.3137255 0.27058825 0.27058825 0.23529412 0.23529412 0.2784314 0.31764707 0.3647059 0.43137255 0.49019608 0.5411765 0.60784316 0.6666667 0.68235296
0.2 0.22352941 0.23921569 0.30980393 0.30588236 0.32156864 0.38039216 0.36862746 0.4627451 0.654902 0.6745098 0.654902 0.654902 0.6627451 0.6039216 0.54901963 0.49803922 0.4509804 0.3529412 0.32941177 0.34117648 0.32941177 0.30588236 0.33333334 0.36862746 0.39215687 0.42745098 0.43137255 0.4392157 0.48235294 0.57254905 0.6039216
0.20392157 0.1764706 0.30980393 0.47058824 0.4862745 0.4392157 0.43137255 0.43137255 0.5019608 0.62352943 0.627451 0.6039216 0.62352943 0.5686275 0.5019608 0.4745098 0.38039216 0.3764706 0.39607844 0.3882353 0.37254903 0.29411766 0.28235295 0.34509805 0.38039216 0.36862746 0.36078432 0.3764706 0.39607844 0.39607844 0.4509804 0.46666667
0.18431373 0.15686275 0.3372549 0.3882353 0.32941177 0.2627451 0.3019608 0.3647059 0.45490196 0.5529412 0.5529412 0.5647059 0.5294118 0.37254903 0.34509805 0.34117648 0.3137255 0.3647059 0.38039216 0.3254902 0.32156864 0.28627452 0.24705882 0.2784314 0.34117648 0.36862746 0.34117648 0.29803923 0.29803923 0.32156864 0.38431373 0.47058824
0.16862746 0.14509805 0.30980393 0.38039216 0.28627452 0.24313726 0.36078432 0.42745098 0.43529412 0.45882353 0.45490196 0.49411765 0.4627451 0.3254902 0.27450982 0.2627451 0.28627452 0.30980393 0.29803923 0.24705882 0.2784314 0.34117648 0.35686275 0.30980393 0.2784314 0.29803923 0.30588236 0.28235295 0.27058825 0.2784314 0.41960785 0.5529412
11 27 1
13 15 1
18 11 1
15 15 1
10 27 2
17 28 1
13 3 2
13 2 1
13 16 1
23 29 0
13 15 0
19 11 0
18 11 0
10 27 1
20 11 2
16 20 1
17 30 0
15 16 1
17 28 0
23 29 1
4 9 2
12 28 1
11 28 1
2 28 1
18 12 0
16 21 1
17 28 2
17 13 2
16 30 2
13 4 0
9 27 1
18 29 1
20 5 1
4 9 0
3 8 1
23 29 2
15 5 0
21 11 1
13 4 1
18 11 2
21 7 2
1 13 2
13 3 0
20 29 1
2 28 2
20 11 0
4 2 2
15 5 2
1 9 2
7 2 1
