32, 32, 3, 50
0.77254903 0.7764706 0.8 0.7882353 0.7921569 0.827451 0.83137256 0.8117647 0.79607844 0.8 0.8 0.7647059 0.8392157 0.8901961 0.84705883 0.80784315 0.8745098 0.85490197 0.8156863 0.827451 0.8509804 0.89411765 0.91764706 0.85882354 0.8784314 0.9372549 0.9254902 0.9372549 0.92941177 0.92941177 0.92941177 0.8901961
0.75686276 0.8 0.78431374 0.80784315 0.8039216 0.8666667 0.9137255 0.85882354 0.8039216 0.7607843 0.7647059 0.7647059 0.83137256 0.8627451 0.8392157 0.85882354 0.8862745 0.7921569 0.827451 0.827451 0.85882354 0.9019608 0.92156863 0.96862745 0.93333334 0.8509804 0.85490197 0.9137255 0.8901961 0.9098039 0.92941177 0.8784314
0.7411765 0.7294118 0.7254902 0.7764706 0.7490196 0.7882353 0.81960785 0.80784315 0.827451 0.85882354 0.8156863 0.8352941 0.9137255 0.8862745 0.85490197 0.7764706 0.73333335 0.65882355 0.6745098 0.6 0.6313726 0.78039217 0.827451 0.8666667 0.88235295 0.8 0.80784315 0.8235294 0.75686276 0.84313726 0.9019608 0.85882354
0.73333335 0.64705884 0.7176471 0.7058824 0.654902 0.7647059 0.78431374 0.7764706 0.7882353 0.8392157 0.8745098 0.8627451 0.8117647 0.7882353 0.8039216 0.67058825 0.67058825 0.6901961 0.5921569 0.5137255 0.5019608 0.6039216 0.7411765 0.80784315 0.83137256 0.77254903 0.7882353 0.79607844 0.7137255 0.77254903 0.8784314 0.87058824
0.6862745 0.60784316 0.5882353 0.5254902 0.5803922 0.65882355 0.76862746 0.78039217 0.75686276 0.827451 0.8627451 0.8627451 0.85882354 0.89411765 0.9137255 0.8980392 0.9254902 0.9019608 0.8156863 0.6784314 0.5372549 0.54509807 0.75686276 0.9019608 0.8627451 0.79607844 0.85882354 0.85882354 0.78431374 0.8235294 0.85490197 0.84705883
0.5568628 0.53333336 0.57254905 0.4 0.44705883 0.5803922 0.6627451 0.7372549 0.8784314 0.92156863 0.9098039 0.91764706 0.9490196 0.9490196 0.93333334 0.9254902 0.9372549 0.92941177 0.90588236 0.8627451 0.78431374 0.7372549 0.7058824 0.80784315 0.79607844 0.70980394 0.7764706 0.78431374 0.84313726 0.9098039 0.9137255 0.8784314
0.57254905 0.47058824 0.58431375 0.40784314 0.2901961 0.34901962 0.38039216 0.4117647 0.54901963 0.7294118 0.9098039 0.9372549 0.9607843 0.9490196 0.92941177 0.92156863 0.92941177 0.92941177 0.92941177 0.92941177 0.9254902 0.8862745 0.78431374 0.77254903 0.72156864 0.654902 0.6784314 0.6039216 0.65882355 0.8509804 0.92156863 0.9019608
0.5294118 0.42352942 0.5176471 0.3372549 0.27450982 0.20392157 0.14901961 0.20784314 0.16470589 0.20784314 0.63529414 0.95686275 0.9372549 0.92941177 0.93333334 0.9372549 0.9411765 0.9372549 0.9372549 0.9254902 0.93333334 0.8745098 0.8235294 0.80784315 0.7294118 0.6509804 0.654902 0.45882353 0.42352942 0.7411765 0.8745098 0.85490197
0.44313726 0.44705883 0.43137255 0.28627452 0.23529412 0.14509805 0.07450981 0.13725491 0.18039216 0.16470589 0.2627451 0.7058824 0.79607844 0.7294118 0.85882354 0.94509804 0.9529412 0.9411765 0.92941177 0.92156863 0.92156863 0.92156863 0.8784314 0.75686276 0.64705884 0.59607846 0.5764706 0.36862746 0.36862746 0.7019608 0.8117647 0.7882353
0.4392157 0.4627451 0.35686275 0.21568628 0.20784314 0.28235295 0.15294118 0.10980392 0.16078432 0.18431373 0.18431373 0.35686275 0.5411765 0.58431375 0.827451 0.9411765 0.9372549 0.9411765 0.9372549 0.92941177 0.89411765 0.8901961 0.8352941 0.61960787 0.54509807 0.5764706 0.49019608 0.38039216 0.43137255 0.6627451 0.8352941 0.8117647
0.36862746 0.39607844 0.29803923 0.23921569 0.39607844 0.6 0.44705883 0.1254902 0.16470589 0.20784314 0.22352941 0.36078432 0.52156866 0.5764706 0.7882353 0.87058824 0.85490197 0.8901961 0.8784314 0.81960785 0.7607843 0.7607843 0.72156864 0.65882355 0.5568628 0.5372549 0.47843137 0.45490196 0.42745098 0.44705883 0.69803923 0.80784315
0.27058825 0.21568628 0.22352941 0.27058825 0.39607844 0.59607846 0.5803922 0.1882353 0.13333334 0.22745098 0.3254902 0.40392157 0.5019608 0.65882355 0.78431374 0.8 0.8 0.7607843 0.6 0.52156866 0.4745098 0.43529412 0.3529412 0.40392157 0.44705883 0.30588236 0.19215687 0.30588236 0.2784314 0.20392157 0.4509804 0.7254902
0.24313726 0.21176471 0.18431373 0.24705882 0.43529412 0.53333336 0.5137255 0.29411766 0.11372549 0.2627451 0.39607844 0.4117647 0.34901962 0.45882353 0.5921569 0.627451 0.60784316 0.52156866 0.44705883 0.30588236 0.18431373 0.18431373 0.1764706 0.22352941 0.30980393 0.28627452 0.06666667 0.09803922 0.22745098 0.21960784 0.44313726 0.67058825
0.22745098 0.18431373 0.19215687 0.24313726 0.30588236 0.3529412 0.41960785 0.37254903 0.23529412 0.3372549 0.3764706 0.27450982 0.1764706 0.24705882 0.31764707 0.34901962 0.2784314 0.20392157 0.29803923 0.29411766 0.14901961 0.101960786 0.11764706 0.2 0.32941177 0.37254903 0.1254902 0.015686275 0.1254902 0.24313726 0.49803922 0.5803922
0.30980393 0.16862746 0.16470589 0.15686275 0.23529412 0.29803923 0.38431373 0.38039216 0.36078432 0.33333334 0.2784314 0.22352941 0.15686275 0.1882353 0.22352941 0.22352941 0.16470589 0.14509805 0.20392157 0.29803923 0.21176471 0.07450981 0.05882353 0.12156863 0.27058825 0.34509805 0.13725491 0.0 0.043137256 0.18039216 0.29411766 0.45490196
0.32156864 0.28235295 0.23529412 0.2509804 0.2784314 0.25490198 0.3529412 0.42352942 0.4392157 0.22745098 0.18039216 0.16862746 0.14901961 0.16470589 0.16078432 0.14117648 0.14117648 0.16862746 0.20784314 0.2627451 0.26666668 0.101960786 0.05490196 0.07058824 0.2 0.32941177 0.11764706 0.003921569 0.02745098 0.16470589 0.22745098 0.36078432
0.53333336 0.5568628 0.4627451 0.4862745 0.4392157 0.36078432 0.4862745 0.5254902 0.4509804 0.16078432 0.09019608 0.08235294 0.14901961 0.16862746 0.14509805 0.10980392 0.14117648 0.20784314 0.2 0.16470589 0.23529412 0.19607843 0.078431375 0.039215688 0.16862746 0.33333334 0.13725491 0.015686275 0.019607844 0.078431375 0.18431373 0.32156864
0.83137256 0.84313726 0.7882353 0.7607843 0.8235294 0.79607844 0.78431374 0.7647059 0.7529412 0.45882353 0.11764706 0.07058824 0.14509805 0.11372549 0.08627451 0.078431375 0.105882354 0.14901961 0.18431373 0.3137255 0.5882353 0.6039216 0.2509804 0.0627451 0.14901961 0.2784314 0.20392157 0.03529412 0.02745098 0.105882354 0.3137255 0.50980395
0.8352941 0.87058824 0.8352941 0.8039216 0.8509804 0.87058824 0.8666667 0.8666667 0.8862745 0.8392157 0.3882353 0.1254902 0.11372549 0.3254902 0.44313726 0.42745098 0.4392157 0.52156866 0.67058825 0.8392157 0.91764706 0.6666667 0.2901961 0.11764706 0.14117648 0.19607843 0.27058825 0.10980392 0.05490196 0.14901961 0.3019608 0.31764707
0.83137256 0.8627451 0.8666667 0.8627451 0.87058824 0.8745098 0.8745098 0.8745098 0.87058824 0.89411765 0.60784316 0.15686275 0.12156863 0.52156866 0.9098039 0.89411765 0.9019608 0.92156863 0.92941177 0.9254902 0.87058824 0.627451 0.3647059 0.19215687 0.14901961 0.15294118 0.19215687 0.18039216 0.09411765 0.105882354 0.14901961 0.24313726
0.84705883 0.8784314 0.8862745 0.8862745 0.89411765 0.8901961 0.8901961 0.8862745 0.88235295 0.89411765 0.80784315 0.25882354 0.101960786 0.38431373 0.8901961 0.9137255 0.91764706 0.92156863 0.9098039 0.92156863 0.8627451 0.47843137 0.25490198 0.21568628 0.16078432 0.105882354 0.101960786 0.17254902 0.12941177 0.09411765 0.1882353 0.26666668
0.84705883 0.8745098 0.88235295 0.88235295 0.8862745 0.8901961 0.8862745 0.8862745 0.8901961 0.8862745 0.8980392 0.44705883 0.12156863 0.2901961 0.80784315 0.9137255 0.9019608 0.90588236 0.8980392 0.8901961 0.8784314 0.6431373 0.40784314 0.49411765 0.3019608 0.09019608 0.08235294 0.14117648 0.16470589 0.08627451 0.3254902 0.44313726
0.8392157 0.85882354 0.8627451 0.87058824 0.88235295 0.8862745 0.88235295 0.8901961 0.89411765 0.8862745 0.90588236 0.5921569 0.23137255 0.2784314 0.7137255 0.91764706 0.89411765 0.8862745 0.8745098 0.8627451 0.8666667 0.84705883 0.7882353 0.7490196 0.6 0.23529412 0.29803923 0.2 0.36862746 0.16470589 0.36862746 0.6745098
0.8392157 0.8666667 0.88235295 0.8862745 0.8901961 0.89411765 0.89411765 0.89411765 0.8980392 0.8901961 0.9137255 0.72156864 0.36078432 0.43529412 0.65882355 0.9254902 0.90588236 0.9019608 0.90588236 0.90588236 0.8980392 0.90588236 0.91764706 0.93333334 0.8666667 0.3882353 0.64705884 0.48235294 0.7019608 0.38431373 0.48235294 0.83137256
0.8392157 0.87058824 0.8862745 0.89411765 0.89411765 0.8862745 0.8901961 0.89411765 0.89411765 0.8901961 0.9019608 0.84313726 0.43137255 0.54901963 0.53333336 0.8784314 0.9019608 0.9019608 0.90588236 0.90588236 0.9019608 0.90588236 0.9137255 0.9254902 0.85490197 0.4 0.70980394 0.8627451 0.89411765 0.6627451 0.6156863 0.87058824
0.8352941 0.87058824 0.8745098 0.8862745 0.89411765 0.89411765 0.8862745 0.89411765 0.90588236 0.8980392 0.8980392 0.8784314 0.40784314 0.5529412 0.45882353 0.85490197 0.9137255 0.9137255 0.91764706 0.9098039 0.90588236 0.90588236 0.90588236 0.9137255 0.81960785 0.35686275 0.7058824 0.8862745 0.8745098 0.84313726 0.78039217 0.83137256
0.8352941 0.87058824 0.88235295 0.8901961 0.81960785 0.83137256 0.85490197 0.7921569 0.8 0.78431374 0.8862745 0.89411765 0.56078434 0.6431373 0.5686275 0.85882354 0.88235295 0.87058824 0.8666667 0.85882354 0.85882354 0.8509804 0.8352941 0.84705883 0.654902 0.32941177 0.72156864 0.84705883 0.8235294 0.8 0.7921569 0.76862746
0.83137256 0.8509804 0.84705883 0.8509804 0.7176471 0.6509804 0.69803923 0.654902 0.6 0.68235296 0.8039216 0.85490197 0.84313726 0.75686276 0.7176471 0.7882353 0.78431374 0.78039217 0.7607843 0.74509805 0.7411765 0.7176471 0.7137255 0.72156864 0.5647059 0.54509807 0.7019608 0.72156864 0.7921569 0.73333335 0.7372549 0.73333335
0.74509805 0.7411765 0.7254902 0.74509805 0.7294118 0.7372549 0.72156864 0.69803923 0.6039216 0.70980394 0.7490196 0.7607843 0.75686276 0.7294118 0.7137255 0.7254902 0.7254902 0.7294118 0.7254902 0.70980394 0.70980394 0.69411767 0.7137255 0.72156864 0.7372549 0.74509805 0.72156864 0.73333335 0.7529412 0.7647059 0.7490196 0.7254902
0.6627451 0.64705884 0.6509804 0.654902 0.6627451 0.6666667 0.65882355 0.62352943 0.6156863 0.6509804 0.6627451 0.6666667 0.6627451 0.654902 0.6666667 0.6666667 0.6784314 0.69411767 0.69411767 0.69411767 0.6901961 0.68235296 0.7019608 0.69803923 0.7019608 0.7058824 0.7019608 0.7019608 0.7058824 0.69411767 0.6862745 0.6666667
0.74509805 0.7019608 0.69803923 0.7019608 0.7019608 0.7058824 0.7019608 0.7058824 0.7137255 0.7019608 0.7058824 0.70980394 0.7058824 0.7058824 0.7058824 0.7137255 0.72156864 0.7294118 0.73333335 0.73333335 0.7254902 0.72156864 0.7176471 0.70980394 0.7176471 0.7176471 0.7137255 0.7137255 0.7137255 0.70980394 0.7058824 0.7058824
1.0 0.99607843 1.0 1.0 0.9529412 0.83137256 0.84705883 0.83137256 0.81960785 0.84705883 0.8235294 0.827451 0.87058824 0.8235294 0.8352941 0.827451 0.85490197 0.8352941 0.827451 0.9254902 0.84313726 0.7647059 0.8 0.8235294 0.8235294 0.8745098 0.99215686 0.99607843 0.99215686 0.99215686 0.9882353 0.99215686
0.8039216 0.8156863 0.81960785 0.8117647 0.8235294 0.84705883 0.8392157 0.827451 0.8352941 0.8392157 0.8392157 0.8117647 0.88235295 0.9019608 0.8509804 0.8235294 0.8745098 0.8509804 0.8235294 0.84705883 0.85490197 0.8980392 0.92156863 0.85882354 0.87058824 0.9254902 0.91764706 0.9254902 0.91764706 0.9137255 0.9019608 0.8745098
0.78039217 0.84313726 0.8117647 0.827451 0.827451 0.89411765 0.93333334 0.8862745 0.84705883 0.8039216 0.80784315 0.8039216 0.8509804 0.85882354 0.8352941 0.8745098 0.8980392 0.8039216 0.8509804 0.8627451 0.8901961 0.91764706 0.92156863 0.9490196 0.9137255 0.84705883 0.85490197 0.91764706 0.8980392 0.90588236 0.9137255 0.8745098
0.7764706 0.7882353 0.7607843 0.8 0.78039217 0.81960785 0.8509804 0.8352941 0.84705883 0.88235295 0.8392157 0.85490197 0.9098039 0.87058824 0.85490197 0.8039216 0.7882353 0.72156864 0.74509805 0.68235296 0.70980394 0.8392157 0.84705883 0.85490197 0.8666667 0.8 0.81960785 0.8509804 0.78431374 0.8509804 0.89411765 0.8666667
0.76862746 0.7019608 0.7529412 0.74509805 0.7058824 0.80784315 0.827451 0.8039216 0.7921569 0.84313726 0.8784314 0.8784314 0.8392157 0.8 0.81960785 0.7137255 0.7176471 0.7490196 0.67058825 0.60784316 0.6117647 0.69411767 0.7764706 0.79607844 0.80784315 0.76862746 0.79607844 0.8156863 0.7411765 0.78431374 0.8784314 0.8784314
0.7254902 0.6666667 0.6313726 0.5764706 0.6392157 0.70980394 0.8156863 0.80784315 0.76862746 0.8352941 0.8666667 0.8666667 0.85490197 0.8509804 0.85882354 0.8666667 0.87058824 0.8627451 0.81960785 0.7176471 0.62352943 0.62352943 0.78039217 0.85882354 0.827451 0.79607844 0.8392157 0.8352941 0.7764706 0.81960785 0.8352941 0.83137256
0.60784316 0.6 0.6 0.39607844 0.44705883 0.5921569 0.68235296 0.7529412 0.88235295 0.9137255 0.8901961 0.88235295 0.8745098 0.8666667 0.8627451 0.8745098 0.87058824 0.8666667 0.85882354 0.827451 0.7882353 0.7607843 0.7137255 0.7921569 0.8 0.74509805 0.78039217 0.7764706 0.8392157 0.8745098 0.8509804 0.8117647
0.6392157 0.54509807 0.5882353 0.36862746 0.25882354 0.32941177 0.37254903 0.4117647 0.54901963 0.70980394 0.8627451 0.85882354 0.84705883 0.8509804 0.85490197 0.8509804 0.84705883 0.84705883 0.8509804 0.84705883 0.8627451 0.8509804 0.77254903 0.77254903 0.7529412 0.70980394 0.70980394 0.63529414 0.6901961 0.81960785 0.84705883 0.8117647
0.6117647 0.5137255 0.5058824 0.28235295 0.23921569 0.1882353 0.14509805 0.21960784 0.18431373 0.19607843 0.5921569 0.8784314 0.8352941 0.8509804 0.85490197 0.83137256 0.83137256 0.8352941 0.8509804 0.8509804 0.85490197 0.8039216 0.78431374 0.79607844 0.7529412 0.69803923 0.69803923 0.5254902 0.5058824 0.7607843 0.8352941 0.7882353
0.52156866 0.47843137 0.3764706 0.22352941 0.20392157 0.13725491 0.09019608 0.16470589 0.20392157 0.16862746 0.24313726 0.67058825 0.7764706 0.72156864 0.8117647 0.8392157 0.84705883 0.8509804 0.84705883 0.8509804 0.84313726 0.8392157 0.827451 0.7607843 0.6862745 0.6313726 0.6156863 0.42745098 0.44313726 0.7294118 0.77254903 0.73333335
0.5019608 0.43529412 0.28235295 0.19215687 0.20784314 0.29411766 0.16470589 0.12156863 0.17254902 0.18431373 0.1764706 0.34901962 0.54901963 0.59607846 0.8039216 0.8627451 0.85882354 0.8627451 0.85882354 0.8509804 0.81960785 0.8156863 0.7882353 0.6392157 0.60784316 0.63529414 0.5411765 0.43137255 0.47843137 0.6901961 0.8039216 0.76862746
0.43137255 0.3882353 0.2627451 0.27450982 0.4509804 0.63529414 0.45490196 0.12156863 0.16862746 0.20392157 0.20784314 0.32941177 0.4745098 0.53333336 0.7372549 0.80784315 0.78431374 0.81960785 0.8039216 0.7490196 0.69803923 0.7019608 0.68235296 0.654902 0.59607846 0.6 0.5372549 0.5137255 0.49019608 0.5137255 0.7176471 0.80784315
0.35686275 0.25882354 0.25882354 0.35686275 0.48235294 0.65882355 0.6117647 0.19215687 0.12941177 0.21568628 0.29803923 0.3647059 0.4509804 0.5921569 0.7176471 0.74509805 0.7372549 0.69411767 0.53333336 0.45882353 0.41960785 0.4 0.32941177 0.38039216 0.42745098 0.30588236 0.21960784 0.35686275 0.34901962 0.2901961 0.5137255 0.7529412
0.3647059 0.30588236 0.28627452 0.36078432 0.52156866 0.6117647 0.5764706 0.3254902 0.10980392 0.24313726 0.35686275 0.38039216 0.3372549 0.40392157 0.52156866 0.57254905 0.5568628 0.4627451 0.38431373 0.24705882 0.14901961 0.18039216 0.1764706 0.2 0.24313726 0.21568628 0.050980393 0.14509805 0.3137255 0.30588236 0.5137255 0.7058824
0.3254902 0.28627452 0.2901961 0.34901962 0.40392157 0.44313726 0.5019608 0.43529412 0.23921569 0.29803923 0.32156864 0.2509804 0.1764706 0.22352941 0.27058825 0.3019608 0.25882354 0.1764706 0.24313726 0.21960784 0.11372549 0.105882354 0.11372549 0.16078432 0.22745098 0.2509804 0.078431375 0.03529412 0.18431373 0.31764707 0.58431375 0.6509804
0.40784314 0.28627452 0.27450982 0.27058825 0.36078432 0.40392157 0.4862745 0.47843137 0.4117647 0.30588236 0.22745098 0.2 0.14509805 0.16862746 0.19215687 0.1882353 0.14509805 0.10980392 0.13725491 0.20392157 0.14901961 0.05490196 0.047058824 0.101960786 0.18431373 0.21960784 0.09019608 0.007843138 0.09019608 0.25882354 0.4 0.54901963
0.42745098 0.40784314 0.34901962 0.35686275 0.3882353 0.36078432 0.45882353 0.5294118 0.50980395 0.21960784 0.14509805 0.14901961 0.12156863 0.13333334 0.12941177 0.10980392 0.09411765 0.10980392 0.1254902 0.16470589 0.18431373 0.05882353 0.047058824 0.078431375 0.14901961 0.23137255 0.09019608 0.015686275 0.06666667 0.24705882 0.33333334 0.45490196
0.58431375 0.627451 0.52156866 0.5294118 0.4862745 0.4117647 0.54901963 0.5921569 0.48235294 0.13725491 0.0627451 0.07450981 0.101960786 0.1254902 0.11764706 0.08235294 0.09019608 0.14117648 0.12941177 0.08627451 0.16078432 0.15686275 0.07058824 0.043137256 0.12156863 0.25490198 0.11764706 0.02745098 0.050980393 0.13725491 0.2627451 0.39215687
0.8156863 0.84313726 0.78431374 0.7411765 0.80784315 0.7882353 0.7921569 0.77254903 0.73333335 0.41568628 0.09411765 0.06666667 0.09019608 0.0627451 0.050980393 0.047058824 0.05882353 0.09411765 0.1254902 0.2509804 0.54901963 0.59607846 0.2627451 0.0627451 0.09803922 0.21960784 0.2 0.05490196 0.050980393 0.12941177 0.36862746 0.5568628
0.8039216 0.8509804 0.80784315 0.78039217 0.83137256 0.85490197 0.8509804 0.8509804 0.8666667 0.81960785 0.3647059 0.101960786 0.08627451 0.2901961 0.40392157 0.38431373 0.3882353 0.46666667 0.61960787 0.78431374 0.88235295 0.6862745 0.3372549 0.12941177 0.105882354 0.17254902 0.28627452 0.13333334 0.05490196 0.15686275 0.3529412 0.36862746
0.8117647 0.84705883 0.8509804 0.8509804 0.85882354 0.85882354 0.85882354 0.85882354 0.85882354 0.88235295 0.5882353 0.13333334 0.101960786 0.49803922 0.8745098 0.85882354 0.85882354 0.8745098 0.88235295 0.8745098 0.8352941 0.63529414 0.39607844 0.1882353 0.11372549 0.12941177 0.20392157 0.19607843 0.08627451 0.101960786 0.18431373 0.2784314
0.8235294 0.8627451 0.87058824 0.8666667 0.87058824 0.87058824 0.87058824 0.8627451 0.85490197 0.87058824 0.7764706 0.22352941 0.07450981 0.3529412 0.8509804 0.8745098 0.87058824 0.87058824 0.8627451 0.87058824 0.84705883 0.5019608 0.28235295 0.22745098 0.13725491 0.07450981 0.101960786 0.17254902 0.11372549 0.07450981 0.19607843 0.27450982
0.8235294 0.85882354 0.8666667 0.85882354 0.85882354 0.85882354 0.85490197 0.85882354 0.85882354 0.85882354 0.8627451 0.40784314 0.09411765 0.25882354 0.7764706 0.8784314 0.85882354 0.85490197 0.8509804 0.84313726 0.83137256 0.59607846 0.3529412 0.43529412 0.24313726 0.050980393 0.07058824 0.13725491 0.14509805 0.05882353 0.30980393 0.43137255
0.81960785 0.8392157 0.84313726 0.84313726 0.85490197 0.85490197 0.8509804 0.85882354 0.8666667 0.85490197 0.8745098 0.56078434 0.21176471 0.25490198 0.6862745 0.8901961 0.8627451 0.8509804 0.8392157 0.827451 0.80784315 0.7607843 0.6862745 0.6392157 0.52156866 0.19215687 0.26666668 0.17254902 0.32941177 0.12941177 0.3372549 0.6509804
0.81960785 0.84313726 0.84705883 0.85490197 0.85490197 0.85490197 0.85882354 0.8627451 0.85882354 0.8509804 0.8745098 0.6901961 0.34509805 0.4117647 0.6313726 0.8980392 0.8666667 0.8627451 0.8666667 0.8666667 0.8627451 0.8627451 0.85882354 0.85882354 0.80784315 0.35686275 0.6039216 0.43529412 0.64705884 0.33333334 0.4392157 0.7882353
0.8235294 0.84705883 0.85490197 0.85882354 0.85882354 0.8509804 0.8509804 0.85882354 0.85882354 0.85490197 0.8666667 0.8156863 0.4117647 0.5294118 0.5058824 0.8509804 0.85490197 0.8509804 0.85490197 0.85490197 0.85490197 0.85490197 0.85490197 0.8627451 0.80784315 0.38039216 0.6862745 0.827451 0.8392157 0.61960787 0.5764706 0.827451
0.81960785 0.84705883 0.84313726 0.85490197 0.8666667 0.8627451 0.85490197 0.8627451 0.87058824 0.8627451 0.8627451 0.8509804 0.39215687 0.5294118 0.43137255 0.8235294 0.8784314 0.8745098 0.8784314 0.8745098 0.8666667 0.8666667 0.87058824 0.88235295 0.8 0.34509805 0.69411767 0.8666667 0.8352941 0.827451 0.76862746 0.8156863
0.8235294 0.8509804 0.85490197 0.85882354 0.78039217 0.7921569 0.81960785 0.7529412 0.7607843 0.74509805 0.8509804 0.8666667 0.54509807 0.61960787 0.5411765 0.83137256 0.87058824 0.8666667 0.85882354 0.85490197 0.84705883 0.84313726 0.84313726 0.8666667 0.6666667 0.32156864 0.72156864 0.8392157 0.8039216 0.81960785 0.8235294 0.7921569
0.83137256 0.85490197 0.84705883 0.84705883 0.7058824 0.63529414 0.68235296 0.6392157 0.58431375 0.67058825 0.79607844 0.84705883 0.83137256 0.74509805 0.7058824 0.78431374 0.8039216 0.80784315 0.7882353 0.77254903 0.76862746 0.75686276 0.75686276 0.76862746 0.59607846 0.56078434 0.72156864 0.7372549 0.79607844 0.76862746 0.7764706 0.77254903
0.7647059 0.76862746 0.7529412 0.7647059 0.74509805 0.7490196 0.7294118 0.7019608 0.60784316 0.7176471 0.7647059 0.7764706 0.7607843 0.7372549 0.72156864 0.7372549 0.7529412 0.75686276 0.7529412 0.7372549 0.7490196 0.7372549 0.7529412 0.75686276 0.7647059 0.7607843 0.7372549 0.7490196 0.7607843 0.7882353 0.78039217 0.7529412
0.68235296 0.6666667 0.67058825 0.6745098 0.6784314 0.68235296 0.67058825 0.63529414 0.62352943 0.6627451 0.6745098 0.6784314 0.6745098 0.67058825 0.68235296 0.68235296 0.68235296 0.69411767 0.69411767 0.6901961 0.69411767 0.6901961 0.7058824 0.7019608 0.7019608 0.7019608 0.69803923 0.69803923 0.7019608 0.69803923 0.69411767 0.67058825
0.7529412 0.70980394 0.7058824 0.7058824 0.7058824 0.7058824 0.7058824 0.7058824 0.7176471 0.7019608 0.7058824 0.70980394 0.70980394 0.70980394 0.70980394 0.7137255 0.70980394 0.7137255 0.7176471 0.7176471 0.7176471 0.7137255 0.7137255 0.7019608 0.70980394 0.70980394 0.7058824 0.70980394 0.70980394 0.70980394 0.7058824 0.70980394
1.0 1.0 1.0 1.0 0.94509804 0.827451 0.84313726 0.827451 0.81960785 0.8392157 0.81960785 0.81960785 0.8666667 0.81960785 0.827451 0.81960785 0.8509804 0.83137256 0.8235294 0.91764706 0.84313726 0.76862746 0.8039216 0.827451 0.827451 0.88235295 0.99607843 1.0 1.0 1.0 1.0 1.0
0.9019608 0.8980392 0.89411765 0.88235295 0.8901961 0.9098039 0.9019608 0.8980392 0.91764706 0.91764706 0.91764706 0.8901961 0.9529412 0.9843137 0.9372549 0.9019608 0.9411765 0.91764706 0.89411765 0.92156863 0.9137255 0.92941177 0.9411765 0.8980392 0.90588236 0.9411765 0.92941177 0.9411765 0.93333334 0.92941177 0.8980392 0.8666667
0.84705883 0.8392157 0.7921569 0.83137256 0.85490197 0.9254902 0.9764706 0.9490196 0.9254902 0.88235295 0.8901961 0.88235295 0.91764706 0.93333334 0.9098039 0.9372549 0.9411765 0.84705883 0.8980392 0.90588236 0.9254902 0.9411765 0.93333334 0.9490196 0.89411765 0.8156863 0.8392157 0.9254902 0.9137255 0.91764706 0.90588236 0.8627451
0.7372549 0.6627451 0.6313726 0.7019608 0.70980394 0.8039216 0.8901961 0.9019608 0.9098039 0.9372549 0.9019608 0.9137255 0.95686275 0.91764706 0.8980392 0.8392157 0.8039216 0.7411765 0.77254903 0.7137255 0.7411765 0.8784314 0.8745098 0.8352941 0.8039216 0.72156864 0.7764706 0.84313726 0.8 0.85882354 0.8862745 0.8509804
0.68235296 0.5411765 0.60784316 0.58431375 0.54509807 0.73333335 0.8392157 0.8627451 0.85882354 0.9019608 0.9254902 0.9137255 0.88235295 0.84705883 0.8627451 0.7490196 0.7607843 0.7921569 0.72156864 0.67058825 0.67058825 0.7490196 0.8117647 0.78431374 0.74509805 0.68235296 0.7490196 0.81960785 0.77254903 0.79607844 0.8666667 0.85882354
0.6117647 0.49803922 0.48235294 0.45490196 0.52156866 0.5921569 0.7254902 0.7921569 0.8235294 0.8745098 0.8862745 0.8784314 0.8745098 0.88235295 0.89411765 0.8901961 0.89411765 0.8901961 0.85882354 0.7647059 0.6784314 0.6666667 0.78431374 0.85882354 0.8039216 0.7411765 0.79607844 0.8392157 0.8117647 0.8392157 0.8235294 0.8156863
0.48235294 0.4392157 0.4745098 0.3764706 0.4392157 0.5254902 0.58431375 0.6862745 0.8666667 0.9019608 0.8784314 0.8784314 0.8862745 0.8784314 0.8745098 0.8784314 0.8627451 0.8666667 0.8745098 0.85490197 0.8039216 0.74509805 0.67058825 0.7529412 0.7529412 0.65882355 0.67058825 0.6666667 0.7607843 0.8627451 0.84705883 0.8117647
0.5019608 0.4 0.50980395 0.34901962 0.23921569 0.3019608 0.37254903 0.42745098 0.54901963 0.7176471 0.8901961 0.89411765 0.85882354 0.85882354 0.8509804 0.84705883 0.8392157 0.8392157 0.84705883 0.85490197 0.8509804 0.79607844 0.68235296 0.6784314 0.6509804 0.5686275 0.5372549 0.44313726 0.5294118 0.7647059 0.83137256 0.8156863
0.4627451 0.37254903 0.46666667 0.2627451 0.19607843 0.16862746 0.18039216 0.27058825 0.20392157 0.21960784 0.6117647 0.8980392 0.8509804 0.85882354 0.8627451 0.8509804 0.84705883 0.84705883 0.8509804 0.84705883 0.84705883 0.7607843 0.6784314 0.6627451 0.5921569 0.5058824 0.5058824 0.34901962 0.35686275 0.65882355 0.8 0.7882353
0.3882353 0.38431373 0.35686275 0.23137255 0.18039216 0.09803922 0.078431375 0.18039216 0.22352941 0.1764706 0.24313726 0.67058825 0.78431374 0.7176471 0.80784315 0.84313726 0.8352941 0.84705883 0.8509804 0.84313726 0.8117647 0.78431374 0.7372549 0.6313726 0.5176471 0.44705883 0.45490196 0.30588236 0.34117648 0.63529414 0.7294118 0.7137255
0.39215687 0.38431373 0.26666668 0.17254902 0.14901961 0.21568628 0.1254902 0.1254902 0.19215687 0.20392157 0.19607843 0.36862746 0.5647059 0.5921569 0.7882353 0.84705883 0.81960785 0.84313726 0.8627451 0.84705883 0.75686276 0.7411765 0.7176471 0.53333336 0.45490196 0.4627451 0.38431373 0.29411766 0.35686275 0.6039216 0.75686276 0.7411765
0.33333334 0.32941177 0.22352941 0.2 0.32941177 0.49411765 0.35686275 0.09019608 0.17254902 0.21568628 0.23137255 0.35686275 0.5058824 0.5529412 0.7411765 0.8039216 0.76862746 0.81960785 0.8156863 0.74509805 0.6666667 0.68235296 0.67058825 0.6156863 0.50980395 0.47843137 0.40784314 0.37254903 0.34901962 0.40392157 0.6431373 0.7764706
0.25490198 0.1764706 0.18039216 0.24705882 0.32156864 0.47058824 0.45490196 0.11764706 0.11372549 0.21568628 0.3254902 0.4 0.47843137 0.61960787 0.74509805 0.7647059 0.7490196 0.72156864 0.56078434 0.4627451 0.43529412 0.44705883 0.38431373 0.42352942 0.44313726 0.29803923 0.18431373 0.29411766 0.26666668 0.18431373 0.40392157 0.6862745
0.25882354 0.20392157 0.18039216 0.23921569 0.36862746 0.41960785 0.39607844 0.21960784 0.078431375 0.23921569 0.38431373 0.4117647 0.34901962 0.43137255 0.56078434 0.60784316 0.5882353 0.5058824 0.41960785 0.2509804 0.13333334 0.17254902 0.18431373 0.20392157 0.24705882 0.21568628 0.03529412 0.101960786 0.24313726 0.20784314 0.3764706 0.5882353
0.22745098 0.18431373 0.1882353 0.24705882 0.29803923 0.3137255 0.34117648 0.30588236 0.20392157 0.30980393 0.34509805 0.25490198 0.17254902 0.22745098 0.28627452 0.32156864 0.27058825 0.19215687 0.25882354 0.22352941 0.07058824 0.047058824 0.08627451 0.14117648 0.20784314 0.21176471 0.050980393 0.019607844 0.12156863 0.21960784 0.43137255 0.49411765
0.29411766 0.16470589 0.15686275 0.15686275 0.2627451 0.32156864 0.38039216 0.36862746 0.35686275 0.30980393 0.23921569 0.18431373 0.11764706 0.14117648 0.16862746 0.16862746 0.12156863 0.08627451 0.11372549 0.18039216 0.09411765 0.003921569 0.019607844 0.08235294 0.14901961 0.14901961 0.050980393 0.02745098 0.05490196 0.16470589 0.24705882 0.39215687
0.29803923 0.27450982 0.21568628 0.23529412 0.29411766 0.29803923 0.39607844 0.45490196 0.44313726 0.19215687 0.13725491 0.12941177 0.07058824 0.078431375 0.078431375 0.05490196 0.043137256 0.05490196 0.06666667 0.105882354 0.101960786 0.0 0.007843138 0.05490196 0.09803922 0.13725491 0.047058824 0.039215688 0.05490196 0.17254902 0.19607843 0.3137255
0.48235294 0.52156866 0.41960785 0.43137255 0.4117647 0.3647059 0.49803922 0.5294118 0.42745098 0.09411765 0.03529412 0.05490196 0.050980393 0.06666667 0.05490196 0.015686275 0.02745098 0.07058824 0.050980393 0.003921569 0.05882353 0.07450981 0.02745098 0.019607844 0.078431375 0.16862746 0.078431375 0.043137256 0.03137255 0.08627451 0.15686275 0.2784314
0.75686276 0.77254903 0.7137255 0.6745098 0.7529412 0.74509805 0.7294118 0.70980394 0.68235296 0.35686275 0.050980393 0.043137256 0.050980393 0.019607844 0.0 0.0 0.0 0.023529412 0.047058824 0.16862746 0.42745098 0.47843137 0.2 0.03137255 0.07058824 0.15686275 0.14117648 0.039215688 0.011764706 0.09019608 0.2901961 0.46666667
0.7137255 0.7294118 0.6901961 0.67058825 0.7254902 0.74509805 0.7411765 0.7372549 0.7529412 0.7019608 0.27450982 0.043137256 0.02745098 0.22352941 0.32156864 0.29411766 0.28627452 0.35686275 0.5058824 0.67058825 0.7529412 0.54901963 0.22745098 0.05882353 0.07058824 0.1254902 0.20392157 0.0627451 0.011764706 0.09411765 0.2901961 0.3019608
0.6509804 0.654902 0.6627451 0.67058825 0.6745098 0.6784314 0.6784314 0.68235296 0.68235296 0.7058824 0.44705883 0.02745098 0.007843138 0.38431373 0.7411765 0.7058824 0.69803923 0.7137255 0.72156864 0.7137255 0.68235296 0.49019608 0.27058825 0.105882354 0.06666667 0.08235294 0.12941177 0.1254902 0.039215688 0.05490196 0.13333334 0.21568628
0.6745098 0.68235296 0.6901961 0.6901961 0.6901961 0.6901961 0.6901961 0.69411767 0.69411767 0.7058824 0.6431373 0.13725491 0.015686275 0.27450982 0.7411765 0.7372549 0.7254902 0.7294118 0.72156864 0.7294118 0.68235296 0.32941177 0.14509805 0.12156863 0.06666667 0.02745098 0.047058824 0.11764706 0.06666667 0.047058824 0.13725491 0.19215687
0.6784314 0.6862745 0.6901961 0.68235296 0.6784314 0.6784314 0.6745098 0.6784314 0.6784314 0.6745098 0.7058824 0.30588236 0.039215688 0.18039216 0.6509804 0.72156864 0.69803923 0.69411767 0.6901961 0.68235296 0.6627451 0.43137255 0.23137255 0.3372549 0.17254902 0.003921569 0.03529412 0.09019608 0.08627451 0.015686275 0.21960784 0.30588236
0.6392157 0.627451 0.627451 0.62352943 0.62352943 0.627451 0.62352943 0.6313726 0.6431373 0.63529414 0.6745098 0.40392157 0.10980392 0.14117648 0.52156866 0.6862745 0.65882355 0.6509804 0.6392157 0.627451 0.6156863 0.5882353 0.54509807 0.5176471 0.41568628 0.12941177 0.21960784 0.09411765 0.24313726 0.0627451 0.21176471 0.4862745
0.627451 0.6156863 0.6156863 0.62352943 0.627451 0.6313726 0.6313726 0.63529414 0.63529414 0.6392157 0.6745098 0.50980395 0.21960784 0.28627452 0.46666667 0.69411767 0.6627451 0.6627451 0.6666667 0.6666667 0.654902 0.654902 0.6666667 0.6784314 0.6431373 0.24705882 0.5058824 0.30588236 0.5372549 0.22745098 0.27450982 0.6117647
0.61960787 0.6117647 0.6117647 0.6313726 0.63529414 0.6313726 0.6313726 0.6313726 0.62352943 0.62352943 0.6392157 0.60784316 0.28235295 0.4 0.34509805 0.64705884 0.64705884 0.6431373 0.64705884 0.64705884 0.6392157 0.6431373 0.654902 0.67058825 0.6313726 0.24313726 0.54509807 0.6784314 0.7490196 0.4509804 0.36862746 0.64705884
0.60784316 0.6 0.5921569 0.6039216 0.60784316 0.60784316 0.6 0.61960787 0.6509804 0.6392157 0.6313726 0.63529414 0.25490198 0.40392157 0.27058825 0.61960787 0.64705884 0.6392157 0.6431373 0.6392157 0.6313726 0.6392157 0.6509804 0.67058825 0.61960787 0.20784314 0.50980395 0.6862745 0.7411765 0.6156863 0.52156866 0.6
0.6039216 0.6 0.59607846 0.63529414 0.5764706 0.5882353 0.6156863 0.5568628 0.57254905 0.54509807 0.6313726 0.65882355 0.4117647 0.49411765 0.38431373 0.627451 0.627451 0.6117647 0.60784316 0.6 0.59607846 0.6 0.6039216 0.6313726 0.49019608 0.20392157 0.50980395 0.61960787 0.6862745 0.5921569 0.54509807 0.5372549
0.61960787 0.60784316 0.59607846 0.6156863 0.49411765 0.44313726 0.5058824 0.46666667 0.40392157 0.47058824 0.5647059 0.627451 0.6901961 0.6 0.5294118 0.5764706 0.56078434 0.5529412 0.5372549 0.5176471 0.5058824 0.4862745 0.49411765 0.5137255 0.37254903 0.3529412 0.4627451 0.49411765 0.6156863 0.52156866 0.48235294 0.5019608
0.5137255 0.4862745 0.4745098 0.47843137 0.45882353 0.48235294 0.4862745 0.4745098 0.38039216 0.47058824 0.4862745 0.5019608 0.5411765 0.5019608 0.4627451 0.4627451 0.46666667 0.46666667 0.4627451 0.4509804 0.44705883 0.43137255 0.45882353 0.4745098 0.4862745 0.47058824 0.4392157 0.4745098 0.5137255 0.5019608 0.4627451 0.4627451
0.4862745 0.45490196 0.47058824 0.45882353 0.44705883 0.46666667 0.4627451 0.44705883 0.44705883 0.4745098 0.4745098 0.47058824 0.46666667 0.45490196 0.45490196 0.44313726 0.45882353 0.4745098 0.47058824 0.47058824 0.4745098 0.47058824 0.49803922 0.5019608 0.50980395 0.5058824 0.49803922 0.5019608 0.50980395 0.49411765 0.4745098 0.46666667
0.6901961 0.6392157 0.654902 0.64705884 0.63529414 0.6392157 0.63529414 0.6431373 0.6627451 0.64705884 0.6509804 0.654902 0.63529414 0.63529414 0.6313726 0.6392157 0.6431373 0.6509804 0.6509804 0.6509804 0.6431373 0.6431373 0.64705884 0.64705884 0.6627451 0.6627451 0.67058825 0.654902 0.6392157 0.6509804 0.654902 0.654902
1.0 0.9882353 1.0 1.0 0.9529412 0.83137256 0.84313726 0.827451 0.8117647 0.84313726 0.827451 0.827451 0.8745098 0.83137256 0.84313726 0.8352941 0.8627451 0.8392157 0.83137256 0.92941177 0.8392157 0.7529412 0.8 0.83137256 0.83137256 0.8901961 1.0 1.0 0.98039216 1.0 1.0 1.0
14 17 1
16 15 1
16 14 1
14 16 1
19 16 0
13 21 1
14 15 1
16 27 2
17 11 1
20 24 2
20 15 1
21 25 2
17 12 1
21 12 2
14 27 0
31 2 1
11 29 0
21 25 1
18 11 1
10 17 0
14 21 0
15 21 1
12 26 2
14 13 2
18 12 1
16 16 1
9 4 0
20 16 1
9 3 0
12 26 0
15 18 1
17 12 2
19 24 2
13 20 1
9 18 0
22 10 0
19 14 0
10 17 2
14 2 0
16 27 0
17 16 1
14 11 1
23 10 0
10 8 1
20 30 2
19 16 2
15 20 1
14 27 2
15 21 0
14 14 1
