32, 32, 3, 50
0.4745098 0.47058824 0.47058824 0.47058824 0.4745098 0.4745098 0.4745098 0.4745098 0.47843137 0.48235294 0.4862745 0.49019608 0.49019608 0.49019608 0.4862745 0.48235294 0.4862745 0.4862745 0.49019608 0.49803922 0.49803922 0.49411765 0.49803922 0.5019608 0.5058824 0.5019608 0.4862745 0.48235294 0.48235294 0.4745098 0.47843137 0.47843137
0.48235294 0.47843137 0.47843137 0.47843137 0.47843137 0.48235294 0.48235294 0.4862745 0.4862745 0.49019608 0.49019608 0.49411765 0.49411765 0.49411765 0.49411765 0.49019608 0.49803922 0.49803922 0.49803922 0.5019608 0.5019608 0.49803922 0.49803922 0.5019608 0.50980395 0.5058824 0.49411765 0.4862745 0.48235294 0.48235294 0.4862745 0.49019608
0.49411765 0.49019608 0.49411765 0.49803922 0.49803922 0.49803922 0.5019608 0.5019608 0.5019608 0.5019608 0.5019608 0.5058824 0.5058824 0.5058824 0.5058824 0.50980395 0.5137255 0.5137255 0.5176471 0.5137255 0.5137255 0.50980395 0.5058824 0.50980395 0.5137255 0.5137255 0.5058824 0.49803922 0.49411765 0.49803922 0.5019608 0.50980395
0.5137255 0.50980395 0.50980395 0.5176471 0.5176471 0.5176471 0.5176471 0.52156866 0.52156866 0.52156866 0.5176471 0.5176471 0.5176471 0.5176471 0.5254902 0.5294118 0.53333336 0.53333336 0.53333336 0.53333336 0.5254902 0.5137255 0.5176471 0.5137255 0.5176471 0.5254902 0.5176471 0.5019608 0.50980395 0.5137255 0.5176471 0.5254902
0.5254902 0.52156866 0.52156866 0.52156866 0.5254902 0.5254902 0.5294118 0.53333336 0.53333336 0.5372549 0.5372549 0.5372549 0.5372549 0.5372549 0.54509807 0.54901963 0.54901963 0.54901963 0.5529412 0.5411765 0.5294118 0.52156866 0.53333336 0.53333336 0.53333336 0.5372549 0.53333336 0.5176471 0.52156866 0.53333336 0.5294118 0.5372549
0.5372549 0.53333336 0.53333336 0.53333336 0.53333336 0.53333336 0.5372549 0.5372549 0.5411765 0.54509807 0.54901963 0.5568628 0.5568628 0.5568628 0.56078434 0.56078434 0.56078434 0.5647059 0.5568628 0.5372549 0.5294118 0.5294118 0.54509807 0.54509807 0.54509807 0.54901963 0.54509807 0.5372549 0.54509807 0.54901963 0.54901963 0.5568628
0.5568628 0.54901963 0.54901963 0.54901963 0.54901963 0.54901963 0.54901963 0.5529412 0.5529412 0.5568628 0.5647059 0.57254905 0.5686275 0.5686275 0.57254905 0.57254905 0.57254905 0.57254905 0.54901963 0.5411765 0.5568628 0.5529412 0.54901963 0.5529412 0.5568628 0.5568628 0.5529412 0.5529412 0.5686275 0.5686275 0.5686275 0.57254905
0.57254905 0.5647059 0.5647059 0.5647059 0.5647059 0.5686275 0.5686275 0.5686275 0.57254905 0.5764706 0.5803922 0.58431375 0.58431375 0.58431375 0.5882353 0.5882353 0.58431375 0.5803922 0.5568628 0.5568628 0.57254905 0.5803922 0.56078434 0.56078434 0.5647059 0.5568628 0.56078434 0.5647059 0.58431375 0.58431375 0.5764706 0.58431375
0.5803922 0.5803922 0.5803922 0.5803922 0.5803922 0.58431375 0.5882353 0.5882353 0.5882353 0.5882353 0.5921569 0.59607846 0.59607846 0.59607846 0.6 0.6039216 0.6039216 0.5882353 0.56078434 0.5647059 0.5686275 0.59607846 0.5803922 0.5764706 0.5764706 0.57254905 0.5803922 0.5882353 0.59607846 0.6 0.59607846 0.6039216
0.59607846 0.5921569 0.5882353 0.58431375 0.5882353 0.59607846 0.60784316 0.6117647 0.6156863 0.60784316 0.6039216 0.6117647 0.60784316 0.6 0.60784316 0.6156863 0.61960787 0.4862745 0.38431373 0.5058824 0.58431375 0.60784316 0.5882353 0.5882353 0.59607846 0.59607846 0.6039216 0.6117647 0.6156863 0.60784316 0.6039216 0.60784316
0.60784316 0.6039216 0.6 0.5921569 0.6 0.6156863 0.6117647 0.5882353 0.6156863 0.6 0.6039216 0.6156863 0.6039216 0.6039216 0.6117647 0.6313726 0.5647059 0.3647059 0.33333334 0.5019608 0.62352943 0.60784316 0.6039216 0.60784316 0.6117647 0.60784316 0.6117647 0.6156863 0.62352943 0.6156863 0.6117647 0.6156863
0.61960787 0.6117647 0.6117647 0.6117647 0.61960787 0.6156863 0.6117647 0.654902 0.654902 0.6117647 0.6156863 0.61960787 0.627451 0.64705884 0.64705884 0.6392157 0.6313726 0.6039216 0.6313726 0.6431373 0.6392157 0.63529414 0.6313726 0.6313726 0.627451 0.62352943 0.6156863 0.62352943 0.627451 0.6313726 0.6313726 0.63529414
0.6313726 0.61960787 0.61960787 0.61960787 0.6431373 0.56078434 0.48235294 0.61960787 0.5882353 0.6392157 0.6313726 0.5294118 0.5568628 0.5764706 0.5372549 0.4862745 0.54901963 0.5176471 0.5058824 0.5529412 0.5921569 0.60784316 0.5882353 0.5803922 0.54509807 0.5686275 0.627451 0.63529414 0.6431373 0.6509804 0.64705884 0.6509804
0.63529414 0.627451 0.6392157 0.64705884 0.6431373 0.5411765 0.44313726 0.5176471 0.5411765 0.5921569 0.5764706 0.5294118 0.4862745 0.47058824 0.49803922 0.49803922 0.5254902 0.5019608 0.47843137 0.5372549 0.56078434 0.52156866 0.49019608 0.48235294 0.4745098 0.4862745 0.57254905 0.6117647 0.64705884 0.6431373 0.654902 0.6627451
0.64705884 0.54901963 0.4745098 0.5176471 0.47058824 0.3647059 0.41568628 0.43137255 0.43529412 0.42745098 0.42352942 0.43137255 0.44313726 0.44705883 0.4509804 0.44705883 0.44705883 0.44313726 0.4392157 0.44705883 0.4745098 0.45882353 0.43137255 0.42745098 0.43529412 0.42352942 0.42745098 0.4862745 0.5568628 0.60784316 0.6627451 0.6666667
0.59607846 0.5019608 0.29803923 0.27450982 0.32156864 0.3372549 0.39607844 0.4862745 0.54509807 0.5568628 0.5803922 0.58431375 0.58431375 0.5803922 0.56078434 0.5529412 0.5686275 0.56078434 0.56078434 0.5529412 0.5647059 0.5647059 0.56078434 0.5568628 0.5568628 0.5529412 0.56078434 0.62352943 0.67058825 0.67058825 0.59607846 0.5803922
0.36862746 0.3647059 0.27450982 0.15294118 0.18039216 0.18431373 0.1882353 0.22352941 0.27058825 0.3019608 0.3529412 0.36862746 0.38039216 0.3882353 0.37254903 0.36078432 0.3764706 0.38431373 0.39215687 0.39215687 0.3882353 0.3764706 0.36078432 0.34901962 0.34509805 0.34901962 0.3529412 0.3882353 0.42745098 0.4392157 0.40392157 0.38039216
0.39215687 0.38039216 0.3254902 0.2784314 0.29411766 0.28235295 0.28235295 0.29411766 0.2901961 0.2901961 0.2784314 0.26666668 0.28235295 0.29411766 0.28235295 0.27058825 0.2784314 0.2784314 0.2784314 0.27450982 0.28627452 0.2901961 0.28235295 0.27450982 0.26666668 0.27058825 0.2784314 0.28235295 0.28627452 0.29803923 0.31764707 0.3137255
0.3647059 0.35686275 0.34901962 0.36078432 0.3764706 0.38039216 0.3882353 0.4117647 0.40784314 0.40392157 0.3882353 0.36078432 0.3647059 0.36862746 0.37254903 0.37254903 0.38039216 0.3764706 0.3647059 0.3647059 0.37254903 0.38039216 0.37254903 0.3647059 0.36078432 0.35686275 0.35686275 0.35686275 0.34117648 0.33333334 0.32941177 0.3254902
0.31764707 0.32941177 0.32941177 0.32941177 0.34117648 0.34901962 0.34509805 0.3529412 0.3647059 0.37254903 0.38039216 0.36862746 0.3647059 0.37254903 0.3764706 0.38039216 0.36862746 0.36862746 0.37254903 0.37254903 0.3764706 0.38039216 0.38039216 0.37254903 0.36862746 0.36078432 0.36078432 0.3764706 0.37254903 0.36862746 0.3647059 0.3647059
0.29803923 0.3019608 0.3019608 0.30980393 0.3137255 0.32941177 0.32941177 0.33333334 0.34901962 0.36078432 0.36862746 0.36078432 0.3529412 0.36078432 0.35686275 0.36078432 0.3529412 0.34901962 0.3647059 0.36078432 0.37254903 0.36862746 0.37254903 0.35686275 0.3529412 0.35686275 0.35686275 0.3529412 0.3764706 0.38039216 0.3647059 0.3764706
0.3019608 0.32156864 0.3254902 0.31764707 0.33333334 0.33333334 0.32156864 0.3372549 0.34117648 0.33333334 0.34117648 0.35686275 0.3529412 0.36078432 0.34117648 0.35686275 0.34509805 0.34509805 0.35686275 0.34117648 0.36078432 0.36078432 0.3529412 0.36078432 0.35686275 0.34509805 0.34509805 0.35686275 0.35686275 0.34901962 0.3529412 0.3529412
0.30588236 0.32156864 0.31764707 0.31764707 0.3254902 0.32156864 0.31764707 0.3372549 0.34509805 0.3254902 0.32941177 0.34117648 0.33333334 0.34117648 0.33333334 0.3372549 0.32941177 0.34509805 0.3529412 0.34901962 0.3372549 0.3372549 0.32156864 0.34117648 0.36078432 0.34901962 0.34117648 0.36862746 0.35686275 0.34901962 0.3529412 0.32156864
0.3019608 0.3019608 0.30980393 0.31764707 0.3019608 0.29411766 0.3019608 0.29803923 0.3254902 0.3372549 0.3254902 0.33333334 0.3372549 0.34117648 0.3254902 0.32941177 0.32156864 0.32156864 0.32156864 0.3254902 0.32156864 0.3254902 0.30588236 0.31764707 0.32941177 0.3372549 0.3372549 0.33333334 0.32941177 0.34117648 0.33333334 0.32941177
0.29803923 0.30588236 0.31764707 0.30588236 0.3019608 0.31764707 0.31764707 0.32941177 0.33333334 0.34509805 0.3254902 0.32941177 0.3529412 0.34901962 0.3254902 0.3254902 0.31764707 0.30588236 0.32156864 0.3372549 0.3254902 0.32156864 0.33333334 0.32156864 0.3254902 0.31764707 0.29411766 0.30980393 0.3019608 0.34117648 0.34117648 0.3254902
0.29803923 0.28235295 0.30588236 0.32156864 0.2901961 0.3019608 0.3019608 0.30980393 0.30980393 0.31764707 0.3254902 0.32941177 0.32156864 0.3254902 0.34117648 0.3372549 0.32156864 0.32156864 0.32156864 0.32941177 0.33333334 0.3254902 0.34509805 0.33333334 0.3137255 0.2901961 0.29411766 0.31764707 0.3137255 0.33333334 0.3137255 0.30588236
0.27450982 0.25882354 0.26666668 0.29803923 0.27450982 0.2784314 0.28627452 0.26666668 0.28627452 0.29803923 0.29411766 0.27450982 0.27058825 0.28235295 0.29803923 0.29803923 0.2901961 0.2784314 0.26666668 0.27450982 0.3019608 0.3137255 0.31764707 0.32156864 0.30588236 0.2901961 0.30588236 0.32156864 0.3254902 0.32156864 0.30588236 0.30588236
0.28627452 0.2784314 0.2627451 0.25882354 0.26666668 0.2627451 0.28627452 0.27450982 0.28235295 0.2901961 0.2901961 0.29411766 0.2901961 0.28627452 0.30588236 0.3137255 0.30980393 0.3019608 0.28627452 0.29803923 0.30980393 0.30980393 0.3019608 0.32941177 0.32156864 0.3137255 0.32941177 0.3137255 0.30980393 0.28627452 0.2901961 0.30588236
0.24313726 0.2509804 0.28235295 0.2901961 0.28627452 0.28235295 0.29803923 0.29411766 0.29411766 0.3019608 0.29411766 0.2784314 0.28235295 0.2901961 0.3019608 0.30980393 0.30588236 0.3137255 0.3019608 0.3137255 0.3137255 0.31764707 0.3137255 0.32156864 0.2901961 0.28235295 0.3137255 0.31764707 0.29411766 0.28235295 0.29411766 0.29411766
0.27450982 0.25490198 0.2784314 0.29803923 0.30980393 0.28627452 0.29411766 0.26666668 0.2784314 0.2627451 0.24705882 0.24313726 0.2627451 0.2784314 0.27058825 0.26666668 0.28235295 0.2784314 0.29803923 0.3137255 0.30588236 0.2901961 0.27450982 0.29411766 0.30980393 0.30980393 0.3019608 0.31764707 0.28627452 0.30588236 0.30980393 0.30588236
0.2784314 0.25882354 0.2627451 0.27450982 0.28235295 0.27450982 0.28235295 0.26666668 0.27450982 0.28235295 0.27058825 0.27450982 0.28235295 0.27058825 0.26666668 0.25882354 0.26666668 0.26666668 0.27058825 0.28235295 0.28627452 0.2784314 0.27058825 0.27058825 0.28627452 0.2901961 0.27450982 0.27450982 0.2784314 0.26666668 0.27450982 0.28235295
0.28627452 0.28627452 0.2627451 0.27450982 0.28235295 0.24705882 0.25882354 0.2901961 0.29803923 0.31764707 0.30588236 0.2901961 0.29803923 0.2901961 0.28235295 0.27058825 0.27058825 0.28235295 0.27450982 0.28235295 0.28235295 0.27058825 0.2784314 0.27058825 0.23921569 0.25882354 0.27450982 0.2509804 0.24705882 0.27450982 0.2627451 0.2784314
0.6901961 0.68235296 0.68235296 0.68235296 0.68235296 0.6862745 0.6862745 0.6862745 0.6901961 0.69411767 0.6901961 0.6901961 0.6901961 0.6901961 0.69411767 0.69411767 0.69803923 0.69803923 0.69803923 0.69411767 0.6862745 0.67058825 0.6627451 0.6666667 0.67058825 0.6745098 0.6745098 0.6666667 0.6666667 0.6745098 0.6862745 0.6862745
0.6901961 0.68235296 0.68235296 0.68235296 0.68235296 0.68235296 0.6862745 0.6901961 0.6901961 0.6901961 0.6901961 0.6901961 0.6901961 0.6901961 0.69411767 0.69411767 0.69803923 0.69803923 0.69411767 0.6901961 0.6784314 0.6666667 0.6627451 0.6666667 0.6745098 0.6745098 0.67058825 0.6627451 0.65882355 0.6666667 0.6784314 0.68235296
0.69411767 0.6862745 0.6901961 0.6901961 0.69411767 0.6901961 0.69411767 0.69803923 0.69803923 0.69803923 0.7019608 0.7058824 0.7058824 0.7058824 0.7019608 0.7019608 0.7058824 0.70980394 0.7058824 0.69411767 0.68235296 0.6745098 0.6745098 0.6745098 0.68235296 0.68235296 0.6745098 0.6666667 0.6627451 0.6745098 0.6901961 0.69803923
0.7019608 0.69411767 0.69803923 0.7019608 0.7019608 0.7019608 0.7058824 0.7058824 0.7058824 0.7058824 0.7137255 0.7176471 0.7176471 0.7176471 0.7137255 0.7137255 0.7176471 0.7176471 0.7137255 0.7058824 0.6901961 0.6745098 0.68235296 0.68235296 0.6862745 0.6901961 0.6784314 0.6627451 0.67058825 0.6901961 0.69803923 0.7058824
0.7137255 0.70980394 0.70980394 0.70980394 0.70980394 0.7137255 0.7137255 0.7176471 0.72156864 0.72156864 0.72156864 0.72156864 0.72156864 0.7254902 0.7254902 0.7254902 0.7294118 0.7294118 0.72156864 0.70980394 0.69803923 0.68235296 0.6745098 0.68235296 0.6901961 0.69411767 0.68235296 0.67058825 0.6745098 0.7019608 0.7058824 0.7176471
0.7254902 0.72156864 0.72156864 0.72156864 0.72156864 0.72156864 0.72156864 0.7254902 0.7294118 0.73333335 0.7294118 0.7254902 0.7254902 0.7254902 0.7294118 0.73333335 0.73333335 0.73333335 0.7254902 0.7058824 0.7019608 0.6901961 0.6784314 0.6862745 0.7019608 0.7058824 0.69411767 0.6862745 0.69411767 0.7137255 0.72156864 0.7294118
0.7372549 0.7294118 0.7294118 0.7294118 0.7294118 0.7294118 0.7294118 0.7294118 0.73333335 0.7411765 0.7372549 0.7372549 0.73333335 0.73333335 0.7372549 0.7372549 0.7372549 0.7372549 0.70980394 0.7019608 0.7176471 0.7058824 0.68235296 0.69411767 0.7137255 0.7137255 0.7058824 0.7019608 0.72156864 0.73333335 0.73333335 0.7372549
0.7411765 0.73333335 0.73333335 0.73333335 0.73333335 0.7372549 0.7372549 0.7372549 0.7411765 0.74509805 0.74509805 0.7411765 0.7411765 0.7411765 0.74509805 0.7490196 0.7411765 0.7372549 0.70980394 0.7058824 0.72156864 0.7254902 0.69803923 0.7058824 0.72156864 0.72156864 0.7137255 0.7176471 0.7372549 0.7411765 0.7372549 0.74509805
0.74509805 0.7411765 0.74509805 0.7411765 0.74509805 0.74509805 0.7490196 0.7490196 0.7490196 0.7490196 0.7490196 0.74509805 0.74509805 0.74509805 0.7490196 0.7529412 0.7529412 0.73333335 0.70980394 0.70980394 0.70980394 0.73333335 0.7176471 0.72156864 0.73333335 0.73333335 0.73333335 0.7411765 0.7490196 0.7490196 0.7490196 0.75686276
0.7529412 0.74509805 0.7490196 0.7490196 0.7490196 0.7490196 0.7529412 0.7411765 0.7411765 0.7529412 0.75686276 0.75686276 0.7607843 0.7607843 0.7607843 0.75686276 0.74509805 0.60784316 0.5294118 0.6509804 0.7254902 0.74509805 0.7254902 0.7294118 0.7372549 0.7372549 0.7411765 0.7490196 0.7529412 0.75686276 0.75686276 0.7647059
0.75686276 0.7529412 0.7529412 0.7529412 0.7529412 0.75686276 0.7529412 0.73333335 0.7490196 0.7647059 0.76862746 0.7647059 0.76862746 0.7764706 0.77254903 0.7764706 0.69803923 0.48235294 0.44313726 0.6156863 0.7490196 0.7411765 0.73333335 0.7372549 0.7411765 0.7411765 0.74509805 0.7529412 0.75686276 0.7607843 0.7607843 0.76862746
0.7607843 0.7529412 0.7529412 0.75686276 0.75686276 0.7411765 0.7372549 0.77254903 0.7529412 0.7294118 0.7254902 0.7137255 0.73333335 0.7647059 0.7490196 0.73333335 0.7254902 0.6862745 0.68235296 0.70980394 0.7411765 0.7529412 0.74509805 0.74509805 0.74509805 0.7490196 0.7529412 0.7607843 0.7647059 0.7647059 0.7607843 0.76862746
0.7647059 0.7529412 0.7490196 0.7529412 0.7607843 0.67058825 0.57254905 0.6666667 0.6 0.6666667 0.6627451 0.5568628 0.59607846 0.62352943 0.5647059 0.5137255 0.58431375 0.56078434 0.5372549 0.6039216 0.6666667 0.69803923 0.68235296 0.6745098 0.6431373 0.6745098 0.7490196 0.75686276 0.7647059 0.76862746 0.7607843 0.76862746
0.7607843 0.75686276 0.7647059 0.7647059 0.7529412 0.6431373 0.53333336 0.5803922 0.57254905 0.62352943 0.62352943 0.58431375 0.5529412 0.54509807 0.5529412 0.5529412 0.6 0.58431375 0.5411765 0.59607846 0.62352943 0.5921569 0.57254905 0.5647059 0.5568628 0.57254905 0.6666667 0.7019608 0.73333335 0.7411765 0.7529412 0.7607843
0.7647059 0.6666667 0.5882353 0.627451 0.58431375 0.47843137 0.53333336 0.5411765 0.5294118 0.52156866 0.52156866 0.5254902 0.54509807 0.5529412 0.5411765 0.5372549 0.54509807 0.54509807 0.52156866 0.52156866 0.5411765 0.53333336 0.5137255 0.5137255 0.52156866 0.52156866 0.5372549 0.5764706 0.62352943 0.6862745 0.75686276 0.7607843
0.7176471 0.62352943 0.40784314 0.35686275 0.41568628 0.44313726 0.5058824 0.5921569 0.64705884 0.65882355 0.6745098 0.6784314 0.6784314 0.6784314 0.65882355 0.654902 0.67058825 0.6627451 0.6509804 0.6392157 0.654902 0.65882355 0.65882355 0.654902 0.654902 0.65882355 0.6745098 0.7137255 0.7372549 0.7647059 0.70980394 0.69803923
0.5058824 0.49803922 0.39607844 0.22352941 0.25490198 0.2627451 0.27450982 0.31764707 0.36078432 0.39215687 0.44705883 0.46666667 0.47843137 0.49019608 0.48235294 0.47843137 0.49411765 0.49803922 0.49803922 0.49803922 0.49019608 0.48235294 0.47843137 0.46666667 0.46666667 0.4627451 0.45882353 0.47843137 0.5019608 0.54901963 0.54509807 0.53333336
0.54509807 0.53333336 0.47058824 0.3882353 0.39607844 0.38039216 0.38431373 0.40392157 0.39607844 0.39607844 0.39607844 0.3882353 0.40392157 0.41568628 0.40784314 0.4 0.40784314 0.4117647 0.40392157 0.4 0.40784314 0.41568628 0.41568628 0.40784314 0.40392157 0.39607844 0.39607844 0.39607844 0.4 0.43137255 0.47058824 0.47843137
0.53333336 0.52156866 0.5176471 0.5294118 0.53333336 0.52156866 0.52156866 0.5411765 0.5372549 0.53333336 0.5294118 0.5137255 0.5176471 0.52156866 0.5176471 0.5137255 0.5254902 0.52156866 0.5058824 0.5058824 0.50980395 0.5176471 0.5176471 0.50980395 0.5019608 0.49803922 0.49803922 0.5019608 0.49019608 0.47843137 0.47058824 0.48235294
0.48235294 0.49019608 0.49019608 0.49411765 0.5058824 0.5019608 0.49019608 0.49803922 0.50980395 0.5176471 0.53333336 0.5254902 0.5254902 0.53333336 0.5294118 0.5294118 0.52156866 0.5176471 0.5176471 0.5137255 0.52156866 0.52156866 0.52156866 0.5176471 0.50980395 0.50980395 0.5176471 0.53333336 0.53333336 0.5137255 0.5058824 0.5137255
0.4509804 0.45490196 0.45490196 0.45882353 0.4627451 0.47843137 0.47843137 0.48235294 0.49803922 0.50980395 0.5176471 0.50980395 0.49803922 0.50980395 0.5058824 0.50980395 0.5019608 0.49803922 0.5058824 0.5019608 0.5137255 0.50980395 0.5137255 0.49803922 0.49411765 0.49803922 0.5058824 0.5058824 0.5254902 0.5294118 0.5137255 0.5254902
0.45882353 0.4745098 0.47843137 0.46666667 0.48235294 0.48235294 0.47058824 0.4862745 0.49411765 0.48235294 0.49019608 0.5058824 0.5019608 0.50980395 0.49019608 0.5058824 0.49411765 0.49411765 0.49803922 0.48235294 0.5019608 0.5019608 0.49411765 0.5019608 0.49803922 0.4862745 0.4862745 0.49803922 0.49803922 0.49411765 0.5019608 0.5019608
0.45882353 0.4745098 0.47058824 0.47058824 0.47843137 0.4745098 0.47058824 0.49019608 0.49803922 0.47843137 0.47843137 0.49019608 0.48235294 0.49019608 0.48235294 0.4862745 0.47843137 0.49019608 0.49803922 0.49019608 0.47843137 0.47843137 0.46666667 0.4862745 0.5058824 0.4862745 0.4745098 0.49803922 0.49019608 0.49019608 0.5019608 0.4745098
0.45490196 0.45490196 0.4627451 0.47058824 0.45490196 0.44705883 0.45490196 0.44705883 0.47843137 0.49019608 0.4745098 0.48235294 0.4862745 0.49019608 0.4745098 0.47843137 0.47058824 0.46666667 0.4627451 0.46666667 0.4627451 0.46666667 0.4509804 0.4627451 0.4745098 0.4745098 0.46666667 0.4627451 0.45882353 0.48235294 0.48235294 0.48235294
0.45882353 0.4627451 0.4745098 0.45490196 0.44705883 0.46666667 0.4627451 0.46666667 0.47058824 0.48235294 0.46666667 0.4745098 0.49803922 0.49411765 0.47058824 0.47058824 0.4627451 0.4509804 0.45882353 0.47058824 0.45882353 0.45490196 0.4627451 0.45490196 0.45490196 0.4509804 0.42745098 0.44313726 0.43529412 0.47843137 0.4862745 0.47058824
0.4509804 0.43529412 0.45490196 0.4627451 0.43137255 0.44313726 0.4392157 0.44313726 0.44313726 0.44705883 0.4627451 0.46666667 0.4627451 0.46666667 0.47843137 0.47843137 0.4627451 0.45882353 0.4509804 0.45882353 0.4627451 0.45490196 0.46666667 0.45490196 0.43529412 0.41960785 0.42745098 0.4509804 0.44705883 0.47058824 0.4509804 0.44705883
0.42352942 0.40784314 0.4117647 0.43529412 0.4117647 0.41568628 0.41960785 0.4 0.41960785 0.43137255 0.42745098 0.4117647 0.40784314 0.41960785 0.43529412 0.43529412 0.42745098 0.41568628 0.4 0.40784314 0.4392157 0.44705883 0.44313726 0.44313726 0.42745098 0.41960785 0.4392157 0.45490196 0.45882353 0.45490196 0.4392157 0.44313726
0.42745098 0.41568628 0.4 0.3882353 0.39607844 0.3882353 0.41568628 0.40392157 0.41568628 0.42352942 0.41960785 0.42352942 0.41960785 0.41568628 0.43529412 0.4392157 0.43529412 0.42745098 0.41960785 0.43137255 0.44313726 0.4392157 0.42745098 0.45490196 0.44705883 0.4392157 0.4627451 0.44705883 0.44313726 0.41568628 0.41960785 0.43137255
0.38431373 0.3882353 0.41568628 0.40784314 0.40784314 0.40392157 0.41960785 0.42745098 0.42745098 0.43529412 0.41960785 0.4 0.40784314 0.4117647 0.42352942 0.42745098 0.42352942 0.43529412 0.43137255 0.44705883 0.44705883 0.4509804 0.4392157 0.44705883 0.41568628 0.4117647 0.44705883 0.4509804 0.42745098 0.40784314 0.4117647 0.4117647
0.41568628 0.39607844 0.41568628 0.42745098 0.4392157 0.41568628 0.41960785 0.39607844 0.4117647 0.40784314 0.3882353 0.38039216 0.4 0.4117647 0.4 0.39607844 0.4117647 0.4 0.41960785 0.43529412 0.42745098 0.4117647 0.39607844 0.4117647 0.42745098 0.42352942 0.41960785 0.43137255 0.40392157 0.43137255 0.4392157 0.43529412
0.41960785 0.4 0.4 0.40784314 0.41568628 0.4117647 0.41568628 0.39607844 0.40392157 0.41568628 0.4117647 0.41568628 0.42352942 0.40784314 0.4 0.39215687 0.39607844 0.39215687 0.38431373 0.39215687 0.4 0.39215687 0.38431373 0.38431373 0.4 0.4 0.38039216 0.38039216 0.38431373 0.39215687 0.40392157 0.40784314
0.41960785 0.41960785 0.39215687 0.40784314 0.42352942 0.38431373 0.39607844 0.42352942 0.42352942 0.42745098 0.42745098 0.42352942 0.43137255 0.41960785 0.40784314 0.39607844 0.39607844 0.40392157 0.38431373 0.39607844 0.39607844 0.38431373 0.39215687 0.3882353 0.36078432 0.3764706 0.38431373 0.3647059 0.35686275 0.39607844 0.38431373 0.4
0.91764706 0.9098039 0.9098039 0.9137255 0.91764706 0.92156863 0.92156863 0.91764706 0.92156863 0.92941177 0.9254902 0.9254902 0.9254902 0.9254902 0.9254902 0.92941177 0.92941177 0.92941177 0.9254902 0.91764706 0.8980392 0.8745098 0.87058824 0.8745098 0.8784314 0.8784314 0.87058824 0.8666667 0.8627451 0.88235295 0.9019608 0.90588236
0.9019608 0.89411765 0.8980392 0.90588236 0.90588236 0.9098039 0.9098039 0.9137255 0.91764706 0.91764706 0.91764706 0.91764706 0.91764706 0.91764706 0.91764706 0.92156863 0.9254902 0.9254902 0.91764706 0.9019608 0.8784314 0.8627451 0.85882354 0.8627451 0.8666667 0.8666667 0.8627451 0.85490197 0.84705883 0.8666667 0.8862745 0.89411765
0.9019608 0.89411765 0.8980392 0.9098039 0.9137255 0.9137255 0.9137255 0.91764706 0.91764706 0.91764706 0.91764706 0.92156863 0.92156863 0.92156863 0.92156863 0.92156863 0.9254902 0.92941177 0.91764706 0.9019608 0.8784314 0.8627451 0.85490197 0.85490197 0.85882354 0.8627451 0.85490197 0.84705883 0.84313726 0.8666667 0.8862745 0.8980392
0.90588236 0.8980392 0.9019608 0.9137255 0.9137255 0.9137255 0.9137255 0.91764706 0.91764706 0.91764706 0.92156863 0.92156863 0.92156863 0.92156863 0.92156863 0.9254902 0.92941177 0.92941177 0.92156863 0.90588236 0.88235295 0.85490197 0.85882354 0.85882354 0.8627451 0.8666667 0.85882354 0.84313726 0.8509804 0.8784314 0.8901961 0.9019608
0.9098039 0.8980392 0.9019608 0.9019608 0.90588236 0.90588236 0.9098039 0.9137255 0.9137255 0.91764706 0.91764706 0.9137255 0.91764706 0.91764706 0.92156863 0.9254902 0.9254902 0.9254902 0.92156863 0.8980392 0.8666667 0.84705883 0.8509804 0.85490197 0.8627451 0.87058824 0.8666667 0.8509804 0.85490197 0.8901961 0.9019608 0.9098039
0.9137255 0.9019608 0.90588236 0.90588236 0.90588236 0.90588236 0.90588236 0.9098039 0.9137255 0.9137255 0.9137255 0.9137255 0.9137255 0.9137255 0.91764706 0.92156863 0.92156863 0.92156863 0.9098039 0.8784314 0.8627451 0.84705883 0.84705883 0.85490197 0.8666667 0.8745098 0.87058824 0.8627451 0.87058824 0.8980392 0.9098039 0.91764706
0.91764706 0.90588236 0.90588236 0.90588236 0.90588236 0.90588236 0.9098039 0.9098039 0.9137255 0.91764706 0.91764706 0.92156863 0.91764706 0.91764706 0.92156863 0.92156863 0.92156863 0.91764706 0.8784314 0.8666667 0.88235295 0.8666667 0.84705883 0.85490197 0.87058824 0.8745098 0.87058824 0.87058824 0.8901961 0.9098039 0.91764706 0.92156863
0.9137255 0.90588236 0.90588236 0.90588236 0.90588236 0.9098039 0.9098039 0.9098039 0.9137255 0.91764706 0.91764706 0.91764706 0.91764706 0.91764706 0.92156863 0.9254902 0.92156863 0.9098039 0.85882354 0.85882354 0.8862745 0.8901961 0.84705883 0.85490197 0.8666667 0.8666667 0.87058824 0.8745098 0.89411765 0.9098039 0.9137255 0.92156863
0.9137255 0.9098039 0.9098039 0.9098039 0.9137255 0.9137255 0.9137255 0.9137255 0.91764706 0.91764706 0.91764706 0.91764706 0.91764706 0.91764706 0.92156863 0.92156863 0.92156863 0.9019608 0.8509804 0.85490197 0.8745098 0.8980392 0.8627451 0.8627451 0.87058824 0.87058824 0.88235295 0.8901961 0.89411765 0.9137255 0.92156863 0.92941177
0.90588236 0.8980392 0.9019608 0.9137255 0.90588236 0.9019608 0.89411765 0.8862745 0.8980392 0.91764706 0.9098039 0.90588236 0.9137255 0.91764706 0.9137255 0.9137255 0.90588236 0.76862746 0.68235296 0.8039216 0.88235295 0.8980392 0.8745098 0.8745098 0.88235295 0.88235295 0.8862745 0.89411765 0.8980392 0.90588236 0.9098039 0.91764706
0.9019608 0.89411765 0.8980392 0.90588236 0.9019608 0.8980392 0.8784314 0.84313726 0.8784314 0.8980392 0.9019608 0.9098039 0.92156863 0.9372549 0.92941177 0.93333334 0.85882354 0.6392157 0.57254905 0.74509805 0.8901961 0.8862745 0.8745098 0.8784314 0.88235295 0.8862745 0.89411765 0.9019608 0.90588236 0.90588236 0.90588236 0.9137255
0.90588236 0.89411765 0.89411765 0.8980392 0.8901961 0.8666667 0.84705883 0.87058824 0.85882354 0.83137256 0.8235294 0.8156863 0.84705883 0.88235295 0.8666667 0.84705883 0.8352941 0.7882353 0.7607843 0.8 0.85490197 0.8784314 0.87058824 0.87058824 0.87058824 0.8784314 0.89411765 0.8980392 0.90588236 0.90588236 0.90588236 0.9137255
0.8980392 0.8862745 0.88235295 0.8784314 0.88235295 0.78431374 0.6745098 0.75686276 0.69411767 0.7490196 0.7176471 0.6039216 0.6509804 0.6862745 0.6313726 0.57254905 0.6392157 0.6156863 0.6039216 0.68235296 0.7647059 0.80784315 0.79607844 0.7882353 0.75686276 0.7882353 0.85882354 0.8666667 0.8745098 0.8980392 0.8980392 0.90588236
0.8862745 0.88235295 0.8862745 0.88235295 0.8627451 0.74509805 0.62352943 0.654902 0.6431373 0.6784314 0.6784314 0.65882355 0.6313726 0.6313726 0.6392157 0.6313726 0.67058825 0.654902 0.627451 0.6862745 0.7137255 0.6862745 0.6784314 0.67058825 0.6627451 0.6666667 0.74509805 0.78039217 0.8117647 0.8509804 0.8862745 0.8980392
0.8745098 0.7764706 0.6901961 0.7019608 0.6666667 0.5882353 0.6431373 0.6392157 0.63529414 0.627451 0.6313726 0.6431373 0.6627451 0.67058825 0.65882355 0.6431373 0.6431373 0.63529414 0.62352943 0.62352943 0.6431373 0.63529414 0.63529414 0.63529414 0.6431373 0.6392157 0.6431373 0.67058825 0.7019608 0.7607843 0.85882354 0.8901961
0.8235294 0.73333335 0.5058824 0.42352942 0.4862745 0.52156866 0.5921569 0.6862745 0.7529412 0.7764706 0.8 0.79607844 0.79607844 0.79607844 0.78039217 0.76862746 0.76862746 0.7529412 0.75686276 0.7529412 0.7647059 0.77254903 0.7764706 0.77254903 0.77254903 0.78039217 0.7882353 0.8117647 0.8156863 0.8352941 0.8156863 0.84313726
0.627451 0.61960787 0.5137255 0.31764707 0.32941177 0.32156864 0.32941177 0.3882353 0.44313726 0.4862745 0.5529412 0.5764706 0.5882353 0.6 0.60784316 0.6039216 0.6039216 0.6039216 0.6117647 0.6117647 0.60784316 0.5921569 0.5803922 0.5686275 0.5647059 0.5686275 0.5647059 0.57254905 0.5882353 0.6509804 0.6901961 0.69803923
0.68235296 0.67058825 0.6039216 0.5137255 0.5058824 0.46666667 0.4627451 0.4862745 0.49411765 0.5019608 0.50980395 0.5019608 0.5176471 0.5294118 0.54901963 0.5411765 0.5372549 0.5254902 0.5176471 0.5137255 0.52156866 0.5294118 0.5254902 0.5176471 0.5137255 0.50980395 0.5137255 0.5137255 0.50980395 0.56078434 0.63529414 0.6509804
0.6745098 0.6627451 0.6627451 0.6784314 0.68235296 0.67058825 0.65882355 0.6666667 0.6745098 0.68235296 0.67058825 0.6431373 0.6509804 0.654902 0.6666667 0.6666667 0.6627451 0.64705884 0.62352943 0.61960787 0.627451 0.6392157 0.6509804 0.6431373 0.6392157 0.63529414 0.63529414 0.6431373 0.6313726 0.62352943 0.63529414 0.64705884
0.6156863 0.62352943 0.627451 0.6431373 0.65882355 0.65882355 0.64705884 0.6431373 0.65882355 0.6745098 0.68235296 0.6666667 0.6666667 0.6745098 0.6745098 0.6745098 0.6627451 0.65882355 0.6431373 0.6431373 0.64705884 0.654902 0.6666667 0.65882355 0.654902 0.6509804 0.65882355 0.6784314 0.6784314 0.67058825 0.67058825 0.6784314
0.5803922 0.58431375 0.5882353 0.6 0.60784316 0.62352943 0.62352943 0.627451 0.6431373 0.654902 0.6627451 0.654902 0.6431373 0.654902 0.6509804 0.654902 0.64705884 0.6431373 0.6392157 0.63529414 0.64705884 0.6431373 0.6509804 0.63529414 0.6313726 0.6392157 0.6509804 0.64705884 0.67058825 0.68235296 0.67058825 0.6862745
0.5882353 0.6039216 0.60784316 0.60784316 0.62352943 0.62352943 0.6117647 0.627451 0.6313726 0.62352943 0.63529414 0.6509804 0.64705884 0.654902 0.63529414 0.6509804 0.6392157 0.63529414 0.6313726 0.6156863 0.63529414 0.6313726 0.61960787 0.6313726 0.62352943 0.61960787 0.627451 0.6392157 0.6392157 0.6392157 0.64705884 0.6509804
0.5882353 0.6039216 0.6 0.59607846 0.6039216 0.6 0.59607846 0.6156863 0.62352943 0.6039216 0.6156863 0.63529414 0.627451 0.63529414 0.627451 0.6313726 0.62352943 0.63529414 0.6313726 0.62352943 0.6117647 0.60784316 0.58431375 0.6039216 0.62352943 0.6117647 0.60784316 0.6313726 0.62352943 0.6313726 0.6431373 0.6156863
0.58431375 0.58431375 0.5882353 0.5882353 0.57254905 0.5686275 0.57254905 0.5686275 0.59607846 0.60784316 0.60784316 0.627451 0.6313726 0.63529414 0.61960787 0.62352943 0.6156863 0.6117647 0.6 0.6 0.59607846 0.5921569 0.5568628 0.5686275 0.58431375 0.5882353 0.5921569 0.5882353 0.58431375 0.6117647 0.6156863 0.6156863
0.5882353 0.5921569 0.6 0.5686275 0.56078434 0.5803922 0.5764706 0.5882353 0.5882353 0.6 0.59607846 0.6117647 0.63529414 0.6313726 0.60784316 0.60784316 0.6 0.58431375 0.58431375 0.6 0.58431375 0.5803922 0.5764706 0.5647059 0.5686275 0.56078434 0.5372549 0.5529412 0.54509807 0.6039216 0.6156863 0.6039216
0.5764706 0.56078434 0.5803922 0.5764706 0.5411765 0.5568628 0.5529412 0.5568628 0.56078434 0.5647059 0.58431375 0.59607846 0.5921569 0.59607846 0.60784316 0.6039216 0.5882353 0.58431375 0.5686275 0.5764706 0.5803922 0.5686275 0.5803922 0.5686275 0.54901963 0.5294118 0.53333336 0.5568628 0.5529412 0.5882353 0.5803922 0.57254905
0.53333336 0.5137255 0.5176471 0.54509807 0.52156866 0.5254902 0.5294118 0.50980395 0.5294118 0.5411765 0.5372549 0.52156866 0.5176471 0.53333336 0.5529412 0.5529412 0.54509807 0.53333336 0.50980395 0.5176471 0.54509807 0.5529412 0.5411765 0.54509807 0.5294118 0.52156866 0.54509807 0.56078434 0.5647059 0.5686275 0.56078434 0.56078434
0.5176471 0.5058824 0.49411765 0.49019608 0.49803922 0.49411765 0.5176471 0.50980395 0.52156866 0.5254902 0.52156866 0.5176471 0.5137255 0.50980395 0.5411765 0.54901963 0.54509807 0.5372549 0.5254902 0.53333336 0.54509807 0.5411765 0.5176471 0.54509807 0.5372549 0.5372549 0.5686275 0.5529412 0.54901963 0.5254902 0.5294118 0.54509807
0.4627451 0.46666667 0.49803922 0.5058824 0.5058824 0.5019608 0.5176471 0.52156866 0.52156866 0.5294118 0.50980395 0.48235294 0.49019608 0.49411765 0.5254902 0.5372549 0.53333336 0.54509807 0.5294118 0.5411765 0.5411765 0.5411765 0.52156866 0.53333336 0.49803922 0.5058824 0.5529412 0.5529412 0.53333336 0.5176471 0.52156866 0.52156866
0.5019608 0.47843137 0.49803922 0.52156866 0.5294118 0.49803922 0.5019608 0.47843137 0.4862745 0.47058824 0.4509804 0.4509804 0.4745098 0.49803922 0.49019608 0.47843137 0.49803922 0.5058824 0.5137255 0.52156866 0.5058824 0.48235294 0.4627451 0.49019608 0.5137255 0.5176471 0.50980395 0.52156866 0.49411765 0.5176471 0.5294118 0.5372549
0.5058824 0.48235294 0.4862745 0.5058824 0.5058824 0.4862745 0.4862745 0.47058824 0.47843137 0.4862745 0.4745098 0.47843137 0.49803922 0.49411765 0.47843137 0.4509804 0.46666667 0.49019608 0.47843137 0.47843137 0.47058824 0.45490196 0.44313726 0.44705883 0.4627451 0.4627451 0.44313726 0.44313726 0.44313726 0.45882353 0.48235294 0.5019608
0.49019608 0.49019608 0.48235294 0.50980395 0.50980395 0.4627451 0.4627451 0.49019608 0.5019608 0.5254902 0.49803922 0.47843137 0.5019608 0.5019608 0.48235294 0.4509804 0.45490196 0.49803922 0.48235294 0.48235294 0.47058824 0.4509804 0.45490196 0.43137255 0.38431373 0.40392157 0.43137255 0.40784314 0.4 0.45490196 0.45882353 0.49019608
2 3 2
15 14 2
17 16 0
11 16 2
4 29 2
1 5 2
1 2 2
8 19 2
17 18 0
11 23 2
11 15 2
2 7 2
17 15 0
11 24 2
15 13 2
15 17 2
0 5 2
0 30 2
6 27 2
0 31 2
15 15 2
17 13 0
1 30 2
0 17 2
4 24 2
8 20 2
15 20 2
17 10 0
4 9 2
15 9 2
1 26 2
12 24 2
0 4 2
1 29 2
17 17 0
17 12 0
10 11 2
1 3 2
15 24 2
1 4 2
19 13 2
0 3 2
18 9 2
18 20 2
15 16 2
10 10 2
0 26 2
15 7 2
10 25 2
17 14 0
