32, 32, 3, 50
0.2784314 0.28235295 0.28627452 0.29411766 0.29411766 0.29411766 0.29411766 0.27450982 0.23529412 0.25882354 0.2509804 0.2509804 0.2509804 0.2509804 0.25882354 0.2627451 0.27058825 0.27450982 0.25882354 0.2509804 0.2509804 0.25882354 0.26666668 0.4 0.45490196 0.4117647 0.4392157 0.45490196 0.4117647 0.41960785 0.45490196 0.43529412
0.42745098 0.43137255 0.43529412 0.4392157 0.44313726 0.43529412 0.43529412 0.42352942 0.39607844 0.4 0.40784314 0.4117647 0.40784314 0.41568628 0.4117647 0.41960785 0.42352942 0.42352942 0.41960785 0.41568628 0.41960785 0.4392157 0.43137255 0.5686275 0.627451 0.5764706 0.6 0.61960787 0.5568628 0.52156866 0.4862745 0.50980395
0.57254905 0.57254905 0.5803922 0.5803922 0.58431375 0.58431375 0.58431375 0.5803922 0.5568628 0.54509807 0.5764706 0.5921569 0.6039216 0.6 0.5803922 0.5921569 0.59607846 0.59607846 0.6039216 0.6 0.6 0.627451 0.60784316 0.7058824 0.7529412 0.7254902 0.73333335 0.7372549 0.6862745 0.59607846 0.53333336 0.49803922
0.54509807 0.54509807 0.54901963 0.56078434 0.5647059 0.5647059 0.5647059 0.5686275 0.5372549 0.5137255 0.57254905 0.61960787 0.6431373 0.69803923 0.7137255 0.7176471 0.627451 0.6156863 0.6392157 0.6392157 0.6431373 0.6784314 0.6509804 0.75686276 0.80784315 0.7882353 0.8156863 0.8235294 0.79607844 0.7176471 0.5803922 0.49019608
0.43137255 0.44313726 0.44313726 0.44313726 0.44705883 0.44705883 0.43529412 0.43137255 0.41568628 0.4 0.49411765 0.59607846 0.5764706 0.72156864 0.79607844 0.78431374 0.7058824 0.7058824 0.54509807 0.50980395 0.5176471 0.54901963 0.49019608 0.6509804 0.7372549 0.7294118 0.7882353 0.8156863 0.8235294 0.79607844 0.6431373 0.50980395
0.3764706 0.37254903 0.36078432 0.35686275 0.3764706 0.36862746 0.3647059 0.3372549 0.2901961 0.31764707 0.3529412 0.4745098 0.3254902 0.39607844 0.60784316 0.7137255 0.6627451 0.7019608 0.45490196 0.35686275 0.37254903 0.41568628 0.3529412 0.64705884 0.6784314 0.654902 0.7294118 0.76862746 0.8039216 0.8235294 0.6862745 0.52156866
0.38431373 0.36862746 0.34901962 0.3254902 0.36078432 0.3529412 0.34117648 0.32156864 0.2509804 0.24705882 0.23137255 0.35686275 0.0627451 0.101960786 0.43137255 0.7019608 0.63529414 0.6156863 0.44705883 0.33333334 0.3529412 0.3882353 0.30588236 0.6862745 0.654902 0.6039216 0.68235296 0.7294118 0.7764706 0.83137256 0.7294118 0.5411765
0.40392157 0.39607844 0.36862746 0.34117648 0.38431373 0.3882353 0.3647059 0.34117648 0.24705882 0.20392157 0.25882354 0.3019608 0.0627451 0.07058824 0.41960785 0.74509805 0.7607843 0.7294118 0.4862745 0.3529412 0.32941177 0.3764706 0.25490198 0.56078434 0.654902 0.59607846 0.6509804 0.6901961 0.74509805 0.827451 0.75686276 0.56078434
0.41568628 0.40784314 0.38039216 0.3529412 0.39215687 0.4 0.31764707 0.26666668 0.14117648 0.10980392 0.2901961 0.3254902 0.09803922 0.1254902 0.47058824 0.76862746 0.80784315 0.827451 0.43529412 0.16862746 0.21176471 0.34901962 0.25490198 0.5411765 0.68235296 0.60784316 0.63529414 0.6509804 0.7137255 0.8117647 0.7764706 0.57254905
0.42352942 0.4 0.3764706 0.34509805 0.34901962 0.37254903 0.22352941 0.21176471 0.12156863 0.08235294 0.31764707 0.3882353 0.13333334 0.21960784 0.5058824 0.79607844 0.8117647 0.8039216 0.42745098 0.18431373 0.22352941 0.34117648 0.26666668 0.54901963 0.6784314 0.6156863 0.63529414 0.61960787 0.6745098 0.79607844 0.7882353 0.5803922
0.43137255 0.4 0.37254903 0.34509805 0.29803923 0.2627451 0.22352941 0.18431373 0.16078432 0.08627451 0.3764706 0.42745098 0.37254903 0.53333336 0.69803923 0.8235294 0.85490197 0.85882354 0.4392157 0.22352941 0.27450982 0.36078432 0.28235295 0.5254902 0.6666667 0.62352943 0.68235296 0.6156863 0.6392157 0.7921569 0.79607844 0.58431375
0.4392157 0.40392157 0.36862746 0.32941177 0.3019608 0.25882354 0.23137255 0.16078432 0.20392157 0.30980393 0.61960787 0.7137255 0.6431373 0.9098039 0.84705883 0.827451 0.88235295 0.90588236 0.5058824 0.34509805 0.34117648 0.39607844 0.28235295 0.5137255 0.7019608 0.59607846 0.46666667 0.47058824 0.47843137 0.7607843 0.79607844 0.5882353
0.43529412 0.39607844 0.34901962 0.28627452 0.23921569 0.21960784 0.28235295 0.5058824 0.7490196 0.87058824 0.90588236 0.79607844 0.54901963 0.8666667 0.85882354 0.84705883 0.9019608 0.9137255 0.5568628 0.36862746 0.36862746 0.40392157 0.2509804 0.52156866 0.72156864 0.6117647 0.5529412 0.54901963 0.5686275 0.72156864 0.7882353 0.5921569
0.43137255 0.39607844 0.33333334 0.26666668 0.37254903 0.61960787 0.8352941 0.93333334 0.94509804 0.9098039 0.9019608 0.81960785 0.5058824 0.8156863 0.9019608 0.87058824 0.90588236 0.9137255 0.5019608 0.30980393 0.38431373 0.3529412 0.21176471 0.47843137 0.6392157 0.59607846 0.7137255 0.5921569 0.59607846 0.7137255 0.7882353 0.5921569
0.41960785 0.3882353 0.32941177 0.3764706 0.78431374 0.92941177 0.9411765 0.91764706 0.92156863 0.9019608 0.89411765 0.7764706 0.5372549 0.8666667 0.8901961 0.83137256 0.9019608 0.91764706 0.5058824 0.3529412 0.36862746 0.3137255 0.18431373 0.5294118 0.654902 0.6117647 0.72156864 0.5921569 0.5882353 0.70980394 0.78039217 0.5921569
0.42352942 0.39215687 0.34117648 0.5058824 0.8666667 0.9254902 0.92941177 0.9411765 0.9490196 0.9019608 0.91764706 0.80784315 0.5411765 0.9137255 0.8980392 0.827451 0.9019608 0.91764706 0.56078434 0.40784314 0.39607844 0.33333334 0.2 0.56078434 0.7058824 0.6392157 0.67058825 0.57254905 0.58431375 0.6901961 0.77254903 0.5921569
0.43137255 0.3882353 0.34901962 0.54509807 0.84705883 0.9411765 0.95686275 0.9607843 0.95686275 0.9098039 0.9254902 0.91764706 0.6745098 0.90588236 0.8901961 0.8980392 0.8980392 0.9137255 0.5764706 0.3764706 0.36862746 0.34117648 0.19607843 0.54509807 0.6784314 0.57254905 0.5921569 0.56078434 0.57254905 0.64705884 0.75686276 0.5921569
0.42745098 0.4 0.3882353 0.5882353 0.8 0.9529412 0.9647059 0.9764706 0.98039216 0.92941177 0.93333334 0.92941177 0.87058824 0.81960785 0.7882353 0.9019608 0.89411765 0.9098039 0.6039216 0.25490198 0.35686275 0.3764706 0.19607843 0.4627451 0.6666667 0.6039216 0.60784316 0.5803922 0.58431375 0.6313726 0.7372549 0.58431375
0.4509804 0.44705883 0.44313726 0.6313726 0.8392157 0.94509804 0.96862745 0.96862745 0.972549 0.9490196 0.8117647 0.8901961 0.8 0.76862746 0.81960785 0.9098039 0.89411765 0.9137255 0.6313726 0.38431373 0.42352942 0.3764706 0.23921569 0.36078432 0.5254902 0.3882353 0.36862746 0.31764707 0.30588236 0.44705883 0.6039216 0.41568628
0.4627451 0.44313726 0.4392157 0.6431373 0.92941177 0.9607843 1.0 0.9843137 0.9529412 0.9098039 0.6431373 0.7882353 0.8627451 0.8666667 0.9019608 0.9490196 0.92941177 0.91764706 0.6666667 0.44313726 0.40784314 0.34901962 0.23921569 0.2 0.10980392 0.02745098 0.0 0.0 0.02745098 0.18431373 0.42745098 0.36078432
0.45882353 0.4392157 0.41960785 0.7019608 0.9411765 0.8666667 0.54901963 0.43529412 0.5176471 0.81960785 0.7058824 0.61960787 0.78431374 0.7647059 0.7490196 0.7372549 0.74509805 0.5764706 0.48235294 0.4 0.17254902 0.17254902 0.09411765 0.07450981 0.14901961 0.105882354 0.019607844 0.023529412 0.019607844 0.11764706 0.4392157 0.36078432
0.46666667 0.44705883 0.44705883 0.69411767 0.91764706 0.49803922 0.10980392 0.15294118 0.20392157 0.88235295 0.77254903 0.24313726 0.3254902 0.23921569 0.42745098 0.11372549 0.101960786 0.10980392 0.14509805 0.23529412 0.14117648 0.14901961 0.19607843 0.1882353 0.16862746 0.14117648 0.07450981 0.015686275 0.015686275 0.18431373 0.36862746 0.34901962
0.47843137 0.4627451 0.4627451 0.8039216 0.8901961 0.24705882 0.28627452 0.4 0.2901961 0.70980394 0.7529412 0.43529412 0.64705884 0.6039216 0.7607843 0.19607843 0.13333334 0.25882354 0.43529412 0.7607843 0.34117648 0.1254902 0.11764706 0.14117648 0.20784314 0.18039216 0.11764706 0.02745098 0.0627451 0.18431373 0.36862746 0.4745098
0.47058824 0.4627451 0.4745098 0.72156864 0.69803923 0.18431373 0.38431373 0.6 0.43137255 0.53333336 0.7882353 0.46666667 0.5058824 0.50980395 0.56078434 0.20392157 0.21176471 0.43137255 0.54509807 0.7294118 0.3254902 0.09411765 0.08627451 0.19215687 0.39607844 0.3647059 0.14509805 0.047058824 0.101960786 0.18039216 0.3529412 0.3764706
0.4745098 0.46666667 0.42745098 0.30980393 0.1882353 0.16470589 0.45882353 0.89411765 0.52156866 0.42745098 0.7764706 0.5372549 0.7882353 0.8392157 0.8235294 0.3254902 0.4627451 0.78431374 0.7882353 0.7882353 0.37254903 0.07058824 0.11372549 0.27450982 0.23921569 0.38431373 0.24313726 0.0627451 0.09411765 0.1764706 0.23529412 0.27450982
0.49411765 0.4745098 0.42352942 0.2509804 0.16078432 0.2 0.5686275 0.92156863 0.56078434 0.36078432 0.7411765 0.6 0.8745098 0.9019608 0.79607844 0.4392157 0.5882353 0.7254902 0.69411767 0.6784314 0.44705883 0.06666667 0.11764706 0.30980393 0.12941177 0.40784314 0.38039216 0.06666667 0.078431375 0.19215687 0.2784314 0.22745098
0.5137255 0.50980395 0.4627451 0.26666668 0.24313726 0.23529412 0.5803922 0.6509804 0.45490196 0.2784314 0.7019608 0.5411765 0.78431374 0.8235294 0.72156864 0.26666668 0.22352941 0.14901961 0.27450982 0.3764706 0.44313726 0.13333334 0.105882354 0.43137255 0.25882354 0.6862745 0.4392157 0.0627451 0.047058824 0.16862746 0.5372549 0.41568628
0.5372549 0.5372549 0.52156866 0.2901961 0.1764706 0.22745098 0.5294118 0.5529412 0.4117647 0.23529412 0.64705884 0.5803922 0.8509804 0.8509804 0.78039217 0.20392157 0.27450982 0.61960787 0.6666667 0.6901961 0.41568628 0.06666667 0.09019608 0.42352942 0.62352943 0.8784314 0.3647059 0.05490196 0.02745098 0.12941177 0.54509807 0.6901961
0.54901963 0.54509807 0.5529412 0.34901962 0.16078432 0.22745098 0.4862745 0.68235296 0.39607844 0.16078432 0.3529412 0.41960785 0.6117647 0.5529412 0.56078434 0.13725491 0.11372549 0.21568628 0.18039216 0.14509805 0.16470589 0.039215688 0.08235294 0.24705882 0.8627451 0.84313726 0.18039216 0.02745098 0.015686275 0.105882354 0.23529412 0.54901963
0.5294118 0.50980395 0.5019608 0.47058824 0.3764706 0.26666668 0.4 0.4862745 0.34117648 0.12156863 0.050980393 0.07058824 0.101960786 0.06666667 0.08627451 0.05882353 0.11372549 0.019607844 0.011764706 0.019607844 0.101960786 0.03529412 0.050980393 0.12941177 0.36862746 0.3254902 0.14509805 0.23137255 0.03137255 0.047058824 0.1254902 0.2784314
0.5294118 0.50980395 0.49411765 0.47843137 0.37254903 0.23921569 0.2901961 0.3764706 0.20392157 0.09019608 0.07058824 0.08627451 0.10980392 0.03137255 0.02745098 0.10980392 0.3764706 0.12941177 0.12156863 0.12941177 0.20392157 0.21568628 0.09411765 0.07058824 0.07058824 0.078431375 0.101960786 0.39607844 0.25882354 0.09803922 0.101960786 0.32941177
0.52156866 0.50980395 0.49411765 0.47843137 0.2784314 0.29411766 0.18039216 0.15294118 0.12156863 0.03137255 0.19215687 0.27058825 0.16470589 0.14117648 0.13333334 0.26666668 0.41568628 0.35686275 0.38039216 0.38431373 0.40392157 0.44705883 0.33333334 0.16862746 0.14901961 0.1764706 0.2784314 0.40392157 0.44705883 0.40784314 0.3647059 0.5254902
0.43529412 0.43529412 0.44313726 0.4392157 0.4392157 0.4392157 0.4392157 0.41568628 0.34901962 0.38431373 0.40392157 0.40784314 0.41960785 0.41960785 0.42745098 0.43137255 0.43137255 0.43137255 0.43137255 0.42352942 0.4 0.34901962 0.31764707 0.43529412 0.49019608 0.4509804 0.48235294 0.49411765 0.45490196 0.45882353 0.49803922 0.43137255
0.56078434 0.5647059 0.57254905 0.5764706 0.5764706 0.5686275 0.5686275 0.5411765 0.46666667 0.5019608 0.5529412 0.5647059 0.57254905 0.58431375 0.5882353 0.59607846 0.58431375 0.5764706 0.59607846 0.5921569 0.5803922 0.5137255 0.4745098 0.6156863 0.6745098 0.627451 0.6509804 0.6745098 0.6117647 0.5882353 0.5529412 0.5254902
0.6666667 0.6666667 0.67058825 0.6784314 0.68235296 0.6784314 0.6784314 0.6627451 0.5921569 0.6 0.6745098 0.6862745 0.69803923 0.69411767 0.6901961 0.7019608 0.7019608 0.69803923 0.7137255 0.7058824 0.70980394 0.67058825 0.63529414 0.7411765 0.78039217 0.7607843 0.76862746 0.77254903 0.7294118 0.654902 0.5921569 0.52156866
0.65882355 0.6509804 0.654902 0.67058825 0.6784314 0.68235296 0.6784314 0.6745098 0.5921569 0.5921569 0.6745098 0.7019608 0.7019608 0.7607843 0.78431374 0.7921569 0.7176471 0.7137255 0.7372549 0.7294118 0.7411765 0.7294118 0.6784314 0.7764706 0.81960785 0.8039216 0.83137256 0.8392157 0.81960785 0.7607843 0.627451 0.5176471
0.57254905 0.5647059 0.56078434 0.5686275 0.58431375 0.5882353 0.5764706 0.5686275 0.49803922 0.52156866 0.6 0.6666667 0.61960787 0.76862746 0.827451 0.81960785 0.78039217 0.79607844 0.6901961 0.654902 0.6509804 0.6 0.53333336 0.69411767 0.77254903 0.76862746 0.81960785 0.8352941 0.84313726 0.8156863 0.67058825 0.5294118
0.5137255 0.50980395 0.5019608 0.5058824 0.5411765 0.5372549 0.5294118 0.5137255 0.42745098 0.46666667 0.4509804 0.5568628 0.39607844 0.47058824 0.6666667 0.78039217 0.7372549 0.74509805 0.62352943 0.5803922 0.5764706 0.5058824 0.40392157 0.69411767 0.7137255 0.69411767 0.7647059 0.7921569 0.8235294 0.84313726 0.7137255 0.5411765
0.52156866 0.5137255 0.49803922 0.49019608 0.5411765 0.5372549 0.52156866 0.50980395 0.4 0.39607844 0.30980393 0.44705883 0.14901961 0.18431373 0.50980395 0.7764706 0.6431373 0.5568628 0.59607846 0.5686275 0.57254905 0.47843137 0.3529412 0.73333335 0.69411767 0.64705884 0.7176471 0.7529412 0.8 0.8509804 0.75686276 0.5647059
0.5411765 0.52156866 0.49411765 0.49019608 0.5529412 0.56078434 0.5372549 0.49019608 0.33333334 0.3019608 0.32156864 0.39607844 0.13333334 0.12156863 0.4745098 0.8117647 0.7882353 0.7019608 0.6156863 0.5254902 0.49803922 0.4392157 0.3019608 0.6117647 0.69411767 0.6431373 0.6862745 0.7137255 0.76862746 0.84705883 0.78431374 0.5803922
0.5568628 0.5372549 0.49803922 0.49019608 0.5568628 0.57254905 0.4627451 0.3882353 0.18431373 0.16078432 0.34117648 0.38039216 0.16470589 0.21960784 0.57254905 0.8392157 0.8784314 0.8784314 0.54901963 0.27058825 0.30588236 0.40784314 0.29411766 0.57254905 0.7176471 0.64705884 0.68235296 0.6901961 0.74509805 0.8392157 0.8 0.5921569
0.5647059 0.5372549 0.49411765 0.46666667 0.5058824 0.5372549 0.33333334 0.3254902 0.1764706 0.1254902 0.37254903 0.40392157 0.19215687 0.33333334 0.6039216 0.8392157 0.8784314 0.87058824 0.5019608 0.23529412 0.25882354 0.4 0.29411766 0.5803922 0.72156864 0.6431373 0.68235296 0.6745098 0.7176471 0.827451 0.80784315 0.6
0.5686275 0.5294118 0.4862745 0.4392157 0.40784314 0.38039216 0.30588236 0.28235295 0.23921569 0.14117648 0.43137255 0.45882353 0.4117647 0.5568628 0.7176471 0.8509804 0.9137255 0.91764706 0.48235294 0.25490198 0.29411766 0.3882353 0.29803923 0.58431375 0.72156864 0.65882355 0.7058824 0.6627451 0.6784314 0.827451 0.8156863 0.6039216
0.56078434 0.52156866 0.4745098 0.4117647 0.38431373 0.34509805 0.29411766 0.22745098 0.26666668 0.3647059 0.67058825 0.75686276 0.7019608 0.9254902 0.9098039 0.90588236 0.93333334 0.9529412 0.53333336 0.36862746 0.3647059 0.4117647 0.29411766 0.5686275 0.72156864 0.6313726 0.4862745 0.50980395 0.5058824 0.79607844 0.8156863 0.6117647
0.5529412 0.50980395 0.44705883 0.36862746 0.3254902 0.3019608 0.3529412 0.5411765 0.7764706 0.9019608 0.9490196 0.84313726 0.6431373 0.92941177 0.92941177 0.9019608 0.94509804 0.95686275 0.58431375 0.4117647 0.4117647 0.42745098 0.27450982 0.54901963 0.6666667 0.6431373 0.5882353 0.5803922 0.5921569 0.75686276 0.8117647 0.6156863
0.5529412 0.5058824 0.44313726 0.3647059 0.4392157 0.6666667 0.88235295 0.96862745 0.98039216 0.9490196 0.94509804 0.8666667 0.6039216 0.8980392 0.9411765 0.9098039 0.94509804 0.9529412 0.5137255 0.34117648 0.39215687 0.3529412 0.22745098 0.5176471 0.654902 0.64705884 0.75686276 0.627451 0.627451 0.7490196 0.80784315 0.6156863
0.5372549 0.49019608 0.43137255 0.47058824 0.8392157 0.9607843 0.9764706 0.95686275 0.9647059 0.94509804 0.9372549 0.8235294 0.63529414 0.9254902 0.9254902 0.88235295 0.94509804 0.9607843 0.5411765 0.37254903 0.39607844 0.3137255 0.19215687 0.5764706 0.7019608 0.64705884 0.77254903 0.627451 0.627451 0.7490196 0.8 0.6117647
0.5254902 0.48235294 0.43137255 0.5803922 0.91764706 0.9607843 0.9647059 0.972549 0.98039216 0.9372549 0.9607843 0.85882354 0.63529414 0.9411765 0.92941177 0.8784314 0.94509804 0.95686275 0.5647059 0.36862746 0.38039216 0.28627452 0.18431373 0.60784316 0.7176471 0.64705884 0.72156864 0.60784316 0.62352943 0.7294118 0.7921569 0.6117647
0.5176471 0.45882353 0.42352942 0.6 0.8901961 0.98039216 0.99215686 0.9882353 0.98039216 0.9372549 0.96862745 0.95686275 0.7411765 0.92156863 0.9254902 0.9529412 0.9411765 0.9529412 0.5568628 0.28627452 0.32941177 0.32156864 0.19607843 0.5882353 0.69803923 0.58431375 0.6313726 0.6 0.6117647 0.6862745 0.7764706 0.6117647
0.5019608 0.4627451 0.45490196 0.6313726 0.8392157 0.9882353 1.0 1.0 0.99607843 0.9529412 0.972549 0.9607843 0.91764706 0.85490197 0.827451 0.9490196 0.9372549 0.9529412 0.654902 0.2901961 0.27450982 0.34509805 0.2 0.5019608 0.7019608 0.627451 0.63529414 0.6156863 0.62352943 0.6666667 0.75686276 0.6039216
0.5294118 0.5254902 0.5137255 0.6901961 0.87058824 0.9647059 0.9882353 0.9764706 0.972549 0.9607843 0.84313726 0.92941177 0.8901961 0.8666667 0.85490197 0.94509804 0.92941177 0.9607843 0.6627451 0.37254903 0.42352942 0.4 0.25490198 0.3764706 0.5411765 0.39607844 0.3764706 0.33333334 0.32156864 0.46666667 0.61960787 0.44313726
0.5294118 0.5137255 0.49803922 0.6784314 0.9647059 0.9843137 1.0 0.99607843 0.9647059 0.91764706 0.6784314 0.81960785 0.9137255 0.9254902 0.92156863 0.96862745 0.9607843 0.9019608 0.6666667 0.43529412 0.42745098 0.3764706 0.2509804 0.21176471 0.11764706 0.03137255 0.003921569 0.003921569 0.03137255 0.19607843 0.44313726 0.38431373
0.50980395 0.49019608 0.4509804 0.69803923 0.98039216 0.89411765 0.5803922 0.4745098 0.54901963 0.8392157 0.7529412 0.64705884 0.7882353 0.78039217 0.7529412 0.7411765 0.77254903 0.5294118 0.49019608 0.4117647 0.21960784 0.22352941 0.11764706 0.09411765 0.16078432 0.11764706 0.02745098 0.02745098 0.023529412 0.13333334 0.4509804 0.3764706
0.49803922 0.47843137 0.4509804 0.64705884 0.96862745 0.5372549 0.14901961 0.21568628 0.25882354 0.9098039 0.83137256 0.2784314 0.34117648 0.27058825 0.44705883 0.12941177 0.12156863 0.12156863 0.19215687 0.27058825 0.18431373 0.19607843 0.22745098 0.21176471 0.1882353 0.16470589 0.09019608 0.019607844 0.023529412 0.20392157 0.3882353 0.3647059
0.49803922 0.47843137 0.45490196 0.7647059 0.9411765 0.29411766 0.33333334 0.46666667 0.35686275 0.7411765 0.8117647 0.4862745 0.7019608 0.67058825 0.79607844 0.22745098 0.16862746 0.35686275 0.5254902 0.8352941 0.38039216 0.15686275 0.14509805 0.16862746 0.23137255 0.20784314 0.13333334 0.03529412 0.07450981 0.21176471 0.39607844 0.49803922
0.5019608 0.4745098 0.4862745 0.7607843 0.7411765 0.23529412 0.45490196 0.6431373 0.4862745 0.5686275 0.8352941 0.52156866 0.54509807 0.54901963 0.58431375 0.22352941 0.27450982 0.54509807 0.6431373 0.83137256 0.37254903 0.10980392 0.101960786 0.21568628 0.41960785 0.40392157 0.16470589 0.05882353 0.105882354 0.2 0.38039216 0.4
0.5058824 0.48235294 0.44705883 0.35686275 0.23529412 0.22745098 0.5294118 0.91764706 0.5764706 0.47843137 0.827451 0.58431375 0.7882353 0.84313726 0.84705883 0.35686275 0.5176471 0.8666667 0.8509804 0.85490197 0.4117647 0.08627451 0.1254902 0.29411766 0.26666668 0.44313726 0.27450982 0.078431375 0.09803922 0.19607843 0.25882354 0.2901961
0.5254902 0.49803922 0.4509804 0.3019608 0.20784314 0.26666668 0.6431373 0.9490196 0.62352943 0.41568628 0.7882353 0.654902 0.9254902 0.9490196 0.827451 0.48235294 0.61960787 0.7607843 0.7294118 0.7176471 0.48235294 0.08627451 0.12941177 0.32941177 0.16078432 0.4745098 0.41960785 0.078431375 0.08235294 0.21176471 0.29803923 0.23921569
0.5372549 0.5372549 0.49411765 0.32156864 0.2901961 0.2901961 0.6745098 0.7294118 0.5294118 0.3137255 0.7529412 0.6039216 0.8392157 0.8784314 0.76862746 0.30980393 0.25490198 0.1764706 0.31764707 0.42352942 0.48235294 0.14509805 0.11764706 0.4509804 0.28235295 0.7294118 0.45882353 0.07450981 0.047058824 0.1882353 0.5647059 0.43529412
0.56078434 0.56078434 0.54901963 0.3372549 0.21176471 0.25882354 0.61960787 0.6627451 0.49411765 0.2627451 0.68235296 0.6156863 0.8627451 0.8666667 0.81960785 0.23137255 0.3019608 0.6431373 0.7019608 0.7254902 0.44313726 0.078431375 0.101960786 0.4392157 0.63529414 0.8980392 0.37254903 0.06666667 0.03137255 0.14901961 0.5686275 0.7058824
0.57254905 0.5686275 0.5764706 0.39215687 0.18431373 0.2509804 0.5529412 0.78039217 0.47843137 0.2 0.3647059 0.43529412 0.63529414 0.57254905 0.5764706 0.14901961 0.11372549 0.21960784 0.18039216 0.14509805 0.16862746 0.047058824 0.09019608 0.25490198 0.87058824 0.84705883 0.18431373 0.03529412 0.023529412 0.12156863 0.25490198 0.56078434
0.5529412 0.53333336 0.5254902 0.5137255 0.40784314 0.3019608 0.45490196 0.5647059 0.40784314 0.15686275 0.06666667 0.08235294 0.11764706 0.08235294 0.09803922 0.07450981 0.1254902 0.023529412 0.015686275 0.023529412 0.10980392 0.043137256 0.05882353 0.13725491 0.3764706 0.32941177 0.15294118 0.24705882 0.039215688 0.0627451 0.14509805 0.2901961
0.5529412 0.53333336 0.5176471 0.5058824 0.4117647 0.28235295 0.3372549 0.42745098 0.24705882 0.11764706 0.08627451 0.101960786 0.12156863 0.047058824 0.039215688 0.1254902 0.39607844 0.14117648 0.12941177 0.14117648 0.21568628 0.23137255 0.105882354 0.078431375 0.078431375 0.08235294 0.10980392 0.4117647 0.27450982 0.11372549 0.1254902 0.34509805
0.54901963 0.5372549 0.5176471 0.49803922 0.31764707 0.34901962 0.21960784 0.18039216 0.14901961 0.05882353 0.21176471 0.29411766 0.18431373 0.16078432 0.15686275 0.29411766 0.43137255 0.37254903 0.39607844 0.4 0.42352942 0.4627451 0.34509805 0.18039216 0.16078432 0.1882353 0.2901961 0.41960785 0.4627451 0.43529412 0.39215687 0.54509807
0.52156866 0.52156866 0.5294118 0.5372549 0.5372549 0.53333336 0.5294118 0.49411765 0.4 0.47058824 0.5058824 0.50980395 0.5137255 0.5176471 0.53333336 0.5372549 0.53333336 0.5294118 0.5254902 0.5176471 0.49411765 0.39215687 0.33333334 0.43137255 0.47058824 0.42745098 0.45882353 0.47843137 0.43529412 0.43529412 0.47058824 0.41568628
0.63529414 0.6392157 0.6431373 0.654902 0.654902 0.654902 0.6509804 0.6039216 0.5019608 0.57254905 0.65882355 0.6627451 0.6627451 0.67058825 0.68235296 0.6901961 0.68235296 0.6784314 0.6901961 0.6862745 0.6627451 0.52156866 0.4627451 0.59607846 0.6431373 0.6 0.62352943 0.6392157 0.5764706 0.5411765 0.5019608 0.4862745
0.69803923 0.69803923 0.7019608 0.72156864 0.7294118 0.73333335 0.73333335 0.7019608 0.6039216 0.64705884 0.7411765 0.7529412 0.7490196 0.74509805 0.74509805 0.75686276 0.7647059 0.7607843 0.77254903 0.76862746 0.7647059 0.654902 0.6156863 0.7176471 0.75686276 0.7411765 0.7411765 0.7411765 0.6901961 0.6039216 0.53333336 0.4627451
0.69803923 0.7019608 0.7019608 0.72156864 0.73333335 0.7411765 0.7411765 0.73333335 0.6313726 0.654902 0.7411765 0.7607843 0.74509805 0.8 0.827451 0.8392157 0.7764706 0.7764706 0.8117647 0.8039216 0.8117647 0.7529412 0.6784314 0.7529412 0.79607844 0.7882353 0.80784315 0.8117647 0.7882353 0.7176471 0.5686275 0.4509804
0.62352943 0.63529414 0.6156863 0.6156863 0.65882355 0.654902 0.6431373 0.6431373 0.54901963 0.5921569 0.64705884 0.69803923 0.6313726 0.77254903 0.827451 0.83137256 0.8117647 0.83137256 0.7411765 0.72156864 0.72156864 0.6039216 0.50980395 0.65882355 0.73333335 0.73333335 0.78431374 0.8039216 0.8156863 0.7882353 0.61960787 0.47843137
0.5882353 0.57254905 0.54509807 0.5568628 0.627451 0.6156863 0.6117647 0.6039216 0.4862745 0.5254902 0.4509804 0.5647059 0.40392157 0.47058824 0.6666667 0.7764706 0.7490196 0.7372549 0.6627451 0.654902 0.6627451 0.47843137 0.3529412 0.654902 0.6666667 0.64705884 0.7176471 0.7529412 0.7882353 0.8156863 0.6627451 0.49019608
0.6 0.5647059 0.5254902 0.5411765 0.627451 0.62352943 0.6156863 0.6 0.44705883 0.42352942 0.27450982 0.44705883 0.16470589 0.19607843 0.50980395 0.7607843 0.6509804 0.54509807 0.6901961 0.69411767 0.7019608 0.49411765 0.3137255 0.68235296 0.63529414 0.5921569 0.6627451 0.7019608 0.75686276 0.8235294 0.7019608 0.5137255
0.6 0.5686275 0.5254902 0.5294118 0.62352943 0.63529414 0.6313726 0.56078434 0.34117648 0.29803923 0.28235295 0.4117647 0.16078432 0.15294118 0.49019608 0.78431374 0.7607843 0.6901961 0.6862745 0.5803922 0.52156866 0.41568628 0.2627451 0.5529412 0.627451 0.5764706 0.62352943 0.654902 0.72156864 0.81960785 0.7294118 0.5294118
0.6 0.5764706 0.5254902 0.50980395 0.6117647 0.6392157 0.5058824 0.42352942 0.1882353 0.15294118 0.3137255 0.39607844 0.18039216 0.21568628 0.5529412 0.80784315 0.84313726 0.8627451 0.54901963 0.21568628 0.20392157 0.34509805 0.24313726 0.50980395 0.64705884 0.5764706 0.6156863 0.6156863 0.6862745 0.80784315 0.75686276 0.5411765
0.60784316 0.5764706 0.52156866 0.47058824 0.5372549 0.5764706 0.3019608 0.30980393 0.1764706 0.12156863 0.34117648 0.39215687 0.18431373 0.28235295 0.56078434 0.8156863 0.85882354 0.8509804 0.47058824 0.1254902 0.12156863 0.34117648 0.24313726 0.50980395 0.64705884 0.5686275 0.61960787 0.58431375 0.6392157 0.7921569 0.7764706 0.5529412
0.6039216 0.56078434 0.5058824 0.43137255 0.4 0.35686275 0.23137255 0.21176471 0.19607843 0.1254902 0.3764706 0.41960785 0.39607844 0.52156866 0.7019608 0.8352941 0.8862745 0.89411765 0.40392157 0.09411765 0.11764706 0.28627452 0.24313726 0.5058824 0.6431373 0.57254905 0.6392157 0.5686275 0.5921569 0.78039217 0.7764706 0.5568628
0.59607846 0.54901963 0.4862745 0.40392157 0.3529412 0.28235295 0.21568628 0.15294118 0.22352941 0.34117648 0.61960787 0.70980394 0.6862745 0.8901961 0.8784314 0.87058824 0.9019608 0.92156863 0.40784314 0.16470589 0.16078432 0.28235295 0.24313726 0.49019608 0.64705884 0.5372549 0.4117647 0.40784314 0.41568628 0.7411765 0.76862746 0.56078434
0.5764706 0.5294118 0.45490196 0.37254903 0.28627452 0.23137255 0.3019608 0.50980395 0.7647059 0.8862745 0.92156863 0.8156863 0.6431373 0.8980392 0.8980392 0.8745098 0.9098039 0.91764706 0.4392157 0.18431373 0.19607843 0.2901961 0.22745098 0.48235294 0.6156863 0.5372549 0.5019608 0.4745098 0.49803922 0.69411767 0.75686276 0.5647059
0.5647059 0.5254902 0.43529412 0.34509805 0.4117647 0.6392157 0.85882354 0.9490196 0.9647059 0.92941177 0.9254902 0.84705883 0.6156863 0.87058824 0.92156863 0.8862745 0.9137255 0.92156863 0.42352942 0.16078432 0.2 0.25882354 0.18039216 0.42745098 0.5921569 0.56078434 0.6666667 0.50980395 0.5254902 0.6745098 0.75686276 0.5647059
0.5411765 0.49803922 0.40784314 0.43529412 0.81960785 0.94509804 0.95686275 0.9372549 0.9411765 0.92156863 0.9137255 0.8039216 0.6431373 0.9019608 0.90588236 0.85882354 0.9137255 0.92941177 0.43137255 0.16078432 0.18039216 0.19607843 0.14117648 0.4745098 0.6117647 0.56078434 0.6666667 0.5058824 0.5176471 0.6745098 0.7490196 0.5647059
0.5176471 0.47058824 0.38431373 0.54901963 0.8980392 0.94509804 0.94509804 0.9529412 0.9607843 0.91764706 0.9372549 0.83137256 0.63529414 0.9254902 0.9137255 0.8509804 0.9137255 0.92941177 0.48235294 0.19215687 0.21960784 0.1882353 0.16470589 0.5137255 0.6156863 0.5411765 0.6 0.49019608 0.5137255 0.6509804 0.74509805 0.56078434
0.49411765 0.42745098 0.35686275 0.5647059 0.8745098 0.9607843 0.972549 0.972549 0.9647059 0.92156863 0.94509804 0.93333334 0.7411765 0.9019608 0.90588236 0.9254902 0.9098039 0.9254902 0.53333336 0.23137255 0.23529412 0.24705882 0.18431373 0.50980395 0.60784316 0.4745098 0.50980395 0.47843137 0.5019608 0.6117647 0.7294118 0.5647059
0.47058824 0.4117647 0.36862746 0.59607846 0.8235294 0.972549 0.98039216 0.9882353 0.9843137 0.9372549 0.9529412 0.9372549 0.91764706 0.827451 0.8039216 0.9254902 0.90588236 0.92156863 0.5686275 0.2 0.14509805 0.2 0.15686275 0.42745098 0.627451 0.53333336 0.53333336 0.49803922 0.5176471 0.58431375 0.7019608 0.54901963
0.4745098 0.4392157 0.4 0.627451 0.85882354 0.9529412 0.9843137 0.9764706 0.972549 0.9529412 0.83137256 0.91764706 0.8784314 0.84313726 0.8352941 0.92156863 0.89411765 0.8980392 0.44705883 0.1882353 0.23921569 0.16862746 0.13725491 0.27450982 0.46666667 0.34117648 0.33333334 0.28627452 0.2627451 0.34117648 0.5176471 0.3647059
0.46666667 0.42745098 0.3764706 0.60784316 0.9490196 0.972549 1.0 0.99607843 0.9607843 0.91764706 0.67058825 0.8117647 0.9098039 0.9137255 0.9098039 0.9529412 0.93333334 0.84705883 0.49411765 0.24705882 0.2784314 0.23137255 0.18039216 0.14117648 0.07058824 0.007843138 0.0 0.0 0.015686275 0.12156863 0.38431373 0.34509805
0.44313726 0.40392157 0.32941177 0.6117647 0.95686275 0.88235295 0.5686275 0.45882353 0.5372549 0.8352941 0.7372549 0.6392157 0.7882353 0.7764706 0.74509805 0.73333335 0.7647059 0.5019608 0.4627451 0.34509805 0.14509805 0.17254902 0.105882354 0.06666667 0.14509805 0.10980392 0.03529412 0.03529412 0.03137255 0.11764706 0.44705883 0.38039216
0.42745098 0.4 0.32941177 0.54901963 0.9372549 0.52156866 0.13333334 0.19607843 0.23921569 0.9019608 0.8156863 0.2627451 0.3254902 0.2509804 0.43137255 0.11764706 0.12941177 0.13725491 0.22745098 0.27058825 0.17254902 0.18431373 0.21960784 0.1882353 0.1764706 0.14901961 0.09019608 0.019607844 0.023529412 0.19607843 0.38039216 0.36078432
0.43137255 0.40392157 0.34117648 0.6784314 0.9098039 0.2784314 0.3137255 0.43529412 0.32941177 0.7294118 0.79607844 0.46666667 0.6666667 0.6313726 0.76862746 0.21176471 0.1882353 0.4 0.5137255 0.7921569 0.38039216 0.15294118 0.1254902 0.13725491 0.2 0.17254902 0.11764706 0.019607844 0.05490196 0.18039216 0.35686275 0.45882353
0.42352942 0.3764706 0.38039216 0.7294118 0.7372549 0.23137255 0.42352942 0.5803922 0.44313726 0.5529412 0.81960785 0.49803922 0.52156866 0.52156866 0.5529412 0.20392157 0.25882354 0.5568628 0.6313726 0.8039216 0.3647059 0.11764706 0.09411765 0.18431373 0.3647059 0.3372549 0.15294118 0.05490196 0.09803922 0.1764706 0.34509805 0.34901962
0.41568628 0.37254903 0.33333334 0.32156864 0.23137255 0.23137255 0.5294118 0.8862745 0.5411765 0.45882353 0.80784315 0.5686275 0.78039217 0.83137256 0.827451 0.2784314 0.40392157 0.8156863 0.8392157 0.83137256 0.3882353 0.07450981 0.11372549 0.26666668 0.23137255 0.3764706 0.24705882 0.07450981 0.09411765 0.17254902 0.23137255 0.27450982
0.43137255 0.39215687 0.3529412 0.26666668 0.20392157 0.27058825 0.65882355 0.94509804 0.5921569 0.39215687 0.7764706 0.63529414 0.8980392 0.9254902 0.8117647 0.4 0.5411765 0.7529412 0.7176471 0.68235296 0.4509804 0.0627451 0.11372549 0.3019608 0.13333334 0.41568628 0.3882353 0.07450981 0.078431375 0.1882353 0.2784314 0.24313726
0.4745098 0.4627451 0.43529412 0.2901961 0.28627452 0.28235295 0.67058825 0.7176471 0.50980395 0.29411766 0.73333335 0.5803922 0.8117647 0.84705883 0.7372549 0.30588236 0.24705882 0.18039216 0.28627452 0.36862746 0.45882353 0.14509805 0.10980392 0.42352942 0.24705882 0.6901961 0.45882353 0.07058824 0.043137256 0.16470589 0.53333336 0.39607844
0.5176471 0.50980395 0.50980395 0.3137255 0.21568628 0.25490198 0.6039216 0.64705884 0.47058824 0.23921569 0.6745098 0.6 0.84313726 0.8352941 0.78039217 0.2627451 0.3137255 0.6313726 0.6784314 0.6862745 0.43529412 0.08235294 0.09019608 0.4117647 0.6 0.87058824 0.38431373 0.06666667 0.03137255 0.12156863 0.5372549 0.67058825
0.5254902 0.5176471 0.5176471 0.35686275 0.18039216 0.2509804 0.54509807 0.7764706 0.45490196 0.16862746 0.36862746 0.43137255 0.60784316 0.54901963 0.5568628 0.15294118 0.13333334 0.23921569 0.19607843 0.16078432 0.16078432 0.03529412 0.07450981 0.23529412 0.85882354 0.8392157 0.18431373 0.02745098 0.02745098 0.101960786 0.23529412 0.5686275
0.5019608 0.47843137 0.47058824 0.45490196 0.37254903 0.2784314 0.44313726 0.5568628 0.3882353 0.13725491 0.08235294 0.09411765 0.11764706 0.08235294 0.09803922 0.078431375 0.09803922 0.039215688 0.02745098 0.03529412 0.09411765 0.02745098 0.050980393 0.13333334 0.3764706 0.3372549 0.14901961 0.19607843 0.015686275 0.05882353 0.13725491 0.28235295
0.5058824 0.47843137 0.4627451 0.44705883 0.3647059 0.24705882 0.31764707 0.41960785 0.23137255 0.10980392 0.09411765 0.105882354 0.1254902 0.050980393 0.039215688 0.10980392 0.3372549 0.12156863 0.11372549 0.11764706 0.18039216 0.19215687 0.08627451 0.06666667 0.07058824 0.08627451 0.09803922 0.34509805 0.23137255 0.09803922 0.101960786 0.31764707
0.49803922 0.47843137 0.45882353 0.4509804 0.28235295 0.30588236 0.19215687 0.16862746 0.14117648 0.047058824 0.18431373 0.2627451 0.16078432 0.13333334 0.1254902 0.23529412 0.3647059 0.30588236 0.3254902 0.3254902 0.3529412 0.39607844 0.29411766 0.13333334 0.11764706 0.15294118 0.25490198 0.35686275 0.4117647 0.38039216 0.3372549 0.49803922
29 11 1
16 15 2
19 27 1
19 28 1
29 19 1
29 30 0
27 13 1
19 25 1
29 16 1
19 26 1
12 13 2
29 19 0
20 4 2
21 15 0
30 24 1
29 14 1
29 30 1
30 25 1
19 24 0
29 17 1
27 25 0
29 13 1
29 12 1
19 16 2
19 7 1
21 7 0
16 5 2
27 27 0
31 7 1
30 13 1
29 16 0
20 4 0
8 15 1
30 13 0
21 7 1
11 16 2
30 24 0
26 27 1
27 25 1
26 25 2
29 13 0
20 28 1
29 11 0
20 23 0
29 27 1
19 6 2
27 28 1
9 17 2
30 11 1
29 19 2
