32, 32, 3, 50
0.9843137 0.98039216 0.9843137 0.9843137 0.9843137 0.9843137 0.9843137 0.9843137 0.9843137 0.9843137 0.9764706 0.972549 0.87058824 0.7137255 0.78431374 0.68235296 0.65882355 0.7647059 0.8039216 0.972549 0.9843137 0.9843137 0.9843137 0.9843137 0.9843137 0.9843137 0.9843137 0.9843137 0.9843137 0.9843137 0.9843137 0.9843137
1.0 0.99607843 1.0 1.0 1.0 1.0 1.0 0.99607843 0.99607843 0.9647059 0.9607843 0.8784314 0.64705884 0.5176471 0.54509807 0.5803922 0.5882353 0.6313726 0.81960785 0.99215686 1.0 1.0 1.0 1.0 1.0 1.0 1.0 1.0 1.0 1.0 1.0 1.0
0.99607843 0.99215686 0.99607843 0.99607843 0.972549 0.96862745 0.98039216 0.9882353 0.98039216 0.85490197 0.7490196 0.627451 0.47843137 0.43137255 0.45882353 0.49411765 0.56078434 0.78431374 0.9490196 0.99215686 0.99607843 0.99607843 0.99607843 0.99607843 0.99607843 0.99607843 0.99215686 0.99215686 0.99607843 0.99607843 0.99607843 0.99607843
0.99215686 0.99215686 0.99607843 1.0 0.9529412 0.9254902 0.9490196 0.99215686 0.9529412 0.72156864 0.53333336 0.44705883 0.41568628 0.43529412 0.41960785 0.56078434 0.8352941 0.9882353 0.99607843 0.93333334 0.9607843 0.99607843 0.99607843 0.99607843 0.99607843 0.99607843 0.99607843 0.99607843 0.99215686 0.99607843 0.99607843 0.99607843
0.99607843 0.99215686 0.99607843 1.0 0.95686275 0.8745098 0.85490197 0.9607843 0.8666667 0.57254905 0.44313726 0.5411765 0.52156866 0.4509804 0.49803922 0.78431374 0.9529412 0.9607843 0.91764706 0.67058825 0.85882354 1.0 0.99215686 0.99607843 0.99607843 0.99607843 1.0 1.0 1.0 0.99215686 0.99607843 0.99607843
0.99607843 0.99215686 0.99607843 1.0 0.9529412 0.90588236 0.8980392 0.88235295 0.6392157 0.5176471 0.5647059 0.6901961 0.65882355 0.627451 0.70980394 0.6862745 0.67058825 0.6901961 0.67058825 0.6156863 0.8352941 0.99215686 0.99215686 0.99607843 0.99607843 0.99607843 0.99607843 0.972549 0.9411765 0.9843137 0.99607843 0.99215686
1.0 0.99215686 0.99215686 0.99607843 0.94509804 0.91764706 0.8627451 0.74509805 0.63529414 0.6862745 0.72156864 0.72156864 0.70980394 0.7137255 0.7058824 0.6901961 0.6901961 0.6901961 0.6862745 0.70980394 0.7764706 0.89411765 0.9647059 0.9882353 0.99607843 0.99215686 1.0 0.89411765 0.6745098 0.78431374 0.9607843 0.99607843
0.99607843 0.95686275 0.972549 0.9843137 0.8784314 0.8 0.7254902 0.69803923 0.6862745 0.6901961 0.6745098 0.6666667 0.65882355 0.6627451 0.6627451 0.6745098 0.6784314 0.6784314 0.6784314 0.6901961 0.7058824 0.74509805 0.8039216 0.92941177 1.0 0.99607843 0.9490196 0.7058824 0.5058824 0.5529412 0.77254903 0.9607843
0.99215686 0.8901961 0.9019608 0.85882354 0.73333335 0.6784314 0.64705884 0.62352943 0.5803922 0.5411765 0.5411765 0.56078434 0.5137255 0.49803922 0.5019608 0.5137255 0.52156866 0.5254902 0.5294118 0.5372549 0.5529412 0.58431375 0.59607846 0.7490196 0.9843137 1.0 0.827451 0.49411765 0.4509804 0.5411765 0.5176471 0.69803923
0.9529412 0.8392157 0.77254903 0.7176471 0.68235296 0.6509804 0.5411765 0.44313726 0.43137255 0.38431373 0.38431373 0.45490196 0.4117647 0.3882353 0.39215687 0.41960785 0.45882353 0.45490196 0.47058824 0.49411765 0.52156866 0.5921569 0.6392157 0.63529414 0.8 0.84705883 0.5764706 0.40784314 0.4 0.4627451 0.41568628 0.40392157
0.76862746 0.67058825 0.65882355 0.6156863 0.5529412 0.59607846 0.4392157 0.3529412 0.42352942 0.36078432 0.2901961 0.40392157 0.39215687 0.36078432 0.3647059 0.4 0.4509804 0.44705883 0.4862745 0.5372549 0.5764706 0.63529414 0.6509804 0.65882355 0.49803922 0.5294118 0.4117647 0.30588236 0.37254903 0.3529412 0.3764706 0.37254903
0.5686275 0.57254905 0.62352943 0.5568628 0.37254903 0.52156866 0.41568628 0.3372549 0.44313726 0.36078432 0.2509804 0.37254903 0.39215687 0.39607844 0.3882353 0.44313726 0.45490196 0.41568628 0.46666667 0.5254902 0.5647059 0.627451 0.64705884 0.6784314 0.5529412 0.42745098 0.38039216 0.34117648 0.37254903 0.34509805 0.3647059 0.3882353
0.5411765 0.5529412 0.5882353 0.5254902 0.35686275 0.5058824 0.4 0.33333334 0.4117647 0.27450982 0.21568628 0.34901962 0.41960785 0.44313726 0.41960785 0.4627451 0.45490196 0.4117647 0.4745098 0.5411765 0.5568628 0.6313726 0.654902 0.65882355 0.6039216 0.42352942 0.39607844 0.39607844 0.3764706 0.3764706 0.3882353 0.38431373
0.5254902 0.5137255 0.5254902 0.49019608 0.36862746 0.5137255 0.3882353 0.30588236 0.4117647 0.24313726 0.20784314 0.3529412 0.40784314 0.3764706 0.37254903 0.40784314 0.42352942 0.4509804 0.50980395 0.53333336 0.5372549 0.58431375 0.59607846 0.627451 0.6 0.43137255 0.40392157 0.40784314 0.4 0.40784314 0.39607844 0.37254903
0.5137255 0.4862745 0.49019608 0.49803922 0.4509804 0.5254902 0.40392157 0.30588236 0.43137255 0.23529412 0.19215687 0.33333334 0.40392157 0.36078432 0.38431373 0.42745098 0.4509804 0.4862745 0.5137255 0.47843137 0.48235294 0.50980395 0.5137255 0.5137255 0.5058824 0.47058824 0.41960785 0.4117647 0.40784314 0.41960785 0.3882353 0.3647059
0.50980395 0.4862745 0.49019608 0.4862745 0.5254902 0.5294118 0.4862745 0.45882353 0.4745098 0.24705882 0.21960784 0.3254902 0.40392157 0.3882353 0.41960785 0.4392157 0.44705883 0.49411765 0.5019608 0.5019608 0.5294118 0.5176471 0.56078434 0.5686275 0.5921569 0.5529412 0.44705883 0.41568628 0.4 0.4117647 0.39215687 0.36862746
0.49411765 0.47843137 0.4862745 0.4862745 0.5137255 0.5254902 0.4745098 0.5019608 0.49803922 0.3882353 0.40784314 0.46666667 0.49411765 0.4862745 0.5176471 0.5529412 0.54509807 0.5803922 0.6313726 0.64705884 0.6509804 0.63529414 0.6313726 0.627451 0.62352943 0.5568628 0.42745098 0.3882353 0.36078432 0.4 0.35686275 0.34509805
0.49803922 0.4862745 0.4745098 0.4862745 0.5137255 0.5058824 0.44705883 0.4862745 0.5019608 0.5294118 0.5529412 0.53333336 0.5568628 0.62352943 0.63529414 0.6431373 0.6392157 0.63529414 0.654902 0.6313726 0.5803922 0.57254905 0.59607846 0.6117647 0.6156863 0.5921569 0.5019608 0.43137255 0.42352942 0.46666667 0.34901962 0.3647059
0.49411765 0.49803922 0.4745098 0.4862745 0.5058824 0.49803922 0.49019608 0.5176471 0.5019608 0.52156866 0.5529412 0.5176471 0.50980395 0.6156863 0.63529414 0.63529414 0.6392157 0.63529414 0.627451 0.6117647 0.5882353 0.5921569 0.59607846 0.5803922 0.54901963 0.52156866 0.4627451 0.42745098 0.46666667 0.46666667 0.34509805 0.35686275
0.4117647 0.45490196 0.46666667 0.4745098 0.49803922 0.49019608 0.49019608 0.5372549 0.50980395 0.50980395 0.54509807 0.5372549 0.5372549 0.6 0.61960787 0.63529414 0.6431373 0.65882355 0.64705884 0.6 0.5529412 0.5411765 0.52156866 0.45882353 0.3764706 0.39607844 0.35686275 0.38431373 0.46666667 0.40784314 0.29803923 0.3137255
0.33333334 0.39607844 0.45882353 0.47058824 0.49019608 0.4862745 0.47843137 0.5647059 0.54901963 0.5019608 0.5411765 0.58431375 0.6039216 0.6431373 0.6627451 0.627451 0.5764706 0.5019608 0.47058824 0.45490196 0.42745098 0.38039216 0.32941177 0.30588236 0.27450982 0.39607844 0.45490196 0.40392157 0.4392157 0.34117648 0.21960784 0.2627451
0.30588236 0.34901962 0.4627451 0.46666667 0.4862745 0.49803922 0.35686275 0.29803923 0.53333336 0.52156866 0.49411765 0.5137255 0.56078434 0.5921569 0.5058824 0.44705883 0.44313726 0.3764706 0.3019608 0.28627452 0.27450982 0.28235295 0.25490198 0.25882354 0.25490198 0.3764706 0.47058824 0.33333334 0.32156864 0.2627451 0.18431373 0.23529412
0.3254902 0.3254902 0.45882353 0.4745098 0.48235294 0.47058824 0.25490198 0.13725491 0.4 0.5254902 0.48235294 0.49019608 0.50980395 0.45490196 0.44313726 0.47058824 0.36078432 0.30588236 0.29411766 0.27450982 0.24313726 0.23529412 0.26666668 0.32156864 0.37254903 0.41568628 0.3882353 0.2784314 0.22745098 0.20784314 0.19607843 0.21960784
0.34117648 0.28627452 0.3254902 0.4392157 0.47843137 0.43137255 0.21960784 0.18431373 0.3137255 0.49019608 0.48235294 0.50980395 0.5254902 0.4392157 0.48235294 0.5921569 0.38039216 0.28235295 0.28627452 0.3019608 0.32941177 0.3647059 0.39215687 0.39215687 0.36078432 0.32156864 0.2901961 0.29803923 0.20784314 0.18039216 0.1882353 0.2
0.36078432 0.24705882 0.16862746 0.24705882 0.3764706 0.41568628 0.21960784 0.21568628 0.26666668 0.42745098 0.46666667 0.5058824 0.56078434 0.44705883 0.43529412 0.5803922 0.42352942 0.38431373 0.4 0.40784314 0.40392157 0.3882353 0.34509805 0.30980393 0.27058825 0.27450982 0.27058825 0.22745098 0.16470589 0.15686275 0.18431373 0.1882353
0.4392157 0.3254902 0.21176471 0.1764706 0.21176471 0.27058825 0.20392157 0.3019608 0.3254902 0.34901962 0.41960785 0.4745098 0.49411765 0.45490196 0.45490196 0.49019608 0.45882353 0.4 0.3647059 0.34117648 0.30980393 0.2627451 0.23529412 0.20392157 0.25490198 0.23921569 0.20392157 0.18039216 0.16078432 0.15294118 0.16862746 0.18431373
0.47843137 0.41960785 0.34117648 0.2784314 0.21568628 0.1882353 0.18039216 0.27450982 0.34117648 0.29803923 0.3529412 0.42352942 0.41960785 0.3882353 0.37254903 0.3529412 0.31764707 0.28627452 0.27058825 0.27450982 0.21960784 0.14901961 0.2 0.21960784 0.23921569 0.25490198 0.17254902 0.17254902 0.1882353 0.17254902 0.18431373 0.19607843
0.45882353 0.44313726 0.4509804 0.4117647 0.37254903 0.30588236 0.2509804 0.25490198 0.28627452 0.27450982 0.32941177 0.4 0.4 0.36078432 0.2901961 0.3019608 0.30588236 0.27450982 0.25490198 0.25490198 0.22352941 0.2627451 0.37254903 0.36862746 0.20392157 0.19215687 0.16862746 0.1882353 0.20784314 0.21176471 0.22352941 0.22352941
0.5019608 0.5058824 0.49019608 0.4627451 0.44313726 0.4117647 0.34509805 0.28627452 0.27450982 0.24313726 0.30588236 0.3254902 0.36862746 0.37254903 0.43529412 0.39215687 0.3019608 0.2627451 0.22352941 0.18431373 0.25490198 0.39215687 0.3529412 0.25882354 0.15686275 0.15686275 0.1764706 0.1882353 0.20392157 0.21568628 0.21960784 0.23137255
0.47843137 0.49803922 0.5058824 0.49803922 0.48235294 0.4509804 0.40784314 0.3019608 0.2627451 0.19607843 0.16078432 0.15294118 0.24705882 0.32941177 0.36862746 0.30588236 0.3137255 0.2901961 0.14117648 0.12156863 0.16862746 0.22352941 0.1764706 0.15686275 0.16078432 0.18039216 0.2 0.20392157 0.22352941 0.23137255 0.23137255 0.22352941
0.4627451 0.48235294 0.50980395 0.5176471 0.49803922 0.4745098 0.4509804 0.3647059 0.24313726 0.17254902 0.12941177 0.10980392 0.13725491 0.21960784 0.21960784 0.1764706 0.3019608 0.30980393 0.13725491 0.13725491 0.13725491 0.14509805 0.16470589 0.17254902 0.18431373 0.20392157 0.21960784 0.23137255 0.23921569 0.24313726 0.24705882 0.23529412
0.45882353 0.47843137 0.5137255 0.5254902 0.49803922 0.49019608 0.49019608 0.45882353 0.29803923 0.1764706 0.15686275 0.16078432 0.17254902 0.18039216 0.1764706 0.16862746 0.19607843 0.20784314 0.17254902 0.1764706 0.1764706 0.1882353 0.19607843 0.20784314 0.20784314 0.21176471 0.22352941 0.24313726 0.25490198 0.2627451 0.26666668 0.27058825
0.99215686 0.9882353 0.9882353 0.9882353 0.9882353 0.9843137 0.9843137 0.9882353 0.9882353 0.9882353 0.98039216 0.98039216 0.92156863 0.83137256 0.8627451 0.7764706 0.7764706 0.85490197 0.8901961 0.9843137 0.9843137 0.9882353 0.9882353 0.9882353 0.9882353 0.9882353 0.9882353 0.9882353 0.9882353 0.9882353 0.9882353 0.9882353
1.0 1.0 1.0 1.0 1.0 1.0 1.0 1.0 1.0 0.9843137 0.98039216 0.92941177 0.7490196 0.61960787 0.64705884 0.6745098 0.6901961 0.7411765 0.8980392 1.0 0.99607843 1.0 1.0 1.0 1.0 1.0 1.0 1.0 1.0 1.0 1.0 1.0
1.0 0.99215686 1.0 1.0 0.99607843 0.9882353 0.99215686 0.99215686 0.9882353 0.9098039 0.8352941 0.7254902 0.56078434 0.49411765 0.5294118 0.5764706 0.64705884 0.8392157 0.96862745 0.99215686 0.99607843 0.99607843 1.0 1.0 1.0 1.0 1.0 0.99607843 0.99607843 0.99607843 1.0 1.0
1.0 0.99607843 1.0 1.0 0.99607843 0.9843137 0.9843137 0.99215686 0.9764706 0.8 0.62352943 0.56078434 0.4862745 0.4745098 0.47843137 0.6156863 0.8627451 0.9843137 0.99607843 0.9647059 0.98039216 1.0 1.0 1.0 1.0 1.0 1.0 0.99607843 0.99215686 1.0 1.0 1.0
1.0 0.99607843 1.0 1.0 0.99607843 0.9647059 0.94509804 0.9764706 0.91764706 0.6392157 0.47058824 0.49019608 0.4745098 0.47843137 0.54901963 0.81960785 0.96862745 0.9764706 0.9490196 0.78039217 0.92156863 1.0 0.99607843 1.0 1.0 1.0 1.0 1.0 1.0 0.99607843 1.0 1.0
1.0 0.99607843 1.0 1.0 0.99215686 0.9647059 0.9490196 0.9372549 0.7176471 0.5176471 0.47843137 0.49803922 0.46666667 0.49411765 0.6627451 0.7019608 0.7137255 0.73333335 0.7019608 0.6117647 0.83137256 0.99607843 1.0 0.99607843 1.0 1.0 1.0 0.9843137 0.972549 0.99607843 1.0 1.0
1.0 0.99215686 0.99607843 0.99215686 0.9882353 0.96862745 0.91764706 0.79607844 0.62352943 0.57254905 0.5529412 0.50980395 0.47843137 0.48235294 0.5176471 0.54509807 0.5647059 0.5803922 0.57254905 0.5686275 0.6784314 0.8627451 0.9647059 0.99215686 0.99607843 0.99607843 1.0 0.9411765 0.80784315 0.8745098 0.98039216 0.99607843
0.99607843 0.9843137 0.9882353 0.9882353 0.9372549 0.87058824 0.7529412 0.6431373 0.57254905 0.5294118 0.4745098 0.41960785 0.3882353 0.38431373 0.39607844 0.41960785 0.43529412 0.44705883 0.46666667 0.49411765 0.54509807 0.627451 0.73333335 0.91764706 1.0 0.99607843 0.9647059 0.8 0.65882355 0.7058824 0.87058824 0.9843137
1.0 0.95686275 0.9529412 0.92941177 0.84705883 0.78039217 0.62352943 0.5137255 0.45490196 0.39607844 0.37254903 0.36078432 0.36078432 0.36862746 0.38431373 0.4117647 0.4392157 0.4509804 0.4627451 0.48235294 0.5058824 0.5372549 0.5764706 0.7607843 0.99607843 1.0 0.88235295 0.62352943 0.5882353 0.68235296 0.67058825 0.8235294
0.972549 0.92941177 0.91764706 0.88235295 0.8352941 0.77254903 0.5568628 0.3764706 0.32941177 0.34117648 0.32941177 0.37254903 0.43137255 0.42745098 0.4392157 0.47058824 0.52156866 0.53333336 0.5411765 0.57254905 0.6117647 0.6901961 0.74509805 0.73333335 0.8509804 0.8901961 0.6745098 0.53333336 0.5176471 0.6117647 0.59607846 0.6156863
0.88235295 0.84313726 0.8392157 0.78039217 0.6901961 0.7137255 0.50980395 0.31764707 0.3137255 0.42352942 0.29411766 0.3529412 0.4392157 0.41960785 0.42352942 0.46666667 0.5294118 0.5294118 0.57254905 0.627451 0.6784314 0.74509805 0.78039217 0.78431374 0.5921569 0.61960787 0.50980395 0.4117647 0.46666667 0.5058824 0.5647059 0.5647059
0.7137255 0.7058824 0.77254903 0.69411767 0.49019608 0.62352943 0.49019608 0.3137255 0.29411766 0.39215687 0.2627451 0.30980393 0.4392157 0.47058824 0.4627451 0.52156866 0.5372549 0.5058824 0.5686275 0.6313726 0.67058825 0.7372549 0.76862746 0.8156863 0.6509804 0.5019608 0.45882353 0.41568628 0.4509804 0.46666667 0.50980395 0.5372549
0.6431373 0.6666667 0.7254902 0.6627451 0.4745098 0.6039216 0.4627451 0.30588236 0.24313726 0.27450982 0.23921569 0.27058825 0.4509804 0.52156866 0.49411765 0.53333336 0.5254902 0.49411765 0.5686275 0.6392157 0.654902 0.7294118 0.7607843 0.7764706 0.7176471 0.47843137 0.43137255 0.43529412 0.42745098 0.42745098 0.46666667 0.48235294
0.6745098 0.6627451 0.6627451 0.61960787 0.48235294 0.6039216 0.44313726 0.29411766 0.22745098 0.23137255 0.23529412 0.26666668 0.41568628 0.44705883 0.44313726 0.48235294 0.49803922 0.53333336 0.6 0.6313726 0.6392157 0.68235296 0.7058824 0.74509805 0.7176471 0.47843137 0.41960785 0.43529412 0.4392157 0.44313726 0.4627451 0.46666667
0.6627451 0.627451 0.627451 0.62352943 0.5647059 0.6117647 0.43529412 0.27450982 0.21568628 0.2 0.21568628 0.25882354 0.3882353 0.42745098 0.45490196 0.5058824 0.52156866 0.57254905 0.6 0.54901963 0.5529412 0.6 0.59607846 0.5686275 0.5568628 0.4862745 0.42352942 0.43529412 0.44705883 0.45882353 0.45882353 0.45882353
0.65882355 0.6313726 0.627451 0.6117647 0.6431373 0.6509804 0.4 0.19215687 0.1882353 0.2 0.24705882 0.2627451 0.33333334 0.43137255 0.4509804 0.4627451 0.47058824 0.5058824 0.43529412 0.39607844 0.39607844 0.40784314 0.44705883 0.4117647 0.40392157 0.40784314 0.43137255 0.44705883 0.44705883 0.45882353 0.46666667 0.4627451
0.6431373 0.62352943 0.62352943 0.6156863 0.63529414 0.6392157 0.38039216 0.15294118 0.2 0.2 0.23529412 0.3019608 0.25490198 0.3019608 0.30588236 0.3019608 0.34509805 0.3647059 0.3529412 0.35686275 0.40392157 0.41568628 0.43529412 0.40784314 0.40392157 0.36078432 0.41960785 0.45490196 0.44705883 0.48235294 0.46666667 0.46666667
0.63529414 0.61960787 0.6117647 0.6156863 0.6313726 0.6117647 0.38039216 0.16470589 0.16078432 0.14901961 0.14509805 0.27058825 0.2509804 0.24313726 0.24705882 0.28627452 0.36862746 0.31764707 0.37254903 0.42352942 0.54509807 0.5764706 0.42352942 0.3647059 0.39215687 0.43137255 0.5254902 0.5176471 0.5137255 0.5568628 0.46666667 0.49019608
0.5686275 0.5882353 0.6117647 0.6117647 0.627451 0.6156863 0.39607844 0.18039216 0.16470589 0.14901961 0.14509805 0.27450982 0.23137255 0.23921569 0.24705882 0.26666668 0.3137255 0.3019608 0.30980393 0.40784314 0.5647059 0.5803922 0.48235294 0.44313726 0.4509804 0.43529412 0.44313726 0.49019608 0.5529412 0.5568628 0.47058824 0.49019608
0.46666667 0.50980395 0.6039216 0.60784316 0.62352943 0.61960787 0.41568628 0.2901961 0.23137255 0.17254902 0.1882353 0.19215687 0.18431373 0.24705882 0.27450982 0.29803923 0.33333334 0.39215687 0.4392157 0.46666667 0.47843137 0.49803922 0.5176471 0.48235294 0.41568628 0.3647059 0.2901961 0.40784314 0.5411765 0.50980395 0.43137255 0.45490196
0.41960785 0.4392157 0.59607846 0.6039216 0.6156863 0.6156863 0.44313726 0.3764706 0.27450982 0.16470589 0.20392157 0.23921569 0.27058825 0.3254902 0.43137255 0.45882353 0.46666667 0.44313726 0.44313726 0.4745098 0.4745098 0.43529412 0.38039216 0.36078432 0.33333334 0.45882353 0.49803922 0.40392157 0.5019608 0.4627451 0.34117648 0.4117647
0.40784314 0.38431373 0.5882353 0.6 0.6156863 0.60784316 0.36862746 0.18431373 0.23921569 0.15294118 0.14901961 0.16078432 0.2 0.3882353 0.36862746 0.26666668 0.4509804 0.43137255 0.34509805 0.30980393 0.30980393 0.31764707 0.3019608 0.30980393 0.3019608 0.41960785 0.47843137 0.36078432 0.42352942 0.37254903 0.2784314 0.3764706
0.42352942 0.3647059 0.5803922 0.60784316 0.6156863 0.5803922 0.2784314 0.13725491 0.21960784 0.18039216 0.14509805 0.16862746 0.1882353 0.27450982 0.28235295 0.35686275 0.3764706 0.34117648 0.33333334 0.3137255 0.2784314 0.27058825 0.3019608 0.34509805 0.36078432 0.33333334 0.3647059 0.3764706 0.33333334 0.2901961 0.3019608 0.3647059
0.45490196 0.34509805 0.4117647 0.5568628 0.60784316 0.5372549 0.2509804 0.22745098 0.23921569 0.19215687 0.15686275 0.26666668 0.3372549 0.33333334 0.46666667 0.67058825 0.4392157 0.3254902 0.30588236 0.31764707 0.34509805 0.36078432 0.3647059 0.34901962 0.32941177 0.3019608 0.32941177 0.4 0.28627452 0.24705882 0.30588236 0.34117648
0.48235294 0.32941177 0.20392157 0.3019608 0.4745098 0.50980395 0.2509804 0.21960784 0.24313726 0.2 0.15686275 0.26666668 0.45882353 0.41960785 0.40784314 0.5764706 0.39607844 0.36078432 0.37254903 0.3647059 0.34117648 0.3254902 0.30980393 0.30980393 0.29411766 0.3372549 0.34901962 0.30588236 0.21568628 0.20784314 0.27450982 0.3019608
0.54509807 0.43137255 0.28235295 0.22745098 0.2627451 0.32941177 0.23137255 0.26666668 0.28235295 0.1882353 0.16078432 0.22352941 0.3529412 0.37254903 0.32941177 0.4117647 0.38039216 0.3372549 0.29803923 0.28627452 0.2784314 0.25490198 0.2509804 0.23921569 0.3372549 0.3254902 0.27058825 0.24313726 0.21176471 0.20392157 0.23137255 0.2901961
0.5882353 0.5372549 0.45490196 0.38431373 0.29411766 0.23921569 0.20784314 0.24705882 0.27450982 0.19215687 0.15294118 0.1764706 0.20392157 0.25490198 0.29411766 0.27058825 0.26666668 0.28235295 0.29803923 0.3372549 0.25882354 0.17254902 0.25882354 0.27058825 0.3019608 0.3019608 0.22745098 0.24313726 0.2784314 0.25882354 0.27058825 0.3137255
0.5686275 0.5529412 0.56078434 0.5176471 0.47058824 0.39215687 0.3137255 0.24313726 0.22745098 0.1882353 0.16078432 0.16862746 0.21568628 0.2509804 0.28627452 0.3254902 0.36078432 0.37254903 0.37254903 0.38039216 0.30588236 0.32941177 0.48235294 0.47058824 0.2509804 0.22352941 0.21960784 0.26666668 0.32941177 0.35686275 0.36862746 0.38431373
0.6039216 0.60784316 0.5921569 0.5647059 0.5411765 0.49803922 0.42745098 0.3019608 0.23921569 0.1882353 0.17254902 0.16078432 0.22745098 0.4 0.5176471 0.4745098 0.38431373 0.3529412 0.29803923 0.23921569 0.31764707 0.49411765 0.44313726 0.3137255 0.18431373 0.19215687 0.23529412 0.27058825 0.3254902 0.3647059 0.38431373 0.40784314
0.58431375 0.6039216 0.60784316 0.59607846 0.5803922 0.5411765 0.49411765 0.37254903 0.26666668 0.19215687 0.14509805 0.1254902 0.19607843 0.36862746 0.44313726 0.36862746 0.36862746 0.32941177 0.15294118 0.13333334 0.19607843 0.27058825 0.20784314 0.19607843 0.20392157 0.24705882 0.28627452 0.30980393 0.3529412 0.39215687 0.40784314 0.40784314
0.5803922 0.59607846 0.62352943 0.61960787 0.6 0.57254905 0.54901963 0.46666667 0.29803923 0.19215687 0.13333334 0.10980392 0.14117648 0.24705882 0.25490198 0.2 0.32941177 0.33333334 0.14509805 0.14901961 0.15686275 0.16862746 0.19607843 0.22352941 0.24705882 0.29803923 0.3372549 0.36862746 0.39607844 0.41960785 0.4392157 0.42352942
0.5686275 0.5921569 0.62352943 0.6313726 0.60784316 0.6 0.6 0.56078434 0.38431373 0.21960784 0.1764706 0.18039216 0.19215687 0.20392157 0.2 0.1882353 0.22352941 0.23529412 0.20392157 0.20784314 0.21960784 0.24313726 0.25490198 0.2784314 0.30588236 0.34117648 0.38039216 0.40784314 0.43137255 0.4392157 0.4509804 0.4509804
0.9529412 0.93333334 0.9372549 0.93333334 0.9372549 0.9372549 0.9372549 0.9411765 0.94509804 0.9411765 0.9372549 0.92941177 0.8901961 0.8039216 0.84705883 0.7647059 0.7529412 0.84313726 0.8784314 0.9411765 0.93333334 0.93333334 0.9372549 0.93333334 0.93333334 0.93333334 0.93333334 0.93333334 0.93333334 0.93333334 0.93333334 0.93333334
0.9607843 0.9490196 0.9490196 0.9490196 0.9490196 0.9529412 0.95686275 0.9529412 0.95686275 0.9529412 0.9490196 0.8980392 0.7372549 0.6117647 0.6313726 0.65882355 0.6666667 0.7294118 0.8745098 0.95686275 0.9490196 0.9490196 0.9490196 0.9490196 0.9490196 0.9490196 0.9490196 0.9490196 0.9490196 0.9490196 0.9490196 0.9490196
0.9529412 0.9411765 0.94509804 0.9411765 0.9490196 0.9490196 0.9529412 0.9490196 0.9490196 0.8980392 0.8352941 0.74509805 0.5764706 0.47843137 0.50980395 0.5647059 0.63529414 0.81960785 0.9254902 0.94509804 0.9411765 0.9411765 0.94509804 0.94509804 0.94509804 0.94509804 0.94509804 0.9411765 0.9411765 0.9411765 0.94509804 0.94509804
0.95686275 0.94509804 0.94509804 0.9411765 0.95686275 0.9529412 0.9490196 0.9411765 0.9490196 0.8117647 0.64705884 0.6509804 0.54509807 0.44705883 0.45882353 0.6039216 0.8352941 0.9490196 0.9529412 0.9490196 0.9490196 0.94509804 0.94509804 0.94509804 0.94509804 0.94509804 0.94509804 0.94509804 0.9411765 0.94509804 0.94509804 0.94509804
0.9529412 0.94509804 0.94509804 0.94509804 0.95686275 0.9529412 0.94509804 0.9529412 0.9098039 0.64705884 0.48235294 0.5254902 0.5019608 0.46666667 0.5411765 0.8 0.9372549 0.9411765 0.92941177 0.8627451 0.92156863 0.94509804 0.94509804 0.94509804 0.94509804 0.94509804 0.94509804 0.9490196 0.9490196 0.9411765 0.94509804 0.94509804
0.9529412 0.94509804 0.94509804 0.9411765 0.9529412 0.94509804 0.94509804 0.9411765 0.7411765 0.5254902 0.4745098 0.48235294 0.45490196 0.49019608 0.67058825 0.72156864 0.7372549 0.75686276 0.73333335 0.65882355 0.8392157 0.9490196 0.9411765 0.94509804 0.94509804 0.94509804 0.94509804 0.9372549 0.9411765 0.9490196 0.94509804 0.94509804
0.9490196 0.9411765 0.9411765 0.9411765 0.95686275 0.9490196 0.91764706 0.81960785 0.63529414 0.5647059 0.5372549 0.50980395 0.4745098 0.47843137 0.52156866 0.5529412 0.5803922 0.6 0.5921569 0.5803922 0.69803923 0.8666667 0.9411765 0.9490196 0.9490196 0.9490196 0.95686275 0.91764706 0.83137256 0.88235295 0.9411765 0.9411765
0.94509804 0.9411765 0.9411765 0.9490196 0.9372549 0.88235295 0.77254903 0.6666667 0.5803922 0.5294118 0.47843137 0.42352942 0.39607844 0.4 0.40392157 0.42352942 0.44313726 0.4627451 0.48235294 0.5137255 0.5647059 0.6627451 0.77254903 0.9019608 0.95686275 0.95686275 0.9411765 0.80784315 0.68235296 0.7529412 0.88235295 0.94509804
0.9490196 0.9411765 0.94509804 0.9254902 0.8745098 0.8 0.6431373 0.5294118 0.46666667 0.4117647 0.3764706 0.36078432 0.3529412 0.36862746 0.38431373 0.4117647 0.4392157 0.45882353 0.4745098 0.49411765 0.5254902 0.56078434 0.6039216 0.78431374 0.9647059 0.96862745 0.8862745 0.6431373 0.60784316 0.72156864 0.7176471 0.85490197
0.9411765 0.9372549 0.9372549 0.90588236 0.84705883 0.77254903 0.5803922 0.40784314 0.34117648 0.34117648 0.32156864 0.3647059 0.4117647 0.41568628 0.43529412 0.47058824 0.5254902 0.54509807 0.5647059 0.59607846 0.6392157 0.7137255 0.77254903 0.76862746 0.8666667 0.90588236 0.69803923 0.54509807 0.5411765 0.6627451 0.6745098 0.69803923
0.9098039 0.8901961 0.87058824 0.8117647 0.7176471 0.72156864 0.5254902 0.34117648 0.32156864 0.39607844 0.2784314 0.34509805 0.44705883 0.4392157 0.44705883 0.4862745 0.54901963 0.5568628 0.6039216 0.6627451 0.70980394 0.7764706 0.8117647 0.80784315 0.6392157 0.654902 0.5137255 0.40784314 0.46666667 0.54901963 0.6392157 0.63529414
0.73333335 0.7372549 0.8 0.7294118 0.5294118 0.6431373 0.5019608 0.32941177 0.30588236 0.37254903 0.24705882 0.30980393 0.4509804 0.48235294 0.47843137 0.5411765 0.5647059 0.54509807 0.6039216 0.6627451 0.7019608 0.7647059 0.8 0.84705883 0.67058825 0.49019608 0.43137255 0.39215687 0.41960785 0.44313726 0.5254902 0.5803922
0.6627451 0.69411767 0.7607843 0.69411767 0.5058824 0.61960787 0.4862745 0.33333334 0.25490198 0.26666668 0.22745098 0.27058825 0.45882353 0.5254902 0.5137255 0.5647059 0.5647059 0.54901963 0.6156863 0.6745098 0.6901961 0.7607843 0.8 0.81960785 0.74509805 0.4745098 0.40784314 0.4117647 0.39607844 0.40784314 0.44313726 0.46666667
0.7176471 0.70980394 0.7058824 0.65882355 0.5137255 0.62352943 0.48235294 0.33333334 0.2509804 0.22745098 0.22352941 0.2784314 0.44313726 0.4862745 0.4862745 0.5372549 0.5529412 0.5882353 0.6509804 0.6745098 0.6862745 0.73333335 0.7490196 0.7882353 0.7607843 0.49019608 0.4 0.40392157 0.40392157 0.42745098 0.41568628 0.4
0.72156864 0.6901961 0.6784314 0.67058825 0.6039216 0.654902 0.47843137 0.29803923 0.23921569 0.19215687 0.19607843 0.2784314 0.42352942 0.47843137 0.5137255 0.57254905 0.5921569 0.63529414 0.6627451 0.6117647 0.627451 0.67058825 0.6627451 0.627451 0.6117647 0.5019608 0.4117647 0.4117647 0.4117647 0.43529412 0.39607844 0.38431373
0.7176471 0.69803923 0.6862745 0.67058825 0.6901961 0.6901961 0.4509804 0.21960784 0.20392157 0.19215687 0.22745098 0.2784314 0.3647059 0.47058824 0.50980395 0.52156866 0.53333336 0.57254905 0.50980395 0.47058824 0.48235294 0.49411765 0.54509807 0.49803922 0.4862745 0.4627451 0.43529412 0.43137255 0.4117647 0.43137255 0.4 0.39215687
0.69803923 0.68235296 0.68235296 0.67058825 0.6862745 0.68235296 0.42352942 0.1764706 0.21960784 0.20784314 0.23529412 0.3254902 0.3019608 0.34901962 0.3647059 0.37254903 0.41568628 0.43529412 0.44705883 0.45490196 0.5019608 0.5176471 0.5372549 0.49803922 0.4862745 0.4117647 0.39215687 0.39215687 0.3647059 0.4117647 0.36862746 0.35686275
0.6901961 0.68235296 0.6745098 0.6745098 0.6901961 0.67058825 0.43137255 0.18431373 0.1764706 0.16078432 0.16078432 0.3019608 0.30980393 0.3254902 0.32941177 0.37254903 0.45882353 0.4117647 0.4745098 0.5372549 0.69411767 0.7294118 0.5372549 0.45490196 0.49019608 0.5019608 0.49411765 0.42352942 0.39215687 0.4392157 0.3254902 0.34901962
0.62352943 0.6509804 0.6784314 0.6784314 0.6862745 0.67058825 0.45490196 0.22352941 0.18431373 0.16862746 0.16862746 0.2901961 0.28235295 0.3254902 0.34117648 0.36862746 0.41568628 0.4 0.4117647 0.5294118 0.7254902 0.73333335 0.6117647 0.5568628 0.5647059 0.53333336 0.48235294 0.43137255 0.4392157 0.4392157 0.32156864 0.34901962
0.5176471 0.5686275 0.67058825 0.67058825 0.6862745 0.68235296 0.48235294 0.36078432 0.28627452 0.22352941 0.22745098 0.22352941 0.22745098 0.32941177 0.3764706 0.40392157 0.44705883 0.50980395 0.56078434 0.5921569 0.6156863 0.63529414 0.64705884 0.58431375 0.49411765 0.43529412 0.32941177 0.36862746 0.42352942 0.38039216 0.28627452 0.30980393
0.46666667 0.49411765 0.654902 0.67058825 0.68235296 0.68235296 0.5176471 0.4627451 0.35686275 0.21960784 0.2627451 0.3019608 0.34509805 0.42352942 0.54509807 0.5803922 0.6 0.5764706 0.5686275 0.5882353 0.5764706 0.5294118 0.45882353 0.40784314 0.3647059 0.5254902 0.57254905 0.3529412 0.36862746 0.32941177 0.21960784 0.25882354
0.42352942 0.43529412 0.64705884 0.6745098 0.68235296 0.6862745 0.42745098 0.21568628 0.3137255 0.21568628 0.19215687 0.20392157 0.25882354 0.4862745 0.47058824 0.38039216 0.54509807 0.5254902 0.40392157 0.34509805 0.3254902 0.3254902 0.3019608 0.3019608 0.3137255 0.48235294 0.5647059 0.3137255 0.2784314 0.24705882 0.18039216 0.21960784
0.3882353 0.40392157 0.6392157 0.6862745 0.6862745 0.65882355 0.30980393 0.12156863 0.27058825 0.25882354 0.19607843 0.22352941 0.25490198 0.34509805 0.3882353 0.4745098 0.43529412 0.3647059 0.34117648 0.3137255 0.27058825 0.27058825 0.3254902 0.39607844 0.42745098 0.42745098 0.44705883 0.3529412 0.21176471 0.18039216 0.19215687 0.21568628
0.40392157 0.35686275 0.44705883 0.62352943 0.6862745 0.61960787 0.27058825 0.23137255 0.28235295 0.27450982 0.21568628 0.3254902 0.40392157 0.42745098 0.5764706 0.7647059 0.5019608 0.34509805 0.3254902 0.34901962 0.39215687 0.43137255 0.4509804 0.43137255 0.4 0.3647059 0.3882353 0.41568628 0.21176471 0.16078432 0.19607843 0.20784314
0.44705883 0.3254902 0.19215687 0.30980393 0.5254902 0.5921569 0.2784314 0.23137255 0.27450982 0.26666668 0.21568628 0.3137255 0.47058824 0.52156866 0.5058824 0.67058825 0.49411765 0.4509804 0.45882353 0.45490196 0.4392157 0.41960785 0.3882353 0.3764706 0.34509805 0.36862746 0.3647059 0.28627452 0.15686275 0.14117648 0.1882353 0.19215687
0.5254902 0.41568628 0.2509804 0.1882353 0.24313726 0.34901962 0.23921569 0.28627452 0.3254902 0.22352941 0.18431373 0.25490198 0.38431373 0.4745098 0.4627451 0.54901963 0.50980395 0.43529412 0.3764706 0.37254903 0.3529412 0.30980393 0.29411766 0.25882354 0.35686275 0.3137255 0.23137255 0.18039216 0.14509805 0.14117648 0.16470589 0.19215687
0.5568628 0.5176471 0.43529412 0.35686275 0.25490198 0.21568628 0.19215687 0.25882354 0.30588236 0.20784314 0.16078432 0.20784314 0.27450982 0.3254902 0.3882353 0.36078432 0.34901962 0.36078432 0.36862746 0.38039216 0.28235295 0.1764706 0.27450982 0.29803923 0.25882354 0.1882353 0.15294118 0.15686275 0.18039216 0.16470589 0.1764706 0.2
0.5254902 0.53333336 0.5529412 0.52156866 0.4745098 0.39607844 0.32156864 0.2509804 0.23137255 0.2 0.16078432 0.19607843 0.2784314 0.32941177 0.35686275 0.40784314 0.41568628 0.3764706 0.35686275 0.36862746 0.32941177 0.3764706 0.5254902 0.5137255 0.20784314 0.12156863 0.14509805 0.16470589 0.19215687 0.20392157 0.20784314 0.20784314
0.5686275 0.58431375 0.5803922 0.5647059 0.5529412 0.5176471 0.44313726 0.3254902 0.23921569 0.19215687 0.18039216 0.17254902 0.2784314 0.5019608 0.60784316 0.5294118 0.39215687 0.32941177 0.24705882 0.2 0.33333334 0.53333336 0.46666667 0.3019608 0.14117648 0.13333334 0.15294118 0.16470589 0.18431373 0.2 0.20784314 0.21176471
0.5647059 0.58431375 0.5921569 0.59607846 0.5921569 0.56078434 0.5137255 0.4 0.27450982 0.18431373 0.12941177 0.105882354 0.20784314 0.43137255 0.4862745 0.3882353 0.28235295 0.22352941 0.12941177 0.105882354 0.1764706 0.25490198 0.18039216 0.15294118 0.14901961 0.16862746 0.18431373 0.1882353 0.20784314 0.21960784 0.21960784 0.20392157
0.56078434 0.5803922 0.6039216 0.6117647 0.60784316 0.58431375 0.5647059 0.49411765 0.31764707 0.1882353 0.10980392 0.09411765 0.12156863 0.25490198 0.2509804 0.1882353 0.2 0.1764706 0.1254902 0.12156863 0.12156863 0.12941177 0.14509805 0.15686275 0.16862746 0.19607843 0.20784314 0.21960784 0.22352941 0.22745098 0.23137255 0.20784314
0.5411765 0.5686275 0.59607846 0.6117647 0.59607846 0.6 0.6039216 0.5803922 0.4 0.21568628 0.15294118 0.16078432 0.16470589 0.1764706 0.17254902 0.16078432 0.16470589 0.17254902 0.16078432 0.16862746 0.1882353 0.20784314 0.20784314 0.20784314 0.21176471 0.22745098 0.23529412 0.23921569 0.23921569 0.23529412 0.23137255 0.22745098
6 30 1
30 13 1
30 13 0
2 29 2
1 29 2
7 31 1
22 7 1
30 21 1
30 14 0
30 11 1
1 30 2
30 21 0
1 26 2
24 2 1
4 21 2
1 7 2
5 29 1
6 31 0
4 21 0
2 1 2
4 15 1
2 7 1
6 24 0
3 7 2
1 4 2
1 3 2
6 29 0
5 21 0
6 29 2
4 6 2
5 28 2
29 22 1
29 1 2
0 19 2
1 19 2
17 10 1
6 31 1
8 29 2
24 2 2
29 2 2
4 22 0
3 2 2
2 28 2
0 12 2
4 28 2
7 3 1
3 26 2
6 23 0
17 7 1
21 5 2
