32, 32, 3, 50
0.6901961 0.5882353 0.4862745 0.43137255 0.43137255 0.5529412 0.65882355 0.32941177 0.26666668 0.2784314 0.25882354 0.3019608 0.6313726 0.77254903 0.7254902 0.58431375 0.5254902 0.57254905 0.59607846 0.49803922 0.47843137 0.6 0.9607843 0.8392157 0.79607844 0.96862745 0.98039216 0.95686275 0.8156863 0.7607843 0.73333335 0.7058824
0.70980394 0.7058824 0.6901961 0.6392157 0.5137255 0.5294118 0.65882355 0.33333334 0.28627452 0.33333334 0.26666668 0.2901961 0.6039216 0.78431374 0.74509805 0.61960787 0.5686275 0.59607846 0.5882353 0.47058824 0.45882353 0.58431375 0.9529412 0.827451 0.6156863 0.8 0.972549 0.9607843 0.83137256 0.76862746 0.73333335 0.69803923
0.7294118 0.7294118 0.7254902 0.73333335 0.68235296 0.64705884 0.7019608 0.42352942 0.28627452 0.30588236 0.28235295 0.3137255 0.6039216 0.8039216 0.7647059 0.6431373 0.6039216 0.5921569 0.5764706 0.49411765 0.45882353 0.58431375 0.94509804 0.8784314 0.6509804 0.6509804 0.8352941 0.9372549 0.8352941 0.76862746 0.7372549 0.69411767
0.7411765 0.7490196 0.7647059 0.7647059 0.7058824 0.6627451 0.73333335 0.67058825 0.46666667 0.3254902 0.32156864 0.31764707 0.40784314 0.45490196 0.43529412 0.47843137 0.5686275 0.49411765 0.47843137 0.5176471 0.49803922 0.6117647 0.8862745 0.79607844 0.62352943 0.63529414 0.6431373 0.8 0.85490197 0.78039217 0.7411765 0.7019608
0.7372549 0.74509805 0.75686276 0.7647059 0.75686276 0.64705884 0.5294118 0.54509807 0.4509804 0.3647059 0.34509805 0.31764707 0.33333334 0.38039216 0.40392157 0.47058824 0.5411765 0.57254905 0.6313726 0.60784316 0.5921569 0.6509804 0.7764706 0.4117647 0.34901962 0.7607843 0.7254902 0.6431373 0.7137255 0.78039217 0.7176471 0.7294118
0.72156864 0.7254902 0.7176471 0.7372549 0.6745098 0.6431373 0.5568628 0.56078434 0.54509807 0.49803922 0.5411765 0.53333336 0.5176471 0.52156866 0.5372549 0.54509807 0.5647059 0.5372549 0.52156866 0.77254903 0.8627451 0.69411767 0.7529412 0.40392157 0.3529412 0.7921569 0.93333334 0.7254902 0.6784314 0.7254902 0.69411767 0.8352941
0.42745098 0.56078434 0.62352943 0.57254905 0.4862745 0.4509804 0.47843137 0.47843137 0.42352942 0.3647059 0.34901962 0.3764706 0.30980393 0.2627451 0.27058825 0.25882354 0.23137255 0.20784314 0.20392157 0.32941177 0.63529414 0.8235294 0.8235294 0.4509804 0.3882353 0.69803923 0.84313726 0.8862745 0.84313726 0.75686276 0.7764706 0.8901961
0.24313726 0.22352941 0.26666668 0.30588236 0.2509804 0.19215687 0.17254902 0.16862746 0.16078432 0.15686275 0.1764706 0.25490198 0.19607843 0.14509805 0.15686275 0.16078432 0.16078432 0.16470589 0.1764706 0.23921569 0.34117648 0.5568628 0.8039216 0.5882353 0.38431373 0.6627451 0.6313726 0.73333335 0.92941177 0.77254903 0.7764706 0.8980392
0.2 0.18431373 0.20784314 0.23529412 0.23137255 0.21176471 0.16862746 0.17254902 0.16470589 0.16862746 0.18431373 0.27450982 0.21568628 0.17254902 0.16862746 0.16862746 0.1764706 0.1882353 0.21176471 0.24705882 0.28235295 0.44313726 0.68235296 0.52156866 0.41960785 0.4627451 0.4 0.5686275 0.8039216 0.7607843 0.7882353 0.92156863
0.18431373 0.14901961 0.22352941 0.29803923 0.2509804 0.25882354 0.21176471 0.20784314 0.18431373 0.18431373 0.2 0.27058825 0.25882354 0.23529412 0.18431373 0.1764706 0.19215687 0.19607843 0.24705882 0.31764707 0.30588236 0.4117647 0.6 0.4745098 0.47058824 0.49803922 0.5176471 0.5294118 0.73333335 0.7254902 0.58431375 0.7921569
0.19607843 0.15294118 0.21960784 0.2901961 0.25490198 0.27450982 0.20392157 0.19215687 0.18039216 0.17254902 0.18431373 0.25490198 0.26666668 0.2509804 0.18431373 0.18039216 0.1882353 0.18431373 0.20392157 0.27450982 0.30588236 0.39215687 0.5372549 0.4745098 0.45490196 0.5019608 0.49411765 0.44705883 0.64705884 0.72156864 0.4745098 0.5137255
0.20784314 0.14509805 0.21960784 0.2901961 0.23529412 0.26666668 0.19607843 0.16862746 0.16470589 0.16862746 0.16862746 0.23921569 0.21568628 0.19215687 0.1882353 0.1882353 0.18431373 0.18039216 0.22352941 0.31764707 0.41960785 0.47058824 0.50980395 0.44705883 0.39215687 0.49019608 0.5137255 0.42745098 0.57254905 0.70980394 0.5764706 0.49803922
0.24705882 0.16862746 0.21176471 0.27450982 0.23921569 0.28235295 0.24705882 0.18039216 0.17254902 0.18039216 0.18039216 0.24313726 0.20392157 0.2 0.22745098 0.23529412 0.2627451 0.26666668 0.2627451 0.4 0.6 0.6156863 0.5647059 0.47843137 0.40392157 0.4745098 0.5686275 0.5411765 0.6156863 0.74509805 0.7529412 0.80784315
0.27450982 0.1764706 0.2 0.23921569 0.24313726 0.29803923 0.34117648 0.30980393 0.2627451 0.26666668 0.28627452 0.36078432 0.34117648 0.32941177 0.3647059 0.36078432 0.37254903 0.41960785 0.4627451 0.6627451 0.8862745 0.9098039 0.8862745 0.69411767 0.4745098 0.5176471 0.6392157 0.60784316 0.5882353 0.7294118 0.74509805 0.8627451
0.27450982 0.18431373 0.1882353 0.21960784 0.34901962 0.41960785 0.37254903 0.33333334 0.36862746 0.37254903 0.3764706 0.37254903 0.36862746 0.37254903 0.36078432 0.38431373 0.3647059 0.3529412 0.4117647 0.54901963 0.7490196 0.7607843 0.7764706 0.72156864 0.6431373 0.7254902 0.6666667 0.6392157 0.60784316 0.7372549 0.627451 0.81960785
0.29411766 0.18039216 0.19607843 0.23921569 0.28627452 0.30588236 0.3019608 0.3137255 0.29803923 0.2784314 0.29411766 0.29803923 0.28627452 0.28235295 0.3372549 0.45490196 0.45490196 0.3882353 0.40392157 0.5764706 0.827451 0.78039217 0.69803923 0.59607846 0.41960785 0.53333336 0.7058824 0.69411767 0.7058824 0.6509804 0.45882353 0.5647059
0.30980393 0.1764706 0.19607843 0.24705882 0.2901961 0.30588236 0.30980393 0.32941177 0.30980393 0.23137255 0.22745098 0.24705882 0.23529412 0.22745098 0.33333334 0.5921569 0.627451 0.45490196 0.42745098 0.5882353 0.85490197 0.79607844 0.73333335 0.6392157 0.3647059 0.44313726 0.80784315 0.7529412 0.6 0.59607846 0.38039216 0.43137255
0.32941177 0.18039216 0.19607843 0.24705882 0.29411766 0.34901962 0.37254903 0.42745098 0.33333334 0.24313726 0.23529412 0.24313726 0.23529412 0.23921569 0.34117648 0.5294118 0.58431375 0.50980395 0.4509804 0.60784316 0.84705883 0.78039217 0.73333335 0.61960787 0.34509805 0.3882353 0.6313726 0.6862745 0.59607846 0.5411765 0.3019608 0.3254902
0.34509805 0.18431373 0.2 0.24705882 0.29803923 0.3372549 0.34117648 0.3529412 0.3254902 0.25882354 0.23529412 0.24705882 0.23529412 0.2509804 0.35686275 0.44313726 0.46666667 0.4509804 0.4509804 0.6156863 0.8392157 0.75686276 0.6784314 0.5921569 0.33333334 0.38039216 0.6117647 0.7176471 0.654902 0.49019608 0.33333334 0.32156864
0.34901962 0.1882353 0.2 0.2627451 0.32156864 0.32941177 0.31764707 0.34117648 0.32156864 0.25490198 0.23137255 0.25490198 0.24313726 0.26666668 0.38431373 0.4509804 0.48235294 0.47843137 0.48235294 0.61960787 0.8352941 0.7137255 0.57254905 0.6156863 0.49803922 0.5372549 0.5568628 0.7647059 0.74509805 0.58431375 0.37254903 0.4
0.39607844 0.21568628 0.2 0.27450982 0.3254902 0.32156864 0.30588236 0.30980393 0.29411766 0.27058825 0.2784314 0.29411766 0.28235295 0.29803923 0.36862746 0.49019608 0.6039216 0.6431373 0.54509807 0.5921569 0.78039217 0.70980394 0.53333336 0.61960787 0.5882353 0.5764706 0.5294118 0.67058825 0.6431373 0.6392157 0.45490196 0.49803922
0.4117647 0.27058825 0.20392157 0.24313726 0.3019608 0.37254903 0.48235294 0.39215687 0.3137255 0.25882354 0.2627451 0.30980393 0.2901961 0.28627452 0.36078432 0.6745098 0.9607843 0.9529412 0.6392157 0.57254905 0.7647059 0.78431374 0.5529412 0.6313726 0.6509804 0.5686275 0.50980395 0.65882355 0.6745098 0.6784314 0.5294118 0.6509804
0.3882353 0.28235295 0.22352941 0.2509804 0.2901961 0.45490196 0.7490196 0.5058824 0.3254902 0.23529412 0.23921569 0.2901961 0.26666668 0.25882354 0.3529412 0.54509807 0.69803923 0.7058824 0.54509807 0.54901963 0.7176471 0.57254905 0.42745098 0.6 0.5921569 0.5529412 0.48235294 0.67058825 0.70980394 0.70980394 0.48235294 0.36078432
0.44705883 0.32156864 0.32156864 0.3529412 0.31764707 0.30588236 0.38039216 0.30588236 0.27058825 0.25490198 0.26666668 0.26666668 0.2627451 0.27058825 0.30588236 0.37254903 0.44705883 0.46666667 0.44705883 0.5019608 0.6117647 0.56078434 0.5058824 0.6392157 0.6666667 0.5254902 0.4745098 0.67058825 0.6627451 0.6313726 0.47058824 0.3137255
0.5137255 0.35686275 0.34901962 0.36862746 0.32941177 0.3019608 0.34117648 0.36862746 0.36862746 0.39215687 0.40392157 0.3764706 0.34901962 0.36862746 0.36862746 0.39215687 0.46666667 0.5568628 0.5176471 0.4745098 0.5568628 0.5411765 0.5372549 0.65882355 0.76862746 0.5764706 0.44313726 0.6627451 0.6039216 0.50980395 0.5019608 0.3882353
0.5686275 0.4509804 0.48235294 0.41568628 0.43137255 0.3764706 0.35686275 0.35686275 0.3647059 0.50980395 0.47058824 0.40392157 0.3764706 0.31764707 0.33333334 0.35686275 0.43529412 0.49019608 0.5058824 0.41960785 0.5764706 0.5882353 0.50980395 0.5254902 0.4862745 0.4392157 0.39215687 0.3372549 0.3019608 0.34901962 0.43529412 0.38431373
0.60784316 0.5529412 0.5568628 0.49411765 0.4745098 0.35686275 0.3254902 0.34509805 0.34901962 0.41568628 0.4117647 0.40784314 0.34901962 0.3254902 0.33333334 0.3529412 0.3529412 0.37254903 0.3647059 0.39607844 0.3882353 0.3254902 0.5882353 0.41568628 0.2627451 0.41568628 0.54901963 0.5686275 0.43137255 0.28235295 0.5019608 0.6117647
0.29411766 0.2509804 0.2509804 0.27058825 0.2901961 0.34901962 0.24705882 0.20392157 0.21176471 0.21176471 0.23137255 0.23921569 0.23529412 0.23137255 0.23529412 0.23137255 0.22745098 0.22745098 0.23529412 0.2509804 0.24705882 0.2901961 0.5529412 0.35686275 0.21960784 0.32941177 0.4627451 0.5411765 0.5019608 0.45490196 0.62352943 0.6627451
0.46666667 0.43137255 0.4 0.36078432 0.3254902 0.26666668 0.16862746 0.14117648 0.15294118 0.16078432 0.18039216 0.21568628 0.2 0.19215687 0.20392157 0.21960784 0.23921569 0.23529412 0.24313726 0.24313726 0.22745098 0.26666668 0.3764706 0.28235295 0.2627451 0.32941177 0.58431375 0.6627451 0.6431373 0.6509804 0.654902 0.6509804
0.31764707 0.28627452 0.26666668 0.24705882 0.23921569 0.24313726 0.18431373 0.14509805 0.16078432 0.17254902 0.1882353 0.22745098 0.20392157 0.19607843 0.2 0.21176471 0.23137255 0.23921569 0.2509804 0.28235295 0.2627451 0.25882354 0.35686275 0.44705883 0.49411765 0.5568628 0.6627451 0.6862745 0.67058825 0.67058825 0.69803923 0.69803923
0.22352941 0.23137255 0.22745098 0.21568628 0.22745098 0.23921569 0.20392157 0.16078432 0.16862746 0.19215687 0.20392157 0.20784314 0.20392157 0.21176471 0.23529412 0.25882354 0.30980393 0.36078432 0.41960785 0.46666667 0.46666667 0.4862745 0.58431375 0.65882355 0.68235296 0.6901961 0.70980394 0.69803923 0.67058825 0.6666667 0.6784314 0.6862745
0.23137255 0.22352941 0.22745098 0.23921569 0.2627451 0.29411766 0.28627452 0.28235295 0.29411766 0.3137255 0.34117648 0.3529412 0.34901962 0.3529412 0.38039216 0.42745098 0.52156866 0.61960787 0.654902 0.65882355 0.6666667 0.67058825 0.67058825 0.6666667 0.6745098 0.6745098 0.67058825 0.6666667 0.654902 0.64705884 0.64705884 0.6431373
0.6901961 0.6117647 0.5372549 0.5058824 0.5019608 0.59607846 0.6509804 0.2901961 0.24705882 0.29411766 0.26666668 0.28627452 0.6039216 0.75686276 0.73333335 0.6509804 0.6156863 0.61960787 0.61960787 0.52156866 0.5019608 0.6117647 0.972549 0.85490197 0.80784315 0.9764706 0.98039216 0.95686275 0.83137256 0.8156863 0.83137256 0.8235294
0.69411767 0.7019608 0.69803923 0.654902 0.56078434 0.5882353 0.6666667 0.3137255 0.2901961 0.36078432 0.26666668 0.27058825 0.5764706 0.7647059 0.7411765 0.6392157 0.59607846 0.60784316 0.6 0.50980395 0.50980395 0.6 0.9607843 0.8392157 0.627451 0.80784315 0.98039216 0.972549 0.85882354 0.827451 0.8352941 0.81960785
0.7019608 0.69803923 0.69803923 0.7019608 0.67058825 0.654902 0.65882355 0.3529412 0.23921569 0.28235295 0.23921569 0.25490198 0.54509807 0.7490196 0.7137255 0.58431375 0.5411765 0.54901963 0.56078434 0.5176471 0.49803922 0.6 0.9529412 0.8901961 0.65882355 0.65882355 0.8509804 0.9607843 0.8666667 0.827451 0.83137256 0.81960785
0.7058824 0.7058824 0.70980394 0.7058824 0.64705884 0.5803922 0.6039216 0.5137255 0.33333334 0.21960784 0.21960784 0.21960784 0.3137255 0.3647059 0.3372549 0.3529412 0.4392157 0.40392157 0.42745098 0.5019608 0.5058824 0.62352943 0.8980392 0.80784315 0.6313726 0.64705884 0.6627451 0.81960785 0.8784314 0.827451 0.827451 0.8156863
0.70980394 0.70980394 0.70980394 0.7137255 0.6862745 0.5372549 0.37254903 0.36078432 0.28627452 0.23137255 0.23529412 0.22352941 0.25490198 0.29803923 0.3019608 0.34509805 0.41568628 0.49019608 0.58431375 0.5764706 0.5764706 0.65882355 0.78431374 0.41960785 0.35686275 0.77254903 0.7411765 0.6509804 0.7137255 0.8039216 0.7764706 0.81960785
0.69803923 0.7019608 0.6901961 0.70980394 0.654902 0.60784316 0.47058824 0.44705883 0.45490196 0.4392157 0.49411765 0.5058824 0.50980395 0.5058824 0.49803922 0.49019608 0.52156866 0.52156866 0.5254902 0.7764706 0.85882354 0.7019608 0.7607843 0.4117647 0.36078432 0.8039216 0.9372549 0.7176471 0.6627451 0.72156864 0.7176471 0.8980392
0.4117647 0.54901963 0.61960787 0.5686275 0.5254902 0.5176471 0.5019608 0.47843137 0.44313726 0.40784314 0.3882353 0.43137255 0.38431373 0.32941177 0.3137255 0.2901961 0.2784314 0.27450982 0.27450982 0.3764706 0.65882355 0.8392157 0.8352941 0.45882353 0.39607844 0.7058824 0.84313726 0.8666667 0.80784315 0.7294118 0.78039217 0.92941177
0.24705882 0.22352941 0.27450982 0.3137255 0.28627452 0.2627451 0.23137255 0.21176471 0.21176471 0.21176471 0.21960784 0.3019608 0.2627451 0.21960784 0.22745098 0.21960784 0.21960784 0.23137255 0.2509804 0.30980393 0.39215687 0.5803922 0.84313726 0.6 0.34901962 0.6431373 0.654902 0.74509805 0.90588236 0.7411765 0.76862746 0.9098039
0.21176471 0.1882353 0.21960784 0.24313726 0.2509804 0.24313726 0.19607843 0.2 0.19607843 0.19215687 0.19607843 0.28235295 0.23921569 0.20784314 0.21568628 0.20392157 0.20392157 0.22352941 0.25882354 0.30588236 0.33333334 0.46666667 0.70980394 0.4862745 0.32156864 0.40784314 0.42745098 0.60784316 0.79607844 0.73333335 0.77254903 0.91764706
0.19215687 0.15294118 0.23137255 0.30980393 0.25490198 0.25882354 0.21176471 0.20392157 0.18039216 0.18039216 0.19607843 0.27058825 0.26666668 0.2509804 0.21176471 0.1882353 0.19607843 0.21568628 0.2784314 0.36078432 0.34509805 0.43137255 0.5921569 0.38039216 0.31764707 0.41568628 0.54509807 0.57254905 0.7372549 0.70980394 0.5686275 0.78431374
0.20392157 0.15686275 0.23137255 0.29803923 0.25882354 0.2784314 0.20784314 0.19607843 0.18039216 0.1764706 0.19607843 0.27058825 0.28627452 0.2784314 0.21568628 0.19607843 0.2 0.21568628 0.24705882 0.31764707 0.34117648 0.42352942 0.5294118 0.36078432 0.28627452 0.42352942 0.52156866 0.4862745 0.65882355 0.7137255 0.45882353 0.5058824
0.21568628 0.15294118 0.22745098 0.29803923 0.25490198 0.3019608 0.22745098 0.2 0.19607843 0.2 0.21960784 0.2901961 0.26666668 0.23921569 0.23529412 0.21960784 0.21960784 0.23137255 0.2784314 0.34901962 0.43529412 0.49803922 0.5176471 0.36862746 0.26666668 0.4392157 0.5254902 0.4392157 0.5764706 0.70980394 0.5647059 0.49019608
0.25882354 0.17254902 0.21960784 0.28235295 0.25490198 0.32156864 0.28235295 0.21568628 0.20392157 0.21568628 0.23137255 0.29803923 0.2509804 0.23529412 0.25882354 0.25490198 0.28627452 0.29803923 0.2784314 0.36078432 0.5254902 0.5764706 0.56078434 0.4392157 0.32156864 0.42745098 0.53333336 0.50980395 0.6039216 0.7411765 0.7411765 0.7921569
0.28235295 0.18039216 0.20784314 0.24705882 0.24705882 0.29411766 0.3372549 0.30588236 0.25490198 0.25882354 0.28627452 0.35686275 0.3254902 0.29803923 0.3254902 0.3137255 0.32941177 0.3764706 0.3764706 0.5058824 0.6784314 0.7607843 0.8352941 0.6666667 0.39607844 0.42745098 0.5372549 0.5176471 0.54509807 0.7176471 0.7372549 0.84705883
0.28235295 0.1882353 0.2 0.22745098 0.3254902 0.35686275 0.30980393 0.26666668 0.3019608 0.3137255 0.3137255 0.3019608 0.28627452 0.27058825 0.24313726 0.25490198 0.23921569 0.22745098 0.23137255 0.25882354 0.38039216 0.4627451 0.6431373 0.65882355 0.5529412 0.58431375 0.49411765 0.49803922 0.5411765 0.7176471 0.62352943 0.8
0.29411766 0.1882353 0.19215687 0.20784314 0.21176471 0.20784314 0.2 0.18039216 0.1882353 0.23921569 0.24705882 0.22352941 0.22352941 0.21960784 0.21176471 0.21568628 0.22352941 0.25490198 0.23921569 0.24313726 0.33333334 0.37254903 0.40784314 0.36078432 0.3254902 0.39607844 0.43529412 0.41960785 0.6156863 0.62352943 0.47058824 0.54509807
0.30588236 0.19215687 0.19215687 0.19607843 0.1882353 0.1882353 0.1882353 0.16470589 0.1764706 0.2 0.20392157 0.1882353 0.19607843 0.19607843 0.21568628 0.32156864 0.3647059 0.32941177 0.2784314 0.23529412 0.3137255 0.35686275 0.3764706 0.31764707 0.2627451 0.30980393 0.52156866 0.43137255 0.49803922 0.56078434 0.4 0.41960785
0.3254902 0.2 0.19215687 0.19607843 0.1882353 0.21960784 0.24705882 0.25882354 0.19215687 0.19607843 0.20392157 0.1882353 0.19607843 0.21176471 0.22352941 0.28235295 0.35686275 0.38039216 0.2784314 0.22352941 0.29411766 0.36078432 0.39215687 0.29411766 0.22745098 0.22745098 0.3372549 0.38039216 0.47843137 0.48235294 0.31764707 0.3254902
0.34117648 0.20392157 0.19607843 0.2 0.18039216 0.19215687 0.21176471 0.1882353 0.18039216 0.19607843 0.20392157 0.1882353 0.19607843 0.22352941 0.23921569 0.22352941 0.27058825 0.32941177 0.25882354 0.21960784 0.29411766 0.38431373 0.38431373 0.28627452 0.20784314 0.19607843 0.33333334 0.42352942 0.49803922 0.38039216 0.33333334 0.32941177
0.34901962 0.21176471 0.20392157 0.21568628 0.2 0.18039216 0.19215687 0.19215687 0.18039216 0.19215687 0.2 0.2 0.20392157 0.23921569 0.26666668 0.25882354 0.32156864 0.36078432 0.28235295 0.22745098 0.32156864 0.41568628 0.3529412 0.3529412 0.3882353 0.34901962 0.29411766 0.4745098 0.5372549 0.41568628 0.3529412 0.41960785
0.4 0.24705882 0.20392157 0.23137255 0.20784314 0.18039216 0.20392157 0.1882353 0.17254902 0.21568628 0.24705882 0.23921569 0.24705882 0.27058825 0.2509804 0.3254902 0.48235294 0.5411765 0.35686275 0.22745098 0.32941177 0.5137255 0.4 0.41960785 0.5137255 0.40784314 0.28627452 0.36862746 0.3764706 0.40392157 0.40392157 0.5137255
0.41568628 0.3019608 0.21176471 0.2 0.19215687 0.24705882 0.40784314 0.29803923 0.21568628 0.21176471 0.23529412 0.25882354 0.25490198 0.2627451 0.24705882 0.5294118 0.8901961 0.89411765 0.47843137 0.24705882 0.38039216 0.68235296 0.50980395 0.5019608 0.61960787 0.43529412 0.28627452 0.34117648 0.35686275 0.38431373 0.4509804 0.6666667
0.3882353 0.31764707 0.23529412 0.21176471 0.1882353 0.34509805 0.69411767 0.43529412 0.24705882 0.19607843 0.20784314 0.23529412 0.23137255 0.23137255 0.24313726 0.4117647 0.62352943 0.6313726 0.39607844 0.26666668 0.4 0.5372549 0.44313726 0.52156866 0.59607846 0.4509804 0.2784314 0.34901962 0.3647059 0.3882353 0.38431373 0.3764706
0.44705883 0.3647059 0.34901962 0.3254902 0.24313726 0.22352941 0.31764707 0.23529412 0.19607843 0.19607843 0.20392157 0.2 0.20784314 0.22745098 0.24313726 0.2901961 0.3647059 0.3882353 0.34509805 0.35686275 0.46666667 0.53333336 0.49803922 0.59607846 0.6392157 0.45882353 0.3372549 0.45882353 0.4392157 0.44313726 0.39607844 0.30980393
0.5058824 0.39215687 0.3764706 0.34509805 0.27450982 0.24705882 0.28627452 0.30980393 0.3137255 0.33333334 0.33333334 0.30588236 0.28627452 0.31764707 0.32941177 0.3372549 0.39607844 0.4862745 0.44705883 0.40392157 0.49803922 0.5176471 0.52156866 0.63529414 0.7294118 0.53333336 0.3647059 0.56078434 0.49411765 0.42745098 0.4745098 0.39215687
0.54901963 0.46666667 0.49019608 0.38039216 0.38431373 0.34509805 0.3254902 0.32156864 0.33333334 0.47058824 0.41568628 0.34509805 0.3254902 0.27450982 0.2901961 0.3137255 0.39215687 0.44705883 0.4627451 0.3764706 0.5411765 0.5803922 0.50980395 0.5137255 0.4627451 0.40784314 0.36862746 0.3137255 0.26666668 0.32156864 0.4392157 0.39607844
0.5882353 0.5568628 0.5568628 0.45490196 0.43529412 0.34509805 0.3137255 0.33333334 0.3372549 0.4 0.3764706 0.3647059 0.30588236 0.28627452 0.29411766 0.3254902 0.32941177 0.34901962 0.34117648 0.37254903 0.37254903 0.33333334 0.59607846 0.4117647 0.2509804 0.4 0.5529412 0.5764706 0.42745098 0.2784314 0.5019608 0.6039216
0.2784314 0.2509804 0.24705882 0.24313726 0.27058825 0.3529412 0.2509804 0.20784314 0.21568628 0.21176471 0.21176471 0.21176471 0.20784314 0.19607843 0.2 0.21176471 0.21568628 0.21960784 0.22745098 0.23921569 0.24313726 0.3019608 0.56078434 0.3529412 0.21176471 0.31764707 0.4509804 0.5254902 0.4862745 0.42745098 0.5803922 0.6156863
0.4627451 0.43529412 0.4 0.3529412 0.32156864 0.27058825 0.1764706 0.14901961 0.15686275 0.16470589 0.1764706 0.20392157 0.18431373 0.16862746 0.1764706 0.2 0.23137255 0.23137255 0.23529412 0.23529412 0.22352941 0.26666668 0.3764706 0.2784314 0.24313726 0.30588236 0.5411765 0.6156863 0.60784316 0.60784316 0.5882353 0.58431375
0.3372549 0.3019608 0.2784314 0.26666668 0.24705882 0.23921569 0.18039216 0.14509805 0.16078432 0.17254902 0.19607843 0.22745098 0.19607843 0.18039216 0.1764706 0.19215687 0.21960784 0.22745098 0.23921569 0.26666668 0.2509804 0.2509804 0.34509805 0.42745098 0.4627451 0.5176471 0.6039216 0.6392157 0.6431373 0.6509804 0.6509804 0.64705884
0.2627451 0.25882354 0.25490198 0.25490198 0.24705882 0.23137255 0.19215687 0.14901961 0.15686275 0.1882353 0.21176471 0.21568628 0.2 0.19607843 0.21176471 0.23529412 0.29411766 0.34117648 0.4 0.44705883 0.44705883 0.46666667 0.56078434 0.627451 0.6392157 0.6431373 0.65882355 0.6666667 0.6745098 0.6784314 0.6745098 0.6666667
0.25490198 0.24313726 0.24705882 0.2627451 0.27450982 0.2901961 0.28235295 0.27450982 0.28627452 0.30980393 0.33333334 0.34509805 0.3372549 0.34117648 0.36078432 0.4117647 0.5058824 0.6 0.6392157 0.6431373 0.64705884 0.64705884 0.6431373 0.6392157 0.6392157 0.6431373 0.6392157 0.64705884 0.64705884 0.6431373 0.6392157 0.6313726
0.6156863 0.56078434 0.52156866 0.5137255 0.49803922 0.5529412 0.60784316 0.2627451 0.23529412 0.29803923 0.27058825 0.24705882 0.5137255 0.6509804 0.654902 0.6313726 0.62352943 0.6 0.5764706 0.47843137 0.47843137 0.6039216 0.9411765 0.8 0.7647059 0.9647059 0.99215686 0.9529412 0.8 0.8 0.87058824 0.8901961
0.6039216 0.627451 0.6431373 0.61960787 0.5254902 0.54509807 0.62352943 0.28627452 0.27450982 0.3647059 0.26666668 0.23137255 0.49019608 0.6666667 0.6666667 0.61960787 0.6039216 0.6 0.5803922 0.49019608 0.49803922 0.5882353 0.93333334 0.79607844 0.5921569 0.79607844 0.98039216 0.9607843 0.8235294 0.80784315 0.85882354 0.8745098
0.6 0.60784316 0.6156863 0.627451 0.60784316 0.6 0.6039216 0.30588236 0.21176471 0.27058825 0.23529412 0.22745098 0.48235294 0.6745098 0.65882355 0.56078434 0.53333336 0.53333336 0.5411765 0.49803922 0.48235294 0.5803922 0.9254902 0.85490197 0.6313726 0.6392157 0.8352941 0.9372549 0.83137256 0.8 0.8392157 0.85490197
0.6 0.6 0.60784316 0.60784316 0.5647059 0.5137255 0.5372549 0.45490196 0.2901961 0.2 0.22745098 0.21568628 0.28627452 0.32941177 0.31764707 0.3254902 0.4 0.36862746 0.39607844 0.47058824 0.4745098 0.59607846 0.8745098 0.78431374 0.6117647 0.61960787 0.63529414 0.7921569 0.84705883 0.8 0.8156863 0.827451
0.6 0.60784316 0.6117647 0.6156863 0.6039216 0.4745098 0.30588236 0.30588236 0.24705882 0.21568628 0.2509804 0.23529412 0.25490198 0.3019608 0.3137255 0.3254902 0.36862746 0.45490196 0.5568628 0.54509807 0.5372549 0.62352943 0.7647059 0.40392157 0.3372549 0.7411765 0.7058824 0.6156863 0.6901961 0.78039217 0.7529412 0.8117647
0.6 0.6117647 0.6156863 0.6392157 0.6 0.5647059 0.43137255 0.41960785 0.4392157 0.44313726 0.50980395 0.52156866 0.5254902 0.5254902 0.52156866 0.49411765 0.5058824 0.5294118 0.5372549 0.78039217 0.8392157 0.6666667 0.7411765 0.40784314 0.3529412 0.76862746 0.8980392 0.6862745 0.6431373 0.7019608 0.6901961 0.8745098
0.32941177 0.47843137 0.56078434 0.52156866 0.49411765 0.5058824 0.4862745 0.47058824 0.4509804 0.43137255 0.39607844 0.43529412 0.39607844 0.34901962 0.3372549 0.30980393 0.30980393 0.3254902 0.32941177 0.42352942 0.67058825 0.8039216 0.8156863 0.45882353 0.38431373 0.6666667 0.79607844 0.8352941 0.7921569 0.7137255 0.7529412 0.8980392
0.2 0.20784314 0.23921569 0.2901961 0.2784314 0.2509804 0.22352941 0.21568628 0.22352941 0.23529412 0.24313726 0.32941177 0.28627452 0.24313726 0.2509804 0.2509804 0.2509804 0.2509804 0.26666668 0.34509805 0.43137255 0.5803922 0.8117647 0.5686275 0.32941177 0.627451 0.60784316 0.6901961 0.87058824 0.7137255 0.73333335 0.87058824
0.18431373 0.19607843 0.19607843 0.22745098 0.25490198 0.24313726 0.20392157 0.21960784 0.21960784 0.22745098 0.24313726 0.33333334 0.28627452 0.24705882 0.2509804 0.24705882 0.23921569 0.23529412 0.25882354 0.33333334 0.3764706 0.47843137 0.6784314 0.45882353 0.32156864 0.41568628 0.39607844 0.5529412 0.75686276 0.69803923 0.7372549 0.8784314
0.16470589 0.16078432 0.20784314 0.29411766 0.27058825 0.2784314 0.23921569 0.24313726 0.22745098 0.23529412 0.25490198 0.32941177 0.3254902 0.30588236 0.2627451 0.24705882 0.24705882 0.24313726 0.29411766 0.39215687 0.3882353 0.43529412 0.5764706 0.3882353 0.3529412 0.44705883 0.5372549 0.54901963 0.7137255 0.6784314 0.5294118 0.7372549
0.1764706 0.16470589 0.20784314 0.28235295 0.2784314 0.30980393 0.24313726 0.23921569 0.23529412 0.23529412 0.25490198 0.3254902 0.34117648 0.32941177 0.26666668 0.24705882 0.24705882 0.24705882 0.26666668 0.3372549 0.36078432 0.40784314 0.5137255 0.38431373 0.3372549 0.45882353 0.5294118 0.4862745 0.64705884 0.6862745 0.4117647 0.4509804
0.1882353 0.15686275 0.20392157 0.28235295 0.26666668 0.31764707 0.24705882 0.22745098 0.23529412 0.24313726 0.25490198 0.32156864 0.29803923 0.27450982 0.27058825 0.25490198 0.24705882 0.2509804 0.28627452 0.34901962 0.42745098 0.45882353 0.4862745 0.38039216 0.30588236 0.45882353 0.53333336 0.44705883 0.5686275 0.6745098 0.50980395 0.43137255
0.22745098 0.18039216 0.19607843 0.26666668 0.26666668 0.32156864 0.2901961 0.23137255 0.23137255 0.24313726 0.24705882 0.30980393 0.26666668 0.25490198 0.2784314 0.27058825 0.29411766 0.30588236 0.2784314 0.35686275 0.5058824 0.52156866 0.50980395 0.42745098 0.33333334 0.42745098 0.53333336 0.5058824 0.5764706 0.69411767 0.68235296 0.73333335
0.25490198 0.1882353 0.18431373 0.23137255 0.2509804 0.28627452 0.3372549 0.3137255 0.27450982 0.28235295 0.29411766 0.3647059 0.3372549 0.31764707 0.34509805 0.3254902 0.3372549 0.3882353 0.3882353 0.50980395 0.6627451 0.70980394 0.77254903 0.63529414 0.3882353 0.41568628 0.5254902 0.49411765 0.5058824 0.6627451 0.67058825 0.7882353
0.25490198 0.19607843 0.1764706 0.21568628 0.32941177 0.3529412 0.30980393 0.27450982 0.32156864 0.3372549 0.32156864 0.30980393 0.29803923 0.2901961 0.26666668 0.27058825 0.24705882 0.24705882 0.25882354 0.2784314 0.3764706 0.42352942 0.58431375 0.62352943 0.5372549 0.5764706 0.4745098 0.4627451 0.48235294 0.6509804 0.5529412 0.7411765
0.27058825 0.21176471 0.21960784 0.22352941 0.22352941 0.20392157 0.19215687 0.1882353 0.20784314 0.2509804 0.25490198 0.24705882 0.2509804 0.23137255 0.22745098 0.22352941 0.19607843 0.22745098 0.2509804 0.25882354 0.3137255 0.32156864 0.36862746 0.36078432 0.31764707 0.40784314 0.4392157 0.40392157 0.5647059 0.56078434 0.38431373 0.49019608
0.2784314 0.21568628 0.23137255 0.22352941 0.20392157 0.1882353 0.18039216 0.17254902 0.19607843 0.21176471 0.20784314 0.21568628 0.22352941 0.20784314 0.22745098 0.32156864 0.31764707 0.27450982 0.28235295 0.2509804 0.2901961 0.3019608 0.3529412 0.34117648 0.25882354 0.32941177 0.5294118 0.41960785 0.45490196 0.5176471 0.3254902 0.36862746
0.2901961 0.20784314 0.22352941 0.21960784 0.20392157 0.22352941 0.23921569 0.26666668 0.21568628 0.20784314 0.20784314 0.20784314 0.21960784 0.21176471 0.23137255 0.27450982 0.3019608 0.3254902 0.28627452 0.2509804 0.28235295 0.32156864 0.38039216 0.32941177 0.22745098 0.2509804 0.3372549 0.36078432 0.44313726 0.45882353 0.28235295 0.2901961
0.29411766 0.19215687 0.20784314 0.21176471 0.19607843 0.20392157 0.20784314 0.19215687 0.20392157 0.21568628 0.20392157 0.20392157 0.21568628 0.22352941 0.23921569 0.21176471 0.20784314 0.2627451 0.2627451 0.24705882 0.2901961 0.3529412 0.3764706 0.3254902 0.21568628 0.22352941 0.32941177 0.40392157 0.4745098 0.38431373 0.32941177 0.31764707
0.2901961 0.1764706 0.1882353 0.21568628 0.21568628 0.19215687 0.18431373 0.19215687 0.20392157 0.21176471 0.19607843 0.20392157 0.21568628 0.23137255 0.2627451 0.23921569 0.2509804 0.28627452 0.2784314 0.25490198 0.32156864 0.38431373 0.34509805 0.39607844 0.39215687 0.3764706 0.2901961 0.45490196 0.5254902 0.43137255 0.36078432 0.42352942
0.3254902 0.18431373 0.17254902 0.22352941 0.21960784 0.19215687 0.1882353 0.18039216 0.1882353 0.23137255 0.23921569 0.23921569 0.2509804 0.25490198 0.23921569 0.29803923 0.40392157 0.45490196 0.34117648 0.24313726 0.32156864 0.47843137 0.3882353 0.4509804 0.5137255 0.42352942 0.28235295 0.35686275 0.36862746 0.41960785 0.40392157 0.5176471
0.33333334 0.22745098 0.16078432 0.18431373 0.2 0.2509804 0.38431373 0.28235295 0.22745098 0.22352941 0.21960784 0.25490198 0.2509804 0.24313726 0.23137255 0.5019608 0.80784315 0.7921569 0.44313726 0.24705882 0.36078432 0.63529414 0.49019608 0.52156866 0.60784316 0.4392157 0.28235295 0.34117648 0.3529412 0.39607844 0.43137255 0.6509804
0.3019608 0.22745098 0.17254902 0.18431373 0.19215687 0.34509805 0.6627451 0.40784314 0.24705882 0.2 0.1882353 0.22352941 0.22352941 0.21176471 0.22352941 0.38039216 0.5411765 0.5294118 0.35686275 0.25490198 0.36862746 0.48235294 0.4117647 0.5294118 0.57254905 0.4392157 0.27058825 0.3529412 0.36078432 0.39215687 0.34901962 0.3372549
0.32156864 0.23137255 0.23137255 0.23921569 0.2 0.20392157 0.2901961 0.21176471 0.18039216 0.18039216 0.16470589 0.16470589 0.1882353 0.21568628 0.23921569 0.27450982 0.32156864 0.3372549 0.3137255 0.33333334 0.43529412 0.49411765 0.46666667 0.5803922 0.6156863 0.4392157 0.32156864 0.45490196 0.44705883 0.45882353 0.39607844 0.30588236
0.37254903 0.2509804 0.24705882 0.23529412 0.21176471 0.22352941 0.2627451 0.28627452 0.2901961 0.30588236 0.28627452 0.2627451 0.25882354 0.30980393 0.33333334 0.32941177 0.37254903 0.4627451 0.42352942 0.38039216 0.47058824 0.49019608 0.49411765 0.6117647 0.70980394 0.5137255 0.3372549 0.53333336 0.49019608 0.43529412 0.48235294 0.4
0.4392157 0.3529412 0.3882353 0.29411766 0.33333334 0.3254902 0.3019608 0.3019608 0.3137255 0.4509804 0.3764706 0.30980393 0.30588236 0.27058825 0.3019608 0.3137255 0.3764706 0.43137255 0.44705883 0.36078432 0.5254902 0.56078434 0.49019608 0.49803922 0.4509804 0.39607844 0.32941177 0.2627451 0.23137255 0.3019608 0.42745098 0.39215687
0.5058824 0.4745098 0.48235294 0.40392157 0.40392157 0.32941177 0.29803923 0.31764707 0.32156864 0.38431373 0.34901962 0.34117648 0.29411766 0.28627452 0.30980393 0.32941177 0.3254902 0.34117648 0.3372549 0.3647059 0.36862746 0.32156864 0.5882353 0.40784314 0.2509804 0.39607844 0.50980395 0.5176471 0.38039216 0.24313726 0.47843137 0.5921569
0.22352941 0.20392157 0.20784314 0.21960784 0.25490198 0.34117648 0.23921569 0.19607843 0.20392157 0.2 0.2 0.20392157 0.20392157 0.20392157 0.21568628 0.21960784 0.21960784 0.21960784 0.22745098 0.24313726 0.23921569 0.29411766 0.5568628 0.3529412 0.21176471 0.31764707 0.41960785 0.47843137 0.4392157 0.39215687 0.5568628 0.6039216
0.43529412 0.41568628 0.3882353 0.35686275 0.32156864 0.27450982 0.1764706 0.14901961 0.16078432 0.16470589 0.18039216 0.21176471 0.19607843 0.18431373 0.19215687 0.20784314 0.23529412 0.23137255 0.23921569 0.23921569 0.22352941 0.25490198 0.3647059 0.26666668 0.23529412 0.29803923 0.5176471 0.5764706 0.5686275 0.5686275 0.56078434 0.56078434
0.32941177 0.3019608 0.28627452 0.28235295 0.26666668 0.25490198 0.19607843 0.16078432 0.1764706 0.1882353 0.21176471 0.24705882 0.21568628 0.2 0.19607843 0.19607843 0.21176471 0.21960784 0.23137255 0.25882354 0.23921569 0.22745098 0.32156864 0.40784314 0.44705883 0.5058824 0.5803922 0.6 0.6 0.6 0.60784316 0.6117647
0.25882354 0.26666668 0.27058825 0.27450982 0.26666668 0.25490198 0.21568628 0.17254902 0.18431373 0.21176471 0.23137255 0.23529412 0.21960784 0.21568628 0.22745098 0.23529412 0.27450982 0.3254902 0.38431373 0.43137255 0.42745098 0.4392157 0.5294118 0.6 0.6156863 0.61960787 0.6313726 0.627451 0.61960787 0.6156863 0.6117647 0.6117647
0.22745098 0.22352941 0.22745098 0.24313726 0.2627451 0.28627452 0.2784314 0.27450982 0.28627452 0.30588236 0.3137255 0.32156864 0.30980393 0.3137255 0.33333334 0.3764706 0.46666667 0.56078434 0.6 0.6039216 0.60784316 0.6039216 0.6 0.6 0.6 0.6039216 0.6039216 0.6117647 0.6039216 0.59607846 0.5921569 0.58431375
21 17 1
8 31 1
0 27 2
1 27 2
1 22 2
21 16 1
8 30 1
2 22 1
30 2 1
2 27 0
0 30 2
28 8 1
7 15 0
2 27 2
4 12 1
27 8 1
15 5 1
1 22 0
10 29 2
8 31 0
28 7 1
1 26 2
30 3 1
28 9 1
0 25 2
6 22 0
21 24 2
27 10 1
0 31 2
28 21 1
27 7 1
6 28 2
7 29 0
12 29 0
12 9 1
4 29 2
23 5 1
22 26 1
27 3 1
8 30 0
1 28 2
17 21 0
13 20 2
19 1 2
7 30 1
2 13 1
7 6 0
4 13 1
7 1 2
24 1 2
