32, 32, 3, 1
0.4745098 0.45882353 0.47058824 0.49411765 0.48235294 0.4745098 0.47058824 0.4745098 0.48235294 0.48235294 0.47843137 0.4392157 0.45490196 0.47843137 0.4627451 0.4862745 0.48235294 0.4745098 0.47058824 0.4392157 0.44705883 0.47058824 0.38039216 0.39215687 0.45490196 0.40784314 0.41568628 0.39607844 0.44313726 0.45490196 0.40784314 0.39215687
0.49411765 0.4627451 0.4627451 0.47058824 0.45490196 0.44313726 0.44313726 0.4745098 0.4862745 0.4627451 0.44705883 0.43137255 0.4627451 0.47058824 0.4509804 0.49019608 0.47843137 0.4745098 0.47843137 0.45490196 0.45490196 0.46666667 0.4 0.36862746 0.41960785 0.42745098 0.4 0.37254903 0.45490196 0.46666667 0.41568628 0.41960785
0.5019608 0.4627451 0.44705883 0.4509804 0.43529412 0.40392157 0.4 0.4392157 0.4745098 0.44705883 0.41568628 0.4509804 0.49411765 0.47843137 0.45490196 0.5019608 0.4862745 0.4862745 0.49019608 0.48235294 0.49411765 0.5019608 0.49411765 0.4745098 0.46666667 0.4745098 0.4392157 0.44705883 0.49019608 0.4862745 0.45490196 0.47058824
0.5176471 0.4745098 0.47843137 0.47058824 0.45490196 0.43137255 0.43529412 0.44705883 0.45490196 0.4392157 0.43529412 0.4509804 0.4862745 0.4745098 0.45490196 0.4862745 0.49019608 0.4862745 0.47058824 0.46666667 0.49019608 0.5019608 0.49411765 0.48235294 0.44313726 0.40784314 0.41568628 0.46666667 0.48235294 0.4745098 0.46666667 0.49411765
0.5254902 0.47843137 0.5019608 0.5137255 0.49803922 0.4862745 0.47843137 0.46666667 0.45882353 0.4509804 0.46666667 0.4627451 0.4745098 0.4627451 0.44705883 0.4745098 0.5058824 0.50980395 0.47843137 0.47058824 0.47843137 0.48235294 0.4862745 0.47058824 0.4 0.40392157 0.4509804 0.49411765 0.4862745 0.49019608 0.49019608 0.5019608
0.49019608 0.46666667 0.49019608 0.49803922 0.49019608 0.49019608 0.48235294 0.46666667 0.45490196 0.47058824 0.48235294 0.4745098 0.47058824 0.43529412 0.4392157 0.47843137 0.49803922 0.5058824 0.49411765 0.49019608 0.49019608 0.49411765 0.49019608 0.4862745 0.47058824 0.49411765 0.5058824 0.5019608 0.4627451 0.4745098 0.49019608 0.49019608
0.46666667 0.42352942 0.44705883 0.47058824 0.47843137 0.47843137 0.48235294 0.4745098 0.45490196 0.47843137 0.5058824 0.4862745 0.4745098 0.43529412 0.45490196 0.5137255 0.47843137 0.47058824 0.49411765 0.49019608 0.49019608 0.49019608 0.46666667 0.47843137 0.5019608 0.49803922 0.49411765 0.48235294 0.41960785 0.41568628 0.4627451 0.49019608
0.49411765 0.43137255 0.43529412 0.4745098 0.4745098 0.4745098 0.47843137 0.45490196 0.4745098 0.49411765 0.5058824 0.48235294 0.47843137 0.4509804 0.44705883 0.5019608 0.46666667 0.4745098 0.49803922 0.49411765 0.46666667 0.4392157 0.43137255 0.4627451 0.4745098 0.4627451 0.45490196 0.42745098 0.36862746 0.3764706 0.44313726 0.4862745
0.5019608 0.4745098 0.47058824 0.45490196 0.4392157 0.4627451 0.4627451 0.42745098 0.49411765 0.5019608 0.47058824 0.45490196 0.43529412 0.48235294 0.5137255 0.47843137 0.49411765 0.5058824 0.5294118 0.49019608 0.41568628 0.40784314 0.44313726 0.4745098 0.4745098 0.47843137 0.46666667 0.45882353 0.42745098 0.45490196 0.4745098 0.48235294
0.45882353 0.47058824 0.49019608 0.47843137 0.47843137 0.49411765 0.48235294 0.45882353 0.46666667 0.4745098 0.44313726 0.45490196 0.37254903 0.34901962 0.38431373 0.38039216 0.5294118 0.5411765 0.5411765 0.5254902 0.43137255 0.41960785 0.47843137 0.5137255 0.49411765 0.49411765 0.4862745 0.5058824 0.49411765 0.49411765 0.49411765 0.47843137
0.4509804 0.47058824 0.49019608 0.49803922 0.5137255 0.5058824 0.47058824 0.4509804 0.4627451 0.45882353 0.3764706 0.38431373 0.3882353 0.28627452 0.1882353 0.29411766 0.5372549 0.5372549 0.49411765 0.50980395 0.52156866 0.4862745 0.5058824 0.52156866 0.49411765 0.49411765 0.48235294 0.5058824 0.46666667 0.47058824 0.50980395 0.4862745
0.49803922 0.46666667 0.5019608 0.49803922 0.46666667 0.44705883 0.47058824 0.4509804 0.4862745 0.47843137 0.37254903 0.34901962 0.49019608 0.47058824 0.18039216 0.27058825 0.47058824 0.5137255 0.48235294 0.48235294 0.50980395 0.5058824 0.50980395 0.52156866 0.5176471 0.49411765 0.49019608 0.4627451 0.45490196 0.46666667 0.4745098 0.44705883
0.5372549 0.4745098 0.49803922 0.5254902 0.49019608 0.46666667 0.4862745 0.48235294 0.49803922 0.5176471 0.4627451 0.43529412 0.4745098 0.46666667 0.43137255 0.47843137 0.44313726 0.47843137 0.45882353 0.45490196 0.50980395 0.5411765 0.5254902 0.52156866 0.5137255 0.45490196 0.46666667 0.44313726 0.46666667 0.47843137 0.42352942 0.42352942
0.5294118 0.48235294 0.4627451 0.5137255 0.50980395 0.4627451 0.44705883 0.49019608 0.5294118 0.5568628 0.47843137 0.46666667 0.4745098 0.49411765 0.5372549 0.5529412 0.44313726 0.49019608 0.5019608 0.4862745 0.50980395 0.5176471 0.5137255 0.5019608 0.47843137 0.46666667 0.4627451 0.44313726 0.48235294 0.5058824 0.4627451 0.43137255
0.5176471 0.47843137 0.47058824 0.49803922 0.49019608 0.44313726 0.48235294 0.54509807 0.49803922 0.57254905 0.5137255 0.4627451 0.45882353 0.44313726 0.45490196 0.5137255 0.42352942 0.46666667 0.49411765 0.45490196 0.42352942 0.4509804 0.49019608 0.49803922 0.49019608 0.53333336 0.49411765 0.44705883 0.47843137 0.48235294 0.49019608 0.48235294
0.5176471 0.4862745 0.48235294 0.49019608 0.4627451 0.47058824 0.5372549 0.6117647 0.42745098 0.5019608 0.50980395 0.41568628 0.3764706 0.41960785 0.45490196 0.4862745 0.34901962 0.38039216 0.44313726 0.34117648 0.34117648 0.42745098 0.4862745 0.4862745 0.50980395 0.49019608 0.4627451 0.45882353 0.48235294 0.47058824 0.4627451 0.48235294
0.50980395 0.4862745 0.45882353 0.44705883 0.47058824 0.47058824 0.47843137 0.5411765 0.41960785 0.45490196 0.4745098 0.4117647 0.4117647 0.44313726 0.44313726 0.43529412 0.33333334 0.42745098 0.47843137 0.36862746 0.40392157 0.4627451 0.48235294 0.46666667 0.47843137 0.45882353 0.46666667 0.44705883 0.4862745 0.5137255 0.45490196 0.4745098
0.49411765 0.49411765 0.44705883 0.40392157 0.48235294 0.4745098 0.47843137 0.4862745 0.4862745 0.47843137 0.4392157 0.4509804 0.47843137 0.40392157 0.4392157 0.4392157 0.39215687 0.4862745 0.5019608 0.4392157 0.4392157 0.44705883 0.47843137 0.48235294 0.4862745 0.5019608 0.49803922 0.43529412 0.49411765 0.5294118 0.47843137 0.49803922
0.49411765 0.48235294 0.45490196 0.44313726 0.46666667 0.47843137 0.47843137 0.4862745 0.49803922 0.4509804 0.44313726 0.43137255 0.39607844 0.36862746 0.5176471 0.44313726 0.39215687 0.46666667 0.50980395 0.4392157 0.43137255 0.47058824 0.5019608 0.49411765 0.50980395 0.5254902 0.47843137 0.42745098 0.4745098 0.50980395 0.5137255 0.49019608
0.43137255 0.4745098 0.4745098 0.49019608 0.46666667 0.4392157 0.35686275 0.3882353 0.45490196 0.47058824 0.5294118 0.42352942 0.40784314 0.54901963 0.5647059 0.38039216 0.38431373 0.43529412 0.5058824 0.49411765 0.4627451 0.47843137 0.54509807 0.49019608 0.49019608 0.5294118 0.43529412 0.4117647 0.48235294 0.50980395 0.5137255 0.47843137
0.36078432 0.47058824 0.5176471 0.49019608 0.5019608 0.41568628 0.2901961 0.34117648 0.43529412 0.48235294 0.4745098 0.35686275 0.6 0.7019608 0.44313726 0.36078432 0.47058824 0.45882353 0.49411765 0.49411765 0.42745098 0.43529412 0.5019608 0.49019608 0.5019608 0.4862745 0.4 0.37254903 0.49019608 0.5137255 0.49411765 0.46666667
0.47843137 0.47843137 0.5254902 0.5019608 0.49411765 0.44313726 0.36078432 0.3882353 0.3882353 0.43137255 0.43529412 0.5137255 0.7176471 0.54901963 0.3254902 0.45490196 0.52156866 0.50980395 0.50980395 0.47058824 0.4509804 0.45882353 0.4862745 0.49411765 0.4862745 0.49803922 0.4392157 0.45490196 0.5137255 0.50980395 0.47058824 0.44313726
0.5254902 0.52156866 0.5019608 0.49411765 0.47058824 0.4862745 0.49019608 0.42745098 0.40392157 0.48235294 0.5058824 0.5882353 0.5803922 0.37254903 0.3529412 0.4627451 0.45882353 0.5019608 0.5019608 0.52156866 0.56078434 0.49019608 0.5019608 0.49803922 0.49803922 0.4862745 0.47843137 0.5137255 0.54509807 0.5529412 0.5294118 0.49411765
0.5372549 0.5137255 0.4627451 0.4392157 0.49803922 0.5803922 0.47058824 0.3764706 0.52156866 0.5254902 0.5372549 0.50980395 0.4392157 0.2901961 0.25490198 0.21176471 0.1882353 0.28627452 0.46666667 0.49411765 0.52156866 0.47843137 0.44313726 0.46666667 0.5019608 0.46666667 0.5294118 0.5647059 0.6 0.6666667 0.627451 0.48235294
0.5411765 0.52156866 0.50980395 0.5019608 0.56078434 0.6 0.39607844 0.42745098 0.47058824 0.4392157 0.43137255 0.4117647 0.29411766 0.1254902 0.05490196 0.043137256 0.050980393 0.18039216 0.40392157 0.41960785 0.4627451 0.4745098 0.43529412 0.4509804 0.48235294 0.5058824 0.54509807 0.50980395 0.53333336 0.54901963 0.4862745 0.39607844
0.54901963 0.5254902 0.5137255 0.53333336 0.54509807 0.4627451 0.4745098 0.43137255 0.36862746 0.2627451 0.23921569 0.22745098 0.09803922 0.015686275 0.039215688 0.08235294 0.11372549 0.2627451 0.4 0.47843137 0.49019608 0.49803922 0.49411765 0.49411765 0.49019608 0.47843137 0.5019608 0.52156866 0.5176471 0.46666667 0.4117647 0.44705883
0.4862745 0.50980395 0.49411765 0.5254902 0.4745098 0.38039216 0.5254902 0.46666667 0.29803923 0.06666667 0.050980393 0.06666667 0.039215688 0.11372549 0.23921569 0.23921569 0.27450982 0.4 0.5529412 0.5411765 0.54509807 0.5372549 0.5411765 0.5411765 0.5176471 0.47058824 0.4745098 0.60784316 0.5529412 0.49411765 0.4627451 0.43529412
0.4862745 0.5294118 0.49411765 0.4862745 0.4745098 0.5137255 0.5294118 0.4862745 0.23921569 0.05882353 0.043137256 0.09019608 0.22352941 0.47843137 0.5372549 0.49019608 0.5254902 0.49803922 0.5764706 0.62352943 0.5529412 0.52156866 0.5294118 0.5137255 0.45490196 0.46666667 0.49411765 0.5411765 0.56078434 0.5647059 0.5137255 0.45490196
0.5803922 0.5411765 0.5137255 0.5019608 0.5411765 0.57254905 0.4745098 0.47843137 0.3882353 0.34509805 0.29803923 0.40784314 0.5294118 0.6431373 0.5254902 0.58431375 0.5803922 0.4862745 0.5137255 0.5882353 0.53333336 0.49019608 0.49019608 0.52156866 0.45490196 0.43529412 0.4862745 0.4745098 0.5019608 0.47058824 0.47843137 0.4745098
0.5411765 0.49803922 0.48235294 0.5254902 0.64705884 0.73333335 0.5764706 0.43137255 0.4392157 0.43529412 0.45490196 0.43529412 0.4745098 0.62352943 0.59607846 0.49019608 0.5137255 0.49019608 0.52156866 0.5372549 0.5529412 0.5529412 0.52156866 0.5411765 0.5647059 0.49019608 0.5254902 0.5137255 0.43529412 0.38039216 0.40784314 0.4745098
0.54509807 0.54509807 0.52156866 0.5019608 0.6117647 0.69803923 0.67058825 0.5568628 0.627451 0.61960787 0.44705883 0.38039216 0.38039216 0.41568628 0.5764706 0.5019608 0.5254902 0.5529412 0.5058824 0.5254902 0.5372549 0.52156866 0.5137255 0.54901963 0.5529412 0.49411765 0.49411765 0.50980395 0.5019608 0.4392157 0.42745098 0.46666667
0.5058824 0.53333336 0.5686275 0.5647059 0.50980395 0.68235296 0.76862746 0.7019608 0.8862745 0.92156863 0.6039216 0.3882353 0.4117647 0.38039216 0.40784314 0.4627451 0.47058824 0.5294118 0.4745098 0.52156866 0.5411765 0.49803922 0.4862745 0.52156866 0.5294118 0.4862745 0.4862745 0.49019608 0.4745098 0.44705883 0.47843137 0.49803922
0.3882353 0.3764706 0.3882353 0.4 0.39215687 0.39215687 0.39607844 0.40784314 0.41568628 0.41568628 0.40784314 0.35686275 0.35686275 0.3882353 0.38039216 0.40392157 0.40392157 0.40392157 0.4 0.3647059 0.36862746 0.39607844 0.30980393 0.3254902 0.38431373 0.3372549 0.34901962 0.3254902 0.36862746 0.3764706 0.32941177 0.31764707
0.40784314 0.38431373 0.38039216 0.39607844 0.38039216 0.38039216 0.38431373 0.41568628 0.43137255 0.40784314 0.38431373 0.3529412 0.3647059 0.38039216 0.36862746 0.40392157 0.4 0.40392157 0.40784314 0.38039216 0.38039216 0.39215687 0.33333334 0.30588236 0.35686275 0.3647059 0.33333334 0.30588236 0.38431373 0.39607844 0.34117648 0.34509805
0.42352942 0.3882353 0.37254903 0.3764706 0.3647059 0.34509805 0.34509805 0.38039216 0.41568628 0.39215687 0.3529412 0.36862746 0.39607844 0.3882353 0.37254903 0.41960785 0.40784314 0.41568628 0.41960785 0.40784314 0.41960785 0.42745098 0.42352942 0.40784314 0.4 0.40784314 0.3647059 0.37254903 0.41960785 0.41960785 0.38039216 0.39607844
0.44313726 0.40784314 0.40784314 0.3882353 0.38039216 0.3647059 0.37254903 0.38039216 0.3882353 0.37254903 0.3647059 0.36862746 0.38431373 0.38431373 0.3764706 0.40392157 0.4117647 0.41960785 0.4 0.39215687 0.41568628 0.42745098 0.41960785 0.40392157 0.3647059 0.33333334 0.33333334 0.39215687 0.41568628 0.4117647 0.39607844 0.41960785
0.45490196 0.4117647 0.42745098 0.42352942 0.4117647 0.40784314 0.40784314 0.3882353 0.38039216 0.38039216 0.39215687 0.38431373 0.38431373 0.38039216 0.36862746 0.3882353 0.43137255 0.4392157 0.4 0.39607844 0.40392157 0.40784314 0.40392157 0.3764706 0.30588236 0.31764707 0.36862746 0.41568628 0.41568628 0.42352942 0.41960785 0.43137255
0.41960785 0.39607844 0.4117647 0.40392157 0.4 0.4117647 0.40784314 0.3882353 0.37254903 0.3882353 0.4 0.39607844 0.4 0.36862746 0.36078432 0.3882353 0.43137255 0.43137255 0.40392157 0.40784314 0.41568628 0.42745098 0.41568628 0.39215687 0.3647059 0.40392157 0.43529412 0.43137255 0.39607844 0.40392157 0.41960785 0.42352942
0.39215687 0.3529412 0.37254903 0.39215687 0.4 0.40784314 0.4117647 0.4 0.36862746 0.38039216 0.40784314 0.40392157 0.4 0.36862746 0.38039216 0.42745098 0.40392157 0.3882353 0.4 0.4117647 0.41568628 0.42352942 0.4 0.4 0.41568628 0.41960785 0.4392157 0.42745098 0.36862746 0.3647059 0.39215687 0.42352942
0.40784314 0.35686275 0.36862746 0.4 0.40392157 0.40392157 0.40784314 0.38431373 0.3882353 0.3882353 0.4 0.40392157 0.40392157 0.38039216 0.3764706 0.41960785 0.38039216 0.38431373 0.4117647 0.4117647 0.39607844 0.3764706 0.36862746 0.39215687 0.39215687 0.39607844 0.4 0.3764706 0.3254902 0.3372549 0.37254903 0.41960785
0.40784314 0.39607844 0.40392157 0.38039216 0.35686275 0.3764706 0.37254903 0.36078432 0.41960785 0.4117647 0.3764706 0.37254903 0.36078432 0.4117647 0.44705883 0.4 0.4 0.40392157 0.44313726 0.4117647 0.34117648 0.34117648 0.3764706 0.39215687 0.38431373 0.4 0.3882353 0.38039216 0.3647059 0.4 0.4 0.40784314
0.36078432 0.39215687 0.41960785 0.3882353 0.38039216 0.3882353 0.3764706 0.3882353 0.4 0.40784314 0.37254903 0.3764706 0.29803923 0.27450982 0.32156864 0.30980393 0.42745098 0.43529412 0.45490196 0.44705883 0.36078432 0.3529412 0.4 0.41568628 0.3882353 0.40392157 0.38431373 0.39215687 0.39607844 0.4117647 0.40784314 0.39215687
0.3529412 0.38431373 0.4117647 0.40784314 0.42352942 0.40784314 0.3764706 0.37254903 0.38039216 0.39607844 0.32941177 0.3254902 0.30980393 0.21568628 0.13333334 0.22352941 0.42352942 0.4392157 0.41568628 0.43137255 0.43529412 0.39607844 0.40784314 0.41960785 0.4 0.41960785 0.39215687 0.4 0.36862746 0.3764706 0.4117647 0.39215687
0.4 0.38039216 0.41568628 0.4117647 0.38039216 0.3647059 0.3882353 0.3647059 0.3882353 0.39607844 0.31764707 0.29803923 0.41568628 0.4 0.13333334 0.20392157 0.36078432 0.40784314 0.4 0.4 0.4117647 0.39215687 0.39607844 0.41960785 0.42745098 0.41568628 0.40784314 0.37254903 0.3647059 0.3764706 0.38431373 0.36078432
0.4392157 0.3882353 0.4117647 0.4392157 0.40392157 0.38039216 0.4 0.38431373 0.39607844 0.41960785 0.3764706 0.3529412 0.38039216 0.3764706 0.3647059 0.41568628 0.34901962 0.36862746 0.36078432 0.36862746 0.40784314 0.42745098 0.4117647 0.4117647 0.4117647 0.3647059 0.38039216 0.3529412 0.3764706 0.3882353 0.34509805 0.34509805
0.43137255 0.39607844 0.3764706 0.41960785 0.41568628 0.36862746 0.3529412 0.39215687 0.43529412 0.45882353 0.36862746 0.34117648 0.34509805 0.3647059 0.43529412 0.49019608 0.37254903 0.39607844 0.4117647 0.41568628 0.41960785 0.41568628 0.40784314 0.39607844 0.3764706 0.3647059 0.3764706 0.36078432 0.4 0.42352942 0.3882353 0.3529412
0.41960785 0.39215687 0.38431373 0.39607844 0.3882353 0.34117648 0.38431373 0.45882353 0.42352942 0.4862745 0.40784314 0.34901962 0.33333334 0.32156864 0.3529412 0.4392157 0.3764706 0.39215687 0.41568628 0.4 0.3529412 0.36862746 0.4 0.40784314 0.4 0.4392157 0.4117647 0.36862746 0.4 0.40392157 0.40784314 0.4
0.42745098 0.4 0.39607844 0.4 0.3647059 0.3647059 0.4392157 0.53333336 0.36862746 0.42745098 0.41960785 0.32941177 0.2901961 0.33333334 0.3647059 0.4117647 0.30588236 0.31764707 0.37254903 0.2901961 0.2784314 0.35686275 0.4117647 0.41568628 0.43137255 0.40392157 0.38039216 0.38039216 0.40392157 0.39607844 0.3764706 0.39215687
0.42745098 0.4 0.3764706 0.3764706 0.3764706 0.36862746 0.38431373 0.45882353 0.36078432 0.38431373 0.38039216 0.3137255 0.3372549 0.36862746 0.3529412 0.3764706 0.2784314 0.34509805 0.38431373 0.2901961 0.33333334 0.38039216 0.40784314 0.4 0.40392157 0.3764706 0.38431373 0.3647059 0.40392157 0.4392157 0.38039216 0.39607844
0.4117647 0.4117647 0.36862746 0.33333334 0.39215687 0.38039216 0.4 0.4117647 0.41960785 0.4 0.34901962 0.36078432 0.38431373 0.3254902 0.36862746 0.38039216 0.32941177 0.4 0.4 0.3529412 0.36078432 0.35686275 0.3882353 0.4 0.4 0.40784314 0.41568628 0.36078432 0.41568628 0.45490196 0.4 0.41568628
0.41568628 0.4 0.38039216 0.3647059 0.3764706 0.39607844 0.41568628 0.42745098 0.42745098 0.3647059 0.35686275 0.35686275 0.2901961 0.2901961 0.4627451 0.37254903 0.33333334 0.3882353 0.4117647 0.34901962 0.34901962 0.37254903 0.40392157 0.40784314 0.4117647 0.41960785 0.40392157 0.36078432 0.4 0.43137255 0.43137255 0.40392157
0.36862746 0.39215687 0.38431373 0.40392157 0.3764706 0.37254903 0.31764707 0.3372549 0.38039216 0.3764706 0.43529412 0.34509805 0.3137255 0.48235294 0.50980395 0.30980393 0.32156864 0.35686275 0.41568628 0.4117647 0.3882353 0.3882353 0.45490196 0.40392157 0.39607844 0.43137255 0.36862746 0.3529412 0.4117647 0.42745098 0.42352942 0.39215687
0.31764707 0.38431373 0.40784314 0.3882353 0.4117647 0.35686275 0.2627451 0.30588236 0.3529412 0.38039216 0.37254903 0.2627451 0.53333336 0.64705884 0.38431373 0.2901961 0.40784314 0.38431373 0.40784314 0.42352942 0.3647059 0.36078432 0.42352942 0.41568628 0.42352942 0.40392157 0.34509805 0.3254902 0.42352942 0.43529412 0.40392157 0.3764706
0.4117647 0.3882353 0.42745098 0.4 0.40392157 0.38039216 0.3137255 0.32156864 0.28235295 0.3137255 0.32156864 0.41568628 0.6666667 0.49411765 0.24705882 0.36862746 0.44705883 0.42352942 0.42352942 0.4 0.38039216 0.3882353 0.4117647 0.41568628 0.4117647 0.42352942 0.38039216 0.39607844 0.44313726 0.43529412 0.39607844 0.3647059
0.43137255 0.42745098 0.41960785 0.40784314 0.3882353 0.40784314 0.4117647 0.34509805 0.30588236 0.3882353 0.42352942 0.52156866 0.52156866 0.3019608 0.27058825 0.39215687 0.39607844 0.42745098 0.42352942 0.44705883 0.4862745 0.41960785 0.42745098 0.42352942 0.41960785 0.40392157 0.40392157 0.43529412 0.45490196 0.45882353 0.44705883 0.41568628
0.44705883 0.42745098 0.3882353 0.3647059 0.41960785 0.4862745 0.36862746 0.28627452 0.44313726 0.45882353 0.49411765 0.46666667 0.36078432 0.21176471 0.20392157 0.18431373 0.16470589 0.24705882 0.4 0.41960785 0.4509804 0.40392157 0.3764706 0.4 0.41960785 0.37254903 0.44705883 0.4745098 0.4862745 0.5411765 0.50980395 0.38039216
0.4509804 0.44313726 0.43529412 0.43137255 0.47843137 0.49803922 0.27450982 0.30980393 0.38039216 0.37254903 0.37254903 0.33333334 0.21176471 0.08627451 0.050980393 0.03529412 0.03529412 0.14509805 0.34117648 0.34509805 0.39215687 0.4 0.36862746 0.3882353 0.4 0.40784314 0.4627451 0.42352942 0.42352942 0.42352942 0.36078432 0.29411766
0.4627451 0.4509804 0.4392157 0.4509804 0.4509804 0.3529412 0.3529412 0.3254902 0.29411766 0.20392157 0.17254902 0.16470589 0.05882353 0.007843138 0.02745098 0.050980393 0.078431375 0.2 0.32156864 0.40392157 0.41568628 0.42352942 0.42352942 0.41960785 0.40784314 0.39215687 0.42745098 0.4509804 0.43137255 0.37254903 0.3254902 0.37254903
0.4 0.43529412 0.41960785 0.43137255 0.37254903 0.2784314 0.42745098 0.39215687 0.25490198 0.03529412 0.019607844 0.050980393 0.03529412 0.08235294 0.1764706 0.1764706 0.20784314 0.30588236 0.45882353 0.46666667 0.46666667 0.4627451 0.4627451 0.45490196 0.4392157 0.39607844 0.4117647 0.5411765 0.4862745 0.43137255 0.40784314 0.38431373
0.40392157 0.44313726 0.41960785 0.39607844 0.3764706 0.42745098 0.46666667 0.41960785 0.19215687 0.03137255 0.03137255 0.07450981 0.18039216 0.39607844 0.43529412 0.4 0.44313726 0.4117647 0.49411765 0.5411765 0.47058824 0.44705883 0.4509804 0.4392157 0.38431373 0.40392157 0.42352942 0.45882353 0.47843137 0.49019608 0.4509804 0.39607844
0.49019608 0.44705883 0.43529412 0.40784314 0.4392157 0.49411765 0.42745098 0.42352942 0.3372549 0.30588236 0.27058825 0.38039216 0.48235294 0.57254905 0.4392157 0.5019608 0.5058824 0.41960785 0.44313726 0.50980395 0.45490196 0.41568628 0.41568628 0.4509804 0.38431373 0.3764706 0.41568628 0.39607844 0.42352942 0.39215687 0.40392157 0.40392157
0.44313726 0.40784314 0.4 0.42352942 0.5529412 0.6627451 0.53333336 0.3882353 0.39215687 0.38039216 0.40784314 0.4 0.43529412 0.5803922 0.5372549 0.42352942 0.45490196 0.4392157 0.46666667 0.46666667 0.47843137 0.4745098 0.4509804 0.4745098 0.49411765 0.42352942 0.45882353 0.4392157 0.3647059 0.30980393 0.32941177 0.39607844
0.45490196 0.47058824 0.44313726 0.4117647 0.53333336 0.63529414 0.6156863 0.50980395 0.5764706 0.56078434 0.39215687 0.34117648 0.34117648 0.38039216 0.5294118 0.44313726 0.4745098 0.50980395 0.45490196 0.4627451 0.47058824 0.44313726 0.44313726 0.4862745 0.48235294 0.42352942 0.42352942 0.4392157 0.43529412 0.37254903 0.3529412 0.39215687
0.43529412 0.47843137 0.5019608 0.4862745 0.4509804 0.61960787 0.6862745 0.63529414 0.827451 0.8666667 0.54901963 0.34117648 0.36078432 0.33333334 0.3529412 0.4 0.41568628 0.48235294 0.42745098 0.46666667 0.4745098 0.41568628 0.41960785 0.45882353 0.45882353 0.4117647 0.41568628 0.42745098 0.41568628 0.38431373 0.4117647 0.42745098
0.3254902 0.3019608 0.30980393 0.3254902 0.32156864 0.32941177 0.3372549 0.3529412 0.36078432 0.36078432 0.3529412 0.2901961 0.29411766 0.3254902 0.3137255 0.3372549 0.34117648 0.34509805 0.34509805 0.30980393 0.3137255 0.34117648 0.2509804 0.27058825 0.34117648 0.29803923 0.3019608 0.27058825 0.3137255 0.3137255 0.27450982 0.26666668
0.34901962 0.31764707 0.30980393 0.32156864 0.30980393 0.30980393 0.31764707 0.37254903 0.3882353 0.3647059 0.33333334 0.28627452 0.30588236 0.32156864 0.29803923 0.33333334 0.33333334 0.34509805 0.34901962 0.3254902 0.3254902 0.34117648 0.2784314 0.25490198 0.30588236 0.31764707 0.27450982 0.24313726 0.3254902 0.33333334 0.28235295 0.2901961
0.36862746 0.3254902 0.30588236 0.30980393 0.29803923 0.26666668 0.27058825 0.33333334 0.36862746 0.34509805 0.3019608 0.30588236 0.33333334 0.3254902 0.3019608 0.34117648 0.33333334 0.34901962 0.36078432 0.3529412 0.3647059 0.37254903 0.3647059 0.34509805 0.33333334 0.3372549 0.29411766 0.3019608 0.3529412 0.35686275 0.32156864 0.34117648
0.3882353 0.34509805 0.34509805 0.33333334 0.3137255 0.28235295 0.29411766 0.32156864 0.33333334 0.31764707 0.30980393 0.30588236 0.3254902 0.32156864 0.3019608 0.32156864 0.33333334 0.34509805 0.3372549 0.3372549 0.36078432 0.37254903 0.3529412 0.32156864 0.27450982 0.23529412 0.24313726 0.3137255 0.34509805 0.34901962 0.33333334 0.35686275
0.39607844 0.3529412 0.36862746 0.36078432 0.3529412 0.34117648 0.33333334 0.32941177 0.3254902 0.3254902 0.33333334 0.3137255 0.32156864 0.31764707 0.29803923 0.30980393 0.34901962 0.36078432 0.3372549 0.34117648 0.3529412 0.35686275 0.34117648 0.2901961 0.21568628 0.21960784 0.28627452 0.34509805 0.34509805 0.3529412 0.34901962 0.3647059
0.34901962 0.3372549 0.3529412 0.32941177 0.34509805 0.36078432 0.34117648 0.32156864 0.3137255 0.3372549 0.34509805 0.3254902 0.32941177 0.3019608 0.29411766 0.3137255 0.34509805 0.34509805 0.3372549 0.35686275 0.3647059 0.38431373 0.36078432 0.3137255 0.28235295 0.32941177 0.3764706 0.3764706 0.32941177 0.32941177 0.34117648 0.34901962
0.32941177 0.28627452 0.3019608 0.31764707 0.34117648 0.34901962 0.34901962 0.34117648 0.30980393 0.31764707 0.34509805 0.34117648 0.3372549 0.3137255 0.3254902 0.3647059 0.33333334 0.30980393 0.33333334 0.3529412 0.3647059 0.3764706 0.34509805 0.32156864 0.32941177 0.34901962 0.37254903 0.36078432 0.29411766 0.28627452 0.3137255 0.34901962
0.35686275 0.28627452 0.2901961 0.33333334 0.34117648 0.34117648 0.34509805 0.32941177 0.32941177 0.32156864 0.32941177 0.3372549 0.34901962 0.3372549 0.3372549 0.37254903 0.32156864 0.30980393 0.34117648 0.3529412 0.3372549 0.32156864 0.30980393 0.31764707 0.30980393 0.3254902 0.32941177 0.29803923 0.24705882 0.25882354 0.29411766 0.34117648
0.3529412 0.32941177 0.3372549 0.3254902 0.29411766 0.30588236 0.3137255 0.3019608 0.3647059 0.36078432 0.31764707 0.30980393 0.3137255 0.38431373 0.42352942 0.36862746 0.3529412 0.34117648 0.36862746 0.34509805 0.28235295 0.28235295 0.32156864 0.32941177 0.3137255 0.34117648 0.31764707 0.29803923 0.28627452 0.3254902 0.3254902 0.33333334
0.29803923 0.33333334 0.3647059 0.34901962 0.32156864 0.32156864 0.3254902 0.33333334 0.3529412 0.36862746 0.3254902 0.31764707 0.25882354 0.2627451 0.30588236 0.28235295 0.39215687 0.3764706 0.38431373 0.38039216 0.29803923 0.2901961 0.34509805 0.36078432 0.3254902 0.34901962 0.31764707 0.31764707 0.32941177 0.34509805 0.3372549 0.32156864
0.2901961 0.3254902 0.35686275 0.36078432 0.3647059 0.3529412 0.3254902 0.32156864 0.32941177 0.3372549 0.2509804 0.24313726 0.2901961 0.21176471 0.10980392 0.19607843 0.3764706 0.3647059 0.3529412 0.37254903 0.3764706 0.33333334 0.34509805 0.37254903 0.36078432 0.36862746 0.32941177 0.33333334 0.30588236 0.3137255 0.3529412 0.32941177
0.33333334 0.31764707 0.35686275 0.3529412 0.32156864 0.30588236 0.32941177 0.30588236 0.33333334 0.33333334 0.24313726 0.22352941 0.38039216 0.38431373 0.11372549 0.1882353 0.31764707 0.32941177 0.3372549 0.33333334 0.34509805 0.32156864 0.3254902 0.3647059 0.38431373 0.36078432 0.34117648 0.30980393 0.3019608 0.31764707 0.33333334 0.3019608
0.37254903 0.3254902 0.3529412 0.3764706 0.3372549 0.3137255 0.3372549 0.32156864 0.34117648 0.37254903 0.33333334 0.29411766 0.28627452 0.30980393 0.34117648 0.4117647 0.31764707 0.29411766 0.2901961 0.2901961 0.3254902 0.34509805 0.32941177 0.34117648 0.34901962 0.29803923 0.3137255 0.2901961 0.3137255 0.32941177 0.29803923 0.2901961
0.36862746 0.33333334 0.32156864 0.35686275 0.3529412 0.30588236 0.2901961 0.34509805 0.3882353 0.4117647 0.32156864 0.2627451 0.21176471 0.25882354 0.3882353 0.4745098 0.32941177 0.31764707 0.3372549 0.32941177 0.33333334 0.32941177 0.3254902 0.31764707 0.29803923 0.29803923 0.3137255 0.29411766 0.33333334 0.35686275 0.33333334 0.29411766
0.3529412 0.32941177 0.3254902 0.33333334 0.32156864 0.27450982 0.3254902 0.43137255 0.38039216 0.43137255 0.34509805 0.2627451 0.22745098 0.23529412 0.28627452 0.39215687 0.31764707 0.30588236 0.34509805 0.3254902 0.27450982 0.28627452 0.3254902 0.32941177 0.3137255 0.38039216 0.3529412 0.3019608 0.33333334 0.3372549 0.3372549 0.32941177
0.3529412 0.3372549 0.3372549 0.32941177 0.29803923 0.29803923 0.38039216 0.49803922 0.3137255 0.3529412 0.33333334 0.2627451 0.23137255 0.27450982 0.30588236 0.3529412 0.23529412 0.22352941 0.29411766 0.21960784 0.2 0.27450982 0.33333334 0.3372549 0.35686275 0.34901962 0.32156864 0.31764707 0.34509805 0.33333334 0.30588236 0.32156864
0.34509805 0.33333334 0.3137255 0.29803923 0.30588236 0.3019608 0.31764707 0.39215687 0.2784314 0.29411766 0.2901961 0.26666668 0.29411766 0.2901961 0.3254902 0.34117648 0.21176471 0.24705882 0.28627452 0.2 0.24313726 0.2901961 0.3254902 0.3254902 0.33333334 0.3137255 0.31764707 0.30980393 0.3647059 0.38431373 0.3254902 0.3372549
0.34117648 0.34901962 0.30980393 0.25882354 0.32156864 0.3137255 0.3254902 0.34509805 0.34509805 0.32156864 0.27058825 0.3019608 0.3254902 0.26666668 0.3647059 0.36862746 0.2784314 0.30980393 0.29411766 0.24705882 0.2627451 0.27058825 0.30980393 0.32156864 0.31764707 0.32941177 0.3372549 0.3019608 0.37254903 0.4 0.34509805 0.36078432
0.3529412 0.34117648 0.3137255 0.2901961 0.30588236 0.32156864 0.3372549 0.35686275 0.36078432 0.3019608 0.29411766 0.28627452 0.23921569 0.2784314 0.47843137 0.36862746 0.28627452 0.30980393 0.30588236 0.23921569 0.25490198 0.3019608 0.3372549 0.33333334 0.33333334 0.3372549 0.31764707 0.29411766 0.34901962 0.37254903 0.36862746 0.34509805
0.2901961 0.31764707 0.30980393 0.33333334 0.30588236 0.29411766 0.23137255 0.2509804 0.30588236 0.31764707 0.38039216 0.28235295 0.30588236 0.52156866 0.5176471 0.28235295 0.27058825 0.28627452 0.32941177 0.31764707 0.30588236 0.32941177 0.4 0.34509805 0.32941177 0.34901962 0.2784314 0.2784314 0.35686275 0.36862746 0.36078432 0.32941177
0.21960784 0.2901961 0.32156864 0.31764707 0.34117648 0.27450982 0.16470589 0.2 0.26666668 0.30980393 0.31764707 0.22745098 0.58431375 0.73333335 0.3647059 0.22745098 0.34117648 0.31764707 0.34509805 0.36078432 0.3019608 0.3019608 0.3764706 0.37254903 0.3647059 0.33333334 0.2509804 0.24313726 0.36078432 0.36862746 0.33333334 0.3137255
0.3254902 0.3019608 0.3529412 0.32941177 0.3254902 0.29411766 0.23137255 0.23137255 0.1882353 0.23921569 0.28627452 0.42352942 0.7137255 0.5254902 0.19215687 0.29803923 0.3764706 0.34901962 0.34509805 0.34117648 0.3372549 0.3254902 0.34509805 0.3647059 0.3529412 0.36078432 0.30588236 0.32941177 0.3882353 0.37254903 0.33333334 0.3137255
0.36078432 0.3529412 0.35686275 0.34117648 0.3019608 0.32156864 0.34901962 0.2784314 0.22745098 0.33333334 0.41568628 0.5254902 0.49803922 0.23529412 0.19215687 0.34509805 0.34901962 0.3647059 0.34901962 0.38431373 0.43137255 0.3529412 0.3647059 0.3647059 0.35686275 0.3372549 0.3372549 0.3764706 0.39607844 0.3764706 0.3529412 0.3372549
0.37254903 0.35686275 0.3254902 0.3019608 0.3372549 0.40784314 0.30980393 0.21960784 0.37254903 0.42745098 0.4862745 0.41960785 0.28235295 0.12941177 0.15294118 0.16862746 0.14509805 0.21176471 0.3529412 0.35686275 0.3647059 0.34117648 0.3372549 0.34901962 0.36078432 0.3019608 0.37254903 0.4117647 0.4117647 0.43529412 0.38431373 0.27450982
0.38039216 0.38039216 0.38039216 0.3764706 0.40784314 0.42352942 0.21176471 0.22745098 0.3019608 0.3254902 0.3372549 0.26666668 0.14509805 0.06666667 0.0627451 0.03529412 0.02745098 0.11372549 0.29803923 0.28235295 0.3019608 0.34117648 0.33333334 0.34509805 0.34509805 0.34117648 0.39215687 0.36078432 0.34901962 0.31764707 0.25882354 0.21960784
0.39215687 0.39607844 0.38431373 0.40784314 0.39215687 0.28235295 0.2901961 0.24705882 0.22352941 0.15294118 0.13333334 0.12156863 0.047058824 0.023529412 0.043137256 0.039215688 0.050980393 0.14509805 0.2509804 0.34117648 0.3529412 0.36078432 0.37254903 0.3764706 0.35686275 0.3372549 0.36862746 0.4 0.3764706 0.29411766 0.2627451 0.3254902
0.3254902 0.3764706 0.36862746 0.39607844 0.3137255 0.21176471 0.37254903 0.34117648 0.20784314 0.011764706 0.003921569 0.039215688 0.02745098 0.05882353 0.13333334 0.12941177 0.15294118 0.22745098 0.36862746 0.40392157 0.42352942 0.4 0.39607844 0.40784314 0.39607844 0.34901962 0.35686275 0.49803922 0.44705883 0.3764706 0.35686275 0.32941177
0.31764707 0.37254903 0.36862746 0.34901962 0.30980393 0.37254903 0.42745098 0.3764706 0.16078432 0.023529412 0.023529412 0.05882353 0.14117648 0.33333334 0.36078432 0.3254902 0.3529412 0.3254902 0.41960785 0.4745098 0.41568628 0.3882353 0.38431373 0.38039216 0.34509805 0.35686275 0.3529412 0.40392157 0.43529412 0.42745098 0.39215687 0.33333334
0.40392157 0.3647059 0.3647059 0.33333334 0.39215687 0.46666667 0.39215687 0.3882353 0.30980393 0.28627452 0.2509804 0.3529412 0.44313726 0.5254902 0.3882353 0.44313726 0.43137255 0.3529412 0.38431373 0.44705883 0.39607844 0.35686275 0.34901962 0.39607844 0.34509805 0.3254902 0.34901962 0.3372549 0.36862746 0.3254902 0.3254902 0.33333334
0.36862746 0.3372549 0.32156864 0.34901962 0.5294118 0.654902 0.49803922 0.3647059 0.36862746 0.35686275 0.3764706 0.3647059 0.40392157 0.5529412 0.50980395 0.38039216 0.39607844 0.38431373 0.41960785 0.4117647 0.41960785 0.41568628 0.38431373 0.41960785 0.45490196 0.36862746 0.39607844 0.38039216 0.3019608 0.23529412 0.23529412 0.32156864
0.39215687 0.41960785 0.3882353 0.35686275 0.5137255 0.627451 0.5921569 0.4862745 0.5529412 0.5372549 0.36078432 0.3019608 0.30980393 0.35686275 0.5058824 0.39607844 0.4117647 0.4509804 0.4117647 0.41568628 0.41568628 0.38039216 0.38039216 0.4392157 0.44313726 0.3647059 0.36862746 0.38039216 0.36078432 0.29411766 0.2627451 0.32941177
0.38039216 0.4509804 0.48235294 0.4745098 0.41568628 0.5921569 0.6745098 0.6117647 0.8039216 0.84705883 0.52156866 0.29803923 0.3254902 0.3019608 0.3137255 0.33333334 0.33333334 0.40784314 0.3764706 0.42745098 0.41960785 0.3529412 0.35686275 0.41568628 0.41960785 0.34901962 0.36862746 0.36862746 0.32941177 0.3019608 0.3372549 0.39607844
31 9 0
