32, 32, 3, 1
0.22745098 0.23921569 0.22352941 0.23137255 0.22352941 0.22352941 0.22745098 0.23529412 0.24313726 0.23137255 0.21176471 0.18431373 0.19607843 0.25882354 0.22745098 0.16470589 0.17254902 0.16862746 0.22352941 0.25490198 0.2509804 0.28627452 0.34117648 0.34509805 0.3647059 0.35686275 0.30980393 0.18039216 0.14509805 0.20784314 0.18039216 0.15294118
0.25490198 0.27058825 0.25490198 0.27058825 0.25882354 0.25882354 0.25882354 0.27450982 0.2627451 0.21568628 0.18431373 0.1882353 0.2509804 0.30588236 0.23529412 0.20784314 0.23529412 0.23137255 0.25490198 0.28235295 0.29803923 0.3372549 0.3764706 0.39607844 0.35686275 0.27450982 0.24705882 0.18039216 0.13725491 0.18431373 0.1764706 0.13725491
0.24705882 0.27058825 0.25882354 0.26666668 0.27058825 0.27450982 0.24705882 0.20392157 0.2 0.15686275 0.13725491 0.18039216 0.2509804 0.2627451 0.16862746 0.18431373 0.23921569 0.25490198 0.25882354 0.2509804 0.28235295 0.31764707 0.3137255 0.31764707 0.2627451 0.18039216 0.1764706 0.13333334 0.12156863 0.14117648 0.16078432 0.15686275
0.23529412 0.25882354 0.27450982 0.2627451 0.2901961 0.2784314 0.22745098 0.18039216 0.2 0.12941177 0.10980392 0.18039216 0.23529412 0.23921569 0.14509805 0.2 0.28235295 0.31764707 0.28627452 0.24313726 0.27058825 0.30588236 0.2509804 0.21176471 0.20392157 0.17254902 0.14509805 0.1254902 0.12941177 0.12156863 0.19215687 0.22352941
0.23529412 0.28235295 0.3019608 0.2627451 0.25882354 0.25490198 0.2784314 0.2784314 0.21568628 0.1254902 0.15294118 0.1882353 0.21176471 0.24705882 0.18431373 0.22352941 0.37254903 0.3882353 0.33333334 0.3019608 0.2784314 0.3254902 0.2901961 0.21176471 0.17254902 0.1254902 0.07450981 0.07058824 0.09803922 0.15686275 0.23137255 0.23137255
0.23529412 0.25490198 0.27058825 0.21960784 0.2 0.19607843 0.2509804 0.25490198 0.2627451 0.18431373 0.13725491 0.20392157 0.18039216 0.19607843 0.21568628 0.2509804 0.36862746 0.35686275 0.34509805 0.32941177 0.24705882 0.27450982 0.2784314 0.20784314 0.18039216 0.1882353 0.14509805 0.12941177 0.16470589 0.20784314 0.23137255 0.22352941
0.2 0.20784314 0.25882354 0.25490198 0.22745098 0.20784314 0.20392157 0.20392157 0.25882354 0.26666668 0.2 0.22352941 0.23529412 0.18431373 0.2784314 0.34901962 0.36078432 0.32156864 0.29411766 0.2509804 0.18039216 0.18039216 0.20392157 0.21176471 0.21960784 0.2627451 0.24705882 0.23529412 0.23921569 0.22745098 0.21960784 0.21960784
0.2 0.22352941 0.21176471 0.21568628 0.21568628 0.23529412 0.20392157 0.21960784 0.2784314 0.2509804 0.29803923 0.25490198 0.2627451 0.20784314 0.27058825 0.33333334 0.3137255 0.23529412 0.19215687 0.19215687 0.12156863 0.12941177 0.44705883 0.67058825 0.34117648 0.21960784 0.23529412 0.23137255 0.22745098 0.21960784 0.21960784 0.22352941
0.17254902 0.18039216 0.19215687 0.1764706 0.22352941 0.25882354 0.24313726 0.25490198 0.27450982 0.29411766 0.3137255 0.2784314 0.3019608 0.2627451 0.18431373 0.19215687 0.19215687 0.1764706 0.14509805 0.14117648 0.09803922 0.42352942 0.5882353 0.6039216 0.25490198 0.17254902 0.22745098 0.22352941 0.22352941 0.21960784 0.21960784 0.22352941
0.21568628 0.18431373 0.19607843 0.24705882 0.3137255 0.3254902 0.31764707 0.34901962 0.30980393 0.33333334 0.38039216 0.34117648 0.30980393 0.3254902 0.23921569 0.14509805 0.14509805 0.14901961 0.1254902 0.16862746 0.1254902 0.5019608 0.5803922 0.28627452 0.21176471 0.23137255 0.23529412 0.23921569 0.23529412 0.21960784 0.21960784 0.22352941
0.28235295 0.27058825 0.17254902 0.21568628 0.3019608 0.3254902 0.36078432 0.35686275 0.3019608 0.33333334 0.36078432 0.3019608 0.27450982 0.25882354 0.24313726 0.16862746 0.13333334 0.14117648 0.20784314 0.23921569 0.09411765 0.18431373 0.10980392 0.16078432 0.23921569 0.23137255 0.23529412 0.23529412 0.23137255 0.21960784 0.21960784 0.22352941
0.26666668 0.2784314 0.22745098 0.1882353 0.21568628 0.28235295 0.27450982 0.25882354 0.24705882 0.29411766 0.30588236 0.26666668 0.21568628 0.1764706 0.16078432 0.12941177 0.13333334 0.2 0.24705882 0.15686275 0.10980392 0.36862746 0.08235294 0.14509805 0.24705882 0.23137255 0.23529412 0.23137255 0.23137255 0.21960784 0.21960784 0.21960784
0.21176471 0.2509804 0.28235295 0.2509804 0.16862746 0.1882353 0.19215687 0.18431373 0.20784314 0.21176471 0.21176471 0.18431373 0.16470589 0.1764706 0.16862746 0.14117648 0.15686275 0.18039216 0.16862746 0.16078432 0.1882353 0.42745098 0.31764707 0.16862746 0.24313726 0.22745098 0.22745098 0.22745098 0.22352941 0.21960784 0.21960784 0.21960784
0.23137255 0.27450982 0.29411766 0.32941177 0.25882354 0.1764706 0.15294118 0.18039216 0.2 0.18431373 0.14509805 0.13333334 0.16862746 0.20392157 0.21960784 0.21176471 0.18431373 0.21568628 0.25490198 0.21960784 0.2 0.20784314 0.34117648 0.33333334 0.22352941 0.22745098 0.22352941 0.22352941 0.22352941 0.22352941 0.22352941 0.21960784
0.19215687 0.23529412 0.2509804 0.2784314 0.28627452 0.23529412 0.14117648 0.11372549 0.15686275 0.1882353 0.20784314 0.28235295 0.36078432 0.3137255 0.3372549 0.40784314 0.34509805 0.40392157 0.41960785 0.3372549 0.3647059 0.32941177 0.3372549 0.36078432 0.20784314 0.22745098 0.22745098 0.21960784 0.21960784 0.21568628 0.21568628 0.21176471
0.24705882 0.23921569 0.24313726 0.25882354 0.2627451 0.2509804 0.21960784 0.16470589 0.13725491 0.1254902 0.19607843 0.30980393 0.5411765 0.59607846 0.28627452 0.19215687 0.21960784 0.32156864 0.43529412 0.46666667 0.43529412 0.41568628 0.3372549 0.2627451 0.18431373 0.20392157 0.20784314 0.20392157 0.19607843 0.19607843 0.2 0.20784314
0.2901961 0.2784314 0.2901961 0.28627452 0.21960784 0.20392157 0.21176471 0.21568628 0.2 0.19215687 0.18431373 0.19215687 0.3019608 0.5921569 0.5764706 0.39607844 0.36078432 0.41960785 0.5764706 0.7411765 0.6039216 0.31764707 0.29411766 0.2 0.18039216 0.19215687 0.19215687 0.1882353 0.1882353 0.1882353 0.18431373 0.19215687
0.27450982 0.29803923 0.26666668 0.22745098 0.16862746 0.12156863 0.15294118 0.19215687 0.19607843 0.19607843 0.19607843 0.19215687 0.19215687 0.23921569 0.44313726 0.61960787 0.627451 0.64705884 0.7921569 0.9137255 0.8 0.4392157 0.25882354 0.19607843 0.19607843 0.2 0.2 0.2 0.20392157 0.2 0.19607843 0.19215687
0.23529412 0.28627452 0.22352941 0.15686275 0.13333334 0.1254902 0.12941177 0.15686275 0.1764706 0.19215687 0.20392157 0.2 0.19607843 0.18039216 0.21568628 0.33333334 0.42352942 0.48235294 0.6156863 0.7647059 0.48235294 0.2784314 0.19607843 0.1882353 0.19215687 0.19607843 0.19215687 0.19607843 0.20392157 0.2 0.19607843 0.19607843
0.16078432 0.17254902 0.19607843 0.16470589 0.13725491 0.18039216 0.18039216 0.18039216 0.1882353 0.2 0.20784314 0.20392157 0.19215687 0.19215687 0.2 0.1882353 0.1882353 0.13333334 0.22745098 0.41568628 0.23137255 0.1882353 0.1882353 0.18431373 0.19607843 0.2 0.19215687 0.19607843 0.2 0.19607843 0.19607843 0.19215687
0.23921569 0.22352941 0.21568628 0.16470589 0.15294118 0.16078432 0.18039216 0.1882353 0.1882353 0.1882353 0.1882353 0.18039216 0.18039216 0.1882353 0.1882353 0.18431373 0.18431373 0.101960786 0.17254902 0.26666668 0.21176471 0.20392157 0.2 0.19607843 0.19607843 0.2 0.2 0.20392157 0.2 0.2 0.21568628 0.21960784
0.24313726 0.25882354 0.25490198 0.21960784 0.17254902 0.14509805 0.15686275 0.1882353 0.1882353 0.17254902 0.16862746 0.16470589 0.18039216 0.1882353 0.1764706 0.17254902 0.16078432 0.14901961 0.22352941 0.22352941 0.1882353 0.19215687 0.18431373 0.18431373 0.1882353 0.20784314 0.22352941 0.22352941 0.22352941 0.22745098 0.23137255 0.23529412
0.23921569 0.25882354 0.25882354 0.22745098 0.19607843 0.22352941 0.21960784 0.20784314 0.18431373 0.18431373 0.1764706 0.16470589 0.19215687 0.20392157 0.18039216 0.17254902 0.16078432 0.14509805 0.1764706 0.16470589 0.16470589 0.15686275 0.17254902 0.18039216 0.2 0.22352941 0.23137255 0.23529412 0.22745098 0.22745098 0.22745098 0.22352941
0.23529412 0.26666668 0.27450982 0.24705882 0.22352941 0.2509804 0.23137255 0.20392157 0.2 0.20784314 0.20784314 0.2 0.20784314 0.21568628 0.20392157 0.1882353 0.16078432 0.09803922 0.105882354 0.08235294 0.105882354 0.12941177 0.16862746 0.17254902 0.18039216 0.20392157 0.21176471 0.21568628 0.21960784 0.21568628 0.21176471 0.21176471
0.27450982 0.28627452 0.28627452 0.28235295 0.2509804 0.23921569 0.21176471 0.19607843 0.20784314 0.24313726 0.2509804 0.24313726 0.23529412 0.22352941 0.21568628 0.19607843 0.19607843 0.1254902 0.08627451 0.12941177 0.16470589 0.18431373 0.20784314 0.21176471 0.20784314 0.20784314 0.21176471 0.21960784 0.21176471 0.21176471 0.21568628 0.20784314
0.28627452 0.29803923 0.27058825 0.2784314 0.25490198 0.24313726 0.23921569 0.23529412 0.22352941 0.23529412 0.2509804 0.2509804 0.21176471 0.21568628 0.22745098 0.23137255 0.24313726 0.15686275 0.05882353 0.18039216 0.21568628 0.21568628 0.21176471 0.2 0.20784314 0.21176471 0.21568628 0.21568628 0.21960784 0.23137255 0.22352941 0.20392157
0.27450982 0.3019608 0.28235295 0.30588236 0.28627452 0.29803923 0.27450982 0.22352941 0.22352941 0.23137255 0.22745098 0.21176471 0.19215687 0.21176471 0.25490198 0.27058825 0.2627451 0.14901961 0.09803922 0.22352941 0.21568628 0.20392157 0.21960784 0.23137255 0.21960784 0.21176471 0.20392157 0.20392157 0.21960784 0.25490198 0.25882354 0.16078432
0.29803923 0.33333334 0.30980393 0.30980393 0.3254902 0.34117648 0.29803923 0.2509804 0.24705882 0.24313726 0.22352941 0.21568628 0.22745098 0.23921569 0.27058825 0.29803923 0.28627452 0.2509804 0.24313726 0.24705882 0.22352941 0.22352941 0.23529412 0.24313726 0.21960784 0.22352941 0.22745098 0.21568628 0.20392157 0.2 0.18039216 0.14509805
0.34901962 0.36862746 0.34117648 0.33333334 0.33333334 0.33333334 0.29411766 0.25882354 0.2627451 0.2627451 0.2509804 0.2509804 0.2784314 0.2784314 0.27058825 0.27058825 0.3019608 0.31764707 0.27058825 0.24705882 0.25490198 0.2627451 0.23921569 0.22352941 0.23921569 0.24705882 0.24705882 0.23921569 0.21176471 0.2 0.19607843 0.19607843
0.36078432 0.3882353 0.3647059 0.35686275 0.3529412 0.3254902 0.29803923 0.24705882 0.24705882 0.25882354 0.2784314 0.2784314 0.29803923 0.27450982 0.27058825 0.26666668 0.27058825 0.28235295 0.24313726 0.23921569 0.28627452 0.31764707 0.28235295 0.2627451 0.24313726 0.23921569 0.23137255 0.22352941 0.22745098 0.19607843 0.18431373 0.15294118
0.3372549 0.36078432 0.32156864 0.3372549 0.36078432 0.3529412 0.30588236 0.25882354 0.2627451 0.25882354 0.26666668 0.26666668 0.30980393 0.27058825 0.2627451 0.2627451 0.26666668 0.27450982 0.25490198 0.24705882 0.2784314 0.2901961 0.27450982 0.2627451 0.23529412 0.21568628 0.2 0.1882353 0.1764706 0.14509805 0.15686275 0.15294118
0.3529412 0.36078432 0.30588236 0.3254902 0.34509805 0.3647059 0.31764707 0.3019608 0.29411766 0.27450982 0.25882354 0.25490198 0.2784314 0.24705882 0.2627451 0.24705882 0.24313726 0.2784314 0.26666668 0.25882354 0.23921569 0.23529412 0.25490198 0.23921569 0.21568628 0.20784314 0.20392157 0.16862746 0.14117648 0.16470589 0.18431373 0.19215687
0.34509805 0.34509805 0.3529412 0.34901962 0.34901962 0.34901962 0.3529412 0.34901962 0.34117648 0.3254902 0.29803923 0.25882354 0.25490198 0.3137255 0.28627452 0.22352941 0.23529412 0.22745098 0.27058825 0.29803923 0.27058825 0.29411766 0.34117648 0.33333334 0.3372549 0.31764707 0.2901961 0.18039216 0.16078432 0.23921569 0.21960784 0.2
0.33333334 0.32941177 0.33333334 0.33333334 0.33333334 0.32941177 0.33333334 0.32156864 0.27450982 0.22352941 0.18431373 0.18039216 0.24705882 0.3019608 0.23137255 0.20392157 0.23137255 0.22352941 0.24313726 0.27058825 0.2627451 0.2784314 0.30980393 0.31764707 0.29411766 0.24313726 0.22745098 0.1764706 0.13333334 0.16078432 0.15686275 0.13333334
0.33333334 0.3372549 0.32941177 0.3254902 0.3372549 0.34117648 0.3137255 0.25490198 0.22745098 0.1764706 0.14901961 0.1882353 0.2627451 0.27450982 0.18039216 0.19607843 0.24313726 0.25882354 0.26666668 0.2627451 0.2784314 0.29411766 0.28235295 0.27450982 0.23137255 0.16862746 0.16862746 0.13333334 0.1254902 0.14901961 0.18039216 0.2
0.29411766 0.28627452 0.30588236 0.27450982 0.30980393 0.3019608 0.24705882 0.21176471 0.24313726 0.16078432 0.12941177 0.19215687 0.24313726 0.24705882 0.15294118 0.20392157 0.27058825 0.30980393 0.2901961 0.25882354 0.28235295 0.30980393 0.24313726 0.19215687 0.18039216 0.15294118 0.12156863 0.101960786 0.11372549 0.14509805 0.23921569 0.29803923
0.25490198 0.27450982 0.3019608 0.24313726 0.2509804 0.24313726 0.26666668 0.27450982 0.22745098 0.12941177 0.14901961 0.18431373 0.21176471 0.24705882 0.18039216 0.21568628 0.3372549 0.34901962 0.30980393 0.28627452 0.2784314 0.3254902 0.2784314 0.20392157 0.19215687 0.16862746 0.11372549 0.10980392 0.13725491 0.20784314 0.29411766 0.30980393
0.25490198 0.25882354 0.28627452 0.22352941 0.20784314 0.20784314 0.2627451 0.25882354 0.25882354 0.18039216 0.13333334 0.20392157 0.19607843 0.21176471 0.21960784 0.24313726 0.33333334 0.32156864 0.31764707 0.30588236 0.24705882 0.2784314 0.27450982 0.22745098 0.22745098 0.23921569 0.19607843 0.18039216 0.21960784 0.29411766 0.32156864 0.3137255
0.21960784 0.21568628 0.27450982 0.26666668 0.24705882 0.22745098 0.22352941 0.21960784 0.27058825 0.28235295 0.21568628 0.23529412 0.23529412 0.1764706 0.2627451 0.32941177 0.32941177 0.29411766 0.2784314 0.24313726 0.1882353 0.18431373 0.2 0.23137255 0.27450982 0.32941177 0.3137255 0.3019608 0.30980393 0.31764707 0.30980393 0.30980393
0.22352941 0.23137255 0.23137255 0.22745098 0.23529412 0.25490198 0.22352941 0.23921569 0.2901961 0.2627451 0.30980393 0.2627451 0.25882354 0.19215687 0.24705882 0.3019608 0.28627452 0.21960784 0.19215687 0.2 0.13725491 0.13725491 0.44705883 0.6901961 0.40392157 0.30588236 0.32156864 0.3137255 0.30980393 0.30980393 0.30980393 0.3137255
0.19215687 0.18431373 0.20784314 0.1764706 0.23137255 0.2627451 0.24705882 0.25490198 0.26666668 0.28627452 0.30588236 0.27450982 0.30980393 0.26666668 0.17254902 0.17254902 0.18039216 0.1764706 0.15686275 0.15294118 0.11764706 0.43137255 0.5882353 0.627451 0.3137255 0.25882354 0.3137255 0.30588236 0.30588236 0.30980393 0.30980393 0.3137255
0.23921569 0.19215687 0.21176471 0.23137255 0.29803923 0.30980393 0.3019608 0.33333334 0.2901961 0.30980393 0.34901962 0.32156864 0.32941177 0.34901962 0.24705882 0.14509805 0.14509805 0.15294118 0.14117648 0.1882353 0.14117648 0.5058824 0.58431375 0.31764707 0.27450982 0.30980393 0.3137255 0.3137255 0.3137255 0.30980393 0.30980393 0.3137255
0.30588236 0.2784314 0.1882353 0.2 0.27450982 0.3019608 0.3372549 0.34901962 0.30980393 0.31764707 0.3254902 0.26666668 0.27450982 0.27450982 0.2627451 0.19215687 0.15294118 0.16470589 0.24313726 0.28627452 0.10980392 0.18039216 0.11372549 0.20784314 0.31764707 0.30980393 0.30980393 0.3137255 0.30980393 0.30980393 0.30980393 0.3137255
0.28627452 0.28627452 0.24313726 0.18039216 0.21176471 0.2784314 0.26666668 0.26666668 0.2627451 0.2901961 0.28235295 0.23529412 0.21568628 0.1882353 0.18039216 0.15686275 0.16470589 0.23529412 0.29803923 0.21960784 0.14901961 0.3764706 0.09019608 0.18431373 0.31764707 0.30980393 0.3137255 0.30980393 0.30980393 0.30980393 0.30980393 0.30980393
0.23529412 0.25882354 0.3019608 0.25882354 0.18431373 0.20392157 0.20784314 0.2 0.22352941 0.21568628 0.20784314 0.1764706 0.18039216 0.19607843 0.1882353 0.15686275 0.1882353 0.21960784 0.21960784 0.22745098 0.24705882 0.45882353 0.3372549 0.2 0.3019608 0.30588236 0.30588236 0.30588236 0.30588236 0.30980393 0.30980393 0.30980393
0.25882354 0.28627452 0.31764707 0.34509805 0.2901961 0.20392157 0.18039216 0.2 0.21568628 0.2 0.15686275 0.14901961 0.19607843 0.23137255 0.23529412 0.22745098 0.21176471 0.2509804 0.2901961 0.2627451 0.2509804 0.24705882 0.37254903 0.38039216 0.29411766 0.30588236 0.3019608 0.29803923 0.3019608 0.30980393 0.3137255 0.30980393
0.21568628 0.24705882 0.27450982 0.2901961 0.3137255 0.25490198 0.15686275 0.12941177 0.1764706 0.20784314 0.22745098 0.30980393 0.40392157 0.34509805 0.3529412 0.41568628 0.36078432 0.41568628 0.42745098 0.34901962 0.3882353 0.35686275 0.36862746 0.43529412 0.3019608 0.30588236 0.30588236 0.29803923 0.29803923 0.3019608 0.30588236 0.3019608
0.2627451 0.23921569 0.25490198 0.25882354 0.27450982 0.26666668 0.24313726 0.1882353 0.15686275 0.15686275 0.23921569 0.35686275 0.5686275 0.61960787 0.3019608 0.20784314 0.23921569 0.3372549 0.44313726 0.46666667 0.4392157 0.42745098 0.3764706 0.34117648 0.2784314 0.28235295 0.28627452 0.28235295 0.2784314 0.28627452 0.2901961 0.29803923
0.29803923 0.27058825 0.29411766 0.27450982 0.22745098 0.22745098 0.25490198 0.25490198 0.23137255 0.23921569 0.25490198 0.2627451 0.34117648 0.61960787 0.6039216 0.42352942 0.39215687 0.44313726 0.58431375 0.74509805 0.60784316 0.32941177 0.3372549 0.27450982 0.2627451 0.27058825 0.27058825 0.26666668 0.27058825 0.2784314 0.27450982 0.28235295
0.28627452 0.29411766 0.27450982 0.22352941 0.18039216 0.15294118 0.19607843 0.24313726 0.25490198 0.2627451 0.2784314 0.28627452 0.2784314 0.30980393 0.49019608 0.654902 0.654902 0.6666667 0.8 0.9137255 0.8117647 0.47058824 0.3137255 0.27450982 0.2784314 0.2784314 0.2784314 0.2784314 0.28235295 0.2901961 0.28627452 0.28235295
0.2509804 0.2901961 0.23921569 0.16078432 0.14901961 0.15686275 0.1764706 0.21960784 0.25490198 0.27450982 0.2901961 0.29803923 0.30588236 0.27450982 0.28235295 0.38039216 0.4627451 0.5137255 0.6392157 0.7764706 0.5137255 0.33333334 0.26666668 0.27450982 0.2784314 0.27450982 0.27058825 0.27450982 0.28627452 0.2901961 0.28627452 0.28627452
0.18431373 0.18039216 0.21176471 0.16862746 0.15686275 0.21568628 0.23137255 0.24705882 0.26666668 0.2784314 0.28235295 0.28235295 0.2784314 0.27450982 0.27450982 0.25490198 0.2509804 0.1882353 0.2784314 0.4509804 0.28627452 0.2627451 0.27058825 0.2784314 0.28627452 0.27450982 0.27058825 0.27058825 0.28235295 0.28627452 0.28627452 0.28235295
0.27058825 0.23921569 0.24313726 0.18039216 0.1764706 0.20392157 0.23921569 0.25882354 0.25882354 0.25882354 0.2509804 0.24313726 0.24705882 0.25882354 0.2627451 0.2627451 0.25882354 0.17254902 0.23529412 0.32156864 0.28627452 0.2901961 0.2901961 0.2901961 0.28235295 0.2784314 0.2784314 0.28235295 0.28235295 0.2901961 0.3019608 0.30980393
0.28235295 0.2784314 0.2901961 0.2509804 0.21568628 0.2 0.22745098 0.26666668 0.2627451 0.2509804 0.24313726 0.23921569 0.25490198 0.2627451 0.2509804 0.24705882 0.22352941 0.1882353 0.25882354 0.27450982 0.26666668 0.2784314 0.27058825 0.26666668 0.27058825 0.28627452 0.30588236 0.30588236 0.3019608 0.30588236 0.30980393 0.3137255
0.27450982 0.28235295 0.2901961 0.25882354 0.2509804 0.28627452 0.29803923 0.29803923 0.27058825 0.27450982 0.26666668 0.2509804 0.26666668 0.2784314 0.25490198 0.24705882 0.22352941 0.18039216 0.21176471 0.21568628 0.23921569 0.23137255 0.24705882 0.2509804 0.27450982 0.30588236 0.3137255 0.31764707 0.30980393 0.3019608 0.30588236 0.30588236
0.2627451 0.2784314 0.3019608 0.27058825 0.27058825 0.30980393 0.30588236 0.29411766 0.29411766 0.3019608 0.3019608 0.28627452 0.28627452 0.2901961 0.2784314 0.2627451 0.22352941 0.14117648 0.14509805 0.13725491 0.1764706 0.19215687 0.23137255 0.23529412 0.2509804 0.28627452 0.29411766 0.29803923 0.29803923 0.29411766 0.2901961 0.29411766
0.29411766 0.28627452 0.3019608 0.2901961 0.2784314 0.28627452 0.27450982 0.27058825 0.2901961 0.32156864 0.32941177 0.31764707 0.3137255 0.3019608 0.29411766 0.27450982 0.25882354 0.16862746 0.1254902 0.1882353 0.23529412 0.25490198 0.27450982 0.2784314 0.28235295 0.2901961 0.29411766 0.3019608 0.29411766 0.2901961 0.29411766 0.2901961
0.29803923 0.29803923 0.28235295 0.26666668 0.25882354 0.26666668 0.2784314 0.28627452 0.28235295 0.29411766 0.30588236 0.30980393 0.28627452 0.2901961 0.30588236 0.30980393 0.30588236 0.19607843 0.09411765 0.23137255 0.29411766 0.29803923 0.29411766 0.28235295 0.28627452 0.29411766 0.29803923 0.29803923 0.3019608 0.30980393 0.3019608 0.28627452
0.2784314 0.28627452 0.2901961 0.29411766 0.27450982 0.2901961 0.28627452 0.2509804 0.25490198 0.2627451 0.25490198 0.23921569 0.23529412 0.25882354 0.3019608 0.31764707 0.30588236 0.18039216 0.1254902 0.25882354 0.27450982 0.27450982 0.28627452 0.29803923 0.28627452 0.27450982 0.26666668 0.27058825 0.2784314 0.29411766 0.29411766 0.19607843
0.28235295 0.29411766 0.3019608 0.29803923 0.30588236 0.3137255 0.29411766 0.26666668 0.2627451 0.25882354 0.23921569 0.23137255 0.24705882 0.25882354 0.29411766 0.31764707 0.3137255 0.2784314 0.27058825 0.27450982 0.25882354 0.26666668 0.2784314 0.28235295 0.25490198 0.25490198 0.2627451 0.25490198 0.23529412 0.21176471 0.1882353 0.15294118
0.3137255 0.3137255 0.3137255 0.30980393 0.30980393 0.3019608 0.28627452 0.27058825 0.2784314 0.28235295 0.26666668 0.26666668 0.2901961 0.2901961 0.28235295 0.28627452 0.3254902 0.34117648 0.2901961 0.2627451 0.27450982 0.28627452 0.2627451 0.24313726 0.25490198 0.2627451 0.2627451 0.25490198 0.22745098 0.21176471 0.20784314 0.20784314
0.32941177 0.33333334 0.3372549 0.33333334 0.32156864 0.28627452 0.28235295 0.25882354 0.26666668 0.2784314 0.29803923 0.29411766 0.3019608 0.2784314 0.27058825 0.27058825 0.28627452 0.30588236 0.25882354 0.25490198 0.29803923 0.3254902 0.2901961 0.26666668 0.2509804 0.2509804 0.24313726 0.23137255 0.23529412 0.21176471 0.2 0.16862746
0.32156864 0.32156864 0.3137255 0.3137255 0.31764707 0.3019608 0.28235295 0.26666668 0.28235295 0.2784314 0.2901961 0.28235295 0.30980393 0.26666668 0.25882354 0.2627451 0.27058825 0.28235295 0.25882354 0.2509804 0.28627452 0.29803923 0.28235295 0.27058825 0.24705882 0.23529412 0.21568628 0.20392157 0.19215687 0.15686275 0.16862746 0.16470589
0.34901962 0.34117648 0.31764707 0.3137255 0.30980393 0.32156864 0.29411766 0.3019608 0.3137255 0.29411766 0.2784314 0.27450982 0.28235295 0.2509804 0.2627451 0.24705882 0.2509804 0.28627452 0.27450982 0.2627451 0.2509804 0.2509804 0.27058825 0.2509804 0.23529412 0.23529412 0.23137255 0.19215687 0.16078432 0.1764706 0.19607843 0.2
0.34509805 0.3647059 0.37254903 0.37254903 0.3647059 0.3647059 0.36862746 0.3647059 0.34901962 0.3137255 0.26666668 0.20784314 0.18039216 0.23921569 0.20784314 0.14509805 0.13725491 0.11764706 0.15294118 0.17254902 0.13333334 0.15294118 0.20392157 0.2 0.20392157 0.18431373 0.17254902 0.078431375 0.06666667 0.11764706 0.09803922 0.08627451
0.37254903 0.38039216 0.38039216 0.3882353 0.3882353 0.3882353 0.3882353 0.3647059 0.2901961 0.21176471 0.14901961 0.1254902 0.1764706 0.23137255 0.16078432 0.12941177 0.13725491 0.1254902 0.14117648 0.16470589 0.13725491 0.14509805 0.18039216 0.19215687 0.17254902 0.1254902 0.11764706 0.07450981 0.03529412 0.043137256 0.05882353 0.050980393
0.3372549 0.3372549 0.3254902 0.33333334 0.3529412 0.3529412 0.32941177 0.2509804 0.1882353 0.1254902 0.08235294 0.105882354 0.17254902 0.18431373 0.08627451 0.101960786 0.12941177 0.13725491 0.15294118 0.15294118 0.14901961 0.15294118 0.14509805 0.14117648 0.105882354 0.0627451 0.0627451 0.03137255 0.019607844 0.03529412 0.11372549 0.15294118
0.23137255 0.21960784 0.22745098 0.21568628 0.2627451 0.2509804 0.2 0.14117648 0.14117648 0.07058824 0.05490196 0.11372549 0.14117648 0.14117648 0.050980393 0.09803922 0.14509805 0.18431373 0.17254902 0.14901961 0.15686275 0.17254902 0.11372549 0.0627451 0.07450981 0.06666667 0.03529412 0.011764706 0.015686275 0.06666667 0.23137255 0.31764707
0.16470589 0.18431373 0.2 0.14901961 0.15686275 0.14901961 0.1764706 0.18039216 0.12941177 0.043137256 0.078431375 0.11372549 0.11372549 0.13725491 0.0627451 0.09411765 0.2 0.21176471 0.18431373 0.1882353 0.16862746 0.20784314 0.16862746 0.09803922 0.08627451 0.06666667 0.019607844 0.011764706 0.050980393 0.1882353 0.32156864 0.35686275
0.16078432 0.17254902 0.19607843 0.1254902 0.101960786 0.09803922 0.15294118 0.16470589 0.1764706 0.101960786 0.05490196 0.11764706 0.09411765 0.09803922 0.09411765 0.105882354 0.18431373 0.16078432 0.16862746 0.19215687 0.14509805 0.18039216 0.18431373 0.14117648 0.13725491 0.16078432 0.1254902 0.11764706 0.18431373 0.32156864 0.3529412 0.34509805
0.12941177 0.12941177 0.1882353 0.17254902 0.14901961 0.12941177 0.1254902 0.12156863 0.17254902 0.18431373 0.11764706 0.13333334 0.12941177 0.0627451 0.14901961 0.20784314 0.20784314 0.14901961 0.12156863 0.101960786 0.08235294 0.10980392 0.14117648 0.16862746 0.22352941 0.30588236 0.29803923 0.29803923 0.31764707 0.34509805 0.34117648 0.34117648
0.12941177 0.14509805 0.14117648 0.13725491 0.13725491 0.15686275 0.1254902 0.13333334 0.1764706 0.15294118 0.2 0.14901961 0.14117648 0.078431375 0.13333334 0.2 0.18431373 0.09411765 0.043137256 0.05882353 0.05490196 0.09803922 0.41960785 0.65882355 0.3882353 0.3254902 0.34901962 0.3529412 0.35686275 0.34509805 0.34117648 0.34509805
0.101960786 0.101960786 0.12156863 0.07450981 0.11372549 0.14901961 0.13333334 0.13725491 0.14509805 0.16470589 0.18039216 0.14901961 0.1764706 0.14117648 0.0627451 0.078431375 0.09411765 0.07058824 0.047058824 0.06666667 0.07450981 0.41960785 0.5882353 0.627451 0.31764707 0.2784314 0.34509805 0.3529412 0.3529412 0.34117648 0.34117648 0.34509805
0.14509805 0.105882354 0.12156863 0.12156863 0.16470589 0.18039216 0.17254902 0.2 0.15686275 0.18039216 0.21960784 0.1882353 0.18039216 0.21568628 0.13725491 0.047058824 0.050980393 0.0627451 0.07450981 0.16078432 0.14117648 0.50980395 0.6 0.33333334 0.2901961 0.3254902 0.33333334 0.34509805 0.34901962 0.34117648 0.34117648 0.34509805
0.21176471 0.19215687 0.09803922 0.09019608 0.14509805 0.17254902 0.20392157 0.20784314 0.16470589 0.18039216 0.19215687 0.13333334 0.12941177 0.14117648 0.15294118 0.09803922 0.03137255 0.07450981 0.21568628 0.29411766 0.1254902 0.18039216 0.11764706 0.23137255 0.34901962 0.3372549 0.34117648 0.34509805 0.34509805 0.34117648 0.34117648 0.34509805
0.19607843 0.19607843 0.15294118 0.08235294 0.09803922 0.16078432 0.14901961 0.14901961 0.14509805 0.16862746 0.15294118 0.101960786 0.08627451 0.07450981 0.08627451 0.07058824 0.07450981 0.18039216 0.2901961 0.22352941 0.14901961 0.36862746 0.09019608 0.21176471 0.35686275 0.34509805 0.34901962 0.34901962 0.34509805 0.34117648 0.34117648 0.34117648
0.12941177 0.16078432 0.2 0.16078432 0.08627451 0.11372549 0.12156863 0.12156863 0.14509805 0.1254902 0.09803922 0.0627451 0.08627451 0.11372549 0.11764706 0.101960786 0.14901961 0.21176471 0.22352941 0.21568628 0.23137255 0.44313726 0.33333334 0.22745098 0.34509805 0.34117648 0.34117648 0.34117648 0.34117648 0.34117648 0.34117648 0.34117648
0.14117648 0.1764706 0.20392157 0.23921569 0.19215687 0.12156863 0.11372549 0.14117648 0.15294118 0.13333334 0.08235294 0.08235294 0.14509805 0.1882353 0.2 0.19607843 0.19607843 0.25882354 0.3019608 0.24705882 0.22745098 0.23137255 0.3647059 0.40392157 0.33333334 0.34117648 0.3372549 0.3372549 0.3372549 0.34117648 0.34509805 0.34117648
0.09411765 0.13333334 0.15294118 0.17254902 0.2 0.16862746 0.09803922 0.06666667 0.10980392 0.15686275 0.19607843 0.2901961 0.38431373 0.3254902 0.3372549 0.39607844 0.34117648 0.41568628 0.43529412 0.33333334 0.37254903 0.34509805 0.36078432 0.4509804 0.33333334 0.34117648 0.34117648 0.33333334 0.33333334 0.33333334 0.3372549 0.33333334
0.12941177 0.10980392 0.12156863 0.1254902 0.14901961 0.16862746 0.17254902 0.11764706 0.09019608 0.11372549 0.23137255 0.36078432 0.5529412 0.6039216 0.29411766 0.19215687 0.20784314 0.32156864 0.44313726 0.44705883 0.4117647 0.40784314 0.36862746 0.35686275 0.30588236 0.31764707 0.32156864 0.31764707 0.3137255 0.31764707 0.32156864 0.32941177
0.16078432 0.14117648 0.16078432 0.14509805 0.101960786 0.1254902 0.1764706 0.1882353 0.18039216 0.21176471 0.25882354 0.27450982 0.32941177 0.60784316 0.5882353 0.4 0.34509805 0.41960785 0.5764706 0.7137255 0.5647059 0.30588236 0.3372549 0.29411766 0.29411766 0.30588236 0.30588236 0.3019608 0.30588236 0.30980393 0.30588236 0.3137255
0.16078432 0.18039216 0.15294118 0.105882354 0.07058824 0.06666667 0.13333334 0.20392157 0.23529412 0.2627451 0.3019608 0.31764707 0.28627452 0.30588236 0.47058824 0.61960787 0.6117647 0.6313726 0.77254903 0.8784314 0.78431374 0.4627451 0.32156864 0.3019608 0.31764707 0.3137255 0.3137255 0.3137255 0.31764707 0.32156864 0.31764707 0.3137255
0.14509805 0.1882353 0.13333334 0.0627451 0.0627451 0.09411765 0.13725491 0.20392157 0.25882354 0.2901961 0.3254902 0.3372549 0.32941177 0.28235295 0.27058825 0.3529412 0.43137255 0.47843137 0.6039216 0.7529412 0.50980395 0.34117648 0.28627452 0.30588236 0.31764707 0.30980393 0.30588236 0.30980393 0.32156864 0.32156864 0.31764707 0.31764707
0.09411765 0.09019608 0.12156863 0.09019608 0.09411765 0.1764706 0.21176471 0.24705882 0.28235295 0.3019608 0.3137255 0.31764707 0.30588236 0.29411766 0.28235295 0.25882354 0.2509804 0.16862746 0.25490198 0.45490196 0.30588236 0.28627452 0.3019608 0.3137255 0.32156864 0.3137255 0.30588236 0.30980393 0.31764707 0.31764707 0.31764707 0.3137255
0.1764706 0.14901961 0.14901961 0.09803922 0.11764706 0.17254902 0.23137255 0.26666668 0.2784314 0.2784314 0.2784314 0.27058825 0.27058825 0.28235295 0.2901961 0.2901961 0.28627452 0.1764706 0.23137255 0.34509805 0.31764707 0.32156864 0.3254902 0.32941177 0.32156864 0.3137255 0.3137255 0.3137255 0.3137255 0.3254902 0.3372549 0.34117648
0.17254902 0.16862746 0.16470589 0.13725491 0.14117648 0.18039216 0.22745098 0.27450982 0.29803923 0.2784314 0.26666668 0.2627451 0.28235295 0.2901961 0.2784314 0.2784314 0.27058825 0.21960784 0.27058825 0.29803923 0.28235295 0.29411766 0.29411766 0.3019608 0.3019608 0.30980393 0.3254902 0.32941177 0.32941177 0.3529412 0.34901962 0.34509805
0.16078432 0.16470589 0.15686275 0.15294118 0.19215687 0.2784314 0.30980393 0.3137255 0.3019608 0.30588236 0.29803923 0.28235295 0.29411766 0.3019608 0.2784314 0.27058825 0.2509804 0.19607843 0.20784314 0.21568628 0.23529412 0.23137255 0.25490198 0.27450982 0.29803923 0.32156864 0.33333334 0.3372549 0.33333334 0.34509805 0.34117648 0.32941177
0.15294118 0.16470589 0.17254902 0.18431373 0.21960784 0.2901961 0.30980393 0.30588236 0.30980393 0.3254902 0.3372549 0.32156864 0.3019608 0.30588236 0.29803923 0.28235295 0.23529412 0.13333334 0.11764706 0.11372549 0.16078432 0.1882353 0.23137255 0.24705882 0.27058825 0.30588236 0.3137255 0.31764707 0.3254902 0.3254902 0.32156864 0.3137255
0.1882353 0.1764706 0.1764706 0.2 0.20784314 0.21568628 0.23137255 0.2509804 0.2784314 0.3254902 0.3529412 0.34509805 0.32156864 0.30588236 0.29803923 0.28235295 0.26666668 0.16078432 0.09411765 0.16078432 0.22352941 0.2509804 0.28235295 0.29803923 0.3019608 0.30980393 0.3137255 0.31764707 0.31764707 0.31764707 0.3137255 0.3019608
0.19215687 0.1882353 0.16078432 0.16470589 0.14509805 0.14509805 0.18431373 0.22352941 0.23921569 0.26666668 0.30980393 0.32156864 0.28235295 0.28235295 0.29803923 0.3019608 0.31764707 0.19607843 0.078431375 0.21960784 0.2901961 0.30588236 0.30980393 0.30980393 0.3137255 0.30980393 0.3137255 0.3137255 0.31764707 0.3254902 0.31764707 0.28627452
0.16862746 0.17254902 0.16862746 0.1764706 0.14901961 0.16862746 0.1764706 0.16078432 0.17254902 0.1882353 0.19215687 0.18039216 0.16078432 0.18431373 0.22352941 0.24705882 0.25490198 0.13725491 0.078431375 0.21960784 0.2509804 0.26666668 0.28627452 0.30980393 0.28627452 0.25490198 0.23921569 0.23137255 0.23921569 0.27450982 0.27450982 0.17254902
0.17254902 0.1764706 0.18431373 0.18039216 0.1882353 0.20392157 0.1882353 0.16078432 0.16078432 0.15686275 0.13725491 0.1254902 0.12941177 0.14117648 0.17254902 0.2 0.20392157 0.18039216 0.18039216 0.19607843 0.1882353 0.20784314 0.22745098 0.24313726 0.21176471 0.19607843 0.19215687 0.16862746 0.14901961 0.14901961 0.13333334 0.09803922
0.20392157 0.1882353 0.19215687 0.1882353 0.18431373 0.1882353 0.1764706 0.16078432 0.17254902 0.1764706 0.16078432 0.15686275 0.1764706 0.1764706 0.16862746 0.17254902 0.2 0.21960784 0.18039216 0.16470589 0.16862746 0.1764706 0.16470589 0.15294118 0.17254902 0.1764706 0.17254902 0.16078432 0.13333334 0.12941177 0.1254902 0.1254902
0.20784314 0.20392157 0.20784314 0.20392157 0.19215687 0.16862746 0.16470589 0.14117648 0.14901961 0.16078432 0.18039216 0.1764706 0.19215687 0.16470589 0.16078432 0.15686275 0.15686275 0.17254902 0.13725491 0.14509805 0.17254902 0.19215687 0.16862746 0.15686275 0.14509805 0.14509805 0.14117648 0.13725491 0.14509805 0.12156863 0.10980392 0.078431375
0.1882353 0.18039216 0.17254902 0.1764706 0.18039216 0.18039216 0.16078432 0.14117648 0.15294118 0.15294118 0.16078432 0.16078432 0.2 0.15686275 0.14901961 0.15294118 0.14901961 0.16470589 0.15294118 0.15294118 0.16862746 0.1764706 0.16862746 0.16862746 0.14509805 0.1254902 0.12156863 0.12156863 0.11372549 0.07450981 0.09019608 0.08627451
0.20784314 0.19215687 0.16470589 0.16862746 0.17254902 0.2 0.17254902 0.18039216 0.1882353 0.16470589 0.14901961 0.14509805 0.16078432 0.13725491 0.15294118 0.13725491 0.14117648 0.18039216 0.1764706 0.1764706 0.15294118 0.14901961 0.1764706 0.16470589 0.14117648 0.13725491 0.14117648 0.11372549 0.09019608 0.101960786 0.12156863 0.12941177
2 26 0
