32, 32, 3, 1
0.85490197 0.84705883 0.827451 0.8156863 0.76862746 0.7058824 0.69411767 0.73333335 0.72156864 0.654902 0.60784316 0.57254905 0.5137255 0.45882353 0.41568628 0.3764706 0.41568628 0.5019608 0.5058824 0.17254902 0.03529412 0.050980393 0.05490196 0.4117647 0.5764706 0.48235294 0.5058824 0.6 0.6431373 0.64705884 0.5882353 0.4862745
0.88235295 0.8666667 0.85882354 0.8666667 0.84705883 0.80784315 0.7882353 0.7882353 0.74509805 0.6745098 0.627451 0.6 0.5372549 0.47843137 0.4509804 0.41960785 0.45490196 0.5294118 0.32156864 0.02745098 0.050980393 0.043137256 0.12156863 0.59607846 0.6392157 0.5372549 0.5647059 0.627451 0.64705884 0.61960787 0.5568628 0.4862745
0.8980392 0.8745098 0.87058824 0.8784314 0.87058824 0.85490197 0.84705883 0.83137256 0.7764706 0.7294118 0.65882355 0.62352943 0.5568628 0.52156866 0.5254902 0.49803922 0.53333336 0.4117647 0.08627451 0.02745098 0.05882353 0.043137256 0.27058825 0.69411767 0.64705884 0.58431375 0.61960787 0.654902 0.6862745 0.65882355 0.6117647 0.5647059
0.90588236 0.8862745 0.87058824 0.8745098 0.8745098 0.8745098 0.8784314 0.85882354 0.81960785 0.79607844 0.70980394 0.63529414 0.57254905 0.5568628 0.6 0.5921569 0.5568628 0.17254902 0.015686275 0.039215688 0.050980393 0.047058824 0.44705883 0.74509805 0.6666667 0.6431373 0.68235296 0.7019608 0.7254902 0.69803923 0.67058825 0.6431373
0.9137255 0.9019608 0.8784314 0.87058824 0.88235295 0.8862745 0.8901961 0.88235295 0.85882354 0.827451 0.75686276 0.6627451 0.6156863 0.63529414 0.6862745 0.69411767 0.43137255 0.03137255 0.03137255 0.043137256 0.039215688 0.08627451 0.5921569 0.7647059 0.7019608 0.6784314 0.7137255 0.74509805 0.7607843 0.7372549 0.7137255 0.72156864
0.9137255 0.9019608 0.8901961 0.88235295 0.8862745 0.89411765 0.8980392 0.89411765 0.8784314 0.8352941 0.76862746 0.69411767 0.6862745 0.74509805 0.7764706 0.77254903 0.3764706 0.015686275 0.039215688 0.043137256 0.02745098 0.16862746 0.72156864 0.7921569 0.7372549 0.6901961 0.70980394 0.76862746 0.78039217 0.7607843 0.7490196 0.7647059
0.9019608 0.89411765 0.8980392 0.8980392 0.89411765 0.8980392 0.90588236 0.8980392 0.88235295 0.8392157 0.7490196 0.69803923 0.7254902 0.78431374 0.83137256 0.827451 0.41960785 0.015686275 0.047058824 0.043137256 0.023529412 0.25882354 0.8117647 0.8235294 0.77254903 0.7176471 0.7176471 0.7647059 0.77254903 0.7647059 0.7647059 0.7882353
0.8901961 0.8901961 0.90588236 0.9098039 0.90588236 0.9019608 0.90588236 0.8980392 0.88235295 0.84705883 0.7372549 0.6745098 0.72156864 0.8 0.85490197 0.85490197 0.43137255 0.019607844 0.050980393 0.043137256 0.019607844 0.3647059 0.8666667 0.85490197 0.8117647 0.7607843 0.7490196 0.74509805 0.7411765 0.7647059 0.78039217 0.8039216
0.8862745 0.8901961 0.90588236 0.91764706 0.9137255 0.90588236 0.9019608 0.8980392 0.8901961 0.85490197 0.7607843 0.7058824 0.7647059 0.8392157 0.87058824 0.8745098 0.40784314 0.019607844 0.050980393 0.043137256 0.02745098 0.49803922 0.90588236 0.88235295 0.87058824 0.83137256 0.8 0.77254903 0.7411765 0.77254903 0.7921569 0.8117647
0.8901961 0.8862745 0.8980392 0.9137255 0.91764706 0.9098039 0.9019608 0.89411765 0.88235295 0.84705883 0.7921569 0.7490196 0.78039217 0.85490197 0.8784314 0.8862745 0.35686275 0.023529412 0.050980393 0.043137256 0.05490196 0.627451 0.9411765 0.92156863 0.91764706 0.88235295 0.85882354 0.8235294 0.7882353 0.80784315 0.8352941 0.8509804
0.8862745 0.8862745 0.8901961 0.90588236 0.9098039 0.90588236 0.90588236 0.89411765 0.87058824 0.8352941 0.79607844 0.7607843 0.77254903 0.83137256 0.85490197 0.8352941 0.28235295 0.019607844 0.05490196 0.039215688 0.1254902 0.75686276 0.9372549 0.9490196 0.95686275 0.92941177 0.9098039 0.8745098 0.84705883 0.85490197 0.8862745 0.9019608
0.8784314 0.8784314 0.8784314 0.89411765 0.8980392 0.89411765 0.8980392 0.8862745 0.87058824 0.8235294 0.7764706 0.7529412 0.76862746 0.79607844 0.8235294 0.7372549 0.15686275 0.023529412 0.05882353 0.03137255 0.2901961 0.8627451 0.90588236 0.9529412 0.972549 0.9607843 0.9490196 0.92156863 0.88235295 0.8862745 0.91764706 0.92941177
0.8784314 0.8745098 0.8745098 0.8784314 0.8784314 0.8862745 0.89411765 0.87058824 0.85490197 0.8156863 0.7647059 0.7490196 0.7647059 0.78039217 0.8117647 0.54509807 0.047058824 0.043137256 0.05882353 0.05490196 0.54509807 0.90588236 0.89411765 0.9529412 0.98039216 0.972549 0.96862745 0.94509804 0.9137255 0.9137255 0.92941177 0.9411765
0.88235295 0.88235295 0.8784314 0.8627451 0.8627451 0.87058824 0.8784314 0.8509804 0.81960785 0.78039217 0.7529412 0.74509805 0.7607843 0.77254903 0.78039217 0.2784314 0.015686275 0.050980393 0.043137256 0.14117648 0.7607843 0.90588236 0.9019608 0.95686275 0.98039216 0.9764706 0.972549 0.9607843 0.9411765 0.92941177 0.93333334 0.9529412
0.8745098 0.8745098 0.87058824 0.8509804 0.8509804 0.8509804 0.84313726 0.8235294 0.7764706 0.7411765 0.73333335 0.7294118 0.7490196 0.7607843 0.52156866 0.08235294 0.050980393 0.047058824 0.02745098 0.28235295 0.8627451 0.90588236 0.91764706 0.9529412 0.96862745 0.9764706 0.9764706 0.9607843 0.9372549 0.93333334 0.94509804 0.95686275
0.8666667 0.8627451 0.85882354 0.84313726 0.8352941 0.827451 0.8156863 0.79607844 0.75686276 0.7176471 0.70980394 0.70980394 0.7254902 0.6666667 0.21568628 0.043137256 0.050980393 0.039215688 0.02745098 0.40392157 0.88235295 0.9019608 0.91764706 0.9372549 0.95686275 0.96862745 0.96862745 0.9529412 0.92941177 0.92941177 0.93333334 0.9529412
0.85490197 0.8392157 0.83137256 0.8235294 0.8117647 0.8 0.7882353 0.7764706 0.7411765 0.6745098 0.6509804 0.6313726 0.5686275 0.5294118 0.27058825 0.05490196 0.03529412 0.03137255 0.047058824 0.4862745 0.87058824 0.90588236 0.93333334 0.93333334 0.9411765 0.95686275 0.9607843 0.94509804 0.92941177 0.92941177 0.92941177 0.9529412
0.8235294 0.8 0.78431374 0.78039217 0.78039217 0.7607843 0.75686276 0.7529412 0.7058824 0.6313726 0.6 0.5921569 0.5686275 0.5137255 0.44313726 0.21568628 0.13333334 0.03137255 0.05882353 0.44313726 0.8509804 0.8980392 0.9254902 0.93333334 0.9372549 0.9529412 0.9529412 0.9372549 0.92156863 0.92941177 0.94509804 0.9647059
0.78431374 0.75686276 0.7372549 0.73333335 0.7372549 0.7176471 0.7294118 0.73333335 0.654902 0.59607846 0.5764706 0.6 0.4862745 0.3882353 0.5686275 0.54901963 0.37254903 0.050980393 0.05882353 0.3882353 0.8392157 0.9098039 0.93333334 0.9254902 0.92941177 0.9411765 0.9490196 0.92941177 0.9137255 0.93333334 0.9607843 0.98039216
0.7490196 0.7137255 0.6862745 0.68235296 0.68235296 0.68235296 0.7137255 0.7019608 0.6117647 0.5647059 0.54901963 0.5372549 0.24313726 0.09411765 0.3529412 0.54509807 0.49411765 0.15686275 0.02745098 0.22352941 0.48235294 0.627451 0.76862746 0.8901961 0.9372549 0.94509804 0.94509804 0.92941177 0.91764706 0.93333334 0.972549 0.99215686
0.72156864 0.6784314 0.6392157 0.6156863 0.62352943 0.6431373 0.6627451 0.6313726 0.5764706 0.5294118 0.5176471 0.36862746 0.06666667 0.03529412 0.0627451 0.21568628 0.3529412 0.1764706 0.03137255 0.050980393 0.09803922 0.1882353 0.3019608 0.43137255 0.6627451 0.8666667 0.9490196 0.9372549 0.92941177 0.94509804 0.98039216 1.0
0.7019608 0.6509804 0.6039216 0.5647059 0.57254905 0.6 0.6 0.5411765 0.5254902 0.49019608 0.41568628 0.1254902 0.023529412 0.05490196 0.039215688 0.02745098 0.09019608 0.078431375 0.03529412 0.043137256 0.0627451 0.105882354 0.16470589 0.16078432 0.32156864 0.54509807 0.84313726 0.94509804 0.93333334 0.9490196 0.9843137 1.0
0.6784314 0.6392157 0.5921569 0.50980395 0.5294118 0.5764706 0.54901963 0.4862745 0.49803922 0.41568628 0.16078432 0.023529412 0.047058824 0.05882353 0.039215688 0.0627451 0.12941177 0.078431375 0.043137256 0.047058824 0.043137256 0.09411765 0.30980393 0.6313726 0.72156864 0.78039217 0.8509804 0.9372549 0.94509804 0.9607843 0.98039216 1.0
0.64705884 0.63529414 0.5882353 0.49019608 0.5294118 0.5568628 0.49803922 0.47058824 0.45882353 0.1764706 0.023529412 0.05490196 0.08235294 0.05882353 0.0627451 0.3137255 0.47058824 0.25490198 0.06666667 0.05490196 0.10980392 0.49019608 0.7647059 0.9254902 0.93333334 0.93333334 0.92156863 0.92156863 0.9529412 0.96862745 0.98039216 0.99607843
0.6392157 0.62352943 0.5803922 0.5019608 0.5137255 0.5176471 0.49019608 0.41568628 0.19607843 0.03529412 0.050980393 0.08235294 0.09019608 0.05490196 0.24313726 0.4509804 0.5294118 0.40784314 0.105882354 0.050980393 0.27058825 0.8156863 0.9098039 0.9019608 0.9019608 0.9019608 0.9098039 0.91764706 0.9529412 0.9764706 0.9843137 0.99607843
0.62352943 0.5882353 0.54509807 0.49803922 0.48235294 0.49019608 0.46666667 0.2 0.02745098 0.050980393 0.0627451 0.08627451 0.07058824 0.13725491 0.39215687 0.44313726 0.52156866 0.49411765 0.16470589 0.05490196 0.4392157 0.8509804 0.8980392 0.90588236 0.8980392 0.90588236 0.92156863 0.93333334 0.9529412 0.9764706 0.9882353 0.99607843
0.57254905 0.5372549 0.5254902 0.5176471 0.48235294 0.48235294 0.35686275 0.05882353 0.047058824 0.07058824 0.06666667 0.07450981 0.08627451 0.30588236 0.44313726 0.4745098 0.5058824 0.5529412 0.30588236 0.078431375 0.5176471 0.8666667 0.88235295 0.8901961 0.89411765 0.9019608 0.92941177 0.9529412 0.9647059 0.9764706 0.9882353 0.99607843
0.5254902 0.50980395 0.5254902 0.5294118 0.4862745 0.45882353 0.20392157 0.03529412 0.07058824 0.08235294 0.078431375 0.043137256 0.22352941 0.4509804 0.48235294 0.5176471 0.5137255 0.58431375 0.46666667 0.1254902 0.53333336 0.8666667 0.8509804 0.8666667 0.8862745 0.90588236 0.9254902 0.94509804 0.96862745 0.9843137 0.9882353 0.9882353
0.5058824 0.5019608 0.52156866 0.5254902 0.49803922 0.41568628 0.09803922 0.043137256 0.078431375 0.08235294 0.11764706 0.20392157 0.43137255 0.5058824 0.5372549 0.5529412 0.5568628 0.6039216 0.6117647 0.23137255 0.48235294 0.8509804 0.84705883 0.8627451 0.88235295 0.8980392 0.9019608 0.9137255 0.9490196 0.9764706 0.96862745 0.9529412
0.5058824 0.49803922 0.5058824 0.50980395 0.5019608 0.34509805 0.05882353 0.05490196 0.07450981 0.0627451 0.09803922 0.38431373 0.5137255 0.5176471 0.5568628 0.5647059 0.5882353 0.6117647 0.68235296 0.46666667 0.4 0.8235294 0.84313726 0.87058824 0.8784314 0.8745098 0.8745098 0.8862745 0.9098039 0.94509804 0.9372549 0.9019608
0.5137255 0.49019608 0.5058824 0.5137255 0.5137255 0.23137255 0.03137255 0.07058824 0.07058824 0.039215688 0.23137255 0.4627451 0.5019608 0.5294118 0.54509807 0.56078434 0.5921569 0.59607846 0.6784314 0.72156864 0.4862745 0.7294118 0.84313726 0.87058824 0.8862745 0.8745098 0.87058824 0.87058824 0.8784314 0.9137255 0.9098039 0.87058824
0.5137255 0.49411765 0.5058824 0.53333336 0.47843137 0.1254902 0.050980393 0.08235294 0.078431375 0.23921569 0.52156866 0.5254902 0.5019608 0.5372549 0.5411765 0.5372549 0.54901963 0.56078434 0.64705884 0.7529412 0.6509804 0.68235296 0.8352941 0.8627451 0.8784314 0.88235295 0.8745098 0.87058824 0.8666667 0.8862745 0.8901961 0.87058824
0.8039216 0.79607844 0.76862746 0.75686276 0.7254902 0.6784314 0.6666667 0.69411767 0.69411767 0.63529414 0.6 0.5803922 0.53333336 0.49411765 0.4745098 0.44705883 0.4745098 0.5294118 0.5254902 0.1882353 0.039215688 0.039215688 0.050980393 0.4117647 0.58431375 0.5176471 0.53333336 0.59607846 0.61960787 0.62352943 0.5882353 0.5137255
0.83137256 0.8156863 0.79607844 0.79607844 0.78431374 0.75686276 0.7411765 0.74509805 0.70980394 0.6431373 0.60784316 0.59607846 0.5529412 0.5058824 0.4862745 0.47058824 0.4862745 0.5372549 0.32941177 0.03529412 0.039215688 0.02745098 0.10980392 0.58431375 0.6313726 0.54901963 0.57254905 0.6117647 0.61960787 0.60784316 0.56078434 0.50980395
0.8392157 0.81960785 0.80784315 0.80784315 0.8 0.7882353 0.7882353 0.78039217 0.73333335 0.6901961 0.627451 0.6039216 0.56078434 0.53333336 0.5372549 0.52156866 0.54901963 0.4117647 0.09019608 0.03137255 0.043137256 0.02745098 0.2509804 0.6666667 0.627451 0.5764706 0.6039216 0.627451 0.64705884 0.6431373 0.60784316 0.57254905
0.84705883 0.8235294 0.8039216 0.8156863 0.8117647 0.80784315 0.8117647 0.8 0.7647059 0.7490196 0.67058825 0.60784316 0.5647059 0.56078434 0.59607846 0.59607846 0.5647059 0.17254902 0.019607844 0.043137256 0.047058824 0.043137256 0.42352942 0.70980394 0.63529414 0.6117647 0.64705884 0.65882355 0.68235296 0.6666667 0.64705884 0.6313726
0.8509804 0.8352941 0.8117647 0.8156863 0.81960785 0.8235294 0.8235294 0.81960785 0.8 0.77254903 0.7137255 0.63529414 0.59607846 0.61960787 0.6627451 0.6784314 0.42745098 0.03529412 0.039215688 0.043137256 0.039215688 0.08235294 0.5647059 0.7254902 0.6627451 0.6392157 0.6745098 0.7019608 0.70980394 0.69411767 0.67058825 0.68235296
0.84705883 0.8352941 0.8235294 0.8156863 0.81960785 0.827451 0.83137256 0.827451 0.8156863 0.7764706 0.7294118 0.6745098 0.65882355 0.69411767 0.72156864 0.7254902 0.3529412 0.015686275 0.039215688 0.039215688 0.02745098 0.16078432 0.6862745 0.7490196 0.69411767 0.654902 0.6784314 0.7254902 0.7294118 0.7137255 0.7019608 0.72156864
0.8352941 0.827451 0.83137256 0.83137256 0.827451 0.83137256 0.8352941 0.827451 0.8156863 0.7764706 0.7058824 0.6745098 0.69411767 0.73333335 0.77254903 0.7764706 0.39607844 0.015686275 0.043137256 0.039215688 0.019607844 0.23921569 0.7607843 0.77254903 0.72156864 0.6745098 0.6784314 0.7176471 0.7176471 0.7137255 0.7176471 0.7372549
0.8235294 0.8235294 0.8392157 0.84705883 0.84313726 0.8392157 0.8352941 0.827451 0.81960785 0.7882353 0.6901961 0.6431373 0.6901961 0.74509805 0.79607844 0.8039216 0.40392157 0.015686275 0.047058824 0.039215688 0.019607844 0.33333334 0.8039216 0.79607844 0.7490196 0.70980394 0.69803923 0.69803923 0.6901961 0.7058824 0.72156864 0.74509805
0.8156863 0.8235294 0.84313726 0.85490197 0.8509804 0.84313726 0.8352941 0.83137256 0.827451 0.79607844 0.70980394 0.67058825 0.7254902 0.78431374 0.8039216 0.81960785 0.37254903 0.011764706 0.047058824 0.039215688 0.023529412 0.4627451 0.8392157 0.81960785 0.8039216 0.76862746 0.74509805 0.7254902 0.69411767 0.70980394 0.7294118 0.7490196
0.8156863 0.8235294 0.8352941 0.8509804 0.85490197 0.84705883 0.8352941 0.827451 0.8156863 0.78431374 0.7372549 0.70980394 0.7372549 0.7921569 0.8117647 0.8235294 0.31764707 0.007843138 0.047058824 0.039215688 0.050980393 0.5882353 0.8666667 0.85490197 0.84705883 0.8156863 0.8 0.78039217 0.74509805 0.74509805 0.76862746 0.7882353
0.8156863 0.81960785 0.8235294 0.8392157 0.84313726 0.8392157 0.8352941 0.8235294 0.8039216 0.77254903 0.74509805 0.7176471 0.7294118 0.7764706 0.7921569 0.78039217 0.25490198 0.015686275 0.050980393 0.03137255 0.10980392 0.70980394 0.87058824 0.8784314 0.88235295 0.85882354 0.84705883 0.8156863 0.78431374 0.78431374 0.8156863 0.8352941
0.80784315 0.80784315 0.8117647 0.8235294 0.827451 0.8235294 0.8235294 0.8117647 0.8 0.7607843 0.7254902 0.7058824 0.72156864 0.7490196 0.76862746 0.69803923 0.14901961 0.02745098 0.05490196 0.023529412 0.2627451 0.8156863 0.84705883 0.8862745 0.9019608 0.8980392 0.8862745 0.8509804 0.80784315 0.80784315 0.84705883 0.85882354
0.80784315 0.8039216 0.80784315 0.80784315 0.80784315 0.8156863 0.81960785 0.8 0.7921569 0.75686276 0.7137255 0.7019608 0.7176471 0.7294118 0.7529412 0.50980395 0.039215688 0.039215688 0.05490196 0.043137256 0.5176471 0.85490197 0.83137256 0.8901961 0.9137255 0.9098039 0.9098039 0.88235295 0.84313726 0.84313726 0.8627451 0.8784314
0.8117647 0.8117647 0.80784315 0.79607844 0.79607844 0.8039216 0.8117647 0.78431374 0.75686276 0.7254902 0.7019608 0.69803923 0.7137255 0.7254902 0.7254902 0.2509804 0.015686275 0.043137256 0.039215688 0.12941177 0.7294118 0.8509804 0.8392157 0.89411765 0.9137255 0.91764706 0.91764706 0.9019608 0.8745098 0.8627451 0.87058824 0.8862745
0.8 0.8039216 0.8 0.7882353 0.7882353 0.7882353 0.78039217 0.7607843 0.7176471 0.6901961 0.6862745 0.68235296 0.70980394 0.72156864 0.48235294 0.06666667 0.047058824 0.043137256 0.019607844 0.2627451 0.8235294 0.8509804 0.85882354 0.8862745 0.9019608 0.9137255 0.91764706 0.9019608 0.8745098 0.8666667 0.88235295 0.89411765
0.7921569 0.7921569 0.7921569 0.78431374 0.7764706 0.77254903 0.7529412 0.73333335 0.7019608 0.67058825 0.6627451 0.6627451 0.6862745 0.63529414 0.19215687 0.03137255 0.047058824 0.039215688 0.019607844 0.38039216 0.8392157 0.8509804 0.8627451 0.8745098 0.8862745 0.90588236 0.9098039 0.8901961 0.8666667 0.85882354 0.87058824 0.8901961
0.78039217 0.77254903 0.77254903 0.76862746 0.75686276 0.7411765 0.7294118 0.7176471 0.69803923 0.6431373 0.61960787 0.6 0.54509807 0.5137255 0.25882354 0.043137256 0.043137256 0.047058824 0.03137255 0.44313726 0.80784315 0.84313726 0.8666667 0.87058824 0.8784314 0.89411765 0.8980392 0.88235295 0.85882354 0.85882354 0.8666667 0.8901961
0.7529412 0.7411765 0.73333335 0.7294118 0.7294118 0.7058824 0.7019608 0.7058824 0.67058825 0.6117647 0.5882353 0.5764706 0.5568628 0.5137255 0.42352942 0.18431373 0.1254902 0.039215688 0.039215688 0.39607844 0.78431374 0.83137256 0.8627451 0.87058824 0.8745098 0.8901961 0.8901961 0.8745098 0.85490197 0.8627451 0.88235295 0.90588236
0.7254902 0.70980394 0.69411767 0.69411767 0.69411767 0.6745098 0.6862745 0.69411767 0.6313726 0.58431375 0.5803922 0.6 0.4862745 0.39607844 0.5411765 0.5019608 0.33333334 0.039215688 0.047058824 0.3529412 0.78039217 0.84705883 0.87058824 0.8627451 0.8666667 0.8784314 0.88235295 0.8627451 0.84705883 0.8666667 0.9019608 0.92156863
0.7019608 0.6745098 0.6509804 0.6509804 0.654902 0.6509804 0.6784314 0.67058825 0.59607846 0.5686275 0.56078434 0.54509807 0.24705882 0.101960786 0.3372549 0.5019608 0.4509804 0.13725491 0.023529412 0.20392157 0.44313726 0.5803922 0.7137255 0.8352941 0.88235295 0.8862745 0.88235295 0.8627451 0.8509804 0.87058824 0.9137255 0.93333334
0.6862745 0.64705884 0.6117647 0.59607846 0.6039216 0.627451 0.6431373 0.60784316 0.57254905 0.5411765 0.5294118 0.38039216 0.07058824 0.023529412 0.05882353 0.18431373 0.3137255 0.15294118 0.03137255 0.047058824 0.07450981 0.15686275 0.2627451 0.39215687 0.62352943 0.80784315 0.8862745 0.87058824 0.8627451 0.88235295 0.9254902 0.94509804
0.6666667 0.62352943 0.58431375 0.5568628 0.5647059 0.5882353 0.58431375 0.53333336 0.53333336 0.5058824 0.42352942 0.14117648 0.02745098 0.039215688 0.03137255 0.019607844 0.07058824 0.05882353 0.03529412 0.039215688 0.050980393 0.08627451 0.13333334 0.1254902 0.28235295 0.49019608 0.78039217 0.8784314 0.8666667 0.8901961 0.9254902 0.9490196
0.6392157 0.60784316 0.5764706 0.5254902 0.5372549 0.57254905 0.5411765 0.49803922 0.5294118 0.42745098 0.16078432 0.03529412 0.047058824 0.050980393 0.03137255 0.08235294 0.14509805 0.07058824 0.03529412 0.039215688 0.03529412 0.0627451 0.25882354 0.5803922 0.6666667 0.7294118 0.7921569 0.87058824 0.8745098 0.8980392 0.92156863 0.94509804
0.6156863 0.6117647 0.5803922 0.50980395 0.5411765 0.5568628 0.50980395 0.49411765 0.47843137 0.18431373 0.023529412 0.050980393 0.07058824 0.05882353 0.08235294 0.34117648 0.4862745 0.25490198 0.05882353 0.047058824 0.09803922 0.44705883 0.7019608 0.8627451 0.87058824 0.8784314 0.8666667 0.8509804 0.8784314 0.9098039 0.9254902 0.9411765
0.61960787 0.6117647 0.5764706 0.5176471 0.5294118 0.53333336 0.50980395 0.4392157 0.20784314 0.03529412 0.047058824 0.0627451 0.07058824 0.05882353 0.2784314 0.4862745 0.54901963 0.4117647 0.09411765 0.043137256 0.25490198 0.7647059 0.8392157 0.8392157 0.8392157 0.84313726 0.8509804 0.84705883 0.8784314 0.91764706 0.9254902 0.9411765
0.6117647 0.5882353 0.5529412 0.5137255 0.5058824 0.5137255 0.49019608 0.21568628 0.039215688 0.043137256 0.05882353 0.06666667 0.05490196 0.15294118 0.43137255 0.4862745 0.5529412 0.49411765 0.14509805 0.047058824 0.41568628 0.79607844 0.8352941 0.84313726 0.8392157 0.84705883 0.85882354 0.85882354 0.88235295 0.91764706 0.92941177 0.9411765
0.57254905 0.54509807 0.5372549 0.5294118 0.5058824 0.5176471 0.38431373 0.0627451 0.039215688 0.0627451 0.078431375 0.06666667 0.08235294 0.33333334 0.49411765 0.50980395 0.52156866 0.5411765 0.2784314 0.06666667 0.49019608 0.80784315 0.8156863 0.8235294 0.827451 0.84313726 0.8666667 0.88235295 0.89411765 0.91764706 0.92941177 0.9411765
0.5372549 0.5254902 0.5411765 0.54509807 0.5176471 0.49019608 0.23137255 0.03529412 0.050980393 0.07450981 0.08235294 0.050980393 0.24313726 0.47843137 0.5176471 0.5372549 0.5176471 0.5764706 0.4392157 0.10980392 0.49803922 0.80784315 0.7921569 0.8039216 0.81960785 0.8392157 0.8627451 0.8784314 0.9019608 0.91764706 0.92156863 0.91764706
0.52156866 0.5137255 0.53333336 0.54509807 0.5254902 0.4392157 0.11764706 0.039215688 0.07058824 0.07058824 0.10980392 0.21568628 0.4627451 0.5254902 0.5411765 0.56078434 0.5647059 0.60784316 0.5921569 0.20784314 0.44313726 0.8039216 0.79607844 0.8039216 0.8156863 0.83137256 0.8392157 0.85490197 0.8901961 0.91764706 0.9098039 0.88235295
0.52156866 0.50980395 0.52156866 0.5254902 0.52156866 0.3647059 0.07058824 0.050980393 0.07450981 0.0627451 0.09411765 0.39215687 0.5294118 0.5372549 0.5647059 0.57254905 0.59607846 0.6156863 0.6666667 0.43137255 0.36078432 0.78039217 0.7921569 0.80784315 0.8117647 0.8156863 0.81960785 0.83137256 0.85882354 0.8901961 0.88235295 0.8392157
0.5254902 0.5019608 0.5176471 0.52156866 0.5254902 0.24313726 0.03529412 0.06666667 0.078431375 0.050980393 0.23529412 0.47058824 0.5176471 0.54509807 0.5529412 0.57254905 0.6039216 0.6039216 0.6627451 0.6784314 0.4509804 0.6901961 0.7921569 0.8117647 0.81960785 0.80784315 0.8039216 0.8039216 0.81960785 0.8509804 0.84313726 0.8
0.5254902 0.5058824 0.5176471 0.5372549 0.48235294 0.12941177 0.039215688 0.078431375 0.08627451 0.24705882 0.52156866 0.5411765 0.52156866 0.54901963 0.54901963 0.54901963 0.56078434 0.5686275 0.63529414 0.70980394 0.6117647 0.6392157 0.78039217 0.8 0.8156863 0.81960785 0.8039216 0.8 0.8039216 0.83137256 0.8352941 0.80784315
1.0 1.0 0.99607843 0.99215686 0.9764706 0.9607843 0.9529412 0.972549 0.9764706 0.9254902 0.90588236 0.9019608 0.87058824 0.84313726 0.83137256 0.8039216 0.84313726 0.9019608 0.8156863 0.34117648 0.07450981 0.043137256 0.07450981 0.6117647 0.9098039 0.85882354 0.87058824 0.9098039 0.91764706 0.92156863 0.9019608 0.85490197
1.0 0.99215686 0.99607843 0.99607843 0.99607843 0.99607843 0.99215686 0.99607843 0.972549 0.91764706 0.9019608 0.9098039 0.8784314 0.84313726 0.8392157 0.8392157 0.8627451 0.85882354 0.5019608 0.07450981 0.05490196 0.050980393 0.1764706 0.80784315 0.94509804 0.8784314 0.89411765 0.91764706 0.9137255 0.90588236 0.87058824 0.84313726
0.99215686 0.98039216 0.99215686 0.99215686 0.99215686 0.99607843 1.0 0.99607843 0.972549 0.9490196 0.91764706 0.9098039 0.8745098 0.85882354 0.87058824 0.88235295 0.88235295 0.6313726 0.16078432 0.019607844 0.050980393 0.05490196 0.36862746 0.92156863 0.92941177 0.8901961 0.9098039 0.92156863 0.9372549 0.93333334 0.9098039 0.8862745
0.99607843 0.98039216 0.9843137 0.9882353 0.9882353 0.99607843 1.0 0.99607843 0.9882353 0.99215686 0.9490196 0.90588236 0.8745098 0.8745098 0.90588236 0.92941177 0.8156863 0.27450982 0.03137255 0.043137256 0.05882353 0.05490196 0.58431375 0.9882353 0.9254902 0.9098039 0.9372549 0.94509804 0.9607843 0.9411765 0.9254902 0.9137255
1.0 0.99607843 0.99215686 0.9882353 0.99215686 0.99607843 0.99607843 0.99607843 0.99607843 1.0 0.972549 0.92156863 0.9019608 0.92156863 0.9490196 0.98039216 0.6117647 0.0627451 0.03529412 0.06666667 0.05882353 0.101960786 0.7490196 0.99607843 0.9411765 0.9254902 0.9490196 0.96862745 0.9764706 0.9529412 0.93333334 0.94509804
1.0 0.99607843 0.99215686 0.9843137 0.9843137 0.99215686 0.99607843 0.99215686 0.99215686 0.99607843 0.96862745 0.9411765 0.9490196 0.9764706 0.98039216 0.99607843 0.5019608 0.023529412 0.050980393 0.0627451 0.043137256 0.21960784 0.8784314 0.9882353 0.9529412 0.92941177 0.9411765 0.9764706 0.98039216 0.972549 0.9529412 0.9647059
1.0 0.99215686 0.99607843 0.99607843 0.99215686 0.99215686 1.0 0.99215686 0.99215686 0.99215686 0.95686275 0.94509804 0.9647059 0.98039216 0.99607843 1.0 0.52156866 0.019607844 0.05882353 0.05882353 0.03529412 0.31764707 0.9647059 0.99215686 0.96862745 0.9490196 0.9411765 0.972549 0.972549 0.98039216 0.9764706 0.9882353
1.0 0.99215686 1.0 1.0 0.99607843 0.99215686 0.99607843 0.99215686 0.99215686 1.0 0.9490196 0.91764706 0.94509804 0.96862745 0.99607843 1.0 0.50980395 0.019607844 0.0627451 0.0627451 0.03529412 0.42352942 1.0 0.99215686 0.9764706 0.96862745 0.9529412 0.9529412 0.9490196 0.972549 0.98039216 0.99607843
1.0 0.9882353 0.99607843 1.0 0.99607843 0.9882353 0.99215686 0.99607843 0.99607843 1.0 0.96862745 0.93333334 0.96862745 0.9882353 0.99607843 1.0 0.47058824 0.023529412 0.06666667 0.05882353 0.039215688 0.56078434 1.0 0.98039216 0.9843137 0.99215686 0.972549 0.95686275 0.9372549 0.9607843 0.972549 0.9843137
1.0 0.99215686 0.9843137 0.99215686 0.99607843 0.9882353 0.99215686 0.99215686 0.99215686 1.0 0.98039216 0.95686275 0.972549 0.99607843 1.0 1.0 0.42352942 0.03529412 0.06666667 0.05882353 0.06666667 0.6784314 1.0 0.972549 0.9843137 0.99607843 0.99215686 0.9843137 0.9647059 0.972549 0.9843137 0.99607843
1.0 0.99607843 0.9843137 0.9882353 0.99607843 0.99215686 0.99607843 0.99215686 0.9882353 0.9843137 0.9843137 0.9607843 0.9607843 0.9843137 0.99607843 0.9764706 0.34509805 0.023529412 0.07058824 0.047058824 0.15294118 0.8156863 1.0 0.9843137 0.99607843 0.99607843 0.99215686 0.99215686 0.99215686 0.9882353 0.99607843 1.0
1.0 0.99215686 0.9882353 0.99607843 0.99607843 0.99607843 0.99607843 0.99215686 0.99607843 0.972549 0.9647059 0.95686275 0.95686275 0.9764706 0.99607843 0.8784314 0.21176471 0.023529412 0.078431375 0.039215688 0.33333334 0.94509804 0.98039216 1.0 0.99607843 0.99607843 0.99607843 0.99607843 0.99607843 0.99607843 1.0 1.0
1.0 0.99215686 0.9882353 0.9882353 0.99215686 0.99607843 1.0 0.99215686 1.0 0.98039216 0.95686275 0.9529412 0.96862745 0.9843137 1.0 0.64705884 0.07450981 0.05882353 0.078431375 0.07450981 0.6 0.99607843 0.98039216 1.0 0.99215686 0.99607843 0.99607843 0.99607843 0.99607843 0.99607843 0.99215686 1.0
1.0 1.0 0.99607843 0.9882353 0.9882353 0.99215686 1.0 0.99215686 0.9843137 0.96862745 0.9529412 0.9490196 0.9607843 0.9764706 0.95686275 0.3372549 0.02745098 0.078431375 0.06666667 0.18039216 0.83137256 1.0 0.99607843 1.0 0.9882353 0.99215686 0.9882353 0.9882353 0.99607843 0.99607843 0.98039216 0.99607843
1.0 1.0 0.99607843 0.9882353 0.99215686 0.99215686 0.9882353 0.9882353 0.9647059 0.9490196 0.9490196 0.92941177 0.92941177 0.92156863 0.62352943 0.11372549 0.05882353 0.07058824 0.050980393 0.3372549 0.9490196 1.0 0.99607843 0.99607843 0.9882353 0.99607843 0.99215686 0.9843137 0.99215686 0.99607843 0.9882353 1.0
1.0 0.99607843 0.99215686 0.99215686 0.9882353 0.9843137 0.9764706 0.9764706 0.9607843 0.9411765 0.9372549 0.9098039 0.8784314 0.78039217 0.2509804 0.05490196 0.05882353 0.050980393 0.050980393 0.4745098 0.9843137 0.99215686 0.9882353 0.9882353 0.9882353 1.0 0.99607843 0.98039216 0.9843137 1.0 0.9882353 1.0
1.0 0.9843137 0.98039216 0.9843137 0.9843137 0.98039216 0.972549 0.96862745 0.9607843 0.91764706 0.89411765 0.84705883 0.73333335 0.6392157 0.30980393 0.05882353 0.039215688 0.043137256 0.05882353 0.5647059 1.0 0.99607843 0.99607843 0.9882353 0.9843137 0.99607843 1.0 0.99215686 0.99215686 1.0 0.98039216 0.99215686
0.9843137 0.9607843 0.95686275 0.9607843 0.972549 0.9647059 0.95686275 0.9607843 0.9411765 0.89411765 0.8745098 0.85490197 0.7607843 0.61960787 0.49803922 0.23137255 0.14901961 0.05490196 0.0627451 0.5176471 0.99607843 0.99607843 0.99607843 0.99607843 0.99607843 0.99607843 1.0 0.99607843 0.99215686 1.0 0.9843137 0.99607843
0.96862745 0.9490196 0.9372549 0.94509804 0.9529412 0.9372549 0.9490196 0.9607843 0.9137255 0.8784314 0.8862745 0.9098039 0.7019608 0.4627451 0.6039216 0.5529412 0.3764706 0.07058824 0.05882353 0.44705883 0.972549 1.0 1.0 0.99607843 0.99607843 0.99215686 0.99607843 0.9882353 0.9843137 0.99607843 0.99215686 1.0
0.9529412 0.9372549 0.92156863 0.92941177 0.92941177 0.92156863 0.95686275 0.95686275 0.89411765 0.8784314 0.8784314 0.81960785 0.40392157 0.13333334 0.34901962 0.5058824 0.45490196 0.15294118 0.03137255 0.25490198 0.5686275 0.69803923 0.83137256 0.9529412 1.0 0.99215686 0.9882353 0.9843137 0.9843137 0.9843137 0.99215686 1.0
0.94509804 0.92156863 0.90588236 0.8980392 0.8980392 0.90588236 0.9254902 0.9098039 0.8862745 0.8666667 0.8509804 0.5882353 0.13333334 0.043137256 0.05882353 0.18039216 0.3137255 0.18039216 0.03529412 0.047058824 0.11764706 0.20392157 0.3254902 0.46666667 0.7058824 0.9098039 0.99215686 0.99215686 0.99215686 0.9843137 0.99215686 1.0
0.9372549 0.9098039 0.8901961 0.8745098 0.87058824 0.88235295 0.8901961 0.85490197 0.84705883 0.8392157 0.7058824 0.24313726 0.039215688 0.0627451 0.0627451 0.02745098 0.08627451 0.105882354 0.043137256 0.02745098 0.050980393 0.09019608 0.15686275 0.17254902 0.34901962 0.58431375 0.8862745 1.0 0.99215686 0.9843137 0.99215686 1.0
0.9254902 0.8980392 0.88235295 0.85490197 0.8627451 0.88235295 0.8745098 0.8509804 0.8392157 0.70980394 0.3137255 0.043137256 0.07450981 0.07450981 0.05490196 0.15294118 0.22352941 0.11372549 0.047058824 0.050980393 0.05490196 0.101960786 0.32156864 0.6666667 0.77254903 0.8352941 0.9019608 0.99215686 0.99215686 0.9843137 0.99607843 1.0
0.9137255 0.9098039 0.8901961 0.8392157 0.87058824 0.8784314 0.827451 0.8392157 0.7921569 0.32941177 0.05490196 0.050980393 0.10980392 0.05490196 0.09803922 0.5803922 0.7490196 0.34509805 0.0627451 0.050980393 0.14117648 0.5568628 0.84705883 1.0 1.0 1.0 0.99215686 0.9843137 0.99607843 0.99607843 1.0 1.0
0.9254902 0.91764706 0.89411765 0.84705883 0.85882354 0.85882354 0.8392157 0.7254902 0.36862746 0.0627451 0.03529412 0.08235294 0.11764706 0.101960786 0.4509804 0.83137256 0.89411765 0.5882353 0.12156863 0.039215688 0.32941177 0.92941177 1.0 0.99215686 0.98039216 0.9882353 0.9882353 0.9843137 0.99607843 1.0 1.0 1.0
0.9254902 0.9019608 0.8745098 0.8392157 0.8352941 0.8509804 0.81960785 0.39607844 0.02745098 0.043137256 0.07450981 0.09803922 0.10980392 0.3137255 0.7882353 0.83137256 0.87058824 0.7607843 0.23137255 0.050980393 0.52156866 0.9843137 0.99215686 0.9843137 0.9647059 0.9882353 1.0 0.99215686 0.99607843 1.0 1.0 1.0
0.8901961 0.8666667 0.8627451 0.85490197 0.84313726 0.8666667 0.6392157 0.12941177 0.02745098 0.08235294 0.11372549 0.105882354 0.14509805 0.59607846 0.85490197 0.84313726 0.8627451 0.8627451 0.42745098 0.09019608 0.6156863 1.0 0.9882353 0.9882353 0.9843137 0.99215686 1.0 0.99607843 0.99215686 0.99607843 1.0 1.0
0.87058824 0.8666667 0.88235295 0.87058824 0.84705883 0.83137256 0.38431373 0.050980393 0.101960786 0.11372549 0.11764706 0.11372549 0.39215687 0.80784315 0.85882354 0.88235295 0.8745098 0.92156863 0.654902 0.14509805 0.62352943 1.0 0.9882353 0.99607843 1.0 1.0 1.0 0.99215686 0.99607843 0.99607843 0.99607843 1.0
0.8745098 0.8745098 0.8862745 0.8745098 0.87058824 0.7372549 0.2 0.05490196 0.11764706 0.101960786 0.15294118 0.34901962 0.73333335 0.8862745 0.8980392 0.9019608 0.89411765 0.94509804 0.8509804 0.28627452 0.5686275 1.0 1.0 0.99607843 0.99607843 0.99215686 0.98039216 0.9764706 0.9882353 0.9882353 0.98039216 0.99215686
0.8784314 0.8784314 0.8666667 0.8666667 0.8901961 0.6 0.11372549 0.07058824 0.09803922 0.078431375 0.18039216 0.6313726 0.8862745 0.8980392 0.8980392 0.9019608 0.9137255 0.93333334 0.9411765 0.6 0.5058824 0.9764706 1.0 1.0 0.9882353 0.9843137 0.98039216 0.9764706 0.9843137 0.99215686 0.9843137 0.9882353
0.8901961 0.8784314 0.8666667 0.8784314 0.8901961 0.40392157 0.047058824 0.08627451 0.09803922 0.101960786 0.4 0.79607844 0.92156863 0.9019608 0.8784314 0.8901961 0.9098039 0.90588236 0.95686275 0.92941177 0.63529414 0.88235295 1.0 1.0 0.9882353 0.99607843 1.0 1.0 1.0 1.0 1.0 1.0
0.8980392 0.8862745 0.8784314 0.90588236 0.79607844 0.22352941 0.05490196 0.101960786 0.14117648 0.41568628 0.79607844 0.89411765 0.9019608 0.8980392 0.8862745 0.8784314 0.88235295 0.8784314 0.9372549 0.99215686 0.84313726 0.8627451 1.0 0.99215686 0.972549 0.92941177 0.92941177 0.92941177 0.8980392 0.92156863 0.92941177 0.9411765
24 21 2
