32, 32, 3, 1
0.6901961 0.69803923 0.7058824 0.6901961 0.6509804 0.5882353 0.5568628 0.58431375 0.59607846 0.60784316 0.6313726 0.627451 0.654902 0.6627451 0.65882355 0.654902 0.6745098 0.654902 0.654902 0.65882355 0.5921569 0.6156863 0.6117647 0.67058825 0.7921569 0.80784315 0.83137256 0.83137256 0.7882353 0.8117647 0.7882353 0.5921569
0.69803923 0.7058824 0.7137255 0.6784314 0.6431373 0.6156863 0.58431375 0.5921569 0.59607846 0.62352943 0.6392157 0.6509804 0.67058825 0.654902 0.68235296 0.7372549 0.70980394 0.67058825 0.6627451 0.6509804 0.6392157 0.6509804 0.6431373 0.6784314 0.79607844 0.81960785 0.84705883 0.8392157 0.8 0.8235294 0.7882353 0.58431375
0.7176471 0.7137255 0.69803923 0.654902 0.6156863 0.61960787 0.59607846 0.5882353 0.59607846 0.6431373 0.6156863 0.62352943 0.6431373 0.6392157 0.69803923 0.827451 0.7490196 0.6745098 0.6784314 0.64705884 0.6392157 0.654902 0.6509804 0.6784314 0.79607844 0.8117647 0.84313726 0.83137256 0.7882353 0.81960785 0.77254903 0.5647059
0.7411765 0.7176471 0.6862745 0.64705884 0.60784316 0.6156863 0.6039216 0.6039216 0.5882353 0.6509804 0.63529414 0.5529412 0.5764706 0.60784316 0.70980394 0.88235295 0.79607844 0.6784314 0.6745098 0.6509804 0.6509804 0.6431373 0.63529414 0.69411767 0.80784315 0.8156863 0.84705883 0.8352941 0.7882353 0.827451 0.77254903 0.5921569
0.6392157 0.6392157 0.65882355 0.627451 0.6 0.59607846 0.5921569 0.61960787 0.6 0.6117647 0.6509804 0.53333336 0.5019608 0.5647059 0.73333335 0.9098039 0.8117647 0.6901961 0.6745098 0.654902 0.654902 0.6509804 0.6392157 0.7019608 0.8156863 0.8156863 0.84705883 0.8352941 0.7882353 0.827451 0.76862746 0.6
0.5764706 0.5921569 0.6313726 0.61960787 0.59607846 0.5882353 0.58431375 0.6156863 0.60784316 0.58431375 0.62352943 0.5411765 0.5294118 0.6 0.76862746 0.88235295 0.7529412 0.6862745 0.6784314 0.6627451 0.64705884 0.64705884 0.6313726 0.7254902 0.81960785 0.8156863 0.8509804 0.8352941 0.7882353 0.83137256 0.7647059 0.5921569
0.6 0.6117647 0.6156863 0.61960787 0.6117647 0.6039216 0.5921569 0.6117647 0.59607846 0.57254905 0.6117647 0.57254905 0.5764706 0.6156863 0.69803923 0.73333335 0.6117647 0.65882355 0.67058825 0.64705884 0.58431375 0.57254905 0.5529412 0.7176471 0.8392157 0.81960785 0.8509804 0.84313726 0.8 0.8392157 0.7647059 0.5921569
0.58431375 0.5882353 0.5921569 0.58431375 0.6039216 0.6156863 0.59607846 0.58431375 0.5882353 0.58431375 0.64705884 0.7019608 0.69411767 0.62352943 0.60784316 0.6431373 0.64705884 0.6745098 0.67058825 0.61960787 0.59607846 0.5529412 0.48235294 0.7019608 0.8509804 0.8235294 0.85490197 0.84705883 0.8117647 0.84705883 0.7529412 0.5882353
0.6039216 0.5882353 0.58431375 0.5882353 0.6156863 0.627451 0.6039216 0.5803922 0.5803922 0.6 0.65882355 0.7764706 0.7176471 0.64705884 0.58431375 0.63529414 0.70980394 0.67058825 0.5254902 0.44705883 0.5058824 0.5411765 0.5058824 0.7176471 0.8509804 0.83137256 0.85882354 0.84705883 0.8117647 0.84705883 0.7490196 0.59607846
0.65882355 0.6431373 0.6431373 0.63529414 0.6313726 0.63529414 0.6313726 0.62352943 0.6156863 0.6039216 0.65882355 0.7254902 0.68235296 0.69411767 0.7254902 0.61960787 0.7019608 0.64705884 0.3882353 0.37254903 0.42352942 0.44705883 0.5137255 0.7176471 0.84705883 0.8352941 0.8627451 0.84705883 0.8156863 0.84705883 0.7294118 0.56078434
0.7058824 0.73333335 0.7411765 0.7137255 0.69411767 0.6784314 0.6745098 0.67058825 0.654902 0.6431373 0.64705884 0.72156864 0.7764706 0.78431374 0.7294118 0.69803923 0.72156864 0.6901961 0.47843137 0.3764706 0.44705883 0.4627451 0.4745098 0.6666667 0.84313726 0.8392157 0.8666667 0.84705883 0.827451 0.8509804 0.7137255 0.5411765
0.7294118 0.7490196 0.76862746 0.7647059 0.7647059 0.7529412 0.75686276 0.7529412 0.6901961 0.6862745 0.7411765 0.8039216 0.84313726 0.8745098 0.7647059 0.7372549 0.7176471 0.70980394 0.5764706 0.40392157 0.4392157 0.49803922 0.47843137 0.5803922 0.80784315 0.84705883 0.87058824 0.8509804 0.8352941 0.84705883 0.7058824 0.56078434
0.7176471 0.7294118 0.7490196 0.7647059 0.77254903 0.78039217 0.79607844 0.79607844 0.7019608 0.6 0.6039216 0.7058824 0.8117647 0.87058824 0.8392157 0.7411765 0.6901961 0.6901961 0.6 0.45882353 0.43137255 0.5176471 0.5058824 0.5176471 0.7411765 0.85490197 0.8745098 0.8509804 0.8392157 0.84313726 0.69803923 0.5764706
0.70980394 0.72156864 0.7411765 0.7607843 0.78039217 0.79607844 0.8039216 0.8039216 0.76862746 0.67058825 0.56078434 0.49019608 0.65882355 0.8627451 0.83137256 0.7019608 0.6431373 0.63529414 0.6 0.49019608 0.4509804 0.5294118 0.5372549 0.50980395 0.6627451 0.8509804 0.88235295 0.85490197 0.8509804 0.8352941 0.6901961 0.59607846
0.7372549 0.7372549 0.7372549 0.7490196 0.75686276 0.76862746 0.7764706 0.77254903 0.7921569 0.80784315 0.7529412 0.4392157 0.49019608 0.8156863 0.8 0.69803923 0.60784316 0.5764706 0.6117647 0.5176471 0.47058824 0.5294118 0.5686275 0.5294118 0.5921569 0.8235294 0.8901961 0.8627451 0.84705883 0.8117647 0.7176471 0.6862745
0.73333335 0.74509805 0.7647059 0.77254903 0.7882353 0.8039216 0.8039216 0.7882353 0.7764706 0.7764706 0.7529412 0.48235294 0.4745098 0.7647059 0.7529412 0.6901961 0.62352943 0.60784316 0.61960787 0.5294118 0.47058824 0.5019608 0.57254905 0.5647059 0.53333336 0.7411765 0.8980392 0.85490197 0.8352941 0.8392157 0.8352941 0.8352941
0.73333335 0.74509805 0.7647059 0.78039217 0.8117647 0.84705883 0.8509804 0.85490197 0.85882354 0.84705883 0.84313726 0.6901961 0.5764706 0.68235296 0.6509804 0.6 0.62352943 0.6313726 0.6392157 0.57254905 0.47843137 0.49803922 0.56078434 0.5686275 0.53333336 0.69411767 0.9137255 0.88235295 0.8666667 0.8666667 0.85882354 0.8666667
0.7058824 0.7294118 0.7647059 0.7764706 0.76862746 0.78039217 0.80784315 0.8392157 0.8666667 0.8784314 0.9098039 0.7882353 0.49803922 0.6392157 0.68235296 0.6666667 0.68235296 0.6627451 0.6784314 0.6117647 0.5019608 0.49019608 0.5764706 0.5882353 0.54901963 0.67058825 0.8509804 0.8509804 0.8509804 0.8627451 0.8666667 0.8666667
0.54901963 0.6313726 0.72156864 0.7294118 0.7176471 0.72156864 0.7294118 0.7411765 0.77254903 0.79607844 0.827451 0.8 0.49411765 0.62352943 0.7882353 0.7294118 0.6784314 0.65882355 0.6666667 0.6156863 0.49803922 0.47058824 0.5764706 0.60784316 0.5803922 0.72156864 0.827451 0.80784315 0.80784315 0.8117647 0.8117647 0.81960785
0.5764706 0.654902 0.7176471 0.7529412 0.76862746 0.78039217 0.78039217 0.7764706 0.76862746 0.75686276 0.7529412 0.75686276 0.6431373 0.6392157 0.7529412 0.72156864 0.7019608 0.6313726 0.63529414 0.6313726 0.49803922 0.47058824 0.6 0.60784316 0.6039216 0.8352941 0.90588236 0.8901961 0.88235295 0.8745098 0.85882354 0.84705883
0.7176471 0.7372549 0.7607843 0.7882353 0.8 0.8039216 0.8039216 0.8 0.79607844 0.7882353 0.78431374 0.7882353 0.7764706 0.73333335 0.72156864 0.69803923 0.70980394 0.6627451 0.627451 0.5921569 0.5803922 0.5529412 0.654902 0.6117647 0.64705884 0.8745098 0.92156863 0.9254902 0.9254902 0.92156863 0.92156863 0.9098039
0.7529412 0.7529412 0.7607843 0.7764706 0.78431374 0.79607844 0.8 0.8039216 0.8 0.8039216 0.8039216 0.8039216 0.79607844 0.78431374 0.7529412 0.64705884 0.6 0.6509804 0.627451 0.60784316 0.63529414 0.61960787 0.6901961 0.6666667 0.67058825 0.7411765 0.7764706 0.8 0.83137256 0.85882354 0.88235295 0.8980392
0.7607843 0.7607843 0.7607843 0.7647059 0.77254903 0.7882353 0.7921569 0.79607844 0.8039216 0.8156863 0.8 0.7882353 0.78431374 0.7882353 0.78431374 0.64705884 0.5921569 0.6509804 0.6509804 0.6039216 0.5176471 0.5764706 0.6627451 0.6666667 0.654902 0.67058825 0.69803923 0.69803923 0.7137255 0.7294118 0.74509805 0.77254903
0.75686276 0.7607843 0.77254903 0.77254903 0.76862746 0.78039217 0.7921569 0.79607844 0.8 0.80784315 0.7921569 0.78431374 0.7882353 0.78431374 0.78431374 0.6901961 0.6117647 0.64705884 0.627451 0.5176471 0.4745098 0.5411765 0.5529412 0.6 0.68235296 0.70980394 0.7254902 0.72156864 0.7137255 0.70980394 0.7294118 0.7411765
0.68235296 0.7254902 0.78039217 0.79607844 0.7882353 0.78431374 0.7921569 0.7921569 0.79607844 0.79607844 0.7882353 0.79607844 0.8 0.7882353 0.7921569 0.72156864 0.5764706 0.654902 0.64705884 0.60784316 0.54509807 0.5647059 0.58431375 0.6431373 0.7058824 0.7254902 0.7294118 0.7176471 0.70980394 0.70980394 0.73333335 0.75686276
0.5647059 0.5882353 0.6156863 0.6666667 0.72156864 0.7490196 0.77254903 0.78431374 0.8039216 0.8156863 0.81960785 0.8117647 0.79607844 0.7764706 0.7372549 0.62352943 0.58431375 0.654902 0.60784316 0.5764706 0.62352943 0.6313726 0.627451 0.6666667 0.70980394 0.7254902 0.70980394 0.69803923 0.69803923 0.7058824 0.7294118 0.7529412
0.60784316 0.6156863 0.61960787 0.6156863 0.627451 0.6431373 0.6784314 0.72156864 0.7529412 0.7764706 0.7921569 0.79607844 0.7882353 0.7176471 0.53333336 0.49803922 0.62352943 0.62352943 0.6039216 0.58431375 0.6156863 0.6039216 0.654902 0.65882355 0.69803923 0.7137255 0.7019608 0.69803923 0.70980394 0.72156864 0.7411765 0.7647059
0.6313726 0.63529414 0.654902 0.67058825 0.6745098 0.68235296 0.6862745 0.6784314 0.6784314 0.69411767 0.7019608 0.72156864 0.7176471 0.6117647 0.49411765 0.5176471 0.6039216 0.53333336 0.6117647 0.7019608 0.64705884 0.54509807 0.6509804 0.64705884 0.6862745 0.7019608 0.7019608 0.7058824 0.7176471 0.73333335 0.75686276 0.77254903
0.60784316 0.6156863 0.6313726 0.654902 0.6666667 0.69803923 0.7294118 0.7058824 0.68235296 0.7058824 0.7176471 0.72156864 0.6901961 0.61960787 0.6117647 0.627451 0.61960787 0.49411765 0.6313726 0.72156864 0.64705884 0.5254902 0.63529414 0.6509804 0.67058825 0.6862745 0.6901961 0.70980394 0.72156864 0.7372549 0.7607843 0.78039217
0.6117647 0.6156863 0.63529414 0.64705884 0.64705884 0.6745098 0.6862745 0.6509804 0.6862745 0.73333335 0.74509805 0.7372549 0.7294118 0.7137255 0.7176471 0.7254902 0.6901961 0.58431375 0.6627451 0.72156864 0.6627451 0.5803922 0.6627451 0.6666667 0.6745098 0.6901961 0.6901961 0.69803923 0.70980394 0.7254902 0.74509805 0.75686276
0.6117647 0.6313726 0.654902 0.65882355 0.6666667 0.6627451 0.63529414 0.70980394 0.8039216 0.8117647 0.80784315 0.7921569 0.7921569 0.79607844 0.80784315 0.8039216 0.7294118 0.58431375 0.6392157 0.7137255 0.72156864 0.6901961 0.7294118 0.73333335 0.72156864 0.7058824 0.70980394 0.7176471 0.7254902 0.7372549 0.74509805 0.7647059
0.5882353 0.61960787 0.6392157 0.6392157 0.65882355 0.6392157 0.6784314 0.85882354 0.84313726 0.7921569 0.78039217 0.80784315 0.8039216 0.7764706 0.8039216 0.8509804 0.7921569 0.5921569 0.59607846 0.6627451 0.7411765 0.78431374 0.8 0.8 0.78431374 0.75686276 0.7411765 0.73333335 0.72156864 0.7137255 0.7254902 0.7490196
0.63529414 0.6392157 0.6431373 0.61960787 0.5803922 0.5137255 0.4862745 0.5176471 0.53333336 0.54509807 0.5686275 0.5647059 0.58431375 0.5921569 0.5803922 0.5803922 0.6117647 0.6039216 0.6156863 0.6313726 0.5686275 0.57254905 0.54509807 0.6392157 0.80784315 0.8117647 0.827451 0.8352941 0.80784315 0.8235294 0.78039217 0.5568628
0.6509804 0.6509804 0.654902 0.6117647 0.5686275 0.5411765 0.5137255 0.5254902 0.53333336 0.56078434 0.5803922 0.5882353 0.6 0.5803922 0.59607846 0.654902 0.63529414 0.6156863 0.62352943 0.62352943 0.6156863 0.60784316 0.5764706 0.64705884 0.8117647 0.81960785 0.8392157 0.84705883 0.8156863 0.8352941 0.78039217 0.54901963
0.6745098 0.6627451 0.6431373 0.59607846 0.54509807 0.54509807 0.5254902 0.52156866 0.53333336 0.5803922 0.5568628 0.56078434 0.57254905 0.56078434 0.6156863 0.7372549 0.67058825 0.60784316 0.6313726 0.6156863 0.6156863 0.6117647 0.58431375 0.64705884 0.8117647 0.8156863 0.8352941 0.8392157 0.80784315 0.83137256 0.7647059 0.5294118
0.7019608 0.67058825 0.63529414 0.5921569 0.5411765 0.5411765 0.53333336 0.5372549 0.5254902 0.5882353 0.5764706 0.49019608 0.5058824 0.53333336 0.62352943 0.7921569 0.7137255 0.6117647 0.62352943 0.6117647 0.61960787 0.6 0.5686275 0.6627451 0.8235294 0.81960785 0.8392157 0.84313726 0.8039216 0.8392157 0.7647059 0.56078434
0.60784316 0.6 0.6117647 0.5764706 0.53333336 0.5176471 0.52156866 0.5568628 0.5372549 0.54901963 0.5882353 0.47058824 0.43529412 0.49019608 0.6509804 0.81960785 0.7254902 0.61960787 0.6156863 0.6117647 0.6156863 0.6039216 0.57254905 0.67058825 0.83137256 0.81960785 0.8392157 0.84313726 0.8039216 0.8392157 0.7607843 0.5686275
0.54509807 0.5529412 0.5882353 0.5686275 0.53333336 0.5137255 0.5137255 0.54901963 0.54901963 0.5254902 0.5647059 0.47843137 0.45882353 0.5254902 0.6901961 0.79607844 0.6666667 0.6117647 0.6156863 0.60784316 0.6039216 0.6039216 0.5647059 0.69411767 0.8352941 0.81960785 0.84313726 0.84313726 0.8039216 0.8392157 0.75686276 0.56078434
0.54901963 0.5568628 0.56078434 0.56078434 0.54509807 0.5294118 0.5294118 0.5529412 0.54509807 0.5254902 0.56078434 0.52156866 0.52156866 0.5568628 0.6313726 0.65882355 0.54509807 0.5921569 0.60784316 0.58431375 0.53333336 0.52156866 0.5019608 0.6901961 0.8392157 0.81960785 0.8509804 0.84705883 0.8117647 0.8392157 0.74509805 0.5529412
0.5176471 0.52156866 0.5254902 0.5176471 0.5372549 0.54509807 0.53333336 0.53333336 0.5411765 0.5372549 0.59607846 0.64705884 0.63529414 0.5647059 0.5411765 0.58431375 0.5921569 0.6156863 0.60784316 0.5568628 0.53333336 0.5019608 0.44313726 0.6784314 0.84313726 0.8235294 0.85490197 0.8509804 0.8156863 0.84313726 0.7294118 0.54901963
0.5372549 0.52156866 0.5176471 0.52156866 0.54901963 0.5647059 0.5411765 0.52156866 0.5294118 0.54509807 0.5764706 0.69411767 0.6431373 0.57254905 0.5137255 0.57254905 0.6509804 0.60784316 0.4627451 0.38431373 0.4509804 0.49019608 0.46666667 0.69411767 0.84313726 0.83137256 0.8627451 0.8509804 0.8156863 0.84313726 0.7254902 0.5529412
0.6 0.58431375 0.58431375 0.5803922 0.5764706 0.5803922 0.5764706 0.5686275 0.5647059 0.54901963 0.56078434 0.62352943 0.5882353 0.6117647 0.64705884 0.5529412 0.6431373 0.58431375 0.3254902 0.3137255 0.36862746 0.4 0.4745098 0.69411767 0.84313726 0.8392157 0.8666667 0.8509804 0.81960785 0.84313726 0.7058824 0.5176471
0.6666667 0.69411767 0.7019608 0.6745098 0.654902 0.6431373 0.6392157 0.627451 0.6156863 0.5921569 0.5647059 0.627451 0.6862745 0.7019608 0.6509804 0.627451 0.6627451 0.627451 0.41568628 0.31764707 0.3882353 0.41568628 0.43529412 0.64705884 0.8392157 0.84313726 0.8666667 0.8509804 0.83137256 0.84705883 0.6901961 0.49803922
0.7137255 0.73333335 0.7490196 0.7490196 0.7529412 0.74509805 0.74509805 0.7294118 0.6666667 0.654902 0.69803923 0.7490196 0.77254903 0.8 0.6901961 0.67058825 0.65882355 0.64705884 0.5137255 0.34117648 0.38039216 0.4509804 0.44313726 0.56078434 0.8039216 0.8509804 0.87058824 0.85490197 0.8392157 0.84313726 0.6784314 0.5176471
0.72156864 0.73333335 0.7529412 0.76862746 0.78039217 0.7882353 0.8 0.79607844 0.69411767 0.58431375 0.5921569 0.6862745 0.77254903 0.80784315 0.7647059 0.6745098 0.63529414 0.627451 0.5372549 0.39215687 0.37254903 0.47058824 0.47058824 0.49803922 0.7372549 0.85882354 0.8784314 0.85490197 0.84313726 0.8392157 0.6784314 0.5372549
0.7058824 0.72156864 0.7372549 0.7647059 0.7882353 0.8039216 0.8117647 0.8117647 0.77254903 0.6745098 0.5568628 0.47843137 0.627451 0.80784315 0.7647059 0.63529414 0.58431375 0.5686275 0.53333336 0.42745098 0.4 0.4862745 0.49803922 0.47843137 0.6431373 0.85490197 0.88235295 0.85490197 0.8509804 0.83137256 0.6784314 0.57254905
0.72156864 0.7294118 0.73333335 0.7490196 0.7607843 0.76862746 0.78039217 0.78039217 0.8039216 0.81960785 0.74509805 0.41568628 0.45882353 0.7647059 0.7372549 0.6313726 0.5411765 0.5058824 0.5411765 0.45882353 0.41960785 0.4862745 0.5254902 0.4862745 0.5647059 0.81960785 0.8901961 0.85882354 0.84313726 0.8117647 0.7176471 0.68235296
0.7411765 0.7529412 0.7764706 0.7882353 0.79607844 0.8 0.8039216 0.79607844 0.7921569 0.7882353 0.7490196 0.4627451 0.4392157 0.70980394 0.6901961 0.62352943 0.5568628 0.5411765 0.5568628 0.4745098 0.42352942 0.4627451 0.5294118 0.52156866 0.5058824 0.7372549 0.90588236 0.8627451 0.84313726 0.84705883 0.84705883 0.84313726
0.75686276 0.7647059 0.7764706 0.7882353 0.80784315 0.827451 0.8392157 0.84705883 0.85882354 0.84705883 0.8392157 0.6666667 0.5254902 0.6156863 0.58431375 0.5372549 0.56078434 0.57254905 0.58431375 0.52156866 0.43137255 0.45882353 0.5176471 0.5254902 0.5058824 0.6901961 0.92941177 0.9019608 0.8862745 0.8862745 0.8784314 0.88235295
0.7019608 0.72156864 0.74509805 0.7529412 0.7254902 0.7254902 0.75686276 0.79607844 0.827451 0.84705883 0.8784314 0.7411765 0.42352942 0.5529412 0.6117647 0.6039216 0.62352943 0.60784316 0.6313726 0.5686275 0.4627451 0.4509804 0.53333336 0.54509807 0.52156866 0.6666667 0.8666667 0.87058824 0.87058824 0.88235295 0.8862745 0.88235295
0.47843137 0.5647059 0.654902 0.6627451 0.6313726 0.61960787 0.6313726 0.6509804 0.6862745 0.7176471 0.7529412 0.70980394 0.38431373 0.52156866 0.70980394 0.67058825 0.627451 0.6117647 0.62352943 0.5764706 0.4627451 0.43137255 0.5294118 0.5647059 0.5529412 0.7176471 0.8392157 0.8235294 0.81960785 0.8235294 0.8235294 0.83137256
0.46666667 0.5411765 0.6 0.62352943 0.627451 0.6313726 0.63529414 0.6392157 0.6392157 0.6313726 0.63529414 0.62352943 0.49803922 0.5176471 0.6745098 0.6666667 0.654902 0.5882353 0.6 0.6 0.4627451 0.43137255 0.5568628 0.56078434 0.57254905 0.827451 0.9098039 0.8901961 0.8862745 0.8745098 0.85882354 0.84705883
0.58431375 0.6 0.6156863 0.63529414 0.6431373 0.6509804 0.654902 0.65882355 0.65882355 0.654902 0.6431373 0.63529414 0.6156863 0.59607846 0.6156863 0.6313726 0.6666667 0.627451 0.59607846 0.56078434 0.5411765 0.5058824 0.6039216 0.5647059 0.59607846 0.83137256 0.8901961 0.9019608 0.9098039 0.9137255 0.91764706 0.9137255
0.6039216 0.60784316 0.62352943 0.6431373 0.654902 0.6627451 0.67058825 0.67058825 0.67058825 0.67058825 0.654902 0.64705884 0.6431373 0.6313726 0.60784316 0.56078434 0.5686275 0.62352943 0.6 0.5764706 0.59607846 0.5647059 0.6392157 0.6117647 0.5921569 0.6392157 0.6784314 0.72156864 0.76862746 0.81960785 0.85882354 0.8862745
0.61960787 0.6313726 0.63529414 0.64705884 0.6509804 0.654902 0.65882355 0.654902 0.654902 0.6627451 0.6509804 0.6431373 0.63529414 0.6392157 0.63529414 0.5529412 0.56078434 0.61960787 0.6156863 0.5686275 0.4745098 0.5294118 0.6156863 0.6 0.5529412 0.5372549 0.54901963 0.5568628 0.58431375 0.61960787 0.654902 0.6901961
0.62352943 0.6313726 0.64705884 0.654902 0.6509804 0.65882355 0.65882355 0.654902 0.64705884 0.6509804 0.654902 0.6509804 0.64705884 0.6431373 0.6392157 0.6 0.5764706 0.6117647 0.5921569 0.47843137 0.43529412 0.5058824 0.5058824 0.5176471 0.5568628 0.54901963 0.5411765 0.53333336 0.5372549 0.54901963 0.5803922 0.6
0.5294118 0.5764706 0.6313726 0.654902 0.6627451 0.6784314 0.6745098 0.6627451 0.6509804 0.64705884 0.6509804 0.6627451 0.6666667 0.65882355 0.6666667 0.6392157 0.53333336 0.6117647 0.6039216 0.56078434 0.5058824 0.53333336 0.5254902 0.5411765 0.5568628 0.54509807 0.53333336 0.5254902 0.5294118 0.5411765 0.5764706 0.6
0.3647059 0.39215687 0.42352942 0.4745098 0.5568628 0.60784316 0.63529414 0.6431373 0.654902 0.6666667 0.67058825 0.67058825 0.67058825 0.67058825 0.6431373 0.5529412 0.53333336 0.6039216 0.56078434 0.5254902 0.57254905 0.5921569 0.5568628 0.54509807 0.54509807 0.5372549 0.5294118 0.5294118 0.5372549 0.54901963 0.5803922 0.6039216
0.35686275 0.36862746 0.3764706 0.3764706 0.40392157 0.43529412 0.47843137 0.53333336 0.57254905 0.6 0.62352943 0.6431373 0.6666667 0.627451 0.46666667 0.4392157 0.57254905 0.57254905 0.5568628 0.5294118 0.5647059 0.54509807 0.56078434 0.5176471 0.5254902 0.5254902 0.5294118 0.5372549 0.54509807 0.56078434 0.5882353 0.60784316
0.35686275 0.37254903 0.39215687 0.40784314 0.41568628 0.42352942 0.42352942 0.4392157 0.46666667 0.47843137 0.49411765 0.53333336 0.5686275 0.5058824 0.40392157 0.43137255 0.5372549 0.48235294 0.5647059 0.64705884 0.59607846 0.4862745 0.54901963 0.49803922 0.50980395 0.52156866 0.53333336 0.5411765 0.54509807 0.56078434 0.58431375 0.6
0.35686275 0.36862746 0.38039216 0.4 0.42352942 0.43137255 0.43529412 0.45882353 0.4862745 0.4862745 0.47843137 0.47843137 0.49019608 0.4627451 0.4392157 0.4509804 0.49803922 0.43137255 0.5803922 0.6627451 0.59607846 0.4745098 0.5372549 0.49803922 0.49803922 0.5176471 0.5294118 0.54509807 0.5529412 0.5647059 0.5882353 0.60784316
0.38039216 0.38431373 0.3882353 0.39607844 0.40392157 0.41960785 0.43137255 0.4745098 0.5686275 0.59607846 0.54901963 0.5176471 0.5411765 0.56078434 0.5372549 0.50980395 0.5137255 0.48235294 0.6 0.65882355 0.59607846 0.49019608 0.5294118 0.49019608 0.49019608 0.5176471 0.5294118 0.5372549 0.5529412 0.57254905 0.59607846 0.60784316
0.39215687 0.40392157 0.4117647 0.4117647 0.41960785 0.41960785 0.45882353 0.6392157 0.8 0.8156863 0.78431374 0.7372549 0.7490196 0.7764706 0.75686276 0.6666667 0.5686275 0.4862745 0.5803922 0.6431373 0.6039216 0.5294118 0.5372549 0.5176471 0.50980395 0.5137255 0.5254902 0.5372549 0.5568628 0.5803922 0.6 0.6156863
0.38431373 0.39607844 0.4 0.40392157 0.4117647 0.41568628 0.58431375 0.8901961 0.9411765 0.92156863 0.93333334 0.93333334 0.92156863 0.91764706 0.91764706 0.8666667 0.7411765 0.5647059 0.58431375 0.5921569 0.57254905 0.5647059 0.5647059 0.5647059 0.5568628 0.54509807 0.5254902 0.5137255 0.5137255 0.52156866 0.54509807 0.5764706
0.5686275 0.5647059 0.5647059 0.5372549 0.49803922 0.4392157 0.41960785 0.45490196 0.4745098 0.4862745 0.5137255 0.5137255 0.5372549 0.54509807 0.5372549 0.54509807 0.5686275 0.54901963 0.5568628 0.58431375 0.53333336 0.53333336 0.5176471 0.61960787 0.7921569 0.8156863 0.83137256 0.84313726 0.81960785 0.83137256 0.77254903 0.53333336
0.5803922 0.5803922 0.5764706 0.53333336 0.4862745 0.46666667 0.44313726 0.45882353 0.4745098 0.5019608 0.50980395 0.5254902 0.54901963 0.5411765 0.57254905 0.63529414 0.6117647 0.5647059 0.5568628 0.5647059 0.5647059 0.5647059 0.5529412 0.627451 0.79607844 0.827451 0.84705883 0.85490197 0.827451 0.84313726 0.7764706 0.5254902
0.60784316 0.59607846 0.5686275 0.5176471 0.46666667 0.47058824 0.45882353 0.45882353 0.4745098 0.52156866 0.47843137 0.4862745 0.52156866 0.53333336 0.6 0.7372549 0.654902 0.5686275 0.5686275 0.54901963 0.5529412 0.5686275 0.5568628 0.627451 0.8 0.81960785 0.84313726 0.84705883 0.81960785 0.8392157 0.7607843 0.50980395
0.63529414 0.6039216 0.5647059 0.5176471 0.4627451 0.4627451 0.4627451 0.4745098 0.46666667 0.5254902 0.5019608 0.41960785 0.45490196 0.5019608 0.60784316 0.7882353 0.69803923 0.5686275 0.5647059 0.54901963 0.5647059 0.5568628 0.5411765 0.6431373 0.8117647 0.8235294 0.84705883 0.8509804 0.8156863 0.84705883 0.75686276 0.5411765
0.54509807 0.53333336 0.54509807 0.5058824 0.45882353 0.44313726 0.4509804 0.49019608 0.4745098 0.49019608 0.5254902 0.4117647 0.38431373 0.4509804 0.61960787 0.8 0.7019608 0.57254905 0.5568628 0.5647059 0.5764706 0.5647059 0.54901963 0.654902 0.8156863 0.8235294 0.84705883 0.8509804 0.8156863 0.84705883 0.7529412 0.54901963
0.4862745 0.49019608 0.52156866 0.5019608 0.4627451 0.4392157 0.44313726 0.4862745 0.4862745 0.46666667 0.5137255 0.43137255 0.4117647 0.4745098 0.6392157 0.75686276 0.62352943 0.5568628 0.56078434 0.57254905 0.57254905 0.5647059 0.5372549 0.6784314 0.81960785 0.8235294 0.8509804 0.8509804 0.8156863 0.84705883 0.7490196 0.5411765
0.47843137 0.4862745 0.4862745 0.4862745 0.46666667 0.44705883 0.44705883 0.48235294 0.48235294 0.4627451 0.50980395 0.45882353 0.44705883 0.47843137 0.5686275 0.5882353 0.46666667 0.5294118 0.5568628 0.54901963 0.49411765 0.47843137 0.47058824 0.6745098 0.8352941 0.83137256 0.85882354 0.85490197 0.81960785 0.84313726 0.7294118 0.52156866
0.43529412 0.44313726 0.44705883 0.4392157 0.4509804 0.45490196 0.44705883 0.45490196 0.4745098 0.4745098 0.5294118 0.5647059 0.5372549 0.46666667 0.4627451 0.49019608 0.49411765 0.54509807 0.5568628 0.5058824 0.4745098 0.4509804 0.40392157 0.65882355 0.84705883 0.8392157 0.8666667 0.85490197 0.8235294 0.8392157 0.70980394 0.5058824
0.46666667 0.4509804 0.44705883 0.4509804 0.47058824 0.47843137 0.4627451 0.44705883 0.4627451 0.48235294 0.5058824 0.60784316 0.5411765 0.46666667 0.4117647 0.47843137 0.57254905 0.54901963 0.4117647 0.32156864 0.3764706 0.43137255 0.42352942 0.67058825 0.8392157 0.84705883 0.87058824 0.85882354 0.8235294 0.8392157 0.7058824 0.5137255
0.54509807 0.5294118 0.5294118 0.52156866 0.5137255 0.50980395 0.50980395 0.5058824 0.5019608 0.48235294 0.49019608 0.5411765 0.49019608 0.49803922 0.5294118 0.45490196 0.5764706 0.5294118 0.27058825 0.24313726 0.28235295 0.33333334 0.42745098 0.6666667 0.8352941 0.84705883 0.87058824 0.85882354 0.827451 0.84313726 0.6862745 0.47843137
0.6313726 0.65882355 0.6666667 0.63529414 0.6156863 0.59607846 0.5921569 0.5803922 0.5647059 0.5411765 0.5058824 0.56078434 0.6117647 0.6039216 0.53333336 0.5294118 0.5921569 0.57254905 0.36078432 0.24705882 0.30588236 0.34509805 0.38431373 0.6117647 0.8235294 0.84705883 0.87058824 0.85882354 0.8392157 0.84313726 0.67058825 0.4627451
0.7019608 0.72156864 0.7372549 0.7372549 0.73333335 0.7254902 0.7176471 0.7019608 0.6313726 0.6156863 0.6509804 0.7058824 0.7254902 0.73333335 0.5882353 0.5686275 0.5803922 0.5882353 0.45882353 0.28235295 0.30588236 0.3764706 0.38039216 0.52156866 0.78431374 0.8509804 0.8745098 0.85882354 0.84705883 0.84313726 0.65882355 0.48235294
0.7294118 0.74509805 0.7647059 0.78039217 0.7882353 0.7921569 0.79607844 0.78431374 0.6745098 0.56078434 0.56078434 0.6666667 0.7490196 0.7647059 0.6862745 0.57254905 0.5411765 0.56078434 0.4862745 0.34509805 0.3137255 0.4 0.40784314 0.45490196 0.7137255 0.8509804 0.8784314 0.85882354 0.8509804 0.8352941 0.654902 0.5019608
0.7176471 0.7411765 0.7607843 0.78039217 0.7921569 0.8039216 0.8117647 0.8039216 0.7647059 0.6627451 0.5411765 0.47058824 0.6156863 0.76862746 0.6862745 0.5294118 0.4862745 0.50980395 0.49803922 0.3882353 0.3372549 0.42745098 0.44313726 0.43529412 0.6156863 0.84313726 0.88235295 0.85882354 0.8509804 0.8235294 0.654902 0.5372549
0.7411765 0.7490196 0.7372549 0.72156864 0.7294118 0.75686276 0.77254903 0.7764706 0.8039216 0.8235294 0.7411765 0.41568628 0.44313726 0.7176471 0.6431373 0.5176471 0.4509804 0.4627451 0.52156866 0.41568628 0.36078432 0.4392157 0.47843137 0.44313726 0.53333336 0.8039216 0.89411765 0.8666667 0.84313726 0.8 0.69803923 0.6509804
0.7372549 0.7490196 0.7529412 0.7372549 0.7529412 0.7882353 0.79607844 0.7921569 0.7921569 0.7921569 0.7490196 0.45882353 0.41960785 0.654902 0.59607846 0.5137255 0.46666667 0.49411765 0.5294118 0.43137255 0.3647059 0.41568628 0.4862745 0.4745098 0.4745098 0.72156864 0.9098039 0.8745098 0.84705883 0.84705883 0.8352941 0.827451
0.7058824 0.7372549 0.77254903 0.8 0.8039216 0.8039216 0.81960785 0.8352941 0.84705883 0.8392157 0.827451 0.6509804 0.49411765 0.5568628 0.49411765 0.43529412 0.47058824 0.5176471 0.54901963 0.4745098 0.3764706 0.41568628 0.47058824 0.48235294 0.4745098 0.6745098 0.92941177 0.9137255 0.89411765 0.89411765 0.8862745 0.8862745
0.70980394 0.7176471 0.73333335 0.7411765 0.69803923 0.6745098 0.70980394 0.7529412 0.7882353 0.80784315 0.84313726 0.69803923 0.36862746 0.48235294 0.5254902 0.50980395 0.5372549 0.54901963 0.58431375 0.52156866 0.41568628 0.40784314 0.4862745 0.5019608 0.49019608 0.6509804 0.8666667 0.8784314 0.88235295 0.8901961 0.89411765 0.89411765
0.57254905 0.5764706 0.5921569 0.54509807 0.5176471 0.5294118 0.54509807 0.5686275 0.60784316 0.6392157 0.6784314 0.627451 0.29803923 0.43529412 0.6313726 0.5882353 0.54509807 0.5411765 0.5647059 0.5294118 0.41960785 0.39215687 0.4862745 0.52156866 0.52156866 0.69803923 0.827451 0.8156863 0.81960785 0.83137256 0.8352941 0.84313726
0.4862745 0.49411765 0.5019608 0.5019608 0.5019608 0.5058824 0.5137255 0.52156866 0.5254902 0.5176471 0.5176471 0.5058824 0.38431373 0.42352942 0.6 0.5921569 0.57254905 0.5137255 0.53333336 0.54901963 0.42352942 0.39215687 0.50980395 0.5176471 0.5411765 0.8117647 0.8901961 0.87058824 0.87058824 0.87058824 0.8627451 0.8509804
0.5019608 0.5058824 0.5176471 0.54509807 0.5411765 0.5254902 0.5294118 0.53333336 0.5372549 0.5294118 0.5137255 0.5019608 0.49411765 0.49019608 0.5294118 0.5568628 0.6 0.5529412 0.5294118 0.5137255 0.5058824 0.46666667 0.56078434 0.5176471 0.54901963 0.78039217 0.84313726 0.87058824 0.88235295 0.8980392 0.9098039 0.90588236
0.52156866 0.5176471 0.52156866 0.53333336 0.54509807 0.5529412 0.56078434 0.5568628 0.5529412 0.54901963 0.5294118 0.52156866 0.52156866 0.5137255 0.49411765 0.48235294 0.5137255 0.5568628 0.53333336 0.5372549 0.5686275 0.5254902 0.59607846 0.56078434 0.5176471 0.5372549 0.59607846 0.654902 0.70980394 0.76862746 0.8117647 0.84705883
0.5411765 0.54901963 0.54901963 0.5568628 0.5568628 0.5529412 0.5529412 0.54509807 0.5372549 0.5372549 0.53333336 0.5254902 0.52156866 0.52156866 0.5137255 0.4745098 0.5058824 0.5529412 0.5529412 0.5254902 0.44705883 0.49019608 0.5647059 0.5294118 0.44313726 0.39607844 0.4117647 0.43137255 0.46666667 0.5137255 0.54901963 0.6
0.5254902 0.54509807 0.57254905 0.5882353 0.57254905 0.5647059 0.56078434 0.54901963 0.53333336 0.53333336 0.54509807 0.5411765 0.5372549 0.53333336 0.5254902 0.5176471 0.5176471 0.54509807 0.5254902 0.43137255 0.40392157 0.4627451 0.44313726 0.41960785 0.41568628 0.38039216 0.36078432 0.36078432 0.36862746 0.39215687 0.43137255 0.4627451
0.3882353 0.45490196 0.5294118 0.5647059 0.57254905 0.5764706 0.5803922 0.5686275 0.5568628 0.5529412 0.54509807 0.5529412 0.5647059 0.56078434 0.57254905 0.5647059 0.47058824 0.5411765 0.5372549 0.5137255 0.47058824 0.49019608 0.45490196 0.42352942 0.39607844 0.3529412 0.34117648 0.34117648 0.3529412 0.3764706 0.41960785 0.4509804
0.16470589 0.20392157 0.25490198 0.32156864 0.40784314 0.46666667 0.5019608 0.52156866 0.54509807 0.5647059 0.5568628 0.5568628 0.5686275 0.58431375 0.5686275 0.4862745 0.47058824 0.5294118 0.49019608 0.47058824 0.5372549 0.54509807 0.47843137 0.41568628 0.38039216 0.3529412 0.34117648 0.34901962 0.3647059 0.3882353 0.43137255 0.4627451
0.09411765 0.11764706 0.13725491 0.14117648 0.1764706 0.21568628 0.2784314 0.35686275 0.41960785 0.4627451 0.4862745 0.52156866 0.5686275 0.5529412 0.4117647 0.38431373 0.5058824 0.49803922 0.48235294 0.4745098 0.5254902 0.5019608 0.48235294 0.39215687 0.36078432 0.3529412 0.34117648 0.34901962 0.36862746 0.39607844 0.43137255 0.4627451
0.07058824 0.09019608 0.1254902 0.12941177 0.14509805 0.15686275 0.15686275 0.19607843 0.23921569 0.2627451 0.3137255 0.36862746 0.43137255 0.40392157 0.32156864 0.34901962 0.4627451 0.4117647 0.49411765 0.5882353 0.5529412 0.43529412 0.4627451 0.3647059 0.3529412 0.36078432 0.34901962 0.34509805 0.3647059 0.3882353 0.41568628 0.44705883
0.078431375 0.101960786 0.13725491 0.12941177 0.14509805 0.16470589 0.13333334 0.18431373 0.22352941 0.21176471 0.21568628 0.21568628 0.24705882 0.2627451 0.2509804 0.28627452 0.3882353 0.3647059 0.52156866 0.59607846 0.53333336 0.4 0.42352942 0.34901962 0.32941177 0.35686275 0.35686275 0.36078432 0.3764706 0.39607844 0.42352942 0.45490196
0.101960786 0.11372549 0.15294118 0.14509805 0.12156863 0.12156863 0.14509805 0.2627451 0.41568628 0.43137255 0.33333334 0.26666668 0.30588236 0.36862746 0.34509805 0.30980393 0.3529412 0.38431373 0.5294118 0.58431375 0.50980395 0.36862746 0.36862746 0.3019608 0.2901961 0.32941177 0.3529412 0.36862746 0.39215687 0.41960785 0.4509804 0.47058824
0.11764706 0.11764706 0.16078432 0.17254902 0.13333334 0.11764706 0.23529412 0.5294118 0.78039217 0.81960785 0.74509805 0.6627451 0.6862745 0.7411765 0.7176471 0.54509807 0.40784314 0.3764706 0.5137255 0.5686275 0.48235294 0.34117648 0.31764707 0.28235295 0.27058825 0.2901961 0.32156864 0.3529412 0.3882353 0.42745098 0.4627451 0.4862745
0.15294118 0.11372549 0.14509805 0.16862746 0.15686275 0.18039216 0.45490196 0.8666667 0.972549 0.9764706 0.9647059 0.9372549 0.93333334 0.94509804 0.93333334 0.8235294 0.654902 0.5019608 0.54901963 0.5176471 0.4117647 0.32941177 0.30980393 0.29411766 0.2901961 0.2901961 0.28627452 0.2901961 0.30588236 0.3372549 0.3764706 0.42352942
27 2 2
