32, 32, 3, 1
0.6862745 0.7019608 0.72156864 0.74509805 0.7647059 0.78039217 0.7921569 0.79607844 0.8117647 0.81960785 0.827451 0.8235294 0.8235294 0.83137256 0.8352941 0.83137256 0.81960785 0.80784315 0.7921569 0.78431374 0.78039217 0.7647059 0.7372549 0.72156864 0.7294118 0.7058824 0.6745098 0.63529414 0.59607846 0.5372549 0.49019608 0.47058824
0.69803923 0.70980394 0.7254902 0.7490196 0.76862746 0.7764706 0.78431374 0.8 0.8156863 0.827451 0.827451 0.83137256 0.8392157 0.84313726 0.84313726 0.8392157 0.84313726 0.8392157 0.83137256 0.81960785 0.8039216 0.78431374 0.7647059 0.7529412 0.7490196 0.7294118 0.7019608 0.6666667 0.62352943 0.5686275 0.5176471 0.49803922
0.69803923 0.70980394 0.7254902 0.7529412 0.77254903 0.7764706 0.78431374 0.79607844 0.8117647 0.81960785 0.83137256 0.8392157 0.8392157 0.84313726 0.8509804 0.85490197 0.85490197 0.84313726 0.8392157 0.83137256 0.8156863 0.7921569 0.7882353 0.77254903 0.74509805 0.7254902 0.7019608 0.67058825 0.6392157 0.60784316 0.5568628 0.5137255
0.6862745 0.7019608 0.72156864 0.7529412 0.76862746 0.7764706 0.78431374 0.7921569 0.79607844 0.8039216 0.8235294 0.83137256 0.8352941 0.84313726 0.85490197 0.85490197 0.8509804 0.8392157 0.8392157 0.8352941 0.81960785 0.79607844 0.79607844 0.7882353 0.7529412 0.73333335 0.7137255 0.68235296 0.6627451 0.63529414 0.6 0.56078434
0.67058825 0.6862745 0.7137255 0.7490196 0.7607843 0.77254903 0.78431374 0.7882353 0.7882353 0.79607844 0.8117647 0.8235294 0.8352941 0.84313726 0.8509804 0.85490197 0.84705883 0.8392157 0.84705883 0.84313726 0.8352941 0.81960785 0.8039216 0.7882353 0.7607843 0.74509805 0.73333335 0.7137255 0.68235296 0.6509804 0.62352943 0.6
0.6666667 0.6784314 0.69803923 0.7294118 0.74509805 0.75686276 0.77254903 0.7882353 0.79607844 0.8039216 0.81960785 0.827451 0.83137256 0.8392157 0.84705883 0.84705883 0.80784315 0.8156863 0.8392157 0.84705883 0.84313726 0.83137256 0.8117647 0.7921569 0.77254903 0.7607843 0.7411765 0.7254902 0.6862745 0.6509804 0.6156863 0.6
0.6784314 0.6901961 0.7137255 0.7372549 0.75686276 0.7490196 0.75686276 0.78039217 0.7921569 0.8 0.8156863 0.827451 0.83137256 0.8352941 0.8352941 0.8235294 0.7176471 0.7019608 0.8039216 0.83137256 0.8235294 0.8235294 0.80784315 0.7882353 0.7647059 0.7529412 0.7294118 0.7058824 0.67058825 0.63529414 0.6 0.58431375
0.68235296 0.68235296 0.7411765 0.76862746 0.78039217 0.76862746 0.7607843 0.7764706 0.78039217 0.7607843 0.79607844 0.8156863 0.8235294 0.827451 0.827451 0.8 0.7411765 0.7176471 0.7882353 0.8117647 0.8117647 0.7764706 0.7764706 0.7764706 0.7529412 0.7372549 0.70980394 0.6901961 0.6627451 0.62352943 0.58431375 0.5764706
0.68235296 0.67058825 0.73333335 0.7647059 0.7647059 0.7647059 0.76862746 0.7764706 0.7764706 0.70980394 0.78431374 0.8039216 0.80784315 0.8039216 0.8039216 0.78039217 0.74509805 0.75686276 0.7764706 0.7921569 0.8 0.69803923 0.69411767 0.7647059 0.74509805 0.7176471 0.69803923 0.6901961 0.6666667 0.5921569 0.53333336 0.57254905
0.68235296 0.6862745 0.7176471 0.7411765 0.7490196 0.75686276 0.7647059 0.76862746 0.7764706 0.7529412 0.7921569 0.8 0.8039216 0.8156863 0.8 0.7921569 0.75686276 0.75686276 0.7764706 0.8 0.78431374 0.7137255 0.6901961 0.74509805 0.7294118 0.70980394 0.7019608 0.6901961 0.6745098 0.57254905 0.5058824 0.5882353
0.67058825 0.6745098 0.7019608 0.7372549 0.74509805 0.7529412 0.7607843 0.76862746 0.78039217 0.7882353 0.8 0.8 0.8039216 0.7529412 0.8 0.84313726 0.69411767 0.6666667 0.7294118 0.77254903 0.7294118 0.63529414 0.65882355 0.6862745 0.6862745 0.7137255 0.69803923 0.68235296 0.6627451 0.53333336 0.5019608 0.59607846
0.6666667 0.6745098 0.72156864 0.74509805 0.7490196 0.7529412 0.7647059 0.77254903 0.78039217 0.78039217 0.7882353 0.79607844 0.7490196 0.6313726 0.6901961 0.70980394 0.6039216 0.54901963 0.6392157 0.7137255 0.7294118 0.5254902 0.58431375 0.6901961 0.7019608 0.69411767 0.65882355 0.6313726 0.60784316 0.4627451 0.5019608 0.60784316
0.6745098 0.6862745 0.73333335 0.7411765 0.7490196 0.7529412 0.7529412 0.7647059 0.77254903 0.8039216 0.8039216 0.8039216 0.7176471 0.7137255 0.73333335 0.6627451 0.72156864 0.73333335 0.6313726 0.64705884 0.68235296 0.56078434 0.54901963 0.67058825 0.6862745 0.6745098 0.63529414 0.6431373 0.627451 0.49411765 0.5294118 0.6509804
0.6745098 0.6745098 0.7176471 0.7372549 0.75686276 0.7607843 0.7647059 0.7764706 0.7411765 0.7294118 0.7019608 0.6784314 0.6666667 0.69803923 0.67058825 0.69803923 0.73333335 0.74509805 0.627451 0.53333336 0.5137255 0.6784314 0.6862745 0.72156864 0.78431374 0.8156863 0.80784315 0.81960785 0.75686276 0.47843137 0.5176471 0.654902
0.6627451 0.6627451 0.7019608 0.7254902 0.75686276 0.6862745 0.57254905 0.58431375 0.57254905 0.56078434 0.5803922 0.60784316 0.61960787 0.6666667 0.5058824 0.5647059 0.6039216 0.6 0.5647059 0.4745098 0.49803922 0.64705884 0.6862745 0.6862745 0.70980394 0.7411765 0.80784315 0.8745098 0.7921569 0.5647059 0.5411765 0.6039216
0.61960787 0.63529414 0.67058825 0.7176471 0.75686276 0.627451 0.28235295 0.2 0.1882353 0.20392157 0.27058825 0.3254902 0.42745098 0.58431375 0.5411765 0.44313726 0.43137255 0.49411765 0.47843137 0.4627451 0.45490196 0.5254902 0.6039216 0.60784316 0.4627451 0.5176471 0.6 0.59607846 0.6745098 0.62352943 0.56078434 0.6117647
0.5411765 0.58431375 0.6039216 0.6509804 0.6431373 0.61960787 0.32941177 0.105882354 0.07058824 0.047058824 0.047058824 0.05882353 0.07450981 0.13725491 0.17254902 0.16862746 0.22352941 0.27058825 0.28235295 0.32156864 0.33333334 0.30980393 0.4 0.44705883 0.28235295 0.34117648 0.42745098 0.35686275 0.4627451 0.5372549 0.44705883 0.6
0.5294118 0.5568628 0.5647059 0.5529412 0.53333336 0.54509807 0.45882353 0.12941177 0.08627451 0.09411765 0.07058824 0.08627451 0.08235294 0.06666667 0.0627451 0.05882353 0.078431375 0.09803922 0.16470589 0.2 0.1882353 0.2 0.23921569 0.23529412 0.17254902 0.17254902 0.19215687 0.21960784 0.27058825 0.28235295 0.23137255 0.27450982
0.47058824 0.5294118 0.5764706 0.5254902 0.47843137 0.5294118 0.5568628 0.19607843 0.078431375 0.09019608 0.07058824 0.06666667 0.08235294 0.08235294 0.078431375 0.07450981 0.07450981 0.078431375 0.11372549 0.19607843 0.22745098 0.21960784 0.20784314 0.21960784 0.20784314 0.15686275 0.16862746 0.2 0.21568628 0.19215687 0.13725491 0.078431375
0.59607846 0.60784316 0.5568628 0.6039216 0.6392157 0.627451 0.5764706 0.37254903 0.1254902 0.10980392 0.105882354 0.09411765 0.09803922 0.08235294 0.06666667 0.0627451 0.078431375 0.09019608 0.09019608 0.14901961 0.24313726 0.26666668 0.27450982 0.3254902 0.2901961 0.30588236 0.32941177 0.25490198 0.20784314 0.1882353 0.12941177 0.2627451
0.654902 0.56078434 0.4392157 0.5921569 0.5411765 0.45490196 0.43137255 0.5137255 0.36862746 0.28627452 0.27450982 0.23921569 0.22352941 0.20784314 0.1764706 0.14117648 0.12941177 0.14117648 0.14509805 0.18039216 0.24313726 0.27058825 0.29411766 0.32156864 0.2509804 0.22352941 0.21568628 0.18039216 0.20784314 0.19607843 0.19607843 0.3764706
0.34509805 0.21960784 0.18431373 0.24313726 0.1882353 0.16078432 0.29803923 0.5882353 0.5254902 0.3529412 0.28627452 0.22745098 0.1882353 0.16470589 0.1254902 0.08235294 0.07058824 0.08627451 0.078431375 0.101960786 0.14509805 0.15686275 0.16862746 0.18039216 0.14509805 0.14509805 0.2 0.27450982 0.30588236 0.23529412 0.20392157 0.29411766
0.21960784 0.17254902 0.18039216 0.31764707 0.3647059 0.3882353 0.4745098 0.5137255 0.3137255 0.16470589 0.12156863 0.09411765 0.07058824 0.05882353 0.05882353 0.047058824 0.05490196 0.0627451 0.07450981 0.09803922 0.11372549 0.15294118 0.19215687 0.20392157 0.1764706 0.23137255 0.3137255 0.36078432 0.34509805 0.21568628 0.15294118 0.1764706
0.3529412 0.34117648 0.34901962 0.4509804 0.4627451 0.45882353 0.47058824 0.30980393 0.1254902 0.07450981 0.050980393 0.05490196 0.05882353 0.05490196 0.05882353 0.05882353 0.05490196 0.050980393 0.07450981 0.101960786 0.12156863 0.16470589 0.21568628 0.23529412 0.21568628 0.26666668 0.34509805 0.3764706 0.3529412 0.23921569 0.18039216 0.20392157
0.34901962 0.3647059 0.38431373 0.41568628 0.42352942 0.43137255 0.42352942 0.20784314 0.05882353 0.05882353 0.03529412 0.039215688 0.047058824 0.043137256 0.047058824 0.050980393 0.0627451 0.06666667 0.078431375 0.09411765 0.13333334 0.18431373 0.23137255 0.25490198 0.23137255 0.28627452 0.35686275 0.38431373 0.35686275 0.23137255 0.19215687 0.23137255
0.34509805 0.34901962 0.37254903 0.4 0.40784314 0.39215687 0.32156864 0.12941177 0.050980393 0.05490196 0.03529412 0.03529412 0.06666667 0.08627451 0.078431375 0.0627451 0.09411765 0.11372549 0.105882354 0.10980392 0.15686275 0.19215687 0.23529412 0.27058825 0.25882354 0.30980393 0.3529412 0.38431373 0.3764706 0.24705882 0.19215687 0.2509804
0.32156864 0.3137255 0.3529412 0.38039216 0.38431373 0.3372549 0.20392157 0.08235294 0.078431375 0.078431375 0.05490196 0.043137256 0.09803922 0.13333334 0.09803922 0.078431375 0.10980392 0.14509805 0.13725491 0.13333334 0.18431373 0.19215687 0.23529412 0.25490198 0.26666668 0.30980393 0.30588236 0.31764707 0.3137255 0.21960784 0.18039216 0.20784314
0.2901961 0.29411766 0.31764707 0.33333334 0.33333334 0.28627452 0.16470589 0.078431375 0.07058824 0.07058824 0.07450981 0.09411765 0.11764706 0.13333334 0.14901961 0.17254902 0.15294118 0.13725491 0.16470589 0.17254902 0.20784314 0.22745098 0.24705882 0.2509804 0.25490198 0.29803923 0.29411766 0.2784314 0.25882354 0.18431373 0.15686275 0.18431373
0.2784314 0.28235295 0.29803923 0.3019608 0.30980393 0.2627451 0.1882353 0.1254902 0.1254902 0.14901961 0.16862746 0.16862746 0.19607843 0.19607843 0.18431373 0.2 0.1764706 0.18039216 0.19607843 0.2 0.2509804 0.23921569 0.22745098 0.22745098 0.24705882 0.28627452 0.28235295 0.27450982 0.24313726 0.18039216 0.15294118 0.16470589
0.2627451 0.25882354 0.2784314 0.28627452 0.29411766 0.27450982 0.21568628 0.18431373 0.23529412 0.23529412 0.21960784 0.18431373 0.20784314 0.25882354 0.19215687 0.20784314 0.1764706 0.18431373 0.1764706 0.20784314 0.2509804 0.22352941 0.2 0.20392157 0.21176471 0.25882354 0.27058825 0.27450982 0.2509804 0.17254902 0.14509805 0.14509805
0.24313726 0.23137255 0.24705882 0.25490198 0.2627451 0.2627451 0.22745098 0.20784314 0.23137255 0.22352941 0.1882353 0.16862746 0.2 0.22745098 0.23921569 0.24705882 0.22352941 0.20784314 0.23137255 0.23137255 0.22352941 0.21960784 0.20392157 0.21568628 0.20784314 0.21568628 0.24313726 0.25490198 0.22745098 0.1764706 0.14509805 0.14509805
0.22745098 0.22745098 0.24705882 0.25882354 0.2627451 0.24313726 0.22352941 0.23921569 0.23137255 0.21960784 0.23137255 0.25490198 0.23921569 0.22352941 0.25490198 0.2509804 0.19607843 0.18431373 0.22352941 0.23529412 0.23137255 0.22352941 0.20392157 0.21176471 0.21176471 0.2 0.20392157 0.18431373 0.15686275 0.1254902 0.105882354 0.09803922
0.7294118 0.74509805 0.7647059 0.77254903 0.78039217 0.8 0.8117647 0.81960785 0.84313726 0.84705883 0.8352941 0.8352941 0.84313726 0.8509804 0.85882354 0.85490197 0.84705883 0.8352941 0.8235294 0.8156863 0.8039216 0.78431374 0.7607843 0.75686276 0.7647059 0.7372549 0.7176471 0.69803923 0.6627451 0.63529414 0.6039216 0.5882353
0.7411765 0.7529412 0.76862746 0.7764706 0.7882353 0.79607844 0.8039216 0.8156863 0.83137256 0.8392157 0.84313726 0.84705883 0.85882354 0.8666667 0.8666667 0.8627451 0.85882354 0.85490197 0.84705883 0.8352941 0.8235294 0.80784315 0.7882353 0.77254903 0.7764706 0.7607843 0.7411765 0.7176471 0.6745098 0.654902 0.62352943 0.6039216
0.74509805 0.7529412 0.76862746 0.78431374 0.7921569 0.8 0.8039216 0.8156863 0.8235294 0.83137256 0.84313726 0.8509804 0.8627451 0.8666667 0.8745098 0.8745098 0.8666667 0.85490197 0.8509804 0.84313726 0.8392157 0.8235294 0.80784315 0.79607844 0.78039217 0.7647059 0.74509805 0.72156864 0.6901961 0.6784314 0.6431373 0.6156863
0.7372549 0.7411765 0.7647059 0.78039217 0.78431374 0.79607844 0.80784315 0.8117647 0.81960785 0.827451 0.84313726 0.85490197 0.85882354 0.8666667 0.8784314 0.8784314 0.87058824 0.85882354 0.8509804 0.84313726 0.8352941 0.81960785 0.8156863 0.8156863 0.79607844 0.77254903 0.7529412 0.7254902 0.7058824 0.6862745 0.67058825 0.6509804
0.72156864 0.7294118 0.75686276 0.7764706 0.78039217 0.79607844 0.80784315 0.8156863 0.827451 0.8352941 0.8509804 0.85882354 0.85882354 0.8666667 0.8745098 0.8784314 0.88235295 0.8784314 0.8627451 0.8509804 0.84313726 0.827451 0.8156863 0.8156863 0.8039216 0.78431374 0.76862746 0.7411765 0.7137255 0.6901961 0.68235296 0.67058825
0.7137255 0.72156864 0.74509805 0.77254903 0.78039217 0.7921569 0.8039216 0.81960785 0.827451 0.8352941 0.8509804 0.85490197 0.85490197 0.8627451 0.87058824 0.87058824 0.85490197 0.85882354 0.87058824 0.8627451 0.84705883 0.8352941 0.81960785 0.8117647 0.8039216 0.7882353 0.76862746 0.7490196 0.70980394 0.6862745 0.6666667 0.65882355
0.7254902 0.73333335 0.75686276 0.78039217 0.79607844 0.7921569 0.79607844 0.8117647 0.8156863 0.8235294 0.8392157 0.8509804 0.85490197 0.85882354 0.85882354 0.8509804 0.78039217 0.75686276 0.84705883 0.85490197 0.83137256 0.8352941 0.8156863 0.8039216 0.7921569 0.7764706 0.7529412 0.7294118 0.69803923 0.6784314 0.654902 0.6431373
0.7294118 0.7176471 0.76862746 0.79607844 0.80784315 0.8039216 0.8039216 0.80784315 0.8039216 0.7882353 0.81960785 0.8392157 0.84705883 0.8509804 0.8509804 0.827451 0.8 0.77254903 0.83137256 0.8352941 0.83137256 0.8039216 0.7921569 0.7921569 0.7764706 0.7607843 0.7372549 0.7176471 0.69411767 0.6666667 0.6392157 0.63529414
0.7294118 0.70980394 0.76862746 0.7921569 0.7882353 0.79607844 0.8 0.8039216 0.8 0.73333335 0.80784315 0.827451 0.8352941 0.8392157 0.83137256 0.8156863 0.7921569 0.8 0.81960785 0.8235294 0.81960785 0.74509805 0.7411765 0.78431374 0.7764706 0.7529412 0.73333335 0.7176471 0.69411767 0.6627451 0.61960787 0.6313726
0.7294118 0.7294118 0.7607843 0.77254903 0.77254903 0.78039217 0.7882353 0.7921569 0.8 0.7764706 0.8156863 0.827451 0.827451 0.84313726 0.83137256 0.83137256 0.8 0.79607844 0.80784315 0.8235294 0.8039216 0.7882353 0.76862746 0.7764706 0.7647059 0.75686276 0.7411765 0.72156864 0.69803923 0.64705884 0.60784316 0.627451
0.72156864 0.7176471 0.7490196 0.76862746 0.76862746 0.7764706 0.78431374 0.7921569 0.8039216 0.8156863 0.827451 0.827451 0.83137256 0.8039216 0.84705883 0.87058824 0.7607843 0.73333335 0.7764706 0.8039216 0.7764706 0.72156864 0.7372549 0.7294118 0.7294118 0.7607843 0.7411765 0.70980394 0.69411767 0.62352943 0.6117647 0.627451
0.7176471 0.72156864 0.7647059 0.7764706 0.76862746 0.7764706 0.7882353 0.79607844 0.79607844 0.8 0.81960785 0.81960785 0.7921569 0.7176471 0.7490196 0.7411765 0.6745098 0.64705884 0.7176471 0.76862746 0.77254903 0.6313726 0.69803923 0.7529412 0.7529412 0.75686276 0.7254902 0.6901961 0.6666667 0.6039216 0.6117647 0.6156863
0.7254902 0.73333335 0.78039217 0.77254903 0.77254903 0.7764706 0.7764706 0.7921569 0.8156863 0.84705883 0.84705883 0.8352941 0.77254903 0.76862746 0.78039217 0.70980394 0.7607843 0.74509805 0.7137255 0.70980394 0.7254902 0.6627451 0.64705884 0.7254902 0.73333335 0.7176471 0.6745098 0.6862745 0.69411767 0.6117647 0.6 0.59607846
0.7254902 0.72156864 0.75686276 0.76862746 0.78039217 0.7882353 0.7882353 0.8 0.7372549 0.7058824 0.654902 0.6117647 0.6627451 0.7019608 0.6666667 0.6862745 0.7294118 0.61960787 0.4627451 0.4509804 0.5921569 0.7411765 0.73333335 0.7490196 0.80784315 0.8117647 0.78431374 0.80784315 0.78431374 0.5803922 0.58431375 0.57254905
0.7176471 0.7058824 0.7372549 0.7529412 0.77254903 0.7254902 0.6431373 0.67058825 0.54509807 0.4627451 0.42352942 0.40392157 0.42745098 0.4862745 0.36078432 0.4509804 0.54901963 0.5647059 0.3529412 0.30588236 0.5411765 0.6745098 0.7137255 0.6901961 0.69803923 0.72156864 0.7137255 0.8392157 0.7764706 0.5411765 0.4745098 0.5176471
0.67058825 0.6745098 0.7137255 0.7411765 0.75686276 0.69411767 0.45882353 0.40392157 0.34117648 0.3372549 0.37254903 0.3764706 0.3882353 0.4117647 0.36078432 0.33333334 0.4 0.52156866 0.48235294 0.49411765 0.5137255 0.5176471 0.50980395 0.4745098 0.4627451 0.46666667 0.36078432 0.47058824 0.6862745 0.5647059 0.3137255 0.45882353
0.59607846 0.62352943 0.6509804 0.6784314 0.68235296 0.67058825 0.49019608 0.33333334 0.28627452 0.29411766 0.26666668 0.29803923 0.3137255 0.3019608 0.29803923 0.3372549 0.40392157 0.30588236 0.3137255 0.3882353 0.3882353 0.3137255 0.29803923 0.26666668 0.25490198 0.24313726 0.2 0.25882354 0.49803922 0.5019608 0.27450982 0.45490196
0.4627451 0.5019608 0.5764706 0.54509807 0.54901963 0.5411765 0.4627451 0.34117648 0.32156864 0.30980393 0.23921569 0.28627452 0.3019608 0.2901961 0.2901961 0.30980393 0.32941177 0.25882354 0.27058825 0.31764707 0.32156864 0.3137255 0.33333334 0.32156864 0.2784314 0.23529412 0.2509804 0.32156864 0.4 0.40784314 0.28627452 0.27058825
0.41568628 0.4627451 0.5921569 0.4862745 0.41960785 0.5137255 0.5529412 0.40392157 0.32941177 0.3372549 0.3137255 0.3137255 0.32156864 0.32156864 0.32156864 0.3254902 0.31764707 0.33333334 0.40392157 0.49803922 0.53333336 0.5254902 0.5176471 0.5058824 0.45882353 0.34901962 0.34117648 0.3647059 0.37254903 0.37254903 0.27058825 0.11372549
0.5803922 0.6039216 0.60784316 0.5803922 0.5882353 0.64705884 0.63529414 0.54509807 0.39215687 0.36078432 0.33333334 0.31764707 0.31764707 0.30588236 0.29411766 0.29411766 0.28627452 0.2784314 0.28235295 0.32156864 0.39215687 0.40784314 0.38431373 0.36078432 0.30588236 0.25490198 0.2509804 0.24313726 0.22745098 0.23921569 0.1882353 0.27450982
0.68235296 0.57254905 0.4627451 0.58431375 0.53333336 0.48235294 0.44313726 0.40392157 0.25882354 0.20392157 0.1764706 0.16078432 0.15294118 0.14117648 0.12156863 0.101960786 0.09019608 0.08627451 0.09019608 0.09019608 0.12156863 0.16470589 0.2 0.22352941 0.23137255 0.21960784 0.23921569 0.2627451 0.32156864 0.34117648 0.26666668 0.37254903
0.3647059 0.2509804 0.22745098 0.28627452 0.23137255 0.21960784 0.27058825 0.20784314 0.12941177 0.08627451 0.07058824 0.0627451 0.05882353 0.05882353 0.05882353 0.05882353 0.05882353 0.07058824 0.09411765 0.14117648 0.21176471 0.2627451 0.29411766 0.30588236 0.2901961 0.26666668 0.2901961 0.36078432 0.4117647 0.3647059 0.29803923 0.34117648
0.3019608 0.25490198 0.26666668 0.40784314 0.45882353 0.4862745 0.5254902 0.29803923 0.13333334 0.10980392 0.101960786 0.101960786 0.105882354 0.11372549 0.10980392 0.11372549 0.12941177 0.14117648 0.17254902 0.23921569 0.28235295 0.3137255 0.3372549 0.33333334 0.31764707 0.34509805 0.38039216 0.43529412 0.4392157 0.34509805 0.30588236 0.2784314
0.49019608 0.4627451 0.46666667 0.5647059 0.57254905 0.5764706 0.5647059 0.33333334 0.14901961 0.13333334 0.12156863 0.1254902 0.12941177 0.14117648 0.14117648 0.13725491 0.15686275 0.15686275 0.18039216 0.21960784 0.25490198 0.30980393 0.3647059 0.3647059 0.34901962 0.3764706 0.41960785 0.45882353 0.44705883 0.3647059 0.31764707 0.30588236
0.4862745 0.49411765 0.50980395 0.53333336 0.5372549 0.5568628 0.53333336 0.3019608 0.14509805 0.13333334 0.11764706 0.11764706 0.1254902 0.1254902 0.13333334 0.14117648 0.16862746 0.16862746 0.16862746 0.20784314 0.2627451 0.33333334 0.38039216 0.3764706 0.36078432 0.39215687 0.44313726 0.4745098 0.4509804 0.36078432 0.3137255 0.31764707
0.47843137 0.48235294 0.50980395 0.5294118 0.53333336 0.5254902 0.4509804 0.24313726 0.14901961 0.13725491 0.11764706 0.11764706 0.14901961 0.17254902 0.16470589 0.14509805 0.20392157 0.21960784 0.1882353 0.22352941 0.2901961 0.34117648 0.3764706 0.38039216 0.38039216 0.41960785 0.4392157 0.4745098 0.4745098 0.3764706 0.30980393 0.32156864
0.45490196 0.45490196 0.49803922 0.5254902 0.5254902 0.4862745 0.34117648 0.19607843 0.1764706 0.16078432 0.14117648 0.12941177 0.18431373 0.21960784 0.1882353 0.17254902 0.22352941 0.2509804 0.21960784 0.24705882 0.31764707 0.34117648 0.37254903 0.36078432 0.38431373 0.41568628 0.39215687 0.40392157 0.40392157 0.34509805 0.3019608 0.29803923
0.43137255 0.43529412 0.45882353 0.4745098 0.47843137 0.42745098 0.29411766 0.19215687 0.1764706 0.17254902 0.16470589 0.18039216 0.20392157 0.21568628 0.23137255 0.26666668 0.28235295 0.24705882 0.25490198 0.28235295 0.34117648 0.37254903 0.38431373 0.38431373 0.3882353 0.40784314 0.3882353 0.38039216 0.36078432 0.30588236 0.2784314 0.29411766
0.41960785 0.42352942 0.43529412 0.44313726 0.4509804 0.40784314 0.3254902 0.24313726 0.24705882 0.26666668 0.27450982 0.27058825 0.29411766 0.29411766 0.2784314 0.29803923 0.30588236 0.3137255 0.30588236 0.31764707 0.38431373 0.38039216 0.36862746 0.3647059 0.38039216 0.40784314 0.3882353 0.38039216 0.34901962 0.30588236 0.27450982 0.2784314
0.40392157 0.39607844 0.41568628 0.42352942 0.43529412 0.42352942 0.3647059 0.31764707 0.37254903 0.36862746 0.32941177 0.3019608 0.34117648 0.4 0.33333334 0.34901962 0.3372549 0.31764707 0.29411766 0.3372549 0.3882353 0.3647059 0.3372549 0.34117648 0.3529412 0.39215687 0.3882353 0.38039216 0.35686275 0.29411766 0.26666668 0.26666668
0.38039216 0.36862746 0.38431373 0.39215687 0.4 0.40392157 0.37254903 0.34509805 0.37254903 0.35686275 0.2784314 0.26666668 0.32156864 0.36862746 0.3882353 0.4117647 0.40392157 0.35686275 0.3647059 0.36862746 0.3647059 0.35686275 0.34509805 0.3529412 0.3529412 0.36078432 0.3647059 0.36078432 0.34117648 0.3019608 0.25882354 0.25882354
0.3647059 0.3647059 0.38431373 0.39607844 0.4 0.38039216 0.36078432 0.3764706 0.37254903 0.36078432 0.36862746 0.39215687 0.38431373 0.3647059 0.3882353 0.3882353 0.34901962 0.33333334 0.36862746 0.37254903 0.36862746 0.36078432 0.34117648 0.34901962 0.35686275 0.34509805 0.32941177 0.3019608 0.27450982 0.2509804 0.21568628 0.20784314
0.69803923 0.7254902 0.7490196 0.76862746 0.76862746 0.77254903 0.7882353 0.7921569 0.80784315 0.8117647 0.80784315 0.8039216 0.8117647 0.81960785 0.81960785 0.8156863 0.8117647 0.8 0.7882353 0.78039217 0.76862746 0.7607843 0.7607843 0.7490196 0.7411765 0.7176471 0.69803923 0.69803923 0.6784314 0.654902 0.6156863 0.60784316
0.70980394 0.73333335 0.7529412 0.7647059 0.7607843 0.7647059 0.78039217 0.78431374 0.7882353 0.79607844 0.8 0.8039216 0.8156863 0.81960785 0.827451 0.8235294 0.8156863 0.8117647 0.8 0.7882353 0.7764706 0.77254903 0.77254903 0.75686276 0.74509805 0.7294118 0.70980394 0.69411767 0.6745098 0.6627451 0.627451 0.61960787
0.7137255 0.7372549 0.7529412 0.7647059 0.7647059 0.7647059 0.77254903 0.7764706 0.7764706 0.78431374 0.79607844 0.8039216 0.8117647 0.81960785 0.8352941 0.8352941 0.8235294 0.80784315 0.8039216 0.79607844 0.7882353 0.7764706 0.7764706 0.76862746 0.7411765 0.7254902 0.7058824 0.6862745 0.65882355 0.64705884 0.63529414 0.62352943
0.7058824 0.7254902 0.7490196 0.7607843 0.7647059 0.7647059 0.76862746 0.77254903 0.77254903 0.78039217 0.8 0.80784315 0.8117647 0.81960785 0.8352941 0.8392157 0.827451 0.8117647 0.80784315 0.8 0.7921569 0.77254903 0.77254903 0.77254903 0.7490196 0.7294118 0.70980394 0.6862745 0.6627451 0.6431373 0.6431373 0.63529414
0.6901961 0.7137255 0.7411765 0.75686276 0.75686276 0.7647059 0.76862746 0.77254903 0.77254903 0.78039217 0.8 0.80784315 0.8117647 0.81960785 0.8352941 0.8392157 0.83137256 0.8235294 0.8156863 0.80784315 0.8 0.78431374 0.76862746 0.7607843 0.7490196 0.7411765 0.7254902 0.69411767 0.6666667 0.64705884 0.6313726 0.62352943
0.68235296 0.69803923 0.7254902 0.74509805 0.75686276 0.7607843 0.77254903 0.78039217 0.7764706 0.78431374 0.8 0.80784315 0.80784315 0.8156863 0.8235294 0.827451 0.8039216 0.80784315 0.81960785 0.81960785 0.8039216 0.7882353 0.77254903 0.7607843 0.7529412 0.7411765 0.7254902 0.7019608 0.6627451 0.6313726 0.6156863 0.6117647
0.6862745 0.7019608 0.7294118 0.7529412 0.76862746 0.75686276 0.7607843 0.77254903 0.76862746 0.7764706 0.7921569 0.8039216 0.80784315 0.8117647 0.8117647 0.8039216 0.7411765 0.7254902 0.8 0.80784315 0.78431374 0.78039217 0.76862746 0.75686276 0.74509805 0.7294118 0.7019608 0.6784314 0.6431373 0.6156863 0.60784316 0.6
0.6784314 0.6745098 0.73333335 0.7607843 0.77254903 0.7607843 0.7529412 0.7607843 0.75686276 0.7411765 0.77254903 0.7921569 0.8 0.8039216 0.8039216 0.78039217 0.7607843 0.7372549 0.78431374 0.78431374 0.78039217 0.74509805 0.74509805 0.74509805 0.7294118 0.7137255 0.68235296 0.654902 0.627451 0.6039216 0.5921569 0.5803922
0.6745098 0.65882355 0.72156864 0.7490196 0.74509805 0.74509805 0.7490196 0.75686276 0.7490196 0.68235296 0.7647059 0.78431374 0.78431374 0.8 0.7882353 0.7607843 0.7529412 0.7529412 0.76862746 0.7607843 0.75686276 0.7019608 0.6901961 0.7372549 0.7176471 0.69411767 0.6666667 0.6509804 0.62352943 0.6117647 0.57254905 0.57254905
0.6745098 0.6745098 0.7058824 0.7254902 0.7254902 0.73333335 0.7411765 0.74509805 0.74509805 0.7137255 0.7647059 0.7764706 0.78039217 0.7921569 0.78431374 0.77254903 0.76862746 0.7529412 0.7647059 0.7647059 0.7411765 0.7411765 0.72156864 0.7294118 0.7058824 0.6862745 0.6627451 0.65882355 0.62352943 0.5921569 0.5764706 0.5568628
0.6627451 0.6627451 0.69411767 0.72156864 0.72156864 0.7294118 0.7372549 0.7490196 0.7490196 0.7490196 0.7647059 0.7647059 0.78431374 0.76862746 0.8 0.8117647 0.70980394 0.6862745 0.73333335 0.7607843 0.7254902 0.65882355 0.69803923 0.69411767 0.6745098 0.6901961 0.6627451 0.64705884 0.62352943 0.58431375 0.58431375 0.53333336
0.654902 0.6509804 0.7019608 0.7254902 0.7254902 0.73333335 0.7411765 0.75686276 0.74509805 0.7254902 0.74509805 0.7529412 0.7529412 0.7058824 0.69411767 0.6862745 0.6156863 0.6 0.6784314 0.7254902 0.69411767 0.54901963 0.65882355 0.7137255 0.7058824 0.6901961 0.6627451 0.63529414 0.60784316 0.60784316 0.5764706 0.47843137
0.654902 0.654902 0.70980394 0.72156864 0.7254902 0.7294118 0.7294118 0.73333335 0.7529412 0.7607843 0.78039217 0.78431374 0.7254902 0.73333335 0.7372549 0.6784314 0.69803923 0.654902 0.6627451 0.69803923 0.6666667 0.59607846 0.6039216 0.6745098 0.6745098 0.61960787 0.5647059 0.6039216 0.61960787 0.627451 0.5803922 0.32941177
0.654902 0.654902 0.7058824 0.72156864 0.73333335 0.7294118 0.7254902 0.7372549 0.64705884 0.58431375 0.5372549 0.5058824 0.5803922 0.60784316 0.57254905 0.5137255 0.58431375 0.3882353 0.26666668 0.34509805 0.49411765 0.7058824 0.6862745 0.69803923 0.73333335 0.6862745 0.6392157 0.6901961 0.67058825 0.5137255 0.47058824 0.26666668
0.63529414 0.6392157 0.6901961 0.7019608 0.7254902 0.6745098 0.6 0.627451 0.39607844 0.25882354 0.19607843 0.15294118 0.20784314 0.21960784 0.14901961 0.17254902 0.34117648 0.4 0.18039216 0.1764706 0.42352942 0.60784316 0.6156863 0.58431375 0.6 0.58431375 0.5686275 0.72156864 0.63529414 0.37254903 0.2509804 0.21568628
0.6039216 0.6039216 0.6392157 0.654902 0.6745098 0.6313726 0.45490196 0.4117647 0.3254902 0.2901961 0.3019608 0.2784314 0.22745098 0.14509805 0.11372549 0.13725491 0.28235295 0.4117647 0.36078432 0.37254903 0.39607844 0.38431373 0.33333334 0.29411766 0.3372549 0.3372549 0.21960784 0.3882353 0.5411765 0.3764706 0.16862746 0.24313726
0.4862745 0.50980395 0.5411765 0.56078434 0.54509807 0.5372549 0.4392157 0.3529412 0.3019608 0.3254902 0.2901961 0.34117648 0.34117648 0.29411766 0.2509804 0.30588236 0.39607844 0.22745098 0.23529412 0.29803923 0.29803923 0.22745098 0.16078432 0.12941177 0.17254902 0.16078432 0.101960786 0.19215687 0.36862746 0.36862746 0.18039216 0.2509804
0.3254902 0.3529412 0.44313726 0.39215687 0.3647059 0.34117648 0.31764707 0.37254903 0.35686275 0.32156864 0.21960784 0.29803923 0.34509805 0.31764707 0.30980393 0.32941177 0.36078432 0.28235295 0.27450982 0.3254902 0.3137255 0.3019608 0.31764707 0.2901961 0.26666668 0.22745098 0.22745098 0.32941177 0.38431373 0.37254903 0.26666668 0.18431373
0.25882354 0.34117648 0.47843137 0.31764707 0.23137255 0.3372549 0.39215687 0.4117647 0.37254903 0.36078432 0.30588236 0.3372549 0.36862746 0.34509805 0.34901962 0.3529412 0.35686275 0.3764706 0.4509804 0.5529412 0.5882353 0.5803922 0.5882353 0.5529412 0.49803922 0.38039216 0.3529412 0.4 0.41568628 0.39215687 0.29803923 0.10980392
0.39607844 0.45490196 0.47058824 0.40392157 0.40784314 0.5058824 0.5254902 0.5411765 0.47058824 0.43529412 0.38039216 0.36078432 0.3529412 0.32156864 0.3019608 0.3019608 0.30588236 0.3019608 0.30588236 0.3529412 0.42352942 0.4117647 0.3882353 0.36078432 0.29411766 0.23529412 0.24705882 0.23137255 0.22352941 0.23137255 0.1764706 0.16862746
0.50980395 0.40392157 0.32941177 0.42745098 0.37254903 0.3529412 0.3254902 0.31764707 0.23921569 0.20784314 0.19215687 0.16078432 0.14901961 0.12941177 0.12156863 0.101960786 0.09411765 0.09803922 0.08235294 0.08627451 0.1254902 0.14901961 0.16470589 0.18039216 0.20784314 0.20784314 0.21960784 0.22745098 0.28627452 0.30588236 0.24705882 0.21176471
0.26666668 0.1764706 0.16078432 0.2 0.15686275 0.16078432 0.19215687 0.11372549 0.06666667 0.05490196 0.05882353 0.047058824 0.039215688 0.03137255 0.03529412 0.02745098 0.039215688 0.05490196 0.07450981 0.11764706 0.18039216 0.24705882 0.29411766 0.29803923 0.29803923 0.2627451 0.2509804 0.3019608 0.33333334 0.3254902 0.28627452 0.25882354
0.23137255 0.2 0.20784314 0.34509805 0.4 0.43137255 0.43137255 0.2 0.07450981 0.078431375 0.08627451 0.09411765 0.08627451 0.08627451 0.09019608 0.09019608 0.10980392 0.12156863 0.16078432 0.21960784 0.25490198 0.30588236 0.3254902 0.2901961 0.28627452 0.29803923 0.3019608 0.34509805 0.34901962 0.30980393 0.2901961 0.27058825
0.41568628 0.39607844 0.4 0.49803922 0.5058824 0.49803922 0.47843137 0.26666668 0.12156863 0.105882354 0.09411765 0.11372549 0.105882354 0.10980392 0.11372549 0.10980392 0.11764706 0.11764706 0.14509805 0.19215687 0.22745098 0.28235295 0.31764707 0.29411766 0.29803923 0.30980393 0.30980393 0.34509805 0.3647059 0.3254902 0.28235295 0.2627451
0.42352942 0.43529412 0.4509804 0.4745098 0.47843137 0.4862745 0.4627451 0.2509804 0.12156863 0.10980392 0.09019608 0.09411765 0.09411765 0.08235294 0.09411765 0.101960786 0.12941177 0.13333334 0.12156863 0.15294118 0.21960784 0.28627452 0.3254902 0.30588236 0.30588236 0.32156864 0.30980393 0.34901962 0.35686275 0.3137255 0.28235295 0.27058825
0.42352942 0.42745098 0.45490196 0.47058824 0.47058824 0.47058824 0.4 0.2 0.11372549 0.10980392 0.09019608 0.09019608 0.11764706 0.12156863 0.11372549 0.09803922 0.15294118 0.16862746 0.13725491 0.16862746 0.24313726 0.2901961 0.32156864 0.3137255 0.31764707 0.32156864 0.30980393 0.3529412 0.3529412 0.32156864 0.28235295 0.25882354
0.4117647 0.40784314 0.4509804 0.46666667 0.45882353 0.41960785 0.28235295 0.15294118 0.14509805 0.13333334 0.10980392 0.101960786 0.14901961 0.1764706 0.12941177 0.105882354 0.16470589 0.19607843 0.16470589 0.1882353 0.26666668 0.29411766 0.32156864 0.29803923 0.32941177 0.3254902 0.29411766 0.31764707 0.3372549 0.30588236 0.27450982 0.23529412
0.39607844 0.39215687 0.4117647 0.41960785 0.41568628 0.37254903 0.24705882 0.14901961 0.14117648 0.13725491 0.13333334 0.14509805 0.15294118 0.18431373 0.18431373 0.1882353 0.21176471 0.19607843 0.19607843 0.21568628 0.2784314 0.3254902 0.34117648 0.33333334 0.33333334 0.33333334 0.30588236 0.3137255 0.31764707 0.28235295 0.2509804 0.23137255
0.3882353 0.38431373 0.4 0.4 0.40392157 0.36078432 0.2784314 0.21176471 0.21176471 0.21960784 0.23921569 0.22745098 0.23137255 0.23137255 0.21568628 0.21568628 0.22352941 0.23529412 0.24313726 0.25490198 0.32156864 0.33333334 0.33333334 0.33333334 0.3372549 0.3372549 0.30980393 0.30588236 0.29803923 0.27058825 0.24313726 0.23137255
0.37254903 0.3647059 0.39215687 0.39607844 0.40392157 0.38039216 0.3137255 0.28627452 0.3372549 0.30588236 0.2901961 0.2627451 0.2901961 0.3254902 0.26666668 0.2901961 0.27058825 0.25882354 0.24313726 0.28627452 0.32941177 0.32156864 0.30980393 0.31764707 0.31764707 0.33333334 0.31764707 0.30980393 0.30980393 0.27450982 0.24705882 0.24313726
0.36078432 0.34901962 0.36078432 0.36862746 0.3764706 0.37254903 0.32941177 0.3137255 0.3372549 0.30588236 0.24313726 0.23137255 0.26666668 0.3019608 0.31764707 0.35686275 0.3529412 0.3254902 0.3254902 0.33333334 0.3254902 0.31764707 0.30588236 0.3254902 0.32941177 0.32941177 0.33333334 0.32156864 0.3019608 0.28627452 0.24705882 0.24313726
0.34901962 0.34117648 0.36078432 0.37254903 0.3764706 0.3529412 0.32941177 0.3529412 0.3372549 0.3137255 0.32941177 0.34901962 0.32156864 0.3019608 0.3372549 0.34117648 0.30588236 0.30588236 0.32941177 0.34117648 0.34509805 0.33333334 0.31764707 0.32941177 0.33333334 0.31764707 0.30588236 0.28235295 0.27450982 0.24313726 0.21568628 0.2
17 16 0
