32, 32, 3, 1
0.654902 0.6392157 0.63529414 0.6313726 0.627451 0.61960787 0.61960787 0.61960787 0.6156863 0.6117647 0.6039216 0.6 0.6 0.5882353 0.58431375 0.58431375 0.5803922 0.5764706 0.5686275 0.5568628 0.5764706 0.627451 0.5686275 0.54901963 0.54509807 0.54901963 0.5411765 0.53333336 0.5294118 0.53333336 0.53333336 0.53333336
0.67058825 0.65882355 0.654902 0.6509804 0.64705884 0.6431373 0.6431373 0.6392157 0.63529414 0.6313726 0.62352943 0.62352943 0.62352943 0.6117647 0.60784316 0.60784316 0.6 0.59607846 0.5921569 0.58431375 0.6039216 0.64705884 0.5882353 0.5647059 0.5647059 0.5686275 0.5647059 0.5568628 0.54901963 0.54901963 0.54901963 0.54901963
0.6745098 0.6666667 0.6666667 0.65882355 0.654902 0.654902 0.654902 0.6509804 0.64705884 0.6392157 0.63529414 0.63529414 0.63529414 0.627451 0.62352943 0.61960787 0.6156863 0.6117647 0.6039216 0.59607846 0.6156863 0.654902 0.6 0.5764706 0.5764706 0.5803922 0.5764706 0.5686275 0.5647059 0.56078434 0.56078434 0.5647059
0.69411767 0.6862745 0.6862745 0.68235296 0.6784314 0.6745098 0.6745098 0.67058825 0.6666667 0.6627451 0.654902 0.654902 0.654902 0.64705884 0.6431373 0.6392157 0.6313726 0.627451 0.62352943 0.6156863 0.6313726 0.6745098 0.61960787 0.6 0.59607846 0.6 0.59607846 0.5921569 0.5882353 0.5882353 0.5882353 0.5882353
0.70980394 0.7019608 0.7019608 0.69803923 0.69411767 0.69411767 0.69411767 0.6901961 0.6862745 0.6784314 0.6745098 0.67058825 0.67058825 0.67058825 0.6666667 0.65882355 0.6509804 0.64705884 0.6431373 0.63529414 0.64705884 0.6862745 0.6392157 0.6156863 0.6156863 0.61960787 0.6156863 0.6117647 0.60784316 0.6039216 0.6039216 0.6039216
0.7254902 0.7176471 0.7176471 0.7137255 0.70980394 0.7058824 0.7058824 0.7058824 0.7019608 0.69803923 0.6901961 0.6862745 0.6901961 0.6862745 0.68235296 0.6784314 0.67058825 0.6666667 0.6627451 0.654902 0.6666667 0.7019608 0.65882355 0.63529414 0.6313726 0.6313726 0.6313726 0.62352943 0.61960787 0.61960787 0.61960787 0.62352943
0.7411765 0.7294118 0.73333335 0.7294118 0.7254902 0.7176471 0.7176471 0.7176471 0.7137255 0.70980394 0.7019608 0.7019608 0.7019608 0.7019608 0.69803923 0.69411767 0.6901961 0.6862745 0.6784314 0.6745098 0.68235296 0.7176471 0.6784314 0.6509804 0.6431373 0.6509804 0.64705884 0.6431373 0.6392157 0.63529414 0.63529414 0.63529414
0.75686276 0.74509805 0.7490196 0.74509805 0.7372549 0.7294118 0.7294118 0.73333335 0.7294118 0.7254902 0.72156864 0.72156864 0.7176471 0.7137255 0.70980394 0.7137255 0.70980394 0.7019608 0.69411767 0.6901961 0.7019608 0.73333335 0.69411767 0.6627451 0.65882355 0.6666667 0.67058825 0.6627451 0.6627451 0.654902 0.654902 0.6509804
0.7921569 0.7764706 0.76862746 0.75686276 0.7490196 0.7490196 0.7490196 0.7490196 0.7490196 0.74509805 0.74509805 0.7411765 0.73333335 0.7294118 0.7294118 0.7137255 0.69803923 0.69803923 0.7019608 0.7058824 0.7137255 0.74509805 0.7058824 0.6862745 0.6784314 0.65882355 0.6745098 0.6784314 0.6745098 0.67058825 0.67058825 0.6666667
0.81960785 0.8 0.78039217 0.7647059 0.7607843 0.7647059 0.7647059 0.76862746 0.76862746 0.7647059 0.7647059 0.75686276 0.74509805 0.73333335 0.7176471 0.6901961 0.72156864 0.74509805 0.6901961 0.7019608 0.7411765 0.7647059 0.7372549 0.7176471 0.654902 0.54509807 0.6 0.69411767 0.6901961 0.68235296 0.6784314 0.67058825
0.80784315 0.8 0.79607844 0.7921569 0.7882353 0.78431374 0.7764706 0.76862746 0.7529412 0.7294118 0.7137255 0.6901961 0.6627451 0.627451 0.5803922 0.59607846 0.8039216 0.77254903 0.5294118 0.54509807 0.6431373 0.69803923 0.7058824 0.654902 0.5411765 0.40784314 0.43529412 0.5803922 0.60784316 0.6313726 0.67058825 0.69803923
0.8039216 0.8039216 0.7882353 0.78039217 0.75686276 0.7294118 0.69803923 0.6666667 0.63529414 0.6 0.5686275 0.5372549 0.50980395 0.46666667 0.4509804 0.56078434 0.8352941 0.58431375 0.32941177 0.33333334 0.41568628 0.5019608 0.5568628 0.5372549 0.46666667 0.41568628 0.28627452 0.2627451 0.3529412 0.43529412 0.53333336 0.6862745
0.8392157 0.81960785 0.7176471 0.65882355 0.62352943 0.5921569 0.5647059 0.54509807 0.53333336 0.52156866 0.50980395 0.5019608 0.4862745 0.38431373 0.43529412 0.58431375 0.7529412 0.36862746 0.24313726 0.2627451 0.3372549 0.41960785 0.49019608 0.5803922 0.6117647 0.45882353 0.18039216 0.078431375 0.18431373 0.27058825 0.28627452 0.5176471
0.80784315 0.78039217 0.6392157 0.57254905 0.54901963 0.54509807 0.5411765 0.5411765 0.53333336 0.5254902 0.5176471 0.5137255 0.49019608 0.32941177 0.42352942 0.6039216 0.6509804 0.2784314 0.23921569 0.2627451 0.30588236 0.3529412 0.43137255 0.5647059 0.62352943 0.50980395 0.24705882 0.07450981 0.11372549 0.20784314 0.16862746 0.2901961
0.7058824 0.69411767 0.6117647 0.5647059 0.5294118 0.5294118 0.5254902 0.5294118 0.5254902 0.5176471 0.5176471 0.5176471 0.49411765 0.32941177 0.41960785 0.6117647 0.5647059 0.23529412 0.25882354 0.26666668 0.29411766 0.30980393 0.30588236 0.36078432 0.3882353 0.39607844 0.2784314 0.09019608 0.043137256 0.14901961 0.15686275 0.17254902
0.6666667 0.61960787 0.58431375 0.5529412 0.5176471 0.5137255 0.50980395 0.5176471 0.5176471 0.5137255 0.5176471 0.5137255 0.49803922 0.39607844 0.44313726 0.6 0.56078434 0.27450982 0.25490198 0.24313726 0.3019608 0.3137255 0.19607843 0.16862746 0.16862746 0.1882353 0.21568628 0.11372549 0.03137255 0.15294118 0.14509805 0.12941177
0.78431374 0.7137255 0.6 0.54509807 0.53333336 0.5254902 0.52156866 0.5294118 0.5294118 0.5254902 0.5176471 0.50980395 0.5019608 0.47843137 0.48235294 0.5921569 0.57254905 0.28235295 0.23529412 0.22352941 0.29803923 0.3137255 0.19607843 0.1882353 0.1882353 0.2 0.27450982 0.17254902 0.07058824 0.17254902 0.1254902 0.14509805
0.91764706 0.85882354 0.61960787 0.49803922 0.50980395 0.49803922 0.47058824 0.47058824 0.46666667 0.45882353 0.44313726 0.42745098 0.42745098 0.42352942 0.4117647 0.5254902 0.52156866 0.23529412 0.22352941 0.21176471 0.28627452 0.3019608 0.24313726 0.28235295 0.32941177 0.34901962 0.41960785 0.30588236 0.14901961 0.19607843 0.1254902 0.12156863
0.88235295 0.8352941 0.6509804 0.5411765 0.5686275 0.5411765 0.49803922 0.49019608 0.4862745 0.47843137 0.47058824 0.47058824 0.45882353 0.45490196 0.4392157 0.5411765 0.4627451 0.1764706 0.22745098 0.20784314 0.28235295 0.27058825 0.24313726 0.3254902 0.42352942 0.43529412 0.4745098 0.44705883 0.32156864 0.2784314 0.14117648 0.09411765
0.8156863 0.78431374 0.627451 0.4117647 0.3882353 0.38039216 0.3647059 0.36862746 0.44705883 0.50980395 0.4509804 0.42745098 0.41568628 0.41960785 0.41960785 0.5019608 0.36078432 0.14509805 0.23529412 0.21960784 0.28235295 0.24705882 0.21176471 0.32156864 0.44705883 0.4509804 0.44313726 0.43137255 0.35686275 0.3372549 0.13725491 0.08627451
0.8117647 0.7882353 0.5647059 0.22745098 0.13725491 0.11372549 0.11372549 0.101960786 0.2627451 0.49019608 0.31764707 0.16862746 0.15294118 0.16862746 0.17254902 0.21568628 0.16470589 0.14901961 0.23921569 0.22745098 0.29803923 0.2627451 0.18431373 0.21568628 0.3372549 0.4392157 0.53333336 0.41960785 0.3019608 0.36078432 0.1882353 0.11764706
0.6901961 0.62352943 0.44313726 0.21568628 0.12156863 0.14117648 0.10980392 0.011764706 0.23137255 0.50980395 0.32941177 0.14509805 0.09411765 0.12156863 0.09411765 0.14117648 0.11764706 0.19215687 0.26666668 0.25882354 0.32941177 0.30588236 0.16862746 0.12156863 0.16078432 0.2509804 0.41568628 0.32941177 0.24705882 0.30588236 0.23921569 0.1882353
0.7372549 0.6901961 0.6117647 0.52156866 0.44313726 0.41568628 0.33333334 0.20784314 0.30980393 0.44313726 0.3882353 0.32941177 0.27450982 0.18431373 0.09803922 0.15686275 0.11764706 0.16470589 0.21176471 0.22352941 0.28627452 0.29411766 0.19215687 0.20784314 0.15294118 0.10980392 0.21176471 0.19607843 0.18039216 0.21960784 0.24705882 0.19607843
0.8235294 0.80784315 0.7921569 0.77254903 0.74509805 0.73333335 0.7058824 0.6627451 0.65882355 0.654902 0.6039216 0.5411765 0.49019608 0.39607844 0.3019608 0.27450982 0.19607843 0.15686275 0.15294118 0.15686275 0.2627451 0.35686275 0.30980393 0.32156864 0.21176471 0.20784314 0.3529412 0.21568628 0.1764706 0.3529412 0.36078432 0.2784314
0.827451 0.81960785 0.81960785 0.8156863 0.81960785 0.827451 0.827451 0.827451 0.83137256 0.8235294 0.8 0.78039217 0.76862746 0.74509805 0.70980394 0.6862745 0.63529414 0.5803922 0.5529412 0.50980395 0.49803922 0.5137255 0.4627451 0.4 0.32156864 0.36862746 0.47843137 0.37254903 0.4117647 0.7137255 0.7372549 0.6901961
0.80784315 0.80784315 0.8039216 0.8039216 0.8117647 0.8117647 0.8156863 0.8235294 0.8352941 0.8392157 0.8392157 0.8392157 0.84313726 0.8392157 0.83137256 0.8235294 0.8117647 0.79607844 0.7882353 0.76862746 0.7529412 0.7490196 0.7254902 0.69803923 0.67058825 0.6901961 0.7176471 0.7176471 0.7490196 0.8352941 0.84705883 0.8509804
0.79607844 0.7921569 0.7882353 0.7882353 0.79607844 0.8 0.80784315 0.8117647 0.81960785 0.81960785 0.81960785 0.8235294 0.81960785 0.81960785 0.8156863 0.8117647 0.80784315 0.8039216 0.8039216 0.8039216 0.8 0.7882353 0.7882353 0.78431374 0.78431374 0.78039217 0.78039217 0.76862746 0.76862746 0.76862746 0.77254903 0.78039217
0.8039216 0.7921569 0.78431374 0.7764706 0.78039217 0.7882353 0.79607844 0.8 0.8 0.8 0.8039216 0.8039216 0.8 0.8 0.8 0.79607844 0.7921569 0.7882353 0.78431374 0.7764706 0.7647059 0.76862746 0.78039217 0.7882353 0.7882353 0.7882353 0.78431374 0.76862746 0.7647059 0.7607843 0.75686276 0.75686276
0.8117647 0.8 0.79607844 0.7882353 0.7882353 0.78431374 0.78431374 0.78431374 0.78431374 0.78431374 0.7882353 0.7882353 0.78431374 0.78431374 0.7882353 0.7882353 0.78431374 0.7882353 0.7882353 0.78039217 0.7647059 0.7647059 0.7647059 0.7607843 0.7607843 0.7647059 0.7764706 0.7764706 0.76862746 0.7647059 0.75686276 0.7529412
0.8117647 0.8 0.7921569 0.7882353 0.79607844 0.79607844 0.7882353 0.7882353 0.7921569 0.7882353 0.7764706 0.77254903 0.77254903 0.76862746 0.76862746 0.77254903 0.77254903 0.76862746 0.76862746 0.7647059 0.7607843 0.7529412 0.7529412 0.7411765 0.7372549 0.7372549 0.74509805 0.7490196 0.74509805 0.7411765 0.7411765 0.7490196
0.8156863 0.80784315 0.79607844 0.7921569 0.8 0.79607844 0.7921569 0.79607844 0.79607844 0.7921569 0.7882353 0.78039217 0.77254903 0.76862746 0.76862746 0.7647059 0.7607843 0.75686276 0.75686276 0.75686276 0.7529412 0.7529412 0.7490196 0.7372549 0.73333335 0.73333335 0.7372549 0.7411765 0.7411765 0.73333335 0.73333335 0.7372549
0.8156863 0.8117647 0.8 0.79607844 0.7921569 0.78431374 0.78431374 0.7882353 0.7882353 0.78431374 0.78431374 0.78039217 0.77254903 0.7647059 0.7647059 0.7607843 0.75686276 0.7490196 0.74509805 0.7411765 0.74509805 0.73333335 0.7254902 0.73333335 0.7294118 0.7294118 0.7254902 0.7254902 0.72156864 0.72156864 0.7137255 0.70980394
0.7372549 0.72156864 0.7176471 0.7137255 0.70980394 0.70980394 0.7137255 0.7137255 0.70980394 0.7058824 0.69411767 0.69411767 0.6901961 0.68235296 0.6784314 0.6784314 0.6745098 0.6666667 0.65882355 0.6509804 0.6627451 0.7019608 0.654902 0.64705884 0.64705884 0.6392157 0.63529414 0.627451 0.62352943 0.62352943 0.627451 0.62352943
0.7490196 0.7372549 0.73333335 0.7294118 0.7294118 0.7294118 0.7294118 0.7254902 0.7176471 0.7137255 0.70980394 0.70980394 0.70980394 0.69803923 0.69411767 0.6901961 0.6862745 0.68235296 0.6784314 0.67058825 0.6862745 0.7176471 0.67058825 0.6666667 0.6666667 0.65882355 0.6509804 0.64705884 0.6431373 0.6392157 0.6392157 0.6431373
0.7529412 0.74509805 0.7411765 0.7372549 0.7372549 0.7372549 0.7372549 0.73333335 0.7294118 0.7254902 0.72156864 0.72156864 0.7176471 0.70980394 0.7058824 0.7019608 0.69803923 0.69411767 0.6901961 0.68235296 0.69411767 0.7254902 0.6784314 0.6745098 0.6745098 0.6666667 0.6627451 0.65882355 0.654902 0.6509804 0.6509804 0.654902
0.76862746 0.7607843 0.75686276 0.7529412 0.7529412 0.7529412 0.7529412 0.7490196 0.74509805 0.7411765 0.73333335 0.73333335 0.73333335 0.7254902 0.7254902 0.7176471 0.7137255 0.70980394 0.7019608 0.69411767 0.7058824 0.7372549 0.69411767 0.6901961 0.6901961 0.68235296 0.6784314 0.6784314 0.6745098 0.6745098 0.6745098 0.6745098
0.7764706 0.76862746 0.77254903 0.7647059 0.7647059 0.7647059 0.7647059 0.7607843 0.75686276 0.7529412 0.74509805 0.74509805 0.74509805 0.7411765 0.7372549 0.7294118 0.7254902 0.72156864 0.7176471 0.70980394 0.7176471 0.7490196 0.70980394 0.7019608 0.7058824 0.69803923 0.69803923 0.69411767 0.6901961 0.6901961 0.6862745 0.6901961
0.7921569 0.78431374 0.78431374 0.78039217 0.7764706 0.7764706 0.7764706 0.7764706 0.77254903 0.76862746 0.7607843 0.7607843 0.7607843 0.75686276 0.75686276 0.7490196 0.7411765 0.7372549 0.73333335 0.7254902 0.73333335 0.7607843 0.7294118 0.7176471 0.7137255 0.70980394 0.7058824 0.7058824 0.7019608 0.7019608 0.7019608 0.7019608
0.80784315 0.79607844 0.79607844 0.7921569 0.7882353 0.7921569 0.7921569 0.7882353 0.7882353 0.78039217 0.7764706 0.77254903 0.7764706 0.7764706 0.77254903 0.7647059 0.7529412 0.7529412 0.7490196 0.7411765 0.74509805 0.76862746 0.74509805 0.7294118 0.7294118 0.72156864 0.72156864 0.7176471 0.7137255 0.70980394 0.70980394 0.7137255
0.81960785 0.80784315 0.8039216 0.79607844 0.8 0.8039216 0.8039216 0.8039216 0.8 0.79607844 0.7921569 0.7921569 0.7921569 0.7882353 0.7921569 0.7764706 0.7647059 0.76862746 0.7607843 0.7529412 0.75686276 0.78039217 0.75686276 0.74509805 0.74509805 0.7411765 0.7372549 0.7294118 0.7294118 0.72156864 0.7254902 0.7254902
0.827451 0.81960785 0.81960785 0.8156863 0.8156863 0.8156863 0.8156863 0.8156863 0.8156863 0.8117647 0.80784315 0.80784315 0.8 0.79607844 0.8 0.79607844 0.7921569 0.7921569 0.78431374 0.7764706 0.76862746 0.7882353 0.7647059 0.7607843 0.7529412 0.7254902 0.7372549 0.74509805 0.7411765 0.7411765 0.7411765 0.74509805
0.84313726 0.8392157 0.8352941 0.8352941 0.827451 0.81960785 0.81960785 0.8235294 0.8235294 0.81960785 0.8156863 0.8117647 0.8 0.78431374 0.76862746 0.7529412 0.78431374 0.78431374 0.69803923 0.6901961 0.7176471 0.7529412 0.74509805 0.74509805 0.69411767 0.5882353 0.6509804 0.7529412 0.7529412 0.7529412 0.7529412 0.7529412
0.8627451 0.8509804 0.84705883 0.84313726 0.8352941 0.8235294 0.8156863 0.8039216 0.7882353 0.76862746 0.7529412 0.7254902 0.69411767 0.654902 0.6039216 0.5921569 0.75686276 0.6784314 0.38431373 0.3647059 0.45490196 0.54509807 0.5803922 0.57254905 0.5019608 0.4 0.4509804 0.61960787 0.654902 0.6862745 0.7372549 0.7607843
0.8745098 0.85882354 0.8235294 0.79607844 0.77254903 0.7490196 0.7137255 0.6862745 0.6509804 0.6156863 0.5921569 0.5568628 0.52156866 0.46666667 0.44313726 0.5254902 0.7411765 0.42745098 0.105882354 0.07058824 0.13725491 0.21568628 0.2901961 0.3254902 0.31764707 0.31764707 0.2509804 0.26666668 0.36862746 0.46666667 0.5803922 0.69411767
0.85490197 0.827451 0.7176471 0.654902 0.61960787 0.5921569 0.5647059 0.54509807 0.53333336 0.5254902 0.5176471 0.5058824 0.47843137 0.36078432 0.4 0.5568628 0.7019608 0.23921569 0.043137256 0.03529412 0.078431375 0.09803922 0.15686275 0.27450982 0.3529412 0.24705882 0.078431375 0.047058824 0.16470589 0.27058825 0.3137255 0.47058824
0.69411767 0.7019608 0.6 0.5647059 0.54509807 0.53333336 0.53333336 0.5294118 0.52156866 0.5137255 0.5137255 0.5058824 0.46666667 0.28627452 0.36862746 0.5764706 0.61960787 0.16470589 0.050980393 0.050980393 0.07450981 0.08235294 0.12941177 0.23921569 0.29411766 0.20392157 0.08627451 0.023529412 0.07450981 0.18431373 0.17254902 0.24313726
0.52156866 0.5647059 0.5568628 0.5686275 0.54901963 0.5294118 0.52156866 0.52156866 0.5176471 0.50980395 0.50980395 0.49803922 0.46666667 0.2901961 0.36862746 0.5686275 0.5254902 0.10980392 0.050980393 0.050980393 0.05882353 0.08235294 0.101960786 0.14509805 0.14117648 0.13725491 0.13333334 0.039215688 0.015686275 0.1254902 0.14509805 0.15294118
0.52156866 0.5137255 0.5294118 0.54901963 0.53333336 0.52156866 0.5137255 0.5176471 0.5137255 0.5058824 0.49803922 0.4862745 0.47058824 0.3647059 0.40392157 0.5529412 0.53333336 0.15686275 0.047058824 0.047058824 0.05490196 0.08627451 0.078431375 0.105882354 0.08235294 0.078431375 0.11764706 0.06666667 0.023529412 0.12941177 0.12156863 0.1254902
0.7176471 0.6392157 0.5294118 0.49411765 0.49803922 0.5019608 0.49019608 0.49411765 0.49019608 0.47843137 0.4745098 0.46666667 0.45882353 0.43529412 0.43529412 0.54509807 0.5568628 0.1764706 0.039215688 0.047058824 0.05490196 0.08627451 0.078431375 0.11764706 0.09411765 0.09803922 0.14117648 0.07450981 0.03137255 0.1254902 0.09803922 0.14117648
0.9098039 0.8117647 0.54509807 0.4117647 0.4392157 0.44313726 0.4117647 0.4 0.39215687 0.38431373 0.38039216 0.36862746 0.36862746 0.3647059 0.34901962 0.4745098 0.5137255 0.13725491 0.03529412 0.043137256 0.05882353 0.09019608 0.09019608 0.11764706 0.11764706 0.13333334 0.19607843 0.12941177 0.05490196 0.12156863 0.09411765 0.11764706
0.88235295 0.8 0.59607846 0.48235294 0.5176471 0.49803922 0.44705883 0.42745098 0.41960785 0.4117647 0.40784314 0.40392157 0.39607844 0.3882353 0.37254903 0.49019608 0.45882353 0.08235294 0.039215688 0.043137256 0.06666667 0.08235294 0.078431375 0.08627451 0.09019608 0.09019608 0.16078432 0.21960784 0.18431373 0.18039216 0.09411765 0.08627451
0.78431374 0.74509805 0.5921569 0.39215687 0.38039216 0.36862746 0.34117648 0.3372549 0.4117647 0.4745098 0.40392157 0.3764706 0.36078432 0.3647059 0.3647059 0.4509804 0.34901962 0.047058824 0.043137256 0.043137256 0.06666667 0.07450981 0.0627451 0.078431375 0.08627451 0.05882353 0.11372549 0.21176471 0.21568628 0.22745098 0.078431375 0.06666667
0.7607843 0.7372549 0.5294118 0.21568628 0.14117648 0.11764706 0.105882354 0.09019608 0.24705882 0.47843137 0.29411766 0.14117648 0.1254902 0.13725491 0.14117648 0.17254902 0.14117648 0.03529412 0.03529412 0.039215688 0.0627451 0.07450981 0.0627451 0.05490196 0.09019608 0.14117648 0.27450982 0.24705882 0.1882353 0.25490198 0.11764706 0.08235294
0.6392157 0.5647059 0.3882353 0.17254902 0.101960786 0.13725491 0.09803922 0.0 0.21176471 0.49411765 0.32156864 0.13725491 0.08627451 0.11372549 0.08235294 0.09803922 0.07450981 0.07058824 0.05490196 0.06666667 0.08235294 0.09019608 0.07450981 0.07450981 0.07450981 0.12941177 0.27058825 0.21960784 0.17254902 0.21960784 0.15686275 0.14117648
0.6901961 0.63529414 0.5529412 0.46666667 0.4 0.38431373 0.29803923 0.17254902 0.27450982 0.4117647 0.3764706 0.32156864 0.26666668 0.1764706 0.08627451 0.12156863 0.07450981 0.078431375 0.078431375 0.101960786 0.1254902 0.13333334 0.10980392 0.18431373 0.14117648 0.09019608 0.14901961 0.12941177 0.12941177 0.15686275 0.18431373 0.14901961
0.77254903 0.75686276 0.7372549 0.7176471 0.69411767 0.68235296 0.654902 0.6117647 0.60784316 0.60784316 0.5764706 0.52156866 0.46666667 0.3764706 0.28235295 0.24313726 0.15686275 0.10980392 0.101960786 0.105882354 0.2 0.2627451 0.23529412 0.27450982 0.1882353 0.2 0.3137255 0.16078432 0.12941177 0.3019608 0.3137255 0.23921569
0.77254903 0.7647059 0.7647059 0.7607843 0.7647059 0.77254903 0.77254903 0.77254903 0.7764706 0.76862746 0.75686276 0.7411765 0.73333335 0.70980394 0.67058825 0.64705884 0.6 0.54509807 0.5137255 0.4745098 0.4509804 0.44313726 0.4 0.34901962 0.28235295 0.34117648 0.43137255 0.31764707 0.35686275 0.6627451 0.6862745 0.64705884
0.74509805 0.7490196 0.74509805 0.74509805 0.7529412 0.7529412 0.75686276 0.7647059 0.7764706 0.78039217 0.78431374 0.78431374 0.7882353 0.78431374 0.7764706 0.7764706 0.7647059 0.7529412 0.74509805 0.7254902 0.7058824 0.69411767 0.67058825 0.64705884 0.61960787 0.6392157 0.6627451 0.65882355 0.69411767 0.78431374 0.79607844 0.8039216
0.73333335 0.7294118 0.7254902 0.7254902 0.73333335 0.7372549 0.74509805 0.7490196 0.75686276 0.75686276 0.7529412 0.75686276 0.75686276 0.75686276 0.7529412 0.7529412 0.7529412 0.7490196 0.7490196 0.7490196 0.74509805 0.7411765 0.7372549 0.7294118 0.72156864 0.7176471 0.7176471 0.7137255 0.70980394 0.7137255 0.7176471 0.7294118
0.7372549 0.7254902 0.7137255 0.70980394 0.7137255 0.72156864 0.7254902 0.73333335 0.73333335 0.73333335 0.7372549 0.7372549 0.7372549 0.73333335 0.7372549 0.7294118 0.7254902 0.72156864 0.7176471 0.70980394 0.7019608 0.7176471 0.7294118 0.7294118 0.72156864 0.7176471 0.72156864 0.70980394 0.7058824 0.7019608 0.69803923 0.69803923
0.7411765 0.7294118 0.7254902 0.7176471 0.7176471 0.7137255 0.7137255 0.7137255 0.7137255 0.7137255 0.7176471 0.72156864 0.7176471 0.7176471 0.72156864 0.7176471 0.7137255 0.7137255 0.7137255 0.7058824 0.69411767 0.69803923 0.7058824 0.69803923 0.69803923 0.69803923 0.7137255 0.7137255 0.7058824 0.7019608 0.69411767 0.6901961
0.7411765 0.7254902 0.7176471 0.7176471 0.72156864 0.7254902 0.7176471 0.7137255 0.7176471 0.7176471 0.70980394 0.70980394 0.70980394 0.7058824 0.7019608 0.7019608 0.69411767 0.69411767 0.6901961 0.6901961 0.68235296 0.68235296 0.68235296 0.6784314 0.6784314 0.68235296 0.6862745 0.6901961 0.68235296 0.6784314 0.6784314 0.68235296
0.75686276 0.7411765 0.7254902 0.72156864 0.7254902 0.7294118 0.7254902 0.7254902 0.7254902 0.72156864 0.72156864 0.7137255 0.7058824 0.7058824 0.7019608 0.69803923 0.6901961 0.6862745 0.6862745 0.68235296 0.68235296 0.68235296 0.68235296 0.67058825 0.6666667 0.67058825 0.6745098 0.6784314 0.6745098 0.6666667 0.6666667 0.67058825
0.7647059 0.7529412 0.73333335 0.7254902 0.72156864 0.7176471 0.7176471 0.72156864 0.72156864 0.7176471 0.7176471 0.7137255 0.7058824 0.69803923 0.69803923 0.69803923 0.6901961 0.68235296 0.6784314 0.6745098 0.6784314 0.6666667 0.65882355 0.6666667 0.6627451 0.6627451 0.65882355 0.65882355 0.654902 0.654902 0.64705884 0.6392157
0.84313726 0.827451 0.8235294 0.81960785 0.81960785 0.8235294 0.8235294 0.8235294 0.8235294 0.8156863 0.80784315 0.8039216 0.8039216 0.79607844 0.7882353 0.7882353 0.78431374 0.78039217 0.77254903 0.7607843 0.77254903 0.7921569 0.75686276 0.7607843 0.7607843 0.7490196 0.7529412 0.7607843 0.75686276 0.75686276 0.75686276 0.75686276
0.8509804 0.8392157 0.8352941 0.83137256 0.83137256 0.8392157 0.8392157 0.8352941 0.83137256 0.827451 0.81960785 0.81960785 0.81960785 0.8117647 0.8039216 0.8039216 0.79607844 0.7921569 0.7882353 0.78431374 0.7882353 0.80784315 0.76862746 0.7764706 0.7764706 0.7647059 0.76862746 0.77254903 0.76862746 0.76862746 0.76862746 0.76862746
0.84705883 0.8392157 0.8352941 0.83137256 0.83137256 0.8392157 0.8392157 0.8352941 0.827451 0.8235294 0.81960785 0.81960785 0.81960785 0.8117647 0.80784315 0.8039216 0.79607844 0.7921569 0.7882353 0.78039217 0.7921569 0.8117647 0.7764706 0.78039217 0.78431374 0.76862746 0.77254903 0.7764706 0.77254903 0.77254903 0.77254903 0.77254903
0.85490197 0.84705883 0.84705883 0.8392157 0.84313726 0.84705883 0.84705883 0.84313726 0.8392157 0.8352941 0.827451 0.827451 0.827451 0.81960785 0.8156863 0.8117647 0.8039216 0.8 0.79607844 0.7882353 0.79607844 0.81960785 0.7882353 0.79607844 0.79607844 0.78039217 0.78039217 0.78431374 0.78039217 0.78039217 0.78431374 0.78431374
0.85882354 0.84705883 0.8509804 0.84313726 0.84705883 0.85490197 0.8509804 0.84705883 0.84313726 0.8392157 0.83137256 0.83137256 0.83137256 0.827451 0.8235294 0.8156863 0.8117647 0.80784315 0.8039216 0.79607844 0.8 0.8235294 0.8 0.8039216 0.80784315 0.7921569 0.7921569 0.7921569 0.7882353 0.78431374 0.78431374 0.78431374
0.8666667 0.85882354 0.85882354 0.85490197 0.85490197 0.85882354 0.85490197 0.85490197 0.8509804 0.84705883 0.8392157 0.8392157 0.8392157 0.8392157 0.8352941 0.827451 0.8235294 0.81960785 0.8117647 0.80784315 0.8117647 0.83137256 0.8156863 0.8156863 0.8156863 0.8 0.79607844 0.8 0.79607844 0.79607844 0.79607844 0.79607844
0.8784314 0.87058824 0.87058824 0.8666667 0.8666667 0.8627451 0.8627451 0.8627451 0.85882354 0.85490197 0.84705883 0.84705883 0.84705883 0.84705883 0.84313726 0.84313726 0.8352941 0.83137256 0.8235294 0.81960785 0.81960785 0.8352941 0.8235294 0.83137256 0.827451 0.8156863 0.8117647 0.8117647 0.80784315 0.80784315 0.80784315 0.8039216
0.89411765 0.88235295 0.88235295 0.88235295 0.87058824 0.8627451 0.8627451 0.8627451 0.85882354 0.85490197 0.8509804 0.85490197 0.8509804 0.84705883 0.84705883 0.85490197 0.8509804 0.8352941 0.8235294 0.827451 0.827451 0.83137256 0.827451 0.84313726 0.84313726 0.8156863 0.8156863 0.81960785 0.81960785 0.8156863 0.81960785 0.8156863
0.89411765 0.8784314 0.8745098 0.87058824 0.8666667 0.8627451 0.8627451 0.8666667 0.8666667 0.85882354 0.8627451 0.8627451 0.85490197 0.8509804 0.85490197 0.8509804 0.84313726 0.8235294 0.8117647 0.8156863 0.81960785 0.83137256 0.8235294 0.827451 0.79607844 0.7294118 0.7647059 0.8039216 0.8039216 0.8039216 0.8117647 0.80784315
0.8901961 0.8745098 0.8627451 0.85882354 0.85882354 0.8666667 0.8666667 0.87058824 0.87058824 0.8666667 0.8627451 0.85490197 0.84313726 0.83137256 0.8156863 0.7882353 0.80784315 0.7921569 0.7058824 0.70980394 0.7529412 0.79607844 0.7921569 0.7764706 0.6784314 0.5254902 0.6313726 0.78039217 0.78431374 0.7921569 0.79607844 0.8039216
0.8901961 0.88235295 0.8745098 0.87058824 0.8666667 0.8666667 0.85882354 0.84705883 0.83137256 0.8117647 0.7882353 0.7647059 0.73333335 0.69411767 0.64705884 0.627451 0.78039217 0.69411767 0.4 0.39607844 0.5019608 0.5921569 0.627451 0.6 0.49019608 0.34901962 0.4392157 0.64705884 0.6862745 0.7294118 0.7882353 0.81960785
0.8901961 0.88235295 0.8666667 0.8509804 0.8235294 0.7882353 0.75686276 0.7254902 0.69411767 0.65882355 0.62352943 0.5882353 0.5568628 0.5058824 0.48235294 0.5568628 0.7607843 0.4392157 0.12156863 0.09803922 0.17254902 0.25490198 0.33333334 0.3647059 0.34509805 0.32156864 0.27450982 0.30980393 0.41960785 0.5294118 0.654902 0.7607843
0.84313726 0.8392157 0.75686276 0.7137255 0.67058825 0.6313726 0.6 0.5803922 0.57254905 0.56078434 0.5411765 0.5294118 0.5058824 0.39215687 0.43529412 0.5803922 0.7058824 0.23529412 0.043137256 0.03529412 0.08627451 0.11372549 0.18039216 0.30980393 0.38431373 0.27450982 0.11372549 0.09019608 0.21960784 0.3372549 0.39607844 0.5294118
0.65882355 0.6901961 0.6117647 0.6 0.58431375 0.57254905 0.5686275 0.5647059 0.5568628 0.54901963 0.53333336 0.52156866 0.49019608 0.31764707 0.40392157 0.59607846 0.62352943 0.16078432 0.047058824 0.047058824 0.07058824 0.07058824 0.11764706 0.23529412 0.28235295 0.1882353 0.08627451 0.043137256 0.105882354 0.23529412 0.23529412 0.2901961
0.4627451 0.52156866 0.5372549 0.57254905 0.57254905 0.5647059 0.5568628 0.5529412 0.54901963 0.5411765 0.5294118 0.5176471 0.49019608 0.32156864 0.40784314 0.6 0.53333336 0.12156863 0.0627451 0.047058824 0.05490196 0.0627451 0.07450981 0.1254902 0.1254902 0.12941177 0.13725491 0.050980393 0.03529412 0.15686275 0.18039216 0.18431373
0.45490196 0.45490196 0.49803922 0.54901963 0.5529412 0.5529412 0.5411765 0.5372549 0.5372549 0.5294118 0.5176471 0.50980395 0.49803922 0.39607844 0.44705883 0.5882353 0.5411765 0.17254902 0.06666667 0.039215688 0.050980393 0.078431375 0.05882353 0.101960786 0.10980392 0.12156863 0.15686275 0.09019608 0.047058824 0.15686275 0.14509805 0.13333334
0.65882355 0.6 0.5176471 0.5176471 0.5294118 0.52156866 0.50980395 0.5176471 0.5176471 0.5058824 0.49411765 0.4862745 0.4862745 0.46666667 0.4745098 0.57254905 0.5568628 0.1882353 0.05490196 0.03137255 0.047058824 0.078431375 0.0627451 0.11764706 0.11764706 0.12156863 0.16470589 0.09411765 0.050980393 0.16078432 0.12156863 0.14901961
0.85882354 0.7764706 0.5372549 0.4392157 0.4627451 0.44313726 0.42352942 0.42352942 0.41960785 0.40784314 0.39215687 0.38039216 0.38431373 0.3882353 0.3764706 0.49803922 0.50980395 0.14117648 0.043137256 0.019607844 0.047058824 0.078431375 0.07058824 0.10980392 0.12156863 0.11764706 0.18431373 0.12941177 0.06666667 0.15294118 0.1254902 0.12941177
0.8235294 0.74509805 0.56078434 0.47058824 0.5019608 0.4745098 0.44705883 0.44313726 0.42745098 0.4117647 0.40392157 0.40392157 0.4 0.4 0.3882353 0.5019608 0.44705883 0.08235294 0.043137256 0.011764706 0.047058824 0.06666667 0.05882353 0.08235294 0.09411765 0.06666667 0.14117648 0.21176471 0.1882353 0.20784314 0.12941177 0.09411765
0.7137255 0.6745098 0.5294118 0.34117648 0.3372549 0.33333334 0.33333334 0.34117648 0.4 0.44313726 0.3882353 0.36862746 0.36078432 0.37254903 0.3764706 0.4627451 0.3372549 0.047058824 0.043137256 0.015686275 0.043137256 0.05490196 0.043137256 0.07450981 0.09411765 0.050980393 0.09803922 0.20392157 0.21960784 0.2509804 0.105882354 0.06666667
0.69411767 0.67058825 0.47058824 0.16862746 0.10980392 0.09411765 0.10980392 0.09411765 0.21960784 0.41568628 0.27058825 0.13333334 0.12156863 0.14509805 0.15294118 0.18039216 0.12941177 0.03529412 0.03529412 0.015686275 0.047058824 0.06666667 0.047058824 0.047058824 0.09019608 0.13333334 0.26666668 0.24705882 0.19607843 0.27450982 0.1254902 0.07058824
0.5882353 0.52156866 0.36078432 0.16862746 0.101960786 0.13725491 0.11372549 0.003921569 0.1764706 0.42352942 0.2901961 0.13333334 0.08235294 0.11764706 0.09411765 0.10980392 0.06666667 0.06666667 0.05490196 0.039215688 0.06666667 0.09803922 0.0627451 0.05490196 0.05882353 0.105882354 0.26666668 0.22352941 0.18039216 0.22745098 0.14901961 0.11764706
0.6509804 0.6 0.5294118 0.45882353 0.39215687 0.37254903 0.29803923 0.16470589 0.23921569 0.35686275 0.34901962 0.30588236 0.2509804 0.16862746 0.08235294 0.11764706 0.06666667 0.07058824 0.07450981 0.08235294 0.10980392 0.1254902 0.09019608 0.15686275 0.11764706 0.06666667 0.14509805 0.13725491 0.1254902 0.14901961 0.15686275 0.11372549
0.73333335 0.7176471 0.7019608 0.6862745 0.65882355 0.64705884 0.61960787 0.5764706 0.5686275 0.5647059 0.5411765 0.49019608 0.43529412 0.34901962 0.25490198 0.21960784 0.14117648 0.09411765 0.08627451 0.09019608 0.1764706 0.23137255 0.20392157 0.2509804 0.17254902 0.18431373 0.3137255 0.16470589 0.11764706 0.27450982 0.27058825 0.19607843
0.7294118 0.72156864 0.72156864 0.72156864 0.72156864 0.7294118 0.7294118 0.7294118 0.73333335 0.7254902 0.7137255 0.7019608 0.6901961 0.6666667 0.6313726 0.6117647 0.5686275 0.5137255 0.48235294 0.44313726 0.41960785 0.40392157 0.36078432 0.31764707 0.2627451 0.32941177 0.43137255 0.3137255 0.34117648 0.627451 0.6392157 0.6
0.69803923 0.69803923 0.69803923 0.69803923 0.7058824 0.7058824 0.70980394 0.7176471 0.7294118 0.73333335 0.7294118 0.73333335 0.7372549 0.73333335 0.7254902 0.7254902 0.7176471 0.7058824 0.69803923 0.6784314 0.65882355 0.6431373 0.62352943 0.6117647 0.5921569 0.62352943 0.6509804 0.6431373 0.6666667 0.74509805 0.74509805 0.75686276
0.68235296 0.6784314 0.6784314 0.6784314 0.68235296 0.6862745 0.69411767 0.7019608 0.7058824 0.7058824 0.69411767 0.69411767 0.6901961 0.6901961 0.6862745 0.6901961 0.69411767 0.69411767 0.6901961 0.69411767 0.6862745 0.68235296 0.6862745 0.6862745 0.6862745 0.6862745 0.6901961 0.68235296 0.67058825 0.6666667 0.6666667 0.6784314
0.6862745 0.6745098 0.6627451 0.654902 0.6627451 0.6666667 0.6745098 0.6784314 0.68235296 0.6784314 0.67058825 0.6666667 0.6666667 0.6627451 0.6666667 0.6666667 0.67058825 0.6627451 0.65882355 0.654902 0.6431373 0.654902 0.67058825 0.67058825 0.67058825 0.6745098 0.6745098 0.65882355 0.6509804 0.64705884 0.6431373 0.6392157
0.6862745 0.6745098 0.67058825 0.6627451 0.6627451 0.65882355 0.65882355 0.65882355 0.65882355 0.65882355 0.654902 0.654902 0.654902 0.6509804 0.654902 0.65882355 0.65882355 0.65882355 0.65882355 0.6509804 0.6392157 0.6431373 0.64705884 0.6392157 0.6392157 0.6392157 0.654902 0.654902 0.6431373 0.6431373 0.63529414 0.6313726
0.68235296 0.67058825 0.6627451 0.65882355 0.6666667 0.6666667 0.65882355 0.65882355 0.6627451 0.65882355 0.6509804 0.6509804 0.64705884 0.64705884 0.6431373 0.64705884 0.64705884 0.64705884 0.6431373 0.6431373 0.63529414 0.627451 0.627451 0.6156863 0.6117647 0.6117647 0.6156863 0.61960787 0.61960787 0.6156863 0.61960787 0.62352943
0.69411767 0.68235296 0.67058825 0.6666667 0.6666667 0.6666667 0.6627451 0.6627451 0.6627451 0.6627451 0.65882355 0.654902 0.64705884 0.6431373 0.6392157 0.6392157 0.63529414 0.6313726 0.6313726 0.627451 0.62352943 0.62352943 0.62352943 0.60784316 0.6039216 0.6039216 0.60784316 0.6117647 0.6117647 0.6039216 0.60784316 0.6117647
0.7019608 0.6901961 0.6784314 0.67058825 0.6627451 0.654902 0.654902 0.65882355 0.65882355 0.654902 0.654902 0.6509804 0.6431373 0.6392157 0.63529414 0.63529414 0.627451 0.61960787 0.6156863 0.6117647 0.6156863 0.6039216 0.59607846 0.6039216 0.6039216 0.6 0.59607846 0.59607846 0.5921569 0.5921569 0.58431375 0.5803922
18 19 2
