32, 32, 3, 1
0.8117647 0.47058824 0.41568628 0.47058824 0.36078432 0.30980393 0.30980393 0.30980393 0.28235295 0.25882354 0.20784314 0.16470589 0.13725491 0.13725491 0.14901961 0.14509805 0.1254902 0.07058824 0.14117648 0.79607844 1.0 0.9882353 0.99215686 0.99215686 0.9764706 0.93333334 0.89411765 0.92941177 0.98039216 0.9843137 0.9843137 1.0
0.8117647 0.5372549 0.5019608 0.63529414 0.5568628 0.43529412 0.41568628 0.3137255 0.25882354 0.20392157 0.16470589 0.13725491 0.12156863 0.12941177 0.11372549 0.09411765 0.078431375 0.03137255 0.1254902 0.827451 1.0 0.99215686 0.99607843 1.0 0.99215686 0.9843137 0.9490196 0.8980392 0.9372549 0.9607843 0.9529412 1.0
0.8117647 0.6156863 0.5647059 0.6784314 0.61960787 0.56078434 0.5803922 0.43137255 0.4 0.23921569 0.14117648 0.08627451 0.06666667 0.07450981 0.07450981 0.06666667 0.043137256 0.0 0.1254902 0.85882354 1.0 0.9882353 0.99607843 1.0 0.99607843 1.0 0.99215686 0.9490196 0.8980392 0.8352941 0.8509804 1.0
0.8156863 0.56078434 0.5058824 0.654902 0.60784316 0.5764706 0.5803922 0.4627451 0.5294118 0.41960785 0.2784314 0.2 0.09411765 0.07450981 0.08627451 0.043137256 0.023529412 0.0 0.16862746 0.8901961 1.0 0.9843137 0.99607843 1.0 1.0 1.0 1.0 0.9882353 0.9529412 0.8392157 0.7490196 0.94509804
0.80784315 0.5254902 0.4392157 0.4862745 0.4509804 0.49411765 0.54509807 0.4509804 0.5294118 0.4509804 0.37254903 0.35686275 0.22745098 0.19215687 0.16078432 0.08235294 0.043137256 0.0 0.2 0.9098039 1.0 0.98039216 0.99607843 1.0 1.0 1.0 0.99607843 0.99215686 0.99215686 0.9607843 0.85882354 0.90588236
0.8039216 0.5882353 0.5803922 0.63529414 0.5254902 0.48235294 0.54509807 0.42352942 0.38431373 0.36862746 0.34901962 0.34901962 0.2784314 0.25882354 0.21176471 0.1764706 0.14117648 0.07450981 0.2627451 0.92156863 1.0 0.9882353 0.99215686 0.99607843 1.0 1.0 0.99607843 0.99607843 0.99607843 0.9882353 0.96862745 0.9137255
0.79607844 0.58431375 0.60784316 0.7529412 0.6784314 0.6431373 0.6862745 0.5764706 0.41568628 0.2901961 0.23921569 0.24313726 0.20392157 0.21568628 0.20392157 0.19215687 0.1882353 0.16470589 0.3647059 0.9372549 1.0 0.99607843 0.9647059 0.9137255 0.91764706 0.9607843 0.98039216 0.99607843 0.99607843 0.9882353 0.99215686 0.9647059
0.78431374 0.57254905 0.62352943 0.75686276 0.6784314 0.6627451 0.6666667 0.60784316 0.54901963 0.41568628 0.31764707 0.27058825 0.16862746 0.15686275 0.13725491 0.12941177 0.14509805 0.13725491 0.3764706 0.9529412 1.0 1.0 0.9411765 0.8235294 0.73333335 0.84705883 0.9372549 0.9607843 0.9019608 0.76862746 0.7411765 0.8352941
0.76862746 0.5764706 0.64705884 0.76862746 0.6901961 0.6862745 0.627451 0.53333336 0.5254902 0.41960785 0.3529412 0.32941177 0.24705882 0.22352941 0.16862746 0.12941177 0.12156863 0.07450981 0.34509805 0.94509804 1.0 1.0 0.9372549 0.7529412 0.6509804 0.77254903 0.9098039 0.93333334 0.7607843 0.4745098 0.3764706 0.52156866
0.74509805 0.5686275 0.6745098 0.7372549 0.6117647 0.67058825 0.6156863 0.5137255 0.5372549 0.4392157 0.37254903 0.3254902 0.2509804 0.23529412 0.19607843 0.16470589 0.17254902 0.11372549 0.3882353 0.9647059 1.0 0.99215686 0.9254902 0.80784315 0.7411765 0.84313726 0.92941177 0.93333334 0.69411767 0.41960785 0.34117648 0.45882353
0.7764706 0.5568628 0.6784314 0.67058825 0.40392157 0.43137255 0.39215687 0.36078432 0.39215687 0.32941177 0.3019608 0.28627452 0.23529412 0.21568628 0.1882353 0.15294118 0.16078432 0.12941177 0.44313726 0.99215686 0.99607843 0.9882353 0.9647059 0.94509804 0.93333334 0.96862745 0.98039216 0.9098039 0.73333335 0.5137255 0.3882353 0.45882353
0.7921569 0.5803922 0.6745098 0.72156864 0.5294118 0.50980395 0.43137255 0.3764706 0.36078432 0.2784314 0.22745098 0.19215687 0.14117648 0.13333334 0.1254902 0.105882354 0.11764706 0.101960786 0.45490196 1.0 0.99607843 0.9843137 0.99607843 0.9882353 0.9843137 0.99215686 0.9882353 0.85882354 0.7372549 0.59607846 0.5137255 0.5254902
0.80784315 0.5882353 0.654902 0.72156864 0.5921569 0.6313726 0.5529412 0.49019608 0.49019608 0.4 0.3254902 0.2627451 0.18039216 0.16470589 0.16078432 0.11372549 0.105882354 0.09019608 0.47843137 1.0 0.99215686 0.9764706 0.9882353 0.99215686 0.98039216 0.99215686 0.9607843 0.7607843 0.7137255 0.7294118 0.77254903 0.7529412
0.8156863 0.56078434 0.6 0.63529414 0.5411765 0.58431375 0.5058824 0.4392157 0.44705883 0.3764706 0.3137255 0.27450982 0.22352941 0.2 0.1882353 0.15294118 0.16470589 0.16470589 0.5568628 1.0 0.99215686 0.9843137 0.99215686 0.99607843 0.972549 0.9764706 0.9607843 0.8392157 0.78039217 0.83137256 0.9137255 0.92156863
0.7647059 0.5568628 0.59607846 0.6117647 0.5137255 0.5764706 0.5019608 0.42745098 0.4 0.34117648 0.2901961 0.2627451 0.21176471 0.17254902 0.14901961 0.11372549 0.12941177 0.16078432 0.5529412 1.0 0.99215686 0.99215686 0.99607843 0.99215686 0.95686275 0.95686275 0.94509804 0.84313726 0.8235294 0.83137256 0.8509804 0.85882354
0.7647059 0.46666667 0.44313726 0.45490196 0.36078432 0.4117647 0.36078432 0.30588236 0.22745098 0.19607843 0.20392157 0.2 0.1882353 0.15686275 0.11372549 0.078431375 0.09019608 0.13725491 0.45490196 0.9647059 0.99215686 0.9882353 1.0 0.9882353 0.94509804 0.9372549 0.9254902 0.89411765 0.80784315 0.61960787 0.7019608 0.72156864
0.74509805 0.2901961 0.14901961 0.14117648 0.10980392 0.10980392 0.12156863 0.14117648 0.1254902 0.050980393 0.10980392 0.105882354 0.12941177 0.11372549 0.12156863 0.105882354 0.11764706 0.16078432 0.57254905 1.0 0.98039216 0.9882353 0.99607843 0.9843137 0.9254902 0.92156863 0.8509804 0.6313726 0.58431375 0.654902 0.87058824 0.8039216
0.74509805 0.31764707 0.13333334 0.101960786 0.07450981 0.07058824 0.08627451 0.16470589 0.15686275 0.08627451 0.12156863 0.078431375 0.08235294 0.08235294 0.08627451 0.039215688 0.0627451 0.08235294 0.6039216 1.0 0.972549 0.9843137 0.99607843 0.98039216 0.8980392 0.89411765 0.8039216 0.5764706 0.56078434 0.65882355 0.67058825 0.5254902
0.79607844 0.36862746 0.09411765 0.05882353 0.03137255 0.06666667 0.19215687 0.32941177 0.43137255 0.31764707 0.10980392 0.039215688 0.10980392 0.21568628 0.13333334 0.02745098 0.07058824 0.14901961 0.6901961 1.0 0.96862745 0.9882353 1.0 0.972549 0.8862745 0.8666667 0.8509804 0.79607844 0.6392157 0.6862745 0.64705884 0.5019608
0.85490197 0.44705883 0.10980392 0.015686275 0.0 0.23137255 0.7294118 0.7921569 0.78039217 0.64705884 0.18431373 0.06666667 0.15294118 0.19215687 0.18431373 0.07450981 0.09019608 0.36078432 0.7254902 0.94509804 0.9882353 0.9843137 0.9882353 0.9764706 0.8862745 0.8784314 0.89411765 0.84705883 0.7372549 0.91764706 0.96862745 0.83137256
0.87058824 0.47058824 0.1254902 0.0 0.09411765 0.6392157 0.9019608 0.8784314 0.84705883 0.7529412 0.27450982 0.11764706 0.13725491 0.105882354 0.27450982 0.17254902 0.12156863 0.24313726 0.4627451 0.8901961 0.99607843 0.972549 0.972549 0.95686275 0.8745098 0.8862745 0.91764706 0.8784314 0.7490196 0.8901961 0.8862745 0.64705884
0.8901961 0.5568628 0.15294118 0.003921569 0.15686275 0.8039216 0.8901961 0.84313726 0.84313726 0.70980394 0.35686275 0.23921569 0.09803922 0.0627451 0.12941177 0.09411765 0.08627451 0.15686275 0.43137255 0.90588236 0.99215686 0.9764706 0.972549 0.93333334 0.85882354 0.8784314 0.9019608 0.84705883 0.6666667 0.7764706 0.8235294 0.49803922
0.9372549 0.78431374 0.32156864 0.16078432 0.26666668 0.7137255 0.87058824 0.89411765 0.85882354 0.69803923 0.25882354 0.21568628 0.11372549 0.09803922 0.09803922 0.039215688 0.0627451 0.14901961 0.56078434 0.9529412 0.9764706 0.9843137 0.9764706 0.9098039 0.8392157 0.80784315 0.7411765 0.6666667 0.54901963 0.6156863 0.6862745 0.4745098
0.9843137 0.91764706 0.5176471 0.18039216 0.22352941 0.40392157 0.6313726 0.8392157 0.84313726 0.654902 0.13725491 0.07058824 0.101960786 0.101960786 0.105882354 0.02745098 0.050980393 0.14509805 0.67058825 0.9764706 0.9607843 0.9843137 0.972549 0.83137256 0.68235296 0.59607846 0.5803922 0.56078434 0.3529412 0.34509805 0.3254902 0.3647059
1.0 0.9647059 0.8156863 0.3372549 0.050980393 0.14117648 0.19607843 0.3529412 0.41568628 0.35686275 0.18431373 0.16862746 0.15294118 0.105882354 0.078431375 0.0 0.03529412 0.13333334 0.6392157 0.94509804 0.9607843 0.9254902 0.84313726 0.6431373 0.5019608 0.49411765 0.41960785 0.20784314 0.14117648 0.25882354 0.16078432 0.2509804
1.0 0.9764706 0.9764706 0.5764706 0.019607844 0.13725491 0.11372549 0.043137256 0.03137255 0.101960786 0.18431373 0.20392157 0.21960784 0.19215687 0.13725491 0.050980393 0.039215688 0.12156863 0.6313726 0.92941177 0.827451 0.7176471 0.6666667 0.54509807 0.38039216 0.21568628 0.09019608 0.003921569 0.043137256 0.078431375 0.06666667 0.16078432
1.0 1.0 0.8352941 0.41960785 0.07450981 0.23921569 0.29803923 0.24313726 0.16078432 0.12941177 0.12156863 0.0627451 0.12156863 0.15294118 0.14509805 0.13725491 0.12156863 0.24705882 0.74509805 0.9098039 0.6901961 0.6392157 0.53333336 0.29411766 0.06666667 0.011764706 0.011764706 0.019607844 0.03529412 0.06666667 0.12156863 0.29411766
1.0 1.0 0.7058824 0.19215687 0.07450981 0.4 0.39215687 0.24705882 0.29411766 0.32941177 0.27450982 0.0627451 0.050980393 0.050980393 0.03529412 0.039215688 0.043137256 0.34901962 0.9372549 0.92156863 0.61960787 0.42745098 0.18039216 0.02745098 0.003921569 0.21568628 0.11764706 0.007843138 0.02745098 0.101960786 0.30588236 0.29803923
1.0 1.0 0.7019608 0.14509805 0.039215688 0.61960787 0.6666667 0.29803923 0.22352941 0.29411766 0.30980393 0.08627451 0.03137255 0.023529412 0.019607844 0.015686275 0.0 0.27450982 0.827451 0.6784314 0.2784314 0.12156863 0.05882353 0.02745098 0.06666667 0.4117647 0.19607843 0.019607844 0.08235294 0.3254902 0.37254903 0.22745098
1.0 1.0 0.6862745 0.09803922 0.03137255 0.42745098 0.654902 0.654902 0.4862745 0.3647059 0.5568628 0.44313726 0.09019608 0.011764706 0.03137255 0.019607844 0.019607844 0.08627451 0.22352941 0.13725491 0.09411765 0.12156863 0.101960786 0.050980393 0.12941177 0.5294118 0.22352941 0.03529412 0.30980393 0.41960785 0.27450982 0.2784314
1.0 1.0 0.68235296 0.11372549 0.05490196 0.08235294 0.14901961 0.22352941 0.2627451 0.22352941 0.5686275 0.70980394 0.14901961 0.0 0.03137255 0.019607844 0.019607844 0.007843138 0.023529412 0.12156863 0.23137255 0.23921569 0.15294118 0.047058824 0.14509805 0.53333336 0.21960784 0.29803923 0.3764706 0.31764707 0.33333334 0.3137255
1.0 1.0 0.7019608 0.16862746 0.09411765 0.050980393 0.047058824 0.02745098 0.02745098 0.047058824 0.1882353 0.3764706 0.08235294 0.011764706 0.03137255 0.011764706 0.003921569 0.0 0.07450981 0.23137255 0.30980393 0.30980393 0.23921569 0.08627451 0.08235294 0.30588236 0.38039216 0.45882353 0.2627451 0.2901961 0.32941177 0.28235295
0.8666667 0.5058824 0.42745098 0.4745098 0.3764706 0.32941177 0.3372549 0.33333334 0.3019608 0.28235295 0.25490198 0.21960784 0.2 0.19607843 0.20784314 0.20392157 0.18431373 0.12941177 0.19215687 0.8156863 1.0 0.98039216 0.9882353 0.9882353 0.972549 0.92941177 0.8862745 0.92156863 0.9764706 0.9843137 0.9882353 1.0
0.85882354 0.5647059 0.49803922 0.62352943 0.54901963 0.4392157 0.43529412 0.3254902 0.25490198 0.21568628 0.2 0.19607843 0.1882353 0.18039216 0.16078432 0.14509805 0.12941177 0.078431375 0.16862746 0.84313726 1.0 0.9882353 0.99607843 0.99607843 0.99215686 0.9843137 0.94509804 0.89411765 0.93333334 0.972549 0.9764706 1.0
0.85490197 0.627451 0.5411765 0.6392157 0.58431375 0.54509807 0.5882353 0.43137255 0.39607844 0.2509804 0.17254902 0.14117648 0.12156863 0.11764706 0.11764706 0.10980392 0.08235294 0.02745098 0.15294118 0.8627451 1.0 0.99215686 0.99607843 0.99607843 0.99607843 1.0 0.99215686 0.9529412 0.90588236 0.8509804 0.8784314 1.0
0.8509804 0.5647059 0.46666667 0.59607846 0.54901963 0.5372549 0.57254905 0.4627451 0.53333336 0.43137255 0.3019608 0.23137255 0.12941177 0.101960786 0.11764706 0.07450981 0.050980393 0.019607844 0.18431373 0.8862745 1.0 0.99215686 0.99607843 0.99607843 1.0 1.0 1.0 0.99215686 0.9607843 0.84705883 0.75686276 0.9490196
0.84313726 0.5176471 0.39215687 0.41960785 0.38431373 0.44313726 0.52156866 0.4509804 0.5254902 0.44705883 0.3764706 0.36862746 0.24705882 0.21176471 0.18039216 0.101960786 0.05490196 0.003921569 0.20392157 0.90588236 1.0 0.99215686 0.99607843 0.99607843 0.99607843 0.99607843 0.99607843 0.99607843 0.99607843 0.9607843 0.84705883 0.8980392
0.84705883 0.59607846 0.5529412 0.59607846 0.49019608 0.44313726 0.5058824 0.38431373 0.3647059 0.36078432 0.34901962 0.35686275 0.2901961 0.27058825 0.22352941 0.1882353 0.15294118 0.078431375 0.2627451 0.9254902 1.0 0.99215686 0.99607843 0.99215686 1.0 1.0 0.99607843 0.99607843 0.99607843 0.9843137 0.9529412 0.8862745
0.84705883 0.6039216 0.6039216 0.7411765 0.6745098 0.62352943 0.64705884 0.5254902 0.3882353 0.2901961 0.24705882 0.25490198 0.21568628 0.22745098 0.21568628 0.20784314 0.2 0.16470589 0.3647059 0.9490196 1.0 0.99215686 0.9607843 0.8980392 0.8980392 0.9490196 0.9764706 0.9843137 0.9843137 0.98039216 0.9764706 0.9372549
0.827451 0.6 0.61960787 0.7411765 0.68235296 0.65882355 0.64705884 0.5803922 0.53333336 0.41568628 0.3254902 0.28235295 0.18431373 0.16862746 0.14509805 0.14117648 0.15294118 0.13725491 0.38039216 0.9647059 1.0 0.99215686 0.9254902 0.78431374 0.67058825 0.79607844 0.9019608 0.9137255 0.8666667 0.7529412 0.7372549 0.8156863
0.8039216 0.6039216 0.6392157 0.7490196 0.6901961 0.68235296 0.61960787 0.5176471 0.5176471 0.42352942 0.36078432 0.34509805 0.25882354 0.23137255 0.1764706 0.13725491 0.12941177 0.07450981 0.34509805 0.9490196 0.99607843 0.98039216 0.9137255 0.7058824 0.57254905 0.7019608 0.84313726 0.8509804 0.69803923 0.44705883 0.3764706 0.5137255
0.7764706 0.6039216 0.6666667 0.7058824 0.59607846 0.654902 0.6 0.5019608 0.5294118 0.44313726 0.38039216 0.34117648 0.26666668 0.24313726 0.20392157 0.1764706 0.18431373 0.11764706 0.39215687 0.96862745 0.9882353 0.9607843 0.8980392 0.76862746 0.6666667 0.76862746 0.85882354 0.84313726 0.61960787 0.38431373 0.33333334 0.46666667
0.8039216 0.5921569 0.6745098 0.6313726 0.36862746 0.4 0.36862746 0.3372549 0.38039216 0.32941177 0.30588236 0.29411766 0.24705882 0.22745098 0.2 0.16470589 0.17254902 0.13333334 0.44705883 0.99607843 0.9843137 0.9529412 0.94509804 0.92156863 0.88235295 0.9098039 0.92156863 0.8235294 0.6666667 0.47843137 0.37254903 0.47058824
0.8156863 0.6039216 0.654902 0.6901961 0.5058824 0.49019608 0.41568628 0.3647059 0.35686275 0.28235295 0.23921569 0.20784314 0.15686275 0.14509805 0.13725491 0.11764706 0.12941177 0.105882354 0.45490196 0.99607843 0.9882353 0.9647059 0.98039216 0.9607843 0.92941177 0.92941177 0.90588236 0.7490196 0.6901961 0.5686275 0.4862745 0.5411765
0.8156863 0.6 0.64705884 0.72156864 0.5921569 0.63529414 0.5568628 0.49411765 0.49019608 0.40392157 0.3372549 0.28235295 0.19607843 0.1764706 0.16862746 0.1254902 0.11372549 0.09411765 0.48235294 1.0 0.99215686 0.9764706 0.972549 0.9529412 0.9137255 0.9137255 0.8862745 0.69411767 0.6666667 0.6862745 0.75686276 0.7490196
0.8039216 0.58431375 0.627451 0.67058825 0.54509807 0.5882353 0.5137255 0.4509804 0.44313726 0.37254903 0.31764707 0.28627452 0.23529412 0.21568628 0.20392157 0.16470589 0.18039216 0.17254902 0.56078434 1.0 0.99215686 0.9843137 0.972549 0.95686275 0.90588236 0.8980392 0.8627451 0.6 0.43529412 0.6117647 0.83137256 0.8666667
0.7764706 0.5803922 0.6039216 0.627451 0.5176471 0.5803922 0.50980395 0.4392157 0.4 0.3372549 0.29411766 0.27450982 0.22745098 0.1882353 0.16078432 0.12941177 0.14509805 0.17254902 0.5647059 1.0 0.9882353 0.9843137 0.9764706 0.9529412 0.8862745 0.88235295 0.7921569 0.40392157 0.37254903 0.64705884 0.7882353 0.84313726
0.78431374 0.4862745 0.42352942 0.44705883 0.36862746 0.42352942 0.37254903 0.32156864 0.23529412 0.20392157 0.22352941 0.22745098 0.21960784 0.18431373 0.13725491 0.101960786 0.11372549 0.15294118 0.4745098 0.96862745 0.9843137 0.972549 0.972549 0.94509804 0.87058824 0.85490197 0.8117647 0.6745098 0.65882355 0.6431373 0.6901961 0.75686276
0.70980394 0.29411766 0.16470589 0.17254902 0.1254902 0.1254902 0.13725491 0.16078432 0.14901961 0.078431375 0.14901961 0.15686275 0.18039216 0.15686275 0.16470589 0.14901961 0.16078432 0.19215687 0.59607846 1.0 0.9764706 0.96862745 0.9607843 0.93333334 0.84705883 0.827451 0.7764706 0.6039216 0.5568628 0.6117647 0.78039217 0.8039216
0.65882355 0.3372549 0.19607843 0.16862746 0.11372549 0.105882354 0.1254902 0.2 0.2 0.13333334 0.18039216 0.14117648 0.14901961 0.15686275 0.15294118 0.09803922 0.12156863 0.12156863 0.6313726 1.0 0.96862745 0.9607843 0.9529412 0.92156863 0.81960785 0.80784315 0.7254902 0.52156866 0.50980395 0.5647059 0.59607846 0.5176471
0.7058824 0.4 0.15686275 0.105882354 0.078431375 0.11764706 0.24705882 0.38039216 0.47843137 0.3647059 0.15686275 0.08627451 0.16470589 0.29803923 0.2 0.07058824 0.105882354 0.16470589 0.6901961 1.0 0.9647059 0.9529412 0.94509804 0.9019608 0.8 0.7882353 0.77254903 0.70980394 0.58431375 0.6156863 0.58431375 0.4862745
0.7372549 0.4392157 0.14117648 0.039215688 0.019607844 0.26666668 0.78039217 0.8509804 0.8156863 0.6666667 0.21568628 0.09803922 0.18039216 0.22352941 0.20784314 0.078431375 0.09019608 0.32156864 0.61960787 0.91764706 0.9607843 0.9411765 0.9411765 0.89411765 0.7764706 0.76862746 0.7921569 0.76862746 0.6627451 0.79607844 0.81960785 0.76862746
0.7372549 0.41568628 0.12156863 0.011764706 0.10980392 0.6745098 0.95686275 0.94509804 0.89411765 0.79607844 0.3372549 0.1764706 0.18039216 0.12941177 0.2901961 0.18039216 0.1254902 0.1882353 0.26666668 0.81960785 0.9529412 0.92941177 0.9372549 0.8666667 0.75686276 0.7647059 0.79607844 0.77254903 0.65882355 0.7647059 0.7411765 0.5882353
0.7764706 0.47843137 0.1254902 0.011764706 0.1764706 0.84313726 0.94509804 0.9137255 0.91764706 0.79607844 0.45882353 0.34117648 0.18039216 0.11372549 0.16862746 0.13333334 0.13333334 0.13333334 0.2509804 0.8352941 0.9411765 0.91764706 0.9254902 0.84313726 0.7490196 0.76862746 0.78431374 0.7372549 0.6 0.7176471 0.78039217 0.4862745
0.8784314 0.7058824 0.28627452 0.1882353 0.30588236 0.75686276 0.92156863 0.94509804 0.91764706 0.7647059 0.33333334 0.29411766 0.1882353 0.14509805 0.13725491 0.08235294 0.105882354 0.15294118 0.49411765 0.92156863 0.92941177 0.90588236 0.9019608 0.8156863 0.7372549 0.7176471 0.6509804 0.58431375 0.5176471 0.6 0.6901961 0.48235294
0.96862745 0.85882354 0.4862745 0.21176471 0.27058825 0.44705883 0.67058825 0.87058824 0.87058824 0.6784314 0.16078432 0.09803922 0.12941177 0.11764706 0.12156863 0.047058824 0.07450981 0.15294118 0.6784314 0.972549 0.9137255 0.8862745 0.87058824 0.7411765 0.6 0.53333336 0.52156866 0.5137255 0.33333334 0.31764707 0.3019608 0.36078432
1.0 0.93333334 0.7882353 0.35686275 0.08627451 0.17254902 0.22745098 0.38039216 0.44705883 0.39607844 0.21960784 0.2 0.1764706 0.1254902 0.09803922 0.015686275 0.050980393 0.12941177 0.6431373 0.9372549 0.9019608 0.83137256 0.7490196 0.5764706 0.46666667 0.4745098 0.4 0.2 0.14117648 0.25490198 0.15686275 0.2509804
1.0 0.9607843 0.95686275 0.5882353 0.043137256 0.16078432 0.14509805 0.078431375 0.06666667 0.14509805 0.22352941 0.23137255 0.24705882 0.22352941 0.16862746 0.078431375 0.07058824 0.14901961 0.654902 0.9137255 0.7529412 0.654902 0.61960787 0.50980395 0.36862746 0.20784314 0.078431375 0.003921569 0.043137256 0.08235294 0.07058824 0.16862746
1.0 0.99607843 0.8235294 0.4392157 0.08235294 0.25882354 0.3372549 0.29411766 0.20784314 0.16862746 0.15294118 0.08627451 0.14901961 0.19215687 0.18431373 0.1764706 0.15686275 0.2901961 0.7764706 0.87058824 0.5921569 0.59607846 0.5294118 0.2901961 0.0627451 0.007843138 0.007843138 0.015686275 0.03137255 0.0627451 0.11764706 0.29803923
1.0 1.0 0.7137255 0.22352941 0.08235294 0.41960785 0.42745098 0.29803923 0.34117648 0.3647059 0.29803923 0.078431375 0.07058824 0.078431375 0.0627451 0.0627451 0.06666667 0.3647059 0.9529412 0.85882354 0.50980395 0.3882353 0.1882353 0.03137255 0.003921569 0.21960784 0.12156863 0.003921569 0.019607844 0.09803922 0.30588236 0.3019608
1.0 1.0 0.72156864 0.19215687 0.05490196 0.6392157 0.69411767 0.33333334 0.25882354 0.32156864 0.33333334 0.09803922 0.039215688 0.03529412 0.03137255 0.023529412 0.0 0.25490198 0.81960785 0.6431373 0.20784314 0.09803922 0.05490196 0.011764706 0.043137256 0.40784314 0.20784314 0.011764706 0.07450981 0.31764707 0.36862746 0.23137255
1.0 1.0 0.7176471 0.16078432 0.0627451 0.4509804 0.6745098 0.6745098 0.5058824 0.39215687 0.5764706 0.45490196 0.09411765 0.015686275 0.03137255 0.019607844 0.019607844 0.05882353 0.20784314 0.15294118 0.07450981 0.11372549 0.07450981 0.003921569 0.08627451 0.5176471 0.22745098 0.02745098 0.29803923 0.40784314 0.2627451 0.2784314
1.0 1.0 0.7019608 0.16862746 0.105882354 0.12156863 0.16862746 0.23137255 0.27058825 0.24705882 0.6 0.73333335 0.15686275 0.007843138 0.043137256 0.023529412 0.015686275 0.007843138 0.02745098 0.11372549 0.19607843 0.19607843 0.09019608 0.0 0.1254902 0.5254902 0.20784314 0.28627452 0.35686275 0.28235295 0.2901961 0.27450982
0.99607843 1.0 0.7176471 0.22352941 0.15686275 0.09803922 0.07450981 0.03529412 0.03529412 0.07058824 0.21960784 0.40784314 0.09411765 0.02745098 0.047058824 0.015686275 0.003921569 0.003921569 0.06666667 0.19607843 0.24705882 0.23921569 0.15686275 0.039215688 0.07058824 0.29803923 0.35686275 0.43137255 0.22352941 0.23529412 0.25882354 0.22745098
0.87058824 0.44313726 0.34901962 0.3882353 0.28235295 0.2627451 0.25490198 0.28627452 0.35686275 0.32941177 0.22352941 0.15686275 0.15294118 0.1764706 0.17254902 0.15294118 0.14117648 0.101960786 0.17254902 0.8117647 0.9764706 0.81960785 0.7411765 0.75686276 0.78039217 0.7921569 0.8156863 0.91764706 0.972549 0.9764706 0.96862745 0.99607843
0.8666667 0.5019608 0.41960785 0.5411765 0.47058824 0.34901962 0.33333334 0.3137255 0.41960785 0.38039216 0.24313726 0.14901961 0.11764706 0.14901961 0.12156863 0.09019608 0.08627451 0.05490196 0.14901961 0.84313726 0.98039216 0.80784315 0.73333335 0.7411765 0.7607843 0.7921569 0.8039216 0.83137256 0.9254902 0.9764706 0.95686275 0.99607843
0.8627451 0.5647059 0.45490196 0.5568628 0.50980395 0.44313726 0.4745098 0.42745098 0.5176471 0.3529412 0.19607843 0.101960786 0.06666667 0.078431375 0.06666667 0.050980393 0.043137256 0.007843138 0.14117648 0.87058824 0.9764706 0.7882353 0.7137255 0.7137255 0.7254902 0.7647059 0.78431374 0.77254903 0.8235294 0.84705883 0.8862745 1.0
0.8666667 0.49803922 0.37254903 0.49803922 0.45882353 0.44705883 0.45882353 0.41568628 0.53333336 0.4117647 0.26666668 0.18431373 0.08235294 0.0627451 0.06666667 0.023529412 0.019607844 0.003921569 0.1764706 0.8980392 0.96862745 0.76862746 0.6901961 0.69411767 0.70980394 0.7490196 0.76862746 0.7647059 0.7882353 0.7529412 0.7294118 0.94509804
0.85490197 0.4509804 0.29803923 0.30980393 0.27450982 0.36862746 0.41960785 0.3529412 0.4627451 0.39215687 0.32156864 0.30588236 0.18039216 0.15686275 0.1254902 0.05490196 0.03137255 0.0 0.19607843 0.91764706 0.9647059 0.7529412 0.6745098 0.68235296 0.69803923 0.7411765 0.78431374 0.79607844 0.77254903 0.75686276 0.7137255 0.85490197
0.8509804 0.54509807 0.48235294 0.5176471 0.40392157 0.3764706 0.41960785 0.28627452 0.28235295 0.2901961 0.2784314 0.2901961 0.21568628 0.19607843 0.14509805 0.11372549 0.09019608 0.023529412 0.22352941 0.92941177 0.95686275 0.7372549 0.67058825 0.6745098 0.6901961 0.72156864 0.77254903 0.81960785 0.77254903 0.7176471 0.6862745 0.7254902
0.84313726 0.56078434 0.5529412 0.6901961 0.60784316 0.54901963 0.5647059 0.43529412 0.29803923 0.2 0.16078432 0.18039216 0.14509805 0.14901961 0.13333334 0.1254902 0.11764706 0.08235294 0.29411766 0.94509804 0.9490196 0.72156864 0.6313726 0.59607846 0.60784316 0.6666667 0.7176471 0.77254903 0.7529412 0.7058824 0.67058825 0.69411767
0.8156863 0.5568628 0.5686275 0.6862745 0.6117647 0.5803922 0.5568628 0.47843137 0.42745098 0.30980393 0.22745098 0.19215687 0.105882354 0.105882354 0.08235294 0.078431375 0.09411765 0.06666667 0.3137255 0.95686275 0.93333334 0.69803923 0.5764706 0.49803922 0.4392157 0.5568628 0.6431373 0.6784314 0.63529414 0.5137255 0.49019608 0.61960787
0.7882353 0.5686275 0.5921569 0.69411767 0.62352943 0.6039216 0.5294118 0.41568628 0.40392157 0.30588236 0.25490198 0.24313726 0.16862746 0.16862746 0.12156863 0.08235294 0.078431375 0.019607844 0.29803923 0.9490196 0.91764706 0.67058825 0.5529412 0.41960785 0.34901962 0.46666667 0.58431375 0.627451 0.5019608 0.27450982 0.22745098 0.3254902
0.7490196 0.5686275 0.62352943 0.654902 0.53333336 0.5803922 0.50980395 0.39607844 0.41960785 0.3372549 0.2784314 0.24705882 0.18039216 0.1764706 0.14117648 0.10980392 0.11764706 0.05882353 0.34901962 0.9647059 0.8980392 0.63529414 0.5372549 0.45882353 0.38431373 0.4862745 0.5764706 0.60784316 0.43137255 0.24705882 0.23921569 0.29411766
0.77254903 0.56078434 0.627451 0.5764706 0.3137255 0.32941177 0.28235295 0.24313726 0.28627452 0.23921569 0.22352941 0.21960784 0.17254902 0.14901961 0.12156863 0.08627451 0.09411765 0.06666667 0.40784314 0.99215686 0.88235295 0.6156863 0.59607846 0.5764706 0.5019608 0.5568628 0.6 0.53333336 0.41960785 0.29803923 0.24705882 0.32941177
0.7764706 0.5686275 0.60784316 0.6392157 0.44705883 0.41568628 0.3254902 0.2627451 0.25490198 0.1882353 0.14901961 0.12941177 0.09019608 0.08627451 0.078431375 0.05882353 0.07058824 0.05490196 0.41568628 1.0 0.8666667 0.60784316 0.6156863 0.57254905 0.48235294 0.49803922 0.5411765 0.4392157 0.36862746 0.29411766 0.2901961 0.36078432
0.78039217 0.57254905 0.6 0.6745098 0.53333336 0.56078434 0.46666667 0.39215687 0.3882353 0.29803923 0.22745098 0.1882353 0.12941177 0.1254902 0.11764706 0.07058824 0.0627451 0.047058824 0.43529412 1.0 0.84705883 0.6 0.5686275 0.5176471 0.43529412 0.42745098 0.4627451 0.37254903 0.34117648 0.38039216 0.48235294 0.54901963
0.7921569 0.5764706 0.5921569 0.63529414 0.5058824 0.53333336 0.4392157 0.3647059 0.3647059 0.28235295 0.21960784 0.2 0.16470589 0.12941177 0.11372549 0.078431375 0.09019608 0.10980392 0.5176471 1.0 0.8392157 0.6039216 0.5568628 0.5019608 0.40392157 0.39215687 0.38431373 0.22745098 0.22745098 0.44313726 0.5882353 0.6666667
0.7529412 0.5764706 0.5882353 0.6156863 0.49019608 0.5411765 0.4509804 0.36862746 0.33333334 0.26666668 0.20784314 0.19607843 0.16078432 0.11764706 0.09019608 0.05882353 0.07450981 0.1254902 0.52156866 1.0 0.8235294 0.5921569 0.54509807 0.4745098 0.36862746 0.35686275 0.3254902 0.09803922 0.14901961 0.38431373 0.47843137 0.62352943
0.73333335 0.4627451 0.4 0.43529412 0.34117648 0.38039216 0.3137255 0.2509804 0.18039216 0.15294118 0.14509805 0.14901961 0.15686275 0.15294118 0.11372549 0.078431375 0.09019608 0.13725491 0.43529412 0.9607843 0.8039216 0.5764706 0.53333336 0.45882353 0.34117648 0.3254902 0.32156864 0.29803923 0.34901962 0.3019608 0.30980393 0.5529412
0.6313726 0.23921569 0.09803922 0.1254902 0.08627451 0.07058824 0.07058824 0.09019608 0.101960786 0.039215688 0.078431375 0.078431375 0.11372549 0.1254902 0.14117648 0.1254902 0.13725491 0.18039216 0.56078434 0.99215686 0.78431374 0.5686275 0.5294118 0.45882353 0.32941177 0.3019608 0.31764707 0.30588236 0.34509805 0.3529412 0.36078432 0.54901963
0.5764706 0.2627451 0.09019608 0.08627451 0.047058824 0.03137255 0.043137256 0.11372549 0.13333334 0.078431375 0.10980392 0.0627451 0.078431375 0.11764706 0.12156863 0.0627451 0.08235294 0.105882354 0.6117647 1.0 0.75686276 0.5411765 0.50980395 0.44313726 0.30588236 0.28235295 0.2901961 0.29411766 0.28235295 0.2901961 0.29803923 0.30588236
0.6156863 0.31764707 0.05490196 0.039215688 0.015686275 0.047058824 0.18431373 0.32156864 0.42745098 0.3137255 0.101960786 0.02745098 0.10980392 0.27450982 0.18039216 0.043137256 0.07450981 0.15686275 0.69803923 1.0 0.7254902 0.5058824 0.4862745 0.42352942 0.29411766 0.27450982 0.2784314 0.30588236 0.28235295 0.2901961 0.2784314 0.31764707
0.6117647 0.34117648 0.06666667 0.019607844 0.003921569 0.25490198 0.76862746 0.84313726 0.8392157 0.6666667 0.16078432 0.047058824 0.16078432 0.20392157 0.18431373 0.05490196 0.05882353 0.30980393 0.6313726 0.9137255 0.70980394 0.48235294 0.4862745 0.43529412 0.3019608 0.29411766 0.30980393 0.3137255 0.31764707 0.36862746 0.36862746 0.5568628
0.5803922 0.29803923 0.07058824 0.011764706 0.105882354 0.67058825 0.9529412 0.94509804 0.94509804 0.7882353 0.23921569 0.078431375 0.13725491 0.09019608 0.24313726 0.13725491 0.078431375 0.15686275 0.27058825 0.79607844 0.6784314 0.44705883 0.44705883 0.38431373 0.27450982 0.29411766 0.3529412 0.4117647 0.39215687 0.41960785 0.3764706 0.42745098
0.60784316 0.33333334 0.078431375 0.007843138 0.15686275 0.8156863 0.91764706 0.8901961 0.92156863 0.7411765 0.30588236 0.18039216 0.08235294 0.043137256 0.10980392 0.07058824 0.06666667 0.09019608 0.23921569 0.79607844 0.6431373 0.40392157 0.3882353 0.3137255 0.2509804 0.30588236 0.3647059 0.4 0.38431373 0.46666667 0.5411765 0.39215687
0.7176471 0.5411765 0.23137255 0.16470589 0.2784314 0.73333335 0.9019608 0.93333334 0.9019608 0.70980394 0.22745098 0.16470589 0.07058824 0.0627451 0.06666667 0.02745098 0.05490196 0.11764706 0.4627451 0.8666667 0.6156863 0.36862746 0.34509805 0.2784314 0.25490198 0.30588236 0.29411766 0.29803923 0.36078432 0.43529412 0.5529412 0.43529412
0.8509804 0.7019608 0.41568628 0.18039216 0.25490198 0.44313726 0.6745098 0.88235295 0.8627451 0.65882355 0.12941177 0.047058824 0.05882353 0.05882353 0.07058824 0.011764706 0.047058824 0.13725491 0.61960787 0.90588236 0.54509807 0.32941177 0.3529412 0.2784314 0.21568628 0.23137255 0.2901961 0.38431373 0.29411766 0.2784314 0.27450982 0.34901962
0.96862745 0.8392157 0.7058824 0.32156864 0.0627451 0.15294118 0.21568628 0.3764706 0.4392157 0.38431373 0.2 0.17254902 0.14117648 0.09019608 0.0627451 0.0 0.03529412 0.12941177 0.5921569 0.8666667 0.49803922 0.3372549 0.34901962 0.26666668 0.25490198 0.31764707 0.29411766 0.17254902 0.12941177 0.23529412 0.13725491 0.22745098
1.0 0.9019608 0.89411765 0.56078434 0.015686275 0.13333334 0.12156863 0.05490196 0.050980393 0.12941177 0.20392157 0.20784314 0.21568628 0.19215687 0.14509805 0.0627451 0.0627451 0.13333334 0.64705884 0.8745098 0.5058824 0.3647059 0.38039216 0.34901962 0.2901961 0.16862746 0.05882353 0.0 0.03137255 0.05882353 0.047058824 0.13333334
1.0 0.9647059 0.7882353 0.42745098 0.05490196 0.23137255 0.30980393 0.26666668 0.1882353 0.15294118 0.13725491 0.0627451 0.11764706 0.16862746 0.16862746 0.16862746 0.16078432 0.24705882 0.7058824 0.84705883 0.49803922 0.4862745 0.4392157 0.24313726 0.05882353 0.019607844 0.011764706 0.011764706 0.023529412 0.047058824 0.09803922 0.25882354
1.0 1.0 0.69411767 0.21960784 0.06666667 0.4 0.4117647 0.28235295 0.3254902 0.3529412 0.28627452 0.0627451 0.047058824 0.0627451 0.050980393 0.05882353 0.078431375 0.30980393 0.7294118 0.81960785 0.4392157 0.3254902 0.16862746 0.015686275 0.003921569 0.21176471 0.11372549 0.0 0.003921569 0.07450981 0.26666668 0.2509804
1.0 1.0 0.7019608 0.1882353 0.05490196 0.6431373 0.7019608 0.34901962 0.25882354 0.30980393 0.31764707 0.08235294 0.023529412 0.015686275 0.011764706 0.011764706 0.0 0.21960784 0.5921569 0.5882353 0.17254902 0.0627451 0.05490196 0.007843138 0.039215688 0.3882353 0.18039216 0.0 0.047058824 0.27058825 0.30980393 0.16862746
1.0 1.0 0.69411767 0.15294118 0.078431375 0.4745098 0.7019608 0.70980394 0.5176471 0.38431373 0.5686275 0.4392157 0.078431375 0.0 0.011764706 0.007843138 0.011764706 0.039215688 0.1254902 0.101960786 0.07058824 0.08235294 0.078431375 0.011764706 0.08627451 0.5058824 0.2 0.0 0.24313726 0.3372549 0.18431373 0.2
1.0 1.0 0.7058824 0.1882353 0.1254902 0.13725491 0.18039216 0.23921569 0.27450982 0.25490198 0.6117647 0.7372549 0.15294118 0.0 0.03137255 0.015686275 0.011764706 0.003921569 0.003921569 0.043137256 0.12156863 0.1254902 0.05490196 0.0 0.12941177 0.52156866 0.18431373 0.24313726 0.3019608 0.21568628 0.21176471 0.2
0.99215686 1.0 0.7294118 0.24705882 0.17254902 0.10980392 0.07450981 0.02745098 0.03137255 0.078431375 0.23921569 0.41960785 0.09411765 0.019607844 0.043137256 0.011764706 0.003921569 0.007843138 0.047058824 0.12156863 0.14509805 0.14901961 0.105882354 0.023529412 0.07450981 0.29803923 0.33333334 0.38039216 0.16470589 0.16470589 0.1764706 0.15294118
26 24 1
