32, 32, 3, 1
0.69411767 0.49803922 0.4627451 0.44705883 0.5294118 0.58431375 0.67058825 0.5764706 0.43137255 0.49803922 0.5294118 0.54901963 0.5411765 0.59607846 0.59607846 0.4509804 0.57254905 0.5137255 0.627451 0.65882355 0.40784314 0.54901963 0.5137255 0.5019608 0.44313726 0.5019608 0.54509807 0.54901963 0.57254905 0.5411765 0.5803922 0.7058824
0.7137255 0.56078434 0.52156866 0.54509807 0.4862745 0.4745098 0.6784314 0.6313726 0.5568628 0.5568628 0.5019608 0.5411765 0.4862745 0.5764706 0.5764706 0.44313726 0.5019608 0.5019608 0.59607846 0.60784316 0.48235294 0.46666667 0.47058824 0.5176471 0.5058824 0.45882353 0.49019608 0.4509804 0.5254902 0.50980395 0.5647059 0.6784314
0.7490196 0.72156864 0.7411765 0.7607843 0.78039217 0.7921569 0.8039216 0.7921569 0.7882353 0.79607844 0.7882353 0.79607844 0.7882353 0.7607843 0.6745098 0.75686276 0.8117647 0.76862746 0.7529412 0.75686276 0.75686276 0.72156864 0.7137255 0.72156864 0.70980394 0.70980394 0.7137255 0.7176471 0.7058824 0.70980394 0.7019608 0.70980394
0.68235296 0.6509804 0.6509804 0.68235296 0.6509804 0.53333336 0.54901963 0.5647059 0.6862745 0.68235296 0.6745098 0.61960787 0.6039216 0.6509804 0.75686276 0.84313726 0.84705883 0.80784315 0.8117647 0.7921569 0.72156864 0.54509807 0.50980395 0.5568628 0.4509804 0.54901963 0.6 0.61960787 0.64705884 0.60784316 0.5686275 0.50980395
0.5882353 0.5568628 0.5568628 0.57254905 0.5764706 0.41960785 0.45490196 0.39215687 0.31764707 0.32156864 0.44705883 0.4117647 0.30588236 0.30588236 0.39215687 0.42745098 0.41568628 0.44313726 0.54901963 0.5254902 0.40392157 0.29411766 0.42352942 0.34117648 0.2784314 0.2901961 0.30588236 0.40784314 0.5137255 0.5019608 0.44313726 0.32156864
0.47058824 0.44705883 0.44705883 0.44313726 0.4392157 0.36862746 0.39607844 0.38039216 0.3254902 0.3372549 0.43137255 0.41960785 0.36862746 0.34901962 0.34509805 0.37254903 0.39607844 0.39607844 0.43137255 0.43529412 0.4 0.38431373 0.42352942 0.38431373 0.36862746 0.34509805 0.31764707 0.36078432 0.3882353 0.38431373 0.35686275 0.31764707
0.36862746 0.34509805 0.34117648 0.3529412 0.3529412 0.3647059 0.38431373 0.3882353 0.39607844 0.42745098 0.44705883 0.4392157 0.41568628 0.38431373 0.36862746 0.39607844 0.4 0.39215687 0.38039216 0.3882353 0.40392157 0.3882353 0.37254903 0.3764706 0.37254903 0.3647059 0.3647059 0.3647059 0.38039216 0.38039216 0.36078432 0.3529412
0.34117648 0.36862746 0.37254903 0.41568628 0.36078432 0.4 0.43137255 0.41568628 0.4 0.4117647 0.40392157 0.41568628 0.39607844 0.34509805 0.34901962 0.33333334 0.3647059 0.3254902 0.35686275 0.37254903 0.38431373 0.34901962 0.3529412 0.35686275 0.3764706 0.3529412 0.38431373 0.4117647 0.40784314 0.40784314 0.37254903 0.37254903
0.3019608 0.3647059 0.36078432 0.41960785 0.3372549 0.34901962 0.38431373 0.3647059 0.36078432 0.36078432 0.3254902 0.34509805 0.3529412 0.32941177 0.34509805 0.30980393 0.32156864 0.3137255 0.30588236 0.34117648 0.32941177 0.27450982 0.28627452 0.28627452 0.31764707 0.2901961 0.29411766 0.32941177 0.33333334 0.32941177 0.27450982 0.27450982
0.2784314 0.32156864 0.31764707 0.3137255 0.29411766 0.28627452 0.2784314 0.2784314 0.2627451 0.25490198 0.23529412 0.20784314 0.18039216 0.17254902 0.15686275 0.15686275 0.14509805 0.16078432 0.16470589 0.17254902 0.14901961 0.12156863 0.105882354 0.12156863 0.11764706 0.10980392 0.11372549 0.1254902 0.14509805 0.14117648 0.11372549 0.09019608
0.22745098 0.24313726 0.2509804 0.24705882 0.24313726 0.23137255 0.21176471 0.19215687 0.16470589 0.12941177 0.1254902 0.08235294 0.043137256 0.02745098 0.011764706 0.003921569 0.007843138 0.007843138 0.023529412 0.03529412 0.019607844 0.011764706 0.007843138 0.003921569 0.003921569 0.0 0.011764706 0.019607844 0.023529412 0.02745098 0.011764706 0.011764706
0.16470589 0.16862746 0.16862746 0.16470589 0.14509805 0.11764706 0.09019608 0.05882353 0.043137256 0.03137255 0.03529412 0.023529412 0.007843138 0.007843138 0.011764706 0.007843138 0.007843138 0.007843138 0.0 0.0 0.0 0.0 0.0 0.0 0.0 0.0 0.003921569 0.0 0.003921569 0.003921569 0.0 0.0
0.09411765 0.09019608 0.11372549 0.13333334 0.11764706 0.09411765 0.06666667 0.043137256 0.03529412 0.02745098 0.043137256 0.039215688 0.03137255 0.011764706 0.015686275 0.015686275 0.011764706 0.011764706 0.011764706 0.007843138 0.003921569 0.003921569 0.003921569 0.003921569 0.003921569 0.0 0.0 0.0 0.003921569 0.003921569 0.003921569 0.003921569
0.03529412 0.050980393 0.105882354 0.14901961 0.12941177 0.11764706 0.09803922 0.06666667 0.050980393 0.023529412 0.03137255 0.02745098 0.011764706 0.011764706 0.011764706 0.007843138 0.003921569 0.003921569 0.003921569 0.003921569 0.003921569 0.003921569 0.003921569 0.007843138 0.007843138 0.003921569 0.0 0.0 0.0 0.003921569 0.003921569 0.0
0.003921569 0.011764706 0.03529412 0.05490196 0.050980393 0.05490196 0.05882353 0.06666667 0.047058824 0.015686275 0.015686275 0.015686275 0.011764706 0.011764706 0.011764706 0.007843138 0.007843138 0.007843138 0.007843138 0.003921569 0.003921569 0.011764706 0.023529412 0.023529412 0.011764706 0.007843138 0.003921569 0.0 0.003921569 0.003921569 0.003921569 0.003921569
0.011764706 0.0 0.0 0.003921569 0.007843138 0.015686275 0.023529412 0.03529412 0.023529412 0.007843138 0.007843138 0.007843138 0.007843138 0.007843138 0.007843138 0.003921569 0.0 0.003921569 0.003921569 0.0 0.003921569 0.03137255 0.0627451 0.03137255 0.011764706 0.011764706 0.003921569 0.007843138 0.015686275 0.011764706 0.015686275 0.015686275
0.015686275 0.007843138 0.0 0.0 0.011764706 0.015686275 0.011764706 0.019607844 0.023529412 0.011764706 0.007843138 0.011764706 0.007843138 0.007843138 0.007843138 0.003921569 0.007843138 0.007843138 0.003921569 0.003921569 0.011764706 0.03529412 0.047058824 0.03137255 0.015686275 0.011764706 0.078431375 0.08235294 0.02745098 0.011764706 0.007843138 0.007843138
0.003921569 0.007843138 0.015686275 0.02745098 0.07058824 0.078431375 0.047058824 0.050980393 0.078431375 0.09803922 0.050980393 0.007843138 0.003921569 0.003921569 0.003921569 0.007843138 0.011764706 0.003921569 0.003921569 0.007843138 0.011764706 0.019607844 0.019607844 0.039215688 0.007843138 0.039215688 0.27450982 0.15686275 0.03529412 0.019607844 0.011764706 0.007843138
0.019607844 0.050980393 0.09411765 0.105882354 0.1254902 0.101960786 0.06666667 0.078431375 0.10980392 0.11764706 0.07450981 0.019607844 0.023529412 0.02745098 0.007843138 0.007843138 0.007843138 0.011764706 0.007843138 0.003921569 0.0 0.0 0.0 0.023529412 0.0 0.11764706 0.45490196 0.25490198 0.02745098 0.023529412 0.023529412 0.019607844
0.023529412 0.050980393 0.0627451 0.05490196 0.039215688 0.02745098 0.047058824 0.07450981 0.11372549 0.101960786 0.02745098 0.02745098 0.03529412 0.0 0.0 0.0 0.0 0.0 0.0 0.011764706 0.02745098 0.07058824 0.1254902 0.17254902 0.22352941 0.38039216 0.3764706 0.19607843 0.050980393 0.02745098 0.039215688 0.03529412
0.015686275 0.011764706 0.007843138 0.023529412 0.015686275 0.0 0.0 0.02745098 0.101960786 0.1254902 0.105882354 0.1254902 0.1882353 0.24705882 0.30588236 0.34509805 0.4117647 0.44705883 0.5058824 0.6 0.6666667 0.7176471 0.77254903 0.8039216 0.80784315 0.67058825 0.27058825 0.13725491 0.10980392 0.06666667 0.0627451 0.047058824
0.02745098 0.06666667 0.13333334 0.24313726 0.36862746 0.4509804 0.5411765 0.6392157 0.7058824 0.7411765 0.77254903 0.7921569 0.8235294 0.8509804 0.8745098 0.8392157 0.8117647 0.8117647 0.7490196 0.6901961 0.6509804 0.58431375 0.5019608 0.41568628 0.30980393 0.19215687 0.08235294 0.050980393 0.05882353 0.05882353 0.043137256 0.03529412
0.1254902 0.1882353 0.30980393 0.6156863 0.8392157 0.9098039 0.87058824 0.8235294 0.8 0.7372549 0.6666667 0.6313726 0.7176471 0.7058824 0.6117647 0.5803922 0.5372549 0.5254902 0.52156866 0.49803922 0.40784314 0.21176471 0.11372549 0.07058824 0.078431375 0.078431375 0.047058824 0.06666667 0.09019608 0.07450981 0.050980393 0.043137256
0.078431375 0.15294118 0.31764707 0.49019608 0.6117647 0.59607846 0.4509804 0.3529412 0.3254902 0.28627452 0.19607843 0.16862746 0.3254902 0.37254903 0.30588236 0.30980393 0.29803923 0.30980393 0.36862746 0.42352942 0.48235294 0.35686275 0.14509805 0.09803922 0.11764706 0.12941177 0.10980392 0.11764706 0.11764706 0.09803922 0.078431375 0.08235294
0.015686275 0.050980393 0.105882354 0.1254902 0.11764706 0.09019608 0.0627451 0.0627451 0.07450981 0.07450981 0.047058824 0.05490196 0.08627451 0.101960786 0.09019608 0.105882354 0.11372549 0.1254902 0.14901961 0.21568628 0.29803923 0.29803923 0.22745098 0.18039216 0.18039216 0.17254902 0.12156863 0.08627451 0.101960786 0.101960786 0.09411765 0.10980392
0.02745098 0.03529412 0.023529412 0.007843138 0.0 0.007843138 0.019607844 0.03137255 0.050980393 0.08235294 0.09019608 0.101960786 0.10980392 0.10980392 0.105882354 0.12156863 0.1254902 0.11764706 0.101960786 0.101960786 0.105882354 0.13725491 0.20784314 0.27450982 0.25882354 0.21176471 0.18431373 0.12156863 0.09411765 0.07058824 0.078431375 0.11372549
0.0627451 0.05490196 0.043137256 0.043137256 0.02745098 0.043137256 0.0627451 0.08235294 0.105882354 0.11372549 0.11764706 0.10980392 0.105882354 0.12156863 0.14901961 0.13725491 0.12156863 0.12156863 0.11372549 0.11372549 0.1254902 0.20784314 0.3137255 0.27058825 0.1882353 0.13725491 0.13333334 0.12156863 0.105882354 0.105882354 0.14509805 0.16078432
0.09019608 0.08627451 0.08235294 0.08627451 0.0627451 0.06666667 0.09411765 0.11372549 0.13725491 0.13725491 0.12941177 0.10980392 0.09411765 0.08627451 0.078431375 0.08627451 0.105882354 0.11372549 0.12156863 0.1254902 0.14901961 0.15294118 0.13725491 0.12156863 0.14509805 0.15294118 0.14509805 0.14117648 0.17254902 0.17254902 0.15686275 0.14509805
0.11764706 0.11372549 0.105882354 0.11764706 0.101960786 0.09803922 0.101960786 0.11764706 0.14117648 0.14117648 0.12941177 0.11372549 0.105882354 0.09411765 0.07450981 0.09803922 0.11764706 0.16470589 0.16862746 0.14901961 0.16470589 0.15686275 0.13725491 0.14117648 0.14117648 0.14117648 0.15294118 0.20392157 0.28235295 0.3254902 0.1882353 0.15294118
0.105882354 0.11372549 0.105882354 0.09019608 0.08627451 0.09803922 0.10980392 0.13333334 0.13333334 0.12156863 0.12156863 0.14117648 0.15686275 0.16078432 0.14117648 0.13333334 0.15294118 0.16470589 0.16078432 0.13333334 0.13333334 0.13333334 0.1254902 0.13333334 0.14509805 0.12941177 0.1764706 0.3137255 0.2901961 0.3764706 0.24313726 0.13333334
0.12941177 0.14117648 0.13725491 0.11764706 0.11764706 0.13333334 0.14117648 0.14509805 0.15686275 0.20392157 0.20784314 0.15686275 0.13333334 0.14901961 0.20392157 0.18431373 0.17254902 0.23529412 0.23137255 0.18431373 0.18431373 0.14509805 0.10980392 0.11764706 0.1254902 0.14117648 0.30980393 0.31764707 0.27450982 0.21176471 0.3019608 0.2627451
0.13725491 0.1254902 0.1254902 0.13725491 0.14117648 0.14901961 0.15294118 0.15686275 0.1764706 0.25490198 0.31764707 0.30588236 0.27450982 0.2901961 0.35686275 0.32941177 0.23921569 0.28627452 0.34901962 0.3254902 0.34901962 0.32156864 0.2509804 0.18431373 0.12941177 0.15294118 0.40784314 0.32941177 0.23529412 0.2901961 0.36078432 0.25882354
0.87058824 0.65882355 0.6156863 0.5882353 0.65882355 0.70980394 0.8 0.7019608 0.56078434 0.6392157 0.6745098 0.69411767 0.6862745 0.74509805 0.7490196 0.5882353 0.70980394 0.6627451 0.78431374 0.80784315 0.5529412 0.6901961 0.64705884 0.6313726 0.5686275 0.6313726 0.67058825 0.6784314 0.7137255 0.6901961 0.7254902 0.85490197
0.8745098 0.7058824 0.6627451 0.6784314 0.59607846 0.5764706 0.78431374 0.7372549 0.6627451 0.6666667 0.6156863 0.6509804 0.59607846 0.69803923 0.70980394 0.5568628 0.6156863 0.6313726 0.74509805 0.77254903 0.63529414 0.6039216 0.5921569 0.627451 0.6117647 0.5686275 0.59607846 0.56078434 0.6509804 0.64705884 0.69803923 0.8156863
0.9019608 0.8666667 0.8745098 0.8901961 0.8980392 0.90588236 0.91764706 0.9098039 0.9019608 0.90588236 0.8980392 0.90588236 0.9019608 0.8784314 0.7921569 0.85882354 0.9098039 0.8862745 0.8862745 0.8980392 0.8980392 0.8666667 0.85882354 0.87058824 0.85882354 0.8627451 0.8627451 0.8666667 0.85882354 0.8666667 0.85490197 0.8627451
0.8784314 0.84313726 0.8392157 0.8627451 0.80784315 0.67058825 0.6745098 0.69411767 0.827451 0.83137256 0.8117647 0.7411765 0.73333335 0.78039217 0.8666667 0.93333334 0.92941177 0.9019608 0.9254902 0.9098039 0.84313726 0.6862745 0.6745098 0.7254902 0.61960787 0.72156864 0.78039217 0.8039216 0.8156863 0.78039217 0.76862746 0.7490196
0.7882353 0.7490196 0.7490196 0.7607843 0.7372549 0.5568628 0.57254905 0.5137255 0.46666667 0.5137255 0.61960787 0.5647059 0.47058824 0.4745098 0.5411765 0.5529412 0.5294118 0.5647059 0.6862745 0.6627451 0.5372549 0.44313726 0.6039216 0.49019608 0.40392157 0.43137255 0.46666667 0.5882353 0.7137255 0.7294118 0.7019608 0.62352943
0.70980394 0.68235296 0.68235296 0.68235296 0.6745098 0.58431375 0.5921569 0.5803922 0.5411765 0.5529412 0.627451 0.6117647 0.5803922 0.5764706 0.5647059 0.57254905 0.5803922 0.58431375 0.6313726 0.627451 0.5803922 0.57254905 0.63529414 0.5764706 0.5411765 0.5372549 0.5294118 0.5921569 0.64705884 0.6627451 0.6431373 0.61960787
0.654902 0.627451 0.62352943 0.63529414 0.6392157 0.6313726 0.63529414 0.6431373 0.6509804 0.6509804 0.654902 0.6509804 0.654902 0.6509804 0.6431373 0.64705884 0.63529414 0.63529414 0.63529414 0.6392157 0.6392157 0.62352943 0.61960787 0.63529414 0.6313726 0.627451 0.62352943 0.62352943 0.627451 0.62352943 0.61960787 0.6313726
0.59607846 0.59607846 0.59607846 0.64705884 0.58431375 0.60784316 0.627451 0.6117647 0.6039216 0.62352943 0.6039216 0.6117647 0.6 0.5764706 0.6039216 0.57254905 0.6 0.5686275 0.5921569 0.59607846 0.6039216 0.5803922 0.6 0.5882353 0.6039216 0.58431375 0.6 0.5921569 0.5803922 0.6 0.5921569 0.6313726
0.5647059 0.5686275 0.56078434 0.6392157 0.5647059 0.5764706 0.6117647 0.5921569 0.5882353 0.6 0.56078434 0.57254905 0.57254905 0.5568628 0.5882353 0.5568628 0.5686275 0.5647059 0.5372549 0.56078434 0.57254905 0.54509807 0.5803922 0.54509807 0.5647059 0.57254905 0.56078434 0.5411765 0.54509807 0.5764706 0.5529412 0.6
0.59607846 0.5921569 0.5764706 0.5882353 0.5921569 0.5921569 0.5921569 0.59607846 0.5882353 0.58431375 0.5764706 0.5686275 0.5568628 0.5647059 0.56078434 0.5647059 0.5529412 0.57254905 0.5647059 0.5686275 0.56078434 0.5529412 0.5529412 0.5529412 0.5529412 0.56078434 0.54901963 0.5254902 0.53333336 0.54509807 0.5372549 0.54509807
0.6039216 0.5921569 0.59607846 0.5921569 0.5921569 0.5882353 0.58431375 0.5803922 0.57254905 0.57254905 0.58431375 0.5647059 0.54901963 0.5568628 0.56078434 0.5568628 0.56078434 0.56078434 0.56078434 0.5529412 0.54509807 0.54901963 0.54901963 0.5411765 0.5372549 0.53333336 0.53333336 0.5294118 0.53333336 0.53333336 0.52156866 0.5294118
0.5882353 0.5882353 0.5803922 0.5686275 0.5803922 0.5764706 0.5686275 0.5568628 0.5568628 0.5529412 0.56078434 0.5568628 0.54901963 0.54509807 0.5411765 0.5411765 0.5411765 0.54509807 0.5372549 0.5372549 0.5372549 0.5411765 0.54901963 0.54509807 0.5294118 0.52156866 0.5176471 0.5176471 0.52156866 0.52156866 0.5058824 0.5058824
0.5764706 0.5647059 0.5647059 0.56078434 0.5647059 0.5647059 0.5568628 0.5529412 0.5529412 0.54509807 0.5568628 0.5568628 0.54509807 0.5294118 0.53333336 0.5372549 0.53333336 0.5294118 0.5294118 0.5254902 0.5254902 0.53333336 0.5372549 0.5294118 0.5176471 0.5137255 0.5137255 0.50980395 0.49803922 0.49803922 0.49411765 0.5019608
0.5529412 0.5529412 0.57254905 0.58431375 0.5764706 0.5764706 0.57254905 0.5568628 0.54901963 0.53333336 0.54509807 0.5411765 0.5254902 0.5254902 0.5254902 0.5176471 0.5137255 0.5176471 0.52156866 0.5176471 0.50980395 0.5058824 0.5058824 0.50980395 0.5058824 0.49803922 0.49411765 0.49019608 0.48235294 0.48235294 0.47843137 0.4862745
0.5411765 0.54509807 0.54509807 0.53333336 0.5254902 0.53333336 0.54509807 0.5568628 0.54509807 0.5294118 0.5254902 0.5294118 0.5254902 0.52156866 0.5137255 0.50980395 0.5058824 0.5058824 0.5137255 0.50980395 0.49803922 0.49019608 0.49019608 0.49019608 0.4862745 0.47843137 0.4745098 0.47058824 0.4627451 0.4627451 0.45882353 0.46666667
0.5411765 0.5411765 0.54509807 0.5372549 0.5254902 0.5294118 0.53333336 0.5411765 0.53333336 0.5254902 0.5254902 0.52156866 0.5137255 0.5058824 0.49803922 0.49019608 0.4862745 0.4862745 0.49411765 0.49411765 0.49019608 0.49411765 0.5019608 0.47843137 0.47058824 0.46666667 0.46666667 0.4627451 0.45882353 0.45490196 0.45882353 0.46666667
0.5372549 0.5372549 0.54509807 0.54509807 0.53333336 0.53333336 0.53333336 0.5254902 0.5176471 0.5137255 0.52156866 0.5254902 0.50980395 0.49411765 0.4862745 0.4745098 0.47058824 0.46666667 0.4627451 0.46666667 0.48235294 0.4862745 0.46666667 0.45490196 0.45882353 0.44705883 0.49019608 0.4745098 0.44705883 0.44705883 0.44313726 0.44705883
0.5372549 0.53333336 0.5372549 0.5294118 0.5254902 0.5372549 0.5254902 0.52156866 0.5176471 0.50980395 0.5058824 0.50980395 0.5137255 0.49411765 0.4745098 0.46666667 0.45882353 0.44313726 0.43137255 0.4392157 0.45882353 0.4627451 0.43529412 0.43529412 0.45882353 0.45490196 0.49803922 0.4117647 0.42745098 0.43529412 0.42352942 0.41960785
0.5176471 0.5176471 0.5294118 0.52156866 0.53333336 0.5294118 0.50980395 0.50980395 0.5176471 0.5372549 0.53333336 0.49803922 0.47058824 0.45882353 0.4627451 0.45882353 0.44705883 0.44313726 0.4392157 0.44705883 0.45882353 0.44705883 0.41960785 0.4 0.43137255 0.4862745 0.5686275 0.46666667 0.40784314 0.40784314 0.40392157 0.40784314
0.5176471 0.52156866 0.5137255 0.49803922 0.5058824 0.49803922 0.5019608 0.49803922 0.49803922 0.5019608 0.49803922 0.53333336 0.5058824 0.4392157 0.43137255 0.43137255 0.43137255 0.42745098 0.42745098 0.43529412 0.44705883 0.45490196 0.46666667 0.4627451 0.48235294 0.56078434 0.4862745 0.40392157 0.38431373 0.38431373 0.39607844 0.4
0.5176471 0.52156866 0.5019608 0.49411765 0.47843137 0.46666667 0.4627451 0.4627451 0.48235294 0.46666667 0.4862745 0.54509807 0.60784316 0.6117647 0.6039216 0.6313726 0.6862745 0.7137255 0.7411765 0.7882353 0.8235294 0.84705883 0.8745098 0.8901961 0.8666667 0.7647059 0.47843137 0.3882353 0.4 0.39215687 0.39607844 0.38431373
0.50980395 0.52156866 0.5176471 0.5529412 0.627451 0.69803923 0.7647059 0.8117647 0.8352941 0.8509804 0.8862745 0.9019608 0.9137255 0.9137255 0.92156863 0.88235295 0.85490197 0.84705883 0.827451 0.8117647 0.7647059 0.7058824 0.64705884 0.58431375 0.49019608 0.43529412 0.42745098 0.39215687 0.36078432 0.37254903 0.37254903 0.36862746
0.5254902 0.49803922 0.5137255 0.7254902 0.8745098 0.94509804 0.91764706 0.85882354 0.83137256 0.8156863 0.78431374 0.7607843 0.79607844 0.78039217 0.7372549 0.7254902 0.7019608 0.70980394 0.7058824 0.6784314 0.59607846 0.4392157 0.38039216 0.38039216 0.36862746 0.3647059 0.38431373 0.38039216 0.36862746 0.37254903 0.3647059 0.36078432
0.45490196 0.41568628 0.49411765 0.6 0.6862745 0.7058824 0.60784316 0.5294118 0.5019608 0.4627451 0.42745098 0.42352942 0.5176471 0.53333336 0.49019608 0.5137255 0.5254902 0.56078434 0.6117647 0.6431373 0.69411767 0.5764706 0.3882353 0.3647059 0.34117648 0.32941177 0.36862746 0.37254903 0.34901962 0.34509805 0.34509805 0.34901962
0.44313726 0.4117647 0.41960785 0.41568628 0.41568628 0.4117647 0.40392157 0.39607844 0.38039216 0.36078432 0.3647059 0.3764706 0.36078432 0.35686275 0.34901962 0.3529412 0.35686275 0.36862746 0.4117647 0.48235294 0.5411765 0.53333336 0.47843137 0.45490196 0.41960785 0.3764706 0.3764706 0.3647059 0.33333334 0.3254902 0.3372549 0.34117648
0.43529412 0.43529412 0.41960785 0.40392157 0.40784314 0.42745098 0.4392157 0.42745098 0.40392157 0.38431373 0.3764706 0.3764706 0.36862746 0.36862746 0.36078432 0.34901962 0.3372549 0.3529412 0.36078432 0.3647059 0.34901962 0.3882353 0.48235294 0.57254905 0.5372549 0.4509804 0.4392157 0.42352942 0.41568628 0.3764706 0.36078432 0.33333334
0.4117647 0.4 0.3882353 0.39215687 0.4 0.41568628 0.40784314 0.3764706 0.35686275 0.3529412 0.36078432 0.36078432 0.35686275 0.3529412 0.3372549 0.32941177 0.32941177 0.3529412 0.3647059 0.3647059 0.34509805 0.41568628 0.53333336 0.49411765 0.3882353 0.32156864 0.3372549 0.3647059 0.37254903 0.3764706 0.39607844 0.36862746
0.3764706 0.3647059 0.3647059 0.37254903 0.38039216 0.3882353 0.38039216 0.34509805 0.32941177 0.34117648 0.3529412 0.3647059 0.36862746 0.3647059 0.3529412 0.3647059 0.36862746 0.34509805 0.32941177 0.31764707 0.3137255 0.3137255 0.31764707 0.30588236 0.3137255 0.31764707 0.30980393 0.3019608 0.27058825 0.2627451 0.2901961 0.3019608
0.36862746 0.3647059 0.35686275 0.37254903 0.38431373 0.3882353 0.37254903 0.34901962 0.34509805 0.34117648 0.34901962 0.36078432 0.37254903 0.37254903 0.3647059 0.3647059 0.33333334 0.29803923 0.29411766 0.30588236 0.30980393 0.30980393 0.3137255 0.3254902 0.3254902 0.30980393 0.29803923 0.3254902 0.41568628 0.49019608 0.3529412 0.2784314
0.36078432 0.37254903 0.37254903 0.3647059 0.37254903 0.37254903 0.36078432 0.35686275 0.3372549 0.32156864 0.31764707 0.32156864 0.31764707 0.32156864 0.30980393 0.2901961 0.2901961 0.2784314 0.30980393 0.3372549 0.34117648 0.34117648 0.32941177 0.3254902 0.32156864 0.29411766 0.3372549 0.4745098 0.45882353 0.63529414 0.49411765 0.2784314
0.36078432 0.3764706 0.38039216 0.37254903 0.3647059 0.36078432 0.34117648 0.32156864 0.31764707 0.36078432 0.3647059 0.3137255 0.29411766 0.29411766 0.31764707 0.2901961 0.27450982 0.32941177 0.35686275 0.3529412 0.37254903 0.3529412 0.3254902 0.31764707 0.29803923 0.32156864 0.5137255 0.49803922 0.38431373 0.3647059 0.4745098 0.38039216
0.33333334 0.3254902 0.34117648 0.35686275 0.35686275 0.34901962 0.3254902 0.3019608 0.29803923 0.3529412 0.4117647 0.4 0.37254903 0.37254903 0.40392157 0.37254903 0.2901961 0.34509805 0.41568628 0.40784314 0.44705883 0.4392157 0.38039216 0.33333334 0.28235295 0.3137255 0.5921569 0.49411765 0.33333334 0.41568628 0.49803922 0.34901962
0.9607843 0.7490196 0.7058824 0.6862745 0.7490196 0.8 0.8901961 0.79607844 0.64705884 0.7254902 0.7607843 0.7764706 0.77254903 0.8392157 0.85490197 0.6784314 0.79607844 0.7607843 0.8901961 0.90588236 0.64705884 0.77254903 0.7294118 0.72156864 0.65882355 0.7254902 0.76862746 0.7764706 0.79607844 0.76862746 0.8156863 0.9529412
0.95686275 0.7882353 0.74509805 0.7607843 0.6784314 0.6627451 0.8627451 0.8235294 0.74509805 0.7490196 0.69411767 0.73333335 0.68235296 0.7882353 0.8117647 0.6431373 0.69803923 0.7254902 0.8392157 0.8509804 0.7176471 0.69411767 0.6862745 0.72156864 0.7019608 0.65882355 0.68235296 0.64705884 0.7411765 0.7411765 0.79607844 0.92156863
0.972549 0.9372549 0.94509804 0.95686275 0.9647059 0.972549 0.9764706 0.972549 0.96862745 0.972549 0.9647059 0.9764706 0.972549 0.9490196 0.85882354 0.90588236 0.95686275 0.94509804 0.9529412 0.9607843 0.972549 0.95686275 0.9529412 0.96862745 0.9529412 0.95686275 0.9607843 0.9607843 0.9490196 0.9607843 0.95686275 0.972549
0.972549 0.9372549 0.9372549 0.9607843 0.9098039 0.7647059 0.75686276 0.78039217 0.91764706 0.9372549 0.91764706 0.827451 0.80784315 0.8509804 0.91764706 0.9647059 0.9490196 0.9254902 0.9607843 0.9647059 0.91764706 0.77254903 0.78039217 0.85882354 0.7647059 0.85882354 0.9098039 0.9254902 0.93333334 0.9098039 0.90588236 0.90588236
0.9411765 0.9019608 0.9019608 0.91764706 0.90588236 0.7137255 0.7137255 0.65882355 0.62352943 0.68235296 0.7882353 0.7176471 0.6 0.5882353 0.6313726 0.63529414 0.6156863 0.6666667 0.8 0.77254903 0.6431373 0.5647059 0.7490196 0.64705884 0.5568628 0.5882353 0.627451 0.7490196 0.88235295 0.90588236 0.8901961 0.8392157
0.9019608 0.87058824 0.87058824 0.87058824 0.87058824 0.7647059 0.7607843 0.7529412 0.7254902 0.7607843 0.8352941 0.8117647 0.7647059 0.7490196 0.7254902 0.7294118 0.75686276 0.7921569 0.83137256 0.79607844 0.7372549 0.74509805 0.8235294 0.7607843 0.72156864 0.73333335 0.74509805 0.8156863 0.8627451 0.8745098 0.8666667 0.8627451
0.85882354 0.83137256 0.827451 0.8392157 0.84313726 0.81960785 0.80784315 0.8235294 0.84313726 0.84313726 0.8509804 0.84705883 0.8392157 0.84705883 0.85882354 0.84705883 0.8392157 0.85490197 0.85882354 0.8392157 0.8235294 0.8039216 0.81960785 0.8392157 0.8392157 0.8392157 0.84705883 0.8509804 0.84705883 0.8392157 0.8392157 0.85490197
0.7882353 0.7647059 0.7607843 0.8235294 0.78039217 0.78431374 0.79607844 0.78039217 0.77254903 0.77254903 0.7647059 0.78039217 0.77254903 0.75686276 0.80784315 0.7647059 0.7764706 0.7411765 0.76862746 0.77254903 0.7764706 0.7529412 0.78431374 0.76862746 0.7647059 0.7411765 0.7607843 0.7647059 0.75686276 0.78431374 0.78431374 0.83137256
0.7411765 0.7058824 0.69803923 0.8 0.7411765 0.74509805 0.76862746 0.7411765 0.73333335 0.7490196 0.72156864 0.7411765 0.7529412 0.7490196 0.7921569 0.7529412 0.75686276 0.7411765 0.7058824 0.73333335 0.7490196 0.73333335 0.7764706 0.7372549 0.73333335 0.7294118 0.7254902 0.72156864 0.72156864 0.7529412 0.74509805 0.8117647
0.8 0.7921569 0.7921569 0.8235294 0.8156863 0.80784315 0.8039216 0.8039216 0.7921569 0.7921569 0.7882353 0.78431374 0.7764706 0.79607844 0.8117647 0.80784315 0.7882353 0.79607844 0.7882353 0.7921569 0.7921569 0.7882353 0.7921569 0.79607844 0.7882353 0.7921569 0.7882353 0.77254903 0.7647059 0.76862746 0.7764706 0.8
0.84313726 0.8392157 0.8509804 0.8509804 0.8509804 0.84313726 0.84313726 0.84313726 0.83137256 0.81960785 0.8352941 0.8156863 0.8 0.8117647 0.81960785 0.80784315 0.8 0.7921569 0.8039216 0.80784315 0.8 0.8 0.79607844 0.8 0.8 0.8 0.8039216 0.8039216 0.7882353 0.78431374 0.78039217 0.8
0.84705883 0.84313726 0.83137256 0.8117647 0.81960785 0.81960785 0.8156863 0.8156863 0.8117647 0.80784315 0.8156863 0.81960785 0.8156863 0.8156863 0.80784315 0.79607844 0.7882353 0.7882353 0.78431374 0.7882353 0.7882353 0.78431374 0.7882353 0.7882353 0.78431374 0.78039217 0.7764706 0.7764706 0.7764706 0.77254903 0.7647059 0.7764706
0.827451 0.8117647 0.81960785 0.81960785 0.80784315 0.8 0.79607844 0.8 0.80784315 0.80784315 0.8235294 0.8235294 0.8117647 0.7921569 0.7882353 0.7921569 0.7882353 0.78431374 0.78039217 0.7764706 0.77254903 0.7764706 0.78039217 0.78039217 0.77254903 0.76862746 0.76862746 0.7647059 0.7607843 0.7607843 0.7607843 0.77254903
0.8235294 0.8 0.8117647 0.8235294 0.8117647 0.80784315 0.80784315 0.7882353 0.7921569 0.79607844 0.8117647 0.80784315 0.7921569 0.7882353 0.78039217 0.7764706 0.77254903 0.77254903 0.77254903 0.76862746 0.7647059 0.7607843 0.7607843 0.7647059 0.76862746 0.7607843 0.75686276 0.7529412 0.74509805 0.74509805 0.74509805 0.75686276
0.8156863 0.7921569 0.78039217 0.76862746 0.7764706 0.78431374 0.7882353 0.7882353 0.78039217 0.7921569 0.79607844 0.79607844 0.7921569 0.7882353 0.7764706 0.76862746 0.76862746 0.76862746 0.76862746 0.7647059 0.75686276 0.7529412 0.75686276 0.7607843 0.75686276 0.7490196 0.74509805 0.7372549 0.7294118 0.7254902 0.72156864 0.73333335
0.80784315 0.7882353 0.7882353 0.7921569 0.79607844 0.79607844 0.7921569 0.7921569 0.78039217 0.78431374 0.7882353 0.7882353 0.78039217 0.77254903 0.7607843 0.75686276 0.7529412 0.7529412 0.7529412 0.7529412 0.7529412 0.7607843 0.7764706 0.7529412 0.74509805 0.74509805 0.7411765 0.7372549 0.7254902 0.7137255 0.7176471 0.7294118
0.8117647 0.8 0.80784315 0.8039216 0.7921569 0.7882353 0.78431374 0.78039217 0.77254903 0.7647059 0.78431374 0.7921569 0.7647059 0.74509805 0.7490196 0.7411765 0.7411765 0.7372549 0.73333335 0.73333335 0.7411765 0.74509805 0.73333335 0.70980394 0.73333335 0.73333335 0.73333335 0.72156864 0.7019608 0.69803923 0.69411767 0.7019608
0.8 0.7921569 0.8 0.7921569 0.78039217 0.78431374 0.76862746 0.76862746 0.7764706 0.78039217 0.78039217 0.7764706 0.7607843 0.73333335 0.7411765 0.7372549 0.73333335 0.7176471 0.69803923 0.69411767 0.7137255 0.72156864 0.7058824 0.72156864 0.73333335 0.6862745 0.69411767 0.58431375 0.64705884 0.6862745 0.6745098 0.6784314
0.78431374 0.7882353 0.8117647 0.80784315 0.8 0.78039217 0.75686276 0.7607843 0.76862746 0.7764706 0.78431374 0.7607843 0.7372549 0.7294118 0.73333335 0.7294118 0.7254902 0.72156864 0.72156864 0.73333335 0.7372549 0.73333335 0.7176471 0.72156864 0.7058824 0.6784314 0.7372549 0.62352943 0.61960787 0.65882355 0.6509804 0.6627451
0.7764706 0.78039217 0.78039217 0.7647059 0.7647059 0.75686276 0.7647059 0.7764706 0.77254903 0.73333335 0.73333335 0.7882353 0.7764706 0.72156864 0.70980394 0.7137255 0.7176471 0.7137255 0.70980394 0.70980394 0.7019608 0.69803923 0.69803923 0.6745098 0.65882355 0.68235296 0.5921569 0.5803922 0.6313726 0.63529414 0.6431373 0.654902
0.78039217 0.77254903 0.74509805 0.7372549 0.7411765 0.7372549 0.73333335 0.7411765 0.7607843 0.70980394 0.7254902 0.77254903 0.80784315 0.8039216 0.8 0.80784315 0.8352941 0.8352941 0.84705883 0.8784314 0.8980392 0.9098039 0.93333334 0.9254902 0.9098039 0.83137256 0.5882353 0.5921569 0.654902 0.6431373 0.6392157 0.62352943
0.7529412 0.77254903 0.78039217 0.8039216 0.8156863 0.8392157 0.87058824 0.8980392 0.90588236 0.90588236 0.9411765 0.9529412 0.95686275 0.9372549 0.92941177 0.9137255 0.9019608 0.9098039 0.8980392 0.8862745 0.84705883 0.8235294 0.8 0.7372549 0.64705884 0.62352943 0.6392157 0.6431373 0.62352943 0.61960787 0.60784316 0.59607846
0.77254903 0.70980394 0.6745098 0.8117647 0.91764706 0.972549 0.9529412 0.90588236 0.8901961 0.89411765 0.8745098 0.8627451 0.9019608 0.8901961 0.85490197 0.85882354 0.8509804 0.87058824 0.8666667 0.8352941 0.7764706 0.67058825 0.6666667 0.654902 0.627451 0.62352943 0.61960787 0.62352943 0.6313726 0.62352943 0.6039216 0.5921569
0.72156864 0.6392157 0.64705884 0.69803923 0.79607844 0.8352941 0.7764706 0.73333335 0.72156864 0.68235296 0.6392157 0.627451 0.7137255 0.7294118 0.69803923 0.72156864 0.7372549 0.77254903 0.8117647 0.827451 0.87058824 0.7882353 0.6431373 0.61960787 0.6 0.5921569 0.60784316 0.6117647 0.61960787 0.6156863 0.6 0.6
0.7058824 0.68235296 0.6862745 0.67058825 0.67058825 0.6627451 0.654902 0.64705884 0.6509804 0.6627451 0.654902 0.6509804 0.62352943 0.6 0.5686275 0.6039216 0.6431373 0.6784314 0.69803923 0.7254902 0.78431374 0.78431374 0.7411765 0.69803923 0.6627451 0.6392157 0.6313726 0.62352943 0.60784316 0.5882353 0.5764706 0.5882353
0.70980394 0.7058824 0.69803923 0.68235296 0.6784314 0.6862745 0.6901961 0.6784314 0.6666667 0.6666667 0.65882355 0.654902 0.6392157 0.6313726 0.62352943 0.62352943 0.62352943 0.6313726 0.627451 0.62352943 0.60784316 0.6392157 0.72156864 0.7882353 0.75686276 0.69803923 0.69803923 0.68235296 0.6666667 0.6117647 0.5764706 0.57254905
0.6901961 0.6745098 0.6627451 0.6627451 0.67058825 0.6862745 0.6784314 0.654902 0.6392157 0.62352943 0.627451 0.62352943 0.6156863 0.62352943 0.6431373 0.627451 0.6156863 0.62352943 0.627451 0.61960787 0.5921569 0.63529414 0.72156864 0.6901961 0.6117647 0.57254905 0.6117647 0.64705884 0.65882355 0.6509804 0.65882355 0.63529414
0.654902 0.6392157 0.6392157 0.64705884 0.65882355 0.6627451 0.65882355 0.6313726 0.62352943 0.6156863 0.627451 0.63529414 0.6392157 0.6509804 0.654902 0.654902 0.6431373 0.6156863 0.6156863 0.6156863 0.6117647 0.5921569 0.5764706 0.5529412 0.5647059 0.57254905 0.57254905 0.5764706 0.54901963 0.54901963 0.57254905 0.5764706
0.6509804 0.6392157 0.6313726 0.64705884 0.6666667 0.6627451 0.64705884 0.6313726 0.627451 0.627451 0.63529414 0.64705884 0.6627451 0.6666667 0.65882355 0.64705884 0.6156863 0.5921569 0.5803922 0.57254905 0.5764706 0.5764706 0.57254905 0.5921569 0.5882353 0.57254905 0.5647059 0.56078434 0.57254905 0.6039216 0.53333336 0.5529412
0.6392157 0.6392157 0.6392157 0.6313726 0.64705884 0.6431373 0.6313726 0.627451 0.6156863 0.60784316 0.60784316 0.61960787 0.62352943 0.6156863 0.5803922 0.5568628 0.5568628 0.56078434 0.5921569 0.6 0.5882353 0.5882353 0.59607846 0.5921569 0.57254905 0.54901963 0.5647059 0.6313726 0.5372549 0.5568628 0.5137255 0.54901963
0.6392157 0.6431373 0.64705884 0.63529414 0.6392157 0.6431373 0.62352943 0.6 0.5921569 0.6313726 0.63529414 0.58431375 0.5647059 0.5529412 0.5568628 0.5411765 0.5254902 0.5764706 0.59607846 0.58431375 0.59607846 0.5882353 0.5921569 0.57254905 0.5803922 0.5137255 0.5019608 0.54901963 0.5294118 0.45882353 0.57254905 0.56078434
0.60784316 0.59607846 0.6039216 0.62352943 0.63529414 0.627451 0.6039216 0.58431375 0.56078434 0.5686275 0.61960787 0.60784316 0.58431375 0.5686275 0.59607846 0.59607846 0.5137255 0.5372549 0.6 0.5921569 0.627451 0.63529414 0.6039216 0.5647059 0.56078434 0.5058824 0.5803922 0.5411765 0.49411765 0.5254902 0.5882353 0.50980395
5 16 0
