32, 32, 3, 1
0.0 0.0 0.0 0.0 0.003921569 0.007843138 0.015686275 0.015686275 0.011764706 0.06666667 0.20784314 0.3764706 0.47843137 0.5176471 0.56078434 0.6 0.6 0.54901963 0.5176471 0.45882353 0.35686275 0.20784314 0.07450981 0.007843138 0.011764706 0.02745098 0.015686275 0.007843138 0.0 0.0 0.0 0.0
0.0 0.0 0.0 0.0 0.015686275 0.019607844 0.003921569 0.06666667 0.29411766 0.4392157 0.5294118 0.58431375 0.5921569 0.5803922 0.5529412 0.57254905 0.58431375 0.5254902 0.5294118 0.5529412 0.54901963 0.5019608 0.41568628 0.27058825 0.07450981 0.0 0.007843138 0.003921569 0.0 0.0 0.0 0.0
0.0 0.0 0.0 0.003921569 0.015686275 0.015686275 0.13725491 0.3882353 0.56078434 0.54509807 0.5137255 0.52156866 0.52156866 0.5568628 0.5647059 0.5568628 0.54901963 0.49803922 0.48235294 0.4745098 0.47058824 0.4745098 0.5058824 0.5411765 0.3882353 0.14901961 0.011764706 0.0 0.003921569 0.0 0.0 0.0
0.0 0.0 0.0 0.0 0.019607844 0.22352941 0.44313726 0.5019608 0.5176471 0.54509807 0.4862745 0.4745098 0.46666667 0.4 0.3764706 0.39607844 0.39607844 0.3882353 0.40784314 0.46666667 0.46666667 0.4627451 0.4745098 0.5019608 0.4862745 0.45490196 0.24705882 0.015686275 0.0 0.003921569 0.0 0.0
0.0 0.015686275 0.023529412 0.015686275 0.21568628 0.4509804 0.45882353 0.46666667 0.4745098 0.48235294 0.45490196 0.42352942 0.4392157 0.38039216 0.30588236 0.37254903 0.39607844 0.3529412 0.41960785 0.45882353 0.41960785 0.42352942 0.45882353 0.45490196 0.41960785 0.45490196 0.45882353 0.24313726 0.019607844 0.003921569 0.0 0.0
0.0 0.007843138 0.015686275 0.21176471 0.42745098 0.44313726 0.44705883 0.45882353 0.45882353 0.47843137 0.46666667 0.45882353 0.52156866 0.5686275 0.50980395 0.5254902 0.5176471 0.4862745 0.5058824 0.5372549 0.49803922 0.4509804 0.45882353 0.4392157 0.4 0.40784314 0.43529412 0.47058824 0.25882354 0.011764706 0.0 0.0
0.003921569 0.0 0.12156863 0.4 0.43137255 0.42352942 0.43137255 0.43529412 0.4392157 0.44705883 0.4509804 0.48235294 0.5686275 0.6117647 0.6156863 0.6156863 0.6117647 0.58431375 0.5254902 0.6117647 0.5176471 0.44313726 0.41960785 0.42745098 0.4117647 0.41960785 0.4509804 0.47058824 0.47058824 0.1764706 0.0 0.003921569
0.0 0.03529412 0.30980393 0.42745098 0.41960785 0.41568628 0.41568628 0.41568628 0.41960785 0.40392157 0.38431373 0.4392157 0.56078434 0.5254902 0.5764706 0.5647059 0.627451 0.5411765 0.5568628 0.53333336 0.4117647 0.37254903 0.3764706 0.42745098 0.42745098 0.4 0.41568628 0.44313726 0.49411765 0.41568628 0.06666667 0.0
0.0 0.1764706 0.4117647 0.53333336 0.5254902 0.4117647 0.40784314 0.4 0.40392157 0.4 0.3764706 0.41960785 0.45490196 0.42745098 0.47843137 0.5137255 0.53333336 0.47843137 0.5294118 0.44705883 0.39215687 0.36078432 0.40392157 0.42352942 0.39215687 0.38039216 0.39215687 0.41960785 0.5176471 0.5686275 0.28627452 0.0
0.05490196 0.34117648 0.40784314 0.4862745 0.5019608 0.40392157 0.4 0.4 0.4 0.42352942 0.41568628 0.44705883 0.5686275 0.50980395 0.49019608 0.52156866 0.5294118 0.5647059 0.58431375 0.5372549 0.49803922 0.42745098 0.43529412 0.4117647 0.3764706 0.40392157 0.4117647 0.40392157 0.44705883 0.4862745 0.49411765 0.101960786
0.15294118 0.39607844 0.39215687 0.38039216 0.38431373 0.3882353 0.3882353 0.39607844 0.39607844 0.41568628 0.45490196 0.48235294 0.5254902 0.4745098 0.46666667 0.47843137 0.49803922 0.54901963 0.5411765 0.5058824 0.4627451 0.42352942 0.42745098 0.41960785 0.43137255 0.4509804 0.41568628 0.39607844 0.39607844 0.39607844 0.49019608 0.24313726
0.25882354 0.41568628 0.39607844 0.3882353 0.3764706 0.37254903 0.37254903 0.38039216 0.38039216 0.38431373 0.4627451 0.627451 0.49411765 0.40392157 0.4117647 0.40392157 0.40784314 0.42745098 0.43137255 0.43137255 0.39607844 0.40784314 0.5058824 0.5058824 0.43137255 0.4 0.41568628 0.45882353 0.46666667 0.3882353 0.4509804 0.38431373
0.3372549 0.42745098 0.39215687 0.38039216 0.38039216 0.38039216 0.3764706 0.37254903 0.3764706 0.39215687 0.4 0.5411765 0.5529412 0.44705883 0.42352942 0.41960785 0.41960785 0.42352942 0.42745098 0.42745098 0.44313726 0.4862745 0.5764706 0.50980395 0.4117647 0.40784314 0.45490196 0.70980394 0.6509804 0.3882353 0.43529412 0.45490196
0.3764706 0.42745098 0.39215687 0.3764706 0.3882353 0.3882353 0.39215687 0.4117647 0.42745098 0.41960785 0.40392157 0.39607844 0.46666667 0.53333336 0.4627451 0.4392157 0.43137255 0.41568628 0.42745098 0.48235294 0.5176471 0.4509804 0.42352942 0.43529412 0.4117647 0.3882353 0.58431375 0.89411765 0.63529414 0.37254903 0.4117647 0.46666667
0.4117647 0.4117647 0.39215687 0.38431373 0.3882353 0.38039216 0.38431373 0.42352942 0.45882353 0.4509804 0.4862745 0.6901961 0.61960787 0.4862745 0.5411765 0.48235294 0.4392157 0.45882353 0.49019608 0.4509804 0.40784314 0.3882353 0.4117647 0.41568628 0.4 0.46666667 0.79607844 0.88235295 0.5176471 0.38039216 0.41960785 0.4627451
0.47843137 0.5411765 0.40784314 0.39607844 0.4 0.4117647 0.40392157 0.4392157 0.47058824 0.46666667 0.5372549 0.76862746 0.73333335 0.4745098 0.4862745 0.6039216 0.5921569 0.5372549 0.4745098 0.41960785 0.41568628 0.4 0.39607844 0.39607844 0.45490196 0.7019608 0.8862745 0.73333335 0.42745098 0.39607844 0.47058824 0.5254902
0.49803922 0.54901963 0.4 0.38431373 0.40392157 0.43529412 0.44705883 0.41960785 0.48235294 0.5568628 0.4862745 0.75686276 0.81960785 0.5921569 0.41960785 0.46666667 0.50980395 0.54509807 0.6 0.61960787 0.5568628 0.49803922 0.4392157 0.43529412 0.64705884 0.8745098 0.8666667 0.6666667 0.47843137 0.47058824 0.5254902 0.5647059
0.47058824 0.40784314 0.39215687 0.41568628 0.43137255 0.5019608 0.5647059 0.5372549 0.5137255 0.5921569 0.654902 0.88235295 0.93333334 0.8745098 0.73333335 0.6666667 0.6745098 0.7921569 0.81960785 0.8039216 0.7490196 0.80784315 0.8117647 0.80784315 0.8901961 0.9019608 0.9019608 0.7529412 0.6117647 0.6 0.60784316 0.5647059
0.48235294 0.44313726 0.39215687 0.52156866 0.7137255 0.8039216 0.8352941 0.8392157 0.81960785 0.8352941 0.8666667 0.8666667 0.7921569 0.77254903 0.75686276 0.77254903 0.73333335 0.78039217 0.75686276 0.7176471 0.7058824 0.7058824 0.7058824 0.74509805 0.7137255 0.6156863 0.6313726 0.65882355 0.60784316 0.6117647 0.64705884 0.5411765
0.4627451 0.43529412 0.1882353 0.30588236 0.50980395 0.5647059 0.5764706 0.54901963 0.5019608 0.49411765 0.4627451 0.42352942 0.5372549 0.73333335 0.76862746 0.80784315 0.8509804 0.84705883 0.73333335 0.5294118 0.43529412 0.4745098 0.5019608 0.54509807 0.5529412 0.5568628 0.5568628 0.5568628 0.56078434 0.5921569 0.6392157 0.4509804
0.36862746 0.47843137 0.23921569 0.20392157 0.23529412 0.28235295 0.32156864 0.32156864 0.3019608 0.30588236 0.29803923 0.2627451 0.37254903 0.5529412 0.6431373 0.69803923 0.7137255 0.7490196 0.76862746 0.6901961 0.57254905 0.5647059 0.5764706 0.5921569 0.5921569 0.6 0.60784316 0.5921569 0.6039216 0.63529414 0.65882355 0.36862746
0.2 0.5882353 0.47843137 0.34117648 0.31764707 0.31764707 0.3529412 0.36862746 0.3882353 0.4117647 0.43529412 0.41568628 0.40784314 0.46666667 0.5058824 0.5137255 0.43137255 0.4627451 0.7176471 0.7294118 0.53333336 0.54901963 0.6039216 0.6117647 0.70980394 0.77254903 0.654902 0.63529414 0.63529414 0.64705884 0.627451 0.24313726
0.05490196 0.4392157 0.57254905 0.5254902 0.45882353 0.4509804 0.45490196 0.43137255 0.4392157 0.44705883 0.4509804 0.44705883 0.47843137 0.5254902 0.52156866 0.5137255 0.49019608 0.40784314 0.6627451 0.61960787 0.47058824 0.5372549 0.5882353 0.4509804 0.6784314 0.76862746 0.6 0.6039216 0.60784316 0.627451 0.5019608 0.101960786
0.0 0.20784314 0.5882353 0.6156863 0.45882353 0.41960785 0.41960785 0.43529412 0.42352942 0.40784314 0.4117647 0.42352942 0.49019608 0.5411765 0.5058824 0.4862745 0.5411765 0.5176471 0.4745098 0.42352942 0.4509804 0.4862745 0.5372549 0.49019608 0.54509807 0.59607846 0.60784316 0.6117647 0.63529414 0.6313726 0.3137255 0.011764706
0.0 0.03529412 0.36078432 0.5294118 0.45490196 0.44313726 0.4509804 0.47058824 0.45882353 0.42745098 0.40392157 0.4117647 0.45882353 0.5058824 0.5137255 0.4862745 0.49803922 0.5254902 0.5254902 0.43529412 0.39215687 0.43529412 0.48235294 0.5176471 0.56078434 0.58431375 0.6156863 0.6431373 0.68235296 0.5411765 0.101960786 0.0
0.003921569 0.0 0.11372549 0.43137255 0.48235294 0.47058824 0.4862745 0.47843137 0.45490196 0.41568628 0.38039216 0.37254903 0.37254903 0.3882353 0.42352942 0.4392157 0.45882353 0.49803922 0.5529412 0.5058824 0.38431373 0.43137255 0.49411765 0.5058824 0.5294118 0.5372549 0.5803922 0.62352943 0.65882355 0.2901961 0.0 0.003921569
0.0 0.0 0.007843138 0.21176471 0.44313726 0.49019608 0.47058824 0.44705883 0.41960785 0.39215687 0.38431373 0.3882353 0.40784314 0.3882353 0.36862746 0.3882353 0.41568628 0.4392157 0.49019608 0.49411765 0.3647059 0.34117648 0.39607844 0.49019608 0.5647059 0.5803922 0.6039216 0.63529414 0.38431373 0.039215688 0.0 0.0
0.0 0.003921569 0.003921569 0.015686275 0.18431373 0.44313726 0.48235294 0.42745098 0.40392157 0.38431373 0.3529412 0.34509805 0.4 0.42745098 0.38431373 0.35686275 0.3764706 0.39607844 0.44313726 0.45490196 0.34509805 0.30980393 0.3529412 0.4745098 0.5803922 0.627451 0.61960787 0.3764706 0.05882353 0.0 0.003921569 0.0
0.0 0.0 0.003921569 0.0 0.015686275 0.21176471 0.42352942 0.4627451 0.5019608 0.44313726 0.3372549 0.3137255 0.3019608 0.34117648 0.3647059 0.36862746 0.35686275 0.3529412 0.36862746 0.3529412 0.30980393 0.32156864 0.36862746 0.54901963 0.60784316 0.60784316 0.36862746 0.0627451 0.003921569 0.007843138 0.0 0.0
0.0 0.0 0.0 0.0 0.007843138 0.015686275 0.1254902 0.3254902 0.49411765 0.45490196 0.34509805 0.3137255 0.2784314 0.2901961 0.3019608 0.3254902 0.32941177 0.25882354 0.2627451 0.2901961 0.27058825 0.32941177 0.4 0.5254902 0.49411765 0.2509804 0.039215688 0.0 0.011764706 0.007843138 0.0 0.0
0.0 0.0 0.0 0.0 0.007843138 0.007843138 0.0 0.05490196 0.21960784 0.3764706 0.40784314 0.40392157 0.38039216 0.3764706 0.3529412 0.47058824 0.50980395 0.30588236 0.28627452 0.36862746 0.44313726 0.4745098 0.4627451 0.32941177 0.12941177 0.003921569 0.0 0.003921569 0.003921569 0.003921569 0.0 0.0
0.0 0.0 0.0 0.0 0.0 0.0 0.003921569 0.0 0.007843138 0.078431375 0.21176471 0.34509805 0.43529412 0.47058824 0.47843137 0.5529412 0.5568628 0.47058824 0.44705883 0.4509804 0.4392157 0.3019608 0.14509805 0.03137255 0.0 0.0 0.0 0.0 0.0 0.0 0.0 0.0
0.0 0.0 0.0 0.0 0.0 0.0 0.007843138 0.003921569 0.0 0.06666667 0.21960784 0.39607844 0.5058824 0.54901963 0.6 0.6392157 0.6313726 0.5803922 0.54901963 0.49019608 0.38431373 0.22352941 0.08235294 0.007843138 0.003921569 0.003921569 0.0 0.0 0.0 0.0 0.0 0.0
0.0 0.0 0.0 0.0 0.003921569 0.0 0.0 0.05882353 0.2901961 0.46666667 0.58431375 0.64705884 0.6627451 0.654902 0.63529414 0.65882355 0.67058825 0.60784316 0.6117647 0.6313726 0.61960787 0.5568628 0.44313726 0.27058825 0.06666667 0.0 0.003921569 0.0 0.0 0.0 0.0 0.0
0.0 0.0 0.0 0.0 0.003921569 0.007843138 0.14117648 0.40392157 0.5882353 0.6 0.5882353 0.6 0.6156863 0.654902 0.6627451 0.6509804 0.6392157 0.58431375 0.5686275 0.5647059 0.5647059 0.5529412 0.5568628 0.5764706 0.4117647 0.16470589 0.023529412 0.003921569 0.0 0.0 0.0 0.0
0.0 0.0 0.0 0.0 0.019607844 0.24313726 0.47843137 0.5568628 0.5882353 0.6117647 0.54901963 0.54901963 0.56078434 0.5019608 0.4627451 0.45490196 0.4509804 0.44313726 0.45490196 0.5294118 0.54901963 0.5372549 0.54901963 0.5803922 0.5529412 0.4862745 0.2627451 0.023529412 0.0 0.0 0.0 0.0
0.0 0.015686275 0.019607844 0.007843138 0.24313726 0.5019608 0.50980395 0.5254902 0.5372549 0.5294118 0.5294118 0.5372549 0.5294118 0.46666667 0.43137255 0.41568628 0.44705883 0.43529412 0.41568628 0.5176471 0.5568628 0.5372549 0.52156866 0.53333336 0.5372549 0.5294118 0.50980395 0.26666668 0.023529412 0.003921569 0.003921569 0.0
0.0 0.007843138 0.011764706 0.20392157 0.46666667 0.5019608 0.5019608 0.5058824 0.5058824 0.49803922 0.50980395 0.5137255 0.48235294 0.4862745 0.50980395 0.5058824 0.4862745 0.5058824 0.49019608 0.4745098 0.4745098 0.5019608 0.5019608 0.5137255 0.53333336 0.5058824 0.5058824 0.5137255 0.2784314 0.015686275 0.0 0.0
0.003921569 0.0 0.1254902 0.40784314 0.46666667 0.4745098 0.4745098 0.48235294 0.4862745 0.4862745 0.49803922 0.47058824 0.4 0.3647059 0.3529412 0.3764706 0.3254902 0.3529412 0.4 0.35686275 0.3529412 0.4745098 0.5058824 0.49803922 0.5019608 0.5058824 0.52156866 0.52156866 0.50980395 0.19607843 0.0 0.003921569
0.0 0.043137256 0.33333334 0.45882353 0.4627451 0.4627451 0.4627451 0.4627451 0.4745098 0.49019608 0.49803922 0.4745098 0.44705883 0.3529412 0.37254903 0.34117648 0.36862746 0.34509805 0.47058824 0.38431373 0.43529412 0.5254902 0.5019608 0.46666667 0.46666667 0.48235294 0.4862745 0.5019608 0.54901963 0.45490196 0.07058824 0.0
0.0 0.19607843 0.45490196 0.5882353 0.58431375 0.46666667 0.45882353 0.4509804 0.4627451 0.47058824 0.47058824 0.47058824 0.41568628 0.40392157 0.43529412 0.3137255 0.34509805 0.3764706 0.40392157 0.38431373 0.5019608 0.49411765 0.4627451 0.44705883 0.46666667 0.46666667 0.46666667 0.4862745 0.58431375 0.62352943 0.29411766 0.0
0.05882353 0.3647059 0.4509804 0.5411765 0.5568628 0.45490196 0.44705883 0.44705883 0.4509804 0.45490196 0.4509804 0.4745098 0.5647059 0.5372549 0.5568628 0.49411765 0.5254902 0.6117647 0.5803922 0.56078434 0.53333336 0.4627451 0.45490196 0.46666667 0.4862745 0.48235294 0.48235294 0.4745098 0.50980395 0.5411765 0.5254902 0.11372549
0.16078432 0.41568628 0.42745098 0.42745098 0.43529412 0.43529412 0.4392157 0.44313726 0.44313726 0.44705883 0.48235294 0.5176471 0.56078434 0.5058824 0.50980395 0.5411765 0.56078434 0.6117647 0.6039216 0.5647059 0.5019608 0.46666667 0.4862745 0.49019608 0.5019608 0.5058824 0.47843137 0.4627451 0.4509804 0.4509804 0.5529412 0.2784314
0.26666668 0.43529412 0.43137255 0.43529412 0.43529412 0.43529412 0.43529412 0.4392157 0.44313726 0.43137255 0.49803922 0.6666667 0.5294118 0.43529412 0.44705883 0.4509804 0.45882353 0.47843137 0.48235294 0.49411765 0.4745098 0.47843137 0.5647059 0.5568628 0.47843137 0.4509804 0.45882353 0.5058824 0.5176471 0.44705883 0.50980395 0.41568628
0.34117648 0.4392157 0.42352942 0.42745098 0.43529412 0.4392157 0.43529412 0.43137255 0.43529412 0.4392157 0.4392157 0.58431375 0.5882353 0.47843137 0.45882353 0.46666667 0.46666667 0.4745098 0.4745098 0.49411765 0.53333336 0.56078434 0.6313726 0.54901963 0.44705883 0.45882353 0.4862745 0.73333335 0.69803923 0.4509804 0.49019608 0.48235294
0.38039216 0.43529412 0.41960785 0.42352942 0.42745098 0.41960785 0.42352942 0.44313726 0.45882353 0.45490196 0.44313726 0.44313726 0.50980395 0.5686275 0.5058824 0.49019608 0.48235294 0.46666667 0.47843137 0.5372549 0.5764706 0.50980395 0.48235294 0.49411765 0.4745098 0.4509804 0.6117647 0.8980392 0.6666667 0.43529412 0.4627451 0.49019608
0.41960785 0.42352942 0.41960785 0.42745098 0.42352942 0.40784314 0.40784314 0.44313726 0.47058824 0.4627451 0.49411765 0.6862745 0.627451 0.5137255 0.56078434 0.49803922 0.47058824 0.50980395 0.56078434 0.53333336 0.47843137 0.44705883 0.45882353 0.4627451 0.4509804 0.5137255 0.8156863 0.8901961 0.5568628 0.44705883 0.47058824 0.4862745
0.49803922 0.5764706 0.44705883 0.41960785 0.45882353 0.4862745 0.4627451 0.47843137 0.49019608 0.47058824 0.5019608 0.69411767 0.6784314 0.48235294 0.48235294 0.5529412 0.56078434 0.5294118 0.48235294 0.4509804 0.46666667 0.44705883 0.44313726 0.44313726 0.48235294 0.69803923 0.9019608 0.78039217 0.49803922 0.47843137 0.5294118 0.5529412
0.5137255 0.58431375 0.43529412 0.40784314 0.45882353 0.5019608 0.49411765 0.4509804 0.5019608 0.5882353 0.5058824 0.7411765 0.8117647 0.6392157 0.43529412 0.4 0.3882353 0.35686275 0.3529412 0.3647059 0.39607844 0.4745098 0.5294118 0.54901963 0.70980394 0.8666667 0.8745098 0.7058824 0.5294118 0.5294118 0.58431375 0.59607846
0.4862745 0.44313726 0.42745098 0.4392157 0.47843137 0.5529412 0.6117647 0.5764706 0.54509807 0.6117647 0.6509804 0.8627451 0.9098039 0.87058824 0.7411765 0.65882355 0.627451 0.69803923 0.6862745 0.62352943 0.5764706 0.7882353 0.8901961 0.8666667 0.8980392 0.8980392 0.9137255 0.78039217 0.64705884 0.6431373 0.6666667 0.6
0.49803922 0.48235294 0.43529412 0.5529412 0.7490196 0.84705883 0.8784314 0.8862745 0.8666667 0.8509804 0.85490197 0.84705883 0.75686276 0.7294118 0.73333335 0.7764706 0.74509805 0.80784315 0.8039216 0.7372549 0.6901961 0.7176471 0.7294118 0.7490196 0.70980394 0.6392157 0.67058825 0.7058824 0.6627451 0.6745098 0.70980394 0.5764706
0.47843137 0.4745098 0.23529412 0.34117648 0.53333336 0.5882353 0.6039216 0.58431375 0.5411765 0.5372549 0.5058824 0.4627451 0.5647059 0.7411765 0.77254903 0.8156863 0.8627451 0.85490197 0.7411765 0.5568628 0.4745098 0.46666667 0.49019608 0.6 0.64705884 0.62352943 0.6156863 0.627451 0.6392157 0.67058825 0.69803923 0.48235294
0.36862746 0.49411765 0.27450982 0.2509804 0.26666668 0.30588236 0.34509805 0.34901962 0.32941177 0.3372549 0.33333334 0.29803923 0.4 0.5764706 0.6509804 0.6901961 0.70980394 0.7411765 0.75686276 0.7019608 0.61960787 0.5882353 0.6 0.6431373 0.65882355 0.65882355 0.6666667 0.6509804 0.67058825 0.69411767 0.68235296 0.3764706
0.19607843 0.6 0.5058824 0.39215687 0.3647059 0.3647059 0.4 0.41568628 0.43529412 0.45882353 0.47843137 0.45882353 0.4509804 0.50980395 0.54509807 0.5529412 0.4627451 0.48235294 0.7294118 0.75686276 0.58431375 0.59607846 0.64705884 0.654902 0.7529412 0.8117647 0.69803923 0.69411767 0.7058824 0.7176471 0.6431373 0.23921569
0.05490196 0.45490196 0.60784316 0.57254905 0.52156866 0.5176471 0.52156866 0.49803922 0.5058824 0.5176471 0.5176471 0.5137255 0.54509807 0.5921569 0.5921569 0.5882353 0.5411765 0.43529412 0.6666667 0.63529414 0.52156866 0.58431375 0.63529414 0.5058824 0.73333335 0.80784315 0.64705884 0.6627451 0.6901961 0.70980394 0.5254902 0.105882354
0.0 0.22352941 0.62352943 0.65882355 0.5176471 0.4862745 0.4862745 0.5019608 0.49019608 0.4745098 0.47843137 0.49411765 0.5568628 0.60784316 0.5803922 0.5686275 0.60784316 0.5647059 0.5058824 0.45882353 0.5058824 0.54509807 0.59607846 0.5529412 0.6117647 0.654902 0.6627451 0.67058825 0.7019608 0.6901961 0.33333334 0.015686275
0.0 0.05490196 0.39607844 0.5686275 0.5019608 0.49411765 0.5019608 0.5254902 0.50980395 0.48235294 0.45882353 0.46666667 0.50980395 0.5568628 0.5764706 0.5529412 0.56078434 0.5921569 0.59607846 0.5058824 0.45882353 0.49803922 0.54901963 0.5882353 0.6431373 0.6784314 0.6901961 0.69803923 0.7137255 0.56078434 0.11372549 0.0
0.007843138 0.0 0.12156863 0.44313726 0.5294118 0.5411765 0.5529412 0.5372549 0.50980395 0.4745098 0.44705883 0.43529412 0.42745098 0.43529412 0.4745098 0.5019608 0.52156866 0.5647059 0.627451 0.5803922 0.45882353 0.5019608 0.5647059 0.58431375 0.627451 0.6509804 0.6627451 0.6666667 0.6745098 0.2901961 0.0 0.007843138
0.0 0.0 0.003921569 0.20784314 0.4862745 0.5647059 0.5372549 0.50980395 0.47843137 0.4627451 0.4627451 0.45490196 0.4627451 0.4392157 0.42352942 0.4509804 0.47843137 0.5019608 0.5529412 0.56078434 0.4392157 0.41568628 0.47058824 0.5686275 0.654902 0.6784314 0.6745098 0.6745098 0.4 0.039215688 0.0 0.0
0.0 0.003921569 0.0 0.015686275 0.21176471 0.49019608 0.5294118 0.47843137 0.45882353 0.45490196 0.43137255 0.41568628 0.45882353 0.4745098 0.43529412 0.41568628 0.43529412 0.45490196 0.49803922 0.52156866 0.42352942 0.38039216 0.41568628 0.5372549 0.6431373 0.6862745 0.6666667 0.40392157 0.06666667 0.003921569 0.003921569 0.0
0.0 0.0 0.003921569 0.0 0.023529412 0.22745098 0.4509804 0.5019608 0.5529412 0.5137255 0.4117647 0.38039216 0.35686275 0.3882353 0.4117647 0.41568628 0.40784314 0.40392157 0.41568628 0.41568628 0.39215687 0.3882353 0.41960785 0.58431375 0.6431373 0.6313726 0.3882353 0.07058824 0.007843138 0.003921569 0.0 0.0
0.0 0.003921569 0.003921569 0.003921569 0.0 0.011764706 0.13333334 0.35686275 0.5411765 0.5254902 0.42352942 0.38431373 0.3372549 0.34117648 0.34117648 0.36078432 0.36862746 0.29411766 0.29803923 0.34901962 0.36078432 0.39607844 0.44313726 0.54901963 0.5058824 0.25490198 0.039215688 0.0 0.003921569 0.0 0.0 0.0
0.0 0.0 0.003921569 0.0 0.0 0.0 0.0 0.0627451 0.24705882 0.41568628 0.4627451 0.45882353 0.43529412 0.43137255 0.39607844 0.5019608 0.54509807 0.34117648 0.31764707 0.40784314 0.48235294 0.49803922 0.47843137 0.3372549 0.13333334 0.003921569 0.0 0.003921569 0.0 0.0 0.0 0.0
0.0 0.0 0.0 0.0 0.0 0.0 0.003921569 0.0 0.007843138 0.08235294 0.22352941 0.36862746 0.47058824 0.5176471 0.5176471 0.5764706 0.58431375 0.49411765 0.47058824 0.4627451 0.42745098 0.29411766 0.14117648 0.03137255 0.0 0.0 0.0 0.0 0.0 0.0 0.0 0.0
0.0 0.0 0.0 0.0 0.0 0.0 0.007843138 0.003921569 0.0 0.07058824 0.23137255 0.42352942 0.5568628 0.61960787 0.6666667 0.69803923 0.7019608 0.65882355 0.6392157 0.5647059 0.42745098 0.2509804 0.08627451 0.003921569 0.0 0.007843138 0.003921569 0.003921569 0.003921569 0.003921569 0.0 0.0
0.0 0.0 0.0 0.0 0.0 0.0 0.0 0.07058824 0.3137255 0.5058824 0.6392157 0.7254902 0.76862746 0.7882353 0.7607843 0.76862746 0.7921569 0.7411765 0.75686276 0.77254903 0.7372549 0.64705884 0.5019608 0.3019608 0.07450981 0.0 0.0 0.0 0.0 0.007843138 0.0 0.0
0.0 0.0 0.0 0.0 0.003921569 0.011764706 0.16862746 0.45490196 0.654902 0.69803923 0.7058824 0.7294118 0.75686276 0.80784315 0.8039216 0.78039217 0.7764706 0.7372549 0.7294118 0.73333335 0.7294118 0.69411767 0.6745098 0.67058825 0.4745098 0.18431373 0.03137255 0.007843138 0.003921569 0.0 0.0 0.0
0.0 0.0 0.0 0.0 0.03529412 0.27450982 0.5411765 0.6509804 0.7058824 0.76862746 0.7294118 0.7137255 0.7019608 0.627451 0.5803922 0.57254905 0.5803922 0.58431375 0.6039216 0.69411767 0.73333335 0.7137255 0.7137255 0.7372549 0.68235296 0.5803922 0.32941177 0.05490196 0.0 0.0 0.0 0.0
0.0 0.011764706 0.019607844 0.02745098 0.27058825 0.5647059 0.62352943 0.68235296 0.7137255 0.7019608 0.72156864 0.7372549 0.68235296 0.59607846 0.5568628 0.5686275 0.6039216 0.5921569 0.6156863 0.69411767 0.7058824 0.7137255 0.72156864 0.7137255 0.69411767 0.69411767 0.6509804 0.35686275 0.043137256 0.0 0.0 0.0
0.003921569 0.007843138 0.019607844 0.24705882 0.5372549 0.61960787 0.6666667 0.7019608 0.69411767 0.67058825 0.7137255 0.73333335 0.63529414 0.6039216 0.62352943 0.6313726 0.627451 0.6392157 0.64705884 0.6392157 0.627451 0.67058825 0.7019608 0.69411767 0.6901961 0.69411767 0.6784314 0.6392157 0.32156864 0.007843138 0.0 0.0
0.003921569 0.0 0.14509805 0.47058824 0.59607846 0.654902 0.6784314 0.68235296 0.65882355 0.65882355 0.7019608 0.65882355 0.5019608 0.42745098 0.43137255 0.44705883 0.41960785 0.4392157 0.4627451 0.48235294 0.49411765 0.6039216 0.6666667 0.68235296 0.6784314 0.6901961 0.69411767 0.6627451 0.5803922 0.21568628 0.0 0.003921569
0.0 0.043137256 0.3647059 0.5411765 0.6117647 0.654902 0.67058825 0.6509804 0.627451 0.6392157 0.6745098 0.61960787 0.5019608 0.39215687 0.42352942 0.3764706 0.42745098 0.39215687 0.49019608 0.45882353 0.5137255 0.6156863 0.6509804 0.65882355 0.654902 0.654902 0.6627451 0.6627451 0.65882355 0.5137255 0.078431375 0.0
0.0 0.2 0.49411765 0.6745098 0.7058824 0.6117647 0.63529414 0.627451 0.60784316 0.6156863 0.6392157 0.6117647 0.49411765 0.49411765 0.5294118 0.40784314 0.44313726 0.45882353 0.5019608 0.49411765 0.60784316 0.63529414 0.654902 0.64705884 0.6313726 0.627451 0.6431373 0.6627451 0.73333335 0.7137255 0.30588236 0.0
0.06666667 0.39607844 0.5294118 0.6666667 0.68235296 0.58431375 0.6 0.6 0.59607846 0.61960787 0.6313726 0.62352943 0.6784314 0.67058825 0.68235296 0.6117647 0.6392157 0.70980394 0.69411767 0.6901961 0.7019608 0.654902 0.65882355 0.64705884 0.6313726 0.62352943 0.6509804 0.65882355 0.6901961 0.68235296 0.5764706 0.1254902
0.1882353 0.4862745 0.54901963 0.5921569 0.59607846 0.5882353 0.5921569 0.59607846 0.59607846 0.62352943 0.64705884 0.6431373 0.6784314 0.6431373 0.6627451 0.6862745 0.69803923 0.7372549 0.7176471 0.69411767 0.6745098 0.63529414 0.6431373 0.63529414 0.6392157 0.64705884 0.6392157 0.6392157 0.627451 0.6156863 0.654902 0.31764707
0.3019608 0.5254902 0.5686275 0.6 0.6039216 0.6039216 0.6039216 0.60784316 0.6117647 0.5803922 0.61960787 0.77254903 0.6509804 0.5921569 0.6313726 0.63529414 0.6313726 0.6431373 0.63529414 0.6431373 0.6313726 0.61960787 0.6901961 0.6627451 0.6 0.627451 0.61960787 0.6431373 0.654902 0.5882353 0.627451 0.4745098
0.3882353 0.56078434 0.5882353 0.5921569 0.6 0.60784316 0.6039216 0.59607846 0.6 0.5686275 0.5411765 0.6745098 0.7019608 0.6313726 0.6509804 0.67058825 0.6627451 0.654902 0.64705884 0.6509804 0.6745098 0.6901961 0.7529412 0.654902 0.58431375 0.6431373 0.6156863 0.8117647 0.79607844 0.59607846 0.63529414 0.5647059
0.44313726 0.5882353 0.60784316 0.5882353 0.57254905 0.56078434 0.5686275 0.5882353 0.6039216 0.59607846 0.5647059 0.5372549 0.6039216 0.6862745 0.67058825 0.6862745 0.67058825 0.6392157 0.6392157 0.68235296 0.7019608 0.6431373 0.627451 0.6509804 0.64705884 0.6156863 0.6862745 0.92156863 0.7607843 0.61960787 0.6431373 0.59607846
0.47843137 0.5803922 0.60784316 0.58431375 0.5529412 0.5294118 0.52156866 0.54901963 0.57254905 0.58431375 0.60784316 0.7647059 0.6901961 0.59607846 0.6901961 0.654902 0.62352943 0.6509804 0.69411767 0.654902 0.6039216 0.60784316 0.65882355 0.6745098 0.64705884 0.6392157 0.8509804 0.8980392 0.6627451 0.654902 0.6509804 0.5882353
0.54901963 0.7058824 0.6117647 0.57254905 0.60784316 0.627451 0.5803922 0.5647059 0.56078434 0.53333336 0.54509807 0.7058824 0.7019608 0.54901963 0.56078434 0.61960787 0.6313726 0.6039216 0.56078434 0.5411765 0.6 0.64705884 0.67058825 0.6392157 0.61960787 0.7607843 0.92156863 0.8039216 0.6156863 0.6666667 0.6627451 0.6313726
0.5882353 0.73333335 0.6117647 0.5686275 0.62352943 0.67058825 0.6392157 0.5686275 0.59607846 0.64705884 0.52156866 0.7294118 0.8117647 0.6745098 0.47058824 0.4117647 0.4117647 0.39607844 0.40392157 0.43529412 0.47843137 0.58431375 0.6431373 0.6431373 0.77254903 0.88235295 0.8745098 0.73333335 0.64705884 0.7058824 0.69803923 0.65882355
0.5803922 0.6 0.6039216 0.58431375 0.5803922 0.6431373 0.68235296 0.627451 0.5803922 0.6509804 0.68235296 0.8745098 0.9254902 0.90588236 0.7764706 0.6784314 0.6509804 0.7176471 0.7019608 0.627451 0.5686275 0.7882353 0.9019608 0.8980392 0.93333334 0.9098039 0.9254902 0.83137256 0.7647059 0.79607844 0.7647059 0.654902
0.5764706 0.6117647 0.5686275 0.6509804 0.7882353 0.8627451 0.8862745 0.8784314 0.8509804 0.8666667 0.8980392 0.8784314 0.7882353 0.75686276 0.7647059 0.80784315 0.77254903 0.8235294 0.80784315 0.7294118 0.67058825 0.70980394 0.7490196 0.7921569 0.77254903 0.7058824 0.7411765 0.7882353 0.7647059 0.78039217 0.7921569 0.61960787
0.53333336 0.5764706 0.33333334 0.40392157 0.5764706 0.627451 0.6392157 0.6117647 0.5647059 0.5647059 0.5411765 0.49803922 0.58431375 0.74509805 0.7607843 0.79607844 0.8509804 0.85882354 0.75686276 0.5803922 0.50980395 0.5176471 0.5529412 0.654902 0.7176471 0.74509805 0.74509805 0.7411765 0.7254902 0.7411765 0.76862746 0.52156866
0.42352942 0.5921569 0.3647059 0.30980393 0.3137255 0.3529412 0.39215687 0.39607844 0.3764706 0.38431373 0.3882353 0.34901962 0.4509804 0.62352943 0.6862745 0.72156864 0.7411765 0.76862746 0.7882353 0.72156864 0.61960787 0.63529414 0.6784314 0.72156864 0.7294118 0.74509805 0.76862746 0.7647059 0.75686276 0.7607843 0.7647059 0.42745098
0.23921569 0.6784314 0.5921569 0.45882353 0.43137255 0.43529412 0.47058824 0.4862745 0.5058824 0.5372549 0.5647059 0.54509807 0.5372549 0.59607846 0.63529414 0.63529414 0.5294118 0.5254902 0.7529412 0.76862746 0.60784316 0.654902 0.7294118 0.7254902 0.79607844 0.8392157 0.75686276 0.7764706 0.78039217 0.7764706 0.7176471 0.28627452
0.078431375 0.5058824 0.68235296 0.65882355 0.627451 0.6313726 0.63529414 0.6117647 0.61960787 0.6313726 0.63529414 0.6313726 0.6627451 0.70980394 0.7176471 0.70980394 0.6392157 0.49803922 0.69803923 0.6784314 0.60784316 0.6862745 0.7294118 0.56078434 0.74509805 0.80784315 0.68235296 0.7294118 0.7490196 0.75686276 0.57254905 0.1254902
0.0 0.24313726 0.6784314 0.7647059 0.6509804 0.62352943 0.62352943 0.6392157 0.6313726 0.60784316 0.6117647 0.62352943 0.6901961 0.7411765 0.72156864 0.70980394 0.7294118 0.65882355 0.57254905 0.5372549 0.61960787 0.67058825 0.70980394 0.62352943 0.6431373 0.68235296 0.7176471 0.7411765 0.75686276 0.72156864 0.35686275 0.015686275
0.0 0.050980393 0.4392157 0.68235296 0.6431373 0.6392157 0.64705884 0.6666667 0.6509804 0.6156863 0.5882353 0.59607846 0.6392157 0.6862745 0.70980394 0.6901961 0.69411767 0.7137255 0.7019608 0.60784316 0.56078434 0.62352943 0.6784314 0.6901961 0.72156864 0.7647059 0.7921569 0.7921569 0.77254903 0.58431375 0.11764706 0.0
0.003921569 0.003921569 0.16470589 0.5294118 0.64705884 0.67058825 0.68235296 0.6745098 0.64705884 0.60784316 0.57254905 0.5568628 0.54509807 0.54509807 0.6 0.6392157 0.65882355 0.7019608 0.7607843 0.69411767 0.56078434 0.6313726 0.7137255 0.7137255 0.7254902 0.7372549 0.77254903 0.76862746 0.7254902 0.29803923 0.0 0.003921569
0.0 0.007843138 0.03529412 0.25882354 0.5764706 0.6666667 0.64705884 0.63529414 0.6117647 0.59607846 0.5882353 0.5764706 0.5764706 0.5411765 0.53333336 0.57254905 0.59607846 0.61960787 0.6745098 0.67058825 0.54901963 0.5529412 0.61960787 0.69803923 0.7529412 0.7647059 0.76862746 0.7529412 0.42352942 0.02745098 0.0 0.0
0.0 0.003921569 0.015686275 0.043137256 0.26666668 0.5647059 0.6156863 0.58431375 0.5764706 0.58431375 0.56078434 0.5372549 0.5686275 0.5803922 0.5294118 0.5058824 0.52156866 0.5411765 0.5882353 0.6117647 0.53333336 0.5137255 0.5568628 0.64705884 0.7411765 0.79607844 0.7607843 0.44705883 0.0627451 0.0 0.0 0.0
0.0 0.0 0.003921569 0.003921569 0.039215688 0.2627451 0.50980395 0.58431375 0.6509804 0.6313726 0.5411765 0.5019608 0.47058824 0.49019608 0.5058824 0.49803922 0.4862745 0.48235294 0.49411765 0.5058824 0.50980395 0.52156866 0.54901963 0.68235296 0.72156864 0.72156864 0.4392157 0.078431375 0.0 0.0 0.0 0.0
0.0 0.0 0.0 0.0 0.0 0.015686275 0.16470589 0.42352942 0.6313726 0.6431373 0.5529412 0.5058824 0.44705883 0.44313726 0.44313726 0.4627451 0.47058824 0.39607844 0.4 0.45490196 0.47843137 0.5294118 0.5647059 0.6313726 0.56078434 0.29803923 0.050980393 0.0 0.003921569 0.011764706 0.003921569 0.0
0.0 0.0 0.0 0.0 0.0 0.0 0.007843138 0.09411765 0.2901961 0.4862745 0.54901963 0.54901963 0.53333336 0.5372549 0.5058824 0.60784316 0.64705884 0.44705883 0.42352942 0.5137255 0.59607846 0.60784316 0.5647059 0.39215687 0.16078432 0.011764706 0.0 0.0 0.003921569 0.015686275 0.003921569 0.0
0.0 0.0 0.0 0.0 0.0 0.0 0.003921569 0.0 0.007843138 0.09411765 0.25490198 0.41568628 0.5411765 0.6039216 0.6039216 0.6509804 0.65882355 0.57254905 0.54509807 0.54509807 0.50980395 0.35686275 0.17254902 0.039215688 0.0 0.0 0.0 0.0 0.0 0.0 0.0 0.0
25 8 0
