32, 32, 3, 1
0.54901963 0.5411765 0.5411765 0.54509807 0.54509807 0.54509807 0.5411765 0.54509807 0.5529412 0.5529412 0.54901963 0.54901963 0.54901963 0.54509807 0.54509807 0.54509807 0.54509807 0.54509807 0.54509807 0.54509807 0.5411765 0.5411765 0.5411765 0.5411765 0.5372549 0.5254902 0.52156866 0.52156866 0.52156866 0.52156866 0.52156866 0.52156866
0.5568628 0.54901963 0.5529412 0.5529412 0.5568628 0.5529412 0.5529412 0.5529412 0.5568628 0.5568628 0.5529412 0.5529412 0.5568628 0.5568628 0.5568628 0.5568628 0.5529412 0.54901963 0.54901963 0.54901963 0.54901963 0.54509807 0.54509807 0.54509807 0.5411765 0.53333336 0.5254902 0.5254902 0.5254902 0.5254902 0.5254902 0.5254902
0.5568628 0.5529412 0.5529412 0.5568628 0.5568628 0.5568628 0.5568628 0.5568628 0.5568628 0.56078434 0.5647059 0.56078434 0.5568628 0.5568628 0.5568628 0.5529412 0.5529412 0.5529412 0.54901963 0.54901963 0.54901963 0.54901963 0.54901963 0.54509807 0.5411765 0.5411765 0.5372549 0.5254902 0.5254902 0.52156866 0.5254902 0.52156866
0.5568628 0.54901963 0.5529412 0.5568628 0.5568628 0.56078434 0.56078434 0.56078434 0.56078434 0.5647059 0.5686275 0.5686275 0.5568628 0.5568628 0.5568628 0.5568628 0.5568628 0.5568628 0.5529412 0.54901963 0.54901963 0.54901963 0.54901963 0.54509807 0.5411765 0.54509807 0.5411765 0.5294118 0.52156866 0.52156866 0.52156866 0.52156866
0.5568628 0.54901963 0.5529412 0.5568628 0.5568628 0.56078434 0.56078434 0.56078434 0.5647059 0.5647059 0.5686275 0.5686275 0.56078434 0.56078434 0.56078434 0.56078434 0.56078434 0.56078434 0.5568628 0.5568628 0.5529412 0.54901963 0.54901963 0.54509807 0.5411765 0.54509807 0.5411765 0.5294118 0.52156866 0.52156866 0.52156866 0.52156866
0.5568628 0.5529412 0.5568628 0.5568628 0.5568628 0.56078434 0.5647059 0.5647059 0.5647059 0.5686275 0.57254905 0.5686275 0.5686275 0.5647059 0.5647059 0.56078434 0.5647059 0.56078434 0.56078434 0.5568628 0.5529412 0.5529412 0.54901963 0.54509807 0.54509807 0.54509807 0.5411765 0.5294118 0.5254902 0.52156866 0.52156866 0.52156866
0.5568628 0.5529412 0.5568628 0.56078434 0.56078434 0.5647059 0.5686275 0.5686275 0.5686275 0.5686275 0.57254905 0.57254905 0.5764706 0.57254905 0.5647059 0.5647059 0.5647059 0.5647059 0.56078434 0.5568628 0.5529412 0.5529412 0.54901963 0.54901963 0.54901963 0.54509807 0.5411765 0.5294118 0.5294118 0.52156866 0.52156866 0.52156866
0.5568628 0.5529412 0.5568628 0.56078434 0.56078434 0.5647059 0.5686275 0.5686275 0.5686275 0.5686275 0.57254905 0.57254905 0.5686275 0.57254905 0.5647059 0.5647059 0.5647059 0.5647059 0.56078434 0.5568628 0.5529412 0.5529412 0.5529412 0.54901963 0.54901963 0.54509807 0.5411765 0.5294118 0.5294118 0.52156866 0.52156866 0.52156866
0.5568628 0.5529412 0.5568628 0.56078434 0.5647059 0.5686275 0.5686275 0.57254905 0.5686275 0.57254905 0.5686275 0.58431375 0.59607846 0.57254905 0.5686275 0.5647059 0.5647059 0.5686275 0.56078434 0.56078434 0.5647059 0.52156866 0.5019608 0.54509807 0.54509807 0.54509807 0.5411765 0.53333336 0.5294118 0.52156866 0.52156866 0.52156866
0.56078434 0.5529412 0.5568628 0.56078434 0.5686275 0.57254905 0.57254905 0.5686275 0.57254905 0.5647059 0.5686275 0.627451 0.5529412 0.56078434 0.57254905 0.5764706 0.57254905 0.56078434 0.57254905 0.6039216 0.5058824 0.40392157 0.49411765 0.5529412 0.54901963 0.54509807 0.5411765 0.5372549 0.53333336 0.52156866 0.52156866 0.52156866
0.56078434 0.5529412 0.5568628 0.56078434 0.5686275 0.57254905 0.57254905 0.57254905 0.5686275 0.5803922 0.6509804 0.4745098 0.3647059 0.5529412 0.5686275 0.5647059 0.5529412 0.5568628 0.6313726 0.50980395 0.42352942 0.53333336 0.56078434 0.54901963 0.54901963 0.54509807 0.5411765 0.5372549 0.53333336 0.5254902 0.5254902 0.5254902
0.56078434 0.5529412 0.5568628 0.56078434 0.5686275 0.57254905 0.57254905 0.5686275 0.5803922 0.6901961 0.6117647 0.38039216 0.32156864 0.46666667 0.57254905 0.5921569 0.64705884 0.7137255 0.627451 0.4862745 0.5372549 0.50980395 0.5176471 0.5568628 0.5529412 0.54509807 0.54509807 0.5411765 0.5372549 0.53333336 0.5294118 0.5254902
0.56078434 0.5568628 0.56078434 0.5647059 0.5686275 0.57254905 0.5686275 0.57254905 0.69803923 0.69411767 0.5294118 0.43137255 0.33333334 0.3647059 0.4392157 0.54901963 0.76862746 0.8039216 0.5921569 0.5803922 0.49019608 0.38039216 0.41568628 0.5568628 0.5568628 0.54901963 0.54509807 0.54509807 0.5411765 0.5372549 0.5372549 0.5294118
0.56078434 0.5568628 0.56078434 0.5647059 0.5686275 0.5686275 0.5647059 0.7019608 0.77254903 0.627451 0.5647059 0.45882353 0.39607844 0.42745098 0.38431373 0.43529412 0.59607846 0.64705884 0.58431375 0.5882353 0.5372549 0.49411765 0.40392157 0.5176471 0.5568628 0.54901963 0.54509807 0.54509807 0.54509807 0.5372549 0.5372549 0.5294118
0.56078434 0.5568628 0.56078434 0.5647059 0.5686275 0.5568628 0.6901961 0.83137256 0.7058824 0.7058824 0.60784316 0.49019608 0.47843137 0.5019608 0.44705883 0.4745098 0.5411765 0.5803922 0.5803922 0.5176471 0.5764706 0.6039216 0.47843137 0.47058824 0.5529412 0.54901963 0.54509807 0.54509807 0.54509807 0.5372549 0.5372549 0.5294118
0.5647059 0.5568628 0.56078434 0.5686275 0.56078434 0.6509804 0.8039216 0.7294118 0.70980394 0.78039217 0.69411767 0.5529412 0.50980395 0.48235294 0.47843137 0.52156866 0.5176471 0.47843137 0.4862745 0.53333336 0.6666667 0.6784314 0.6 0.52156866 0.54509807 0.54901963 0.54509807 0.54509807 0.54509807 0.5372549 0.5372549 0.53333336
0.5647059 0.5568628 0.56078434 0.5647059 0.6392157 0.70980394 0.654902 0.6 0.6431373 0.7411765 0.7607843 0.64705884 0.5294118 0.48235294 0.5254902 0.5254902 0.43137255 0.4627451 0.60784316 0.6666667 0.74509805 0.72156864 0.6666667 0.5882353 0.54901963 0.54901963 0.54509807 0.54509807 0.54509807 0.5372549 0.5372549 0.53333336
0.5647059 0.5568628 0.56078434 0.5764706 0.68235296 0.6156863 0.5647059 0.5764706 0.5803922 0.6156863 0.7254902 0.7176471 0.5372549 0.50980395 0.5019608 0.4392157 0.36862746 0.5647059 0.7294118 0.77254903 0.78431374 0.7607843 0.70980394 0.64705884 0.5686275 0.54901963 0.54509807 0.54509807 0.54509807 0.5372549 0.5372549 0.53333336
0.5647059 0.56078434 0.5647059 0.5803922 0.5921569 0.57254905 0.5764706 0.58431375 0.5882353 0.5764706 0.6117647 0.7019608 0.5882353 0.4862745 0.43137255 0.34901962 0.42352942 0.5803922 0.62352943 0.76862746 0.80784315 0.78431374 0.7372549 0.69803923 0.59607846 0.54509807 0.54901963 0.54509807 0.5411765 0.5372549 0.5372549 0.53333336
0.5647059 0.56078434 0.5686275 0.5764706 0.5764706 0.5764706 0.5764706 0.5803922 0.58431375 0.58431375 0.5686275 0.6431373 0.5803922 0.41568628 0.3764706 0.41568628 0.5529412 0.58431375 0.5764706 0.6509804 0.78039217 0.8 0.76862746 0.7254902 0.62352943 0.54901963 0.54901963 0.54509807 0.5411765 0.5411765 0.53333336 0.53333336
0.5647059 0.56078434 0.5686275 0.5764706 0.5764706 0.57254905 0.5764706 0.5803922 0.58431375 0.5803922 0.5803922 0.5803922 0.4509804 0.36862746 0.4627451 0.56078434 0.58431375 0.5803922 0.5764706 0.57254905 0.64705884 0.77254903 0.8 0.7647059 0.6784314 0.5647059 0.54509807 0.54509807 0.5411765 0.5411765 0.53333336 0.53333336
0.5647059 0.56078434 0.5647059 0.57254905 0.57254905 0.57254905 0.57254905 0.5803922 0.5803922 0.5803922 0.58431375 0.49411765 0.3529412 0.4627451 0.5803922 0.5803922 0.5764706 0.5764706 0.5764706 0.57254905 0.5647059 0.6392157 0.7764706 0.79607844 0.7137255 0.5686275 0.54509807 0.54901963 0.5372549 0.5411765 0.5372549 0.53333336
0.5647059 0.5647059 0.57254905 0.57254905 0.57254905 0.57254905 0.57254905 0.5764706 0.5803922 0.58431375 0.6 0.38431373 0.36862746 0.5686275 0.58431375 0.5764706 0.5764706 0.5764706 0.57254905 0.57254905 0.57254905 0.5647059 0.6313726 0.68235296 0.63529414 0.5529412 0.54509807 0.54509807 0.5411765 0.5411765 0.5372549 0.5294118
0.5647059 0.5686275 0.5803922 0.5764706 0.57254905 0.57254905 0.57254905 0.57254905 0.5764706 0.5921569 0.5882353 0.36078432 0.49411765 0.5882353 0.5803922 0.5803922 0.5764706 0.5764706 0.57254905 0.57254905 0.57254905 0.57254905 0.5686275 0.5764706 0.5647059 0.54901963 0.54509807 0.54509807 0.5411765 0.5411765 0.5372549 0.5294118
0.5647059 0.5686275 0.5764706 0.57254905 0.5686275 0.57254905 0.57254905 0.57254905 0.5764706 0.5921569 0.47843137 0.39215687 0.57254905 0.58431375 0.5803922 0.5803922 0.5803922 0.5764706 0.57254905 0.57254905 0.57254905 0.5764706 0.5686275 0.5647059 0.5568628 0.54901963 0.54901963 0.54509807 0.5411765 0.5411765 0.5372549 0.53333336
0.5647059 0.56078434 0.5686275 0.5686275 0.5686275 0.5686275 0.57254905 0.57254905 0.57254905 0.5568628 0.38431373 0.49803922 0.5882353 0.5803922 0.5803922 0.5803922 0.5803922 0.5764706 0.57254905 0.57254905 0.57254905 0.5647059 0.5647059 0.56078434 0.5568628 0.5529412 0.54901963 0.54509807 0.54509807 0.5411765 0.53333336 0.5294118
0.5647059 0.56078434 0.5647059 0.5686275 0.5686275 0.57254905 0.57254905 0.57254905 0.5803922 0.4862745 0.38039216 0.5764706 0.5803922 0.5803922 0.5803922 0.5803922 0.5803922 0.5764706 0.57254905 0.57254905 0.57254905 0.5647059 0.5647059 0.56078434 0.5568628 0.5529412 0.54901963 0.54509807 0.54509807 0.5411765 0.5372549 0.53333336
0.56078434 0.5568628 0.56078434 0.5647059 0.5686275 0.5686275 0.57254905 0.5764706 0.5529412 0.32156864 0.43529412 0.5921569 0.5764706 0.5803922 0.5803922 0.5803922 0.5764706 0.57254905 0.57254905 0.57254905 0.5686275 0.5647059 0.56078434 0.56078434 0.5568628 0.5529412 0.54901963 0.54509807 0.54509807 0.5372549 0.53333336 0.5294118
0.56078434 0.5529412 0.5568628 0.56078434 0.5647059 0.5686275 0.5686275 0.58431375 0.4392157 0.20392157 0.5254902 0.5803922 0.57254905 0.57254905 0.5764706 0.57254905 0.57254905 0.57254905 0.57254905 0.57254905 0.5686275 0.56078434 0.5568628 0.5568628 0.5568628 0.5529412 0.54901963 0.54509807 0.54509807 0.5372549 0.5294118 0.5294118
0.56078434 0.5568628 0.5568628 0.56078434 0.56078434 0.5647059 0.5647059 0.57254905 0.3372549 0.31764707 0.58431375 0.5686275 0.57254905 0.57254905 0.57254905 0.57254905 0.57254905 0.57254905 0.57254905 0.57254905 0.5686275 0.56078434 0.5568628 0.5568628 0.5568628 0.5529412 0.5529412 0.54509807 0.54509807 0.5372549 0.5294118 0.5294118
0.5568628 0.5529412 0.5568628 0.5568628 0.5568628 0.56078434 0.5647059 0.54901963 0.40392157 0.49411765 0.5803922 0.5686275 0.5686275 0.5686275 0.5686275 0.5686275 0.57254905 0.57254905 0.57254905 0.57254905 0.5686275 0.56078434 0.5568628 0.5568628 0.5529412 0.5529412 0.54901963 0.54509807 0.5411765 0.5372549 0.5294118 0.5294118
0.5529412 0.54901963 0.54901963 0.54901963 0.5529412 0.5529412 0.5568628 0.5529412 0.5372549 0.56078434 0.5647059 0.5647059 0.5686275 0.5686275 0.5647059 0.5647059 0.5647059 0.5647059 0.56078434 0.56078434 0.5568628 0.5529412 0.54901963 0.54901963 0.54509807 0.5411765 0.53333336 0.53333336 0.53333336 0.53333336 0.5254902 0.5254902
0.64705884 0.6392157 0.6392157 0.6431373 0.6431373 0.64705884 0.64705884 0.64705884 0.6509804 0.6509804 0.654902 0.654902 0.6509804 0.6509804 0.6509804 0.6509804 0.6509804 0.6509804 0.6509804 0.6509804 0.64705884 0.64705884 0.64705884 0.64705884 0.64705884 0.6431373 0.6392157 0.6392157 0.6392157 0.6392157 0.6392157 0.6392157
0.654902 0.64705884 0.6509804 0.6509804 0.654902 0.654902 0.65882355 0.654902 0.654902 0.654902 0.65882355 0.65882355 0.6627451 0.6627451 0.6627451 0.6627451 0.65882355 0.654902 0.654902 0.654902 0.654902 0.6509804 0.6509804 0.6509804 0.6509804 0.6509804 0.6431373 0.6431373 0.6431373 0.6431373 0.6431373 0.6431373
0.654902 0.6509804 0.6509804 0.654902 0.654902 0.65882355 0.65882355 0.65882355 0.654902 0.65882355 0.6627451 0.6627451 0.6627451 0.6627451 0.6627451 0.6627451 0.65882355 0.65882355 0.654902 0.654902 0.654902 0.654902 0.654902 0.6509804 0.6509804 0.6509804 0.64705884 0.6431373 0.6431373 0.6431373 0.6431373 0.6431373
0.654902 0.64705884 0.6509804 0.654902 0.654902 0.65882355 0.65882355 0.65882355 0.65882355 0.6627451 0.6666667 0.6666667 0.6627451 0.6627451 0.6627451 0.6627451 0.6627451 0.6627451 0.65882355 0.654902 0.654902 0.654902 0.654902 0.6509804 0.64705884 0.6509804 0.6509804 0.64705884 0.6392157 0.6392157 0.6392157 0.6392157
0.654902 0.64705884 0.6509804 0.654902 0.654902 0.65882355 0.65882355 0.65882355 0.6627451 0.6627451 0.6666667 0.6666667 0.6666667 0.6666667 0.6666667 0.6666667 0.6666667 0.6666667 0.6627451 0.6627451 0.65882355 0.654902 0.654902 0.6509804 0.64705884 0.6509804 0.6509804 0.64705884 0.6392157 0.6392157 0.6392157 0.6392157
0.654902 0.6509804 0.654902 0.654902 0.654902 0.65882355 0.6627451 0.6627451 0.6627451 0.6666667 0.67058825 0.67058825 0.6666667 0.67058825 0.67058825 0.67058825 0.67058825 0.67058825 0.6666667 0.6627451 0.65882355 0.65882355 0.654902 0.6509804 0.6509804 0.6509804 0.6509804 0.64705884 0.6431373 0.6392157 0.6392157 0.6392157
0.654902 0.6509804 0.654902 0.65882355 0.65882355 0.6627451 0.6666667 0.6666667 0.6666667 0.6666667 0.67058825 0.67058825 0.67058825 0.67058825 0.67058825 0.67058825 0.67058825 0.67058825 0.6666667 0.6627451 0.65882355 0.65882355 0.654902 0.654902 0.654902 0.6509804 0.6509804 0.64705884 0.64705884 0.6392157 0.6392157 0.63529414
0.654902 0.6509804 0.654902 0.65882355 0.65882355 0.6627451 0.6666667 0.6666667 0.6666667 0.6666667 0.67058825 0.67058825 0.67058825 0.67058825 0.67058825 0.67058825 0.67058825 0.67058825 0.6666667 0.6627451 0.65882355 0.65882355 0.65882355 0.654902 0.654902 0.6509804 0.6509804 0.64705884 0.64705884 0.6392157 0.6392157 0.63529414
0.654902 0.6509804 0.654902 0.65882355 0.6627451 0.6666667 0.6666667 0.67058825 0.67058825 0.67058825 0.6666667 0.6784314 0.6862745 0.67058825 0.6745098 0.67058825 0.67058825 0.67058825 0.6666667 0.6666667 0.6666667 0.627451 0.60784316 0.6509804 0.6509804 0.6509804 0.6509804 0.64705884 0.6431373 0.6392157 0.6392157 0.63529414
0.65882355 0.6509804 0.654902 0.65882355 0.6666667 0.67058825 0.67058825 0.67058825 0.67058825 0.6666667 0.6784314 0.6862745 0.6117647 0.65882355 0.6745098 0.6745098 0.6784314 0.6745098 0.67058825 0.68235296 0.5686275 0.49411765 0.6039216 0.654902 0.654902 0.6509804 0.64705884 0.6431373 0.6431373 0.6392157 0.6392157 0.6392157
0.65882355 0.6509804 0.654902 0.65882355 0.6666667 0.67058825 0.67058825 0.67058825 0.67058825 0.68235296 0.7137255 0.49019608 0.3882353 0.6431373 0.6745098 0.6666667 0.6666667 0.67058825 0.69411767 0.54509807 0.48235294 0.63529414 0.6784314 0.65882355 0.654902 0.6509804 0.64705884 0.6431373 0.6431373 0.6431373 0.6431373 0.6392157
0.65882355 0.6509804 0.654902 0.65882355 0.6666667 0.67058825 0.67058825 0.67058825 0.6784314 0.74509805 0.5882353 0.36078432 0.3372549 0.5176471 0.65882355 0.68235296 0.7294118 0.7607843 0.6509804 0.5254902 0.5921569 0.5529412 0.58431375 0.654902 0.654902 0.6509804 0.6509804 0.64705884 0.64705884 0.64705884 0.64705884 0.6392157
0.65882355 0.654902 0.65882355 0.6627451 0.6666667 0.67058825 0.6666667 0.6745098 0.75686276 0.6784314 0.4745098 0.39215687 0.3372549 0.37254903 0.46666667 0.5882353 0.78039217 0.8 0.6156863 0.6156863 0.4862745 0.35686275 0.4509804 0.64705884 0.654902 0.654902 0.6509804 0.6509804 0.64705884 0.6431373 0.6431373 0.6431373
0.65882355 0.654902 0.65882355 0.6627451 0.6666667 0.67058825 0.65882355 0.7607843 0.7647059 0.58431375 0.5137255 0.40784314 0.3647059 0.4 0.37254903 0.4392157 0.6 0.64705884 0.6039216 0.6156863 0.4862745 0.43137255 0.40392157 0.6 0.6666667 0.654902 0.6509804 0.6509804 0.6509804 0.6431373 0.6431373 0.64705884
0.65882355 0.654902 0.65882355 0.6627451 0.67058825 0.6627451 0.7411765 0.81960785 0.67058825 0.65882355 0.56078434 0.4392157 0.41960785 0.44705883 0.43137255 0.47843137 0.54901963 0.58431375 0.59607846 0.53333336 0.5294118 0.53333336 0.42745098 0.5019608 0.65882355 0.654902 0.6509804 0.6509804 0.6509804 0.6431373 0.6431373 0.6431373
0.6627451 0.654902 0.65882355 0.6666667 0.6666667 0.7294118 0.827451 0.7294118 0.6901961 0.73333335 0.63529414 0.49803922 0.4509804 0.42352942 0.45882353 0.52156866 0.52156866 0.47843137 0.48235294 0.5254902 0.6117647 0.62352943 0.53333336 0.5058824 0.63529414 0.65882355 0.6509804 0.6509804 0.6509804 0.6431373 0.6431373 0.6392157
0.6627451 0.654902 0.65882355 0.6627451 0.70980394 0.7647059 0.7294118 0.68235296 0.69803923 0.7372549 0.7019608 0.58431375 0.47058824 0.4392157 0.50980395 0.5254902 0.44705883 0.45882353 0.57254905 0.62352943 0.6901961 0.67058825 0.60784316 0.54901963 0.6117647 0.65882355 0.6509804 0.6509804 0.6509804 0.6431373 0.6431373 0.6392157
0.6627451 0.654902 0.65882355 0.6666667 0.7490196 0.69411767 0.6745098 0.6784314 0.6784314 0.69411767 0.7254902 0.6509804 0.47843137 0.4862745 0.49019608 0.4392157 0.38431373 0.6039216 0.73333335 0.70980394 0.7254902 0.7058824 0.654902 0.5882353 0.6 0.65882355 0.6509804 0.6509804 0.6509804 0.6431373 0.6431373 0.6392157
0.6627451 0.65882355 0.6627451 0.67058825 0.6784314 0.6666667 0.6784314 0.6745098 0.6784314 0.6784314 0.69411767 0.69803923 0.5372549 0.46666667 0.42352942 0.36078432 0.47058824 0.6784314 0.69803923 0.7490196 0.7490196 0.7294118 0.68235296 0.6313726 0.6039216 0.654902 0.6509804 0.6509804 0.64705884 0.6431373 0.6431373 0.6392157
0.6627451 0.65882355 0.6666667 0.6666667 0.6627451 0.67058825 0.6745098 0.6784314 0.6784314 0.68235296 0.68235296 0.69803923 0.5529412 0.38431373 0.3764706 0.46666667 0.627451 0.68235296 0.6784314 0.7058824 0.75686276 0.7529412 0.7176471 0.6666667 0.6156863 0.6509804 0.6509804 0.6509804 0.64705884 0.64705884 0.6392157 0.6392157
0.6627451 0.65882355 0.6666667 0.6666667 0.6666667 0.6666667 0.6745098 0.6784314 0.6784314 0.6784314 0.6862745 0.61960787 0.42745098 0.3647059 0.5137255 0.6509804 0.68235296 0.6784314 0.68235296 0.67058825 0.7019608 0.7607843 0.75686276 0.7176471 0.6627451 0.65882355 0.6509804 0.6509804 0.64705884 0.64705884 0.6392157 0.6392157
0.6627451 0.65882355 0.6666667 0.67058825 0.67058825 0.6666667 0.67058825 0.6784314 0.6784314 0.68235296 0.6666667 0.4745098 0.33333334 0.5137255 0.6745098 0.68235296 0.68235296 0.6784314 0.6784314 0.6745098 0.6666667 0.69411767 0.7490196 0.74509805 0.69411767 0.65882355 0.6509804 0.6509804 0.64705884 0.64705884 0.6431373 0.6392157
0.6627451 0.65882355 0.6627451 0.67058825 0.67058825 0.67058825 0.67058825 0.6745098 0.6784314 0.6862745 0.6431373 0.38431373 0.40784314 0.6627451 0.6862745 0.6784314 0.6784314 0.6784314 0.6745098 0.6745098 0.6745098 0.6627451 0.6862745 0.7137255 0.68235296 0.6509804 0.6509804 0.6509804 0.64705884 0.64705884 0.6431373 0.63529414
0.6627451 0.654902 0.65882355 0.6666667 0.67058825 0.67058825 0.67058825 0.67058825 0.6784314 0.6901961 0.6509804 0.4392157 0.5882353 0.6862745 0.68235296 0.68235296 0.6784314 0.6784314 0.6745098 0.6745098 0.6745098 0.6666667 0.6666667 0.67058825 0.6627451 0.654902 0.6509804 0.6509804 0.64705884 0.64705884 0.6431373 0.63529414
0.6627451 0.654902 0.65882355 0.6666667 0.6666667 0.67058825 0.67058825 0.67058825 0.6745098 0.6862745 0.5882353 0.50980395 0.6784314 0.68235296 0.68235296 0.6784314 0.6784314 0.6745098 0.6745098 0.67058825 0.67058825 0.6666667 0.6627451 0.65882355 0.65882355 0.654902 0.6509804 0.6509804 0.64705884 0.64705884 0.6431373 0.6392157
0.6627451 0.654902 0.65882355 0.6666667 0.6666667 0.6666667 0.67058825 0.67058825 0.67058825 0.6627451 0.49803922 0.6117647 0.6901961 0.68235296 0.6784314 0.6784314 0.6784314 0.6745098 0.67058825 0.67058825 0.67058825 0.6627451 0.6627451 0.65882355 0.654902 0.6509804 0.64705884 0.6509804 0.6509804 0.64705884 0.6392157 0.63529414
0.6627451 0.6509804 0.654902 0.6627451 0.6666667 0.67058825 0.67058825 0.67058825 0.6784314 0.58431375 0.4862745 0.68235296 0.68235296 0.68235296 0.6784314 0.6784314 0.6784314 0.6745098 0.67058825 0.67058825 0.67058825 0.6627451 0.6627451 0.65882355 0.654902 0.6509804 0.64705884 0.6509804 0.6509804 0.64705884 0.6431373 0.6392157
0.6627451 0.6509804 0.654902 0.6627451 0.6666667 0.6666667 0.67058825 0.6745098 0.6509804 0.42745098 0.53333336 0.6901961 0.6745098 0.6784314 0.6784314 0.6784314 0.6745098 0.67058825 0.67058825 0.67058825 0.6666667 0.6627451 0.65882355 0.65882355 0.654902 0.6509804 0.6509804 0.6509804 0.6509804 0.6431373 0.6392157 0.63529414
0.65882355 0.6509804 0.654902 0.65882355 0.6627451 0.6666667 0.6666667 0.68235296 0.5411765 0.3137255 0.62352943 0.6745098 0.67058825 0.6745098 0.6745098 0.67058825 0.67058825 0.67058825 0.67058825 0.67058825 0.6666667 0.65882355 0.654902 0.654902 0.654902 0.6509804 0.6509804 0.6509804 0.6509804 0.6431373 0.63529414 0.63529414
0.65882355 0.654902 0.654902 0.65882355 0.65882355 0.6627451 0.6627451 0.67058825 0.44313726 0.43137255 0.68235296 0.6666667 0.67058825 0.67058825 0.67058825 0.67058825 0.67058825 0.67058825 0.67058825 0.67058825 0.6666667 0.65882355 0.654902 0.654902 0.654902 0.6509804 0.6509804 0.6509804 0.6509804 0.6431373 0.63529414 0.63529414
0.65882355 0.6509804 0.654902 0.654902 0.654902 0.65882355 0.6627451 0.64705884 0.5058824 0.6039216 0.6784314 0.6666667 0.67058825 0.6666667 0.6666667 0.6666667 0.67058825 0.67058825 0.67058825 0.67058825 0.6666667 0.65882355 0.654902 0.654902 0.654902 0.6509804 0.6509804 0.6509804 0.64705884 0.6431373 0.63529414 0.63529414
0.6509804 0.6431373 0.64705884 0.64705884 0.6509804 0.6509804 0.654902 0.6509804 0.63529414 0.65882355 0.6627451 0.6627451 0.6627451 0.6627451 0.6627451 0.6627451 0.6627451 0.6627451 0.65882355 0.65882355 0.654902 0.6509804 0.64705884 0.64705884 0.64705884 0.6431373 0.6392157 0.6392157 0.6392157 0.63529414 0.6313726 0.6313726
0.76862746 0.7529412 0.7529412 0.75686276 0.7607843 0.7607843 0.7607843 0.7607843 0.7647059 0.7647059 0.7647059 0.7647059 0.7647059 0.7647059 0.7647059 0.7647059 0.7607843 0.7607843 0.7607843 0.7607843 0.7607843 0.75686276 0.75686276 0.75686276 0.75686276 0.7529412 0.7490196 0.74509805 0.74509805 0.74509805 0.74509805 0.74509805
0.77254903 0.7647059 0.76862746 0.76862746 0.77254903 0.77254903 0.77254903 0.77254903 0.77254903 0.77254903 0.77254903 0.77254903 0.7764706 0.7764706 0.7764706 0.7764706 0.77254903 0.76862746 0.76862746 0.76862746 0.76862746 0.7647059 0.7647059 0.7647059 0.7647059 0.7607843 0.7529412 0.7529412 0.7529412 0.7529412 0.7529412 0.7529412
0.77254903 0.7647059 0.76862746 0.77254903 0.77254903 0.7764706 0.7764706 0.7764706 0.77254903 0.7764706 0.78039217 0.78039217 0.7764706 0.7764706 0.7764706 0.7764706 0.77254903 0.77254903 0.76862746 0.76862746 0.76862746 0.76862746 0.76862746 0.7647059 0.7607843 0.7647059 0.7607843 0.75686276 0.7529412 0.7529412 0.7529412 0.7529412
0.77254903 0.7647059 0.76862746 0.77254903 0.77254903 0.7764706 0.7764706 0.7764706 0.7764706 0.78039217 0.78431374 0.78431374 0.7764706 0.7764706 0.7764706 0.7764706 0.7764706 0.7764706 0.77254903 0.76862746 0.76862746 0.76862746 0.76862746 0.7647059 0.7607843 0.7647059 0.7647059 0.75686276 0.7490196 0.7490196 0.7490196 0.7490196
0.77254903 0.7647059 0.76862746 0.77254903 0.77254903 0.7764706 0.7764706 0.7764706 0.78039217 0.78039217 0.78431374 0.78431374 0.78039217 0.78039217 0.78039217 0.78039217 0.78039217 0.78039217 0.7764706 0.7764706 0.77254903 0.76862746 0.76862746 0.7647059 0.7607843 0.7647059 0.7607843 0.75686276 0.7490196 0.7490196 0.7490196 0.7490196
0.7764706 0.76862746 0.77254903 0.77254903 0.77254903 0.7764706 0.78039217 0.78039217 0.78039217 0.78431374 0.7882353 0.78431374 0.78431374 0.78431374 0.78431374 0.78431374 0.78431374 0.78431374 0.78039217 0.7764706 0.77254903 0.77254903 0.76862746 0.7647059 0.7647059 0.7647059 0.7607843 0.75686276 0.7529412 0.7490196 0.7490196 0.7490196
0.7764706 0.76862746 0.77254903 0.7764706 0.7764706 0.78039217 0.78431374 0.78431374 0.78431374 0.78431374 0.7882353 0.7882353 0.7882353 0.7882353 0.78431374 0.78431374 0.78431374 0.78431374 0.78039217 0.7764706 0.77254903 0.77254903 0.76862746 0.76862746 0.76862746 0.7647059 0.7607843 0.75686276 0.75686276 0.7490196 0.7490196 0.7529412
0.7764706 0.76862746 0.77254903 0.7764706 0.7764706 0.78039217 0.78431374 0.78431374 0.78431374 0.78431374 0.7882353 0.7882353 0.7882353 0.7882353 0.78431374 0.78431374 0.78431374 0.78431374 0.78039217 0.7764706 0.76862746 0.77254903 0.77254903 0.76862746 0.76862746 0.7647059 0.7607843 0.75686276 0.75686276 0.7490196 0.7490196 0.7529412
0.78039217 0.76862746 0.77254903 0.7764706 0.78039217 0.78431374 0.78431374 0.7882353 0.78431374 0.7764706 0.78431374 0.78431374 0.7921569 0.7882353 0.78431374 0.78431374 0.78039217 0.77254903 0.7764706 0.78039217 0.78431374 0.74509805 0.7254902 0.7647059 0.7647059 0.7647059 0.7607843 0.75686276 0.75686276 0.7490196 0.7490196 0.7529412
0.78039217 0.76862746 0.77254903 0.7764706 0.78431374 0.7882353 0.7882353 0.7882353 0.78039217 0.7647059 0.7882353 0.75686276 0.67058825 0.76862746 0.78039217 0.78039217 0.7764706 0.7764706 0.78039217 0.7607843 0.6431373 0.6039216 0.7254902 0.76862746 0.76862746 0.7647059 0.7607843 0.75686276 0.75686276 0.7490196 0.7490196 0.7529412
0.78039217 0.76862746 0.77254903 0.7764706 0.78431374 0.7882353 0.7882353 0.7882353 0.7764706 0.78039217 0.78039217 0.49019608 0.4 0.73333335 0.7882353 0.77254903 0.76862746 0.77254903 0.78039217 0.5686275 0.5254902 0.73333335 0.7921569 0.77254903 0.76862746 0.7647059 0.7607843 0.75686276 0.75686276 0.7529412 0.7529412 0.7529412
0.78039217 0.76862746 0.77254903 0.7764706 0.78431374 0.7882353 0.78431374 0.7882353 0.78431374 0.8 0.5764706 0.3254902 0.3372549 0.5568628 0.74509805 0.78039217 0.80784315 0.80784315 0.6666667 0.54901963 0.6431373 0.5921569 0.654902 0.76862746 0.76862746 0.7647059 0.7647059 0.7607843 0.75686276 0.75686276 0.75686276 0.75686276
0.78039217 0.77254903 0.7764706 0.78039217 0.78431374 0.78431374 0.7764706 0.78431374 0.81960785 0.6666667 0.42352942 0.3529412 0.33333334 0.36078432 0.4862745 0.6431373 0.79607844 0.7921569 0.61960787 0.63529414 0.49411765 0.3372549 0.4745098 0.75686276 0.77254903 0.76862746 0.7647059 0.7647059 0.7607843 0.75686276 0.75686276 0.75686276
0.78039217 0.77254903 0.7764706 0.78039217 0.78431374 0.78039217 0.78431374 0.83137256 0.7607843 0.5372549 0.44313726 0.35686275 0.3372549 0.35686275 0.3529412 0.4509804 0.59607846 0.6313726 0.6117647 0.62352943 0.44313726 0.3647059 0.39215687 0.69411767 0.7882353 0.76862746 0.7647059 0.7647059 0.7647059 0.75686276 0.75686276 0.75686276
0.78039217 0.77254903 0.7764706 0.78039217 0.7882353 0.78039217 0.83137256 0.8117647 0.6313726 0.6039216 0.48235294 0.37254903 0.36862746 0.38431373 0.39215687 0.47058824 0.53333336 0.5647059 0.60784316 0.5254902 0.47058824 0.44313726 0.36078432 0.5411765 0.7647059 0.76862746 0.7647059 0.7647059 0.7647059 0.75686276 0.75686276 0.75686276
0.78431374 0.77254903 0.7764706 0.78431374 0.78431374 0.8117647 0.85490197 0.74509805 0.6862745 0.6901961 0.5686275 0.43137255 0.39215687 0.36078432 0.42352942 0.5058824 0.50980395 0.46666667 0.4745098 0.49019608 0.5529412 0.5568628 0.45490196 0.47843137 0.7254902 0.7764706 0.7647059 0.7647059 0.7647059 0.7607843 0.7607843 0.7529412
0.7882353 0.77254903 0.7764706 0.78431374 0.8 0.8235294 0.79607844 0.7882353 0.76862746 0.7490196 0.65882355 0.5254902 0.41568628 0.39215687 0.4745098 0.5019608 0.41960785 0.4392157 0.5294118 0.5764706 0.6509804 0.61960787 0.5372549 0.49019608 0.6784314 0.7764706 0.7647059 0.7647059 0.7647059 0.7607843 0.7607843 0.7529412
0.7882353 0.7764706 0.7764706 0.7882353 0.8352941 0.8 0.7882353 0.79607844 0.7921569 0.78431374 0.7490196 0.6 0.42352942 0.45882353 0.45882353 0.40784314 0.37254903 0.63529414 0.7137255 0.6745098 0.7058824 0.6666667 0.5921569 0.5137255 0.6392157 0.7764706 0.7647059 0.7647059 0.7647059 0.7607843 0.7607843 0.7529412
0.7882353 0.7764706 0.78039217 0.7921569 0.79607844 0.78431374 0.79607844 0.79607844 0.7921569 0.79607844 0.7921569 0.70980394 0.49019608 0.44705883 0.39607844 0.34509805 0.5137255 0.76862746 0.7764706 0.7529412 0.7176471 0.6862745 0.6313726 0.56078434 0.6039216 0.7647059 0.76862746 0.7647059 0.7607843 0.7607843 0.75686276 0.7529412
0.7882353 0.7764706 0.78431374 0.7882353 0.7882353 0.7882353 0.7921569 0.7921569 0.7882353 0.78431374 0.7882353 0.78039217 0.5294118 0.3647059 0.3764706 0.5058824 0.7176471 0.7921569 0.7882353 0.76862746 0.7607843 0.72156864 0.6784314 0.6117647 0.59607846 0.7529412 0.76862746 0.7647059 0.7607843 0.7607843 0.7529412 0.7529412
0.7882353 0.7764706 0.78431374 0.7882353 0.7882353 0.7882353 0.7921569 0.7921569 0.7882353 0.78431374 0.79607844 0.6784314 0.40392157 0.3647059 0.5647059 0.7372549 0.78039217 0.78431374 0.78039217 0.7764706 0.78431374 0.7764706 0.7254902 0.67058825 0.63529414 0.7529412 0.76862746 0.7647059 0.7607843 0.7607843 0.75686276 0.7529412
0.7882353 0.7764706 0.78431374 0.7882353 0.7882353 0.78431374 0.7882353 0.7921569 0.7921569 0.79607844 0.75686276 0.4745098 0.3254902 0.5882353 0.7764706 0.78431374 0.78039217 0.78039217 0.7764706 0.78431374 0.78431374 0.7764706 0.74509805 0.70980394 0.68235296 0.7647059 0.77254903 0.7647059 0.7607843 0.7607843 0.75686276 0.7529412
0.7882353 0.7764706 0.78431374 0.7882353 0.7882353 0.7882353 0.7882353 0.7921569 0.79607844 0.8039216 0.69803923 0.4117647 0.4862745 0.7647059 0.79607844 0.78431374 0.78431374 0.78431374 0.78039217 0.78039217 0.7764706 0.78431374 0.7607843 0.7529412 0.73333335 0.7647059 0.77254903 0.7647059 0.7607843 0.7647059 0.7607843 0.75686276
0.7882353 0.7764706 0.78431374 0.7882353 0.7882353 0.7882353 0.7882353 0.7882353 0.79607844 0.8 0.72156864 0.5294118 0.7019608 0.79607844 0.7882353 0.7882353 0.78431374 0.78431374 0.78039217 0.78039217 0.78039217 0.78431374 0.7882353 0.78039217 0.76862746 0.77254903 0.76862746 0.7647059 0.7607843 0.7647059 0.7607843 0.7529412
0.7882353 0.7764706 0.78431374 0.7882353 0.78431374 0.7882353 0.7882353 0.7882353 0.79607844 0.79607844 0.69411767 0.63529414 0.78431374 0.79607844 0.7921569 0.7921569 0.7921569 0.7882353 0.78431374 0.78431374 0.7882353 0.78039217 0.78039217 0.78039217 0.7764706 0.77254903 0.76862746 0.76862746 0.7647059 0.7647059 0.7607843 0.75686276
0.7882353 0.7764706 0.78039217 0.78431374 0.78431374 0.78431374 0.7882353 0.7882353 0.7882353 0.78039217 0.61960787 0.72156864 0.79607844 0.7882353 0.79607844 0.79607844 0.79607844 0.7921569 0.7882353 0.7882353 0.7882353 0.78431374 0.78039217 0.7764706 0.77254903 0.76862746 0.7647059 0.76862746 0.76862746 0.7647059 0.75686276 0.7529412
0.7882353 0.77254903 0.7764706 0.78431374 0.78431374 0.7882353 0.7882353 0.7882353 0.79607844 0.7019608 0.59607846 0.78039217 0.7882353 0.7882353 0.79607844 0.79607844 0.79607844 0.7921569 0.7882353 0.7882353 0.7882353 0.78039217 0.78039217 0.7764706 0.77254903 0.76862746 0.7647059 0.76862746 0.76862746 0.7647059 0.7607843 0.75686276
0.78431374 0.77254903 0.77254903 0.78039217 0.78431374 0.78431374 0.7882353 0.7921569 0.77254903 0.5372549 0.6392157 0.8039216 0.7882353 0.7921569 0.7921569 0.79607844 0.7921569 0.7882353 0.7882353 0.7882353 0.78431374 0.78039217 0.7764706 0.7764706 0.77254903 0.76862746 0.76862746 0.76862746 0.76862746 0.7607843 0.75686276 0.7529412
0.78039217 0.77254903 0.77254903 0.7764706 0.78039217 0.78431374 0.78431374 0.8 0.6627451 0.43137255 0.7411765 0.79607844 0.7882353 0.7882353 0.7921569 0.7882353 0.7882353 0.7882353 0.7882353 0.7882353 0.78431374 0.7764706 0.77254903 0.77254903 0.77254903 0.76862746 0.76862746 0.76862746 0.76862746 0.7607843 0.7529412 0.7529412
0.78039217 0.77254903 0.77254903 0.7764706 0.7764706 0.78039217 0.78039217 0.7882353 0.56078434 0.54509807 0.8 0.78431374 0.7882353 0.7882353 0.7882353 0.7882353 0.7882353 0.7882353 0.7882353 0.7882353 0.78431374 0.7764706 0.77254903 0.77254903 0.77254903 0.76862746 0.76862746 0.76862746 0.76862746 0.7607843 0.7529412 0.7529412
0.78039217 0.77254903 0.77254903 0.77254903 0.77254903 0.7764706 0.78039217 0.76862746 0.62352943 0.7176471 0.79607844 0.78431374 0.7882353 0.78431374 0.78431374 0.78431374 0.7882353 0.7882353 0.7882353 0.7882353 0.78431374 0.7764706 0.77254903 0.77254903 0.77254903 0.76862746 0.76862746 0.76862746 0.7647059 0.7607843 0.7529412 0.7529412
0.77254903 0.7607843 0.7607843 0.7647059 0.7647059 0.76862746 0.76862746 0.7647059 0.7529412 0.7764706 0.78039217 0.78039217 0.78039217 0.78039217 0.7764706 0.7764706 0.7764706 0.7764706 0.7764706 0.7764706 0.77254903 0.7647059 0.7647059 0.7607843 0.7607843 0.7607843 0.75686276 0.75686276 0.75686276 0.7529412 0.7490196 0.74509805
22 12 2
