32, 32, 3, 1
0.20392157 0.2 0.20392157 0.2 0.21960784 0.28235295 0.22745098 0.2 0.20784314 0.20784314 0.21568628 0.21568628 0.21568628 0.21176471 0.20784314 0.20784314 0.21176471 0.21176471 0.21568628 0.21568628 0.21176471 0.20784314 0.20392157 0.20392157 0.20392157 0.20784314 0.20784314 0.2 0.19607843 0.19607843 0.19607843 0.19607843
0.20784314 0.20392157 0.20392157 0.2 0.20784314 0.21960784 0.1882353 0.20784314 0.21568628 0.21568628 0.21568628 0.21568628 0.21568628 0.21568628 0.21568628 0.21568628 0.21960784 0.21960784 0.21960784 0.22352941 0.21568628 0.21568628 0.21176471 0.20784314 0.21176471 0.21176471 0.20784314 0.20392157 0.19607843 0.19607843 0.19607843 0.19607843
0.20784314 0.20392157 0.20392157 0.20784314 0.19607843 0.12156863 0.10980392 0.19215687 0.21960784 0.21568628 0.21568628 0.21568628 0.21960784 0.21960784 0.21568628 0.21568628 0.21960784 0.21960784 0.21960784 0.21960784 0.21568628 0.21176471 0.21176471 0.21176471 0.21176471 0.21176471 0.20784314 0.20392157 0.19607843 0.19607843 0.19607843 0.19607843
0.21176471 0.20392157 0.20392157 0.21176471 0.20392157 0.2509804 0.27058825 0.24313726 0.22352941 0.21568628 0.21960784 0.21960784 0.21960784 0.21960784 0.21960784 0.21960784 0.22352941 0.22352941 0.21960784 0.21960784 0.21568628 0.21176471 0.21176471 0.21176471 0.21176471 0.21176471 0.20784314 0.20392157 0.19607843 0.19607843 0.19607843 0.19607843
0.21176471 0.20392157 0.20392157 0.20784314 0.21176471 0.38039216 0.4 0.3137255 0.25882354 0.22745098 0.21960784 0.22352941 0.21960784 0.21960784 0.22352941 0.22352941 0.22745098 0.22745098 0.22352941 0.21960784 0.21960784 0.21960784 0.21568628 0.21176471 0.21176471 0.21176471 0.20784314 0.20392157 0.19607843 0.19607843 0.19607843 0.19607843
0.21176471 0.20784314 0.20784314 0.20784314 0.20392157 0.41960785 0.45882353 0.34901962 0.30588236 0.26666668 0.22745098 0.22745098 0.21960784 0.21960784 0.22352941 0.22745098 0.23137255 0.23137255 0.22745098 0.22352941 0.22352941 0.22352941 0.21960784 0.21568628 0.21176471 0.21176471 0.21176471 0.20392157 0.2 0.19607843 0.2 0.2
0.21176471 0.20784314 0.20784314 0.21176471 0.2 0.36862746 0.46666667 0.39607844 0.3372549 0.32156864 0.24705882 0.22352941 0.22352941 0.22352941 0.22745098 0.22745098 0.23529412 0.23529412 0.23137255 0.22745098 0.22745098 0.22745098 0.22352941 0.21960784 0.21176471 0.21176471 0.21176471 0.20784314 0.2 0.2 0.2 0.2
0.21176471 0.20784314 0.20784314 0.21176471 0.20392157 0.29803923 0.45882353 0.41568628 0.3647059 0.34117648 0.28627452 0.23921569 0.22745098 0.22745098 0.23137255 0.23137255 0.23529412 0.23529412 0.23529412 0.23137255 0.22745098 0.22745098 0.22745098 0.22352941 0.21568628 0.21176471 0.21176471 0.20784314 0.2 0.2 0.2 0.2
0.21176471 0.21176471 0.21176471 0.21176471 0.21176471 0.24313726 0.41960785 0.40392157 0.33333334 0.3254902 0.3137255 0.26666668 0.22745098 0.22745098 0.23137255 0.23529412 0.23529412 0.23137255 0.23529412 0.23529412 0.23137255 0.22745098 0.22352941 0.22352941 0.21960784 0.21176471 0.21176471 0.21176471 0.20392157 0.2 0.2 0.2
0.21960784 0.21568628 0.21568628 0.21568628 0.21960784 0.21176471 0.2901961 0.43529412 0.35686275 0.3137255 0.30588236 0.28627452 0.23529412 0.23137255 0.23921569 0.23921569 0.23529412 0.23137255 0.23137255 0.23529412 0.23137255 0.22745098 0.22352941 0.21960784 0.21960784 0.21568628 0.21176471 0.21176471 0.20784314 0.2 0.2 0.2
0.21960784 0.21568628 0.21568628 0.21960784 0.21960784 0.21960784 0.23529412 0.44313726 0.41568628 0.3137255 0.3019608 0.3019608 0.25490198 0.23921569 0.24313726 0.24313726 0.23921569 0.23529412 0.23529412 0.23529412 0.23529412 0.23137255 0.22352941 0.21960784 0.21960784 0.21568628 0.21176471 0.21176471 0.20784314 0.2 0.2 0.2
0.21960784 0.21568628 0.21568628 0.21960784 0.21960784 0.22745098 0.21568628 0.3882353 0.44705883 0.32156864 0.31764707 0.30588236 0.27450982 0.23137255 0.24313726 0.24313726 0.24313726 0.23921569 0.23137255 0.23529412 0.23921569 0.23529412 0.22745098 0.21960784 0.21960784 0.21960784 0.21176471 0.21176471 0.20784314 0.2 0.2 0.2
0.21960784 0.21960784 0.21960784 0.21568628 0.21960784 0.22352941 0.21176471 0.30980393 0.4862745 0.3372549 0.32156864 0.30588236 0.29411766 0.2509804 0.24313726 0.2509804 0.25490198 0.24705882 0.24313726 0.23529412 0.23529412 0.23137255 0.22745098 0.22352941 0.22352941 0.21960784 0.21568628 0.21176471 0.21176471 0.20392157 0.2 0.20392157
0.21960784 0.21960784 0.21960784 0.21568628 0.21960784 0.22352941 0.21960784 0.23137255 0.45882353 0.39215687 0.3137255 0.3137255 0.31764707 0.28627452 0.24313726 0.24705882 0.21960784 0.21568628 0.21568628 0.23137255 0.23529412 0.23137255 0.22745098 0.22745098 0.22352941 0.21960784 0.21568628 0.21176471 0.21176471 0.20392157 0.2 0.20392157
0.21960784 0.21960784 0.21960784 0.21568628 0.21960784 0.22352941 0.22352941 0.21568628 0.35686275 0.43529412 0.29803923 0.30980393 0.3137255 0.3254902 0.28235295 0.25490198 0.3647059 0.43529412 0.3019608 0.24705882 0.23137255 0.23137255 0.23137255 0.22745098 0.22352941 0.21960784 0.21568628 0.21176471 0.21176471 0.20392157 0.2 0.20392157
0.21568628 0.21568628 0.21568628 0.21568628 0.21960784 0.22352941 0.22745098 0.22745098 0.27058825 0.43137255 0.3254902 0.2901961 0.30588236 0.3372549 0.54901963 0.6431373 0.7254902 0.6666667 0.5294118 0.3372549 0.21960784 0.23529412 0.23137255 0.22745098 0.22352941 0.21960784 0.21568628 0.21568628 0.21568628 0.20784314 0.2 0.20392157
0.21568628 0.21568628 0.21568628 0.21568628 0.21960784 0.22352941 0.22745098 0.23529412 0.23137255 0.36862746 0.42745098 0.27058825 0.29803923 0.34509805 0.69411767 0.79607844 0.56078434 0.36078432 0.33333334 0.2901961 0.23529412 0.23921569 0.23137255 0.22352941 0.22352941 0.21960784 0.21568628 0.21568628 0.21568628 0.20784314 0.20392157 0.20392157
0.21568628 0.21568628 0.21568628 0.21568628 0.21960784 0.22352941 0.22745098 0.23529412 0.23137255 0.28627452 0.47058824 0.30980393 0.3137255 0.37254903 0.49803922 0.43137255 0.31764707 0.29803923 0.2509804 0.22745098 0.22352941 0.23137255 0.23529412 0.22745098 0.22352941 0.21960784 0.21568628 0.21568628 0.21568628 0.20784314 0.20392157 0.20392157
0.21960784 0.21960784 0.21960784 0.21568628 0.21960784 0.22352941 0.22745098 0.23137255 0.23137255 0.21960784 0.38039216 0.40784314 0.34901962 0.36078432 0.34117648 0.30588236 0.29803923 0.3254902 0.32941177 0.30588236 0.27450982 0.23921569 0.22745098 0.22745098 0.22352941 0.22352941 0.21960784 0.21960784 0.21960784 0.21176471 0.20392157 0.20392157
0.22352941 0.21960784 0.21960784 0.21568628 0.21960784 0.22352941 0.22745098 0.23137255 0.28627452 0.3529412 0.47058824 0.42745098 0.3372549 0.33333334 0.30588236 0.3019608 0.30588236 0.29411766 0.29411766 0.32156864 0.34509805 0.3137255 0.25882354 0.22745098 0.22352941 0.22745098 0.21960784 0.21960784 0.21960784 0.21176471 0.20784314 0.20392157
0.22352941 0.21960784 0.21960784 0.21568628 0.21960784 0.22745098 0.21960784 0.3254902 0.5529412 0.61960787 0.5529412 0.35686275 0.3137255 0.34901962 0.34901962 0.3019608 0.29411766 0.3019608 0.3019608 0.30588236 0.3529412 0.36078432 0.33333334 0.2784314 0.22352941 0.22352941 0.21960784 0.21960784 0.21960784 0.21176471 0.20784314 0.20392157
0.22352941 0.21960784 0.21960784 0.21568628 0.21960784 0.22745098 0.21568628 0.42745098 0.69411767 0.6509804 0.49411765 0.33333334 0.27058825 0.3647059 0.52156866 0.48235294 0.4 0.35686275 0.3882353 0.40392157 0.46666667 0.4745098 0.4117647 0.34901962 0.23137255 0.21568628 0.21960784 0.21568628 0.21568628 0.21176471 0.20784314 0.20392157
0.22352941 0.21960784 0.21960784 0.21568628 0.21960784 0.22745098 0.21568628 0.39215687 0.65882355 0.6 0.52156866 0.43137255 0.29803923 0.25490198 0.3372549 0.43529412 0.5176471 0.5372549 0.5254902 0.5058824 0.5568628 0.5254902 0.43529412 0.30588236 0.22745098 0.23137255 0.21960784 0.21568628 0.21568628 0.21176471 0.20784314 0.20392157
0.22352941 0.21960784 0.21960784 0.21568628 0.21960784 0.23137255 0.21960784 0.3137255 0.60784316 0.5647059 0.43529412 0.5372549 0.3137255 0.22745098 0.23529412 0.24705882 0.2901961 0.34901962 0.32941177 0.32941177 0.36862746 0.32941177 0.27058825 0.22745098 0.22352941 0.22745098 0.21960784 0.21568628 0.21568628 0.21176471 0.20784314 0.20392157
0.22352941 0.21960784 0.21960784 0.21960784 0.21960784 0.22745098 0.22745098 0.24313726 0.47843137 0.5411765 0.4117647 0.5294118 0.26666668 0.23921569 0.24705882 0.24313726 0.23921569 0.23137255 0.23137255 0.22745098 0.22745098 0.22745098 0.22352941 0.22352941 0.22745098 0.21960784 0.21568628 0.21568628 0.21568628 0.21176471 0.20392157 0.20392157
0.22352941 0.21960784 0.21960784 0.22352941 0.22352941 0.22352941 0.22745098 0.22745098 0.28235295 0.42745098 0.40392157 0.32156864 0.23137255 0.23921569 0.23529412 0.23529412 0.23921569 0.24313726 0.24313726 0.24313726 0.23921569 0.23529412 0.22745098 0.22352941 0.22352941 0.21960784 0.21568628 0.21568628 0.21568628 0.21176471 0.20784314 0.20392157
0.22352941 0.21960784 0.21960784 0.22352941 0.22352941 0.22352941 0.22745098 0.23137255 0.22745098 0.24313726 0.23921569 0.22352941 0.23529412 0.23137255 0.23529412 0.23529412 0.23137255 0.23137255 0.23137255 0.23137255 0.23137255 0.23137255 0.22745098 0.22352941 0.22352941 0.21960784 0.21568628 0.21568628 0.21568628 0.21176471 0.20784314 0.20392157
0.22352941 0.21960784 0.21960784 0.21960784 0.22352941 0.22352941 0.22745098 0.23137255 0.23529412 0.23137255 0.22745098 0.23529412 0.23529412 0.23529412 0.23529412 0.23529412 0.23529412 0.23137255 0.23137255 0.22745098 0.22745098 0.22745098 0.22745098 0.22352941 0.22352941 0.21960784 0.21568628 0.21176471 0.21176471 0.21176471 0.20784314 0.20392157
0.22352941 0.21960784 0.21960784 0.21960784 0.21960784 0.21960784 0.22352941 0.22745098 0.22745098 0.23137255 0.23137255 0.23529412 0.23529412 0.23529412 0.23529412 0.23529412 0.23529412 0.23137255 0.22745098 0.22352941 0.22352941 0.22352941 0.22352941 0.22352941 0.22352941 0.21960784 0.21176471 0.21176471 0.20784314 0.20784314 0.20784314 0.20784314
0.22352941 0.21960784 0.21960784 0.21960784 0.21960784 0.21960784 0.22352941 0.22745098 0.22745098 0.22745098 0.22745098 0.22745098 0.23137255 0.23137255 0.23137255 0.23137255 0.22745098 0.22745098 0.22352941 0.22352941 0.22352941 0.22352941 0.21960784 0.21960784 0.21960784 0.21568628 0.21176471 0.21176471 0.20392157 0.20392157 0.20392157 0.20784314
0.22352941 0.21960784 0.21960784 0.21960784 0.21960784 0.21960784 0.22352941 0.22745098 0.22745098 0.22745098 0.22352941 0.22352941 0.22745098 0.22745098 0.22745098 0.22745098 0.22745098 0.22352941 0.22352941 0.22352941 0.22352941 0.22352941 0.21960784 0.21568628 0.21568628 0.21568628 0.21176471 0.21176471 0.20392157 0.2 0.2 0.20784314
0.21960784 0.21568628 0.21960784 0.21960784 0.21960784 0.21960784 0.21960784 0.21960784 0.22352941 0.22352941 0.21960784 0.22352941 0.22745098 0.22745098 0.22745098 0.22352941 0.22352941 0.22352941 0.22352941 0.22352941 0.21960784 0.21960784 0.21568628 0.21176471 0.21568628 0.21568628 0.21176471 0.20392157 0.2 0.2 0.2 0.20392157
0.4 0.39607844 0.39607844 0.40392157 0.39607844 0.41960785 0.4117647 0.40784314 0.40784314 0.4117647 0.41568628 0.41568628 0.41568628 0.41568628 0.41568628 0.41568628 0.41960785 0.41960785 0.41960785 0.41960785 0.41960785 0.41960785 0.41568628 0.4117647 0.41568628 0.41960785 0.41960785 0.4117647 0.40392157 0.40392157 0.40392157 0.40392157
0.40392157 0.4 0.4 0.40784314 0.38431373 0.29803923 0.32941177 0.40784314 0.41960785 0.41960785 0.41960785 0.41960785 0.41960785 0.41960785 0.42352942 0.42352942 0.42745098 0.42745098 0.42745098 0.42745098 0.42745098 0.42745098 0.42352942 0.41960785 0.42352942 0.42352942 0.41960785 0.41568628 0.40784314 0.40784314 0.40784314 0.40784314
0.40784314 0.4 0.4 0.40392157 0.38039216 0.18431373 0.20392157 0.36078432 0.42352942 0.41960785 0.41960785 0.41960785 0.42352942 0.42352942 0.42352942 0.42352942 0.42745098 0.42745098 0.42745098 0.42745098 0.42352942 0.42352942 0.42352942 0.42352942 0.42352942 0.42352942 0.41960785 0.41568628 0.40784314 0.40784314 0.40784314 0.40784314
0.40784314 0.4 0.4 0.40784314 0.4 0.32156864 0.31764707 0.32941177 0.39607844 0.41960785 0.41960785 0.42352942 0.42745098 0.42745098 0.42745098 0.42745098 0.43137255 0.43137255 0.42745098 0.42745098 0.42352942 0.41960785 0.42352942 0.42352942 0.42352942 0.42352942 0.41960785 0.41568628 0.40784314 0.40784314 0.40784314 0.40784314
0.40784314 0.4 0.4 0.40784314 0.40784314 0.47058824 0.42745098 0.36078432 0.37254903 0.41568628 0.42745098 0.42745098 0.42745098 0.42745098 0.43137255 0.43137255 0.43529412 0.43529412 0.43137255 0.42745098 0.42745098 0.42745098 0.42352942 0.42352942 0.42352942 0.42352942 0.41960785 0.41568628 0.40784314 0.40784314 0.40784314 0.40784314
0.40784314 0.4 0.40392157 0.40784314 0.4117647 0.5294118 0.49019608 0.39215687 0.37254903 0.41568628 0.43137255 0.42745098 0.42745098 0.42745098 0.43137255 0.43529412 0.4392157 0.4392157 0.43529412 0.43137255 0.43137255 0.43137255 0.42745098 0.42352942 0.42352942 0.42352942 0.42352942 0.41568628 0.4117647 0.40784314 0.4117647 0.4117647
0.40784314 0.40392157 0.40392157 0.4117647 0.4117647 0.49803922 0.50980395 0.43529412 0.39607844 0.40784314 0.42745098 0.43137255 0.43137255 0.43137255 0.43529412 0.43529412 0.44313726 0.44313726 0.4392157 0.43529412 0.43529412 0.43529412 0.43137255 0.42745098 0.42352942 0.42352942 0.42352942 0.41960785 0.4117647 0.4117647 0.4117647 0.4117647
0.40784314 0.40392157 0.40392157 0.4117647 0.4117647 0.4627451 0.5137255 0.44313726 0.40784314 0.39607844 0.4 0.43137255 0.43529412 0.43529412 0.4392157 0.4392157 0.44313726 0.44313726 0.44313726 0.4392157 0.43529412 0.43529412 0.43529412 0.43137255 0.42352942 0.42352942 0.42352942 0.41960785 0.4117647 0.4117647 0.4117647 0.4117647
0.4117647 0.40784314 0.40784314 0.4117647 0.41568628 0.43529412 0.5254902 0.4392157 0.36862746 0.3764706 0.37254903 0.42745098 0.44313726 0.4392157 0.44313726 0.44313726 0.44313726 0.4392157 0.44313726 0.44313726 0.4392157 0.43529412 0.43137255 0.43137255 0.42745098 0.42352942 0.42352942 0.42352942 0.41568628 0.4117647 0.4117647 0.4117647
0.41568628 0.4117647 0.4117647 0.41568628 0.41568628 0.41568628 0.45882353 0.49411765 0.3882353 0.36078432 0.36078432 0.40392157 0.44705883 0.4392157 0.44313726 0.44705883 0.44313726 0.4392157 0.4392157 0.44313726 0.4392157 0.43529412 0.43137255 0.42745098 0.42745098 0.42352942 0.42352942 0.42352942 0.41960785 0.4117647 0.4117647 0.4117647
0.41568628 0.4117647 0.4117647 0.41568628 0.41568628 0.41568628 0.42745098 0.5372549 0.44705883 0.36078432 0.36862746 0.3764706 0.43529412 0.4392157 0.4509804 0.4509804 0.44705883 0.44313726 0.44313726 0.44313726 0.44313726 0.4392157 0.43137255 0.42745098 0.42745098 0.42352942 0.42352942 0.42352942 0.41960785 0.4117647 0.4117647 0.4117647
0.41568628 0.4117647 0.4117647 0.41568628 0.41960785 0.42352942 0.42352942 0.50980395 0.4862745 0.3647059 0.3764706 0.35686275 0.4117647 0.4509804 0.4509804 0.4509804 0.4509804 0.44705883 0.4392157 0.44313726 0.44705883 0.44313726 0.43529412 0.42745098 0.42745098 0.42745098 0.42352942 0.42352942 0.41960785 0.4117647 0.4117647 0.4117647
0.41568628 0.41568628 0.41568628 0.41568628 0.42352942 0.42745098 0.41960785 0.4745098 0.5372549 0.38431373 0.3764706 0.35686275 0.39215687 0.4509804 0.4509804 0.45490196 0.45882353 0.4509804 0.44705883 0.44313726 0.44313726 0.4392157 0.43529412 0.43137255 0.43137255 0.42745098 0.42352942 0.41960785 0.41960785 0.41568628 0.4117647 0.40784314
0.41568628 0.41568628 0.41568628 0.41960785 0.42352942 0.42745098 0.42352942 0.4392157 0.54509807 0.43137255 0.36862746 0.36862746 0.3647059 0.43529412 0.45490196 0.4509804 0.4392157 0.4392157 0.4392157 0.4392157 0.4392157 0.4392157 0.43529412 0.43529412 0.43137255 0.42745098 0.42352942 0.41960785 0.41960785 0.41568628 0.40784314 0.40784314
0.41568628 0.41568628 0.41568628 0.41960785 0.42352942 0.42745098 0.42745098 0.42352942 0.50980395 0.49019608 0.34901962 0.36862746 0.36078432 0.4117647 0.46666667 0.45490196 0.5294118 0.5764706 0.49019608 0.4509804 0.44705883 0.4392157 0.4392157 0.43529412 0.43137255 0.42745098 0.42352942 0.41960785 0.41960785 0.41568628 0.4117647 0.40784314
0.41568628 0.41568628 0.41960785 0.41960785 0.42352942 0.42745098 0.43137255 0.43137255 0.45882353 0.5176471 0.3764706 0.34509805 0.35686275 0.39215687 0.6313726 0.73333335 0.7647059 0.6901961 0.57254905 0.4745098 0.44313726 0.44313726 0.4392157 0.43529412 0.43137255 0.42745098 0.42352942 0.41960785 0.41960785 0.41960785 0.4117647 0.40784314
0.41568628 0.41568628 0.41960785 0.41960785 0.42352942 0.42745098 0.43137255 0.4392157 0.4392157 0.5176471 0.4745098 0.31764707 0.3529412 0.39215687 0.7176471 0.8039216 0.59607846 0.4627451 0.46666667 0.44705883 0.44313726 0.44313726 0.4392157 0.43529412 0.43137255 0.42745098 0.42352942 0.41960785 0.41960785 0.41960785 0.4117647 0.40784314
0.41568628 0.41568628 0.41960785 0.41960785 0.42352942 0.42745098 0.43137255 0.4392157 0.43137255 0.47843137 0.5529412 0.3372549 0.3647059 0.42352942 0.54509807 0.48235294 0.4117647 0.45882353 0.45882353 0.4509804 0.4392157 0.4392157 0.44313726 0.43137255 0.43137255 0.42745098 0.42352942 0.41960785 0.41960785 0.41960785 0.4117647 0.40784314
0.41960785 0.41568628 0.41568628 0.41960785 0.42352942 0.42745098 0.43137255 0.43529412 0.43529412 0.43137255 0.5176471 0.4509804 0.4 0.41568628 0.4 0.3882353 0.39215687 0.43137255 0.45490196 0.4627451 0.4627451 0.44705883 0.4392157 0.43137255 0.43137255 0.42745098 0.42352942 0.42352942 0.42352942 0.41960785 0.4117647 0.40784314
0.41960785 0.41568628 0.41568628 0.41960785 0.42352942 0.42745098 0.43137255 0.43529412 0.47058824 0.5058824 0.57254905 0.47843137 0.3882353 0.38039216 0.36862746 0.38431373 0.39607844 0.38431373 0.38431373 0.41568628 0.44705883 0.45490196 0.45490196 0.4392157 0.43529412 0.43137255 0.42352942 0.42352942 0.42352942 0.41568628 0.4117647 0.40784314
0.41960785 0.41568628 0.41568628 0.41960785 0.42352942 0.43137255 0.42745098 0.49019608 0.63529414 0.65882355 0.5764706 0.39607844 0.36862746 0.40392157 0.4117647 0.3764706 0.3764706 0.38039216 0.3882353 0.39215687 0.42352942 0.44705883 0.4509804 0.44313726 0.42745098 0.42745098 0.42352942 0.42352942 0.42352942 0.41568628 0.4117647 0.40784314
0.41960785 0.41568628 0.41568628 0.41960785 0.42352942 0.42745098 0.42352942 0.5568628 0.70980394 0.654902 0.5019608 0.3647059 0.36862746 0.4862745 0.59607846 0.5294118 0.4509804 0.41568628 0.43529412 0.4509804 0.5176471 0.5176471 0.4627451 0.4392157 0.3764706 0.4 0.42352942 0.41960785 0.41960785 0.41568628 0.4117647 0.40784314
0.41960785 0.41568628 0.41568628 0.41960785 0.42352942 0.42745098 0.41960785 0.5254902 0.6901961 0.627451 0.52156866 0.45882353 0.4509804 0.44705883 0.5019608 0.5686275 0.60784316 0.5921569 0.5921569 0.5647059 0.5882353 0.5803922 0.5176471 0.41960785 0.3764706 0.41568628 0.42352942 0.41960785 0.41960785 0.41568628 0.4117647 0.40784314
0.41960785 0.41568628 0.41568628 0.41960785 0.42352942 0.42745098 0.41960785 0.47843137 0.6666667 0.5764706 0.4392157 0.5686275 0.49411765 0.43137255 0.4392157 0.4509804 0.47058824 0.5058824 0.5058824 0.49803922 0.5176471 0.49019608 0.45882353 0.43137255 0.42745098 0.42745098 0.42352942 0.41960785 0.41960785 0.41568628 0.4117647 0.40784314
0.41960785 0.41568628 0.41568628 0.41960785 0.41960785 0.42352942 0.42352942 0.43137255 0.5803922 0.5529412 0.41568628 0.6039216 0.45490196 0.43529412 0.44313726 0.44313726 0.44313726 0.43529412 0.4392157 0.4392157 0.43529412 0.43137255 0.43137255 0.42745098 0.42745098 0.42745098 0.41960785 0.41960785 0.41960785 0.41568628 0.40784314 0.40784314
0.41960785 0.41568628 0.41568628 0.41960785 0.41960785 0.41960785 0.42352942 0.42352942 0.4509804 0.54509807 0.5058824 0.49803922 0.43529412 0.44313726 0.4392157 0.4392157 0.44313726 0.44313726 0.44313726 0.44313726 0.44313726 0.4392157 0.43137255 0.42745098 0.42745098 0.42352942 0.41960785 0.41960785 0.41960785 0.41568628 0.4117647 0.40784314
0.41960785 0.41568628 0.41568628 0.41960785 0.41960785 0.41960785 0.42352942 0.42745098 0.42352942 0.4392157 0.44705883 0.43137255 0.43529412 0.4392157 0.4392157 0.4392157 0.43529412 0.43529412 0.43529412 0.43529412 0.43529412 0.43529412 0.43137255 0.42745098 0.42745098 0.42352942 0.41960785 0.41960785 0.41960785 0.41568628 0.4117647 0.40784314
0.41960785 0.41568628 0.41568628 0.41568628 0.41960785 0.41960785 0.42352942 0.42352942 0.42352942 0.42352942 0.43137255 0.42745098 0.43529412 0.43529412 0.43529412 0.4392157 0.43529412 0.43529412 0.43529412 0.43137255 0.43137255 0.43137255 0.43137255 0.42745098 0.42745098 0.42352942 0.41960785 0.41568628 0.41568628 0.41568628 0.4117647 0.40784314
0.41960785 0.41568628 0.41568628 0.41568628 0.41568628 0.41568628 0.41960785 0.42352942 0.42352942 0.42352942 0.42745098 0.42745098 0.43137255 0.43137255 0.43137255 0.43529412 0.43529412 0.43529412 0.43137255 0.42745098 0.42745098 0.42745098 0.42745098 0.42745098 0.42745098 0.42352942 0.41568628 0.41568628 0.4117647 0.4117647 0.4117647 0.40392157
0.41960785 0.41568628 0.41568628 0.41568628 0.41568628 0.41568628 0.41960785 0.42352942 0.42352942 0.42352942 0.42352942 0.42352942 0.42745098 0.42745098 0.42745098 0.42745098 0.43137255 0.43137255 0.42745098 0.42745098 0.42745098 0.42745098 0.42745098 0.42352942 0.42352942 0.41960785 0.41568628 0.41568628 0.40784314 0.40784314 0.40784314 0.40392157
0.41960785 0.41568628 0.41568628 0.41568628 0.41568628 0.41568628 0.41960785 0.42352942 0.42352942 0.42352942 0.41960785 0.42352942 0.42745098 0.42745098 0.42352942 0.42352942 0.42745098 0.42745098 0.42745098 0.42745098 0.42352942 0.42352942 0.42352942 0.41960785 0.41960785 0.41568628 0.41568628 0.41568628 0.40784314 0.40392157 0.40392157 0.40392157
0.41568628 0.4117647 0.4117647 0.4117647 0.4117647 0.4117647 0.4117647 0.41568628 0.41568628 0.41568628 0.41568628 0.41568628 0.42352942 0.42352942 0.41960785 0.41960785 0.41960785 0.41960785 0.41960785 0.41960785 0.41568628 0.4117647 0.41568628 0.41568628 0.41568628 0.4117647 0.4117647 0.40392157 0.40392157 0.4 0.4 0.4
0.5921569 0.58431375 0.5882353 0.59607846 0.56078434 0.54509807 0.59607846 0.5921569 0.59607846 0.6 0.6117647 0.6117647 0.6117647 0.6117647 0.60784316 0.60784316 0.6117647 0.6117647 0.6117647 0.6117647 0.6039216 0.6 0.6 0.59607846 0.59607846 0.6 0.6 0.5921569 0.5882353 0.5882353 0.5882353 0.5882353
0.6 0.5921569 0.5921569 0.60784316 0.5568628 0.3882353 0.4627451 0.59607846 0.60784316 0.60784316 0.6156863 0.6156863 0.6156863 0.6156863 0.61960787 0.61960787 0.62352943 0.62352943 0.62352943 0.62352943 0.6156863 0.6117647 0.60784316 0.6039216 0.60784316 0.60784316 0.6039216 0.6 0.5921569 0.5921569 0.5921569 0.5921569
0.6039216 0.5921569 0.5921569 0.6039216 0.56078434 0.28627452 0.27058825 0.5137255 0.6117647 0.6039216 0.6156863 0.6156863 0.61960787 0.61960787 0.61960787 0.61960787 0.62352943 0.62352943 0.62352943 0.62352943 0.61960787 0.6156863 0.6117647 0.60784316 0.60784316 0.60784316 0.6039216 0.6 0.5921569 0.5921569 0.5921569 0.5921569
0.6039216 0.5921569 0.5921569 0.6 0.5764706 0.41960785 0.3529412 0.41568628 0.57254905 0.61960787 0.6156863 0.61960787 0.62352943 0.62352943 0.62352943 0.62352943 0.627451 0.627451 0.62352943 0.62352943 0.61960787 0.61960787 0.6117647 0.60784316 0.60784316 0.60784316 0.6039216 0.6 0.5921569 0.5921569 0.5921569 0.5921569
0.6039216 0.5921569 0.5921569 0.59607846 0.6039216 0.5686275 0.4627451 0.39215687 0.4745098 0.6117647 0.62352943 0.61960787 0.62352943 0.62352943 0.627451 0.627451 0.6313726 0.6313726 0.627451 0.62352943 0.62352943 0.62352943 0.6156863 0.60784316 0.60784316 0.60784316 0.6039216 0.6 0.5921569 0.5921569 0.5921569 0.5921569
0.6039216 0.5921569 0.59607846 0.59607846 0.60784316 0.6392157 0.5372549 0.41960785 0.4 0.5372549 0.61960787 0.627451 0.62352943 0.62352943 0.627451 0.6313726 0.63529414 0.63529414 0.6313726 0.627451 0.627451 0.627451 0.62352943 0.6156863 0.6117647 0.60784316 0.60784316 0.6 0.59607846 0.5921569 0.59607846 0.59607846
0.6039216 0.59607846 0.59607846 0.6 0.6039216 0.627451 0.5647059 0.47058824 0.42352942 0.45490196 0.5764706 0.63529414 0.62352943 0.627451 0.6313726 0.6313726 0.6392157 0.6392157 0.63529414 0.6313726 0.6313726 0.6313726 0.627451 0.62352943 0.6156863 0.60784316 0.60784316 0.6039216 0.59607846 0.59607846 0.59607846 0.59607846
0.6039216 0.59607846 0.59607846 0.6 0.6039216 0.6156863 0.58431375 0.49019608 0.44705883 0.41568628 0.47843137 0.61960787 0.6313726 0.6313726 0.63529414 0.63529414 0.6392157 0.6392157 0.6392157 0.63529414 0.6313726 0.6313726 0.6313726 0.627451 0.6156863 0.60784316 0.60784316 0.6039216 0.59607846 0.59607846 0.59607846 0.59607846
0.6039216 0.6 0.6 0.6 0.6039216 0.61960787 0.63529414 0.49803922 0.41568628 0.4 0.40392157 0.56078434 0.6313726 0.6313726 0.6392157 0.6392157 0.6392157 0.63529414 0.6392157 0.6392157 0.63529414 0.6313726 0.627451 0.627451 0.61960787 0.6117647 0.6117647 0.60784316 0.6 0.59607846 0.59607846 0.59607846
0.6117647 0.6039216 0.6039216 0.60784316 0.60784316 0.6117647 0.627451 0.5803922 0.43529412 0.39607844 0.3764706 0.46666667 0.627451 0.63529414 0.6392157 0.6431373 0.6392157 0.63529414 0.63529414 0.6392157 0.63529414 0.6313726 0.627451 0.62352943 0.62352943 0.61960787 0.6156863 0.60784316 0.6039216 0.59607846 0.59607846 0.59607846
0.6117647 0.6039216 0.6039216 0.60784316 0.60784316 0.60784316 0.61960787 0.6431373 0.49803922 0.39215687 0.3764706 0.4 0.6 0.6431373 0.6431373 0.64705884 0.6431373 0.63529414 0.6392157 0.6392157 0.6392157 0.63529414 0.627451 0.62352943 0.62352943 0.61960787 0.6156863 0.60784316 0.6039216 0.59607846 0.59607846 0.59607846
0.6117647 0.60784316 0.60784316 0.60784316 0.6117647 0.6117647 0.62352943 0.6509804 0.5372549 0.39607844 0.4 0.3764706 0.5176471 0.6392157 0.6431373 0.64705884 0.6509804 0.6509804 0.6392157 0.6392157 0.6431373 0.6392157 0.6313726 0.62352943 0.62352943 0.62352943 0.6156863 0.6117647 0.6039216 0.59607846 0.59607846 0.59607846
0.6117647 0.6117647 0.6156863 0.6156863 0.61960787 0.62352943 0.61960787 0.6509804 0.60784316 0.41568628 0.4 0.3764706 0.44705883 0.6156863 0.64705884 0.6509804 0.654902 0.6509804 0.6392157 0.6392157 0.6392157 0.63529414 0.6313726 0.627451 0.627451 0.62352943 0.61960787 0.6156863 0.6117647 0.6 0.59607846 0.59607846
0.6117647 0.6117647 0.6156863 0.6156863 0.61960787 0.62352943 0.62352943 0.6313726 0.6627451 0.4627451 0.3882353 0.39215687 0.38039216 0.5568628 0.654902 0.6509804 0.6392157 0.63529414 0.6392157 0.6392157 0.63529414 0.63529414 0.6313726 0.6313726 0.627451 0.62352943 0.61960787 0.6156863 0.6117647 0.6 0.59607846 0.59607846
0.6117647 0.6117647 0.6156863 0.6156863 0.61960787 0.62352943 0.62352943 0.61960787 0.6509804 0.54509807 0.38039216 0.39215687 0.3764706 0.47843137 0.6392157 0.64705884 0.69411767 0.72156864 0.67058825 0.63529414 0.6392157 0.63529414 0.63529414 0.6313726 0.627451 0.62352943 0.61960787 0.6156863 0.6117647 0.6 0.59607846 0.59607846
0.6117647 0.6117647 0.6156863 0.6156863 0.61960787 0.62352943 0.627451 0.627451 0.63529414 0.60784316 0.40784314 0.3764706 0.38431373 0.41960785 0.6901961 0.8156863 0.80784315 0.7176471 0.60784316 0.59607846 0.64705884 0.6392157 0.63529414 0.6313726 0.627451 0.62352943 0.61960787 0.6156863 0.6156863 0.6039216 0.59607846 0.59607846
0.60784316 0.60784316 0.6156863 0.6156863 0.61960787 0.62352943 0.627451 0.6313726 0.6392157 0.65882355 0.5137255 0.3529412 0.3764706 0.41568628 0.7254902 0.79607844 0.6156863 0.54901963 0.58431375 0.6156863 0.6509804 0.6392157 0.6392157 0.6313726 0.627451 0.62352943 0.61960787 0.6156863 0.6156863 0.6039216 0.6 0.59607846
0.6117647 0.6117647 0.6156863 0.6156863 0.61960787 0.62352943 0.627451 0.6313726 0.627451 0.65882355 0.63529414 0.36862746 0.3882353 0.4509804 0.5686275 0.49019608 0.45490196 0.6 0.6666667 0.654902 0.63529414 0.63529414 0.6392157 0.627451 0.627451 0.62352943 0.61960787 0.6156863 0.6156863 0.6039216 0.6 0.59607846
0.6156863 0.6117647 0.6156863 0.6156863 0.61960787 0.62352943 0.627451 0.6313726 0.627451 0.62352943 0.6392157 0.47843137 0.42352942 0.4392157 0.41568628 0.39607844 0.4117647 0.4745098 0.5372549 0.6039216 0.63529414 0.6313726 0.627451 0.62352943 0.62352943 0.62352943 0.61960787 0.6117647 0.6117647 0.6039216 0.6 0.59607846
0.6156863 0.6117647 0.6156863 0.6156863 0.61960787 0.62352943 0.627451 0.6313726 0.6392157 0.6509804 0.67058825 0.5137255 0.4117647 0.40784314 0.39215687 0.40392157 0.4117647 0.4 0.41568628 0.45882353 0.5137255 0.5647059 0.6156863 0.627451 0.627451 0.627451 0.61960787 0.6117647 0.6117647 0.6039216 0.6 0.59607846
0.6156863 0.6117647 0.6156863 0.6156863 0.61960787 0.627451 0.627451 0.654902 0.72156864 0.7058824 0.57254905 0.38431373 0.3882353 0.42745098 0.44313726 0.40784314 0.4 0.40784314 0.41568628 0.42352942 0.44705883 0.4862745 0.5254902 0.5686275 0.6039216 0.62352943 0.61960787 0.6117647 0.6117647 0.6039216 0.6 0.59607846
0.6156863 0.60784316 0.6117647 0.6117647 0.61960787 0.62352943 0.61960787 0.6862745 0.74509805 0.6666667 0.46666667 0.34901962 0.42352942 0.5921569 0.65882355 0.56078434 0.47843137 0.4509804 0.45882353 0.47843137 0.54509807 0.54509807 0.47843137 0.47843137 0.48235294 0.5803922 0.627451 0.60784316 0.60784316 0.6039216 0.6 0.59607846
0.6156863 0.60784316 0.60784316 0.6117647 0.61960787 0.61960787 0.6156863 0.6745098 0.74509805 0.6392157 0.5019608 0.46666667 0.5882353 0.6431373 0.654902 0.6862745 0.7019608 0.6627451 0.65882355 0.6117647 0.627451 0.6392157 0.59607846 0.5294118 0.5372549 0.6 0.6117647 0.60784316 0.60784316 0.6039216 0.6 0.59607846
0.6156863 0.60784316 0.60784316 0.6117647 0.61960787 0.62352943 0.6156863 0.6509804 0.7372549 0.58431375 0.43529412 0.59607846 0.6509804 0.61960787 0.6313726 0.6392157 0.6509804 0.67058825 0.67058825 0.654902 0.6627451 0.654902 0.6313726 0.6156863 0.6313726 0.62352943 0.6117647 0.60784316 0.60784316 0.6039216 0.6 0.59607846
0.6156863 0.60784316 0.60784316 0.6117647 0.6156863 0.61960787 0.6156863 0.62352943 0.69803923 0.5803922 0.42745098 0.67058825 0.64705884 0.6313726 0.6313726 0.63529414 0.63529414 0.6313726 0.63529414 0.63529414 0.63529414 0.6313726 0.6313726 0.627451 0.61960787 0.62352943 0.61960787 0.6117647 0.6117647 0.6039216 0.59607846 0.59607846
0.6156863 0.60784316 0.60784316 0.6117647 0.6117647 0.6117647 0.6156863 0.627451 0.627451 0.654902 0.60784316 0.6431373 0.6313726 0.6392157 0.63529414 0.63529414 0.63529414 0.6392157 0.6392157 0.6392157 0.63529414 0.6313726 0.627451 0.62352943 0.62352943 0.61960787 0.6156863 0.6156863 0.6156863 0.6039216 0.6 0.59607846
0.6156863 0.60784316 0.60784316 0.6117647 0.6117647 0.6117647 0.6156863 0.61960787 0.61960787 0.62352943 0.6313726 0.63529414 0.6313726 0.6313726 0.63529414 0.63529414 0.63529414 0.6313726 0.63529414 0.63529414 0.6313726 0.6313726 0.627451 0.62352943 0.62352943 0.61960787 0.6156863 0.6156863 0.6117647 0.6039216 0.6 0.59607846
0.6156863 0.60784316 0.60784316 0.60784316 0.6117647 0.6117647 0.6156863 0.6156863 0.6156863 0.6117647 0.627451 0.627451 0.627451 0.6313726 0.63529414 0.63529414 0.63529414 0.6313726 0.6313726 0.627451 0.627451 0.627451 0.627451 0.62352943 0.62352943 0.61960787 0.6156863 0.6117647 0.6117647 0.6039216 0.6 0.59607846
0.6156863 0.60784316 0.60784316 0.60784316 0.60784316 0.60784316 0.6117647 0.61960787 0.62352943 0.62352943 0.627451 0.627451 0.627451 0.627451 0.6313726 0.6313726 0.6313726 0.6313726 0.627451 0.62352943 0.62352943 0.62352943 0.62352943 0.62352943 0.62352943 0.61960787 0.6117647 0.6117647 0.60784316 0.6 0.6 0.59607846
0.6156863 0.60784316 0.60784316 0.60784316 0.60784316 0.60784316 0.6117647 0.61960787 0.62352943 0.62352943 0.627451 0.62352943 0.61960787 0.61960787 0.627451 0.627451 0.627451 0.627451 0.627451 0.62352943 0.62352943 0.62352943 0.62352943 0.61960787 0.61960787 0.6156863 0.6117647 0.6117647 0.6039216 0.59607846 0.59607846 0.59607846
0.6156863 0.60784316 0.6117647 0.60784316 0.60784316 0.60784316 0.6117647 0.61960787 0.62352943 0.62352943 0.61960787 0.61960787 0.61960787 0.61960787 0.62352943 0.62352943 0.62352943 0.62352943 0.62352943 0.62352943 0.62352943 0.62352943 0.61960787 0.6156863 0.6156863 0.6117647 0.6117647 0.6117647 0.6 0.5921569 0.5921569 0.59607846
0.60784316 0.60784316 0.6117647 0.6039216 0.6039216 0.60784316 0.6117647 0.6117647 0.6156863 0.6156863 0.6156863 0.6156863 0.61960787 0.61960787 0.61960787 0.61960787 0.61960787 0.61960787 0.61960787 0.61960787 0.6156863 0.6117647 0.6117647 0.6117647 0.6117647 0.6117647 0.60784316 0.6 0.59607846 0.5882353 0.5882353 0.5882353
10 17 0
