32, 32, 3, 1
0.7882353 0.8 0.8 0.7764706 0.7921569 0.8392157 0.84705883 0.8117647 0.7882353 0.79607844 0.84313726 0.84705883 0.7882353 0.8039216 0.8039216 0.83137256 0.8392157 0.8117647 0.7607843 0.7490196 0.76862746 0.7882353 0.74509805 0.6862745 0.6862745 0.7137255 0.7294118 0.7058824 0.6431373 0.6392157 0.6862745 0.6901961
0.7882353 0.7921569 0.8 0.78431374 0.78039217 0.7882353 0.7921569 0.78431374 0.78431374 0.78039217 0.8156863 0.7607843 0.7137255 0.8117647 0.79607844 0.78431374 0.7921569 0.7921569 0.7607843 0.73333335 0.72156864 0.70980394 0.7058824 0.69803923 0.6901961 0.68235296 0.67058825 0.6666667 0.65882355 0.6431373 0.63529414 0.62352943
0.8117647 0.79607844 0.81960785 0.8352941 0.8235294 0.76862746 0.74509805 0.78039217 0.8117647 0.81960785 0.8235294 0.7607843 0.72156864 0.8352941 0.8117647 0.7411765 0.7254902 0.75686276 0.7607843 0.7411765 0.69411767 0.63529414 0.6784314 0.7137255 0.7058824 0.6784314 0.6431373 0.6509804 0.6745098 0.6627451 0.6156863 0.5921569
0.8039216 0.80784315 0.8235294 0.83137256 0.81960785 0.7882353 0.78431374 0.8117647 0.8352941 0.8392157 0.8392157 0.8039216 0.60784316 0.6784314 0.7607843 0.7019608 0.6862745 0.6901961 0.6313726 0.627451 0.6313726 0.6117647 0.63529414 0.65882355 0.65882355 0.67058825 0.6862745 0.6745098 0.654902 0.7176471 0.75686276 0.6862745
0.8235294 0.84313726 0.8156863 0.7647059 0.7411765 0.77254903 0.7921569 0.7764706 0.7490196 0.7411765 0.8039216 0.7882353 0.5019608 0.5176471 0.61960787 0.6784314 0.64705884 0.6039216 0.50980395 0.5254902 0.6039216 0.6039216 0.58431375 0.5921569 0.62352943 0.7019608 0.73333335 0.6313726 0.44705883 0.38431373 0.50980395 0.6627451
0.84705883 0.8352941 0.78431374 0.7137255 0.6901961 0.7490196 0.78039217 0.75686276 0.7294118 0.7411765 0.8156863 0.73333335 0.40392157 0.4862745 0.56078434 0.5921569 0.6117647 0.5686275 0.5254902 0.5686275 0.6431373 0.6313726 0.6117647 0.64705884 0.72156864 0.7764706 0.6784314 0.54901963 0.37254903 0.3372549 0.3647059 0.5176471
0.7529412 0.7137255 0.7137255 0.7254902 0.7176471 0.6509804 0.57254905 0.5411765 0.6117647 0.7294118 0.78039217 0.7254902 0.45490196 0.30980393 0.36862746 0.39215687 0.5764706 0.68235296 0.6431373 0.6745098 0.6862745 0.627451 0.6509804 0.7294118 0.7372549 0.73333335 0.5803922 0.5372549 0.5647059 0.53333336 0.34509805 0.4509804
0.6392157 0.61960787 0.65882355 0.69803923 0.6666667 0.5176471 0.34901962 0.28627452 0.39607844 0.54509807 0.6 0.60784316 0.6901961 0.5764706 0.5529412 0.6784314 0.77254903 0.85882354 0.84313726 0.8117647 0.77254903 0.6901961 0.7058824 0.7019608 0.44313726 0.37254903 0.40784314 0.50980395 0.6862745 0.4745098 0.22352941 0.49803922
0.6666667 0.6862745 0.69411767 0.65882355 0.58431375 0.53333336 0.4745098 0.45882353 0.4862745 0.5372549 0.6039216 0.67058825 0.75686276 0.76862746 0.72156864 0.7019608 0.65882355 0.6745098 0.7411765 0.7254902 0.7294118 0.64705884 0.6627451 0.627451 0.39215687 0.22352941 0.14509805 0.3254902 0.5176471 0.41960785 0.34117648 0.56078434
0.7254902 0.74509805 0.7372549 0.6862745 0.6156863 0.5764706 0.5372549 0.5137255 0.5058824 0.5254902 0.6901961 0.7529412 0.58431375 0.5019608 0.49019608 0.46666667 0.4509804 0.4745098 0.5137255 0.5137255 0.60784316 0.53333336 0.40392157 0.43529412 0.3254902 0.16078432 0.07450981 0.09803922 0.15686275 0.29803923 0.47058824 0.48235294
0.6745098 0.67058825 0.6784314 0.68235296 0.654902 0.56078434 0.49803922 0.52156866 0.62352943 0.7529412 0.7490196 0.5372549 0.31764707 0.30588236 0.3019608 0.36862746 0.5529412 0.7647059 0.7254902 0.50980395 0.60784316 0.6392157 0.5254902 0.36078432 0.18431373 0.07058824 0.15686275 0.16078432 0.16862746 0.42745098 0.48235294 0.31764707
0.6039216 0.58431375 0.6 0.62352943 0.6 0.53333336 0.52156866 0.7254902 0.8901961 0.8509804 0.7176471 0.5372549 0.45490196 0.40784314 0.47843137 0.7019608 0.9019608 0.9764706 0.99215686 0.9137255 0.7372549 0.67058825 0.6156863 0.5764706 0.5176471 0.4745098 0.65882355 0.5686275 0.34117648 0.36078432 0.36078432 0.23137255
0.58431375 0.6431373 0.62352943 0.52156866 0.4509804 0.45490196 0.49019608 0.58431375 0.69411767 0.7647059 0.83137256 0.78431374 0.7137255 0.627451 0.67058825 0.7411765 0.7372549 0.75686276 0.8 0.87058824 0.7882353 0.57254905 0.5176471 0.54901963 0.49411765 0.6862745 0.68235296 0.3254902 0.105882354 0.105882354 0.21176471 0.18431373
0.5529412 0.60784316 0.5764706 0.47058824 0.38039216 0.41568628 0.50980395 0.60784316 0.6627451 0.75686276 0.5882353 0.44705883 0.49411765 0.48235294 0.49803922 0.41568628 0.21960784 0.11372549 0.15294118 0.29411766 0.50980395 0.5137255 0.5254902 0.5921569 0.5647059 0.59607846 0.4117647 0.19607843 0.043137256 0.011764706 0.05882353 0.07058824
0.5882353 0.59607846 0.58431375 0.56078434 0.5372549 0.52156866 0.5686275 0.72156864 0.7411765 0.57254905 0.36078432 0.38039216 0.43529412 0.4745098 0.49411765 0.3529412 0.35686275 0.22352941 0.16078432 0.30980393 0.45490196 0.5686275 0.6666667 0.75686276 0.8235294 0.5058824 0.20392157 0.06666667 0.007843138 0.0 0.011764706 0.03529412
0.6784314 0.6745098 0.69411767 0.73333335 0.7607843 0.7490196 0.7607843 0.75686276 0.6784314 0.5529412 0.50980395 0.57254905 0.5411765 0.5372549 0.47058824 0.4627451 0.5058824 0.4627451 0.44313726 0.5254902 0.6392157 0.72156864 0.73333335 0.80784315 0.8509804 0.39215687 0.0627451 0.015686275 0.023529412 0.023529412 0.023529412 0.019607844
0.627451 0.6509804 0.7254902 0.7921569 0.85882354 0.8745098 0.79607844 0.69411767 0.6745098 0.6431373 0.6 0.6313726 0.57254905 0.5137255 0.4627451 0.44313726 0.49019608 0.5686275 0.6313726 0.6627451 0.73333335 0.7490196 0.7490196 0.827451 0.87058824 0.38039216 0.015686275 0.007843138 0.007843138 0.015686275 0.011764706 0.003921569
0.5686275 0.57254905 0.6901961 0.7490196 0.64705884 0.57254905 0.4862745 0.57254905 0.7294118 0.72156864 0.6392157 0.6313726 0.6039216 0.5921569 0.58431375 0.60784316 0.6313726 0.6039216 0.61960787 0.6784314 0.7176471 0.7058824 0.7058824 0.7882353 0.8745098 0.43529412 0.03137255 0.023529412 0.015686275 0.011764706 0.015686275 0.003921569
0.5411765 0.5568628 0.4862745 0.40784314 0.31764707 0.16862746 0.16862746 0.4627451 0.7176471 0.7294118 0.7019608 0.6509804 0.63529414 0.6392157 0.6156863 0.6039216 0.6117647 0.6 0.62352943 0.6392157 0.63529414 0.64705884 0.6392157 0.7411765 0.8666667 0.49019608 0.09411765 0.03529412 0.011764706 0.007843138 0.019607844 0.023529412
0.5568628 0.60784316 0.34117648 0.019607844 0.03529412 0.12156863 0.32941177 0.5568628 0.7176471 0.76862746 0.7137255 0.6313726 0.5568628 0.5411765 0.5137255 0.52156866 0.54901963 0.5568628 0.58431375 0.5411765 0.5137255 0.5372549 0.6117647 0.76862746 0.8627451 0.5294118 0.12156863 0.019607844 0.019607844 0.047058824 0.11372549 0.19607843
0.44313726 0.42745098 0.28627452 0.20784314 0.14901961 0.12156863 0.25882354 0.34901962 0.33333334 0.27450982 0.40392157 0.50980395 0.4745098 0.4627451 0.5058824 0.52156866 0.5058824 0.4745098 0.47058824 0.5411765 0.6 0.64705884 0.6901961 0.8039216 0.8784314 0.5882353 0.11372549 0.0 0.003921569 0.039215688 0.16862746 0.40784314
0.22745098 0.2509804 0.1254902 0.28627452 0.3647059 0.15686275 0.31764707 0.54509807 0.6 0.57254905 0.5686275 0.5647059 0.5529412 0.48235294 0.38039216 0.3647059 0.3647059 0.44313726 0.5921569 0.67058825 0.72156864 0.7294118 0.7372549 0.7921569 0.8980392 0.8862745 0.49803922 0.14901961 0.1254902 0.16078432 0.21960784 0.39607844
0.050980393 0.06666667 0.03529412 0.12156863 0.26666668 0.3019608 0.57254905 0.85490197 0.9372549 0.94509804 0.9137255 0.91764706 0.92156863 0.7882353 0.45882353 0.30588236 0.30980393 0.42352942 0.59607846 0.6862745 0.7607843 0.7411765 0.69411767 0.78431374 0.92941177 0.9529412 0.88235295 0.63529414 0.45490196 0.4745098 0.49019608 0.4745098
0.003921569 0.019607844 0.06666667 0.09803922 0.16078432 0.45490196 0.8666667 1.0 0.9607843 0.9490196 0.9843137 0.9764706 0.9529412 0.92156863 0.7607843 0.57254905 0.52156866 0.56078434 0.5529412 0.5921569 0.6784314 0.6901961 0.61960787 0.78039217 0.9529412 0.972549 0.9764706 0.92941177 0.7019608 0.6313726 0.6431373 0.5921569
0.03529412 0.07058824 0.13725491 0.12941177 0.25490198 0.70980394 0.95686275 0.95686275 0.9490196 0.9764706 0.9647059 0.94509804 0.9607843 0.92941177 0.827451 0.64705884 0.53333336 0.49411765 0.46666667 0.4862745 0.5647059 0.6431373 0.6039216 0.7490196 0.92941177 0.9843137 0.96862745 0.95686275 0.83137256 0.6784314 0.627451 0.5921569
0.13725491 0.14117648 0.21568628 0.3254902 0.5647059 0.89411765 0.972549 0.9529412 0.98039216 0.96862745 0.9490196 0.96862745 0.99607843 0.9411765 0.827451 0.67058825 0.5529412 0.45490196 0.47843137 0.5019608 0.5803922 0.6 0.6117647 0.77254903 0.9019608 0.9647059 0.9607843 0.9372549 0.8352941 0.5882353 0.42745098 0.3882353
0.20784314 0.15686275 0.3019608 0.5647059 0.8352941 0.9607843 0.93333334 0.9372549 0.99607843 0.9843137 0.9843137 0.9843137 0.98039216 0.92156863 0.80784315 0.7411765 0.6313726 0.52156866 0.5372549 0.5529412 0.5764706 0.57254905 0.59607846 0.7607843 0.9098039 0.9843137 0.9764706 0.9372549 0.8 0.42745098 0.15686275 0.10980392
0.29803923 0.078431375 0.101960786 0.35686275 0.73333335 0.91764706 0.8980392 0.9490196 0.99607843 0.9843137 0.972549 0.95686275 0.9764706 0.93333334 0.7882353 0.73333335 0.67058825 0.5803922 0.54509807 0.52156866 0.5764706 0.5647059 0.60784316 0.7411765 0.8862745 0.9843137 0.98039216 0.9647059 0.85882354 0.40392157 0.03137255 0.019607844
0.2784314 0.05882353 0.03137255 0.29411766 0.81960785 0.9490196 0.9411765 0.9882353 0.98039216 0.9764706 0.9764706 0.9764706 0.98039216 0.9372549 0.81960785 0.7294118 0.7058824 0.6156863 0.5568628 0.5411765 0.56078434 0.5764706 0.627451 0.7372549 0.87058824 0.9607843 0.972549 0.9843137 0.95686275 0.5921569 0.13333334 0.05490196
0.10980392 0.039215688 0.039215688 0.31764707 0.8980392 0.99215686 0.99607843 0.99215686 0.98039216 0.99607843 1.0 0.95686275 0.9529412 0.94509804 0.79607844 0.70980394 0.7058824 0.6156863 0.5647059 0.53333336 0.56078434 0.6 0.6509804 0.7490196 0.8509804 0.9529412 0.9647059 0.9607843 0.972549 0.8627451 0.6117647 0.49019608
0.09019608 0.05882353 0.05882353 0.29411766 0.827451 0.99215686 0.9843137 0.9607843 0.96862745 1.0 0.9490196 0.9372549 0.99215686 0.9607843 0.79607844 0.7176471 0.65882355 0.58431375 0.59607846 0.5529412 0.5764706 0.6039216 0.64705884 0.72156864 0.8235294 0.9254902 0.98039216 0.93333334 0.92941177 0.98039216 0.9137255 0.78039217
0.043137256 0.078431375 0.050980393 0.1882353 0.73333335 0.9882353 0.9529412 0.9607843 0.99607843 0.9882353 0.92941177 0.9647059 1.0 0.95686275 0.8117647 0.69803923 0.5803922 0.5372549 0.5764706 0.5294118 0.56078434 0.6156863 0.627451 0.6901961 0.83137256 0.8745098 0.9529412 0.9647059 0.91764706 0.93333334 0.92941177 0.8117647
0.9607843 0.9764706 0.9764706 0.95686275 0.9647059 0.99607843 1.0 0.972549 0.95686275 0.972549 0.99215686 0.9490196 0.9098039 0.9529412 0.96862745 0.99607843 0.99607843 0.96862745 0.9372549 0.93333334 0.9490196 0.95686275 0.94509804 0.90588236 0.8980392 0.92941177 0.9372549 0.90588236 0.8862745 0.8901961 0.92156863 0.9254902
0.9490196 0.9529412 0.9647059 0.9490196 0.9529412 0.96862745 0.972549 0.9607843 0.95686275 0.9529412 0.9490196 0.8392157 0.7882353 0.91764706 0.9529412 0.9764706 0.98039216 0.9647059 0.9372549 0.92156863 0.9254902 0.9254902 0.92156863 0.9137255 0.9137255 0.90588236 0.8901961 0.8862745 0.8901961 0.8862745 0.88235295 0.87058824
0.9607843 0.94509804 0.96862745 0.9882353 0.9882353 0.9607843 0.9372549 0.9647059 0.9843137 0.98039216 0.9529412 0.81960785 0.7529412 0.8980392 0.95686275 0.94509804 0.93333334 0.94509804 0.9411765 0.92941177 0.92156863 0.8980392 0.90588236 0.92941177 0.9411765 0.90588236 0.8745098 0.8980392 0.90588236 0.9019608 0.8784314 0.85490197
0.98039216 0.95686275 0.972549 0.9882353 0.99215686 0.972549 0.9607843 0.96862745 0.972549 0.98039216 0.9647059 0.8627451 0.63529414 0.72156864 0.8745098 0.8901961 0.8784314 0.89411765 0.89411765 0.8862745 0.88235295 0.88235295 0.8784314 0.89411765 0.92156863 0.93333334 0.9254902 0.90588236 0.90588236 0.92941177 0.9529412 0.93333334
0.9764706 0.9843137 0.9647059 0.9411765 0.9372549 0.9607843 0.9843137 0.96862745 0.9254902 0.92941177 0.9607843 0.85490197 0.5372549 0.5647059 0.72156864 0.85882354 0.8745098 0.8980392 0.88235295 0.85882354 0.8666667 0.85882354 0.85490197 0.8627451 0.88235295 0.92156863 0.89411765 0.7490196 0.5686275 0.44313726 0.56078434 0.84705883
0.96862745 0.98039216 0.9607843 0.9137255 0.89411765 0.91764706 0.95686275 0.9529412 0.9254902 0.92941177 0.9647059 0.8235294 0.4627451 0.5294118 0.63529414 0.7176471 0.8235294 0.8862745 0.8901961 0.88235295 0.88235295 0.8784314 0.89411765 0.90588236 0.90588236 0.87058824 0.6862745 0.5137255 0.32156864 0.25490198 0.3372549 0.6784314
0.92941177 0.92156863 0.92941177 0.92941177 0.9254902 0.9098039 0.85882354 0.84705883 0.9019608 0.9529412 0.9607843 0.89411765 0.57254905 0.37254903 0.40392157 0.43529412 0.64705884 0.83137256 0.8627451 0.8901961 0.89411765 0.89411765 0.9254902 0.91764706 0.8156863 0.7058824 0.4862745 0.42745098 0.4745098 0.44705883 0.34901962 0.65882355
0.8862745 0.87058824 0.9098039 0.9411765 0.93333334 0.8980392 0.78431374 0.7294118 0.8117647 0.8745098 0.8901961 0.8862745 0.85882354 0.6117647 0.50980395 0.62352943 0.69411767 0.7921569 0.83137256 0.827451 0.83137256 0.827451 0.8509804 0.78431374 0.4509804 0.30980393 0.30588236 0.40784314 0.61960787 0.42745098 0.2627451 0.72156864
0.91764706 0.92156863 0.9372549 0.92941177 0.8862745 0.85882354 0.84313726 0.85490197 0.8666667 0.8666667 0.88235295 0.8745098 0.8117647 0.6627451 0.5294118 0.5137255 0.4862745 0.49803922 0.56078434 0.56078434 0.6039216 0.5686275 0.6431373 0.627451 0.3764706 0.18431373 0.09019608 0.25882354 0.4509804 0.4 0.44313726 0.8117647
0.9411765 0.9647059 0.96862745 0.92941177 0.8745098 0.8745098 0.88235295 0.88235295 0.85490197 0.8352941 0.87058824 0.74509805 0.48235294 0.32941177 0.2784314 0.25490198 0.2627451 0.29803923 0.3372549 0.34901962 0.4627451 0.4117647 0.3529412 0.42352942 0.30980393 0.14509805 0.0627451 0.08235294 0.13333334 0.38431373 0.7372549 0.85882354
0.9019608 0.92156863 0.9411765 0.93333334 0.92156863 0.90588236 0.8666667 0.85490197 0.87058824 0.89411765 0.76862746 0.4392157 0.20784314 0.19215687 0.1764706 0.22745098 0.40784314 0.6313726 0.60784316 0.40392157 0.49411765 0.5137255 0.45882353 0.3372549 0.17254902 0.08235294 0.2 0.21960784 0.3019608 0.69411767 0.88235295 0.7882353
0.8627451 0.8666667 0.8980392 0.91764706 0.9019608 0.8627451 0.8156863 0.8901961 0.8901961 0.7058824 0.53333336 0.38431373 0.32941177 0.29803923 0.35686275 0.5529412 0.7647059 0.8901961 0.93333334 0.8509804 0.6509804 0.5647059 0.5529412 0.5647059 0.5254902 0.5019608 0.7411765 0.75686276 0.7176471 0.8117647 0.81960785 0.7294118
0.87058824 0.90588236 0.9098039 0.87058824 0.8509804 0.8392157 0.8 0.7058824 0.6156863 0.6039216 0.70980394 0.68235296 0.5921569 0.48235294 0.5137255 0.5882353 0.6156863 0.69803923 0.7607843 0.7882353 0.67058825 0.47843137 0.4627451 0.5568628 0.5372549 0.7411765 0.8784314 0.75686276 0.6901961 0.68235296 0.7372549 0.7137255
0.88235295 0.9137255 0.9019608 0.84705883 0.7921569 0.8117647 0.8509804 0.7882353 0.65882355 0.69411767 0.5529412 0.39215687 0.40784314 0.3647059 0.37254903 0.29803923 0.14117648 0.09411765 0.14117648 0.22745098 0.3882353 0.4117647 0.44705883 0.54901963 0.6039216 0.75686276 0.76862746 0.7529412 0.6745098 0.61960787 0.627451 0.62352943
0.8862745 0.8862745 0.88235295 0.8784314 0.8627451 0.8392157 0.84705883 0.8666667 0.73333335 0.5411765 0.35686275 0.34117648 0.36078432 0.37254903 0.38039216 0.24705882 0.2627451 0.16862746 0.12941177 0.23137255 0.33333334 0.47843137 0.5921569 0.6901961 0.8627451 0.7882353 0.7176471 0.6901961 0.627451 0.5882353 0.5803922 0.57254905
0.9098039 0.90588236 0.91764706 0.94509804 0.95686275 0.9254902 0.9019608 0.7882353 0.6039216 0.49411765 0.49411765 0.5176471 0.4509804 0.41568628 0.34117648 0.34117648 0.36862746 0.33333334 0.3529412 0.41568628 0.5137255 0.6431373 0.6901961 0.74509805 0.8980392 0.7490196 0.64705884 0.627451 0.6039216 0.5803922 0.54901963 0.50980395
0.8980392 0.90588236 0.9254902 0.9254902 0.92156863 0.8784314 0.77254903 0.63529414 0.5921569 0.5803922 0.54901963 0.54509807 0.45882353 0.38039216 0.3372549 0.34117648 0.38431373 0.45490196 0.5294118 0.56078434 0.6313726 0.65882355 0.6784314 0.73333335 0.8980392 0.73333335 0.5686275 0.5647059 0.5411765 0.5294118 0.49019608 0.45490196
0.8666667 0.8352941 0.8784314 0.84705883 0.6784314 0.58431375 0.4627451 0.5137255 0.654902 0.6509804 0.56078434 0.52156866 0.46666667 0.4392157 0.44313726 0.49411765 0.5372549 0.52156866 0.53333336 0.5921569 0.6313726 0.61960787 0.627451 0.68235296 0.8784314 0.7607843 0.5764706 0.58431375 0.57254905 0.54901963 0.5176471 0.49019608
0.8352941 0.8117647 0.6627451 0.49411765 0.34901962 0.21176471 0.17254902 0.39215687 0.6156863 0.63529414 0.6156863 0.5411765 0.49803922 0.49411765 0.47843137 0.49411765 0.5254902 0.5254902 0.54901963 0.5647059 0.56078434 0.5764706 0.58431375 0.64705884 0.85882354 0.8039216 0.6627451 0.64705884 0.6156863 0.5882353 0.56078434 0.54509807
0.85490197 0.8666667 0.5137255 0.101960786 0.07058824 0.14509805 0.2901961 0.43137255 0.57254905 0.6627451 0.6392157 0.56078434 0.4627451 0.42745098 0.4117647 0.4509804 0.49019608 0.49803922 0.52156866 0.47843137 0.4509804 0.48235294 0.57254905 0.6745098 0.84313726 0.8392157 0.70980394 0.6784314 0.6745098 0.65882355 0.6666667 0.69803923
0.8 0.7607843 0.6392157 0.41960785 0.1764706 0.09411765 0.21176471 0.32156864 0.3254902 0.22745098 0.34509805 0.49411765 0.45490196 0.43529412 0.47843137 0.5058824 0.49019608 0.45490196 0.44313726 0.49803922 0.54509807 0.5882353 0.6392157 0.7294118 0.8509804 0.79607844 0.6 0.61960787 0.68235296 0.67058825 0.7019608 0.8392157
0.74509805 0.75686276 0.7058824 0.7372549 0.5803922 0.28235295 0.3647059 0.56078434 0.627451 0.5529412 0.5254902 0.5803922 0.5803922 0.5058824 0.4 0.38431373 0.3764706 0.4509804 0.58431375 0.6392157 0.6745098 0.67058825 0.6862745 0.7294118 0.85490197 0.9411765 0.77254903 0.627451 0.6901961 0.7019608 0.6862745 0.77254903
0.69411767 0.7058824 0.69803923 0.70980394 0.7254902 0.63529414 0.68235296 0.80784315 0.8745098 0.89411765 0.8784314 0.9137255 0.92941177 0.80784315 0.4862745 0.34509805 0.3372549 0.43529412 0.5921569 0.6666667 0.7254902 0.69411767 0.6431373 0.72156864 0.85882354 0.92156863 0.9411765 0.80784315 0.7764706 0.84313726 0.8392157 0.8117647
0.6117647 0.6313726 0.6509804 0.654902 0.67058825 0.7411765 0.9137255 0.91764706 0.8784314 0.89411765 0.92941177 0.92156863 0.9098039 0.8980392 0.7607843 0.5921569 0.54901963 0.58431375 0.5647059 0.5882353 0.65882355 0.65882355 0.5686275 0.7137255 0.8862745 0.9137255 0.9098039 0.8980392 0.8509804 0.8627451 0.8862745 0.8627451
0.54509807 0.6039216 0.6745098 0.6666667 0.7058824 0.85490197 0.9254902 0.87058824 0.87058824 0.91764706 0.89411765 0.8627451 0.89411765 0.8862745 0.8039216 0.6392157 0.5411765 0.5058824 0.47058824 0.4745098 0.5411765 0.6117647 0.5372549 0.6745098 0.85882354 0.9098039 0.8784314 0.87058824 0.8901961 0.87058824 0.88235295 0.8509804
0.64705884 0.64705884 0.72156864 0.7372549 0.7882353 0.8980392 0.8980392 0.8627451 0.89411765 0.90588236 0.8980392 0.91764706 0.9490196 0.90588236 0.8039216 0.65882355 0.54509807 0.44313726 0.45490196 0.47058824 0.5411765 0.5529412 0.5411765 0.6862745 0.8156863 0.8784314 0.8745098 0.85490197 0.8666667 0.8352941 0.8156863 0.7372549
0.7372549 0.6901961 0.7882353 0.8509804 0.8745098 0.8627451 0.8156863 0.84705883 0.94509804 0.9529412 0.9490196 0.9254902 0.9254902 0.8784314 0.7764706 0.72156864 0.6156863 0.5058824 0.5137255 0.52156866 0.5372549 0.5254902 0.5294118 0.6901961 0.8392157 0.9098039 0.9019608 0.8627451 0.84313726 0.74509805 0.6745098 0.60784316
0.7529412 0.6784314 0.72156864 0.77254903 0.84705883 0.8039216 0.7607843 0.87058824 0.9607843 0.94509804 0.92156863 0.8862745 0.9098039 0.8784314 0.74509805 0.69803923 0.64705884 0.5686275 0.52156866 0.49411765 0.5372549 0.5176471 0.5568628 0.68235296 0.827451 0.92156863 0.92156863 0.8901961 0.8392157 0.69411767 0.6117647 0.61960787
0.74509805 0.6627451 0.64705884 0.67058825 0.84313726 0.827451 0.8352941 0.92156863 0.9098039 0.8980392 0.89411765 0.8980392 0.90588236 0.8745098 0.76862746 0.68235296 0.6745098 0.6 0.5294118 0.5058824 0.5176471 0.5294118 0.5764706 0.6862745 0.8156863 0.9019608 0.90588236 0.9019608 0.8901961 0.8 0.6509804 0.627451
0.6745098 0.6 0.6039216 0.6862745 0.8509804 0.8862745 0.92156863 0.8980392 0.8745098 0.8980392 0.89411765 0.83137256 0.85882354 0.8901961 0.7529412 0.6666667 0.67058825 0.5882353 0.5294118 0.49019608 0.50980395 0.5372549 0.5803922 0.6784314 0.78431374 0.8784314 0.8627451 0.8352941 0.89411765 0.92156863 0.8392157 0.81960785
0.62352943 0.57254905 0.59607846 0.68235296 0.80784315 0.88235295 0.8862745 0.84313726 0.8509804 0.89411765 0.8156863 0.8 0.9137255 0.9098039 0.7490196 0.6745098 0.62352943 0.5568628 0.5568628 0.50980395 0.5254902 0.5411765 0.5764706 0.654902 0.75686276 0.84705883 0.8784314 0.7882353 0.7607843 0.8745098 0.92941177 0.9098039
0.654902 0.654902 0.627451 0.6392157 0.79607844 0.8745098 0.8235294 0.827451 0.8666667 0.84705883 0.77254903 0.83137256 0.92156863 0.8980392 0.76862746 0.654902 0.54509807 0.50980395 0.5372549 0.48235294 0.50980395 0.5529412 0.5568628 0.62352943 0.77254903 0.8 0.8509804 0.827451 0.7529412 0.7921569 0.87058824 0.88235295
0.6313726 0.61960787 0.6039216 0.5921569 0.6 0.5921569 0.5921569 0.5803922 0.5764706 0.6039216 0.64705884 0.6509804 0.62352943 0.64705884 0.6039216 0.5529412 0.5529412 0.5686275 0.54509807 0.5372549 0.53333336 0.52156866 0.5294118 0.53333336 0.5137255 0.47058824 0.46666667 0.5058824 0.49411765 0.4745098 0.49803922 0.5019608
0.62352943 0.62352943 0.62352943 0.59607846 0.5803922 0.57254905 0.5764706 0.5803922 0.5921569 0.6 0.64705884 0.65882355 0.6745098 0.7137255 0.5803922 0.5372549 0.57254905 0.58431375 0.54901963 0.53333336 0.5372549 0.5411765 0.54509807 0.50980395 0.48235294 0.49019608 0.5058824 0.5058824 0.49803922 0.49019608 0.49019608 0.48235294
0.63529414 0.63529414 0.6509804 0.63529414 0.61960787 0.6392157 0.627451 0.6431373 0.64705884 0.627451 0.65882355 0.7176471 0.7921569 0.8156863 0.6313726 0.5882353 0.6039216 0.5764706 0.5529412 0.5411765 0.54509807 0.54901963 0.56078434 0.49019608 0.45882353 0.52156866 0.5568628 0.5294118 0.5058824 0.5137255 0.50980395 0.4862745
0.64705884 0.6313726 0.64705884 0.6666667 0.6862745 0.69411767 0.64705884 0.6627451 0.7137255 0.67058825 0.654902 0.7529412 0.6862745 0.7607843 0.74509805 0.61960787 0.54509807 0.53333336 0.5372549 0.5411765 0.5176471 0.48235294 0.5137255 0.5137255 0.5058824 0.56078434 0.59607846 0.56078434 0.56078434 0.627451 0.654902 0.5647059
0.62352943 0.61960787 0.6039216 0.6039216 0.62352943 0.6392157 0.6156863 0.6431373 0.6862745 0.654902 0.65882355 0.6901961 0.52156866 0.62352943 0.7058824 0.6627451 0.5411765 0.5176471 0.5137255 0.50980395 0.49019608 0.42745098 0.44705883 0.49803922 0.5411765 0.6117647 0.61960787 0.50980395 0.4117647 0.35686275 0.44313726 0.57254905
0.5921569 0.6039216 0.5803922 0.5372549 0.5176471 0.56078434 0.627451 0.6627451 0.6627451 0.6666667 0.7372549 0.69411767 0.45882353 0.6156863 0.7019608 0.69411767 0.627451 0.5411765 0.5176471 0.5058824 0.50980395 0.49411765 0.49411765 0.54509807 0.6313726 0.68235296 0.5529412 0.4 0.24705882 0.23921569 0.2784314 0.43137255
0.53333336 0.54901963 0.5647059 0.5568628 0.53333336 0.53333336 0.5686275 0.5647059 0.5647059 0.6431373 0.7411765 0.75686276 0.5254902 0.40784314 0.46666667 0.47058824 0.58431375 0.627451 0.57254905 0.56078434 0.57254905 0.58431375 0.5882353 0.6313726 0.6509804 0.627451 0.43529412 0.3529412 0.35686275 0.3764706 0.26666668 0.39607844
0.50980395 0.50980395 0.5568628 0.5921569 0.5803922 0.54901963 0.47843137 0.4117647 0.43529412 0.5294118 0.6156863 0.654902 0.68235296 0.49803922 0.42352942 0.5372549 0.60784316 0.6666667 0.61960787 0.5686275 0.5803922 0.59607846 0.62352943 0.59607846 0.34117648 0.25882354 0.27058825 0.34509805 0.50980395 0.36078432 0.1764706 0.44705883
0.59607846 0.5882353 0.6117647 0.62352943 0.59607846 0.5568628 0.5254902 0.5294118 0.54901963 0.5764706 0.6039216 0.6 0.5764706 0.47843137 0.36862746 0.3529412 0.3372549 0.34901962 0.38431373 0.3647059 0.4117647 0.39215687 0.50980395 0.5254902 0.2901961 0.12941177 0.0627451 0.23529412 0.40392157 0.36078432 0.3019608 0.47058824
0.654902 0.68235296 0.6901961 0.6627451 0.59607846 0.5372549 0.5411765 0.57254905 0.57254905 0.5803922 0.61960787 0.5019608 0.2901961 0.18431373 0.16078432 0.13333334 0.13725491 0.17254902 0.20392157 0.21176471 0.31764707 0.27058825 0.24705882 0.35686275 0.27450982 0.13333334 0.05490196 0.07058824 0.12156863 0.30588236 0.5254902 0.5254902
0.6 0.6392157 0.6627451 0.6509804 0.61960787 0.57254905 0.5647059 0.6156863 0.6784314 0.72156864 0.5921569 0.28235295 0.09803922 0.12156863 0.101960786 0.12156863 0.28627452 0.5176471 0.50980395 0.3137255 0.39215687 0.4 0.34901962 0.27058825 0.15294118 0.09019608 0.18431373 0.16862746 0.2 0.46666667 0.5529412 0.46666667
0.5411765 0.56078434 0.5921569 0.6 0.5803922 0.58431375 0.60784316 0.76862746 0.8117647 0.62352943 0.4117647 0.24705882 0.21176471 0.18431373 0.21960784 0.3764706 0.60784316 0.7882353 0.85490197 0.77254903 0.5568628 0.45882353 0.42745098 0.4745098 0.49411765 0.48235294 0.6745098 0.62352943 0.4862745 0.45882353 0.42352942 0.39607844
0.60784316 0.61960787 0.6039216 0.56078434 0.5372549 0.5254902 0.5254902 0.5176471 0.5019608 0.5176471 0.61960787 0.5882353 0.47843137 0.34509805 0.36862746 0.4392157 0.5058824 0.64705884 0.72156864 0.7058824 0.54509807 0.36862746 0.34509805 0.47058824 0.48235294 0.6313726 0.67058825 0.48235294 0.38039216 0.34117648 0.36078432 0.3254902
0.6 0.62352943 0.5921569 0.52156866 0.45882353 0.4745098 0.49803922 0.4862745 0.47843137 0.6313726 0.52156866 0.34117648 0.3254902 0.25882354 0.25490198 0.20392157 0.09411765 0.08627451 0.12941177 0.16470589 0.26666668 0.29803923 0.33333334 0.45882353 0.5058824 0.54509807 0.44705883 0.3764706 0.22352941 0.15294118 0.19215687 0.22745098
0.6 0.6039216 0.5882353 0.56078434 0.5294118 0.50980395 0.5372549 0.627451 0.60784316 0.50980395 0.3372549 0.29803923 0.28627452 0.27450982 0.27450982 0.16470589 0.19215687 0.12941177 0.101960786 0.15294118 0.20784314 0.37254903 0.5058824 0.61960787 0.74509805 0.49803922 0.3137255 0.27450982 0.13333334 0.09019608 0.14901961 0.19607843
0.63529414 0.6392157 0.64705884 0.654902 0.64705884 0.654902 0.7176471 0.7254902 0.60784316 0.47058824 0.43137255 0.4509804 0.3647059 0.30588236 0.22352941 0.22745098 0.2509804 0.23137255 0.27450982 0.30980393 0.3882353 0.54509807 0.6313726 0.70980394 0.78431374 0.42352942 0.20392157 0.21960784 0.19215687 0.1764706 0.1882353 0.15686275
0.6156863 0.6 0.64705884 0.70980394 0.7764706 0.7921569 0.7176471 0.6039216 0.5647059 0.53333336 0.4745098 0.4627451 0.37254903 0.28627452 0.22352941 0.21960784 0.25882354 0.33333334 0.41568628 0.44313726 0.50980395 0.54901963 0.6 0.69803923 0.78431374 0.3882353 0.078431375 0.10980392 0.18039216 0.19607843 0.14509805 0.08235294
0.58431375 0.5647059 0.68235296 0.7647059 0.6901961 0.61960787 0.4627451 0.46666667 0.5803922 0.5686275 0.48235294 0.4392157 0.3882353 0.3529412 0.34509805 0.38039216 0.41568628 0.4 0.4117647 0.47058824 0.50980395 0.49803922 0.5137255 0.62352943 0.7764706 0.45882353 0.14509805 0.17254902 0.18039216 0.16470589 0.14901961 0.12941177
0.5411765 0.58431375 0.54509807 0.49019608 0.42352942 0.27450982 0.17254902 0.32156864 0.5058824 0.52156866 0.5176471 0.45882353 0.42352942 0.40784314 0.3764706 0.3764706 0.40392157 0.4 0.42352942 0.4392157 0.4392157 0.44705883 0.44313726 0.5647059 0.7647059 0.5411765 0.29411766 0.29803923 0.20784314 0.16470589 0.1882353 0.21568628
0.5176471 0.61960787 0.3764706 0.0627451 0.09019608 0.16078432 0.23921569 0.30588236 0.41568628 0.52156866 0.5294118 0.4627451 0.36862746 0.33333334 0.29803923 0.31764707 0.35686275 0.36862746 0.39215687 0.34901962 0.32156864 0.34901962 0.41960785 0.5764706 0.73333335 0.56078434 0.3137255 0.3019608 0.30588236 0.29803923 0.32941177 0.38039216
0.47058824 0.43529412 0.34509805 0.24313726 0.13333334 0.08235294 0.18039216 0.2509804 0.23921569 0.16078432 0.2627451 0.36078432 0.3137255 0.29411766 0.33333334 0.3529412 0.3529412 0.33333334 0.31764707 0.38039216 0.42745098 0.47058824 0.5058824 0.6117647 0.72156864 0.5529412 0.21568628 0.18431373 0.3137255 0.33333334 0.36078432 0.49411765
0.39607844 0.37254903 0.30588236 0.43137255 0.40784314 0.16470589 0.29803923 0.5254902 0.58431375 0.5019608 0.4509804 0.45882353 0.4509804 0.38039216 0.27450982 0.25882354 0.2784314 0.37254903 0.5019608 0.5568628 0.5882353 0.5803922 0.5803922 0.6313726 0.7529412 0.8 0.5176471 0.2627451 0.32156864 0.34117648 0.33333334 0.42745098
0.3137255 0.3254902 0.30980393 0.34901962 0.40784314 0.38039216 0.5294118 0.7372549 0.81960785 0.8156863 0.8 0.85490197 0.8666667 0.7411765 0.41568628 0.27058825 0.28235295 0.40392157 0.54901963 0.6117647 0.654902 0.6156863 0.5568628 0.6509804 0.8039216 0.8509804 0.8156863 0.6039216 0.45490196 0.4862745 0.5058824 0.49803922
0.2509804 0.30588236 0.3254902 0.2901961 0.28235295 0.46666667 0.7647059 0.85490197 0.83137256 0.827451 0.87058824 0.8901961 0.8784314 0.85882354 0.7176471 0.5411765 0.5137255 0.56078434 0.52156866 0.52156866 0.5686275 0.54901963 0.4627451 0.6313726 0.83137256 0.85882354 0.84313726 0.78039217 0.5803922 0.54509807 0.58431375 0.5764706
0.24705882 0.3137255 0.35686275 0.29411766 0.33333334 0.64705884 0.81960785 0.8039216 0.81960785 0.8666667 0.8627451 0.85490197 0.8784314 0.85490197 0.75686276 0.5764706 0.4862745 0.4627451 0.4117647 0.39607844 0.4392157 0.49411765 0.43137255 0.58431375 0.78431374 0.8392157 0.8039216 0.77254903 0.6901961 0.6039216 0.5921569 0.5529412
0.3764706 0.34509805 0.38431373 0.4 0.5137255 0.7490196 0.79607844 0.78431374 0.84313726 0.87058824 0.88235295 0.91764706 0.93333334 0.8666667 0.7372549 0.57254905 0.46666667 0.38431373 0.3882353 0.4 0.4627451 0.46666667 0.45882353 0.60784316 0.7372549 0.7921569 0.7882353 0.7607843 0.68235296 0.5568628 0.48235294 0.40784314
0.41960785 0.37254903 0.47058824 0.57254905 0.654902 0.69411767 0.6901961 0.77254903 0.90588236 0.9254902 0.9254902 0.90588236 0.89411765 0.827451 0.70980394 0.6431373 0.54509807 0.44705883 0.4509804 0.4509804 0.45882353 0.4392157 0.44313726 0.6 0.75686276 0.8352941 0.8392157 0.78431374 0.6156863 0.39607844 0.2901961 0.25882354
0.40784314 0.33333334 0.3764706 0.47058824 0.6039216 0.62352943 0.6431373 0.80784315 0.91764706 0.8862745 0.85490197 0.8352941 0.85882354 0.81960785 0.6784314 0.6313726 0.58431375 0.50980395 0.45882353 0.41960785 0.45490196 0.43137255 0.45882353 0.58431375 0.7490196 0.8666667 0.8862745 0.8509804 0.6745098 0.3882353 0.22745098 0.24313726
0.3882353 0.32156864 0.29803923 0.36862746 0.6431373 0.6784314 0.7294118 0.85490197 0.84705883 0.8 0.78431374 0.8039216 0.8235294 0.8039216 0.7019608 0.6156863 0.6117647 0.5411765 0.46666667 0.43529412 0.44313726 0.44705883 0.47843137 0.5882353 0.7372549 0.84313726 0.85882354 0.8666667 0.81960785 0.59607846 0.30980393 0.23529412
0.3372549 0.29803923 0.2 0.30980393 0.6745098 0.77254903 0.8039216 0.7882353 0.76862746 0.7921569 0.76862746 0.68235296 0.73333335 0.7921569 0.67058825 0.58431375 0.5921569 0.5176471 0.4627451 0.42352942 0.44705883 0.4745098 0.49803922 0.5921569 0.7019608 0.7921569 0.7490196 0.7137255 0.8039216 0.76862746 0.56078434 0.4627451
0.24705882 0.23529412 0.2 0.30588236 0.59607846 0.74509805 0.75686276 0.7176471 0.7294118 0.77254903 0.68235296 0.6431373 0.78039217 0.8117647 0.6666667 0.5882353 0.54509807 0.4862745 0.49019608 0.44705883 0.4627451 0.48235294 0.49019608 0.5568628 0.6627451 0.74509805 0.7490196 0.6431373 0.6313726 0.7137255 0.68235296 0.5882353
0.21960784 0.25490198 0.27058825 0.30980393 0.5568628 0.7137255 0.6784314 0.68235296 0.7254902 0.70980394 0.62352943 0.6745098 0.7921569 0.8 0.6862745 0.57254905 0.46666667 0.4392157 0.47058824 0.41960785 0.44705883 0.49411765 0.4627451 0.50980395 0.6627451 0.68235296 0.70980394 0.65882355 0.57254905 0.5921569 0.6392157 0.5803922
29 20 0
