32, 32, 3, 1
0.75686276 0.7411765 0.74509805 0.7254902 0.7764706 0.8039216 0.77254903 0.7411765 0.75686276 0.7411765 0.7019608 0.7294118 0.6901961 0.73333335 0.7137255 0.68235296 0.7058824 0.7058824 0.6627451 0.7019608 0.69803923 0.7411765 0.73333335 0.7882353 0.7254902 0.7254902 0.78431374 0.7607843 0.7647059 0.74509805 0.7647059 0.78039217
0.78431374 0.7490196 0.77254903 0.7490196 0.73333335 0.79607844 0.7411765 0.67058825 0.63529414 0.6509804 0.65882355 0.6862745 0.7176471 0.6666667 0.6509804 0.6117647 0.654902 0.6901961 0.6901961 0.7254902 0.73333335 0.68235296 0.64705884 0.6784314 0.7137255 0.6862745 0.6901961 0.70980394 0.75686276 0.77254903 0.7764706 0.77254903
0.8 0.7490196 0.6862745 0.78431374 0.6901961 0.6745098 0.64705884 0.6 0.6039216 0.6156863 0.6666667 0.7529412 0.7647059 0.7647059 0.70980394 0.654902 0.69803923 0.73333335 0.7058824 0.7137255 0.7137255 0.654902 0.6156863 0.6313726 0.5686275 0.65882355 0.7294118 0.7647059 0.76862746 0.7882353 0.75686276 0.7254902
0.8509804 0.74509805 0.69411767 0.8039216 0.7058824 0.5764706 0.6117647 0.69411767 0.6392157 0.68235296 0.83137256 0.78431374 0.76862746 0.7647059 0.68235296 0.6392157 0.6627451 0.7137255 0.7294118 0.69803923 0.6627451 0.69411767 0.70980394 0.67058825 0.6509804 0.6784314 0.7607843 0.78039217 0.74509805 0.7372549 0.7529412 0.7411765
0.84313726 0.7607843 0.69803923 0.73333335 0.74509805 0.7137255 0.62352943 0.69803923 0.7921569 0.81960785 0.8392157 0.8 0.8156863 0.78431374 0.654902 0.654902 0.6509804 0.59607846 0.5764706 0.7254902 0.7137255 0.7411765 0.7294118 0.7372549 0.7647059 0.7411765 0.6901961 0.6313726 0.6509804 0.6431373 0.6901961 0.69411767
0.81960785 0.78431374 0.75686276 0.74509805 0.8156863 0.8352941 0.7411765 0.6039216 0.7254902 0.83137256 0.8352941 0.83137256 0.79607844 0.8039216 0.76862746 0.7764706 0.64705884 0.56078434 0.54509807 0.61960787 0.7058824 0.79607844 0.78039217 0.78431374 0.75686276 0.67058825 0.6627451 0.58431375 0.5803922 0.6509804 0.7647059 0.7529412
0.8039216 0.8039216 0.8039216 0.7764706 0.8117647 0.8352941 0.79607844 0.70980394 0.7137255 0.79607844 0.7254902 0.7764706 0.7254902 0.6901961 0.7372549 0.7647059 0.7176471 0.627451 0.57254905 0.5921569 0.73333335 0.84313726 0.8117647 0.7921569 0.78039217 0.7882353 0.76862746 0.7176471 0.64705884 0.62352943 0.7019608 0.7647059
0.8117647 0.81960785 0.8117647 0.8 0.8352941 0.8156863 0.81960785 0.8117647 0.7921569 0.8039216 0.7294118 0.7176471 0.69411767 0.68235296 0.67058825 0.7372549 0.7921569 0.7607843 0.7019608 0.72156864 0.7176471 0.7529412 0.6862745 0.68235296 0.7294118 0.75686276 0.79607844 0.8 0.7529412 0.5647059 0.61960787 0.69803923
0.78431374 0.8 0.7921569 0.73333335 0.7921569 0.74509805 0.79607844 0.8156863 0.78039217 0.78431374 0.80784315 0.78039217 0.7019608 0.6627451 0.7647059 0.78431374 0.7607843 0.72156864 0.6901961 0.59607846 0.54901963 0.5529412 0.48235294 0.4862745 0.56078434 0.7019608 0.8117647 0.83137256 0.77254903 0.6745098 0.7254902 0.69411767
0.8352941 0.81960785 0.78039217 0.81960785 0.7882353 0.7411765 0.8156863 0.827451 0.7529412 0.7647059 0.8352941 0.8 0.75686276 0.69411767 0.6901961 0.60784316 0.5058824 0.4627451 0.47058824 0.45882353 0.42745098 0.39607844 0.4117647 0.49019608 0.49019608 0.5803922 0.77254903 0.8 0.78039217 0.69803923 0.67058825 0.7607843
0.7607843 0.8392157 0.8039216 0.8156863 0.8352941 0.81960785 0.8352941 0.79607844 0.75686276 0.78039217 0.7294118 0.6156863 0.5647059 0.53333336 0.4509804 0.42745098 0.40784314 0.43137255 0.4862745 0.5058824 0.46666667 0.40392157 0.47058824 0.45882353 0.45490196 0.5529412 0.72156864 0.7882353 0.8039216 0.61960787 0.56078434 0.6627451
0.6627451 0.79607844 0.8235294 0.8156863 0.8352941 0.827451 0.84705883 0.827451 0.7921569 0.6745098 0.48235294 0.41960785 0.4117647 0.44705883 0.43529412 0.45490196 0.5019608 0.4862745 0.49411765 0.5176471 0.45882353 0.41960785 0.4745098 0.40784314 0.4117647 0.4627451 0.5294118 0.70980394 0.7490196 0.7254902 0.6117647 0.63529414
0.7882353 0.7529412 0.77254903 0.7921569 0.827451 0.827451 0.7490196 0.6862745 0.5882353 0.4509804 0.40392157 0.4627451 0.5019608 0.47058824 0.5058824 0.49411765 0.49019608 0.41960785 0.40392157 0.39607844 0.44313726 0.41568628 0.4 0.37254903 0.41568628 0.40392157 0.3882353 0.58431375 0.7294118 0.7372549 0.67058825 0.5882353
0.73333335 0.70980394 0.7490196 0.7529412 0.7882353 0.8117647 0.70980394 0.5058824 0.39215687 0.41960785 0.44705883 0.44705883 0.44705883 0.44313726 0.42352942 0.43137255 0.43137255 0.4509804 0.4509804 0.44705883 0.47843137 0.54509807 0.59607846 0.4627451 0.4509804 0.5254902 0.5176471 0.5764706 0.7254902 0.73333335 0.67058825 0.6431373
0.8117647 0.8235294 0.83137256 0.8235294 0.8392157 0.81960785 0.62352943 0.47843137 0.42352942 0.42352942 0.41960785 0.4509804 0.4509804 0.4745098 0.48235294 0.4862745 0.5019608 0.49019608 0.4745098 0.49019608 0.5254902 0.49019608 0.39215687 0.37254903 0.5803922 0.6039216 0.6156863 0.6745098 0.7647059 0.77254903 0.6156863 0.63529414
0.8666667 0.8745098 0.8745098 0.85490197 0.827451 0.6392157 0.44705883 0.40784314 0.4117647 0.42352942 0.44705883 0.49411765 0.45490196 0.49803922 0.49411765 0.46666667 0.5764706 0.58431375 0.47843137 0.5176471 0.5254902 0.5372549 0.5176471 0.6509804 0.64705884 0.6745098 0.65882355 0.7411765 0.78039217 0.76862746 0.7176471 0.6313726
0.8392157 0.81960785 0.8117647 0.79607844 0.7254902 0.6 0.47058824 0.41960785 0.4117647 0.42352942 0.5019608 0.43529412 0.43137255 0.4862745 0.4862745 0.4627451 0.58431375 0.54901963 0.4745098 0.53333336 0.52156866 0.57254905 0.56078434 0.72156864 0.7137255 0.6901961 0.70980394 0.80784315 0.8039216 0.7529412 0.7882353 0.78431374
0.83137256 0.8117647 0.79607844 0.8156863 0.6627451 0.5137255 0.47058824 0.4627451 0.45490196 0.44705883 0.4745098 0.49411765 0.49019608 0.49803922 0.5176471 0.45490196 0.52156866 0.5019608 0.4627451 0.5686275 0.5686275 0.5411765 0.6156863 0.69803923 0.70980394 0.7529412 0.8 0.8039216 0.7921569 0.7921569 0.8156863 0.8039216
0.8117647 0.8 0.8117647 0.827451 0.627451 0.4627451 0.43529412 0.49019608 0.4862745 0.5019608 0.5058824 0.49803922 0.5058824 0.49803922 0.5137255 0.47058824 0.5294118 0.6156863 0.57254905 0.654902 0.69411767 0.6745098 0.69803923 0.7019608 0.7490196 0.80784315 0.78039217 0.77254903 0.75686276 0.7294118 0.81960785 0.7372549
0.85490197 0.80784315 0.8352941 0.84705883 0.6431373 0.47843137 0.47058824 0.48235294 0.50980395 0.5137255 0.52156866 0.45882353 0.5764706 0.5058824 0.5137255 0.5764706 0.64705884 0.67058825 0.6862745 0.75686276 0.6862745 0.69803923 0.7411765 0.7882353 0.8 0.8 0.7921569 0.78431374 0.6745098 0.59607846 0.74509805 0.7058824
0.7254902 0.7607843 0.77254903 0.79607844 0.7019608 0.50980395 0.43137255 0.45490196 0.4745098 0.47843137 0.49803922 0.5411765 0.49019608 0.5254902 0.54509807 0.5882353 0.6627451 0.5764706 0.7294118 0.73333335 0.7254902 0.78431374 0.8117647 0.7921569 0.78431374 0.79607844 0.7921569 0.73333335 0.7254902 0.74509805 0.6392157 0.6745098
0.61960787 0.627451 0.64705884 0.6862745 0.5411765 0.40784314 0.41568628 0.42745098 0.41960785 0.38431373 0.52156866 0.59607846 0.50980395 0.60784316 0.50980395 0.5411765 0.627451 0.6392157 0.73333335 0.6901961 0.827451 0.87058824 0.8156863 0.74509805 0.7882353 0.77254903 0.79607844 0.77254903 0.78039217 0.6901961 0.59607846 0.6431373
0.64705884 0.6431373 0.6509804 0.6784314 0.5019608 0.44705883 0.46666667 0.36078432 0.3647059 0.45882353 0.54509807 0.5686275 0.5254902 0.5803922 0.5254902 0.6431373 0.7019608 0.75686276 0.74509805 0.7490196 0.8039216 0.8352941 0.8039216 0.7647059 0.6901961 0.6666667 0.7764706 0.76862746 0.77254903 0.73333335 0.69803923 0.67058825
0.68235296 0.6666667 0.68235296 0.78039217 0.62352943 0.47843137 0.38039216 0.3882353 0.4627451 0.4745098 0.45490196 0.5921569 0.6 0.5568628 0.52156866 0.57254905 0.56078434 0.6431373 0.7176471 0.7647059 0.79607844 0.8 0.8156863 0.78039217 0.62352943 0.654902 0.7647059 0.79607844 0.7607843 0.7764706 0.6627451 0.6509804
0.75686276 0.7137255 0.7529412 0.8352941 0.8 0.57254905 0.41568628 0.4509804 0.47058824 0.39607844 0.42745098 0.6 0.6039216 0.61960787 0.5686275 0.47843137 0.46666667 0.654902 0.74509805 0.75686276 0.80784315 0.81960785 0.8039216 0.78039217 0.7411765 0.75686276 0.78039217 0.8039216 0.7294118 0.7647059 0.6431373 0.60784316
0.8235294 0.8235294 0.8156863 0.80784315 0.8509804 0.73333335 0.52156866 0.5372549 0.4862745 0.44313726 0.47058824 0.5647059 0.59607846 0.7137255 0.6509804 0.61960787 0.6862745 0.77254903 0.8 0.7529412 0.83137256 0.8117647 0.77254903 0.7647059 0.77254903 0.78039217 0.7764706 0.7764706 0.6862745 0.68235296 0.69803923 0.61960787
0.8039216 0.8039216 0.7882353 0.7921569 0.80784315 0.7882353 0.7411765 0.5686275 0.5019608 0.5529412 0.5176471 0.52156866 0.5921569 0.65882355 0.6666667 0.72156864 0.7921569 0.79607844 0.73333335 0.7019608 0.81960785 0.8 0.7882353 0.77254903 0.80784315 0.84313726 0.8980392 0.92941177 0.76862746 0.62352943 0.7529412 0.6039216
0.8117647 0.80784315 0.80784315 0.79607844 0.7647059 0.75686276 0.74509805 0.7137255 0.67058825 0.64705884 0.6392157 0.6 0.6117647 0.6039216 0.69411767 0.7058824 0.7019608 0.7176471 0.72156864 0.69803923 0.77254903 0.7294118 0.8039216 0.9137255 0.9019608 0.9137255 0.84705883 0.83137256 0.6901961 0.61960787 0.7176471 0.654902
0.81960785 0.83137256 0.8117647 0.7764706 0.7529412 0.7764706 0.76862746 0.76862746 0.7764706 0.7647059 0.7882353 0.76862746 0.6627451 0.7254902 0.77254903 0.7764706 0.7647059 0.7254902 0.7411765 0.8156863 0.7647059 0.7294118 0.6117647 0.77254903 0.79607844 0.6901961 0.6313726 0.6117647 0.6 0.5803922 0.5372549 0.6431373
0.81960785 0.7921569 0.7882353 0.77254903 0.7882353 0.7921569 0.76862746 0.7647059 0.76862746 0.77254903 0.8117647 0.81960785 0.7647059 0.7764706 0.72156864 0.61960787 0.7490196 0.8392157 0.77254903 0.8627451 0.7490196 0.77254903 0.6117647 0.56078434 0.69411767 0.7294118 0.6313726 0.6 0.654902 0.6039216 0.6156863 0.6745098
0.8156863 0.7647059 0.7764706 0.7176471 0.77254903 0.7764706 0.7764706 0.8039216 0.7921569 0.79607844 0.7490196 0.6901961 0.76862746 0.8 0.79607844 0.7764706 0.80784315 0.7647059 0.69411767 0.8392157 0.79607844 0.77254903 0.70980394 0.56078434 0.6392157 0.6 0.5529412 0.6 0.65882355 0.67058825 0.61960787 0.6431373
0.8392157 0.79607844 0.7411765 0.7490196 0.79607844 0.8 0.8039216 0.8117647 0.7921569 0.78039217 0.7411765 0.75686276 0.7882353 0.81960785 0.8 0.7176471 0.7490196 0.78431374 0.7137255 0.7647059 0.85882354 0.7529412 0.65882355 0.58431375 0.627451 0.69411767 0.7137255 0.654902 0.627451 0.654902 0.5764706 0.6039216
0.64705884 0.6156863 0.6117647 0.6 0.65882355 0.69803923 0.6784314 0.6627451 0.6745098 0.6313726 0.6039216 0.6666667 0.6392157 0.67058825 0.6392157 0.59607846 0.60784316 0.5921569 0.5372549 0.5647059 0.54901963 0.61960787 0.654902 0.70980394 0.63529414 0.6392157 0.69411767 0.67058825 0.6745098 0.654902 0.6745098 0.6901961
0.6901961 0.6392157 0.654902 0.6313726 0.6313726 0.69803923 0.654902 0.60784316 0.5764706 0.5647059 0.5764706 0.627451 0.6509804 0.5921569 0.5686275 0.5176471 0.53333336 0.56078434 0.56078434 0.6 0.6039216 0.58431375 0.58431375 0.6117647 0.63529414 0.6 0.6 0.61960787 0.6666667 0.68235296 0.6862745 0.68235296
0.7137255 0.65882355 0.58431375 0.69803923 0.627451 0.627451 0.6156863 0.56078434 0.52156866 0.49803922 0.54901963 0.6666667 0.6862745 0.68235296 0.6117647 0.54509807 0.58431375 0.627451 0.6156863 0.63529414 0.60784316 0.5647059 0.5686275 0.5882353 0.5019608 0.57254905 0.6392157 0.6745098 0.6784314 0.69803923 0.6666667 0.63529414
0.7647059 0.65882355 0.6039216 0.7294118 0.6509804 0.5372549 0.6 0.654902 0.5372549 0.56078434 0.70980394 0.6784314 0.68235296 0.6784314 0.5921569 0.54509807 0.6 0.6784314 0.69411767 0.6431373 0.56078434 0.59607846 0.6431373 0.60784316 0.5647059 0.5803922 0.67058825 0.69803923 0.6745098 0.68235296 0.68235296 0.67058825
0.7529412 0.6784314 0.6156863 0.6509804 0.6745098 0.65882355 0.5921569 0.64705884 0.69411767 0.72156864 0.7372549 0.69803923 0.7294118 0.7058824 0.5803922 0.5764706 0.5882353 0.5568628 0.5294118 0.63529414 0.5921569 0.63529414 0.64705884 0.654902 0.6745098 0.65882355 0.62352943 0.5764706 0.627451 0.6666667 0.6784314 0.68235296
0.7294118 0.69803923 0.67058825 0.65882355 0.73333335 0.7647059 0.6901961 0.54509807 0.64705884 0.74509805 0.7490196 0.7411765 0.7058824 0.72156864 0.69411767 0.6901961 0.54901963 0.47843137 0.45882353 0.49411765 0.5647059 0.6901961 0.7019608 0.7019608 0.6745098 0.6117647 0.61960787 0.5529412 0.56078434 0.62352943 0.7058824 0.69411767
0.70980394 0.7137255 0.7176471 0.6784314 0.7137255 0.7529412 0.7254902 0.6431373 0.64705884 0.7254902 0.654902 0.7019608 0.63529414 0.6039216 0.654902 0.6745098 0.62352943 0.54901963 0.49803922 0.48235294 0.59607846 0.73333335 0.73333335 0.7058824 0.6862745 0.7019608 0.69803923 0.6627451 0.59607846 0.5411765 0.5882353 0.6509804
0.7254902 0.73333335 0.7294118 0.70980394 0.7411765 0.73333335 0.7411765 0.74509805 0.73333335 0.7372549 0.65882355 0.6392157 0.60784316 0.6 0.5921569 0.6509804 0.70980394 0.6901961 0.6313726 0.627451 0.6 0.654902 0.6039216 0.58431375 0.62352943 0.6627451 0.7058824 0.7137255 0.6745098 0.49803922 0.5411765 0.6117647
0.7058824 0.7254902 0.7176471 0.65882355 0.7176471 0.67058825 0.72156864 0.7529412 0.7254902 0.72156864 0.7294118 0.69411767 0.61960787 0.58431375 0.6862745 0.7019608 0.6784314 0.63529414 0.5921569 0.49019608 0.44313726 0.4509804 0.37254903 0.36078432 0.4509804 0.61960787 0.7294118 0.74509805 0.6862745 0.5882353 0.6431373 0.60784316
0.7607843 0.74509805 0.7058824 0.74509805 0.7137255 0.6666667 0.7372549 0.7607843 0.69803923 0.7019608 0.75686276 0.7137255 0.65882355 0.59607846 0.5921569 0.5058824 0.4117647 0.36862746 0.36078432 0.3372549 0.3019608 0.26666668 0.27450982 0.34901962 0.36078432 0.4862745 0.6862745 0.72156864 0.7019608 0.6 0.57254905 0.6627451
0.6862745 0.7607843 0.7294118 0.7411765 0.7607843 0.74509805 0.7607843 0.73333335 0.7019608 0.7176471 0.6509804 0.5254902 0.4509804 0.42745098 0.34117648 0.3137255 0.3019608 0.32156864 0.36078432 0.37254903 0.34509805 0.28627452 0.34117648 0.32156864 0.32156864 0.44313726 0.6313726 0.72156864 0.7372549 0.50980395 0.44705883 0.54901963
0.5921569 0.7254902 0.7529412 0.74509805 0.7607843 0.7529412 0.77254903 0.7607843 0.73333335 0.6039216 0.4 0.3254902 0.3019608 0.3372549 0.3254902 0.34117648 0.39607844 0.37254903 0.36862746 0.38431373 0.3529412 0.32941177 0.36862746 0.2901961 0.2901961 0.34509805 0.42745098 0.6431373 0.6901961 0.61960787 0.49803922 0.52156866
0.73333335 0.69411767 0.7137255 0.7254902 0.7529412 0.7529412 0.67058825 0.60784316 0.5058824 0.35686275 0.29803923 0.34901962 0.3882353 0.36078432 0.39607844 0.38431373 0.3882353 0.32156864 0.29803923 0.28627452 0.3372549 0.3137255 0.29411766 0.2627451 0.3137255 0.2901961 0.25882354 0.49803922 0.68235296 0.6509804 0.57254905 0.48235294
0.6784314 0.654902 0.69411767 0.6862745 0.7137255 0.7372549 0.63529414 0.43137255 0.30980393 0.3254902 0.3372549 0.33333334 0.34117648 0.33333334 0.3137255 0.32156864 0.31764707 0.3372549 0.34117648 0.34117648 0.38039216 0.44313726 0.49019608 0.3647059 0.3529412 0.41568628 0.40784314 0.49803922 0.6745098 0.65882355 0.5882353 0.54901963
0.7529412 0.76862746 0.7764706 0.75686276 0.7607843 0.74509805 0.5568628 0.40784314 0.34509805 0.32941177 0.3137255 0.34117648 0.34509805 0.36862746 0.3764706 0.38039216 0.36862746 0.3529412 0.35686275 0.3882353 0.42352942 0.38039216 0.2784314 0.2627451 0.4627451 0.49019608 0.53333336 0.60784316 0.69411767 0.7058824 0.5411765 0.5529412
0.8117647 0.81960785 0.81960785 0.78431374 0.7529412 0.5686275 0.38039216 0.34117648 0.33333334 0.33333334 0.34509805 0.3882353 0.3529412 0.39607844 0.39607844 0.36078432 0.42745098 0.43529412 0.35686275 0.41960785 0.42745098 0.43137255 0.40784314 0.54901963 0.5294118 0.56078434 0.5921569 0.6745098 0.69803923 0.7137255 0.654902 0.5568628
0.78039217 0.7647059 0.7529412 0.73333335 0.654902 0.5254902 0.38431373 0.32941177 0.32156864 0.3372549 0.41568628 0.34509805 0.34117648 0.39607844 0.39607844 0.36862746 0.46666667 0.43137255 0.38039216 0.4509804 0.42745098 0.46666667 0.45490196 0.6156863 0.61960787 0.6156863 0.6509804 0.7490196 0.7411765 0.7058824 0.7294118 0.7176471
0.77254903 0.7529412 0.7372549 0.7529412 0.59607846 0.4392157 0.38039216 0.3647059 0.3647059 0.36078432 0.3882353 0.40784314 0.40392157 0.4117647 0.43137255 0.36862746 0.42745098 0.4117647 0.38431373 0.49803922 0.4862745 0.44705883 0.52156866 0.6 0.627451 0.69803923 0.7490196 0.7490196 0.7372549 0.7372549 0.75686276 0.74509805
0.7529412 0.7411765 0.7529412 0.7647059 0.56078434 0.38431373 0.34117648 0.39215687 0.39607844 0.4117647 0.41960785 0.4117647 0.41960785 0.4117647 0.42745098 0.38431373 0.44313726 0.5372549 0.5019608 0.59607846 0.6313726 0.6039216 0.627451 0.627451 0.68235296 0.7529412 0.7254902 0.7176471 0.69803923 0.654902 0.7529412 0.6862745
0.79607844 0.7490196 0.7764706 0.78431374 0.5764706 0.4 0.3764706 0.38431373 0.41960785 0.42745098 0.43529412 0.37254903 0.49019608 0.41960785 0.42745098 0.49019608 0.5686275 0.6039216 0.627451 0.7137255 0.6431373 0.6509804 0.6901961 0.7372549 0.74509805 0.7411765 0.7372549 0.73333335 0.60784316 0.5058824 0.67058825 0.6666667
0.64705884 0.68235296 0.69411767 0.7294118 0.6431373 0.4509804 0.3647059 0.38039216 0.40392157 0.4 0.4117647 0.45490196 0.42745098 0.4627451 0.47058824 0.5137255 0.6 0.5176471 0.67058825 0.6862745 0.68235296 0.74509805 0.77254903 0.7529412 0.7411765 0.7490196 0.74509805 0.69411767 0.6745098 0.6666667 0.60784316 0.67058825
0.5372549 0.54509807 0.5647059 0.6156863 0.4862745 0.35686275 0.36078432 0.37254903 0.35686275 0.3137255 0.43529412 0.5137255 0.45882353 0.5529412 0.44313726 0.47058824 0.57254905 0.58431375 0.6745098 0.6392157 0.78431374 0.8352941 0.7764706 0.7058824 0.7490196 0.7294118 0.7411765 0.7058824 0.70980394 0.65882355 0.62352943 0.68235296
0.5764706 0.57254905 0.58431375 0.6156863 0.44313726 0.39607844 0.41568628 0.3019608 0.3019608 0.3882353 0.45882353 0.4862745 0.4745098 0.5254902 0.45882353 0.5686275 0.6431373 0.7019608 0.6862745 0.69803923 0.7647059 0.79607844 0.7647059 0.72156864 0.654902 0.627451 0.70980394 0.6666667 0.65882355 0.6627451 0.6666667 0.63529414
0.62352943 0.60784316 0.627451 0.7254902 0.5686275 0.42745098 0.3254902 0.32941177 0.4 0.4 0.3647059 0.5058824 0.54509807 0.49803922 0.4509804 0.49803922 0.5019608 0.5882353 0.65882355 0.7137255 0.75686276 0.7607843 0.7764706 0.7411765 0.58431375 0.6117647 0.70980394 0.7254902 0.68235296 0.7137255 0.61960787 0.5882353
0.70980394 0.6666667 0.70980394 0.78431374 0.7490196 0.5254902 0.3647059 0.39607844 0.4117647 0.32941177 0.34901962 0.5254902 0.54509807 0.56078434 0.5019608 0.40784314 0.4117647 0.6 0.6862745 0.69803923 0.7607843 0.78039217 0.7647059 0.7411765 0.7019608 0.7137255 0.7411765 0.76862746 0.7058824 0.7607843 0.6392157 0.59607846
0.78431374 0.78431374 0.7764706 0.7647059 0.80784315 0.6901961 0.47843137 0.49019608 0.43137255 0.3882353 0.41568628 0.50980395 0.5411765 0.65882355 0.5921569 0.5686275 0.6431373 0.7294118 0.7411765 0.68235296 0.7882353 0.78039217 0.73333335 0.7294118 0.7411765 0.74509805 0.7372549 0.7490196 0.6627451 0.65882355 0.654902 0.5882353
0.7647059 0.7647059 0.7490196 0.7529412 0.77254903 0.75686276 0.70980394 0.53333336 0.45882353 0.50980395 0.4745098 0.47843137 0.54509807 0.6117647 0.61960787 0.6784314 0.7607843 0.7607843 0.6901961 0.6431373 0.7764706 0.76862746 0.75686276 0.74509805 0.78431374 0.8235294 0.8745098 0.90588236 0.7490196 0.5921569 0.7019608 0.5686275
0.76862746 0.7647059 0.76862746 0.76862746 0.74509805 0.7372549 0.7294118 0.6901961 0.6392157 0.6156863 0.6039216 0.5686275 0.5803922 0.57254905 0.65882355 0.6745098 0.68235296 0.7019608 0.69411767 0.65882355 0.7372549 0.7019608 0.7764706 0.8901961 0.8784314 0.89411765 0.827451 0.8117647 0.67058825 0.5882353 0.6627451 0.61960787
0.78431374 0.79607844 0.7764706 0.75686276 0.7411765 0.76862746 0.7607843 0.7529412 0.75686276 0.74509805 0.7647059 0.74509805 0.6392157 0.7019608 0.7490196 0.75686276 0.75686276 0.7137255 0.72156864 0.78431374 0.7254902 0.7058824 0.6039216 0.7490196 0.7647059 0.654902 0.5921569 0.58431375 0.5764706 0.5411765 0.4745098 0.6
0.8 0.76862746 0.76862746 0.7529412 0.77254903 0.7764706 0.7529412 0.7490196 0.7529412 0.75686276 0.79607844 0.8039216 0.7490196 0.7607843 0.7058824 0.6039216 0.7372549 0.81960785 0.74509805 0.83137256 0.7058824 0.7647059 0.6392157 0.56078434 0.654902 0.68235296 0.5882353 0.5647059 0.61960787 0.53333336 0.54509807 0.6117647
0.79607844 0.74509805 0.75686276 0.69803923 0.75686276 0.7607843 0.7607843 0.7882353 0.7764706 0.78039217 0.73333335 0.6745098 0.7529412 0.78431374 0.78039217 0.7607843 0.79607844 0.7490196 0.6666667 0.8117647 0.7607843 0.7529412 0.70980394 0.5529412 0.6156863 0.5686275 0.5176471 0.57254905 0.627451 0.59607846 0.5529412 0.5921569
0.81960785 0.7764706 0.72156864 0.73333335 0.78039217 0.78431374 0.7882353 0.79607844 0.7764706 0.7647059 0.7254902 0.7411765 0.77254903 0.8039216 0.78431374 0.7019608 0.7372549 0.76862746 0.6901961 0.73333335 0.8352941 0.7176471 0.6156863 0.5568628 0.61960787 0.68235296 0.69803923 0.64705884 0.60784316 0.59607846 0.5254902 0.5686275
0.6431373 0.6156863 0.6117647 0.5921569 0.654902 0.70980394 0.7058824 0.68235296 0.67058825 0.6313726 0.5921569 0.63529414 0.6 0.63529414 0.6117647 0.57254905 0.6 0.59607846 0.54509807 0.5803922 0.50980395 0.54901963 0.60784316 0.69803923 0.6431373 0.6431373 0.70980394 0.7019608 0.70980394 0.6862745 0.7058824 0.72156864
0.69411767 0.6313726 0.63529414 0.5921569 0.5803922 0.6666667 0.6392157 0.5686275 0.50980395 0.52156866 0.5529412 0.6156863 0.6509804 0.5764706 0.5294118 0.4627451 0.49019608 0.5294118 0.54509807 0.6 0.5372549 0.48235294 0.5176471 0.59607846 0.6392157 0.6039216 0.6156863 0.64705884 0.7019608 0.7137255 0.7176471 0.7137255
0.72156864 0.6392157 0.5411765 0.654902 0.57254905 0.54509807 0.5019608 0.44705883 0.44313726 0.4745098 0.57254905 0.69803923 0.6745098 0.65882355 0.58431375 0.50980395 0.50980395 0.5568628 0.5686275 0.6117647 0.5529412 0.4745098 0.4862745 0.5254902 0.47058824 0.57254905 0.654902 0.7019608 0.7137255 0.7294118 0.69803923 0.6666667
0.77254903 0.64705884 0.57254905 0.7176471 0.6392157 0.47843137 0.49019608 0.5647059 0.5137255 0.57254905 0.7529412 0.7254902 0.6784314 0.6509804 0.56078434 0.5176471 0.52156866 0.5882353 0.6313726 0.6156863 0.5137255 0.5568628 0.627451 0.57254905 0.5372549 0.59607846 0.68235296 0.7019608 0.67058825 0.6666667 0.6862745 0.6627451
0.76862746 0.6784314 0.6 0.6627451 0.6862745 0.6392157 0.5372549 0.6039216 0.69803923 0.7411765 0.76862746 0.7411765 0.7490196 0.68235296 0.54509807 0.5529412 0.5372549 0.49019608 0.48235294 0.6156863 0.5529412 0.62352943 0.68235296 0.6627451 0.65882355 0.654902 0.60784316 0.5411765 0.5686275 0.5803922 0.62352943 0.6117647
0.75686276 0.70980394 0.67058825 0.6666667 0.74509805 0.7607843 0.6666667 0.52156866 0.6431373 0.75686276 0.7764706 0.78039217 0.7372549 0.7137255 0.6666667 0.6862745 0.53333336 0.4509804 0.43529412 0.48235294 0.54901963 0.6862745 0.72156864 0.7137255 0.67058825 0.59607846 0.5882353 0.5058824 0.49411765 0.54901963 0.6392157 0.62352943
0.7529412 0.7372549 0.7294118 0.69411767 0.7294118 0.7647059 0.73333335 0.6431373 0.6431373 0.73333335 0.6745098 0.7372549 0.6784314 0.6117647 0.6431373 0.6862745 0.63529414 0.54509807 0.47843137 0.45882353 0.6 0.7490196 0.74509805 0.73333335 0.72156864 0.7254902 0.7058824 0.654902 0.5764706 0.5058824 0.5411765 0.62352943
0.7607843 0.7647059 0.7490196 0.7254902 0.7647059 0.7529412 0.76862746 0.7607843 0.7294118 0.74509805 0.67058825 0.6666667 0.6392157 0.59607846 0.5803922 0.6666667 0.73333335 0.69803923 0.61960787 0.60784316 0.59607846 0.654902 0.6039216 0.6039216 0.6627451 0.7058824 0.7411765 0.7372549 0.6862745 0.49803922 0.5294118 0.61960787
0.7294118 0.7490196 0.7411765 0.6784314 0.7411765 0.69411767 0.74509805 0.7647059 0.7254902 0.72156864 0.7372549 0.70980394 0.6392157 0.5764706 0.6784314 0.72156864 0.69803923 0.64705884 0.59607846 0.4862745 0.42745098 0.43137255 0.34901962 0.33333334 0.44313726 0.63529414 0.7411765 0.75686276 0.7019608 0.6156863 0.6745098 0.6392157
0.78431374 0.76862746 0.7294118 0.76862746 0.7372549 0.6901961 0.7607843 0.7764706 0.69803923 0.7058824 0.7647059 0.73333335 0.69803923 0.6117647 0.60784316 0.54509807 0.43529412 0.37254903 0.35686275 0.3254902 0.29803923 0.25882354 0.23529412 0.27058825 0.3137255 0.49411765 0.69803923 0.7372549 0.7254902 0.627451 0.59607846 0.6862745
0.70980394 0.7882353 0.7529412 0.7647059 0.78431374 0.76862746 0.78431374 0.74509805 0.7019608 0.72156864 0.65882355 0.5411765 0.4745098 0.41960785 0.33333334 0.33333334 0.30980393 0.31764707 0.34901962 0.34901962 0.32941177 0.27450982 0.30588236 0.2627451 0.28235295 0.4392157 0.6431373 0.7490196 0.77254903 0.5254902 0.4627451 0.5647059
0.6117647 0.74509805 0.77254903 0.7647059 0.78431374 0.7764706 0.8 0.7764706 0.7372549 0.6117647 0.40784314 0.33333334 0.2901961 0.3019608 0.2901961 0.32941177 0.3882353 0.36078432 0.34901962 0.3529412 0.3254902 0.3137255 0.3647059 0.29411766 0.28627452 0.33333334 0.4392157 0.6745098 0.7254902 0.63529414 0.50980395 0.5294118
0.73333335 0.69803923 0.7176471 0.7372549 0.7764706 0.78039217 0.7058824 0.63529414 0.5254902 0.36862746 0.3019608 0.34509805 0.3764706 0.34509805 0.38039216 0.36862746 0.36862746 0.29803923 0.26666668 0.2509804 0.29411766 0.28235295 0.28627452 0.23921569 0.27058825 0.2627451 0.25882354 0.5019608 0.6901961 0.68235296 0.6 0.49803922
0.6784314 0.654902 0.69411767 0.7019608 0.7372549 0.7529412 0.64705884 0.4392157 0.31764707 0.32941177 0.32941177 0.31764707 0.31764707 0.3137255 0.29411766 0.29803923 0.2784314 0.29803923 0.3019608 0.30588236 0.3137255 0.38431373 0.4509804 0.3019608 0.26666668 0.34509805 0.36862746 0.4745098 0.67058825 0.6862745 0.6117647 0.56078434
0.7529412 0.76862746 0.7764706 0.78039217 0.7882353 0.7490196 0.5372549 0.39215687 0.3372549 0.31764707 0.2901961 0.30980393 0.30588236 0.32941177 0.3372549 0.3372549 0.30588236 0.2901961 0.3137255 0.35686275 0.39607844 0.3764706 0.29803923 0.26666668 0.4117647 0.40392157 0.47843137 0.5921569 0.7137255 0.73333335 0.56078434 0.56078434
0.8156863 0.81960785 0.8235294 0.8117647 0.7764706 0.56078434 0.34117648 0.3019608 0.3137255 0.30980393 0.3137255 0.34509805 0.3019608 0.34901962 0.34509805 0.30588236 0.35686275 0.3647059 0.3137255 0.39607844 0.38431373 0.39607844 0.39607844 0.5176471 0.47058824 0.49803922 0.56078434 0.69803923 0.7529412 0.7372549 0.6745098 0.5647059
0.79607844 0.78039217 0.76862746 0.7529412 0.654902 0.49411765 0.35686275 0.30980393 0.3019608 0.30588236 0.36862746 0.29411766 0.2901961 0.34509805 0.34509805 0.31764707 0.4117647 0.38039216 0.34117648 0.42745098 0.37254903 0.39215687 0.40392157 0.5647059 0.58431375 0.6039216 0.64705884 0.7607843 0.7607843 0.7176471 0.7647059 0.7529412
0.7921569 0.77254903 0.75686276 0.76862746 0.58431375 0.4 0.3529412 0.3529412 0.34117648 0.3254902 0.34117648 0.3529412 0.3529412 0.36078432 0.38039216 0.31764707 0.3764706 0.3647059 0.34901962 0.47058824 0.4392157 0.39215687 0.47843137 0.57254905 0.6156863 0.69803923 0.7490196 0.7490196 0.7372549 0.7372549 0.7921569 0.7764706
0.77254903 0.7607843 0.77254903 0.78431374 0.5529412 0.34901962 0.31764707 0.38039216 0.3764706 0.38039216 0.36862746 0.35686275 0.36862746 0.36078432 0.3764706 0.32941177 0.3882353 0.4862745 0.4627451 0.5647059 0.5921569 0.5647059 0.6 0.6117647 0.6784314 0.7529412 0.7254902 0.7176471 0.69411767 0.6509804 0.77254903 0.7019608
0.8156863 0.76862746 0.79607844 0.8039216 0.5686275 0.3647059 0.34901962 0.37254903 0.4 0.39215687 0.38431373 0.31764707 0.4392157 0.36862746 0.3764706 0.4392157 0.50980395 0.54901963 0.58431375 0.6745098 0.6117647 0.627451 0.68235296 0.7411765 0.7529412 0.7411765 0.7372549 0.73333335 0.60784316 0.49803922 0.68235296 0.6666667
0.6627451 0.69803923 0.70980394 0.7529412 0.6431373 0.41568628 0.34117648 0.37254903 0.38039216 0.36862746 0.37254903 0.4117647 0.38431373 0.4117647 0.41568628 0.45490196 0.5529412 0.49803922 0.6627451 0.65882355 0.6627451 0.7372549 0.76862746 0.7529412 0.74509805 0.75686276 0.75686276 0.70980394 0.6901961 0.64705884 0.54509807 0.60784316
0.54509807 0.5568628 0.57254905 0.6431373 0.49019608 0.3254902 0.34117648 0.36078432 0.3372549 0.28627452 0.4 0.4745098 0.42745098 0.50980395 0.39215687 0.4117647 0.5372549 0.5882353 0.69411767 0.61960787 0.76862746 0.83137256 0.77254903 0.7019608 0.7529412 0.74509805 0.7490196 0.7019608 0.69803923 0.60784316 0.49803922 0.57254905
0.58431375 0.5803922 0.5882353 0.63529414 0.44705883 0.36862746 0.39215687 0.29411766 0.2784314 0.36078432 0.42745098 0.4509804 0.4509804 0.49803922 0.41960785 0.52156866 0.6117647 0.7058824 0.7019608 0.6784314 0.74509805 0.7921569 0.7647059 0.7176471 0.6627451 0.6431373 0.70980394 0.63529414 0.6156863 0.6039216 0.5686275 0.5568628
0.62352943 0.60784316 0.627451 0.74509805 0.57254905 0.39607844 0.3019608 0.31764707 0.38039216 0.37254903 0.33333334 0.4745098 0.53333336 0.48235294 0.42352942 0.46666667 0.4745098 0.5921569 0.6745098 0.69803923 0.7372549 0.75686276 0.77254903 0.7372549 0.5882353 0.627451 0.7176471 0.7254902 0.65882355 0.6313726 0.53333336 0.5254902
0.72156864 0.6784314 0.72156864 0.8039216 0.7529412 0.5058824 0.34509805 0.38039216 0.3882353 0.3019608 0.31764707 0.49803922 0.5372549 0.54901963 0.4862745 0.3882353 0.39607844 0.6 0.6901961 0.6784314 0.7411765 0.78039217 0.7764706 0.7411765 0.7019608 0.7411765 0.76862746 0.78431374 0.6784314 0.6509804 0.53333336 0.5019608
0.8156863 0.8156863 0.80784315 0.7882353 0.81960785 0.6862745 0.47058824 0.47058824 0.40392157 0.36078432 0.3882353 0.4862745 0.5294118 0.6509804 0.58431375 0.5568628 0.6431373 0.7294118 0.7294118 0.6627451 0.7607843 0.78039217 0.7607843 0.7294118 0.7254902 0.7529412 0.75686276 0.73333335 0.59607846 0.5568628 0.56078434 0.4862745
0.79607844 0.79607844 0.78039217 0.78431374 0.79607844 0.7647059 0.7019608 0.52156866 0.44313726 0.49411765 0.45882353 0.4627451 0.54509807 0.6117647 0.61960787 0.6784314 0.7607843 0.75686276 0.6745098 0.61960787 0.7529412 0.75686276 0.7490196 0.73333335 0.7372549 0.75686276 0.84313726 0.8784314 0.68235296 0.5019608 0.61960787 0.47843137
0.8039216 0.8 0.8 0.8 0.7764706 0.75686276 0.7294118 0.6862745 0.6313726 0.60784316 0.6 0.5647059 0.5882353 0.5803922 0.6666667 0.68235296 0.68235296 0.6901961 0.67058825 0.627451 0.7176471 0.67058825 0.7294118 0.85882354 0.8392157 0.8352941 0.79607844 0.7647059 0.59607846 0.5137255 0.59607846 0.54509807
0.8117647 0.827451 0.80784315 0.78431374 0.76862746 0.7882353 0.76862746 0.75686276 0.75686276 0.74509805 0.7647059 0.7490196 0.64705884 0.7137255 0.7607843 0.7647059 0.7607843 0.70980394 0.69803923 0.7529412 0.7176471 0.6745098 0.53333336 0.7058824 0.75686276 0.65882355 0.59607846 0.5411765 0.4862745 0.46666667 0.42352942 0.54509807
0.8235294 0.7921569 0.7921569 0.76862746 0.78039217 0.78039217 0.75686276 0.7529412 0.75686276 0.7607843 0.8 0.80784315 0.7529412 0.7647059 0.70980394 0.6117647 0.76862746 0.84313726 0.73333335 0.7921569 0.7176471 0.7647059 0.57254905 0.5058824 0.6431373 0.69411767 0.5921569 0.5254902 0.53333336 0.47058824 0.52156866 0.59607846
0.81960785 0.76862746 0.78039217 0.7137255 0.7607843 0.7647059 0.7647059 0.7921569 0.78039217 0.78431374 0.7372549 0.6784314 0.7529412 0.7882353 0.78039217 0.76862746 0.8235294 0.7607843 0.6431373 0.7607843 0.7529412 0.7529412 0.6627451 0.49411765 0.57254905 0.54901963 0.5058824 0.5294118 0.5529412 0.57254905 0.54509807 0.5647059
0.84313726 0.8 0.74509805 0.74509805 0.78431374 0.7882353 0.7921569 0.8 0.78039217 0.76862746 0.7294118 0.74509805 0.7764706 0.80784315 0.7882353 0.70980394 0.75686276 0.76862746 0.654902 0.6666667 0.79607844 0.70980394 0.5921569 0.49411765 0.53333336 0.627451 0.6627451 0.5921569 0.53333336 0.5686275 0.5137255 0.5294118
28 12 1
