32, 32, 3, 1
0.50980395 0.4745098 0.5176471 0.5176471 0.44313726 0.4117647 0.3647059 0.4117647 0.5137255 0.5254902 0.5254902 0.5411765 0.45882353 0.40784314 0.43529412 0.4627451 0.47843137 0.4627451 0.4509804 0.45882353 0.44705883 0.44313726 0.46666667 0.4862745 0.48235294 0.4862745 0.4509804 0.45490196 0.4862745 0.46666667 0.47843137 0.5176471
0.44705883 0.41960785 0.42745098 0.47058824 0.5137255 0.45490196 0.41960785 0.39215687 0.40784314 0.41568628 0.48235294 0.4509804 0.41960785 0.44705883 0.4862745 0.44705883 0.47843137 0.4392157 0.41960785 0.4509804 0.4627451 0.44705883 0.45490196 0.45882353 0.4392157 0.44705883 0.4745098 0.47058824 0.4862745 0.49019608 0.47058824 0.49411765
0.42745098 0.41960785 0.42352942 0.43137255 0.4862745 0.46666667 0.4392157 0.42352942 0.40392157 0.38039216 0.42745098 0.4 0.4117647 0.49019608 0.5019608 0.45490196 0.43529412 0.28235295 0.34117648 0.45490196 0.48235294 0.47843137 0.4117647 0.39215687 0.39215687 0.47058824 0.5019608 0.52156866 0.5176471 0.46666667 0.47843137 0.4862745
0.39215687 0.41960785 0.42352942 0.41568628 0.47058824 0.5137255 0.41960785 0.4 0.4 0.39607844 0.40784314 0.3882353 0.40784314 0.46666667 0.56078434 0.60784316 0.4745098 0.42352942 0.5019608 0.5294118 0.44705883 0.40784314 0.37254903 0.36078432 0.27058825 0.41568628 0.52156866 0.4862745 0.4862745 0.4745098 0.4745098 0.46666667
0.40392157 0.4117647 0.40784314 0.41960785 0.44705883 0.4627451 0.40784314 0.40392157 0.41960785 0.37254903 0.39215687 0.41960785 0.4117647 0.40392157 0.5411765 0.70980394 0.5254902 0.4745098 0.4509804 0.39215687 0.42352942 0.34901962 0.23529412 0.2901961 0.42352942 0.3764706 0.3764706 0.44313726 0.48235294 0.48235294 0.47058824 0.47843137
0.40392157 0.39607844 0.4 0.41960785 0.4 0.3882353 0.42352942 0.43529412 0.42745098 0.4 0.40392157 0.39215687 0.36862746 0.41960785 0.5411765 0.5764706 0.49019608 0.3764706 0.28235295 0.2627451 0.39607844 0.39607844 0.101960786 0.1764706 0.39215687 0.27450982 0.20784314 0.3764706 0.48235294 0.4627451 0.4627451 0.4745098
0.4117647 0.3882353 0.40784314 0.40784314 0.4117647 0.41568628 0.42745098 0.4509804 0.4117647 0.39607844 0.4 0.4392157 0.44705883 0.4117647 0.44313726 0.5372549 0.5058824 0.34509805 0.36862746 0.41960785 0.58431375 0.44313726 0.06666667 0.09411765 0.27450982 0.21568628 0.12156863 0.32156864 0.45490196 0.44705883 0.4392157 0.45490196
0.39607844 0.41960785 0.43137255 0.4392157 0.46666667 0.4509804 0.43137255 0.43137255 0.40392157 0.39215687 0.47058824 0.5294118 0.4392157 0.3137255 0.34509805 0.44705883 0.45882353 0.43137255 0.4627451 0.5568628 0.61960787 0.36078432 0.19607843 0.2901961 0.4745098 0.21568628 0.11372549 0.37254903 0.48235294 0.48235294 0.45490196 0.42745098
0.3764706 0.4117647 0.44313726 0.4509804 0.4509804 0.4745098 0.4627451 0.5372549 0.4509804 0.43529412 0.6039216 0.6313726 0.5882353 0.36862746 0.24705882 0.3019608 0.39607844 0.5294118 0.52156866 0.65882355 0.5058824 0.34509805 0.47843137 0.5294118 0.39215687 0.13333334 0.21568628 0.45490196 0.50980395 0.5568628 0.54901963 0.47843137
0.41568628 0.41568628 0.4392157 0.44313726 0.43137255 0.44705883 0.47058824 0.49019608 0.4509804 0.4509804 0.44313726 0.44705883 0.5176471 0.40392157 0.28627452 0.33333334 0.3254902 0.42745098 0.4627451 0.5254902 0.3372549 0.34117648 0.52156866 0.48235294 0.19607843 0.09411765 0.34901962 0.5294118 0.54901963 0.54509807 0.5176471 0.49019608
0.4117647 0.43529412 0.44705883 0.41960785 0.41960785 0.42745098 0.42745098 0.42352942 0.47058824 0.47843137 0.43137255 0.3254902 0.3882353 0.39607844 0.3372549 0.3372549 0.4 0.5372549 0.5529412 0.40784314 0.30980393 0.38039216 0.5176471 0.30980393 0.05882353 0.19215687 0.49411765 0.5921569 0.5647059 0.5372549 0.52156866 0.47843137
0.42745098 0.45882353 0.44313726 0.41568628 0.44313726 0.43137255 0.41568628 0.43529412 0.49803922 0.57254905 0.49019608 0.4 0.4117647 0.4 0.42745098 0.41568628 0.5254902 0.54509807 0.5372549 0.627451 0.5019608 0.5058824 0.4745098 0.15686275 0.09411765 0.34901962 0.5372549 0.5686275 0.5803922 0.5058824 0.52156866 0.42745098
0.4117647 0.42352942 0.41960785 0.44705883 0.4862745 0.4745098 0.48235294 0.4627451 0.52156866 0.54901963 0.45490196 0.49019608 0.4509804 0.39607844 0.44705883 0.5764706 0.64705884 0.5019608 0.42745098 0.6117647 0.6117647 0.627451 0.3882353 0.11372549 0.28235295 0.44705883 0.5176471 0.57254905 0.6 0.5137255 0.45882353 0.42745098
0.4 0.4 0.42745098 0.44313726 0.4862745 0.48235294 0.42745098 0.53333336 0.5058824 0.41568628 0.4 0.43529412 0.5294118 0.47058824 0.5176471 0.6313726 0.5529412 0.54901963 0.5529412 0.5647059 0.5882353 0.6392157 0.32156864 0.21176471 0.42745098 0.43529412 0.5411765 0.62352943 0.64705884 0.6313726 0.46666667 0.4627451
0.46666667 0.4862745 0.5019608 0.4862745 0.42352942 0.40392157 0.36078432 0.45882353 0.5058824 0.35686275 0.36078432 0.3882353 0.5019608 0.48235294 0.65882355 0.7411765 0.61960787 0.5254902 0.59607846 0.61960787 0.5764706 0.5176471 0.3764706 0.5411765 0.5647059 0.43137255 0.5764706 0.5176471 0.5411765 0.5254902 0.50980395 0.52156866
0.5058824 0.5176471 0.53333336 0.5137255 0.4862745 0.47058824 0.45490196 0.40392157 0.42352942 0.3372549 0.41960785 0.36862746 0.53333336 0.6666667 0.7176471 0.64705884 0.6431373 0.5411765 0.5647059 0.5686275 0.4862745 0.5647059 0.5529412 0.54901963 0.5803922 0.4745098 0.5019608 0.47843137 0.5254902 0.5882353 0.5647059 0.47843137
0.52156866 0.5529412 0.49803922 0.4117647 0.4745098 0.48235294 0.35686275 0.45882353 0.43529412 0.39215687 0.36078432 0.3647059 0.6392157 0.73333335 0.67058825 0.6039216 0.6117647 0.5019608 0.48235294 0.54901963 0.5411765 0.5294118 0.44313726 0.3019608 0.23921569 0.22352941 0.3647059 0.4627451 0.5294118 0.5372549 0.47843137 0.44705883
0.5372549 0.5686275 0.4392157 0.38431373 0.40392157 0.3254902 0.30588236 0.44705883 0.41960785 0.3647059 0.30980393 0.40392157 0.5019608 0.7058824 0.6901961 0.58431375 0.6156863 0.5764706 0.52156866 0.4 0.23137255 0.2 0.16078432 0.12941177 0.21568628 0.44705883 0.5529412 0.4745098 0.44313726 0.4117647 0.40784314 0.42352942
0.5176471 0.46666667 0.4627451 0.5764706 0.40784314 0.23921569 0.34901962 0.5803922 0.49411765 0.36862746 0.39607844 0.4392157 0.47843137 0.7176471 0.62352943 0.5529412 0.60784316 0.5529412 0.49019608 0.2784314 0.14901961 0.21960784 0.21176471 0.34901962 0.49803922 0.53333336 0.49019608 0.41960785 0.41568628 0.4392157 0.42352942 0.44313726
0.47843137 0.39215687 0.52156866 0.58431375 0.43137255 0.4117647 0.49411765 0.6156863 0.49803922 0.40392157 0.43529412 0.36862746 0.5176471 0.654902 0.5882353 0.5372549 0.6117647 0.52156866 0.3764706 0.18431373 0.3372549 0.43137255 0.48235294 0.5411765 0.52156866 0.49803922 0.43529412 0.40392157 0.41568628 0.46666667 0.4745098 0.49019608
0.54901963 0.6039216 0.61960787 0.7058824 0.8039216 0.76862746 0.62352943 0.5294118 0.43137255 0.42352942 0.5372549 0.47843137 0.5372549 0.62352943 0.6156863 0.5882353 0.5176471 0.34901962 0.21568628 0.28235295 0.49411765 0.5254902 0.5411765 0.52156866 0.5019608 0.5176471 0.45882353 0.41568628 0.42745098 0.49019608 0.5058824 0.52156866
0.5058824 0.5372549 0.5686275 0.8039216 0.9490196 0.8901961 0.70980394 0.54901963 0.5294118 0.49803922 0.4862745 0.5372549 0.5137255 0.5372549 0.62352943 0.5803922 0.43137255 0.2901961 0.3019608 0.4392157 0.5137255 0.5372549 0.5176471 0.5176471 0.5294118 0.49803922 0.45490196 0.4509804 0.50980395 0.5019608 0.49803922 0.5294118
0.5411765 0.6117647 0.59607846 0.7176471 0.827451 0.84705883 0.8 0.5176471 0.46666667 0.45882353 0.44313726 0.45490196 0.36862746 0.4392157 0.627451 0.7137255 0.63529414 0.5058824 0.49019608 0.5058824 0.5372549 0.5411765 0.5176471 0.5137255 0.5411765 0.48235294 0.44313726 0.44705883 0.5176471 0.5254902 0.52156866 0.5294118
0.7372549 0.8235294 0.7764706 0.8509804 0.8156863 0.75686276 0.8392157 0.72156864 0.4392157 0.44705883 0.56078434 0.59607846 0.5058824 0.6666667 0.78039217 0.7411765 0.7411765 0.5137255 0.33333334 0.36862746 0.53333336 0.5372549 0.5372549 0.5254902 0.5019608 0.47058824 0.41960785 0.4627451 0.49411765 0.4509804 0.5058824 0.54509807
0.75686276 0.73333335 0.80784315 0.9254902 0.85490197 0.69411767 0.53333336 0.57254905 0.5058824 0.50980395 0.54509807 0.6 0.7647059 0.7647059 0.68235296 0.52156866 0.41568628 0.30980393 0.16470589 0.37254903 0.5411765 0.5019608 0.5372549 0.52156866 0.45882353 0.42745098 0.43529412 0.4745098 0.5137255 0.47058824 0.5019608 0.5294118
0.64705884 0.6784314 0.7137255 0.7411765 0.6666667 0.58431375 0.54509807 0.48235294 0.47843137 0.44313726 0.35686275 0.3372549 0.38431373 0.3647059 0.25490198 0.23921569 0.24313726 0.1764706 0.22352941 0.46666667 0.5137255 0.47058824 0.48235294 0.5058824 0.4745098 0.41960785 0.4509804 0.47843137 0.5058824 0.52156866 0.5176471 0.5137255
0.6117647 0.5921569 0.57254905 0.6313726 0.60784316 0.6039216 0.5764706 0.45882353 0.3647059 0.3137255 0.28627452 0.19215687 0.105882354 0.1254902 0.16862746 0.3647059 0.46666667 0.3254902 0.4392157 0.5254902 0.49803922 0.4509804 0.48235294 0.5176471 0.49019608 0.4392157 0.47058824 0.4745098 0.5058824 0.50980395 0.5137255 0.53333336
0.54901963 0.53333336 0.6666667 0.7411765 0.6313726 0.5568628 0.54509807 0.61960787 0.4862745 0.4627451 0.34901962 0.1882353 0.18431373 0.2509804 0.3372549 0.5686275 0.5921569 0.53333336 0.4862745 0.50980395 0.49411765 0.46666667 0.49803922 0.49411765 0.4862745 0.48235294 0.45882353 0.44313726 0.49411765 0.49411765 0.47058824 0.49803922
0.49411765 0.3764706 0.36862746 0.5294118 0.49803922 0.41568628 0.41568628 0.4862745 0.5254902 0.6431373 0.56078434 0.49019608 0.4745098 0.52156866 0.49019608 0.47058824 0.3882353 0.42745098 0.45882353 0.46666667 0.4862745 0.45882353 0.4745098 0.49411765 0.5058824 0.47058824 0.44705883 0.4509804 0.49019608 0.46666667 0.45882353 0.49803922
0.21960784 0.14117648 0.03529412 0.08235294 0.10980392 0.105882354 0.17254902 0.1764706 0.26666668 0.4392157 0.59607846 0.5686275 0.5529412 0.5411765 0.3764706 0.27058825 0.39607844 0.48235294 0.47058824 0.45490196 0.49803922 0.47058824 0.4862745 0.5176471 0.5176471 0.4745098 0.42745098 0.4392157 0.4862745 0.46666667 0.49019608 0.49803922
0.09019608 0.078431375 0.0627451 0.043137256 0.039215688 0.039215688 0.1254902 0.25490198 0.26666668 0.2627451 0.28235295 0.3137255 0.30588236 0.2627451 0.24313726 0.3882353 0.4627451 0.47058824 0.45882353 0.45882353 0.49803922 0.47058824 0.49019608 0.50980395 0.5019608 0.46666667 0.43137255 0.46666667 0.5058824 0.47843137 0.4745098 0.49411765
0.15686275 0.12156863 0.08627451 0.05882353 0.0627451 0.0627451 0.08627451 0.34117648 0.43529412 0.40392157 0.3372549 0.2627451 0.2627451 0.31764707 0.4392157 0.5058824 0.50980395 0.5019608 0.49803922 0.47843137 0.44705883 0.41960785 0.45490196 0.5019608 0.5019608 0.47058824 0.44313726 0.49803922 0.45882353 0.45490196 0.4745098 0.5058824
0.47843137 0.44313726 0.4862745 0.4862745 0.41960785 0.4 0.35686275 0.40392157 0.5058824 0.5137255 0.50980395 0.5372549 0.47058824 0.41568628 0.42352942 0.4392157 0.45882353 0.44705883 0.43529412 0.4392157 0.42745098 0.43137255 0.45882353 0.4745098 0.46666667 0.47058824 0.4392157 0.44705883 0.47843137 0.45882353 0.47058824 0.50980395
0.42745098 0.4 0.40392157 0.4509804 0.49803922 0.44705883 0.4117647 0.38039216 0.4 0.40784314 0.47058824 0.44705883 0.42352942 0.4392157 0.45882353 0.41568628 0.45882353 0.41960785 0.4 0.42352942 0.43529412 0.41960785 0.43529412 0.44705883 0.43529412 0.4392157 0.47058824 0.46666667 0.48235294 0.48235294 0.4627451 0.4862745
0.42352942 0.41568628 0.41960785 0.42352942 0.48235294 0.45882353 0.43137255 0.41568628 0.39607844 0.37254903 0.41568628 0.39607844 0.40392157 0.46666667 0.45490196 0.39607844 0.38431373 0.23529412 0.2901961 0.4 0.42352942 0.41568628 0.36078432 0.35686275 0.37254903 0.45490196 0.49803922 0.52156866 0.5137255 0.4627451 0.4745098 0.47843137
0.3882353 0.41960785 0.41960785 0.41568628 0.4627451 0.5058824 0.4117647 0.39215687 0.39215687 0.3882353 0.39607844 0.38431373 0.39215687 0.43137255 0.5019608 0.5294118 0.39607844 0.3529412 0.43137255 0.45882353 0.3647059 0.30980393 0.28627452 0.29803923 0.21960784 0.37254903 0.5058824 0.49019608 0.48235294 0.47058824 0.46666667 0.45882353
0.39607844 0.40392157 0.40392157 0.4117647 0.4392157 0.45882353 0.40392157 0.4 0.41568628 0.36862746 0.38039216 0.40784314 0.37254903 0.32941177 0.44313726 0.6156863 0.4392157 0.3882353 0.36862746 0.30588236 0.32941177 0.25490198 0.17254902 0.21960784 0.33333334 0.3137255 0.35686275 0.4392157 0.4745098 0.4745098 0.45882353 0.46666667
0.39607844 0.3882353 0.39215687 0.4117647 0.39607844 0.38431373 0.41960785 0.43137255 0.42745098 0.39215687 0.38431373 0.3647059 0.3137255 0.32941177 0.43529412 0.47843137 0.39607844 0.28627452 0.19215687 0.16862746 0.30980393 0.34117648 0.08627451 0.1254902 0.2901961 0.2 0.18431373 0.3647059 0.47058824 0.4509804 0.4509804 0.45882353
0.40392157 0.38039216 0.4 0.4 0.40392157 0.4117647 0.42352942 0.44705883 0.40784314 0.3882353 0.3529412 0.38431373 0.3764706 0.3254902 0.3529412 0.4392157 0.40784314 0.24313726 0.26666668 0.31764707 0.49411765 0.4117647 0.07058824 0.0627451 0.18431373 0.14509805 0.09803922 0.3137255 0.44313726 0.43529412 0.42745098 0.4392157
0.3882353 0.4117647 0.42352942 0.43137255 0.45882353 0.44705883 0.42745098 0.42745098 0.40392157 0.3764706 0.3882353 0.4392157 0.34901962 0.22352941 0.2627451 0.3529412 0.34901962 0.3254902 0.35686275 0.44705883 0.5176471 0.30588236 0.18431373 0.2509804 0.3882353 0.16078432 0.101960786 0.3647059 0.47058824 0.47058824 0.44313726 0.41568628
0.36862746 0.40392157 0.43529412 0.44313726 0.44313726 0.47058824 0.45882353 0.53333336 0.4509804 0.41568628 0.5058824 0.5176471 0.49019608 0.27450982 0.16862746 0.20784314 0.2784314 0.4117647 0.40784314 0.54509807 0.3882353 0.23137255 0.4117647 0.46666667 0.3137255 0.09803922 0.20784314 0.44705883 0.49803922 0.54509807 0.53333336 0.46666667
0.40784314 0.40784314 0.43137255 0.43529412 0.41960785 0.43137255 0.45882353 0.48235294 0.44705883 0.44313726 0.39607844 0.37254903 0.43137255 0.30980393 0.20392157 0.24313726 0.21960784 0.32156864 0.3529412 0.41960785 0.21960784 0.20784314 0.41960785 0.4117647 0.14901961 0.07450981 0.33333334 0.5137255 0.54509807 0.5411765 0.5019608 0.47058824
0.40392157 0.42745098 0.4392157 0.4117647 0.40784314 0.41960785 0.42352942 0.41960785 0.46666667 0.47058824 0.40392157 0.26666668 0.3019608 0.29803923 0.24705882 0.24313726 0.29803923 0.43529412 0.4509804 0.30588236 0.20392157 0.27058825 0.42745098 0.25490198 0.039215688 0.1882353 0.4745098 0.5686275 0.54509807 0.5176471 0.5019608 0.45882353
0.41960785 0.4509804 0.43529412 0.40784314 0.4392157 0.42352942 0.40784314 0.41960785 0.48235294 0.54901963 0.43529412 0.3137255 0.30588236 0.2901961 0.32941177 0.31764707 0.41960785 0.44313726 0.43529412 0.5254902 0.40392157 0.42352942 0.4117647 0.11764706 0.08235294 0.3529412 0.52156866 0.5294118 0.5294118 0.45882353 0.49019608 0.40784314
0.40392157 0.41568628 0.4117647 0.4392157 0.47058824 0.4509804 0.44705883 0.41568628 0.46666667 0.47843137 0.3647059 0.3764706 0.32156864 0.27450982 0.34117648 0.4745098 0.5372549 0.39607844 0.3254902 0.50980395 0.5176471 0.5529412 0.32941177 0.07058824 0.25490198 0.43137255 0.49803922 0.5176471 0.5137255 0.42745098 0.40784314 0.40784314
0.39215687 0.39215687 0.41960785 0.43529412 0.45882353 0.42352942 0.35686275 0.44705883 0.40392157 0.30588236 0.28627452 0.30588236 0.3882353 0.3372549 0.40392157 0.5254902 0.44705883 0.44313726 0.44705883 0.4627451 0.49411765 0.5568628 0.24313726 0.14117648 0.36862746 0.3882353 0.5058824 0.56078434 0.54509807 0.5294118 0.40784314 0.4392157
0.4627451 0.4745098 0.47843137 0.4509804 0.35686275 0.30588236 0.25882354 0.3529412 0.4 0.25882354 0.2627451 0.27450982 0.37254903 0.35686275 0.54901963 0.6627451 0.54901963 0.44313726 0.49411765 0.49803922 0.4509804 0.39607844 0.25882354 0.43137255 0.4627451 0.34117648 0.49019608 0.42745098 0.44705883 0.44705883 0.4627451 0.5019608
0.49803922 0.5019608 0.49803922 0.44705883 0.3882353 0.35686275 0.34117648 0.29411766 0.3254902 0.25490198 0.32941177 0.26666668 0.40784314 0.54509807 0.6117647 0.5686275 0.5803922 0.46666667 0.46666667 0.45882353 0.36078432 0.4392157 0.43137255 0.43529412 0.4745098 0.3764706 0.4 0.3764706 0.44705883 0.53333336 0.5294118 0.45882353
0.50980395 0.5294118 0.44313726 0.31764707 0.35686275 0.3647059 0.24313726 0.34901962 0.3372549 0.30588236 0.26666668 0.25490198 0.5137255 0.60784316 0.56078434 0.5137255 0.5294118 0.42352942 0.40392157 0.4627451 0.45490196 0.44313726 0.35686275 0.21960784 0.16470589 0.15294118 0.2901961 0.39215687 0.4745098 0.49803922 0.45490196 0.43529412
0.52156866 0.5372549 0.36862746 0.2627451 0.26666668 0.2 0.19215687 0.34117648 0.32156864 0.27450982 0.21568628 0.2901961 0.3764706 0.58431375 0.58431375 0.4862745 0.52156866 0.49803922 0.4509804 0.34117648 0.1764706 0.14117648 0.10980392 0.08235294 0.17254902 0.40784314 0.5137255 0.4392157 0.41568628 0.4 0.40784314 0.42352942
0.49411765 0.42745098 0.37254903 0.43529412 0.25490198 0.10980392 0.23529412 0.4745098 0.39607844 0.2784314 0.3019608 0.33333334 0.35686275 0.6 0.52156866 0.45490196 0.5058824 0.47058824 0.43137255 0.23529412 0.11764706 0.18431373 0.1764706 0.3254902 0.48235294 0.52156866 0.48235294 0.4117647 0.41568628 0.44705883 0.43529412 0.4509804
0.42745098 0.29803923 0.39215687 0.44705883 0.30588236 0.29411766 0.38431373 0.50980395 0.39607844 0.3019608 0.3372549 0.2627451 0.40784314 0.54509807 0.48235294 0.43529412 0.5254902 0.45490196 0.3372549 0.17254902 0.33333334 0.41568628 0.46666667 0.5254902 0.5137255 0.4862745 0.42745098 0.4 0.4117647 0.46666667 0.47843137 0.49019608
0.47843137 0.47843137 0.47843137 0.58431375 0.69803923 0.6627451 0.5176471 0.42352942 0.3254902 0.31764707 0.43137255 0.37254903 0.43137255 0.5176471 0.50980395 0.49411765 0.44313726 0.29411766 0.1882353 0.2784314 0.49803922 0.52156866 0.5294118 0.50980395 0.49019608 0.5019608 0.4509804 0.40784314 0.41960785 0.48235294 0.49803922 0.5137255
0.4392157 0.41960785 0.4392157 0.69803923 0.85882354 0.7882353 0.6039216 0.44313726 0.42352942 0.39215687 0.3764706 0.42745098 0.40392157 0.43137255 0.5137255 0.48235294 0.3529412 0.22745098 0.2627451 0.41960785 0.5058824 0.5294118 0.5058824 0.5058824 0.5176471 0.48235294 0.44313726 0.44313726 0.5019608 0.49803922 0.49019608 0.52156866
0.4745098 0.5019608 0.48235294 0.63529414 0.7490196 0.7490196 0.69803923 0.41568628 0.36078432 0.34901962 0.3254902 0.3372549 0.24705882 0.31764707 0.5058824 0.6039216 0.54901963 0.43137255 0.4392157 0.4745098 0.52156866 0.53333336 0.5058824 0.5019608 0.5294118 0.46666667 0.43137255 0.4392157 0.50980395 0.5176471 0.5137255 0.52156866
0.67058825 0.72156864 0.6745098 0.78431374 0.7490196 0.6627451 0.7372549 0.6156863 0.32941177 0.33333334 0.4392157 0.47058824 0.3764706 0.53333336 0.6431373 0.61960787 0.6431373 0.4392157 0.2784314 0.33333334 0.5137255 0.5254902 0.5294118 0.5137255 0.49019608 0.45490196 0.4117647 0.45490196 0.4862745 0.44313726 0.49803922 0.5372549
0.7019608 0.65882355 0.7294118 0.85882354 0.7764706 0.5921569 0.42352942 0.4509804 0.3764706 0.37254903 0.40784314 0.46666667 0.6392157 0.6431373 0.5411765 0.4 0.33333334 0.24705882 0.1254902 0.35686275 0.5372549 0.49411765 0.5294118 0.5137255 0.44705883 0.41960785 0.42745098 0.46666667 0.5058824 0.4627451 0.49411765 0.52156866
0.6 0.6156863 0.627451 0.63529414 0.56078434 0.4862745 0.43529412 0.37254903 0.3647059 0.32941177 0.24705882 0.23137255 0.29411766 0.27450982 0.14509805 0.12941177 0.16470589 0.11764706 0.1882353 0.45490196 0.50980395 0.46666667 0.4745098 0.49803922 0.46666667 0.4117647 0.44313726 0.47058824 0.49803922 0.5137255 0.50980395 0.5058824
0.5647059 0.53333336 0.47843137 0.49411765 0.45882353 0.4627451 0.4392157 0.32941177 0.2509804 0.21176471 0.20392157 0.12156863 0.050980393 0.07058824 0.09411765 0.27450982 0.38431373 0.2627451 0.4 0.50980395 0.49411765 0.44705883 0.4745098 0.50980395 0.48235294 0.43137255 0.4627451 0.46666667 0.49803922 0.5019608 0.5058824 0.5254902
0.5058824 0.49803922 0.6 0.6156863 0.47058824 0.38039216 0.37254903 0.4509804 0.32941177 0.31764707 0.25490198 0.11764706 0.12156863 0.1882353 0.2509804 0.47843137 0.5176471 0.4745098 0.45490196 0.49803922 0.49411765 0.45882353 0.49019608 0.4862745 0.47843137 0.4745098 0.4509804 0.43529412 0.4862745 0.4862745 0.4627451 0.49019608
0.4627451 0.36862746 0.3372549 0.44313726 0.3882353 0.30588236 0.29803923 0.36078432 0.39215687 0.5137255 0.43529412 0.3764706 0.3764706 0.42352942 0.36862746 0.35686275 0.30588236 0.3647059 0.42352942 0.45490196 0.48235294 0.4509804 0.46666667 0.4862745 0.49803922 0.4627451 0.4392157 0.44313726 0.48235294 0.45882353 0.4509804 0.49019608
0.20392157 0.14117648 0.02745098 0.050980393 0.07058824 0.07058824 0.12941177 0.12941177 0.21960784 0.38039216 0.49411765 0.45882353 0.45882353 0.45490196 0.2901961 0.2 0.3529412 0.44705883 0.44705883 0.4392157 0.4862745 0.4627451 0.47843137 0.50980395 0.50980395 0.46666667 0.41960785 0.43137255 0.47843137 0.45882353 0.48235294 0.49019608
0.08235294 0.07058824 0.05490196 0.03529412 0.023529412 0.015686275 0.101960786 0.23137255 0.2509804 0.23921569 0.22352941 0.24705882 0.2509804 0.21568628 0.20392157 0.3647059 0.4509804 0.45882353 0.44705883 0.44705883 0.4862745 0.4627451 0.48235294 0.5019608 0.49411765 0.45882353 0.42352942 0.45882353 0.49803922 0.47058824 0.46666667 0.4862745
0.14901961 0.11372549 0.078431375 0.050980393 0.047058824 0.03529412 0.0627451 0.3137255 0.4117647 0.3764706 0.30588236 0.22745098 0.23529412 0.29411766 0.41568628 0.49019608 0.49803922 0.49019608 0.4862745 0.46666667 0.4392157 0.4117647 0.44705883 0.49411765 0.49411765 0.4627451 0.43529412 0.49019608 0.4509804 0.44705883 0.46666667 0.49803922
0.52156866 0.4862745 0.5294118 0.5294118 0.46666667 0.45490196 0.40784314 0.45490196 0.56078434 0.5647059 0.5372549 0.5568628 0.49803922 0.45490196 0.4745098 0.4745098 0.45882353 0.42745098 0.40784314 0.43137255 0.44313726 0.44705883 0.47843137 0.5019608 0.5019608 0.50980395 0.4862745 0.49411765 0.5254902 0.5058824 0.5137255 0.5568628
0.46666667 0.4392157 0.44313726 0.4862745 0.54509807 0.49803922 0.4627451 0.43137255 0.45490196 0.45490196 0.49803922 0.48235294 0.4627451 0.47058824 0.4745098 0.41568628 0.44313726 0.39607844 0.38431373 0.44313726 0.4745098 0.43137255 0.43137255 0.44705883 0.4509804 0.4862745 0.5058824 0.49019608 0.5137255 0.52156866 0.50980395 0.53333336
0.45490196 0.44705883 0.4509804 0.45490196 0.52156866 0.50980395 0.4862745 0.46666667 0.44705883 0.41960785 0.4509804 0.44313726 0.45882353 0.49411765 0.4392157 0.3882353 0.3882353 0.22745098 0.2901961 0.42745098 0.45882353 0.40784314 0.3137255 0.30980393 0.35686275 0.49019608 0.5176471 0.52156866 0.53333336 0.49411765 0.52156866 0.53333336
0.41960785 0.4509804 0.45490196 0.44705883 0.5058824 0.5568628 0.4627451 0.44313726 0.44313726 0.43529412 0.4392157 0.4392157 0.4509804 0.45490196 0.4627451 0.48235294 0.36078432 0.2901961 0.3529412 0.39215687 0.3137255 0.2627451 0.21176471 0.21176471 0.16862746 0.3882353 0.50980395 0.47843137 0.49019608 0.49803922 0.5176471 0.5137255
0.44313726 0.4509804 0.44705883 0.45882353 0.48235294 0.49803922 0.4392157 0.43529412 0.4509804 0.4117647 0.4509804 0.44705883 0.40784314 0.36862746 0.43137255 0.5529412 0.36862746 0.30980393 0.2784314 0.21960784 0.2509804 0.20392157 0.13725491 0.16470589 0.2627451 0.2784314 0.35686275 0.4509804 0.49803922 0.50980395 0.5058824 0.52156866
0.44705883 0.4392157 0.44705883 0.4627451 0.4392157 0.41568628 0.4509804 0.4627451 0.45490196 0.43137255 0.43137255 0.36078432 0.30588236 0.34509805 0.4117647 0.4 0.30588236 0.19607843 0.105882354 0.08235294 0.22745098 0.2901961 0.078431375 0.101960786 0.23529412 0.17254902 0.19215687 0.3882353 0.5058824 0.49411765 0.49803922 0.5137255
0.45882353 0.43137255 0.4509804 0.4509804 0.4509804 0.44313726 0.45490196 0.47843137 0.4392157 0.41568628 0.34901962 0.31764707 0.31764707 0.29803923 0.29411766 0.33333334 0.29411766 0.13725491 0.15686275 0.20784314 0.3882353 0.34901962 0.05882353 0.043137256 0.15294118 0.14509805 0.12156863 0.3372549 0.4745098 0.4745098 0.47843137 0.49411765
0.4392157 0.4627451 0.4745098 0.48235294 0.5019608 0.47843137 0.45882353 0.45882353 0.43529412 0.4 0.34509805 0.33333334 0.2627451 0.18039216 0.19607843 0.24313726 0.23921569 0.21960784 0.24313726 0.33333334 0.4117647 0.23921569 0.15686275 0.22745098 0.3529412 0.16078432 0.1254902 0.3882353 0.5019608 0.5137255 0.49019608 0.47058824
0.41960785 0.45490196 0.4862745 0.49411765 0.4862745 0.5019608 0.49019608 0.5647059 0.48235294 0.4392157 0.45490196 0.40784314 0.4 0.23137255 0.10980392 0.12156863 0.1882353 0.32156864 0.31764707 0.45490196 0.3019608 0.16078432 0.37254903 0.42352942 0.2627451 0.08627451 0.22745098 0.46666667 0.5254902 0.58431375 0.58431375 0.52156866
0.45882353 0.45882353 0.48235294 0.4862745 0.47058824 0.48235294 0.5019608 0.52156866 0.48235294 0.47058824 0.39215687 0.32941177 0.36078432 0.23137255 0.11372549 0.15686275 0.15686275 0.2627451 0.29411766 0.36078432 0.16862746 0.16862746 0.38039216 0.3647059 0.12156863 0.08627451 0.36078432 0.5294118 0.54901963 0.54901963 0.53333336 0.52156866
0.45490196 0.47843137 0.49019608 0.4627451 0.46666667 0.47843137 0.4745098 0.46666667 0.5058824 0.5019608 0.41568628 0.24705882 0.23921569 0.21176471 0.14117648 0.16470589 0.24313726 0.38431373 0.40392157 0.25490198 0.16470589 0.2509804 0.4 0.23137255 0.039215688 0.22352941 0.5254902 0.59607846 0.54509807 0.5019608 0.49803922 0.4745098
0.47058824 0.5019608 0.4862745 0.45882353 0.49411765 0.4862745 0.45882353 0.45882353 0.5058824 0.56078434 0.42352942 0.27450982 0.23529412 0.20784314 0.24313726 0.25490198 0.3764706 0.39607844 0.38431373 0.4627451 0.34901962 0.39607844 0.39607844 0.11764706 0.101960786 0.39215687 0.57254905 0.5647059 0.5294118 0.43137255 0.4509804 0.39215687
0.45490196 0.46666667 0.4627451 0.49019608 0.5254902 0.49803922 0.47843137 0.42745098 0.45882353 0.45882353 0.32156864 0.31764707 0.24705882 0.19607843 0.27450982 0.43529412 0.5137255 0.35686275 0.27058825 0.4392157 0.44313726 0.5058824 0.30980393 0.08235294 0.28627452 0.4627451 0.5254902 0.5294118 0.5019608 0.4 0.3647059 0.38431373
0.44313726 0.44705883 0.46666667 0.48235294 0.49411765 0.4392157 0.36078432 0.42745098 0.3647059 0.24705882 0.21960784 0.23137255 0.30588236 0.2627451 0.34901962 0.49803922 0.43137255 0.40784314 0.39215687 0.38431373 0.40784314 0.4862745 0.21176471 0.14509805 0.38431373 0.39215687 0.4862745 0.53333336 0.50980395 0.49411765 0.3764706 0.43529412
0.5176471 0.5411765 0.52156866 0.4509804 0.30588236 0.22745098 0.2 0.30588236 0.33333334 0.17254902 0.16470589 0.18039216 0.2784314 0.28235295 0.50980395 0.63529414 0.5176471 0.4 0.44313726 0.4392157 0.38039216 0.32156864 0.19607843 0.37254903 0.40392157 0.27450982 0.40784314 0.34901962 0.39215687 0.41960785 0.45882353 0.52156866
0.54901963 0.56078434 0.52156866 0.40784314 0.29411766 0.24705882 0.2627451 0.23529412 0.25490198 0.16470589 0.24313726 0.18431373 0.32941177 0.49019608 0.5882353 0.5529412 0.5568628 0.42745098 0.41568628 0.39607844 0.2901961 0.35686275 0.34901962 0.35686275 0.40392157 0.30980393 0.33333334 0.32156864 0.41568628 0.53333336 0.5568628 0.5019608
0.54509807 0.5529412 0.42745098 0.25882354 0.2784314 0.2901961 0.17254902 0.28627452 0.26666668 0.22745098 0.20784314 0.19607843 0.45490196 0.5686275 0.54509807 0.5058824 0.5176471 0.39607844 0.35686275 0.4 0.38039216 0.3647059 0.29411766 0.1764706 0.14117648 0.14509805 0.28627452 0.39215687 0.4862745 0.5294118 0.5019608 0.49019608
0.5411765 0.52156866 0.3137255 0.17254902 0.19607843 0.16078432 0.13333334 0.2627451 0.24313726 0.21176471 0.16862746 0.24313726 0.3137255 0.5294118 0.54901963 0.45882353 0.49411765 0.4627451 0.41960785 0.30588236 0.14509805 0.10980392 0.08627451 0.07450981 0.18431373 0.43137255 0.54509807 0.4745098 0.45490196 0.4392157 0.44705883 0.47058824
0.5019608 0.38431373 0.2901961 0.32941177 0.19215687 0.09411765 0.18039216 0.3882353 0.31764707 0.21960784 0.2509804 0.27058825 0.28235295 0.52156866 0.45490196 0.3882353 0.44313726 0.42745098 0.40784314 0.23921569 0.13333334 0.20784314 0.20392157 0.34901962 0.5058824 0.54509807 0.5176471 0.45882353 0.45490196 0.4745098 0.45490196 0.47843137
0.42745098 0.23921569 0.29803923 0.3372549 0.23137255 0.25490198 0.3254902 0.43529412 0.32156864 0.23529412 0.27450982 0.2 0.34509805 0.4862745 0.43137255 0.4 0.49803922 0.43529412 0.32156864 0.16078432 0.33333334 0.44313726 0.5019608 0.5647059 0.54901963 0.5254902 0.4745098 0.44705883 0.45882353 0.5058824 0.5137255 0.5294118
0.47843137 0.41960785 0.38431373 0.48235294 0.6117647 0.5921569 0.44705883 0.34901962 0.2509804 0.24705882 0.36078432 0.30588236 0.3647059 0.44705883 0.44313726 0.44705883 0.41568628 0.27058825 0.17254902 0.26666668 0.49411765 0.5372549 0.5568628 0.54509807 0.5372549 0.5568628 0.5019608 0.45882353 0.47058824 0.53333336 0.54901963 0.5647059
0.42745098 0.35686275 0.34509805 0.6039216 0.76862746 0.69803923 0.52156866 0.36862746 0.3529412 0.32156864 0.29803923 0.34117648 0.30980393 0.32941177 0.40784314 0.3882353 0.28235295 0.18039216 0.24705882 0.43529412 0.53333336 0.54901963 0.5294118 0.54509807 0.5647059 0.53333336 0.49803922 0.49411765 0.5529412 0.54509807 0.5411765 0.57254905
0.4509804 0.42745098 0.38431373 0.54509807 0.654902 0.63529414 0.5921569 0.32941177 0.2901961 0.28235295 0.23137255 0.23137255 0.15294118 0.23137255 0.41568628 0.5137255 0.4627451 0.3764706 0.41568628 0.49019608 0.54901963 0.5568628 0.53333336 0.5411765 0.5764706 0.52156866 0.48235294 0.49019608 0.56078434 0.5686275 0.5647059 0.5764706
0.6392157 0.64705884 0.5803922 0.7019608 0.64705884 0.5254902 0.61960787 0.52156866 0.25490198 0.2627451 0.3254902 0.3529412 0.29411766 0.4745098 0.60784316 0.5647059 0.57254905 0.38431373 0.2509804 0.3254902 0.52156866 0.54509807 0.5529412 0.54901963 0.53333336 0.5058824 0.4627451 0.5058824 0.5372549 0.49411765 0.54901963 0.5882353
0.6627451 0.5803922 0.6392157 0.78431374 0.6784314 0.45490196 0.30588236 0.34509805 0.27058825 0.2509804 0.2784314 0.38431373 0.5764706 0.57254905 0.49019608 0.3529412 0.26666668 0.19215687 0.09411765 0.3372549 0.53333336 0.5254902 0.5686275 0.56078434 0.49803922 0.47058824 0.47843137 0.5176471 0.5568628 0.5137255 0.5411765 0.57254905
0.58431375 0.54901963 0.5294118 0.53333336 0.4509804 0.36862746 0.3529412 0.30588236 0.2901961 0.23529412 0.14901961 0.19215687 0.2627451 0.20392157 0.09411765 0.10980392 0.14509805 0.10980392 0.2 0.48235294 0.54901963 0.5137255 0.5254902 0.54901963 0.5176471 0.4627451 0.49411765 0.52156866 0.54901963 0.5647059 0.5568628 0.5568628
0.58431375 0.4862745 0.37254903 0.34901962 0.3137255 0.34901962 0.36862746 0.28627452 0.20784314 0.14901961 0.13725491 0.10980392 0.047058824 0.03529412 0.07450981 0.27058825 0.38039216 0.27058825 0.42745098 0.5529412 0.54509807 0.49803922 0.5254902 0.56078434 0.53333336 0.48235294 0.5137255 0.5176471 0.54901963 0.5529412 0.5568628 0.5764706
0.5411765 0.48235294 0.52156866 0.49411765 0.3254902 0.24705882 0.27450982 0.38039216 0.25882354 0.23137255 0.1764706 0.105882354 0.10980392 0.14117648 0.22352941 0.4509804 0.47058824 0.44313726 0.44313726 0.5058824 0.5137255 0.5058824 0.5411765 0.5372549 0.5294118 0.5254902 0.5019608 0.4862745 0.5372549 0.5372549 0.5137255 0.5411765
0.4862745 0.38039216 0.31764707 0.39607844 0.30588236 0.21176471 0.22745098 0.3019608 0.32941177 0.42352942 0.33333334 0.3254902 0.3372549 0.34509805 0.30980393 0.33333334 0.29411766 0.36862746 0.44313726 0.49019608 0.5294118 0.5019608 0.5176471 0.5372549 0.54901963 0.5137255 0.49019608 0.49411765 0.53333336 0.50980395 0.5019608 0.5411765
0.21176471 0.15294118 0.03137255 0.050980393 0.06666667 0.06666667 0.12156863 0.11372549 0.1882353 0.33333334 0.40784314 0.39215687 0.4 0.38431373 0.23137255 0.19607843 0.3882353 0.4862745 0.49019608 0.49411765 0.54509807 0.5137255 0.5294118 0.56078434 0.56078434 0.5176471 0.47058824 0.48235294 0.5294118 0.50980395 0.53333336 0.5411765
0.08627451 0.07450981 0.0627451 0.039215688 0.039215688 0.043137256 0.11764706 0.23529412 0.24313726 0.22352941 0.19215687 0.21176471 0.22352941 0.19607843 0.19607843 0.38039216 0.4862745 0.49411765 0.48235294 0.48235294 0.52156866 0.50980395 0.53333336 0.5529412 0.54509807 0.50980395 0.4745098 0.50980395 0.54901963 0.52156866 0.5176471 0.5372549
0.15294118 0.11764706 0.08235294 0.05490196 0.05882353 0.05882353 0.078431375 0.32941177 0.42352942 0.3882353 0.32941177 0.25882354 0.26666668 0.32941177 0.45490196 0.5254902 0.53333336 0.5254902 0.52156866 0.5019608 0.4745098 0.45882353 0.49803922 0.54509807 0.54509807 0.5137255 0.4862745 0.5411765 0.5019608 0.49803922 0.5176471 0.54901963
30 22 2
