32, 32, 3, 1
0.8862745 0.8745098 0.8784314 0.8901961 0.8862745 0.89411765 0.89411765 0.88235295 0.8745098 0.88235295 0.8784314 0.8627451 0.8392157 0.84313726 0.87058824 0.87058824 0.8666667 0.85882354 0.85490197 0.84313726 0.8392157 0.7254902 0.64705884 0.654902 0.64705884 0.68235296 0.78431374 0.85882354 0.84705883 0.7372549 0.69803923 0.6901961
0.76862746 0.7137255 0.73333335 0.75686276 0.76862746 0.84313726 0.85882354 0.8352941 0.8 0.83137256 0.74509805 0.67058825 0.6745098 0.7254902 0.7882353 0.7764706 0.7921569 0.7921569 0.7647059 0.79607844 0.77254903 0.68235296 0.62352943 0.5764706 0.54509807 0.53333336 0.654902 0.7529412 0.69411767 0.57254905 0.6156863 0.6156863
0.6901961 0.5803922 0.6 0.5686275 0.6 0.6745098 0.7058824 0.72156864 0.7372549 0.7294118 0.59607846 0.49803922 0.5058824 0.54509807 0.5764706 0.5568628 0.53333336 0.5411765 0.6117647 0.7058824 0.6313726 0.6117647 0.5882353 0.5137255 0.5058824 0.4627451 0.47843137 0.5137255 0.4862745 0.4745098 0.47058824 0.49411765
0.62352943 0.54901963 0.53333336 0.5254902 0.5294118 0.5411765 0.54509807 0.56078434 0.627451 0.5647059 0.4745098 0.45882353 0.4627451 0.46666667 0.4862745 0.47843137 0.43137255 0.41960785 0.4627451 0.53333336 0.49803922 0.49019608 0.49411765 0.42745098 0.42745098 0.42745098 0.41960785 0.44313726 0.4392157 0.4392157 0.43529412 0.46666667
0.5921569 0.5411765 0.5058824 0.5019608 0.49803922 0.44313726 0.3764706 0.46666667 0.49411765 0.4627451 0.44705883 0.44705883 0.44705883 0.46666667 0.45490196 0.43529412 0.42745098 0.41568628 0.40784314 0.42745098 0.44313726 0.44705883 0.4392157 0.38431373 0.38431373 0.38431373 0.38431373 0.42352942 0.4509804 0.42745098 0.4392157 0.45490196
0.52156866 0.49803922 0.46666667 0.4745098 0.47843137 0.34901962 0.16078432 0.32156864 0.43529412 0.44705883 0.43529412 0.43137255 0.44313726 0.46666667 0.4509804 0.42352942 0.41960785 0.40784314 0.40392157 0.40784314 0.40784314 0.40392157 0.40392157 0.3647059 0.36862746 0.36078432 0.3529412 0.41960785 0.45490196 0.41960785 0.42745098 0.4509804
0.44705883 0.45882353 0.44705883 0.47058824 0.44313726 0.20784314 0.12156863 0.14117648 0.24705882 0.4 0.40784314 0.40392157 0.42352942 0.45490196 0.44705883 0.43137255 0.41568628 0.39607844 0.38039216 0.39215687 0.39215687 0.36078432 0.3529412 0.34901962 0.36078432 0.3529412 0.34901962 0.40392157 0.4509804 0.4509804 0.42352942 0.41568628
0.44313726 0.45882353 0.4392157 0.4392157 0.35686275 0.16862746 0.21568628 0.09019608 0.078431375 0.25490198 0.39607844 0.3882353 0.39607844 0.42352942 0.41960785 0.41960785 0.40784314 0.37254903 0.35686275 0.38039216 0.36862746 0.3529412 0.34117648 0.33333334 0.3372549 0.34509805 0.3647059 0.37254903 0.41568628 0.42352942 0.41568628 0.38039216
0.44313726 0.42352942 0.43137255 0.38431373 0.2627451 0.18039216 0.15294118 0.047058824 0.06666667 0.12156863 0.29411766 0.38431373 0.3882353 0.39215687 0.3882353 0.40784314 0.40392157 0.3647059 0.34509805 0.37254903 0.3529412 0.3372549 0.34509805 0.36078432 0.3254902 0.3254902 0.3647059 0.36078432 0.37254903 0.36862746 0.40392157 0.38431373
0.43137255 0.36078432 0.3529412 0.30980393 0.19215687 0.1254902 0.078431375 0.02745098 0.078431375 0.08235294 0.1254902 0.30588236 0.34509805 0.3647059 0.36862746 0.3882353 0.39215687 0.36078432 0.30980393 0.29411766 0.28627452 0.29411766 0.28627452 0.3019608 0.29803923 0.33333334 0.34901962 0.32941177 0.3647059 0.38039216 0.38431373 0.39607844
0.4117647 0.3372549 0.29803923 0.22352941 0.19607843 0.09019608 0.06666667 0.039215688 0.09019608 0.10980392 0.05882353 0.105882354 0.18039216 0.31764707 0.35686275 0.32941177 0.30588236 0.25490198 0.17254902 0.09803922 0.08627451 0.11764706 0.12156863 0.10980392 0.13725491 0.23921569 0.37254903 0.34117648 0.35686275 0.41568628 0.34901962 0.35686275
0.38039216 0.30980393 0.28627452 0.14509805 0.12941177 0.16470589 0.21568628 0.08235294 0.07058824 0.09411765 0.047058824 0.05882353 0.0627451 0.13333334 0.21568628 0.19607843 0.16470589 0.14509805 0.10980392 0.047058824 0.043137256 0.0627451 0.09019608 0.10980392 0.101960786 0.10980392 0.2627451 0.34509805 0.3529412 0.4392157 0.3647059 0.2901961
0.36078432 0.30980393 0.29803923 0.20784314 0.2509804 0.27450982 0.3019608 0.15686275 0.06666667 0.06666667 0.05490196 0.05490196 0.0627451 0.07450981 0.11372549 0.11764706 0.13725491 0.14509805 0.08627451 0.05490196 0.06666667 0.08235294 0.09803922 0.10980392 0.12156863 0.12156863 0.13333334 0.25882354 0.38039216 0.43137255 0.4117647 0.34509805
0.36862746 0.34901962 0.30588236 0.29411766 0.34901962 0.31764707 0.3137255 0.23137255 0.07058824 0.08235294 0.08235294 0.0627451 0.0627451 0.078431375 0.101960786 0.09411765 0.105882354 0.12156863 0.07058824 0.047058824 0.050980393 0.06666667 0.0627451 0.078431375 0.12941177 0.13725491 0.105882354 0.23529412 0.50980395 0.5647059 0.59607846 0.5921569
0.41568628 0.40392157 0.38039216 0.38431373 0.41960785 0.39607844 0.42352942 0.39607844 0.14901961 0.09411765 0.09411765 0.06666667 0.07058824 0.08235294 0.09803922 0.09411765 0.101960786 0.11372549 0.078431375 0.06666667 0.0627451 0.06666667 0.050980393 0.15294118 0.32156864 0.20392157 0.10980392 0.21960784 0.6666667 0.7882353 0.8 0.8
0.6627451 0.6431373 0.67058825 0.6901961 0.7019608 0.69411767 0.7254902 0.69803923 0.26666668 0.11764706 0.12156863 0.11372549 0.10980392 0.101960786 0.1254902 0.1254902 0.11764706 0.12941177 0.12156863 0.08235294 0.09411765 0.09803922 0.078431375 0.3529412 0.58431375 0.35686275 0.15294118 0.13333334 0.5137255 0.8039216 0.8117647 0.8117647
0.8627451 0.84313726 0.827451 0.8392157 0.8392157 0.8352941 0.8392157 0.76862746 0.32941177 0.16470589 0.16470589 0.16862746 0.1764706 0.18039216 0.2 0.17254902 0.11372549 0.12156863 0.12941177 0.09411765 0.09019608 0.11372549 0.13333334 0.46666667 0.7176471 0.6 0.34901962 0.13333334 0.2901961 0.72156864 0.7921569 0.7764706
0.85882354 0.84705883 0.8392157 0.84313726 0.8117647 0.8235294 0.8392157 0.7882353 0.42352942 0.17254902 0.19607843 0.1882353 0.19215687 0.21176471 0.21568628 0.17254902 0.09803922 0.05882353 0.18039216 0.4 0.12941177 0.101960786 0.17254902 0.54509807 0.78039217 0.7254902 0.627451 0.2784314 0.16470589 0.5647059 0.75686276 0.7647059
0.8627451 0.85490197 0.85882354 0.84313726 0.8117647 0.8235294 0.8235294 0.80784315 0.4862745 0.16862746 0.21568628 0.20784314 0.17254902 0.14509805 0.11372549 0.07450981 0.09019608 0.23137255 0.58431375 0.7254902 0.21568628 0.078431375 0.16862746 0.5529412 0.7647059 0.7411765 0.75686276 0.5568628 0.19607843 0.34509805 0.6745098 0.7647059
0.85882354 0.83137256 0.83137256 0.83137256 0.8392157 0.8352941 0.8352941 0.78039217 0.4392157 0.2 0.20392157 0.20784314 0.13333334 0.105882354 0.24705882 0.36078432 0.5137255 0.7058824 0.78431374 0.7882353 0.40784314 0.07058824 0.11764706 0.36862746 0.72156864 0.7764706 0.8 0.7607843 0.46666667 0.2627451 0.5568628 0.7607843
0.8745098 0.87058824 0.85882354 0.84313726 0.8509804 0.87058824 0.8235294 0.49019608 0.21176471 0.21176471 0.3254902 0.58431375 0.32941177 0.12941177 0.62352943 0.827451 0.84705883 0.83137256 0.8156863 0.83137256 0.6156863 0.11764706 0.09803922 0.16862746 0.5568628 0.79607844 0.79607844 0.80784315 0.7411765 0.50980395 0.4862745 0.7254902
0.8627451 0.8352941 0.8235294 0.8156863 0.8352941 0.8039216 0.5176471 0.27450982 0.4117647 0.58431375 0.7254902 0.79607844 0.6117647 0.21176471 0.6117647 0.827451 0.8117647 0.8039216 0.8039216 0.8156863 0.7058824 0.21176471 0.24705882 0.18039216 0.29803923 0.7137255 0.79607844 0.7921569 0.7764706 0.7294118 0.6784314 0.7294118
0.85882354 0.827451 0.83137256 0.83137256 0.8392157 0.78431374 0.38431373 0.49019608 0.7921569 0.8117647 0.8 0.8 0.75686276 0.3254902 0.5019608 0.81960785 0.8039216 0.79607844 0.8235294 0.83137256 0.6666667 0.28627452 0.6156863 0.41568628 0.20392157 0.627451 0.78431374 0.78039217 0.75686276 0.76862746 0.7764706 0.78039217
0.827451 0.827451 0.81960785 0.8117647 0.81960785 0.79607844 0.44313726 0.63529414 0.8117647 0.80784315 0.8352941 0.8392157 0.827451 0.40784314 0.41568628 0.80784315 0.8117647 0.8039216 0.8156863 0.81960785 0.47058824 0.45882353 0.78431374 0.7058824 0.2901961 0.48235294 0.79607844 0.7764706 0.7647059 0.76862746 0.79607844 0.8
0.81960785 0.8 0.75686276 0.76862746 0.8039216 0.77254903 0.41568628 0.60784316 0.81960785 0.8 0.80784315 0.8235294 0.83137256 0.56078434 0.4117647 0.78431374 0.8039216 0.7921569 0.80784315 0.7019608 0.33333334 0.6627451 0.78039217 0.8117647 0.47058824 0.3254902 0.7607843 0.8039216 0.7764706 0.76862746 0.79607844 0.7764706
0.83137256 0.8 0.78039217 0.78431374 0.78431374 0.78039217 0.49019608 0.5568628 0.7058824 0.69411767 0.77254903 0.78039217 0.7882353 0.6862745 0.40784314 0.7058824 0.74509805 0.7294118 0.7294118 0.49411765 0.39215687 0.68235296 0.6784314 0.7254902 0.5686275 0.29411766 0.6039216 0.7176471 0.7411765 0.7176471 0.73333335 0.74509805
0.827451 0.81960785 0.81960785 0.8 0.7882353 0.8 0.7411765 0.6156863 0.6117647 0.7058824 0.73333335 0.62352943 0.56078434 0.5254902 0.30588236 0.4509804 0.5372549 0.5686275 0.6 0.47843137 0.45882353 0.5803922 0.5568628 0.5764706 0.5176471 0.29803923 0.3764706 0.6117647 0.6784314 0.6745098 0.70980394 0.7490196
0.7921569 0.8039216 0.81960785 0.81960785 0.80784315 0.81960785 0.80784315 0.6862745 0.6784314 0.75686276 0.73333335 0.6313726 0.53333336 0.49803922 0.32156864 0.5137255 0.654902 0.6862745 0.7058824 0.6156863 0.6509804 0.7137255 0.68235296 0.7019608 0.6627451 0.5254902 0.6039216 0.7490196 0.7529412 0.75686276 0.76862746 0.78039217
0.8039216 0.8117647 0.8117647 0.78431374 0.7764706 0.80784315 0.79607844 0.7921569 0.78431374 0.7882353 0.7882353 0.78431374 0.74509805 0.72156864 0.6745098 0.75686276 0.80784315 0.8 0.78431374 0.75686276 0.7647059 0.7921569 0.77254903 0.78039217 0.7921569 0.7882353 0.78431374 0.77254903 0.77254903 0.7607843 0.7607843 0.7490196
0.80784315 0.8156863 0.80784315 0.76862746 0.8 0.83137256 0.83137256 0.8156863 0.7921569 0.8039216 0.81960785 0.79607844 0.7882353 0.8 0.827451 0.81960785 0.8235294 0.8039216 0.77254903 0.78039217 0.76862746 0.7647059 0.7764706 0.7764706 0.7607843 0.77254903 0.75686276 0.7607843 0.7647059 0.7647059 0.78039217 0.74509805
0.7764706 0.79607844 0.8 0.78431374 0.8039216 0.8156863 0.8 0.7921569 0.79607844 0.81960785 0.8 0.78039217 0.77254903 0.8 0.83137256 0.8156863 0.7882353 0.77254903 0.7764706 0.77254903 0.7372549 0.7372549 0.76862746 0.78039217 0.77254903 0.76862746 0.7607843 0.7490196 0.73333335 0.77254903 0.76862746 0.74509805
0.75686276 0.7921569 0.8235294 0.827451 0.84313726 0.8117647 0.7882353 0.8039216 0.79607844 0.79607844 0.79607844 0.8 0.7921569 0.8039216 0.8039216 0.79607844 0.7882353 0.7882353 0.7921569 0.7921569 0.7764706 0.78431374 0.77254903 0.79607844 0.8235294 0.8 0.7607843 0.7764706 0.78431374 0.80784315 0.78039217 0.7529412
0.98039216 0.96862745 0.96862745 0.9882353 0.99215686 1.0 1.0 1.0 1.0 0.99607843 0.972549 0.9529412 0.95686275 0.9607843 0.9882353 0.99215686 0.9882353 0.9764706 0.9764706 0.9647059 0.9372549 0.80784315 0.7176471 0.7137255 0.7019608 0.7647059 0.90588236 0.98039216 0.9411765 0.8039216 0.7529412 0.7294118
0.8509804 0.7921569 0.8117647 0.84313726 0.85490197 0.93333334 0.94509804 0.94509804 0.93333334 0.93333334 0.80784315 0.70980394 0.7254902 0.79607844 0.88235295 0.8901961 0.8901961 0.8862745 0.85882354 0.8862745 0.84705883 0.73333335 0.6627451 0.60784316 0.56078434 0.56078434 0.72156864 0.8235294 0.7372549 0.5882353 0.61960787 0.6039216
0.7254902 0.61960787 0.63529414 0.6156863 0.6509804 0.7254902 0.7529412 0.7882353 0.8235294 0.7882353 0.62352943 0.5058824 0.5058824 0.5568628 0.6039216 0.59607846 0.57254905 0.58431375 0.6509804 0.7490196 0.6627451 0.6313726 0.6 0.5137255 0.48235294 0.43529412 0.49019608 0.5294118 0.47843137 0.4627451 0.4509804 0.45882353
0.6156863 0.54509807 0.5254902 0.52156866 0.5294118 0.54509807 0.54901963 0.5647059 0.63529414 0.5686275 0.47843137 0.45490196 0.4392157 0.43137255 0.4392157 0.42352942 0.40392157 0.40392157 0.44705883 0.5176471 0.49411765 0.4862745 0.48235294 0.40392157 0.3764706 0.3647059 0.39607844 0.41960785 0.40392157 0.42745098 0.41568628 0.43137255
0.56078434 0.50980395 0.4745098 0.4745098 0.4745098 0.42745098 0.36862746 0.4509804 0.45882353 0.43137255 0.42352942 0.41960785 0.41568628 0.42352942 0.4 0.38039216 0.3882353 0.38431373 0.37254903 0.39215687 0.4117647 0.41960785 0.40784314 0.3529412 0.34117648 0.3372549 0.34901962 0.39215687 0.4117647 0.40392157 0.4117647 0.42352942
0.4862745 0.4627451 0.43137255 0.4392157 0.44705883 0.3372549 0.15686275 0.30980393 0.40392157 0.41568628 0.4 0.39607844 0.40784314 0.43137255 0.41568628 0.3882353 0.38431373 0.37254903 0.3647059 0.37254903 0.37254903 0.36862746 0.3647059 0.32941177 0.3372549 0.32941177 0.32156864 0.3882353 0.42352942 0.3882353 0.39215687 0.41568628
0.41568628 0.42352942 0.4117647 0.43529412 0.41568628 0.19607843 0.11764706 0.13333334 0.22745098 0.38039216 0.39215687 0.38431373 0.39215687 0.41960785 0.41568628 0.39607844 0.38039216 0.36078432 0.34509805 0.35686275 0.35686275 0.32941177 0.31764707 0.3137255 0.3254902 0.32156864 0.31764707 0.37254903 0.41960785 0.41960785 0.39215687 0.3882353
0.4117647 0.42745098 0.40784314 0.40392157 0.32941177 0.15686275 0.21176471 0.08235294 0.07058824 0.24705882 0.39215687 0.38039216 0.36862746 0.39215687 0.3882353 0.3882353 0.3764706 0.34117648 0.3254902 0.34901962 0.3372549 0.32156864 0.30980393 0.3019608 0.30588236 0.3137255 0.33333334 0.34117648 0.38431373 0.39607844 0.3882353 0.3529412
0.41568628 0.39215687 0.4 0.34901962 0.23137255 0.16862746 0.14901961 0.043137256 0.05882353 0.11764706 0.29803923 0.38431373 0.3647059 0.3647059 0.35686275 0.38039216 0.37254903 0.3372549 0.31764707 0.34509805 0.32156864 0.30980393 0.3137255 0.33333334 0.29411766 0.29411766 0.33333334 0.32941177 0.34509805 0.34117648 0.3764706 0.35686275
0.40784314 0.33333334 0.3254902 0.29411766 0.18039216 0.12156863 0.078431375 0.02745098 0.07450981 0.08235294 0.12941177 0.3019608 0.32156864 0.32941177 0.32941177 0.34117648 0.34901962 0.32156864 0.2784314 0.26666668 0.2627451 0.26666668 0.25882354 0.2784314 0.28627452 0.32156864 0.30588236 0.2901961 0.34117648 0.34901962 0.34509805 0.36078432
0.3882353 0.3137255 0.27450982 0.21568628 0.19607843 0.09019608 0.06666667 0.03529412 0.08627451 0.101960786 0.050980393 0.09803922 0.15294118 0.2784314 0.30588236 0.27058825 0.2509804 0.20392157 0.13333334 0.07058824 0.0627451 0.09411765 0.09803922 0.08627451 0.13333334 0.23529412 0.3254902 0.2901961 0.33333334 0.38039216 0.30980393 0.31764707
0.35686275 0.28627452 0.2627451 0.1254902 0.11372549 0.14901961 0.2 0.06666667 0.05882353 0.08235294 0.039215688 0.043137256 0.03529412 0.09411765 0.16470589 0.13725491 0.105882354 0.09019608 0.06666667 0.015686275 0.023529412 0.043137256 0.07058824 0.09019608 0.09019608 0.09803922 0.22352941 0.3019608 0.31764707 0.40392157 0.3254902 0.2509804
0.3372549 0.28627452 0.27450982 0.18039216 0.21960784 0.24313726 0.27058825 0.1254902 0.043137256 0.047058824 0.03529412 0.03137255 0.03529412 0.03529412 0.0627451 0.05882353 0.07450981 0.09019608 0.043137256 0.023529412 0.043137256 0.0627451 0.078431375 0.09019608 0.09803922 0.09803922 0.10980392 0.22352941 0.32941177 0.38039216 0.36078432 0.29411766
0.34901962 0.32941177 0.28235295 0.25490198 0.3019608 0.27058825 0.26666668 0.1882353 0.039215688 0.047058824 0.047058824 0.03137255 0.03529412 0.039215688 0.050980393 0.03529412 0.050980393 0.07058824 0.03529412 0.023529412 0.03529412 0.050980393 0.050980393 0.06666667 0.105882354 0.11372549 0.101960786 0.21568628 0.4509804 0.48235294 0.5176471 0.5137255
0.36862746 0.35686275 0.3372549 0.3254902 0.3529412 0.33333334 0.3647059 0.3372549 0.09411765 0.050980393 0.05490196 0.023529412 0.03137255 0.039215688 0.050980393 0.039215688 0.03529412 0.047058824 0.019607844 0.015686275 0.023529412 0.039215688 0.019607844 0.105882354 0.2627451 0.16862746 0.101960786 0.2 0.6039216 0.6901961 0.6862745 0.6901961
0.5921569 0.57254905 0.6 0.6117647 0.61960787 0.6156863 0.6509804 0.6156863 0.19215687 0.06666667 0.078431375 0.050980393 0.050980393 0.043137256 0.07058824 0.06666667 0.039215688 0.047058824 0.050980393 0.011764706 0.03529412 0.05882353 0.03137255 0.27058825 0.4862745 0.29411766 0.12941177 0.10980392 0.45882353 0.7137255 0.6862745 0.6862745
0.7607843 0.74509805 0.7294118 0.7411765 0.73333335 0.7372549 0.7411765 0.67058825 0.24705882 0.105882354 0.11764706 0.09411765 0.09411765 0.09803922 0.12156863 0.09411765 0.047058824 0.0627451 0.07058824 0.02745098 0.03137255 0.07058824 0.09019608 0.39607844 0.61960787 0.50980395 0.29803923 0.10980392 0.2627451 0.6431373 0.68235296 0.6627451
0.7294118 0.7176471 0.7058824 0.7176471 0.6901961 0.7019608 0.7137255 0.6784314 0.3372549 0.10980392 0.13725491 0.101960786 0.105882354 0.12941177 0.12941177 0.09019608 0.043137256 0.011764706 0.12156863 0.3254902 0.06666667 0.05882353 0.12941177 0.48235294 0.6862745 0.62352943 0.54901963 0.23921569 0.14509805 0.50980395 0.6627451 0.65882355
0.73333335 0.7294118 0.7294118 0.7294118 0.7058824 0.7137255 0.70980394 0.7019608 0.39607844 0.09411765 0.14509805 0.11764706 0.105882354 0.08627451 0.050980393 0.015686275 0.03529412 0.17254902 0.5019608 0.61960787 0.14117648 0.039215688 0.12156863 0.4862745 0.6784314 0.6509804 0.65882355 0.48235294 0.15686275 0.3019608 0.59607846 0.6627451
0.7529412 0.7254902 0.7254902 0.73333335 0.7411765 0.73333335 0.7411765 0.69803923 0.36078432 0.12941177 0.13333334 0.1254902 0.078431375 0.06666667 0.20392157 0.2901961 0.43137255 0.62352943 0.6862745 0.6745098 0.32941177 0.03529412 0.08627451 0.3137255 0.64705884 0.69411767 0.6901961 0.6627451 0.4 0.21960784 0.49019608 0.6745098
0.7764706 0.77254903 0.7647059 0.74509805 0.7411765 0.7490196 0.73333335 0.43137255 0.15686275 0.15294118 0.25882354 0.5137255 0.27450982 0.105882354 0.5921569 0.7254902 0.73333335 0.7294118 0.7137255 0.7294118 0.5372549 0.07450981 0.078431375 0.14117648 0.49803922 0.7137255 0.68235296 0.6901961 0.6509804 0.44313726 0.41568628 0.64705884
0.7607843 0.7372549 0.7254902 0.7254902 0.73333335 0.6862745 0.41960785 0.20784314 0.35686275 0.52156866 0.654902 0.72156864 0.5529412 0.1882353 0.5764706 0.7254902 0.69803923 0.7019608 0.7019608 0.7137255 0.6117647 0.13333334 0.2 0.15294118 0.25490198 0.6431373 0.6901961 0.6784314 0.6784314 0.6392157 0.5803922 0.61960787
0.75686276 0.7294118 0.73333335 0.7490196 0.74509805 0.6745098 0.29411766 0.42352942 0.7294118 0.7411765 0.7176471 0.7137255 0.6862745 0.29411766 0.45882353 0.72156864 0.69803923 0.69411767 0.72156864 0.7294118 0.5764706 0.19607843 0.5411765 0.36078432 0.15686275 0.57254905 0.6901961 0.6666667 0.6509804 0.65882355 0.65882355 0.6509804
0.7294118 0.7294118 0.72156864 0.7372549 0.7411765 0.69803923 0.36862746 0.5686275 0.73333335 0.7176471 0.7254902 0.7176471 0.7294118 0.36078432 0.36078432 0.7176471 0.70980394 0.7019608 0.7137255 0.7176471 0.40784314 0.38431373 0.68235296 0.60784316 0.22745098 0.4392157 0.7137255 0.6666667 0.654902 0.6745098 0.6901961 0.6784314
0.72156864 0.7019608 0.65882355 0.6862745 0.7254902 0.6901961 0.34509805 0.54509807 0.7372549 0.70980394 0.7058824 0.7058824 0.7254902 0.5019608 0.34509805 0.69803923 0.70980394 0.69803923 0.7137255 0.6039216 0.2784314 0.6039216 0.68235296 0.7058824 0.4 0.2901961 0.6862745 0.7019608 0.6666667 0.68235296 0.7058824 0.67058825
0.7294118 0.7019608 0.68235296 0.6745098 0.6862745 0.7019608 0.41960785 0.48235294 0.63529414 0.61960787 0.69803923 0.7019608 0.70980394 0.6313726 0.3372549 0.61960787 0.67058825 0.6627451 0.6627451 0.4117647 0.3137255 0.60784316 0.6039216 0.6509804 0.5058824 0.23921569 0.5294118 0.61960787 0.6313726 0.6156863 0.6313726 0.6431373
0.7294118 0.72156864 0.72156864 0.69411767 0.6901961 0.7176471 0.6627451 0.5372549 0.5372549 0.6313726 0.654902 0.54509807 0.49019608 0.48235294 0.24705882 0.37254903 0.47058824 0.5137255 0.5411765 0.40784314 0.3764706 0.49803922 0.47843137 0.5019608 0.44313726 0.21960784 0.2901961 0.50980395 0.5686275 0.57254905 0.60784316 0.64705884
0.69411767 0.7058824 0.72156864 0.72156864 0.7137255 0.7294118 0.7137255 0.59607846 0.5921569 0.6666667 0.6431373 0.54509807 0.4627451 0.45882353 0.27058825 0.4392157 0.58431375 0.61960787 0.6392157 0.5372549 0.5686275 0.62352943 0.59607846 0.6156863 0.5803922 0.44313726 0.5176471 0.654902 0.6509804 0.654902 0.6666667 0.6784314
0.7019608 0.7137255 0.7137255 0.69411767 0.68235296 0.7019608 0.6745098 0.6745098 0.6862745 0.6901961 0.69411767 0.6862745 0.654902 0.6627451 0.6039216 0.6666667 0.7019608 0.69803923 0.68235296 0.654902 0.67058825 0.7019608 0.6784314 0.68235296 0.69803923 0.69411767 0.6901961 0.68235296 0.68235296 0.6627451 0.65882355 0.64705884
0.70980394 0.7176471 0.7058824 0.6784314 0.7058824 0.7176471 0.69803923 0.6901961 0.69411767 0.7058824 0.72156864 0.6901961 0.67058825 0.7176471 0.7372549 0.7058824 0.69411767 0.67058825 0.63529414 0.64705884 0.6627451 0.6745098 0.6784314 0.6784314 0.654902 0.65882355 0.6509804 0.6666667 0.67058825 0.6627451 0.68235296 0.64705884
0.7019608 0.69803923 0.6862745 0.6745098 0.69803923 0.7058824 0.6862745 0.6784314 0.6901961 0.7137255 0.69411767 0.6666667 0.654902 0.6862745 0.7176471 0.69803923 0.67058825 0.654902 0.654902 0.64705884 0.62352943 0.6313726 0.6627451 0.67058825 0.65882355 0.6509804 0.654902 0.65882355 0.6431373 0.65882355 0.6666667 0.65882355
0.67058825 0.69411767 0.70980394 0.7137255 0.7294118 0.7019608 0.6784314 0.69411767 0.68235296 0.68235296 0.6862745 0.6862745 0.68235296 0.69411767 0.69411767 0.68235296 0.6784314 0.68235296 0.6784314 0.6784314 0.6666667 0.6745098 0.65882355 0.6862745 0.70980394 0.68235296 0.654902 0.6901961 0.69803923 0.6901961 0.6745098 0.6666667
1.0 0.99215686 0.9882353 1.0 1.0 1.0 1.0 1.0 1.0 1.0 0.99215686 0.9764706 0.972549 0.9764706 1.0 1.0 1.0 1.0 1.0 0.99607843 0.9882353 0.8745098 0.7764706 0.7607843 0.7490196 0.8 0.92941177 1.0 0.972549 0.8352941 0.7882353 0.76862746
0.8901961 0.83137256 0.8509804 0.8784314 0.8901961 0.9607843 0.9764706 0.96862745 0.9490196 0.9647059 0.8509804 0.7647059 0.77254903 0.8392157 0.9137255 0.91764706 0.9372549 0.9372549 0.9098039 0.9372549 0.8980392 0.7882353 0.70980394 0.6431373 0.59607846 0.59607846 0.7411765 0.84705883 0.7647059 0.6156863 0.64705884 0.6392157
0.7607843 0.6509804 0.67058825 0.64705884 0.6784314 0.7529412 0.78431374 0.8117647 0.8392157 0.8156863 0.65882355 0.54901963 0.5529412 0.6 0.6392157 0.6313726 0.61960787 0.6313726 0.69803923 0.79607844 0.70980394 0.6745098 0.63529414 0.5411765 0.5137255 0.47058824 0.50980395 0.54901963 0.5019608 0.47843137 0.46666667 0.48235294
0.6313726 0.56078434 0.5411765 0.5372549 0.54509807 0.5568628 0.5647059 0.5764706 0.6431373 0.58431375 0.49019608 0.47058824 0.45882353 0.45882353 0.47058824 0.45882353 0.43529412 0.43529412 0.47843137 0.54901963 0.5294118 0.52156866 0.5058824 0.42352942 0.4 0.39215687 0.4117647 0.43529412 0.41960785 0.42745098 0.41568628 0.43529412
0.5764706 0.5254902 0.49019608 0.48235294 0.48235294 0.44313726 0.39215687 0.46666667 0.47058824 0.44705883 0.44705883 0.44313726 0.43137255 0.44313726 0.42352942 0.40392157 0.40784314 0.4 0.39215687 0.4117647 0.43529412 0.44313726 0.43137255 0.36862746 0.3529412 0.34117648 0.34901962 0.39215687 0.4117647 0.40392157 0.4117647 0.42745098
0.49803922 0.4745098 0.44313726 0.44705883 0.45882353 0.3529412 0.18431373 0.3372549 0.42745098 0.44313726 0.43137255 0.42352942 0.42352942 0.44313726 0.42745098 0.4 0.39607844 0.38431373 0.38039216 0.38431373 0.38431373 0.38431373 0.38039216 0.34117648 0.34117648 0.32156864 0.3137255 0.38039216 0.41960785 0.38431373 0.39215687 0.41568628
0.41568628 0.42745098 0.41568628 0.4392157 0.42352942 0.21176471 0.14509805 0.16470589 0.25882354 0.40392157 0.40784314 0.39215687 0.39215687 0.42352942 0.41960785 0.4 0.38431373 0.3647059 0.34901962 0.36078432 0.36078432 0.33333334 0.32156864 0.31764707 0.3254902 0.3137255 0.30980393 0.3647059 0.4117647 0.40784314 0.38039216 0.37254903
0.40392157 0.41568628 0.39607844 0.40392157 0.3372549 0.17254902 0.23529412 0.12156863 0.10980392 0.26666668 0.39215687 0.3647059 0.35686275 0.38039216 0.3764706 0.3764706 0.3647059 0.33333334 0.31764707 0.34117648 0.3254902 0.30980393 0.29803923 0.2901961 0.29803923 0.30588236 0.3254902 0.3372549 0.37254903 0.36862746 0.36078432 0.3254902
0.39215687 0.37254903 0.38039216 0.34509805 0.24313726 0.18431373 0.1764706 0.08627451 0.10980392 0.14117648 0.2901961 0.35686275 0.34117648 0.34509805 0.3372549 0.36078432 0.3529412 0.3137255 0.29411766 0.3254902 0.3019608 0.2901961 0.29411766 0.30980393 0.2784314 0.28627452 0.3254902 0.32156864 0.32941177 0.30588236 0.3372549 0.31764707
0.36862746 0.29803923 0.2901961 0.2901961 0.20392157 0.14509805 0.105882354 0.06666667 0.1254902 0.11764706 0.14901961 0.3137255 0.3254902 0.32941177 0.3254902 0.33333334 0.3254902 0.29411766 0.25490198 0.2509804 0.2627451 0.28235295 0.27058825 0.2901961 0.28627452 0.3019608 0.28627452 0.27058825 0.3137255 0.28627452 0.29411766 0.32156864
0.34117648 0.26666668 0.22745098 0.20784314 0.21568628 0.10980392 0.08627451 0.0627451 0.13333334 0.15294118 0.09803922 0.14117648 0.18039216 0.29803923 0.32156864 0.27058825 0.23921569 0.19215687 0.13333334 0.078431375 0.08627451 0.12941177 0.13333334 0.1254902 0.15294118 0.23137255 0.31764707 0.2784314 0.30588236 0.3254902 0.26666668 0.2901961
0.30980393 0.23921569 0.21568628 0.101960786 0.10980392 0.14509805 0.19607843 0.08235294 0.09411765 0.12156863 0.07450981 0.078431375 0.0627451 0.11372549 0.1764706 0.14117648 0.11372549 0.105882354 0.09411765 0.047058824 0.050980393 0.06666667 0.09411765 0.11372549 0.11372549 0.1254902 0.25882354 0.3137255 0.29803923 0.3764706 0.3019608 0.23529412
0.2901961 0.23921569 0.22352941 0.14117648 0.18431373 0.20784314 0.23137255 0.11764706 0.07058824 0.07450981 0.0627451 0.05882353 0.05882353 0.05490196 0.07450981 0.0627451 0.08235294 0.101960786 0.06666667 0.050980393 0.06666667 0.07450981 0.09019608 0.101960786 0.11764706 0.13725491 0.16078432 0.23137255 0.28235295 0.32156864 0.29803923 0.22352941
0.3019608 0.28235295 0.23921569 0.20392157 0.24313726 0.21176471 0.20784314 0.16470589 0.05882353 0.07058824 0.07058824 0.05490196 0.0627451 0.05882353 0.0627451 0.039215688 0.039215688 0.05882353 0.03137255 0.02745098 0.039215688 0.05490196 0.050980393 0.07058824 0.11372549 0.13725491 0.14117648 0.19215687 0.34901962 0.3647059 0.38431373 0.36078432
0.30588236 0.29803923 0.2784314 0.2509804 0.26666668 0.23529412 0.2509804 0.24705882 0.078431375 0.07058824 0.05882353 0.03137255 0.047058824 0.047058824 0.05490196 0.039215688 0.019607844 0.019607844 0.003921569 0.019607844 0.019607844 0.03137255 0.03137255 0.09411765 0.22352941 0.14509805 0.12156863 0.16862746 0.47843137 0.49411765 0.49803922 0.5019608
0.42745098 0.4117647 0.43529412 0.4392157 0.4392157 0.41960785 0.43137255 0.41960785 0.12941177 0.08235294 0.05490196 0.043137256 0.043137256 0.03137255 0.05490196 0.05882353 0.043137256 0.039215688 0.039215688 0.03137255 0.03137255 0.050980393 0.03137255 0.21176471 0.36078432 0.19215687 0.105882354 0.09803922 0.36862746 0.4862745 0.47843137 0.49019608
0.49803922 0.4862745 0.47058824 0.4862745 0.48235294 0.4745098 0.46666667 0.43529412 0.16470589 0.101960786 0.08627451 0.08627451 0.07058824 0.06666667 0.09019608 0.07058824 0.06666667 0.07058824 0.05882353 0.03137255 0.03137255 0.07058824 0.05882353 0.2627451 0.40784314 0.31764707 0.19607843 0.08235294 0.21568628 0.4627451 0.4745098 0.4509804
0.49411765 0.48235294 0.4745098 0.4862745 0.45882353 0.47843137 0.49411765 0.45882353 0.21568628 0.08627451 0.09803922 0.09411765 0.08235294 0.09803922 0.09803922 0.06666667 0.050980393 0.003921569 0.078431375 0.25490198 0.047058824 0.05882353 0.08235294 0.3137255 0.4392157 0.38431373 0.3647059 0.14509805 0.09411765 0.37254903 0.4627451 0.42352942
0.50980395 0.50980395 0.50980395 0.49019608 0.45882353 0.4862745 0.49803922 0.47058824 0.24313726 0.05490196 0.09803922 0.11372549 0.09019608 0.06666667 0.043137256 0.003921569 0.015686275 0.101960786 0.34901962 0.43529412 0.08627451 0.043137256 0.08627451 0.34117648 0.46666667 0.42352942 0.4117647 0.29803923 0.0627451 0.20392157 0.4 0.4117647
0.49411765 0.4745098 0.47058824 0.4627451 0.45882353 0.4627451 0.4862745 0.48235294 0.24705882 0.078431375 0.07058824 0.09019608 0.07058824 0.05882353 0.13333334 0.2 0.3137255 0.44313726 0.45882353 0.42745098 0.20392157 0.03137255 0.06666667 0.21176471 0.4745098 0.46666667 0.42352942 0.41960785 0.23529412 0.105882354 0.3019608 0.43529412
0.5137255 0.5137255 0.5019608 0.49019608 0.47843137 0.49019608 0.49803922 0.2901961 0.101960786 0.07450981 0.15294118 0.38431373 0.20784314 0.07450981 0.3882353 0.4862745 0.5058824 0.49019608 0.4745098 0.4862745 0.3529412 0.047058824 0.0627451 0.05882353 0.34901962 0.46666667 0.42745098 0.4392157 0.42745098 0.27058825 0.22745098 0.42745098
0.5019608 0.48235294 0.46666667 0.45882353 0.46666667 0.45882353 0.2627451 0.078431375 0.2 0.34509805 0.45882353 0.5058824 0.38039216 0.08627451 0.3882353 0.49019608 0.4627451 0.4627451 0.4627451 0.4745098 0.42745098 0.09019608 0.15686275 0.08235294 0.15294118 0.43529412 0.4392157 0.42352942 0.4509804 0.43137255 0.36078432 0.38039216
0.49803922 0.47058824 0.4745098 0.47058824 0.4745098 0.46666667 0.18039216 0.28627452 0.4862745 0.49019608 0.45882353 0.44705883 0.43529412 0.13725491 0.30980393 0.4862745 0.44705883 0.45490196 0.48235294 0.49019608 0.39607844 0.11372549 0.42745098 0.25490198 0.09019608 0.41960785 0.44705883 0.40784314 0.42352942 0.42745098 0.41568628 0.4
0.46666667 0.47058824 0.4627451 0.45882353 0.46666667 0.4745098 0.23529412 0.40392157 0.4745098 0.4627451 0.47843137 0.47843137 0.47843137 0.1882353 0.25490198 0.4745098 0.4392157 0.46666667 0.4745098 0.4745098 0.23137255 0.2627451 0.48235294 0.40784314 0.14509805 0.33333334 0.4745098 0.4 0.43137255 0.43137255 0.44705883 0.44705883
0.45882353 0.44313726 0.4 0.42745098 0.45882353 0.44705883 0.19215687 0.37254903 0.49019608 0.46666667 0.4745098 0.4862745 0.48235294 0.3137255 0.2509804 0.4627451 0.44705883 0.45490196 0.47058824 0.39215687 0.12156863 0.44313726 0.43529412 0.44705883 0.27450982 0.19607843 0.46666667 0.43529412 0.42745098 0.44313726 0.47058824 0.44705883
0.47058824 0.44313726 0.42352942 0.44705883 0.44313726 0.4509804 0.26666668 0.3372549 0.40392157 0.3882353 0.46666667 0.46666667 0.44313726 0.41960785 0.21960784 0.42745098 0.44705883 0.4117647 0.41568628 0.25882354 0.16862746 0.4117647 0.38431373 0.40784314 0.3372549 0.15686275 0.38039216 0.4 0.38039216 0.3764706 0.39607844 0.40392157
0.46666667 0.46666667 0.4627451 0.46666667 0.44313726 0.4392157 0.43529412 0.34117648 0.32156864 0.41568628 0.4392157 0.32941177 0.27058825 0.2901961 0.14117648 0.21568628 0.26666668 0.2784314 0.3137255 0.2509804 0.21960784 0.3019608 0.27450982 0.28235295 0.28627452 0.14509805 0.16862746 0.32941177 0.34901962 0.33333334 0.36862746 0.40784314
0.43137255 0.4509804 0.4627451 0.47843137 0.45882353 0.4392157 0.42745098 0.34901962 0.38039216 0.45882353 0.43137255 0.34509805 0.27058825 0.26666668 0.14901961 0.2784314 0.3764706 0.4 0.41960785 0.35686275 0.3764706 0.4117647 0.38431373 0.40392157 0.3882353 0.2627451 0.30980393 0.4117647 0.39607844 0.4117647 0.42745098 0.4392157
0.44313726 0.45882353 0.45490196 0.43137255 0.41568628 0.43529412 0.4117647 0.42352942 0.4509804 0.45490196 0.45490196 0.4627451 0.43529412 0.40784314 0.40784314 0.44705883 0.46666667 0.46666667 0.4509804 0.41960785 0.41568628 0.43529412 0.43137255 0.4509804 0.4627451 0.4392157 0.42745098 0.40392157 0.40392157 0.41960785 0.41960785 0.40784314
0.44705883 0.45882353 0.44705883 0.4 0.43529412 0.47058824 0.4627451 0.44313726 0.42745098 0.44313726 0.45490196 0.4392157 0.41960785 0.41568628 0.4745098 0.4392157 0.42745098 0.42352942 0.3882353 0.3882353 0.36862746 0.3764706 0.4 0.41568628 0.4117647 0.42745098 0.41960785 0.43137255 0.43529412 0.41960785 0.4392157 0.40392157
0.42745098 0.43529412 0.42745098 0.41568628 0.4392157 0.45490196 0.43529412 0.42352942 0.43137255 0.45490196 0.43529412 0.4117647 0.40392157 0.42352942 0.4627451 0.4392157 0.39607844 0.39215687 0.40784314 0.41568628 0.3764706 0.3647059 0.40392157 0.41568628 0.41568628 0.42352942 0.42352942 0.41960785 0.4 0.40784314 0.4117647 0.4
0.39607844 0.42745098 0.44705883 0.45490196 0.4745098 0.44313726 0.41960785 0.43529412 0.42745098 0.42745098 0.42745098 0.43137255 0.42352942 0.4392157 0.43529412 0.42745098 0.4117647 0.41568628 0.43137255 0.44313726 0.41960785 0.41960785 0.40392157 0.42745098 0.45882353 0.44313726 0.4117647 0.4392157 0.44705883 0.4392157 0.41568628 0.40392157
3 11 2
